P1,P5p1,P6p2,P11p4,P14p9,P15p1,P15p3,P16p2,P18p2,P27p4,H2p2,H8p2,H10p1,H13p1,H18pA,H40p4,price
15512.0,0.460869,0.0492522,0.2264698,0.1498266,0.7528365,0.0100567,0.5797286,0.0032513,0.0759118,0.6253178,0.0366129,0.9913769,0.2601165,0.0522456,0.7740586,11.779902152762993
1550.0,0.4709677,0.0025806,0.1374194,0.0963415,0.8625806,0.0,0.6951424,0.0050251,0.0435511,0.0642633,0.0033501,0.9949749,0.2852665,0.0606061,0.1428571,10.609081944147828
4741.0,0.4853406,0.0002109,0.1894115,0.1356557,0.8569922,0.0,0.6835836,0.0041429,0.0279648,0.0657958,0.0,0.9974107,0.315433,0.0651163,0.6875,10.264687244346277
467.0,0.4989293,0.0,0.1006424,0.0854701,0.9079229,0.0,0.7804878,0.0060976,0.0182927,0.0574713,0.0,1.0,0.1494253,0.1395349,1.0,10.25769445336048
310.0,0.4741935,0.6806452,0.2258065,0.1288344,0.8967742,0.0,0.7563025,0.0084034,0.0168067,0.0775194,0.6722689,0.9915966,0.1472868,0.0,0.0,10.090008612393838
461.0,0.4750542,0.0867679,0.1301518,0.0950413,0.9240781,0.0,0.7926829,0.0,0.0060976,0.0888889,0.054878,0.9939024,0.2722222,0.2941176,0.5,9.615805480084347
723.0,0.5062241,0.0,0.1217151,0.1092437,0.8658368,0.0,0.7241379,0.0114943,0.0727969,0.1,0.0,1.0,0.1896552,0.1463415,0.0,10.410335274932896
75728.0,0.468334,0.2912133,0.1696862,0.1239134,0.7952541,0.009719,0.614848,0.0023979,0.0621263,0.0839277,0.2639823,0.9870765,0.3815256,0.0246688,0.2487805,11.101960259016467
2949.0,0.4679552,0.0044083,0.1804001,0.1357553,0.8284164,0.0128857,0.674938,0.0024814,0.0479735,0.1972112,0.0041356,0.9950372,0.2350598,0.0428571,0.5714286,11.835016210489899
4490.0,0.5097996,0.0073497,0.0518931,0.0354384,0.9507795,0.003118,0.8859857,0.0015835,0.037213,0.0269646,0.0095012,0.7775139,0.1902928,0.2453704,0.0,11.853681370708943
2533.0,0.4978287,0.0343466,0.0986972,0.0534591,0.8097118,0.0027635,0.671414,0.0050865,0.0956256,0.0428432,0.0325534,0.9735504,0.2444012,0.077951,0.4,11.751950239425476
9578.0,0.4651284,0.0328879,0.1987889,0.1444466,0.8137398,0.0076216,0.6354644,0.0036188,0.0357057,0.0480018,0.0291918,0.9884198,0.3305007,0.0495951,0.2068966,10.75579427616868
187.0,0.5080214,0.0,0.1016043,0.1195652,0.8770053,0.0,0.7014925,0.0,0.0447761,0.1625,0.0,0.9850746,0.475,0.0625,0.0,9.615805480084347
2393.0,0.4546594,0.3702466,0.1834517,0.1793103,0.8512328,0.0351024,0.723127,0.0,0.0141151,0.0621181,0.3485342,0.9934853,0.2739308,0.1022364,0.3846154,10.471666571132038
734.0,0.4945504,0.0054496,0.219346,0.1132075,0.8419619,0.0,0.6812865,0.0,0.0204678,0.4222973,0.005848,0.994152,0.375,0.0277778,0.2857143,11.094390314766315
283.0,0.4664311,0.0,0.0671378,0.0662252,0.9787986,0.0,0.9076923,0.0,0.0,0.1666667,0.0,0.9692308,0.4230769,0.3,0.0,9.615805480084347
1116.0,0.468638,0.0017921,0.0268817,0.0387858,0.9614695,0.0,0.8656126,0.0039526,0.027668,0.0488722,0.0039526,0.9011858,0.5225564,0.5202703,0.0,9.615805480084347
1918.0,0.5161627,0.0005214,0.0427529,0.0528017,0.9327424,0.0109489,0.8019802,0.0019802,0.0158416,0.1721311,0.0,0.980198,0.4983607,0.2815534,0.25,9.798182590890704
402.0,0.4825871,0.0447761,0.1567164,0.1057692,0.9054726,0.0,0.7687075,0.0068027,0.0204082,0.0869565,0.0136054,1.0,0.242236,0.0714286,1.0,10.69650269224425
3152.0,0.4505076,0.0203046,0.2293782,0.1680139,0.8445431,0.0028553,0.6609792,0.0014837,0.0155786,0.0722643,0.0215134,0.9985163,0.3138334,0.0491803,0.625,10.308985993422082
35761.0,0.4855289,0.1013954,0.1082744,0.0822372,0.8280529,0.0063197,0.6607008,0.0058903,0.0809545,0.0503442,0.0939435,0.8104516,0.499498,0.1381963,0.2517986,12.075400019877522
1059.0,0.4740321,0.0,0.1331445,0.0987433,0.9074599,0.0,0.7892031,0.0102828,0.0231362,0.0626506,0.0,0.9948586,0.1807229,0.1384615,0.5555556,10.425282789490705
155.0,0.5032258,0.0,0.0903226,0.1168831,0.8967742,0.0,0.7368421,0.0,0.0175439,0.1971831,0.0,1.0,0.2394366,0.0,1.0,9.615805480084347
13279.0,0.4799307,0.0849462,0.1333685,0.0990443,0.761955,0.0,0.575186,0.0017304,0.0969026,0.0535539,0.0707735,0.956913,0.4778906,0.037342,0.7594937,11.87965667474488
5693.0,0.4458106,0.0014052,0.1561567,0.1587956,0.8116986,0.0,0.6184579,0.0051938,0.0395525,0.0417305,0.0015981,0.9896125,0.4261103,0.023705,0.4285714,10.77270764101727
767.0,0.4537158,0.0,0.2281617,0.1312649,0.8487614,0.0,0.69375,0.00625,0.028125,0.1160221,0.0,0.975,0.160221,0.147541,0.8,9.741027444837728
285.0,0.4807018,0.0,0.2596491,0.2027027,0.845614,0.0,0.6612903,0.0,0.016129,0.1733333,0.0,0.9193548,0.3533333,0.0857143,0.75,9.615805480084347
2897.0,0.4963756,0.0196755,0.0856058,0.0747087,0.8885054,0.0162237,0.7550158,0.0052798,0.0348469,0.1544643,0.0232313,0.810982,0.4330357,0.1399417,0.2857143,10.751520856703959
1804.0,0.4501109,0.0127494,0.2261641,0.1995968,0.7976718,0.0022173,0.5968137,0.004902,0.0306373,0.0599078,0.0134804,0.9987745,0.3029954,0.0532915,0.5,10.460270761075149
108.0,0.5462963,0.0,0.1574074,0.122449,0.8148148,0.0,0.7045455,0.0681818,0.0909091,0.5164835,0.0,1.0,0.6153846,0.2,0.5,10.268165387743457
318.0,0.4496855,0.0157233,0.1981132,0.2171429,0.7861635,0.0314465,0.6197183,0.0,0.028169,0.0897436,0.0140845,1.0,0.2628205,0.0,0.5,10.542732775946709
1475.0,0.4732203,0.0,0.1444068,0.1184041,0.9084746,0.0,0.7693727,0.0055351,0.0147601,0.1186992,0.0,0.9944649,0.3252033,0.1441441,0.4761905,10.060534035475412
1615.0,0.4582043,0.4154799,0.1975232,0.2034286,0.8390093,0.0,0.6513353,0.0029674,0.0296736,0.1072848,0.3590504,0.9985163,0.3245033,0.0750988,0.3846154,10.138599199626192
2950.0,0.4498305,0.0013559,0.2044068,0.1497227,0.8532203,0.0,0.6756536,0.002451,0.0220588,0.0727273,0.000817,0.998366,0.2772727,0.0368272,0.6923077,10.351405324899678
2391.0,0.4738603,0.0008365,0.1643664,0.1303657,0.8481807,0.0033459,0.6757322,0.0020921,0.0355649,0.0654936,0.0,1.0,0.2082111,0.1082803,0.5,10.295563423525277
2794.0,0.4609878,0.0082319,0.2534001,0.1918991,0.8156764,0.0468862,0.6706096,0.0018198,0.0181984,0.1263911,0.0100091,0.9990901,0.2631161,0.1346939,0.7894737,9.787009914477434
1950.0,0.4476923,0.0102564,0.2205128,0.1606314,0.8123077,0.0046154,0.6298932,0.0011862,0.0379597,0.0506757,0.0118624,1.0,0.2826577,0.041543,0.75,10.768506042432708
29289.0,0.4368876,0.0178224,0.145652,0.1017401,0.6262078,0.1320291,0.5391437,0.0037621,0.1256718,0.0496297,0.0120029,0.9702616,0.4001873,0.0456038,0.6237624,11.593592593037384
605.0,0.4942149,0.0,0.1900826,0.124183,0.8694215,0.0,0.6963563,0.0,0.0161943,0.1453287,0.0,0.8704453,0.2941176,0.0555556,1.0,9.615805480084347
166.0,0.5180723,0.1024096,0.1927711,0.15,0.8915663,0.0,0.734375,0.0,0.015625,0.1898734,0.15625,1.0,0.1012658,0.3333333,0.6666667,10.268165387743457
10911.0,0.5148932,0.3567042,0.0010082,0.0028339,0.9684722,0.0225461,0.9719879,0.000675,0.003375,0.028843,0.3604455,0.916301,0.2346772,0.2259078,0.0,10.70101727068921
261.0,0.4750958,0.0,0.2873563,0.0948905,0.8659004,0.0,0.7459016,0.0,0.0327869,0.8269504,0.0,1.0,0.3347518,0.0,0.3181818,11.363276304750233
15414.0,0.5264694,0.0899831,0.1457117,0.1264557,0.7720254,0.1153497,0.7111528,0.0037488,0.027179,0.144895,0.0596064,0.9773196,0.304536,0.1437718,0.7815126,10.094149233605084
15527.0,0.503832,0.0206737,0.0281445,0.0236241,0.940684,0.0016745,0.861327,0.0037856,0.0302849,0.0646664,0.0193266,0.9667264,0.1095788,0.122449,0.3449782,11.339773736496767
13159.0,0.4870431,0.0168706,0.0972718,0.065037,0.9076678,0.0,0.8092608,0.0042481,0.0537383,0.0374157,0.0167799,0.9369159,0.1584543,0.1061755,0.2,11.154835234271214
432.0,0.4861111,0.0,0.1759259,0.1036036,0.8773148,0.0,0.7034884,0.0,0.0116279,0.0282486,0.0,0.994186,0.1864407,0.1176471,0.0,10.098272780745283
9895.0,0.4798383,0.0013138,0.1368368,0.0936468,0.8747852,0.0,0.7249745,0.0022983,0.03524,0.0297324,0.0010215,0.9941267,0.2730426,0.0318803,0.2083333,11.315705475634307
15791.0,0.5177633,0.003863,0.1175353,0.0844386,0.8913938,0.0212146,0.7952773,0.0058492,0.040078,0.0308629,0.0030329,0.5422444,0.4383792,0.2778626,0.4705882,11.023551435004947
1275.0,0.5035294,0.0,0.1262745,0.0963665,0.8941176,0.0,0.7630435,0.0086957,0.0304348,0.0295359,0.0,0.9913043,0.1772152,0.0194175,0.25,11.310821520675269
1825.0,0.4728767,0.0076712,0.1791781,0.1143451,0.779726,0.0717808,0.6880597,0.0029851,0.0656716,0.0720222,0.0074627,0.9179104,0.3781163,0.0983051,0.2222222,12.040614105490253
808.0,0.4764851,0.0049505,0.1819307,0.1252955,0.8613861,0.0,0.6961652,0.0029499,0.020649,0.0504202,0.0058997,0.9911504,0.2128852,0.0365854,0.6666667,9.928228944424575
103.0,0.4951456,0.0,0.0970874,0.1538462,0.8252427,0.0,0.6756757,0.027027,0.1351351,0.1395349,0.0,1.0,0.1395349,0.1111111,1.0,9.770013301136158
467.0,0.4732334,0.0,0.2847966,0.1707317,0.8394004,0.0,0.6435644,0.0049505,0.009901,0.0941704,0.0,0.990099,0.2017937,0.0784314,0.5714286,9.642187721358466
753.0,0.5046481,0.0,0.1434263,0.1286863,0.8818061,0.0,0.728223,0.0034843,0.0278746,0.0620915,0.0,0.9965157,0.2418301,0.1904762,0.4285714,9.957075711706057
3004.0,0.5069907,0.0033289,0.0625832,0.061445,0.8398802,0.0173103,0.7202602,0.0092937,0.0929368,0.0384272,0.0037175,0.9395911,0.3538874,0.0912951,0.0526316,11.364437057512568
238.0,0.4915966,0.5084034,0.2142857,0.1404959,0.894958,0.0,0.7241379,0.0,0.0114943,0.1386139,0.4367816,1.0,0.3564356,0.0666667,0.0,9.615805480084347
1336.0,0.4633234,0.1938623,0.2252994,0.2203626,0.7964072,0.0606287,0.6427184,0.0,0.0135922,0.1626016,0.1825243,0.9650485,0.4178862,0.1269036,0.5454545,10.069044362997353
3618.0,0.4698729,0.0063571,0.1174682,0.0797706,0.5989497,0.2808181,0.679353,0.0057088,0.0723121,0.0366636,0.0057088,0.9933397,0.3290559,0.0381232,0.2222222,11.480412603789821
596.0,0.4697987,0.0067114,0.1107383,0.0981013,0.9144295,0.0,0.7803738,0.0,0.0186916,0.0815451,0.0046729,1.0,0.223176,0.1269841,0.3333333,10.056251557087757
123.0,0.4715447,0.0325203,0.2520325,0.2153846,0.8699187,0.0,0.7083333,0.0208333,0.0208333,0.1272727,0.0416667,0.9791667,0.1818182,0.0769231,1.0,10.335302435967074
736.0,0.4755435,0.0013587,0.1997283,0.1528497,0.861413,0.0,0.68,0.0,0.02,0.0825688,0.0033333,1.0,0.3119266,0.0757576,0.5,9.735128070758227
1977.0,0.5108751,0.0050582,0.1396055,0.0703206,0.8659585,0.0288316,0.7594595,0.0013514,0.0337838,0.1200951,0.0054054,0.9689189,0.2604043,0.0526316,0.3478261,11.277215789596893
1554.0,0.4954955,0.0006435,0.0971686,0.057398,0.9350064,0.0,0.812766,0.0,0.0212766,0.3148688,0.0,0.9851064,0.1895044,0.2244898,0.375,10.954326659732555
2605.0,0.5335893,0.0107486,0.1213052,0.1012346,0.8115163,0.118618,0.8100114,0.0011377,0.0147895,0.0435256,0.0,0.9988623,0.1860718,0.0769231,0.5,10.6782377612977
582.0,0.4450172,0.0,0.2285223,0.2012384,0.7749141,0.0,0.5909091,0.0104895,0.0314685,0.0529801,0.0,1.0,0.3443709,0.0280374,1.0,10.547995807489514
1484.0,0.4528302,0.0,0.3187332,0.2339901,0.7944744,0.0357143,0.6330275,0.0045872,0.0107034,0.0827489,0.0,1.0,0.256662,0.0675676,0.7,9.717218213494077
2592.0,0.4625772,0.279321,0.1697531,0.1629576,0.8240741,0.0497685,0.6928721,0.0052411,0.0251572,0.1033835,0.2148847,0.9968553,0.3486842,0.1446541,0.8076923,10.318935994253193
2697.0,0.4760845,0.0025955,0.1816834,0.1663128,0.8149796,0.0181683,0.6444241,0.0063985,0.0457038,0.0560828,0.0018282,0.9908592,0.2562554,0.075,0.3846154,9.867912187022208
5824.0,0.502919,0.004636,0.1510989,0.1578584,0.6730769,0.1316964,0.5730439,0.0067843,0.0587969,0.0968137,0.0049751,0.9927635,0.4297386,0.0521565,0.34375,10.626217806887722
51266.0,0.4960403,0.0094605,0.1068349,0.0808949,0.8588733,0.0058323,0.7112412,0.0056868,0.0684077,0.0298875,0.009883,0.771367,0.4309052,0.145102,0.2571429,12.007017865994577
990.0,0.4858586,0.0050505,0.140404,0.0982318,0.8727273,0.0,0.7240437,0.010929,0.0437158,0.0443864,0.0054645,0.9972678,0.1906005,0.0909091,0.5,10.281958234245314
293.0,0.4709898,0.003413,0.1945392,0.1741935,0.8532423,0.0,0.6779661,0.0,0.0338983,0.1917808,0.0084746,1.0,0.2191781,0.2,0.8,9.966509298952284
96.0,0.4895833,0.0,0.2916667,0.1428571,0.8020833,0.0,0.5777778,0.0,0.0,0.516129,0.0,0.9111111,0.4301075,0.25,0.0,9.615805480084347
2990.0,0.4622074,0.0026756,0.422408,0.2630597,0.6377926,0.0,0.4585915,0.0016901,0.0619718,0.4693572,0.0022535,0.9791549,0.7210762,0.0141509,0.4354839,11.811554895830454
531.0,0.5404896,0.0018832,0.047081,0.0327869,0.9679849,0.0,0.8598131,0.0,0.0186916,0.2246377,0.0,1.0,0.8405797,0.0909091,1.0,9.615805480084347
12652.0,0.4811097,0.0015808,0.1150016,0.0702209,0.9618242,0.0011065,0.8741662,0.0015161,0.0118253,0.2238174,0.0027289,0.2080049,0.5735467,0.3762162,0.4677419,9.841665338892785
1002.0,0.4780439,0.0,0.1846307,0.1147228,0.9011976,0.0,0.752551,0.0,0.005102,0.125,0.0,0.9923469,0.3191964,0.091954,0.8571429,9.985113621416073
2868.0,0.474198,0.0,0.2280335,0.178382,0.8117155,0.0512552,0.6755556,0.0026667,0.0186667,0.0853659,0.0,0.9946667,0.2463415,0.1020408,0.6,10.056251557087757
96.0,0.5208333,0.0,0.3125,0.2173913,0.8020833,0.0,0.5681818,0.0,0.0,0.1372549,0.0,0.9772727,0.1960784,0.125,0.75,9.615805480084347
50.0,0.44,0.0,0.28,0.0714286,0.9,0.0,0.75,0.0,0.0,0.2592593,0.0,1.0,0.1851852,0.6666667,1.0,9.615805480084347
1841.0,0.4904943,0.0043455,0.1330798,0.1098081,0.8587724,0.0130364,0.7066474,0.0072254,0.0375723,0.0661269,0.0028902,0.9971098,0.2186235,0.103139,0.625,10.295563423525277
107.0,0.5046729,0.0093458,0.1962617,0.1509434,0.8130841,0.1121495,0.7878788,0.0,0.030303,0.175,0.0,1.0,0.475,0.0,0.0,9.770013301136158
261.0,0.440613,0.4137931,0.1877395,0.1506849,0.8888889,0.0,0.7254902,0.0,0.0098039,0.1282051,0.4215686,1.0,0.1196581,0.1,0.6666667,9.873079890114703
562.0,0.5071174,0.0017794,0.1192171,0.1155235,0.8505338,0.0,0.6753247,0.0,0.034632,0.0532787,0.004329,0.995671,0.1762295,0.0169492,0.0,11.109473329472568
801.0,0.4906367,0.0037453,0.1098627,0.0784314,0.9076155,0.0,0.7630662,0.0069686,0.010453,0.0741935,0.0,0.9860627,0.3645161,0.0862069,1.0,10.491301994830229
2936.0,0.4628747,0.0006812,0.2336512,0.1629677,0.8337875,0.0405313,0.7044293,0.0008518,0.016184,0.1864172,0.0008518,0.9965928,0.3028413,0.0960265,0.6764706,10.034559673629849
12023.0,0.4816602,0.0047409,0.130583,0.0932285,0.7218664,0.1006404,0.6335809,0.0027009,0.0792257,0.0530691,0.0024758,0.9925726,0.3714834,0.0339343,0.65625,10.762170357789895
1127.0,0.552795,0.0017746,0.0381544,0.0376984,0.8722272,0.0434783,0.7857143,0.0068027,0.0578231,0.1551724,0.0,0.5646259,0.6724138,0.3354037,0.25,10.515993929932415
1643.0,0.5441266,0.0024346,0.0383445,0.0253672,0.6968959,0.0,0.5404624,0.0057803,0.1806358,0.627957,0.0028902,0.9653179,0.3784946,0.0514905,0.3103448,11.672498559754418
236.0,0.470339,0.0,0.1186441,0.024,0.8898305,0.0,0.7619048,0.0,0.047619,0.125,0.0,1.0,0.1875,0.0434783,0.0,10.566201298475118
670.0,0.4716418,0.0029851,0.1522388,0.1525424,0.8671642,0.0,0.6939502,0.0,0.0106762,0.1050955,0.0071174,0.9964413,0.2961783,0.03125,0.5,10.555838779903407
2493.0,0.4981949,0.0236663,0.0926594,0.0831335,0.9189731,0.0,0.7741148,0.004884,0.014652,0.1891089,0.035409,0.6361416,0.4128713,0.1823899,0.625,9.615805480084347
3726.0,0.4771873,0.0056361,0.2176597,0.137577,0.8494364,0.0024155,0.7063935,0.0062073,0.0397269,0.0194766,0.0043451,0.9919305,0.1807669,0.027907,0.25,10.933124826700707
381.0,0.480315,0.0,0.1102362,0.0757576,0.9212598,0.0,0.8106061,0.0,0.0378788,0.0638298,0.0,1.0,0.2198582,0.0,1.0,10.382853468483827
517.0,0.4603482,0.0,0.1972921,0.1433692,0.8646035,0.0,0.6886792,0.004717,0.0141509,0.1587302,0.0,1.0,0.4285714,0.1294118,1.0,9.615805480084347
7156.0,0.4379542,0.089156,0.2273617,0.2011437,0.7878703,0.0241755,0.6185439,0.0046671,0.0267579,0.0594088,0.0771624,0.9925327,0.4179104,0.0528097,0.64,10.332050506334692
304.0,0.5296053,0.0,0.2171053,0.0979021,0.8815789,0.0,0.75,0.0,0.0403226,0.1014493,0.0,1.0,0.1884058,0.12,0.0,9.862717639992917
1771.0,0.4573687,0.0429136,0.1789949,0.1925078,0.8328628,0.0367024,0.6912378,0.0013908,0.0111266,0.1034913,0.0472879,1.0,0.4177057,0.0551724,0.6,10.211009016314167
1234.0,0.4675851,0.0,0.197731,0.1354642,0.8095624,0.0,0.6289425,0.0,0.0575139,0.0375,0.0,0.9925788,0.2625,0.0126582,0.25,11.649211809228195
740.0,0.4783784,0.0,0.2108108,0.2150259,0.8135135,0.0932432,0.7540984,0.0,0.0245902,0.0827068,0.0,1.0,0.2857143,0.0689655,1.0,9.99884318585288
2236.0,0.4928444,0.0026834,0.1323792,0.0828924,0.8774597,0.0,0.7309091,0.0133333,0.0436364,0.0395809,0.0024242,0.9927273,0.4284051,0.1237113,0.1666667,11.101960259016467
19480.0,0.4772587,0.0020534,0.1443018,0.1040951,0.8550821,0.0128337,0.6957336,0.0024074,0.0324997,0.0428827,0.0017387,0.9941153,0.2904506,0.0576487,0.3766234,10.63106031411106
155.0,0.4967742,0.0064516,0.2,0.1282051,0.8903226,0.0,0.7288136,0.0,0.0169492,0.119403,0.0,1.0,0.1492537,0.3333333,1.0,9.615805480084347
821.0,0.5066991,0.0,0.182704,0.1185185,0.8599269,0.0,0.6932153,0.0029499,0.0265487,0.1966825,0.0,0.9941003,0.4075829,0.0769231,0.8666667,9.615805480084347
3391.0,0.498673,0.0067827,0.1503981,0.0541176,0.9519316,0.0035388,0.884808,0.0,0.009182,0.0400641,0.0050083,0.9816361,0.0136218,0.1860465,0.09375,12.523074413969974
642.0,0.470405,0.0062305,0.0560748,0.0294118,0.9376947,0.0,0.8756219,0.0199005,0.039801,0.0694444,0.0099502,1.0,0.2453704,0.1515152,0.0,10.596659732783579
4091.0,0.5081887,0.0022,0.0921535,0.055666,0.9056465,0.0048888,0.7898599,0.0020013,0.0286858,0.1029324,0.0013342,0.9926618,0.1430281,0.0342466,0.4285714,11.218567827096358
22205.0,0.4700293,0.0564287,0.1667642,0.135877,0.8732268,0.0204008,0.7398773,0.0031902,0.0223313,0.1173922,0.0500613,0.9312883,0.3139485,0.1330538,0.4310345,10.471666571132038
111.0,0.4774775,0.0,0.3333333,0.2413793,0.8198198,0.0,0.6078431,0.0,0.0,0.2153846,0.0,1.0,0.3384615,0.0,0.0,9.615805480084347
568.0,0.4876761,0.0,0.1901408,0.1271478,0.8573944,0.0,0.6723404,0.0,0.0170213,0.1454545,0.0,0.9829787,0.2618182,0.1428571,1.0,9.615805480084347
2079.0,0.4694565,0.000481,0.2049062,0.1767906,0.7763348,0.0,0.5635776,0.0021552,0.0560345,0.0221286,0.0010776,0.9956897,0.455216,0.022541,0.0,10.954326659732555
1491.0,0.481556,0.0006707,0.1609658,0.1306598,0.8484239,0.0,0.6592845,0.0068143,0.0374787,0.0870918,0.0017036,0.9982964,0.3219285,0.055,0.5,10.229223792606835
12439.0,0.4254361,0.0143902,0.1299944,0.0908073,0.4686872,0.2568534,0.5101885,0.0033113,0.1619969,0.0634542,0.0081508,0.9926133,0.3406489,0.0984814,0.2058824,10.609081944147828
618.0,0.4902913,0.210356,0.1796117,0.0952381,0.907767,0.0,0.7835498,0.008658,0.017316,0.1011673,0.1645022,1.0,0.2140078,0.0888889,0.25,10.261196961231647
4468.0,0.4733662,0.0026858,0.2784244,0.1704207,0.7553715,0.0230528,0.5881451,0.0025549,0.0705161,0.0927214,0.0020439,0.8579458,0.488178,0.1196054,0.3157895,11.903622053373214
244.0,0.4836066,0.0,0.2336066,0.1111111,0.8278689,0.0,0.6605505,0.0,0.0458716,0.128,0.0,0.9541284,0.448,0.0967742,0.3333333,10.389026137075234
4449.0,0.4989885,0.0042706,0.054619,0.0529385,0.8905372,0.0,0.7712294,0.0069708,0.0570342,0.0465257,0.004436,0.9714829,0.2012085,0.0801887,0.4358974,11.282266241614355
127.0,0.480315,0.0,0.2362205,0.1818182,0.7874016,0.0,0.59375,0.0,0.015625,0.1466667,0.0,1.0,0.2666667,0.0,1.0,9.615805480084347
5613.0,0.4557278,0.0097987,0.1628363,0.1260229,0.5590593,0.1403884,0.5218045,0.0035088,0.1684211,0.0343659,0.0090226,0.9949875,0.4119071,0.0575858,0.5,10.32551474894327
406.0,0.4433498,0.0246305,0.1527094,0.1150442,0.8940887,0.0,0.75,0.0,0.0263158,0.0559006,0.0263158,0.9868421,0.1987578,0.0769231,0.0,10.351405324899678
2173.0,0.4638748,0.0004602,0.1210308,0.0927039,0.9121031,0.0,0.7758621,0.0024631,0.0086207,0.1532847,0.0,0.9778325,0.3336809,0.1054545,0.6666667,10.401258331428318
2821.0,0.4817441,0.1953208,0.0542361,0.0601915,0.5646934,0.3707905,0.7610759,0.0047468,0.0316456,0.0692194,0.2120253,0.9936709,0.2916053,0.122449,0.6666667,10.879951039444416
187.0,0.5080214,0.0,0.2139037,0.1304348,0.8181818,0.0,0.6410256,0.0,0.0769231,0.1428571,0.0,1.0,0.1868132,0.0625,0.75,9.615805480084347
4227.0,0.4878164,0.0115921,0.0830376,0.0600462,0.6751833,0.2219068,0.7069102,0.0015886,0.0420969,0.0403963,0.0079428,0.9984114,0.2797256,0.0348837,0.3333333,11.711784520403112
228537.0,0.4861445,0.2969497,0.1106473,0.1058202,0.8262732,0.0176908,0.6502227,0.0024642,0.0630849,0.0919502,0.2622692,0.7979146,0.5707924,0.1277832,0.3957368,11.427378469795439
215.0,0.5162791,0.0,0.2790698,0.2307692,0.7395349,0.0,0.4951456,0.0,0.038835,0.2076923,0.0,0.9805825,0.4615385,0.25,1.0,9.615805480084347
241.0,0.4813278,0.0041494,0.1244813,0.072,0.9253112,0.0,0.7954545,0.0,0.0,0.0736842,0.0,1.0,0.1263158,0.1818182,1.0,9.615805480084347
9229.0,0.4506447,0.04345,0.1970961,0.1583826,0.8325929,0.0026005,0.6447334,0.0028609,0.0327698,0.0866983,0.0364109,0.9976593,0.3420428,0.087473,0.6909091,10.196194479235656
278.0,0.5035971,0.0,0.2266187,0.1521739,0.8633094,0.0,0.6890756,0.0,0.0084034,0.1904762,0.0,1.0,0.3061224,0.05,1.0,9.952325334619427
2605.0,0.4660269,0.0,0.2403071,0.1445004,0.849904,0.0349328,0.7227626,0.0009728,0.0136187,0.0347418,0.0,0.9961089,0.2338028,0.0368852,0.625,10.643064971973882
751.0,0.4740346,0.0,0.1970706,0.1721519,0.873502,0.0,0.7129338,0.0,0.0126183,0.1338798,0.0,1.0,0.3825137,0.0555556,1.0,9.862717639992917
8278.0,0.5083353,0.0049529,0.0800918,0.0471744,0.9058951,0.0,0.7950732,0.0103534,0.0517672,0.0488964,0.0035702,0.9839343,0.295416,0.218543,0.1518987,11.118415133585586
4259.0,0.4587931,0.9880254,0.0603428,0.0724512,0.9668936,0.0,0.8818359,0.0,0.0126953,0.1064572,0.9853516,0.9853516,0.2120419,0.4190801,0.5,10.32551474894327
2228.0,0.4869838,0.0013465,0.1131059,0.071741,0.8680431,0.0,0.7312723,0.0107015,0.058264,0.1266874,0.0023781,0.8906064,0.3696781,0.0857143,0.6885246,10.5815464756746
1478.0,0.4966171,0.6021651,0.1001353,0.0806452,0.9242219,0.0,0.7802198,0.0,0.0241758,0.0151515,0.5274725,0.8967033,0.1168831,0.1126761,0.0,11.823354355742923
25407.0,0.4947455,0.035935,0.0695478,0.0708888,0.7630574,0.0152714,0.5966064,0.0029062,0.1032155,0.0699276,0.0325302,0.9897816,0.3351644,0.0251588,0.4358974,11.13751903414526
3788.0,0.6180042,0.0781415,0.0694298,0.0939876,0.686906,0.2592397,0.8140276,0.0010627,0.0276302,0.0655412,0.0042508,0.9776833,0.2095333,0.1265823,0.4615385,11.611874470755124
1765.0,0.5031161,0.0022663,0.1184136,0.0661345,0.9456091,0.0,0.8716667,0.0033333,0.015,0.0275527,0.0033333,0.9883333,0.1037277,0.1551724,0.0,10.849356503939038
5813.0,0.4899363,0.1345261,0.0440392,0.0573356,0.9581971,0.0,0.8776119,0.0029851,0.0155224,0.0941049,0.1367164,0.9373134,0.1297999,0.3083333,0.8148148,10.5610334618531
85.0,0.4941176,0.0,0.2470588,0.1395349,0.8235294,0.0,0.6410256,0.0,0.025641,0.0930233,0.0,1.0,0.3023256,0.0,0.0,9.615805480084347
1690.0,0.4526627,0.0,0.1804734,0.1567568,0.808284,0.035503,0.6636637,0.0075075,0.0435435,0.0826446,0.0,0.9984985,0.2424242,0.0674157,0.5714286,10.225607282932941
135.0,0.5111111,0.0,0.2222222,0.0606061,0.9111111,0.0,0.7777778,0.0,0.0444444,0.3181818,0.0,1.0,0.2272727,0.0,1.0,10.221977646629885
1771.0,0.4760023,0.0,0.1789949,0.1185345,0.865048,0.0293619,0.7518574,0.0044577,0.0237741,0.0868385,0.0,0.986627,0.3270014,0.0806452,0.7692308,10.31231367277647
1004.0,0.4920319,0.188247,0.1155378,0.0901961,0.8874502,0.0,0.7455471,0.0025445,0.0279898,0.2092555,0.1501272,0.9974555,0.4004024,0.0248447,0.5,10.883710371704016
1436.0,0.4554318,0.0062674,0.1866295,0.1470588,0.8321727,0.005571,0.6649485,0.0120275,0.0515464,0.1287425,0.0068729,0.9965636,0.3098802,0.055814,0.6666667,10.942013616092948
1584.0,0.4621212,0.0,0.0656566,0.0551643,0.9324495,0.0,0.8156425,0.0,0.0148976,0.0218579,0.0,0.9944134,0.1712204,0.0526316,0.0,10.817796321618971
425.0,0.4847059,0.0,0.0988235,0.0958904,0.9058824,0.0,0.7891566,0.0060241,0.0120482,0.0235294,0.0,1.0,0.1470588,0.0740741,0.0,10.718874489469398
30108.0,0.4887405,0.0918693,0.0935964,0.0749042,0.8260595,0.013983,0.6886664,0.0016118,0.0814388,0.05264,0.0743977,0.9921106,0.2641646,0.0476297,0.3240223,11.234546649377918
4545.0,0.49967,0.1089109,0.0248625,0.0224274,0.9621562,0.0,0.8989599,0.0014859,0.0215453,0.019665,0.1106984,0.9940565,0.0502549,0.1226994,0.0,11.231901180182515
103.0,0.4854369,0.0,0.1650485,0.1509434,0.8737864,0.0,0.6578947,0.0,0.0,0.1555556,0.0,0.9736842,0.2,0.25,0.6666667,9.615805480084347
408.0,0.4852941,0.0122549,0.2132353,0.1428571,0.875,0.0,0.7169811,0.0,0.0188679,0.0535714,0.0062893,0.9685535,0.2738095,0.2413793,1.0,10.39516093745751
1253.0,0.4596967,0.0,0.2250599,0.1654357,0.8467678,0.0103751,0.6899083,0.0018349,0.0146789,0.0421793,0.0,1.0,0.168717,0.0642202,0.6666667,10.540090836284206
1902.0,0.4616193,0.0005258,0.1519453,0.1142578,0.8590957,0.0,0.7040541,0.0054054,0.0513514,0.0864198,0.0,1.0,0.3012346,0.0898876,0.375,11.082157933374816
25.0,0.56,0.0,0.12,0.0909091,0.68,0.0,0.4545455,0.0,0.1818182,0.3125,0.0,0.9090909,0.375,0.0,1.0,9.615805480084347
739.0,0.4424899,0.0,0.2611637,0.2014563,0.7875507,0.0,0.5814607,0.002809,0.0196629,0.1740139,0.0,0.994382,0.3341067,0.0776699,0.4285714,9.615805480084347
352.0,0.5028409,0.0056818,0.1619318,0.1428571,0.9034091,0.0,0.7555556,0.0,0.0074074,0.0689655,0.0074074,0.9851852,0.2413793,0.1025641,0.5,9.717218213494077
1390.0,0.4647482,0.0079137,0.1604317,0.1290323,0.8568345,0.0,0.6839378,0.0,0.0259067,0.0953125,0.0103627,0.9965458,0.4265625,0.0735294,0.75,9.94755228369823
4289.0,0.4702728,0.0002332,0.1790627,0.1474472,0.8465843,0.0261133,0.7027348,0.0029727,0.0219976,0.0788609,0.0,0.9958383,0.2228916,0.0749354,0.4761905,10.463131911491967
1161.0,0.4857881,0.0008613,0.1447028,0.0921273,0.9086994,0.0,0.7724138,0.0022989,0.0114943,0.0563991,0.0022989,0.9977011,0.2234273,0.1566265,1.0,10.30229722897745
1632.0,0.4491422,0.0006127,0.2898284,0.2046719,0.7824755,0.0435049,0.6184397,0.0014184,0.0198582,0.0772251,0.0,0.9985816,0.2329843,0.0615385,0.6666667,9.803722464346553
1319.0,0.5026535,0.0030326,0.1144807,0.1006098,0.9158453,0.0,0.8034188,0.008547,0.0192308,0.0290456,0.0021368,0.9935897,0.0995851,0.0625,0.25,10.675931008412125
2319.0,0.5187581,0.0232859,0.1254851,0.0985663,0.8939198,0.0,0.7705803,0.0134953,0.0499325,0.094132,0.0175439,0.7503374,0.4229829,0.2752809,0.4285714,11.196857635323791
193187.0,0.4714292,0.071128,0.1339842,0.1018577,0.7793951,0.0329629,0.6240679,0.0049839,0.0685251,0.0580629,0.0641913,0.9824481,0.392945,0.0581009,0.4506329,10.510559281627845
71.0,0.6197183,0.0,0.028169,0.0740741,0.9577465,0.0,0.8333333,0.0,0.0,0.3333333,0.0,1.0,0.7037037,0.0,1.0,11.119897691565697
21471.0,0.4881002,0.1396768,0.1117787,0.0811573,0.8486796,0.0080108,0.7113039,0.004925,0.0541745,0.0640913,0.1213649,0.9724437,0.2976295,0.0824127,0.3902439,10.837637848711049
610.0,0.495082,0.0032787,0.0491803,0.0422078,0.8934426,0.0,0.76,0.01,0.07,0.0430622,0.0,1.0,0.15311,0.0263158,0.0,10.664316745782925
2484.0,0.4718196,0.0008052,0.2073269,0.1547256,0.8409823,0.0221417,0.677452,0.0010111,0.0182002,0.2484802,0.0,0.6218402,0.381459,0.1180812,0.8518519,10.043292972227004
948.0,0.4567511,0.0,0.2732068,0.1883495,0.8206751,0.0147679,0.6481481,0.0,0.0092593,0.7293233,0.0,1.0,0.2462406,0.0571429,0.9375,11.08523008522044
273.0,0.4945055,0.0,0.0805861,0.057971,0.970696,0.0,0.8769231,0.0,0.0,0.1558442,0.0,0.9846154,0.4805195,1.0,1.0,9.746892220313054
12135.0,0.4978162,0.0078286,0.096745,0.0738431,0.923527,0.0093943,0.7959372,0.004309,0.0310865,0.0243243,0.0070791,0.1465066,0.6531532,0.3224271,0.4166667,11.658764556186767
27596.0,0.4945282,0.0604435,0.1106682,0.0769231,0.8662125,0.0127192,0.730872,0.0049609,0.0380653,0.1246033,0.060103,0.7932646,0.3500084,0.0833991,0.4871795,10.689692377847104
731.0,0.4897401,0.0,0.0875513,0.0616622,0.9452804,0.0,0.8512397,0.0041322,0.0123967,0.0902256,0.0,1.0,0.2819549,0.08,0.4444444,10.868587496017359
2719.0,0.4942994,0.3905848,0.0882677,0.0712727,0.9043766,0.0,0.7608939,0.0044693,0.0435754,0.2065603,0.3340782,0.8871508,0.3599291,0.2009804,0.8461538,10.474495347310453
2446.0,0.5053148,0.0,0.0768602,0.0595041,0.9354047,0.0,0.8390244,0.0073171,0.0231707,0.0167866,0.0,0.9902439,0.1342926,0.1111111,0.0,10.817796321618971
4531.0,0.4965791,0.0439197,0.0313397,0.0324419,0.9254028,0.0,0.8268975,0.0073236,0.0386152,0.0606629,0.0446072,0.9813582,0.15197,0.0828402,0.525,10.97679912709094
851.0,0.479436,0.0035253,0.1586369,0.1196388,0.8942421,0.0,0.7384615,0.0,0.0153846,0.0921788,0.0030769,1.0,0.2932961,0.0222222,1.0,9.686636660844938
1501.0,0.4810127,0.0053298,0.1065956,0.1129653,0.8654231,0.0,0.6960133,0.0049834,0.0265781,0.1120944,0.0016611,0.9916944,0.4764012,0.0764706,0.6428571,9.615805480084347
43.0,0.4651163,0.0,0.0465116,0.0434783,0.9767442,0.0,0.9333333,0.0,0.0,0.0,0.0,1.0,0.0666667,0.0,0.0,10.611547975828369
1553.0,0.4668384,0.0006439,0.1751449,0.1485507,0.8306504,0.0618158,0.7414722,0.0089767,0.0197487,0.0701169,0.0,0.989228,0.3388982,0.0797101,0.6,10.431199791458543
3802.0,0.445818,0.0018411,0.6157286,0.2102515,0.8022094,0.0,0.6676471,0.0014706,0.0333333,0.1229579,0.0009804,0.9808824,0.2424764,0.0155642,0.5762712,12.08164822965012
371.0,0.5309973,0.0,0.1320755,0.0632184,0.8625337,0.0,0.6515152,0.0,0.0378788,0.4185022,0.0,0.9924242,0.4801762,0.2205882,0.0,9.994287576862567
1184.0,0.4375,0.1131757,0.2212838,0.2057057,0.8302365,0.0456081,0.675,0.0,0.0090909,0.1472868,0.1045455,0.9772727,0.4089147,0.1708861,0.5,10.090008612393838
210.0,0.4857143,0.0,0.1333333,0.1388889,0.8,0.0,0.6043956,0.0,0.0659341,0.125,0.0,1.0,0.3173077,0.0243902,0.0,10.181157167204903
6405.0,0.4554254,0.3450429,0.1339578,0.1152523,0.8360656,0.0,0.6706062,0.0045749,0.0564239,0.0496377,0.3030881,0.9935189,0.2916667,0.0622568,0.7,10.7706090484022
1038.0,0.4797688,0.0019268,0.1782274,0.1481481,0.8140655,0.0780347,0.744868,0.0058651,0.0645161,0.1323155,0.0029326,0.9970674,0.3155216,0.1954023,0.25,10.477316144080852
14967.0,0.4819269,0.1759204,0.0827153,0.0722208,0.8809381,0.0084853,0.7526024,0.0027759,0.0334837,0.0353138,0.1641221,0.9939278,0.2222594,0.0586155,0.5873016,11.06977406588073
51.0,0.4901961,0.0,0.1764706,0.2307692,0.7843137,0.0,0.5217391,0.0,0.0,0.0,0.0,1.0,0.0869565,0.125,0.0,9.615805480084347
2080.0,0.4817308,0.0028846,0.1163462,0.1057514,0.8875,0.0370192,0.8152958,0.007215,0.031746,0.0253165,0.002886,0.994228,0.1828411,0.032,0.5,11.11395422597838
694.0,0.4755043,0.0,0.1945245,0.1648352,0.8386167,0.0,0.6581818,0.0072727,0.0363636,0.0677966,0.0,0.9963636,0.2271186,0.0674157,0.2,10.05195066017375
144.0,0.5347222,0.0,0.0972222,0.0895522,0.8888889,0.0,0.7222222,0.0185185,0.0185185,0.1147541,0.0,1.0,0.5409836,0.0357143,0.0,10.5815464756746
1812.0,0.4966887,0.0193157,0.0954746,0.0559211,0.9315673,0.0,0.8333333,0.001634,0.0326797,0.2644231,0.0196078,0.9885621,0.2211538,0.164557,0.1428571,11.558863947911393
135.0,0.5037037,0.0296296,0.0962963,0.0746269,0.9185185,0.0,0.7826087,0.0,0.0217391,0.0612245,0.0217391,1.0,0.1632653,0.25,0.0,10.596659732783579
4087.0,0.4702716,0.0048936,0.1671152,0.1454965,0.8270125,0.0105212,0.6473747,0.0029833,0.0381862,0.0755654,0.00358,0.9940334,0.3750689,0.0641447,0.3846154,10.451637862362272
448.0,0.5111607,0.0,0.2589286,0.1780822,0.8125,0.0,0.6326531,0.005102,0.0459184,0.0841121,0.0,0.9846939,0.2616822,0.0697674,1.0,9.615805480084347
572.0,0.4562937,0.0,0.2115385,0.1543408,0.8583916,0.0,0.6738197,0.0085837,0.0085837,0.0968992,0.0,0.9914163,0.1627907,0.0833333,1.0,9.975854724662028
295.0,0.4915254,0.0,0.159322,0.0933333,0.8440678,0.0,0.6796875,0.0,0.0390625,0.1633987,0.0,0.9609375,0.4771242,0.030303,1.0,10.056251557087757
175.0,0.48,0.0,0.1942857,0.0879121,0.8285714,0.0,0.6666667,0.0,0.0238095,0.808656,0.0,0.9880952,0.2915718,0.0,0.1111111,11.763691965388299
1117.0,0.4458371,0.084154,0.2068039,0.1567044,0.778872,0.0161146,0.593047,0.002045,0.0470348,0.0721063,0.0879346,0.993865,0.3833017,0.019685,0.3529412,11.427378469795439
703.0,0.4438122,0.4110953,0.1180654,0.1508951,0.8776671,0.0071124,0.7186312,0.0038023,0.0152091,0.1262458,0.3726236,1.0,0.4252492,0.125,0.8,9.99884318585288
9045.0,0.4988391,0.1888336,0.0956329,0.0637547,0.8780542,0.0111664,0.7870698,0.0045031,0.0765519,0.0302558,0.1688646,0.9163718,0.1625078,0.1288014,0.1372549,12.111217862017215
390.0,0.4717949,0.1179487,0.2025641,0.1796117,0.8717949,0.0,0.7108434,0.0,0.0120482,0.0978261,0.1084337,0.9939759,0.1956522,0.0,1.0,10.39516093745751
286.0,0.458042,0.9230769,0.1293706,0.1032258,0.951049,0.0,0.8311688,0.0,0.012987,0.1149425,0.9090909,1.0,0.4252874,0.32,0.0,9.770013301136158
760.0,0.4947368,0.0,0.0973684,0.0546875,0.9328947,0.0,0.8075314,0.0,0.0209205,0.0362903,0.0,0.9707113,0.2016129,0.1153846,0.5,11.015361515187424
3392.0,0.4722877,0.0017689,0.1385613,0.0765363,0.9115566,0.0,0.805492,0.0030511,0.0282227,0.0252788,0.0007628,0.9687262,0.0297398,0.0947368,0.2666667,11.58432477200052
251.0,0.4900398,0.0,0.2071713,0.1484375,0.8207171,0.0,0.5963303,0.0,0.0091743,0.1138211,0.0,1.0,0.2439024,0.0,0.6666667,9.615805480084347
18794.0,0.4774396,0.1912312,0.139353,0.1280929,0.8546345,0.0293711,0.7319294,0.0044109,0.0322994,0.0795023,0.1734491,0.9961582,0.3257367,0.1004785,0.4158416,10.740756721857226
335.0,0.5164179,0.0,0.2985075,0.1604938,0.8716418,0.0,0.6917293,0.0,0.0150376,0.24,0.0,0.8045113,0.2971429,0.12,0.0,9.692828247710418
1446.0,0.4322268,0.0062241,0.2828492,0.2241169,0.7814661,0.0477178,0.6204724,0.0,0.0094488,0.0992908,0.0031496,0.9905512,0.4212766,0.0425532,0.9,10.085850775128717
6957.0,0.4553687,0.2443582,0.1601265,0.1396147,0.8405922,0.0263044,0.6842105,0.0056797,0.0265051,0.1047458,0.2226429,0.9856115,0.3542373,0.152479,0.5681818,9.928228944424575
2179.0,0.5259293,0.0913263,0.1037173,0.0793804,0.9229004,0.0,0.805136,0.0030211,0.0362538,0.158831,0.0981873,0.7039275,0.4320203,0.3512195,0.0,10.392098241730961
87.0,0.5057471,0.0,0.2298851,0.0930233,0.8390805,0.0,0.6578947,0.0,0.0263158,0.1555556,0.0,1.0,0.2666667,0.0,1.0,9.615805480084347
3664.0,0.4931769,0.0504913,0.1039847,0.0829295,0.9126638,0.0210153,0.830941,0.0039872,0.0191388,0.0779412,0.0454545,0.9920255,0.2647059,0.1674208,0.5,10.410335274932896
219.0,0.4611872,0.0,0.2328767,0.1949153,0.8493151,0.0,0.6373626,0.0,0.0,0.0808081,0.0,1.0,0.1717172,0.0833333,1.0,10.203629181337648
247.0,0.5101215,0.0,0.1417004,0.0826446,0.9149798,0.0,0.8210526,0.0,0.0315789,0.05,0.0,1.0,0.18,0.1111111,0.0,10.038935856711177
467.0,0.5010707,0.0,0.0813704,0.0987124,0.8179872,0.0620985,0.7030303,0.0,0.0424242,0.0934066,0.0,1.0,0.3901099,0.0597015,0.0,10.596659732783579
1626.0,0.4520295,0.000615,0.2619926,0.1582492,0.801353,0.0,0.6433289,0.001321,0.0620872,0.239196,0.001321,0.984148,0.2914573,0.0662651,0.1333333,11.330215832884798
427.0,0.4355972,0.0070258,0.2786885,0.2282158,0.7564403,0.0,0.5458716,0.0,0.0229358,0.1174089,0.0045872,1.0,0.5789474,0.0238095,0.0,9.814710982145282
9245.0,0.4866414,0.008437,0.1126014,0.0830173,0.9492699,0.0,0.8731802,0.0012941,0.0197347,0.0310345,0.0067939,0.9783242,0.0382445,0.1447368,0.078125,12.252483791602627
145.0,0.462069,0.2896552,0.2275862,0.2307692,0.9448276,0.0,0.8518519,0.0,0.0,0.2394366,0.2592593,1.0,0.2816901,0.0,0.3333333,9.841665338892785
174.0,0.5574713,0.0,0.1781609,0.1168831,0.8965517,0.0,0.7424242,0.0,0.0151515,0.175,0.0,0.9090909,0.35,0.5333333,1.0,9.615805480084347
838.0,0.5322196,0.2911695,0.0298329,0.0127551,0.9379475,0.0,0.8485915,0.0,0.028169,0.0340136,0.2887324,0.9894366,0.0340136,0.0526316,0.0,11.017004873924424
701.0,0.4793153,0.1512126,0.1811698,0.1890411,0.8159772,0.0,0.6111111,0.0069444,0.0486111,0.0971787,0.1597222,0.9513889,0.3291536,0.1339286,0.3333333,10.305647203635566
2473.0,0.4528912,0.7513142,0.1617469,0.1633407,0.8329964,0.0598463,0.7076372,0.0,0.0214797,0.1325052,0.7076372,0.9988067,0.3830228,0.1347962,0.6666667,9.729193687429403
4772.0,0.4549455,0.2977787,0.1477368,0.1353326,0.7428751,0.1498324,0.7116008,0.0038885,0.0356448,0.0574221,0.2410888,0.9961115,0.3353696,0.1270802,0.3125,10.664316745782925
457.0,0.4923414,0.0043764,0.1750547,0.0775862,0.8446389,0.0,0.6861702,0.0106383,0.037234,0.1047619,0.0053191,0.9946809,0.3190476,0.075,0.5,10.626217806887722
2965.0,0.5136594,0.0128162,0.0809444,0.0755895,0.808769,0.0286678,0.6675192,0.0085251,0.0605286,0.0843091,0.0076726,0.9224211,0.4629196,0.0712329,0.4,10.721084386282662
776.0,0.507732,0.0,0.2216495,0.1256545,0.8814433,0.0,0.7275641,0.0064103,0.0128205,0.0714286,0.0,1.0,0.1994048,0.0847458,0.8333333,10.016860879703811
44.0,0.4318182,0.0,0.1818182,0.12,0.7727273,0.0,0.5263158,0.0,0.0526316,0.05,0.0,1.0,0.4,0.3333333,0.0,9.615805480084347
52141.0,0.4738689,0.4458104,0.129495,0.1159188,0.8889358,0.0127347,0.7651761,0.0039965,0.0307842,0.0747089,0.4228775,0.9943832,0.209035,0.1331212,0.5822785,10.793454842740767
184.0,0.5434783,0.0,0.1576087,0.0833333,0.9130435,0.0,0.7647059,0.0,0.0,0.3333333,0.0,1.0,0.4313725,0.0,1.0,10.146472946063877
1767.0,0.4601019,0.0,0.2195812,0.1698113,0.8166384,0.0396152,0.6774194,0.0042076,0.0308555,0.0667539,0.0,0.997195,0.3115183,0.0737327,0.6,10.038935856711177
984.0,0.4918699,0.0091463,0.054878,0.062,0.9085366,0.0,0.7913043,0.0028986,0.0376812,0.1153846,0.0086957,1.0,0.2820513,0.0655738,0.25,10.645448706505872
492.0,0.4735772,0.1422764,0.1605691,0.1158301,0.8597561,0.0,0.6865672,0.0049751,0.0298507,0.1026786,0.1293532,1.0,0.4553571,0.1463415,1.0,9.615805480084347
1871.0,0.4975949,0.0037413,0.0978087,0.0542553,0.8610369,0.0122929,0.7063758,0.011745,0.0671141,0.128655,0.0050336,0.9244966,0.5116959,0.1387097,0.2,11.068215243411098
8547.0,0.4991225,0.002808,0.0890371,0.0686755,0.9142389,0.017316,0.8253344,0.0082612,0.0350118,0.0396675,0.0027537,0.6762392,0.4068757,0.1849642,0.6666667,11.174665631549477
4673.0,0.5039589,0.0079178,0.0502889,0.0362381,0.9471432,0.0053499,0.8845346,0.0041987,0.0286914,0.0617203,0.0083975,0.9335199,0.1556139,0.2352941,0.3272727,11.724004532183379
1678.0,0.4976162,0.0107271,0.101907,0.0581257,0.9010727,0.0,0.7933227,0.0047695,0.0429253,0.0323077,0.0079491,0.9984102,0.1107692,0.0375,0.2,10.821796246953596
297.0,0.5050505,0.037037,0.2154882,0.2585034,0.8282828,0.0,0.6230769,0.0,0.0153846,0.1156463,0.0384615,0.9923077,0.3061224,0.1621622,0.0,9.615805480084347
4029.0,0.5075701,0.0511293,0.0416977,0.030746,0.198064,0.6837925,0.4590985,0.0050083,0.196995,0.2359694,0.0450751,0.9983306,0.5931122,0.0201149,0.1666667,11.017004873924424
289.0,0.4775087,0.0,0.2456747,0.1854305,0.8304498,0.0,0.6456693,0.007874,0.023622,0.0661765,0.0,1.0,0.2352941,0.037037,1.0,9.758519582283522
1254.0,0.5007974,0.0007974,0.0813397,0.0559105,0.9409888,0.0,0.8461538,0.0024814,0.0173697,0.0584112,0.0,0.9975186,0.1378505,0.15625,0.6,10.524090921620362
409.0,0.4596577,0.2713936,0.1491443,0.1221719,0.9144254,0.0,0.7777778,0.0,0.0065359,0.0613497,0.248366,0.9934641,0.2208589,0.0,1.0,10.207325906555994
5468.0,0.4758595,0.012436,0.329188,0.1133985,0.8134601,0.0060351,0.7054475,0.0019455,0.0692607,0.5998131,0.0081712,0.9894942,0.396294,0.0419426,0.2067511,12.249615734512616
314.0,0.4522293,0.0,0.1847134,0.1104651,0.9076433,0.0,0.795082,0.0081967,0.0245902,0.1408451,0.0,0.9918033,0.1971831,0.1034483,0.0,10.158168529848494
101.0,0.4851485,0.0,0.2376238,0.1538462,0.7425743,0.0,0.5208333,0.0208333,0.0416667,0.4216867,0.0,1.0,0.7590361,0.2,0.0,9.615805480084347
938.0,0.4754797,0.0,0.1652452,0.1219512,0.8955224,0.0,0.7361111,0.0,0.0083333,0.0673575,0.0,0.9972222,0.2564767,0.0875,0.0,10.214678610538817
35.0,0.4857143,0.0,0.3428571,0.2777778,0.7714286,0.0,0.5555556,0.0,0.0,0.4857143,0.0,1.0,0.2571429,0.0,0.0,9.615805480084347
120.0,0.4666667,0.0,0.1833333,0.125,0.8916667,0.0,0.7111111,0.0,0.0,0.1,0.0,1.0,0.2,0.3,0.0,9.94755228369823
1336.0,0.511976,0.008982,0.0928144,0.047546,0.9438623,0.0,0.8540773,0.0,0.0150215,0.0898438,0.0064378,0.9957082,0.1328125,0.0851064,0.25,11.002116507732017
2616.0,0.433104,0.3073394,0.2308869,0.2070128,0.7920489,0.0691896,0.6804124,0.0041237,0.0391753,0.1189827,0.2876289,0.9938144,0.2652134,0.1010638,0.6666667,10.915106645867503
100.0,0.5,0.0,0.07,0.02,0.91,0.0,0.8,0.0,0.025,0.0,0.0,1.0,0.05,0.0,0.0,11.528808656597766
1215.0,0.5028807,0.000823,0.0329218,0.0347682,0.9242798,0.0,0.8299492,0.0152284,0.035533,0.0921659,0.0025381,0.9923858,0.1866359,0.2962963,0.5,10.843514342086866
2506.0,0.499601,0.0,0.0590583,0.046252,0.9197925,0.0,0.80625,0.00625,0.035,0.0361446,0.0,0.995,0.2409639,0.0740741,0.2307692,11.098939154318382
195.0,0.4358974,0.1538462,0.2820513,0.2,0.8666667,0.0,0.7126437,0.0,0.0114943,0.0842105,0.1149425,1.0,0.2631579,0.0952381,0.0,9.867912187022208
2500.0,0.4776,0.0008,0.1728,0.1163859,0.8436,0.0236,0.7012712,0.0063559,0.0434322,0.0357508,0.0010593,0.9682203,0.4075587,0.0961969,0.6666667,10.776891660007811
10701.0,0.4692085,0.0387814,0.1689562,0.1447183,0.816092,0.0243902,0.6604265,0.007109,0.0509479,0.0521114,0.0336493,0.9838863,0.319407,0.0560153,0.637931,10.65492722584759
1187.0,0.4818871,0.0,0.1010952,0.1056911,0.904802,0.0,0.767033,0.0,0.0131868,0.1025641,0.0,1.0,0.3491124,0.0588235,0.5,10.513280297700861
596.0,0.5134228,0.0,0.1560403,0.1206897,0.8842282,0.0,0.7251185,0.0,0.042654,0.1097046,0.0,0.9763033,0.4177215,0.1590909,0.6666667,10.278527816830314
3621.0,0.4846727,0.0055233,0.1549296,0.0825295,0.8782104,0.0370064,0.7857143,0.002521,0.0310924,0.0285714,0.007563,0.9882353,0.1918367,0.1128205,0.5,11.39640288460621
1811.0,0.5444506,0.0127002,0.0927664,0.0642424,0.9110988,0.006074,0.8181818,0.0020202,0.0464646,0.019802,0.0121212,0.3818182,0.5524752,0.3419689,1.0,10.757924157061597
3181.0,0.4819239,0.5734046,0.0965105,0.1074029,0.9267526,0.0,0.7839506,0.0010288,0.0185185,0.1274686,0.5205761,0.994856,0.2755835,0.2765957,0.6666667,10.389026137075234
42.0,0.547619,0.0,0.2619048,0.0,0.8809524,0.0,0.7647059,0.0,0.0588235,0.2608696,0.0,1.0,0.2608696,0.0,1.0,9.615805480084347
4076.0,0.4565751,0.435476,0.1918548,0.172912,0.8361138,0.0583906,0.7204836,0.0021337,0.0234708,0.0570087,0.3684211,0.9957326,0.3386989,0.129393,0.4166667,10.510559281627845
64.0,0.59375,0.0,0.203125,0.0769231,0.84375,0.0,0.72,0.04,0.08,0.2424242,0.0,1.0,0.2424242,0.0,1.0,9.615805480084347
223.0,0.4977578,0.0,0.1434978,0.0446429,0.9192825,0.0,0.8170732,0.0121951,0.0243902,0.0888889,0.0,0.9878049,0.2666667,0.2105263,0.0,10.038935856711177
2984.0,0.461126,0.0006702,0.2546917,0.1890547,0.8753351,0.0,0.7118367,0.0008163,0.0122449,0.0691489,0.0,0.9991837,0.2507599,0.0472441,0.8,10.599156550639583
478.0,0.5062762,0.0,0.1799163,0.0889831,0.8430962,0.0062762,0.6893204,0.0048544,0.0291262,0.2920962,0.0,1.0,0.3848797,0.0588235,0.0,10.781058245898533
166.0,0.4819277,0.9337349,0.2228916,0.1162791,0.8192771,0.0,0.5915493,0.0,0.0140845,0.1234568,0.9577465,1.0,0.4074074,0.0,0.0,9.615805480084347
1218.0,0.4720854,0.0385878,0.1543514,0.1710731,0.817734,0.0574713,0.7146119,0.0091324,0.0342466,0.0931677,0.0273973,0.9885845,0.4120083,0.1428571,0.6,10.488520429241627
3724.0,0.472073,0.0008056,0.1294307,0.1057986,0.8799678,0.0185285,0.7593985,0.0045113,0.0345865,0.0560681,0.0007519,0.9924812,0.2427253,0.1351351,0.3125,10.416341118636355
3632.0,0.4986233,0.001652,0.1415198,0.118067,0.8477423,0.0,0.6662153,0.0033852,0.0345295,0.1070133,0.0013541,0.9898443,0.2998791,0.0708502,0.6,10.106469212026385
10511.0,0.4763581,0.1196841,0.152602,0.134266,0.8791742,0.0132242,0.7280379,0.0021042,0.0173593,0.0800871,0.1167806,0.7559179,0.365594,0.1632089,0.754717,10.31231367277647
2815.0,0.4525755,0.0,0.2422735,0.1881895,0.816341,0.0404973,0.6660777,0.0,0.0212014,0.0439189,0.0,1.0,0.2449324,0.0526316,0.7142857,9.942756341456828
265968.0,0.456585,0.6326964,0.1484389,0.1392919,0.8100899,0.0248225,0.6371957,0.0024849,0.0440168,0.1041201,0.5646974,0.9962727,0.3727643,0.0886895,0.5167352,10.39821428171237
300.0,0.54,0.0,0.1433333,0.0942029,0.8766667,0.0,0.7368421,0.0,0.0526316,0.0172414,0.0,1.0,0.1896552,0.0,0.0,10.351405324899678
1413.0,0.4734607,0.0014154,0.1302194,0.1021505,0.861288,0.0127389,0.7193974,0.007533,0.0414313,0.0551601,0.0,0.9868173,0.2366548,0.1158537,0.4,10.482933978579906
9697.0,0.4943797,0.0052594,0.0714654,0.0428309,0.8472724,0.0,0.7030753,0.0042418,0.0829799,0.0258264,0.0063627,0.9851538,0.3494318,0.0478011,0.0,11.302216779257382
4446.0,0.4592892,0.0026991,0.1410256,0.1335275,0.8265857,0.0193432,0.6643519,0.0034722,0.0445602,0.0489818,0.0028935,0.9976852,0.3428729,0.0538358,0.2857143,11.03973275601109
12195.0,0.4801148,0.0418204,0.1398114,0.1116719,0.8701927,0.0229602,0.7361615,0.0036298,0.0208711,0.1573313,0.0369782,0.7960526,0.3926591,0.1324451,0.5078125,10.034559673629849
429.0,0.4825175,0.0,0.1701632,0.1306306,0.8764569,0.0,0.7085714,0.0,0.0114286,0.048913,0.0,0.9942857,0.2554348,0.0769231,0.0,9.781376414141157
7010.0,0.4894437,0.0276748,0.0814551,0.0455434,0.936234,0.0,0.8518225,0.0015848,0.0249604,0.0606624,0.0257528,0.9936609,0.0844808,0.0909091,0.3085106,11.159117834926688
233.0,0.5150215,0.0,0.2446352,0.1504425,0.8111588,0.0,0.6111111,0.0,0.0185185,0.2058824,0.0,1.0,0.3897059,0.0625,0.5714286,9.615805480084347
442.0,0.4932127,0.0158371,0.1312217,0.0848214,0.8755656,0.0,0.7300613,0.0,0.0674847,0.0467836,0.0122699,0.9877301,0.2982456,0.1428571,0.0,11.398647529267592
3195.0,0.4553991,0.0541471,0.3051643,0.2465517,0.7749609,0.0741784,0.6496409,0.0055866,0.019154,0.1119773,0.0422985,0.9369513,0.3451453,0.1229698,0.6,10.30229722897745
4844.0,0.466763,0.0813377,0.2033443,0.1866047,0.8228737,0.0359207,0.6806045,0.0030227,0.0156171,0.0610218,0.0710327,0.9929471,0.3263955,0.0630872,0.2608696,10.382853468483827
432.0,0.5393519,0.0,0.1527778,0.0904523,0.8263889,0.0,0.637931,0.0057471,0.0632184,0.0169492,0.0,0.9942529,0.3502825,0.1,0.0,10.675931008412125
4179.0,0.4386217,0.4374252,0.2340273,0.1999147,0.7351041,0.005743,0.5058169,0.0010116,0.0429944,0.1658228,0.3960546,0.9908953,0.4983122,0.0504348,0.9310345,9.83097062169695
3567.0,0.4875245,0.0019624,0.1654051,0.1252735,0.8634707,0.0308382,0.7321848,0.0007831,0.018794,0.0340393,0.0015662,0.9937353,0.2760968,0.0431655,0.5,10.67130147767883
21106.0,0.4676395,0.0025111,0.2113617,0.1308295,0.8574339,0.0014688,0.7022088,0.0023545,0.0321785,0.0350536,0.0017939,0.9938334,0.2254679,0.0334311,0.3469388,11.068215243411098
62.0,0.516129,0.0,0.1451613,0.1333333,0.8870968,0.0,0.7083333,0.0,0.0,0.04,0.0,1.0,0.12,0.0,0.0,9.723223876851618
430.0,0.5069767,0.0,0.1418605,0.1320755,0.9046512,0.0,0.753012,0.0,0.0,0.182266,0.0,0.9759036,0.2167488,0.0285714,0.7777778,10.236417809461043
2588.0,0.4586553,0.0003864,0.2743431,0.2255532,0.7905719,0.057187,0.6581439,0.0018939,0.0284091,0.0687831,0.000947,0.9933712,0.3253968,0.0672646,0.5625,10.12667110305036
5057.0,0.45877,0.1846945,0.1815306,0.161856,0.8453629,0.0221475,0.6851021,0.0024913,0.0144494,0.0755412,0.1529646,0.9940209,0.3532934,0.1047766,0.6521739,10.32551474894327
1010.0,0.4960396,0.0009901,0.1554455,0.0844794,0.8871287,0.0,0.7538071,0.0076142,0.0304569,0.0528846,0.0,0.9949239,0.2860577,0.0592593,0.0,10.675931008412125
2005.0,0.4329177,0.4239401,0.1341646,0.1486368,0.8628429,0.0,0.6796482,0.0050251,0.0175879,0.0882016,0.3831658,0.9949749,0.3127148,0.0878378,0.7777778,10.268165387743457
7272.0,0.5012376,0.0213146,0.0523927,0.0488007,0.8887514,0.004813,0.7644942,0.0035986,0.0631747,0.0716407,0.0235906,0.970012,0.2869339,0.0476788,0.4318182,11.730461322518734
423.0,0.4562648,0.0,0.2553191,0.2086957,0.8888889,0.0,0.7445652,0.0,0.0,0.1320755,0.0,1.0,0.2971698,0.0727273,1.0,10.077482875583607
1835.0,0.4724796,0.0250681,0.2316076,0.1725207,0.8087193,0.0305177,0.651715,0.0013193,0.0263852,0.1376564,0.0211082,0.9960422,0.2798635,0.1076923,0.8965517,9.62251624577579
964.0,0.469917,0.0,0.1618257,0.1350294,0.8744813,0.0,0.7116883,0.0,0.025974,0.0350877,0.0,1.0,0.2080201,0.0537634,1.0,10.077482875583607
694.0,0.4106628,0.2809798,0.2463977,0.2469438,0.79683,0.0878963,0.7073171,0.0,0.0284553,0.0786517,0.2520325,1.0,0.3782772,0.1111111,0.5,10.354595018522993
1652.0,0.4848668,0.059322,0.0744552,0.0834313,0.9455206,0.0,0.8507463,0.0037313,0.0093284,0.1051753,0.0447761,0.9682836,0.2220367,0.1573034,0.0833333,10.65492722584759
239.0,0.5020921,0.0083682,0.0920502,0.0672269,0.9205021,0.0,0.7682927,0.0,0.0,0.1086957,0.0121951,0.7560976,0.3478261,0.1935484,0.0,9.674137279312397
218.0,0.4724771,0.3486239,0.1146789,0.0956522,0.8944954,0.0,0.7272727,0.0,0.025974,0.0833333,0.3246753,1.0,0.3095238,0.25,0.0,9.680406499268875
9118.0,0.482562,0.1678,0.1543102,0.1070369,0.8547927,0.000329,0.6996002,0.0077099,0.0576813,0.2449332,0.1273558,0.9677327,0.5446313,0.1369492,0.4693878,10.315630315397533
987.0,0.4690983,0.0395137,0.2006079,0.1812977,0.8652482,0.0,0.6995192,0.0024038,0.0144231,0.0480549,0.0408654,0.9951923,0.3318078,0.1230769,0.6666667,9.735128070758227
126.0,0.468254,0.0,0.1507937,0.119403,0.8809524,0.0,0.6829268,0.0243902,0.0243902,0.0465116,0.0,1.0,0.1860465,0.0833333,0.0,10.268165387743457
630.0,0.4936508,0.0,0.0888889,0.0532915,0.9126984,0.0,0.7782805,0.0,0.0226244,0.0555556,0.0,0.9909502,0.2136752,0.0652174,0.0,10.428245666832275
5444.0,0.4862234,0.0145114,0.1114989,0.0925992,0.8688464,0.0091844,0.7515469,0.0023798,0.0556878,0.0699425,0.0118991,0.9961923,0.2381585,0.0715884,0.3333333,10.949068194652432
528.0,0.4848485,0.0018939,0.1818182,0.1360294,0.907197,0.0,0.77,0.0,0.015,0.0950226,0.005,1.0,0.2443439,0.2413793,0.0,10.169728906753061
659.0,0.4931715,0.0,0.3353566,0.1796407,0.8103187,0.0257967,0.6511628,0.0033223,0.0066445,0.2729469,0.0,1.0,0.4154589,0.0983607,0.8,9.615805480084347
3508.0,0.4957241,0.0065564,0.0775371,0.0322216,0.959236,0.0,0.8932536,0.0017079,0.0111016,0.0330306,0.0059778,0.999146,0.0355078,0.0862069,0.3478261,11.17606715383184
9342.0,0.497538,0.0012845,0.0777136,0.0549638,0.8910298,0.0,0.7583795,0.0067036,0.0454678,0.0432236,0.0008744,0.9932964,0.3084216,0.0746753,0.5333333,10.950824090522445
471.0,0.5180467,0.0,0.1273885,0.0969163,0.9065817,0.0,0.753012,0.0,0.0180723,0.0177515,0.0,1.0,0.2248521,0.0869565,0.0,10.959557617938563
12514.0,0.4952054,0.1967397,0.1390443,0.0774102,0.8240371,0.0112674,0.6833199,0.0056406,0.0739323,0.0535748,0.1712329,0.9764303,0.3439466,0.0916497,0.25,11.265758139843117
1050.0,0.4685714,0.0,0.1285714,0.1326165,0.9238095,0.0,0.8061224,0.0,0.0102041,0.1050228,0.0,1.0,0.2374429,0.0517241,1.0,9.937937287265354
5100.0,0.5801961,0.0580392,0.1417647,0.1644092,0.6398039,0.2570588,0.6974026,0.0051948,0.0298701,0.0434783,0.0006494,0.9967532,0.2987578,0.0591837,0.5,10.357774570341576
3479.0,0.503593,0.0109227,0.0704225,0.0636943,0.9399253,0.0,0.8205128,0.0055741,0.0356745,0.1214496,0.0189521,0.9308807,0.4809011,0.3370044,0.7142857,11.789048488275174
114.0,0.4561404,0.0,0.2017544,0.1451613,0.8596491,0.0,0.6590909,0.0,0.0227273,0.1538462,0.0,0.9545455,0.1538462,0.2,0.0,9.615805480084347
84724.0,0.4798522,0.0333908,0.1076672,0.1014092,0.8289505,0.0130896,0.668801,0.0041981,0.0605255,0.0406791,0.0322863,0.9836001,0.3558846,0.0462239,0.225,10.837637848711049
3481.0,0.4719908,0.0428038,0.1128986,0.0837867,0.887676,0.0,0.7579251,0.0007205,0.0331412,0.011396,0.0309798,0.9848703,0.1730769,0.0557377,0.0,11.026808713825016
106.0,0.5566038,0.0,0.1132075,0.1914894,0.8113208,0.0,0.6341463,0.0243902,0.0731707,0.1086957,0.0,0.8780488,0.3913043,0.0909091,0.0,10.056251557087757
1481.0,0.4604997,0.4132343,0.2221472,0.18398,0.8575287,0.0,0.6818182,0.0016234,0.0211039,0.0914454,0.3685065,0.9967532,0.2522124,0.1328125,0.8181818,10.090008612393838
162.0,0.537037,0.0,0.1790123,0.12,0.8209877,0.0,0.6507937,0.031746,0.047619,0.0735294,0.0,1.0,0.2647059,0.2,0.0,9.770013301136158
120.0,0.4916667,0.0,0.175,0.1639344,0.8,0.0,0.5882353,0.0196078,0.0392157,0.2916667,0.0,1.0,0.3333333,0.1666667,0.0,9.615805480084347
4842.0,0.4531185,0.9708798,0.0148699,0.0351208,0.8826931,0.0002065,0.7272727,0.0063131,0.0713384,0.1204886,0.9659091,0.9886364,0.5180455,0.1818792,0.0,11.324195417595107
167.0,0.4790419,0.0,0.1257485,0.1149425,0.8862275,0.0,0.6935484,0.0,0.0,0.0746269,0.0,1.0,0.238806,0.0909091,0.0,9.615805480084347
4345.0,0.4699655,0.0011507,0.1728423,0.1424229,0.8393556,0.0395857,0.7084848,0.0036364,0.0230303,0.0401396,0.0,0.9957576,0.2245492,0.068323,0.1111111,10.84546552414626
679.0,0.4683358,0.0,0.2297496,0.1578947,0.8512518,0.0,0.6702128,0.0,0.0283688,0.1402439,0.0,1.0,0.3536585,0.1527778,0.75,9.615805480084347
55076.0,0.4807902,0.0793994,0.1136611,0.0912715,0.8733931,0.0131092,0.7303939,0.004753,0.0369116,0.0928814,0.0818628,0.6929767,0.3804238,0.1319067,0.5305466,10.50783084142058
4243.0,0.4817346,0.0089559,0.185482,0.1164166,0.859062,0.0110771,0.7247325,0.0023781,0.0451843,0.2765591,0.0023781,0.9881094,0.2864516,0.1222222,0.6969697,11.475233981948293
342.0,0.494152,0.002924,0.1432749,0.0924855,0.9093567,0.0,0.766129,0.0,0.016129,0.1564626,0.0,1.0,0.4421769,0.1764706,0.8571429,9.952325334619427
74.0,0.472973,0.0,0.1081081,0.1025641,0.8513514,0.0,0.6666667,0.0,0.0333333,0.3478261,0.0,1.0,0.4130435,0.25,0.0,10.077482875583607
1922.0,0.5104058,0.0057232,0.0062435,0.010627,0.7632674,0.0,0.6755162,0.0058997,0.1946903,0.3830755,0.0044248,0.9277286,0.2729754,0.1223242,0.047619,11.778369597156942
16647.0,0.4517931,0.0718448,0.2229831,0.1690774,0.7507058,0.0470355,0.5922907,0.0041448,0.0461453,0.0498819,0.0618956,0.9890854,0.3411657,0.0546853,0.2777778,10.799595985047786
1587.0,0.5009452,0.0012602,0.1222432,0.0871212,0.8802773,0.0,0.7541528,0.0116279,0.0431894,0.1300578,0.0,0.9833887,0.4089595,0.1238938,0.4545455,10.524090921620362
3635.0,0.4588721,0.2112792,0.1372765,0.12303,0.8767538,0.0,0.7264286,0.0057143,0.0357143,0.0635452,0.1864286,0.9928571,0.3110368,0.1076443,0.4,10.753659849198824
2457.0,0.4794465,0.001221,0.1440781,0.1133698,0.8591779,0.005698,0.6984293,0.0062827,0.0387435,0.0304569,0.0020942,0.9958115,0.3025381,0.0291971,0.125,11.003781759319981
8502.0,0.460127,0.3246295,0.1339685,0.1359477,0.8787344,0.0155258,0.7328676,0.0043247,0.0222888,0.1093333,0.3030605,0.9916833,0.3934815,0.164311,0.6046512,10.012386799492118
2635.0,0.4728653,0.002277,0.1882353,0.1684665,0.8497154,0.0193548,0.7027281,0.0028222,0.0235183,0.0617829,0.0,0.9952963,0.4086496,0.084375,0.5833333,9.792611856190192
13041.0,0.49145,0.1358792,0.0834292,0.056544,0.7974082,0.0138793,0.6715845,0.0032336,0.121059,0.0403413,0.1311641,0.9187551,0.2866563,0.1042815,0.3793103,12.097936057925594
913.0,0.4786418,0.0,0.2059146,0.1491597,0.8258488,0.0,0.6456693,0.015748,0.0341207,0.0661765,0.0,0.9973753,0.3897059,0.0841121,0.2,10.264687244346277
149428.0,0.4733584,0.0493214,0.1406229,0.109486,0.834268,0.0020077,0.6555801,0.0025361,0.0434038,0.0763044,0.0441953,0.9464358,0.3650498,0.0469977,0.5057471,11.131679686740132
2213.0,0.463624,0.0099413,0.4753728,0.1625948,0.8807049,0.0,0.7683508,0.0009533,0.0162059,0.1087511,0.0104862,0.9675882,0.191164,0.0900901,0.173913,10.652566005416872
61.0,0.5245902,0.0,0.3114754,0.0344828,0.9344262,0.0,0.8518519,0.0,0.0,0.5846154,0.0,1.0,0.2,0.0,0.0,10.657282884047461
1650.0,0.4890909,0.0187879,0.1872727,0.0960854,0.8987879,0.0,0.7852853,0.003003,0.0315315,0.1917476,0.0165165,0.993994,0.3131068,0.0967742,0.9047619,10.945547126244623
3247.0,0.4810594,0.0015399,0.210348,0.1560831,0.802279,0.052664,0.6727135,0.0037793,0.0234316,0.158932,0.0015117,0.9916856,0.4132231,0.0719101,0.6415094,10.545367754151743
6444.0,0.4819988,0.0541589,0.1142148,0.1069503,0.9158908,0.0,0.7967102,0.0033741,0.017714,0.0694662,0.0544074,0.9974694,0.2641287,0.0988506,0.5675676,10.454523783963511
112.0,0.4375,0.0,0.1875,0.2222222,0.8125,0.0,0.6,0.0,0.02,0.1525424,0.0,1.0,0.3898305,0.1428571,0.0,9.615805480084347
995.0,0.4653266,0.001005,0.1015075,0.0996241,0.8954774,0.0050251,0.7411444,0.0,0.0108992,0.0589744,0.0027248,0.9945504,0.3051282,0.0857143,0.6666667,10.448743588106625
639.0,0.4929577,0.0,0.1893584,0.1049383,0.85759,0.0,0.6961538,0.0,0.0461538,0.1333333,0.0,0.9615385,0.4866667,0.1294118,0.8333333,10.84546552414626
853.0,0.4513482,0.007034,0.14068,0.0982906,0.89449,0.0,0.7389937,0.0031447,0.0220126,0.0888252,0.0062893,1.0,0.234957,0.0843373,1.0,9.90353755128617
1272.0,0.4968553,0.0007862,0.129717,0.0796875,0.8592767,0.0023585,0.7033195,0.0124481,0.0477178,0.0871212,0.0,0.9875519,0.4147727,0.1297297,0.3333333,10.425282789490705
22122.0,0.4677696,0.3912847,0.1209656,0.1183115,0.8628063,0.0209294,0.7273278,0.0024248,0.0323715,0.0790531,0.3565713,0.9972114,0.3602054,0.097599,0.4074074,10.614007941153417
594.0,0.479798,0.0,0.2171717,0.1553398,0.8653199,0.0,0.7003891,0.0038911,0.0038911,0.0950704,0.0,1.0,0.278169,0.0238095,0.8,9.99884318585288
1864.0,0.4345494,0.0262876,0.1968884,0.2049336,0.7939914,0.0718884,0.6813187,0.0013736,0.0178571,0.0726115,0.0206044,0.9972527,0.4216561,0.0813559,0.5454545,10.454523783963511
173.0,0.5028902,0.0289017,0.132948,0.0930233,0.9248555,0.0,0.8135593,0.0,0.0338983,0.119403,0.0338983,1.0,0.3134328,0.1818182,0.0,9.741027444837728
292.0,0.4691781,0.5,0.130137,0.1032258,0.9075342,0.0,0.7403846,0.0,0.0,0.1746032,0.4423077,0.9903846,0.3809524,0.2,0.0,10.12667110305036
1845.0,0.4390244,0.0065041,0.2731707,0.2599034,0.7067751,0.1214092,0.6111111,0.0131579,0.0570175,0.0630137,0.001462,0.997076,0.3767123,0.0568182,0.5,10.34177474101152
3772.0,0.4501591,0.0084836,0.1956522,0.1610415,0.8030223,0.0678685,0.6913669,0.0028777,0.0359712,0.0387275,0.0043165,0.9971223,0.2704011,0.0446009,0.1666667,11.149096419938578
360.0,0.4694444,0.0,0.1972222,0.1413613,0.8805556,0.0,0.7191781,0.0,0.0136986,0.0875,0.0,0.9863014,0.375,0.0816327,0.5,10.012386799492118
87492.0,0.4755292,0.5641887,0.0840305,0.080197,0.8522379,0.040838,0.7171937,0.0056711,0.0472095,0.1165306,0.5694434,0.7489672,0.3933904,0.2258933,0.6981481,9.975854724662028
47181.0,0.47038,0.2627753,0.3166741,0.16672,0.7776223,0.0071003,0.6142122,0.0025713,0.0677419,0.2229447,0.1661524,0.9610098,0.4953682,0.0887909,0.3392505,11.08523008522044
19208.0,0.448459,0.0313932,0.1948667,0.1594299,0.8069034,0.0556018,0.6855403,0.0023322,0.0235812,0.0678744,0.0272091,0.9954651,0.3032609,0.0626585,0.6118421,10.721084386282662
872.0,0.4862385,0.0011468,0.1376147,0.1004464,0.8922018,0.0,0.749226,0.006192,0.0247678,0.0271084,0.0,0.993808,0.1716867,0.0722892,0.0,10.389026137075234
2173.0,0.4735389,0.0004602,0.1081454,0.0839161,0.9213069,0.0,0.8027466,0.0037453,0.0137328,0.0255474,0.0,1.0,0.1970803,0.0545455,0.4444444,10.474495347310453
1816.0,0.4609031,0.001652,0.2345815,0.1961185,0.8155286,0.0401982,0.6703297,0.0068681,0.0247253,0.0678617,0.0013736,0.9725275,0.2445583,0.102439,0.7777778,10.134638955251866
19.0,0.5263158,0.0,0.4210526,0.2222222,0.6842105,0.0,0.5,0.0,0.0,0.0769231,0.0,1.0,0.1538462,0.0,0.0,10.628641991731053
16322.0,0.4633623,0.0014091,0.1398113,0.1145108,0.8397255,0.0070457,0.6729968,0.0052493,0.0461633,0.0355867,0.0003088,0.9833256,0.287969,0.0744816,0.4285714,10.25769445336048
434.0,0.4815668,0.0023041,0.1382488,0.1066667,0.8847926,0.0,0.742515,0.005988,0.0359281,0.1773399,0.0,0.994012,0.3743842,0.03125,1.0,9.615805480084347
9817.0,0.4977081,0.0385046,0.043496,0.0365038,0.9307324,0.0004075,0.8450615,0.0025245,0.0460713,0.0440422,0.0347113,0.983591,0.0696833,0.1273486,0.2592593,11.754309639974188
28126.0,0.4885871,0.0352699,0.0542203,0.0442158,0.8890351,0.00064,0.7810021,0.0027111,0.0626569,0.0220935,0.0335375,0.9645547,0.1261783,0.1347826,0.16,12.04414765726144
2389.0,0.4796986,0.0313939,0.186689,0.1721641,0.8350774,0.0163248,0.6666667,0.0042061,0.0336488,0.0899522,0.0189274,0.997897,0.3435407,0.09375,0.6,10.047631185616188
1929.0,0.4779679,0.0005184,0.1586314,0.1201589,0.9222395,0.0,0.8044077,0.0013774,0.0096419,0.0947631,0.0,0.9986226,0.255611,0.0769231,0.6315789,10.604131561522696
87876.0,0.4744185,0.0072716,0.1909509,0.1264019,0.8665734,0.0122445,0.7254144,0.0018452,0.0271587,0.0254011,0.0063428,0.9927634,0.1800275,0.0375422,0.3232323,11.068215243411098
3251.0,0.5106121,0.0033836,0.0738234,0.0597109,0.809597,0.0,0.6661608,0.0075873,0.1100152,0.0922865,0.0045524,0.9924127,0.3842975,0.04329,0.5714286,10.887455624298198
6553.0,0.5162521,0.1316954,0.0025942,0.0063091,0.9781779,0.014192,0.9736986,0.0,0.0010959,0.0086909,0.1452055,0.9364384,0.2009777,0.2134213,0.0,11.785247676408115
260.0,0.4384615,0.2576923,0.3576923,0.239726,0.7961538,0.0,0.5934959,0.0,0.0243902,0.23125,0.2601626,0.9837398,0.40625,0.1666667,0.0,9.61587214452889
5952.0,0.4556452,0.0016801,0.2883065,0.1712963,0.8660954,0.0423387,0.7809917,0.0022957,0.0220386,0.0140335,0.0009183,0.9931129,0.039837,0.1445783,0.4285714,11.214532906153606
550.0,0.4727273,0.1272727,0.22,0.1482759,0.9072727,0.0,0.76,0.0,0.015,0.137931,0.12,0.825,0.3491379,0.2068966,0.8333333,9.862717639992917
18285.0,0.5093246,0.0386109,0.0846596,0.0652029,0.8652447,0.0095707,0.7276624,0.0115397,0.0649522,0.13107,0.0417079,0.8147049,0.4642601,0.1939224,0.2660099,11.485564545613576
9294.0,0.4850441,0.01119,0.1318055,0.0823234,0.8074026,0.0,0.6421026,0.0040241,0.0762072,0.0307167,0.0108149,0.9823944,0.3237445,0.0527704,0.2083333,11.049317340813348
422.0,0.5118483,0.0,0.035545,0.0436893,0.9620853,0.0,0.8645833,0.0,0.03125,0.3239437,0.0,0.9895833,0.8098592,0.625,0.0,9.615805480084347
290.0,0.4482759,0.0,0.1689655,0.1375,0.8896552,0.0,0.75,0.0,0.0357143,0.2275862,0.0,1.0,0.1931034,0.0952381,0.6,9.615805480084347
708.0,0.4689266,0.0070621,0.1440678,0.125,0.8545198,0.0,0.6759582,0.0034843,0.0278746,0.0528053,0.0034843,1.0,0.330033,0.1136364,1.0,9.820160289946374
570.0,0.4877193,0.1052632,0.1333333,0.1267123,0.8859649,0.0105263,0.75,0.0,0.0089286,0.1075697,0.09375,1.0,0.314741,0.125,0.3333333,10.298935994257638
2094.0,0.4455587,0.0004776,0.3213945,0.250646,0.739255,0.0601719,0.5826271,0.0010593,0.0243644,0.1069063,0.0,0.9978814,0.3869442,0.0394737,0.8235294,9.661479683575521
474.0,0.4978903,0.0,0.1687764,0.1092437,0.9113924,0.0,0.7814208,0.0054645,0.010929,0.0663265,0.0,1.0,0.1479592,0.16,0.5,9.898525260706313
11162.0,0.4674789,0.2695753,0.1409246,0.1366083,0.8722451,0.0190826,0.7267486,0.004011,0.0205565,0.093203,0.2261218,0.9924793,0.3828143,0.1717314,0.4761905,10.106469212026385
380.0,0.5052632,0.0,0.0789474,0.0691489,0.8526316,0.0,0.6821192,0.0,0.0529801,0.122093,0.0,0.986755,0.505814,0.1081081,1.0,10.566201298475118
2402.0,0.501249,0.0537052,0.0566195,0.0459098,0.7568693,0.091174,0.6727273,0.0011364,0.0761364,0.12,0.0431818,0.9772727,0.431,0.0399061,0.3333333,11.116930374363438
2112.0,0.4493371,0.0127841,0.2736742,0.1926053,0.842803,0.0,0.6673797,0.0010695,0.0171123,0.0517241,0.0128342,0.997861,0.2667343,0.0491803,0.25,10.348205424565993
219.0,0.5022831,0.0,0.0684932,0.0733945,0.9223744,0.0,0.8227848,0.0,0.0379747,0.1022727,0.0,0.9873418,0.1477273,0.25,1.0,10.2328272702548
7093.0,0.4722966,0.000141,0.168476,0.1426663,0.8601438,0.0226984,0.7139623,0.0030189,0.0203774,0.0433213,0.0003774,0.9890566,0.2140794,0.0898305,0.4545455,10.510559281627845
167.0,0.5149701,0.0,0.1317365,0.2592593,0.8383234,0.0,0.6857143,0.0,0.0571429,0.1954023,0.0,1.0,0.2183908,0.0,1.0,10.351405324899678
694.0,0.4798271,0.0158501,0.1772334,0.1717452,0.8631124,0.0,0.7,0.0,0.0285714,0.0666667,0.0214286,0.9964286,0.3133333,0.0735294,0.0,10.012386799492118
14259.0,0.4899362,0.0194263,0.0439021,0.0329988,0.9009047,0.0016831,0.7957285,0.005498,0.0621696,0.0253504,0.0183971,0.9788539,0.182399,0.1483871,0.0638298,11.754309639974188
1691.0,0.4931993,0.0088705,0.1330574,0.1190198,0.9053814,0.0,0.7686212,0.0015848,0.0206022,0.0424886,0.0047544,0.9952456,0.2033384,0.08,0.5555556,10.513280297700861
417.0,0.5083933,0.0,0.1894484,0.097561,0.9136691,0.0,0.751773,0.0,0.0070922,0.3121951,0.0,0.9858156,0.1804878,0.35,1.0,10.442929787247998
2416.0,0.4693709,0.0053808,0.1903974,0.1560062,0.8418874,0.0,0.6559679,0.003009,0.0341023,0.1153505,0.003009,0.9929789,0.2724046,0.11,0.6666667,10.278527816830314
3596.0,0.490267,0.1568409,0.0458843,0.0616476,0.8921023,0.0,0.7537023,0.0093531,0.0389712,0.1440961,0.1558846,0.9719408,0.472982,0.1089109,0.8,10.698762529141884
46109.0,0.4807955,0.1712898,0.1639159,0.1266082,0.8191026,0.0339413,0.6716796,0.0033603,0.0367432,0.1238054,0.1572743,0.8983088,0.4176079,0.0806036,0.5886288,10.505094936455558
5117.0,0.5049834,0.1711941,0.0545241,0.050533,0.8461989,0.0007817,0.6926407,0.002886,0.0606061,0.1077253,0.1491101,0.974026,0.467382,0.0667921,0.4166667,10.74507628970625
2661.0,0.4926719,0.0090192,0.2566704,0.0725926,0.9019166,0.0007516,0.7994966,0.0016779,0.0125839,0.3629075,0.0075503,0.9790268,0.322822,0.0945946,0.2153846,11.230575816507569
275.0,0.5127273,0.0,0.1927273,0.0746269,0.88,0.0,0.7247706,0.0091743,0.0183486,0.1484375,0.0,1.0,0.3359375,0.15,0.75,9.615805480084347
2019.0,0.4725111,0.013373,0.1535414,0.1230047,0.8994552,0.0193165,0.7664234,0.0,0.0058394,0.1625917,0.020438,0.6656934,0.400978,0.2130178,0.8571429,9.711176264112805
1386.0,0.4718615,0.0,0.2222222,0.1584699,0.8881674,0.0,0.7388988,0.0017762,0.0106572,0.0678808,0.0,1.0,0.0513245,0.0333333,0.6470588,10.038935856711177
640.0,0.48125,0.0,0.134375,0.1084337,0.903125,0.0,0.7591837,0.0,0.0122449,0.0648855,0.0,0.9714286,0.259542,0.1046512,0.4,10.236417809461043
1285.0,0.4653696,0.0,0.1035019,0.0858806,0.9151751,0.0,0.8065217,0.0130435,0.023913,0.1254753,0.0,0.9934783,0.4619772,0.1415929,0.75,10.034559673629849
239.0,0.4686192,0.0,0.1422594,0.1496063,0.8702929,0.0,0.6777778,0.0,0.0222222,0.0526316,0.0,0.9888889,0.1157895,0.0909091,1.0,10.188704088048116
1006.0,0.4970179,0.0,0.0785288,0.0513834,0.9502982,0.0,0.8584337,0.0,0.0090361,0.0119048,0.0,1.0,0.0863095,0.1388889,0.0,10.823790225800138
696.0,0.4798851,0.0,0.0962644,0.0718232,0.8836207,0.0,0.7628458,0.0118577,0.0434783,0.1538462,0.0,0.9960474,0.264214,0.0454545,0.625,10.261196961231647
66270.0,0.4796892,0.0953071,0.0813188,0.0686175,0.640169,0.1046778,0.5294918,0.0031105,0.1453011,0.1067,0.0829348,0.9351841,0.51919,0.0576592,0.5709343,10.968215530759236
332.0,0.496988,0.0150602,0.1596386,0.0898204,0.873494,0.0,0.7398374,0.0,0.0650407,0.1398601,0.0081301,0.9918699,0.0839161,0.0666667,0.8,13.122367377396328
290.0,0.4206897,0.5586207,0.1448276,0.1130952,0.8827586,0.0,0.7009346,0.0,0.0186916,0.1083333,0.4859813,1.0,0.275,0.2,1.0,9.65509029374725
3350.0,0.4731343,0.0149254,0.2223881,0.176204,0.8438806,0.0229851,0.6872214,0.0022288,0.0156018,0.1886679,0.0148588,0.9710253,0.3254973,0.119883,0.7894737,9.918425424900335
197.0,0.4923858,0.0,0.2233503,0.1,0.9137056,0.0,0.7826087,0.0144928,0.0144928,0.2959184,0.0,1.0,0.2040816,0.25,0.5,10.250652418696085
1735.0,0.4778098,0.0011527,0.2345821,0.183223,0.7913545,0.0293948,0.6293801,0.0067385,0.0296496,0.0962241,0.0013477,0.9851752,0.2984166,0.0809524,0.75,10.012386799492118
12038.0,0.4839674,0.0142881,0.1400565,0.09868,0.8150025,0.0193554,0.654579,0.0047121,0.0510141,0.0461208,0.0147511,0.9963122,0.3832324,0.0337312,0.2352941,10.891186902297498
992.0,0.4727823,0.0020161,0.1219758,0.1300191,0.8447581,0.0,0.6971154,0.0048077,0.0576923,0.1148936,0.0024038,0.9855769,0.2276596,0.0274725,0.1666667,10.505094936455558
161.0,0.5093168,0.0,0.1490683,0.1392405,0.8944099,0.0,0.7241379,0.0,0.0172414,0.1714286,0.0,1.0,0.2857143,0.2142857,1.0,9.615805480084347
398.0,0.4824121,0.0276382,0.178392,0.1650485,0.879397,0.0,0.7423313,0.0,0.0306748,0.1236559,0.0368098,1.0,0.155914,0.0625,1.0,10.925956465688445
589.0,0.4702886,0.0033956,0.3259762,0.1826923,0.811545,0.0,0.6177606,0.011583,0.030888,0.1099656,0.0,1.0,0.2920962,0.0535714,0.8181818,9.615805480084347
785.0,0.4929936,0.0038217,0.0828025,0.0477387,0.8878981,0.0,0.7564576,0.0110701,0.0664207,0.0590278,0.00369,0.9704797,0.3923611,0.1284404,0.0,10.502351525774941
1058.0,0.4706994,0.0028355,0.1748582,0.125,0.8931947,0.0,0.7542579,0.0048662,0.0218978,0.0529954,0.0,0.9975669,0.2119816,0.0212766,0.6,10.332050506334692
457.0,0.4967177,0.0021882,0.2231947,0.1869565,0.8949672,0.0,0.7514124,0.0056497,0.0169492,0.0483871,0.0,1.0,0.1397849,0.1481481,1.0,10.102379394048045
2681.0,0.4826557,0.000746,0.1439761,0.0930065,0.8989183,0.0119358,0.7574421,0.0011025,0.016538,0.0639835,0.0011025,0.9481808,0.3405573,0.1434109,0.5454545,10.55843949396453
2650.0,0.4833962,0.0166038,0.1113208,0.0774288,0.785283,0.0135849,0.6112601,0.0017873,0.0741734,0.0452218,0.0125112,0.9803396,0.4795222,0.0266223,0.0,11.50892748368293
499.0,0.4809619,0.0,0.1422846,0.1235521,0.8617234,0.0,0.7106599,0.0050761,0.0507614,0.0837209,0.0,0.964467,0.3209302,0.1481481,0.75,9.937937287265354
4078.0,0.497793,0.0117705,0.0769985,0.0776367,0.8447769,0.0706229,0.7822639,0.0028839,0.0259553,0.0747165,0.0021629,0.9870224,0.2975317,0.0664452,0.3333333,10.579005242826247
1393.0,0.4666188,0.0014358,0.2254128,0.1951548,0.8183776,0.0610194,0.6959847,0.001912,0.0133843,0.1737757,0.001912,0.9502868,0.314376,0.1165049,0.7307692,10.188704088048116
21.0,0.4285714,0.0,0.1428571,0.0833333,0.8095238,0.0,0.5555556,0.0,0.0,0.0,0.0,1.0,0.1111111,0.0,0.0,11.002116507732017
346.0,0.4739884,0.0,0.1300578,0.1153846,0.933526,0.0,0.8145161,0.0,0.0,0.1079137,0.0,1.0,0.3381295,0.2083333,0.6,9.758519582283522
2268.0,0.4589947,0.0004409,0.2821869,0.202934,0.8447972,0.0013228,0.6673347,0.001002,0.0140281,0.0793358,0.001002,0.997996,0.3357934,0.0743494,0.75,9.90353755128617
3819.0,0.5171511,0.0028803,0.0908615,0.058026,0.88243,0.0,0.7516152,0.0035894,0.0624551,0.1331674,0.0007179,0.9928212,0.2258867,0.0664452,0.4615385,11.332613886815139
1220.0,0.5401639,0.0139344,0.1844262,0.1247772,0.6631148,0.0139344,0.493808,0.001548,0.0959752,0.3312629,0.0108359,0.9504644,0.6925466,0.0079365,0.375,11.332613886815139
145.0,0.4827586,0.0,0.0965517,0.08,0.8965517,0.0,0.75,0.0,0.0384615,0.1333333,0.0,1.0,0.2166667,0.125,0.5,10.591647316585027
158.0,0.4873418,0.0,0.1518987,0.1604938,0.8227848,0.0,0.578125,0.0,0.015625,0.0447761,0.0,1.0,0.3432836,0.0,0.0,9.615805480084347
214.0,0.5,0.0,0.1308411,0.1028037,0.8971963,0.0,0.7402597,0.0,0.025974,0.0833333,0.0,1.0,0.1904762,0.1333333,0.0,9.615805480084347
452.0,0.420354,0.4911504,0.3053097,0.2633588,0.7123894,0.1858407,0.6928571,0.0,0.0214286,0.0789474,0.4357143,0.9714286,0.3618421,0.1777778,0.0,9.615805480084347
157.0,0.4585987,0.0,0.1719745,0.1294118,0.8980892,0.0,0.7931034,0.0172414,0.0517241,0.1470588,0.0,0.9827586,0.3088235,0.2941176,0.25,9.615805480084347
1942.0,0.4510814,0.0046344,0.2368692,0.1407129,0.80793,0.0576725,0.6786667,0.0026667,0.0226667,0.0297542,0.004,0.996,0.305304,0.045977,0.6666667,10.680539205318292
3334.0,0.464907,0.0746851,0.1511698,0.1311659,0.8821236,0.0158968,0.7481045,0.0050548,0.0244313,0.0302288,0.0505476,0.9941028,0.1936275,0.175772,0.25,10.74937727911096
133.0,0.5639098,0.0,0.1278195,0.1034483,0.8947368,0.0,0.7307692,0.0,0.0,0.2463768,0.0,1.0,0.4057971,0.0909091,0.0,9.615805480084347
18175.0,0.4919395,0.4087483,0.1348006,0.1282218,0.7794773,0.1250619,0.7343304,0.0021845,0.0193245,0.0792202,0.3464964,0.9981516,0.3114653,0.1467972,0.5714286,10.275085591132715
141.0,0.5673759,0.0,0.070922,0.0655738,0.9432624,0.0,0.8444444,0.0,0.0222222,0.0425532,0.0,1.0,0.106383,0.0,0.0,9.873079890114703
386.0,0.4559585,0.0,0.3419689,0.2238095,0.738342,0.0829016,0.5892857,0.0,0.0,0.1884058,0.0,1.0,0.2560386,0.0869565,0.9166667,9.615805480084347
12133.0,0.4788593,0.0022253,0.1441523,0.0929938,0.847853,0.0048628,0.6973846,0.0059256,0.0512873,0.030315,0.0014303,0.9865141,0.2900733,0.0561404,0.1818182,11.05407540279458
19717.0,0.4480905,0.6185018,0.1536238,0.1638486,0.8604757,0.0283005,0.6995118,0.0020713,0.0190857,0.062552,0.5599941,0.9926025,0.343828,0.1927384,0.423913,10.181157167204903
473.0,0.4587738,0.1310782,0.1691332,0.1796875,0.8562368,0.0,0.6770833,0.0,0.0260417,0.1615721,0.1354167,0.9947917,0.3755459,0.1139241,0.3333333,9.787009914477434
283.0,0.4911661,0.0,0.0388693,0.0277778,0.9045936,0.0,0.7731959,0.0103093,0.0206186,0.2814815,0.0,1.0,0.1407407,0.1304348,0.3333333,10.114599007626499
2315.0,0.4561555,0.0332613,0.2077754,0.1930103,0.8077754,0.0444924,0.6585106,0.0010638,0.0202128,0.1098485,0.0340426,0.9968085,0.4308712,0.0566038,0.8,10.098272780745283
4088.0,0.4836106,0.0019569,0.1257339,0.0942681,0.9293053,0.0,0.8307692,0.0040134,0.0147157,0.0638698,0.0006689,0.9966555,0.2016281,0.1129707,0.2941176,10.566201298475118
1579.0,0.4832172,0.0,0.0759975,0.0526961,0.9487017,0.0,0.8627451,0.0,0.0071301,0.0360825,0.0,0.9982175,0.1237113,0.125,0.0,10.825780236605917
1486.0,0.4899058,0.0020188,0.1897712,0.1055409,0.8916555,0.0020188,0.7575251,0.0,0.0200669,0.0212766,0.0016722,0.9983278,0.1751227,0.060241,0.0,10.843514342086866
5054.0,0.4388603,0.0003957,0.2299169,0.1932299,0.7952117,0.0488722,0.649739,0.0018984,0.0208828,0.0803143,0.0,0.9962031,0.3670886,0.0671141,0.44,9.867912187022208
2599.0,0.4817237,0.474798,0.0896499,0.0957684,0.8799538,0.0242401,0.7576444,0.0056625,0.0271801,0.1309055,0.4280861,0.98641,0.3464567,0.1572581,0.8571429,10.799595985047786
1195.0,0.5020921,0.0033473,0.0560669,0.0352941,0.9280335,0.0,0.8229426,0.0024938,0.032419,0.026699,0.0024938,0.9925187,0.2791262,0.0322581,0.3333333,10.995427631436174
178.0,0.5449438,0.0,0.0561798,0.0617284,0.9325843,0.0,0.8148148,0.0,0.037037,0.1692308,0.0,0.9814815,0.6307692,0.1052632,0.0,10.268165387743457
4954.0,0.4769883,0.015543,0.1160678,0.1011193,0.8823173,0.0,0.7410256,0.0035897,0.0302564,0.0696565,0.0112821,0.9958974,0.3936069,0.0776699,0.35,10.090008612393838
2357.0,0.4590581,0.0012728,0.1650403,0.1466667,0.8294442,0.0403055,0.6982571,0.0043573,0.0250545,0.0783133,0.0,0.9934641,0.2891566,0.0694444,0.6190476,10.158168529848494
180.0,0.5388889,0.0,0.1111111,0.0120482,0.9055556,0.0,0.796875,0.015625,0.046875,0.0985915,0.0,1.0,0.3661972,0.0,1.0,9.814710982145282
1768.0,0.5248869,0.0028281,0.0147059,0.0083333,0.7132353,0.0005656,0.5681492,0.0028694,0.2180775,0.2851282,0.0043042,0.9770445,0.5158974,0.0692771,0.5217391,11.331415578682627
991.0,0.493441,0.1130172,0.1614531,0.1553785,0.740666,0.0272452,0.5675676,0.0067568,0.0630631,0.3508772,0.1036036,0.990991,0.4444444,0.0526316,0.8292683,11.010415172807951
14930.0,0.4432686,0.0112525,0.5624246,0.2325553,0.8002679,0.0077026,0.6533124,0.0018329,0.0239592,0.1020456,0.0092956,0.9581042,0.2920292,0.0390033,0.3988095,11.304682841344873
813.0,0.500615,0.00492,0.099631,0.046798,0.897909,0.0,0.7873754,0.0166113,0.0398671,0.0474684,0.0033223,0.9933555,0.2025316,0.122807,1.0,9.94755228369823
1273.0,0.4823252,0.0023566,0.1563236,0.1153263,0.8248233,0.0,0.6428571,0.0056391,0.0469925,0.0567376,0.0018797,0.9962406,0.320922,0.043956,0.5,10.39516093745751
182.0,0.4615385,0.521978,0.1428571,0.1632653,0.9230769,0.0,0.7941176,0.0,0.0,0.0555556,0.4558824,1.0,0.4722222,0.2,1.0,9.97119292889014
455.0,0.443956,0.0,0.156044,0.1383399,0.8461538,0.0,0.655914,0.0053763,0.016129,0.0461538,0.0,0.9946237,0.2512821,0.0909091,1.0,10.292179440058462
113.0,0.5044248,0.5575221,0.3893805,0.1964286,0.7699115,0.0,0.5517241,0.0,0.0,0.2368421,0.5,1.0,0.3289474,0.0,1.0,9.615805480084347
287.0,0.5087108,0.3066202,0.1707317,0.1631206,0.9163763,0.0,0.7850467,0.0,0.0093458,0.0854701,0.271028,1.0,0.1880342,0.0909091,0.0,10.485731104959568
2147.0,0.4513274,0.0,0.2864462,0.1952462,0.7880764,0.0372613,0.6253935,0.003148,0.0136411,0.0827719,0.0,1.0,0.3012512,0.0470588,0.4615385,10.05195066017375
11261.0,0.5043957,0.0007104,0.0361424,0.0213223,0.9725602,0.001332,0.9136612,0.0021858,0.0156648,0.0307203,0.0,0.9759563,0.1401836,0.2789855,0.5882353,11.03005541721757
573.0,0.460733,0.0,0.3106457,0.223301,0.8499127,0.0,0.6640625,0.0,0.0,0.1633987,0.0,0.8789062,0.3039216,0.1428571,0.8571429,9.615805480084347
121.0,0.4710744,0.0,0.1487603,0.078125,0.8429752,0.0,0.6666667,0.0,0.0392157,0.1904762,0.0,0.8627451,0.5079365,0.04,0.0,11.119897691565697
90454.0,0.4904703,0.5483229,0.0573441,0.0592549,0.9375926,0.0081257,0.8339381,0.0053756,0.0295659,0.0394165,0.6607087,0.6870492,0.5360386,0.3972389,0.5026455,11.364437057512568
473.0,0.4778013,0.0,0.1078224,0.1093117,0.8858351,0.0,0.7202381,0.0,0.0357143,0.0718232,0.0,1.0,0.2099448,0.1162791,0.0,10.732061203925053
260.0,0.4923077,0.0,0.2153846,0.1363636,0.8269231,0.0,0.6363636,0.0090909,0.0363636,0.1472868,0.0,1.0,0.3255814,0.0454545,1.0,9.937937287265354
11055.0,0.4739937,0.0426956,0.1280868,0.1014617,0.8205337,0.0138399,0.6609536,0.0024171,0.0505383,0.0358051,0.0377939,0.9628653,0.4358051,0.0554401,0.5333333,11.98854454800156
2281.0,0.4638317,0.6185883,0.1907058,0.1766149,0.8509426,0.0306883,0.7137637,0.0036541,0.0280146,0.0764904,0.5505481,1.0,0.2305962,0.1941748,0.8571429,10.357774570341576
1811.0,0.4583103,0.0143567,0.2473771,0.1783894,0.8398675,0.0055218,0.6743887,0.002574,0.029601,0.0837264,0.011583,0.984556,0.3408019,0.048913,0.75,11.183045451818261
600.0,0.505,0.0016667,0.1383333,0.1515152,0.8333333,0.0533333,0.7156398,0.0,0.0379147,0.2847458,0.0,0.9952607,0.2372881,0.1,0.5,10.657282884047461
1155.0,0.4865801,0.0008658,0.1887446,0.0944351,0.8796537,0.0,0.7300885,0.0022124,0.0353982,0.0563674,0.0,0.9977876,0.2400835,0.0806452,0.5,10.488520429241627
4610.0,0.4895879,0.0010846,0.0555315,0.0433489,0.8876356,0.0013015,0.7627315,0.0046296,0.0486111,0.1437066,0.0005787,0.9814815,0.3017839,0.0902527,0.5263158,11.13751903414526
2384.0,0.4593121,0.0012584,0.2546141,0.193173,0.760906,0.0721477,0.6203996,0.002103,0.0315457,0.0712891,0.0010515,0.997897,0.2871094,0.041841,0.8,10.389026137075234
2550.0,0.4827451,0.0321569,0.1482353,0.0932525,0.7831373,0.0011765,0.6053541,0.0025907,0.066494,0.0931872,0.0276339,0.9939551,0.3657009,0.0162722,0.9473684,11.697752214480175
198.0,0.4848485,0.2828283,0.2424242,0.245098,0.8282828,0.0,0.6511628,0.0116279,0.0116279,0.14,0.2209302,1.0,0.23,0.15,0.0,9.857495968685136
2919.0,0.4765331,0.0058239,0.1325797,0.1302356,0.9027064,0.0,0.7619048,0.0018315,0.0155678,0.0730051,0.0027473,0.9972527,0.2555178,0.1527778,0.3684211,10.354595018522993
2942.0,0.4779062,0.0003399,0.1172672,0.0917969,0.8766145,0.0,0.7216857,0.0043898,0.0307287,0.0717196,0.000878,0.9894644,0.3830481,0.0700483,0.8,10.5815464756746
1390.0,0.4870504,0.0014388,0.1280576,0.1220196,0.9086331,0.0,0.7593688,0.0,0.0098619,0.0697248,0.0019724,0.9230769,0.2623853,0.1485149,0.8333333,10.50783084142058
301.0,0.4983389,0.0,0.0697674,0.0596026,0.9136213,0.0,0.74,0.0,0.0,0.0909091,0.0,0.94,0.2545455,0.2903226,1.0,10.043292972227004
1833.0,0.4473541,0.2836879,0.2154937,0.1984205,0.8767049,0.0,0.7050754,0.0,0.0123457,0.1152913,0.266118,0.9972565,0.3531553,0.1202532,0.8947368,9.615805480084347
164.0,0.4939024,0.0,0.0914634,0.1084337,0.8536585,0.0,0.6666667,0.0,0.0666667,0.1780822,0.0,1.0,0.2876712,0.0,0.75,9.69898173460629
4091.0,0.488878,0.0051332,0.2168174,0.0961263,0.8851137,0.0,0.7744451,0.0023995,0.04979,0.1258521,0.0029994,0.9832034,0.2207656,0.0366197,0.2173913,11.267037714175425
8739.0,0.4600069,0.0041195,0.1774803,0.1173978,0.8055842,0.0110997,0.6157582,0.0008095,0.0418241,0.0569975,0.0024285,0.9848894,0.1923664,0.039819,0.3108108,12.647872897281076
730.0,0.4986301,0.0,0.1493151,0.0901639,0.8945205,0.0,0.7472119,0.0074349,0.0260223,0.0561404,0.0,1.0,0.2105263,0.1219512,0.6666667,10.106469212026385
236.0,0.4745763,0.0,0.2372881,0.1612903,0.8389831,0.0,0.628866,0.0,0.0206186,0.0582524,0.0,1.0,0.2427184,0.0952381,1.0,9.615805480084347
333.0,0.5255255,0.0,0.2102102,0.1139241,0.8798799,0.0,0.75,0.0,0.0454545,0.1538462,0.0,1.0,0.2692308,0.0555556,1.0,9.615805480084347
3919.0,0.4853279,0.0022965,0.0872672,0.0723847,0.8787956,0.0,0.7383051,0.0061017,0.0508475,0.0321522,0.0013559,0.9891525,0.4041995,0.0946746,0.4074074,10.689692377847104
2180.0,0.5779817,0.0188073,0.1288991,0.123913,0.8431193,0.0,0.7112676,0.0070423,0.0676056,0.0989848,0.0211268,0.7802817,0.5241117,0.3219373,0.0,10.457401400981889
341.0,0.5102639,0.0,0.1378299,0.0838323,0.9061584,0.0,0.7627119,0.0084746,0.0254237,0.0923077,0.0,0.7542373,0.3615385,0.2162162,0.0,10.060534035475412
66.0,0.5606061,0.0,0.1060606,0.0689655,0.8484848,0.0,0.64,0.0,0.04,0.2857143,0.0,1.0,0.8285714,0.2,0.0,9.615805480084347
5671.0,0.4679951,0.000529,0.1952037,0.1425257,0.8222536,0.022571,0.6634126,0.00382,0.0263158,0.0673001,0.0004244,0.9940577,0.3083927,0.0597015,0.5217391,10.25769445336048
659.0,0.4946889,0.0273141,0.0789074,0.045045,0.9347496,0.0,0.853211,0.0137615,0.0229358,0.0878661,0.0275229,0.9724771,0.2468619,0.2,0.5,9.923339198238729
812.0,0.4519704,0.0258621,0.3041872,0.2247191,0.7857143,0.0320197,0.6276596,0.0,0.0212766,0.0528967,0.0159574,0.9973404,0.3526448,0.0854701,0.6,10.721084386282662
6210.0,0.4694042,0.0186795,0.1326892,0.1277693,0.8494364,0.0257649,0.6952752,0.0021673,0.0273082,0.0463001,0.017772,0.9566537,0.2964035,0.1189979,0.32,10.540090836284206
2464.0,0.4358766,0.304789,0.2321429,0.218705,0.7780032,0.0689935,0.6485398,0.0020141,0.0221551,0.0923218,0.264854,0.9979859,0.3528336,0.0775681,0.5714286,10.360944044643913
778.0,0.4910026,0.0025707,0.1568123,0.1085859,0.8958869,0.0,0.7423729,0.0,0.0169492,0.0809969,0.0,0.9966102,0.1713396,0.1428571,0.0,9.642187721358466
9026.0,0.4859295,0.0019942,0.1304011,0.0939655,0.9145801,0.0,0.7945929,0.0027968,0.0229956,0.0177045,0.0021753,0.9953387,0.1920024,0.0426065,0.3529412,11.501874628783144
56632.0,0.4740253,0.0183289,0.172429,0.1244167,0.8268823,0.0238558,0.6763757,0.0026961,0.0406188,0.0449557,0.0121105,0.9739669,0.3814268,0.0640971,0.6502732,11.461642696843066
11980.0,0.4536728,0.6606845,0.1614357,0.1222307,0.8276294,0.0138564,0.6585315,0.0035461,0.0427618,0.0448296,0.6451815,0.992282,0.343694,0.032445,0.4126984,11.089820688682373
15614.0,0.4724606,0.0682721,0.1047778,0.0727207,0.8345715,0.007109,0.674936,0.0035211,0.0576184,0.0507445,0.065621,0.9785531,0.286539,0.0303153,0.2647059,11.16479958768697
3169.0,0.4452509,0.4667087,0.1846008,0.1706485,0.8387504,0.0530136,0.7188049,0.0017575,0.0149385,0.0717781,0.3804921,0.9876977,0.278956,0.1238095,0.8333333,10.090008612393838
3068.0,0.5130378,0.0110821,0.1000652,0.0696118,0.9152542,0.0013038,0.8073593,0.0054113,0.0573593,0.0375,0.0108225,0.9296537,0.41875,0.1806616,0.0,12.274203145281486
1546.0,0.496119,0.0025873,0.3402329,0.097561,0.8641656,0.0,0.7519894,0.0013263,0.0212202,0.6653351,0.0026525,0.9854111,0.3359964,0.0434783,0.619403,11.427378469795439
2681.0,0.5013055,0.001492,0.07721,0.0545999,0.9324879,0.0,0.8425821,0.00453,0.0385051,0.027533,0.0011325,0.9875425,0.05837,0.1842105,1.0,11.269591961359195
3917.0,0.4985959,0.0048507,0.0753127,0.0509165,0.9211131,0.002553,0.8223429,0.0069822,0.0403413,0.0645864,0.003879,0.5748642,0.2525399,0.1325301,0.2380952,11.065090289695444
279.0,0.4731183,0.0,0.1003584,0.1292517,0.8853047,0.0,0.6947368,0.0,0.0315789,0.0776699,0.0,1.0,0.1553398,0.2666667,0.0,9.908524844053396
137.0,0.4452555,0.0291971,0.0948905,0.0789474,0.9416058,0.0,0.8636364,0.0,0.0227273,0.1851852,0.0227273,1.0,0.4074074,0.1111111,1.0,9.615805480084347
367.0,0.5231608,0.0,0.2425068,0.16,0.866485,0.0,0.7267081,0.0062112,0.0248447,0.1614583,0.0,1.0,0.2760417,0.0,0.75,9.723223876851618
1542.0,0.4520104,0.0,0.1919585,0.2035503,0.8566796,0.0,0.6845238,0.0,0.0133929,0.0756534,0.0,0.9970238,0.3796424,0.031746,1.0,10.584081267024454
3220.0,0.4857143,0.0003106,0.0729814,0.0573671,0.9149068,0.0,0.8035874,0.0080717,0.0349776,0.0387931,0.0,0.9982063,0.225,0.0595745,0.8181818,10.795506083434564
258.0,0.5116279,0.0,0.0542636,0.015873,0.9651163,0.0,0.8679245,0.0188679,0.0188679,0.2089552,0.0,1.0,0.880597,0.52,1.0,9.615805480084347
4983.0,0.4722055,0.0008027,0.1230183,0.1015209,0.9349789,0.0066225,0.8242344,0.0039947,0.0099867,0.1164706,0.0006658,0.0505992,0.4182353,0.2704626,0.6666667,9.615805480084347
1360.0,0.4794118,0.0,0.2330882,0.1553672,0.8713235,0.0,0.7044248,0.0,0.0123894,0.0887097,0.0,0.9929204,0.066129,0.0441176,0.75,10.114599007626499
7878.0,0.4914953,0.0027926,0.1237624,0.0851223,0.8816959,0.0,0.7411565,0.0061224,0.0438776,0.0482357,0.0030612,0.9931973,0.2495953,0.0435281,0.25,11.530775206233024
709.0,0.493653,0.0,0.0916784,0.0779944,0.9294781,0.0,0.8119658,0.0042735,0.017094,0.0677291,0.0,0.982906,0.3227092,0.3809524,0.0,10.30229722897745
887.0,0.4599775,0.0,0.3269448,0.2150313,0.7564825,0.0631342,0.6058981,0.0053619,0.0268097,0.1182033,0.0,0.997319,0.2955083,0.0769231,0.8181818,9.615805480084347
5341.0,0.4413031,0.0099232,0.2780378,0.1977212,0.7635274,0.0112339,0.5730693,0.0027723,0.0411881,0.1546702,0.0059406,0.9908911,0.3498493,0.0249769,0.2291667,11.919729676079623
749.0,0.4833111,0.0226969,0.105474,0.1007752,0.8958611,0.0,0.7564576,0.0,0.0369004,0.0996678,0.0184502,0.99631,0.1162791,0.2115385,0.7333333,11.602775309696066
220.0,0.5272727,0.0045455,0.1318182,0.0769231,0.9090909,0.0,0.7790698,0.0,0.0116279,0.0652174,0.0116279,0.9302326,0.3695652,0.2380952,0.0,10.207325906555994
922.0,0.4609544,0.2809111,0.1746204,0.1368209,0.8774403,0.0,0.7092391,0.0,0.0163043,0.1711712,0.2554348,0.9972826,0.4009009,0.1238095,1.0,10.146472946063877
71245.0,0.4738297,0.1376939,0.1341147,0.1005682,0.8711629,0.010499,0.721849,0.0041606,0.0332468,0.0488673,0.1195893,0.8667456,0.2849622,0.1255517,0.569697,10.611547975828369
2653.0,0.4851112,0.0011308,0.0670939,0.0512445,0.8937052,0.0,0.7533129,0.0020387,0.0346585,0.0238806,0.0010194,0.9959225,0.2477612,0.037594,0.3333333,10.876177521259402
417.0,0.4868106,0.0479616,0.1846523,0.1542056,0.8513189,0.0,0.6724138,0.0,0.0287356,0.1343284,0.045977,0.9942529,0.1442786,0.1428571,1.0,9.825580063659602
366.0,0.5437158,0.0,0.0519126,0.0419162,0.9644809,0.0,0.8823529,0.0,0.0098039,0.0377358,0.0,0.9607843,0.1226415,0.1904762,0.0,10.959557617938563
43787.0,0.4635166,0.018864,0.1614178,0.1056575,0.7246671,0.0157124,0.5600502,0.0025596,0.1062484,0.0364155,0.0167127,0.9921706,0.3974272,0.0185086,0.3181818,11.206413891581187
727.0,0.5034388,0.0,0.090784,0.0526316,0.9133425,0.0,0.8023256,0.003876,0.0348837,0.0479705,0.0,1.0,0.1291513,0.2307692,0.0,10.785207543360087
1965.0,0.4829517,0.0295165,0.1526718,0.0777559,0.7659033,0.0,0.5718816,0.0,0.0560254,0.1109023,0.0211416,0.9767442,0.5827068,0.018018,0.5769231,12.627742412734825
788.0,0.5164975,0.001269,0.0977157,0.0839895,0.8502538,0.0,0.679868,0.009901,0.0528053,0.0790274,0.0033003,0.9834983,0.3556231,0.0333333,1.0,10.738589920723442
869.0,0.424626,0.0011507,0.2842348,0.234,0.7871116,0.0540852,0.65,0.0027778,0.025,0.1198044,0.0,1.0,0.2371638,0.12,0.8888889,9.615805480084347
19800.0,0.4679293,0.0544444,0.1960101,0.153963,0.8121212,0.0130808,0.6435361,0.006654,0.0403992,0.096414,0.0515684,0.9925143,0.3263904,0.0682254,0.4432432,10.102379394048045
1639.0,0.419158,0.0463697,0.2824893,0.2415966,0.7614399,0.0414887,0.5881561,0.0026918,0.0174966,0.082716,0.0457604,0.9986541,0.345679,0.0405405,0.6666667,10.090008612393838
131.0,0.4961832,0.0,0.2366412,0.0909091,0.9160305,0.0,0.787234,0.0,0.0212766,0.06,0.0,1.0,0.28,0.0,0.0,10.169728906753061
482.0,0.4896266,0.0,0.1887967,0.1300813,0.8526971,0.0,0.6683417,0.0,0.0251256,0.0995475,0.0,1.0,0.4434389,0.1,1.0,10.056251557087757
1049.0,0.5176358,0.0047664,0.0943756,0.0395257,0.9561487,0.0,0.8671096,0.0,0.0166113,0.0321543,0.0033223,0.9800664,0.1543408,0.2972973,0.0,10.714439990727769
135.0,0.6444444,0.0,0.0074074,0.0,0.637037,0.2962963,0.7666667,0.0,0.0666667,0.1666667,0.0,1.0,0.6111111,0.1923077,0.0,11.685205103383671
4765.0,0.4493179,0.1162644,0.2104932,0.1871189,0.8190976,0.0098636,0.6379723,0.0023912,0.0215208,0.0731383,0.1004304,0.9947394,0.4042553,0.068323,0.6176471,10.110542371500753
655.0,0.4870229,0.0030534,0.0259542,0.0595238,0.9541985,0.0152672,0.902439,0.0,0.0243902,0.1546392,0.0,0.9634146,0.5463918,0.3253012,1.0,9.615805480084347
6597.0,0.4888586,0.0031833,0.1367288,0.0827402,0.8749432,0.0077308,0.7525521,0.001225,0.0449163,0.0437329,0.00245,0.9783585,0.1304178,0.0796117,0.4516129,12.287196307223885
1812.0,0.4740618,0.0016556,0.1738411,0.1332634,0.8371965,0.0,0.6484375,0.0065104,0.0260417,0.0622711,0.0013021,0.9947917,0.3589744,0.0652174,0.6666667,10.691967639914864
2861.0,0.4365606,0.0950717,0.2020273,0.2028536,0.7997204,0.0443901,0.6451613,0.0008271,0.0124069,0.0642415,0.0876758,0.9950372,0.375387,0.0604752,0.5454545,10.038935856711177
11960.0,0.4733278,0.0321906,0.1738294,0.139546,0.7779264,0.0549331,0.6274379,0.008422,0.0529699,0.0660319,0.0277039,0.9583333,0.5195612,0.1449727,0.3461538,10.827766295132466
6474.0,0.4796108,0.0196169,0.1353105,0.1104185,0.8378128,0.0,0.6669234,0.006161,0.0542934,0.0681737,0.0207932,0.980362,0.3530678,0.0577082,0.2631579,11.588042213851855
195.0,0.4717949,0.0102564,0.1794872,0.1359223,0.8410256,0.0,0.6790123,0.0,0.0493827,0.0470588,0.0123457,0.9753086,0.2941176,0.0740741,0.0,10.829748417047593
83.0,0.4939759,0.0,0.2650602,0.2857143,0.7228916,0.0,0.475,0.0,0.05,0.0243902,0.0,1.0,0.0731707,0.25,1.0,9.615805480084347
1179.0,0.490246,0.0067854,0.230704,0.1181364,0.8481764,0.0,0.6906318,0.0,0.0631808,0.5301945,0.0021786,0.9803922,0.122825,0.0990099,0.8947368,12.581081982573842
221.0,0.5158371,0.0,0.1493213,0.0934579,0.9049774,0.0,0.7654321,0.0123457,0.0123457,0.0470588,0.0,1.0,0.1764706,0.0,0.0,10.214678610538817
940.0,0.4712766,0.0021277,0.1265957,0.0885312,0.9234043,0.0,0.8022599,0.0,0.0056497,0.0406504,0.0028249,1.0,0.1734417,0.031746,0.6,10.382853468483827
672.0,0.4151786,0.0,0.4970238,0.3307888,0.6473214,0.2247024,0.66,0.0,0.004,0.0566038,0.0,1.0,0.2792453,0.0350877,0.0,10.056251557087757
2207.0,0.4553693,0.0271862,0.2614409,0.2071547,0.8015406,0.03942,0.6321839,0.0068966,0.0229885,0.1730038,0.0241379,0.7149425,0.3821293,0.1311475,0.7906977,9.928228944424575
303.0,0.4752475,0.0,0.2244224,0.1194969,0.8778878,0.0,0.7333333,0.0,0.0416667,0.1724138,0.0,0.9916667,0.2206897,0.1538462,0.3333333,10.545367754151743
543.0,0.4383057,0.0128913,0.2302026,0.2459016,0.7734807,0.1123389,0.7027027,0.0,0.0324324,0.341637,0.0162162,0.9891892,0.1743772,0.1454545,0.75,10.70101727068921
381.0,0.4776903,0.0,0.1784777,0.1407035,0.9028871,0.0,0.7464789,0.0,0.0070423,0.1977401,0.0,0.9295775,0.3333333,0.1481481,0.0,9.615805480084347
323.0,0.4582043,0.0216718,0.2012384,0.1714286,0.8482972,0.0,0.6335878,0.0,0.0076336,0.3671498,0.0152672,0.9923664,0.3429952,0.1571429,1.0,9.615805480084347
2635.0,0.4956357,0.000759,0.1514231,0.0812641,0.9195446,0.0,0.8140756,0.0063025,0.0262605,0.0275792,0.0021008,0.9947479,0.1521961,0.0540541,0.0,11.623580937568695
10444.0,0.4935848,0.0041172,0.0630027,0.0502931,0.9387208,0.0,0.8457984,0.0028877,0.0239677,0.0604992,0.0031764,0.9965348,0.2053717,0.0760095,0.5,10.872389709681492
38923.0,0.5403746,0.0341957,0.0465535,0.0334824,0.2588444,0.3166251,0.3253794,0.0024685,0.4005303,0.0589349,0.0332785,0.9826294,0.6235912,0.0794241,0.6666667,11.38054769238444
980.0,0.4612245,0.0010204,0.172449,0.1344697,0.8479592,0.0377551,0.718663,0.0111421,0.0167131,0.0452128,0.0,0.9972145,0.3031915,0.09375,0.6666667,10.474495347310453
5806.0,0.5010334,0.6097141,0.0830176,0.0904384,0.8491216,0.0272132,0.694725,0.0084175,0.0650954,0.1286064,0.6038159,0.8580247,0.6425428,0.2302231,0.2272727,10.626217806887722
2049.0,0.4607125,0.0029283,0.1893607,0.1547511,0.8345534,0.0,0.6587302,0.0090703,0.031746,0.0444204,0.0011338,0.9977324,0.2686891,0.0506757,0.5,10.601647149919609
9513.0,0.5016293,0.0327972,0.0856722,0.0706602,0.9081257,0.0,0.7856067,0.0030111,0.0391448,0.0246696,0.0243902,0.9593496,0.2358297,0.1099744,0.3333333,11.200964361058276
28974.0,0.4730448,0.0108028,0.1661835,0.1098376,0.8674329,0.0215711,0.7679505,0.0017118,0.045554,0.030071,0.0103661,0.9900143,0.1261876,0.0630297,0.308642,12.317618492524995
6947.0,0.4977688,0.0132431,0.1036419,0.0785325,0.8731827,0.0141068,0.75561,0.003264,0.0599755,0.0525705,0.0130559,0.9600163,0.2860456,0.0830189,0.3076923,11.602775309696066
9284.0,0.4890134,0.000754,0.3946575,0.1507167,0.7384748,0.0686127,0.66982,0.0046147,0.0634518,0.5656009,0.0002307,0.9912321,0.5825398,0.0289855,0.3922414,11.468984026707245
5379.0,0.4945157,0.0174754,0.1489124,0.1324016,0.5980666,0.0237962,0.4470385,0.0090791,0.2118461,0.1505692,0.0138348,0.8914829,0.6522218,0.0813648,0.0769231,12.269990661694345
1728.0,0.4820602,0.0138889,0.1822917,0.0826816,0.9253472,0.0,0.8162328,0.0015314,0.0122511,0.0297177,0.0137825,0.9938744,0.0089153,0.0588235,0.0,11.748005492256807
622.0,0.5209003,0.0016077,0.2106109,0.1442953,0.7909968,0.0723473,0.6709402,0.0042735,0.025641,0.0677291,0.0,1.0,0.2709163,0.1111111,1.0,9.803722464346553
7388.0,0.4867352,0.0079859,0.0856795,0.0659283,0.8482675,0.0,0.6952019,0.0041422,0.0693821,0.0404107,0.0058681,0.9796341,0.3242796,0.0391156,0.1176471,11.371373421319406
39.0,0.5128205,0.0,0.3589744,0.2631579,0.7692308,0.0,0.6111111,0.0,0.1111111,0.2173913,0.0,1.0,0.173913,0.0,1.0,9.615805480084347
231.0,0.5584416,0.0562771,0.1471861,0.1666667,0.6363636,0.1991342,0.6363636,0.0454545,0.0909091,0.0958904,0.0151515,1.0,0.3013699,0.0,0.0,9.615805480084347
177.0,0.4463277,0.0,0.2146893,0.122449,0.9039548,0.0,0.7605634,0.0,0.0,0.0273973,0.0,1.0,0.1780822,0.0526316,0.0,10.236417809461043
6257.0,0.4685952,0.001758,0.209845,0.1485714,0.7458846,0.0770337,0.6204527,0.0028294,0.0493129,0.0531956,0.0008084,0.9983832,0.3673938,0.0565635,0.5882353,10.114599007626499
405390.0,0.4867387,0.0428378,0.1262932,0.0919782,0.7629172,0.0285503,0.5963611,0.00544,0.0907398,0.1126499,0.0398131,0.7848111,0.5380554,0.0779007,0.4001933,10.862856930775358
3772.0,0.4782609,0.0007953,0.164369,0.1498984,0.8096501,0.0153765,0.6482713,0.0086436,0.0704787,0.1281159,0.0006649,0.9980053,0.386087,0.0690738,0.6,11.075985169527042
3096.0,0.4538114,0.001292,0.2041344,0.1845062,0.8049096,0.0694444,0.6943049,0.001675,0.0150754,0.0613208,0.0,0.9958124,0.3632075,0.0849802,0.5,10.298935994257638
373.0,0.463807,0.0,0.2198391,0.16,0.8927614,0.0,0.7432432,0.0,0.0135135,0.0864198,0.0,1.0,0.308642,0.0909091,0.0,9.913487387114461
5833.0,0.4858563,0.605006,0.1534373,0.0993665,0.8959369,0.0,0.7458143,0.0055809,0.0400812,0.192544,0.4804668,0.9868087,0.4575993,0.2395437,0.2894737,10.576457535657255
1116.0,0.4453405,0.546595,0.1335125,0.1211632,0.8826165,0.0,0.6992481,0.0050125,0.0225564,0.1582278,0.4761905,0.9974937,0.335443,0.1916667,0.5,9.857495968685136
1559.0,0.4708146,0.0032072,0.1783194,0.1115152,0.8274535,0.0,0.6603221,0.0029283,0.0468521,0.0500695,0.0,0.9912152,0.3365786,0.0529101,0.8333333,10.635879484421974
953.0,0.4910808,0.0020986,0.0839454,0.0762887,0.9590766,0.0,0.8687259,0.003861,0.015444,0.1535948,0.0,0.015444,0.5065359,0.3103448,1.0,9.615805480084347
259.0,0.4594595,0.0,0.2934363,0.2357143,0.7837838,0.0,0.6083333,0.0166667,0.0333333,0.1176471,0.0,0.9916667,0.2794118,0.0645161,1.0,9.615805480084347
21265.0,0.486245,0.0462732,0.0559605,0.044119,0.3112626,0.3731954,0.3880545,0.001381,0.2917314,0.0500164,0.0412567,0.9875712,0.4755658,0.0554974,0.2222222,10.85516473308054
183.0,0.5300546,0.0,0.1038251,0.0697674,0.8961749,0.0,0.7538462,0.0153846,0.0307692,0.1772152,0.0,0.9692308,0.4177215,0.2307692,0.0,9.615805480084347
16987.0,0.489021,0.0224289,0.1160299,0.0616359,0.9557897,0.0019427,0.8842515,0.0005565,0.0133556,0.0340441,0.0113152,0.9870154,0.0476617,0.1511628,0.3661972,12.955838788896964
27347.0,0.4654258,0.2056167,0.1678429,0.1490526,0.8223937,0.0367865,0.6894605,0.0037013,0.0367354,0.0696453,0.1672064,0.995651,0.3802514,0.0765403,0.4342857,10.586609649448985
357.0,0.5854342,0.0252101,0.1148459,0.0945946,0.7254902,0.1764706,0.7403846,0.0192308,0.0576923,0.0545455,0.0,1.0,0.2818182,0.1052632,0.5,10.106469212026385
207.0,0.4927536,0.0,0.1690821,0.1142857,0.8937198,0.0,0.7407407,0.0,0.0123457,0.7665706,0.0,0.9753086,0.6167147,0.2173913,0.3333333,10.389026137075234
2464.0,0.4809253,0.0020292,0.2159091,0.1211884,0.875,0.012987,0.7487781,0.0,0.0185728,0.0266413,0.0009775,0.998045,0.1646051,0.0560748,0.3333333,10.84546552414626
2939.0,0.4692072,0.0210956,0.2218442,0.1608974,0.7829194,0.0394692,0.6403509,0.0015949,0.0478469,0.0627803,0.0199362,0.9896332,0.3318386,0.0545455,0.3333333,11.611874470755124
2981.0,0.4726602,0.0828581,0.1385441,0.1170483,0.8815834,0.0,0.7394049,0.0072137,0.0441839,0.0398268,0.0784491,0.9963931,0.1965368,0.0977011,0.2,11.199597325534862
209.0,0.4784689,0.0047847,0.15311,0.1100917,0.8899522,0.0,0.75,0.0,0.0375,0.0909091,0.0125,1.0,0.2272727,0.1,1.0,9.975854724662028
2633.0,0.4614508,0.0037979,0.2255982,0.157969,0.8195974,0.048234,0.7093359,0.0019249,0.0279115,0.0563124,0.0028874,0.9980751,0.1925522,0.026178,0.3,10.723289410218579
35448.0,0.4977714,0.0117355,0.1085534,0.0775712,0.9042541,0.0232453,0.8335533,0.004524,0.0491989,0.0220297,0.0123468,0.9474081,0.3571758,0.1899937,0.2571429,12.104045457048253
81.0,0.4938272,0.0,0.1975309,0.1219512,0.8765432,0.0,0.6551724,0.0,0.0,0.0333333,0.0,1.0,0.2333333,0.0,0.0,9.787009914477434
348.0,0.4798851,0.0028736,0.1810345,0.1325967,0.9166667,0.0,0.7835821,0.0,0.0,0.0945946,0.0074627,0.9850746,0.25,0.3333333,0.6666667,10.404293143019792
5161.0,0.4968029,0.0079442,0.0509591,0.0361956,0.9370277,0.0,0.8487395,0.0048019,0.0330132,0.0930866,0.0084034,0.9189676,0.1943386,0.2113402,0.6447368,10.925956465688445
15915.0,0.4681118,0.2777254,0.1634936,0.1522741,0.8240653,0.0202953,0.6710063,0.0059733,0.0402818,0.0575924,0.2522592,0.9949456,0.4354792,0.0814342,0.4078947,10.468829770273567
773.0,0.4786546,0.0,0.2147477,0.1662531,0.7865459,0.0504528,0.6383648,0.0031447,0.0314465,0.1949367,0.0,0.9968553,0.3696203,0.0619469,0.5,10.762170357789895
241.0,0.4854772,0.0,0.1120332,0.0806452,0.8921162,0.0,0.7375,0.0125,0.0375,0.1578947,0.0,0.9,0.3578947,0.2777778,1.0,10.950824090522445
780.0,0.4884615,0.0,0.1512821,0.1403509,0.8666667,0.0,0.6631579,0.0070175,0.0210526,0.109375,0.0,1.0,0.43125,0.2434783,0.0,9.820160289946374
136.0,0.5735294,0.0,0.0661765,0.1034483,0.9338235,0.0,0.8461538,0.0,0.0769231,0.5666667,0.0,1.0,0.6444444,0.2222222,0.0,10.795506083434564
411.0,0.4647202,0.0048662,0.1216545,0.1136364,0.9099757,0.0,0.7703704,0.0,0.037037,0.0939597,0.0,0.9925926,0.1543624,0.0952381,0.0,10.034559673629849
7487.0,0.4672098,0.0160278,0.2020836,0.1215844,0.860024,0.0,0.6961789,0.0003107,0.0208139,0.0318797,0.0170861,0.9972041,0.2736842,0.026839,0.5,10.691967639914864
620.0,0.4612903,0.5677419,0.1903226,0.1856287,0.8387097,0.0,0.6570248,0.0,0.0371901,0.1740614,0.5330579,1.0,0.3515358,0.1666667,0.0,9.770013301136158
1084.0,0.4824723,0.00369,0.1780443,0.1194296,0.8699262,0.0,0.72,0.0047059,0.04,0.0470852,0.0047059,0.9952941,0.2130045,0.0806452,0.6,11.274680966120778
3567.0,0.502383,0.1569947,0.1062518,0.0783099,0.8993552,0.0,0.7609682,0.0045386,0.0257186,0.0502874,0.1482602,0.994705,0.2356322,0.0991501,0.2580645,11.021918808236205
325.0,0.4923077,0.0,0.1969231,0.1818182,0.8461538,0.0,0.6618705,0.0,0.0215827,0.0671141,0.0,1.0,0.3154362,0.2571429,0.0,10.285376924115587
2088.0,0.460249,0.0158046,0.2332375,0.1606034,0.8194444,0.032567,0.667052,0.0057803,0.0138728,0.157741,0.0138728,0.9757225,0.315482,0.0901639,0.7727273,9.615805480084347
4311.0,0.4987242,0.0037114,0.1285085,0.095789,0.8633728,0.0211088,0.7361963,0.0006135,0.0380368,0.0297619,0.0018405,0.997546,0.3,0.0340314,0.1818182,10.866680954096502
7864.0,0.4514242,0.5339522,0.1593337,0.1488178,0.8593591,0.0161495,0.7168995,0.003992,0.0319361,0.050537,0.505988,0.9983367,0.2700569,0.0877698,0.5952381,10.714439990727769
320.0,0.509375,0.0,0.153125,0.1910828,0.865625,0.0,0.6899225,0.0,0.0232558,0.0583942,0.0,0.9922481,0.2773723,0.1724138,1.0,9.642187721358466
379.0,0.5013193,0.0,0.0527704,0.047619,0.9498681,0.0,0.875,0.0,0.025,0.0551181,0.0,0.9833333,0.1732283,0.1538462,0.5,10.757924157061597
7574.0,0.4881172,0.0248218,0.1841827,0.1238071,0.9055981,0.0,0.7792208,0.0018038,0.0277778,0.0253165,0.021645,0.9588745,0.1670183,0.0951526,0.6153846,11.921725007667265
60.0,0.5666667,0.0,0.2166667,0.1538462,0.75,0.0,0.5925926,0.0,0.1111111,0.0357143,0.0,1.0,0.4285714,0.1111111,0.0,10.211009016314167
157.0,0.4649682,0.0,0.3503185,0.2142857,0.7770701,0.0,0.5915493,0.0140845,0.0422535,0.2111111,0.0,1.0,0.4222222,0.2,1.0,9.615805480084347
3547.0,0.4682831,0.0217085,0.1449112,0.1039236,0.8562165,0.0,0.6938776,0.0070373,0.0394089,0.0443847,0.0190007,0.9908515,0.3362475,0.0592105,0.25,11.269591961359195
1363.0,0.4607483,0.0058694,0.214967,0.1904762,0.812179,0.0168745,0.6149826,0.0017422,0.0174216,0.0903328,0.0,0.9947735,0.4088748,0.0285714,0.5833333,9.980494888896912
9814.0,0.4333605,0.0059099,0.5261871,0.2512138,0.7205013,0.0,0.55285,0.0012913,0.048515,0.4101839,0.0012913,0.9850581,0.468393,0.0090016,0.5326087,12.973401545524444
61.0,0.4098361,0.0,0.1803279,0.1111111,0.8688525,0.0,0.6190476,0.0,0.0,0.0454545,0.0,1.0,0.2727273,0.0,0.0,9.615805480084347
4752.0,0.5052609,0.3002946,0.0986953,0.081242,0.8640572,0.043771,0.7831467,0.0047142,0.030053,0.0593126,0.2492634,0.9958751,0.193459,0.0898876,0.3333333,10.742918838113225
4154.0,0.4412614,0.3866153,0.1872894,0.1275312,0.8175253,0.0,0.6212625,0.003876,0.0321152,0.0347408,0.3178295,0.9922481,0.2773918,0.0652742,0.3846154,10.785207543360087
1735.0,0.4927954,0.0023055,0.1342939,0.0988636,0.8680115,0.0,0.7182663,0.006192,0.0572755,0.065123,0.0,0.998452,0.3270622,0.0465116,0.2,11.17606715383184
404.0,0.5,0.0,0.1509901,0.1237624,0.9108911,0.0,0.79375,0.00625,0.00625,0.2307692,0.0,0.99375,0.2451923,0.1363636,0.3333333,10.83370091325064
107.0,0.4953271,0.0,0.2149533,0.1481481,0.8317757,0.0,0.6,0.0,0.0,0.2741935,0.0,1.0,0.3064516,0.0,0.5,9.615805480084347
1401.0,0.4503926,0.0042827,0.1313348,0.1220779,0.8950749,0.0,0.757874,0.007874,0.0314961,0.0360531,0.0019685,0.984252,0.2220114,0.1328671,0.0,10.239995502805316
1308.0,0.516055,0.0,0.0810398,0.0537125,0.92737,0.0122324,0.8123393,0.0025707,0.0154242,0.2646503,0.0,0.9717224,0.2930057,0.1967213,0.9047619,10.2328272702548
17173.0,0.4636348,0.0048914,0.169452,0.1299533,0.6856694,0.1304373,0.6030685,0.00319,0.0666869,0.060645,0.0033419,0.995139,0.4229452,0.038835,0.490566,10.9525769086256
1803.0,0.4658902,0.0,0.2268441,0.184839,0.8153078,0.0244038,0.6371078,0.0013643,0.0300136,0.1900552,0.0,0.9904502,0.3856354,0.1777778,0.5,9.933094897288786
8039.0,0.5027989,0.0720239,0.0620724,0.0517888,0.9359373,0.0,0.8382353,0.0037707,0.0237557,0.0635593,0.0633484,0.9890649,0.2856638,0.1396304,0.6060606,10.85516473308054
467.0,0.4518201,0.1905782,0.1970021,0.1601562,0.9100642,0.0,0.7795699,0.0,0.0053763,0.0412371,0.1666667,1.0,0.2525773,0.125,0.0,10.571342565808699
401.0,0.4538653,0.0,0.1770574,0.1415525,0.8379052,0.0,0.652439,0.0060976,0.0426829,0.0681818,0.0,1.0,0.3238636,0.08,0.0,9.873079890114703
1349.0,0.5011119,0.0318755,0.102298,0.0728083,0.8939956,0.0,0.7732794,0.0,0.0506073,0.0554493,0.0364372,0.9797571,0.2160612,0.0647482,0.5,10.929547069355774
164.0,0.4512195,0.0121951,0.3719512,0.2222222,0.7743902,0.0,0.6024096,0.0,0.0481928,0.1075269,0.0120482,0.9879518,0.3225806,0.0,1.0,9.615805480084347
6620.0,0.4770393,0.0060423,0.1521148,0.1034084,0.9151057,0.0013595,0.7995019,0.0012453,0.0199253,0.0493291,0.003736,0.9597343,0.2482242,0.0787879,0.4482759,12.151621739551222
1838.0,0.5021763,0.0261153,0.1441785,0.1125683,0.7274211,0.0642002,0.6223958,0.0065104,0.0911458,0.7536092,0.0065104,0.9947917,0.2479949,0.0619835,0.1044776,11.426288563310505
31860.0,0.4827056,0.0028876,0.1170433,0.0990231,0.9035468,0.0027621,0.7752378,0.0040136,0.0286188,0.0742326,0.0020068,0.955065,0.3436187,0.1035868,0.6578947,10.918736348043124
1636.0,0.4498778,0.0,0.1876528,0.1433333,0.8661369,0.0,0.7008929,0.0014881,0.0238095,0.0979866,0.0,0.9985119,0.366443,0.0670391,0.5172414,9.825580063659602
8245.0,0.4804124,0.0126137,0.1741662,0.1227824,0.8278957,0.0452395,0.7307332,0.0024961,0.0477379,0.0323068,0.0137285,0.9946958,0.2406401,0.0166852,0.1923077,11.234546649377918
188082.0,0.4663976,0.1411459,0.1644761,0.1228864,0.8446422,0.0157591,0.6816549,0.0015256,0.0353809,0.0458034,0.1292215,0.8719019,0.5472989,0.0993122,0.5644444,12.120520203776788
6924.0,0.4909012,0.0186308,0.1009532,0.0598582,0.8688619,0.0,0.7285661,0.0059903,0.0546612,0.092731,0.0138525,0.9786597,0.314538,0.0837174,0.2608696,11.094390314766315
529.0,0.4650284,0.0,0.2835539,0.2084806,0.826087,0.0,0.6223176,0.0,0.0128755,0.1618705,0.0,1.0,0.3165468,0.1384615,0.5555556,9.615805480084347
1455.0,0.4927835,0.0,0.1402062,0.1084011,0.8859107,0.0,0.7279412,0.0,0.0257353,0.0405644,0.0,0.9963235,0.2292769,0.0,0.6,10.75579427616868
9801.0,0.4986226,0.1773288,0.0823385,0.0785511,0.9042955,0.0122436,0.7816055,0.0038999,0.0324992,0.1088908,0.1774456,0.6077348,0.4755285,0.2234273,0.6315789,10.454523783963511
39.0,0.5384615,0.0,0.1538462,0.2777778,0.8717949,0.0,0.6875,0.0,0.0,0.2,0.0,1.0,0.25,0.0,0.0,9.615805480084347
2017.0,0.502231,0.0024789,0.1105602,0.0488048,0.8983639,0.0,0.7880364,0.0026008,0.0481144,0.1037296,0.0039012,0.9973992,0.2470862,0.0472441,1.0,11.507922973347437
407.0,0.5036855,0.002457,0.0810811,0.0742574,0.8943489,0.0,0.7638889,0.0,0.0347222,0.033557,0.0,0.9583333,0.3221477,0.05,0.0,10.463131911491967
306.0,0.4771242,0.0065359,0.1601307,0.13125,0.8039216,0.0,0.6147541,0.0,0.0819672,0.115942,0.0,0.9918033,0.1811594,0.1388889,1.0,10.12667110305036
205.0,0.4780488,0.0,0.1756098,0.1121495,0.8439024,0.0,0.6555556,0.0,0.0111111,0.0816327,0.0,1.0,0.1326531,0.0,1.0,9.937937287265354
676.0,0.4866864,0.0014793,0.1420118,0.1210375,0.8831361,0.0,0.7343173,0.0,0.0258303,0.0996678,0.0,0.99631,0.2225914,0.0943396,0.0,9.615805480084347
94.0,0.5106383,0.0,0.212766,0.1304348,0.8085106,0.0,0.65,0.0,0.1,0.2592593,0.0,1.0,0.3148148,0.4,0.6666667,9.873079890114703
224.0,0.5223214,0.0,0.1428571,0.0560748,0.9375,0.0,0.8292683,0.0,0.0,0.0120482,0.0,1.0,0.0963855,0.1428571,1.0,10.288783966353765
1237.0,0.4527082,0.0,0.261924,0.2171344,0.7898141,0.0816492,0.6776316,0.004386,0.0197368,0.04,0.0,0.995614,0.2294737,0.0540541,0.8,10.288783966353765
167.0,0.502994,0.0,0.1437126,0.1204819,0.9101796,0.0,0.7619048,0.0,0.0,0.0869565,0.0,1.0,0.2028986,0.0,0.0,9.615805480084347
7945.0,0.5015733,0.006545,0.0284456,0.020202,0.971932,0.0,0.9126311,0.003994,0.015976,0.0243546,0.0064903,0.9415876,0.1095957,0.2447257,0.375,10.911463720944793
8957.0,0.4733728,0.0633024,0.15954,0.0958236,0.687507,0.0,0.5516277,0.0027976,0.1648016,0.066255,0.0539166,0.9918616,0.3272382,0.016372,0.2258065,10.853232402669228
1209.0,0.4507858,0.4499586,0.1513648,0.1370482,0.8775848,0.0,0.7048458,0.0,0.0242291,0.0791075,0.3656388,1.0,0.2758621,0.1404494,0.2857143,10.060534035475412
139.0,0.5107914,0.0,0.1294964,0.1764706,0.8848921,0.0,0.7142857,0.0,0.0,0.1111111,0.0,1.0,0.2857143,0.0,0.0,9.615805480084347
13057.0,0.4890097,0.0580532,0.0808762,0.0593525,0.899058,0.0,0.7719836,0.0030675,0.0331288,0.0982851,0.0586912,0.8822086,0.3263876,0.1010968,0.4313725,10.981914140544825
4097.0,0.500122,0.0,0.0590676,0.0522461,0.9592385,0.0,0.8961334,0.0030326,0.0166793,0.0178704,0.0,0.9931766,0.0215934,0.2323944,0.3333333,10.734242182303689
1249.0,0.4891914,0.4675741,0.1040833,0.0909091,0.9079263,0.0,0.7544304,0.0025316,0.0379747,0.0683962,0.4101266,0.9291139,0.1745283,0.25,0.7647059,11.222586532857163
7913.0,0.4423101,0.5427777,0.1968912,0.1828688,0.8122078,0.0655883,0.6952965,0.0006817,0.0201091,0.0568949,0.5013633,0.9969325,0.2786885,0.1232143,0.52,10.555838779903407
298.0,0.5100671,0.9865772,0.0805369,0.109589,0.9328859,0.0,0.7916667,0.0,0.0,0.0943396,0.9895833,1.0,0.3113208,0.3333333,0.5,10.188704088048116
6657.0,0.4873066,0.0067598,0.1979871,0.1019631,0.9073156,0.0253868,0.8412698,0.0,0.0192147,0.0244499,0.0025063,0.9857978,0.0268949,0.0543478,0.5,12.34409829881876
537.0,0.4860335,0.0018622,0.1117318,0.1086957,0.9217877,0.0,0.7967033,0.0,0.021978,0.037037,0.0054945,0.9835165,0.1164021,0.2857143,1.0,10.098272780745283
184.0,0.4619565,0.0,0.1413043,0.0606061,0.9619565,0.0,0.8923077,0.0,0.0,0.0298507,0.0,1.0,0.0149254,0.0909091,0.0,10.413342705547674
2074.0,0.4725169,0.0033751,0.1441659,0.1160878,0.9199614,0.0,0.7808219,0.0,0.0082192,0.0771176,0.0013699,0.7164384,0.2932996,0.1966292,0.3333333,10.332050506334692
227.0,0.5110132,0.0088106,0.1674009,0.0990991,0.8942731,0.0,0.7356322,0.0,0.0114943,0.09375,0.0229885,1.0,0.2291667,0.2142857,1.0,10.064798252418377
965.0,0.4487047,0.0,0.3067358,0.2030075,0.7917098,0.0476684,0.6282051,0.0,0.0205128,0.0801887,0.0,0.9948718,0.1981132,0.0923077,0.8333333,9.615805480084347
1198.0,0.4899833,0.1143573,0.0843072,0.0998363,0.903172,0.0,0.7493857,0.002457,0.031941,0.0791855,0.1228501,0.982801,0.4660633,0.1777778,0.0,10.154285180632154
739.0,0.4289581,0.2516915,0.1799729,0.1445498,0.8376184,0.0784844,0.7713178,0.0,0.0077519,0.1134021,0.2131783,0.996124,0.2749141,0.1481481,0.8,10.344995251991222
6760.0,0.4939349,0.4721893,0.1575444,0.1195557,0.8775148,0.0017751,0.7431389,0.009434,0.0475986,0.1559899,0.4331046,0.9326758,0.436844,0.2673267,0.3653846,10.643064971973882
183.0,0.442623,0.0,0.1857923,0.1666667,0.8797814,0.0,0.721519,0.0,0.0,0.0481928,0.0,1.0,0.1566265,0.0,0.0,10.308985993422082
690.0,0.4521739,0.0028986,0.2753623,0.1825397,0.8695652,0.0,0.7062706,0.0,0.0033003,0.0762195,0.0066007,0.990099,0.4176829,0.047619,0.3333333,9.648659816955295
1093.0,0.4409881,0.5965233,0.1207685,0.1260229,0.8993596,0.0,0.7315789,0.0026316,0.0131579,0.1574279,0.5368421,0.9921053,0.3215078,0.2297297,0.8333333,9.615805480084347
142.0,0.4859155,0.0,0.2042254,0.1369863,0.8943662,0.0,0.7115385,0.0,0.0,0.1034483,0.0,1.0,0.2413793,0.125,0.5,10.038935856711177
12362.0,0.4969261,0.0263711,0.0845332,0.0619071,0.8100631,0.0051772,0.6661862,0.0037068,0.1116145,0.0768061,0.0232702,0.9357496,0.3655894,0.0568823,0.0810811,11.183045451818261
40641.0,0.4613814,0.1217982,0.1312468,0.1169941,0.6942989,0.0996777,0.5961936,0.0040694,0.0857071,0.0873093,0.1089338,0.9941777,0.4223759,0.06056,0.2857143,10.611547975828369
865.0,0.4855491,0.0011561,0.1306358,0.1123596,0.9075145,0.0,0.763754,0.0,0.0226537,0.0938416,0.0,0.9967638,0.1671554,0.1578947,1.0,9.615805480084347
263.0,0.4828897,0.0076046,0.1064639,0.1102941,0.851711,0.0,0.6666667,0.0095238,0.0285714,0.1393443,0.0095238,1.0,0.3852459,0.1034483,1.0,9.6678285081515
311.0,0.4694534,0.0,0.0996785,0.0969697,0.9099678,0.0,0.8,0.0090909,0.0454545,0.0756303,0.0,1.0,0.1344538,0.2222222,0.0,10.21833478806055
182044.0,0.470628,0.4042704,0.1314462,0.1105127,0.7627497,0.0366285,0.6004816,0.0039631,0.065075,0.0958069,0.3773359,0.9935875,0.3599104,0.1008955,0.5461957,10.367253014814716
2751.0,0.4718284,0.0308979,0.1421301,0.145905,0.8902217,0.0156307,0.7609756,0.0009756,0.0126829,0.1328257,0.0302439,0.9980488,0.2707276,0.1050725,0.5833333,9.711176264112805
3266.0,0.4543784,0.0006124,0.1546234,0.1127946,0.7973056,0.0,0.6111484,0.0020148,0.0523842,0.0368693,0.0013432,0.9946273,0.3842173,0.0221239,0.2727273,10.797553125151618
11591.0,0.4385299,0.4619964,0.1829868,0.1691764,0.8465189,0.0239841,0.6876524,0.000665,0.0168477,0.0921715,0.4134338,0.9960098,0.287583,0.1337947,0.6818182,10.275085591132715
277.0,0.4801444,0.3357401,0.2021661,0.1527778,0.8555957,0.0,0.6915888,0.0,0.0373832,0.1705426,0.3364486,0.9439252,0.2635659,0.24,1.0,9.966509298952284
154.0,0.487013,0.3441558,0.2987013,0.2405063,0.8636364,0.0,0.6865672,0.0,0.0,0.1066667,0.3134328,0.9850746,0.28,0.1538462,0.0,9.867912187022208
3623.0,0.3679271,0.0024841,0.7717361,0.389083,0.6320729,0.0,0.4561626,0.0004235,0.0190597,0.1255556,0.0021177,0.9944939,0.662963,0.0295359,0.5825243,11.645715332733134
988.0,0.4696356,0.0020243,0.1285425,0.1030534,0.9018219,0.0,0.7540541,0.0027027,0.0108108,0.0561224,0.0,0.9972973,0.2244898,0.0684932,0.75,10.510559281627845
420.0,0.4619048,0.3071429,0.2,0.1106195,0.9142857,0.0,0.7798742,0.0,0.0062893,0.0914286,0.2704403,1.0,0.2742857,0.137931,0.0,10.012386799492118
88.0,0.5113636,0.0,0.1363636,0.0930233,0.8181818,0.0,0.6857143,0.0285714,0.0571429,0.3965517,0.0,1.0,0.4482759,0.0,1.0,9.615805480084347
179.0,0.4301676,0.0,0.1787709,0.1568627,0.9106145,0.0,0.7575758,0.0,0.0,0.164557,0.0,1.0,0.2278481,0.1666667,0.0,9.966509298952284
502.0,0.4701195,0.0,0.1474104,0.1165414,0.8685259,0.0,0.7,0.0,0.03,0.0950226,0.0,1.0,0.2850679,0.1276596,0.5,9.814710982145282
1318.0,0.5037936,0.0,0.1525038,0.0856269,0.9013657,0.0,0.7552301,0.0020921,0.0251046,0.044,0.0,0.9979079,0.286,0.057377,0.6666667,10.407318772389159
775.0,0.4735484,0.4051613,0.2283871,0.2181373,0.7974194,0.0903226,0.6958042,0.0,0.0,0.1488095,0.3531469,0.993007,0.3333333,0.1428571,1.0,9.937937287265354
1099.0,0.4786169,0.0145587,0.1301183,0.08726,0.9017288,0.0,0.794686,0.0048309,0.0434783,0.0071942,0.0072464,1.0,0.0143885,0.1666667,0.0,11.153403615295403
1345.0,0.4475836,0.0,0.2185874,0.1803499,0.8052045,0.0453532,0.6739927,0.003663,0.032967,0.0586207,0.0,1.0,0.3172414,0.0561798,0.6666667,10.881832472145556
386.0,0.4948187,0.0,0.1139896,0.0615385,0.9067358,0.0,0.7941176,0.0147059,0.0367647,0.0555556,0.0,0.9852941,0.1458333,0.1578947,0.0,10.413342705547674
260.0,0.4730769,0.0038462,0.0461538,0.0437956,0.9884615,0.0,0.9473684,0.0,0.0,0.25,0.0175439,1.0,0.6184211,0.25,0.0,9.933094897288786
11961.0,0.5028008,0.0043475,0.1045899,0.0723054,0.9057771,0.0084441,0.8021926,0.0045281,0.0359867,0.0347366,0.0047664,0.9849857,0.2084196,0.0994036,0.3,11.06195554002416
5423.0,0.5008298,0.0555043,0.1093491,0.0583672,0.8904665,0.0,0.7761194,0.0034826,0.0577114,0.2052195,0.0502488,0.9895522,0.1747726,0.1267218,0.2417582,11.308370569092329
156.0,0.4358974,0.0,0.2820513,0.1590909,0.8461538,0.0,0.6805556,0.0,0.0138889,0.0526316,0.0,1.0,0.3157895,0.0555556,0.0,10.32551474894327
671.0,0.4530551,0.0,0.2965723,0.2343324,0.8196721,0.0,0.616129,0.0,0.0064516,0.0882353,0.0,1.0,0.3029412,0.0416667,1.0,9.615805480084347
155037.0,0.5022995,0.0751627,0.0542645,0.0524999,0.7915723,0.0066049,0.6140806,0.0056771,0.0849674,0.1100916,0.0774401,0.8878329,0.5344573,0.077974,0.3843648,11.05723491317159
1906.0,0.4580273,0.1065058,0.1762854,0.1316554,0.8462749,0.0083945,0.6749689,0.0024907,0.0161893,0.0586166,0.0896638,0.996264,0.3399766,0.0336134,0.4705882,10.392098241730961
2018.0,0.4925669,0.0,0.1838454,0.1220703,0.8493558,0.0069376,0.6930946,0.0063939,0.0549872,0.3521127,0.0,0.9948849,0.3181442,0.11875,0.7058824,10.611547975828369
13777.0,0.4643246,0.0546563,0.1736953,0.1275068,0.7771648,0.0156783,0.6155595,0.0035732,0.0680526,0.0594256,0.0519734,0.9886308,0.3521234,0.0238325,0.2631579,11.06665398721974
2926.0,0.4887218,0.0020506,0.0423787,0.0427807,0.8284347,0.0,0.6710993,0.0088652,0.0966312,0.0292599,0.001773,0.9875887,0.4104991,0.0503145,0.625,10.911463720944793
6160.0,0.4857143,0.4063312,0.0896104,0.0871212,0.8665584,0.0017857,0.7287823,0.0096863,0.072417,0.0932664,0.3357934,0.9829336,0.3814304,0.1417323,0.3461538,10.53212287826962
56381.0,0.4921693,0.0493961,0.0332204,0.0303856,0.8617797,0.0009932,0.7253507,0.0060336,0.0827038,0.0413355,0.0477779,0.9904346,0.3252763,0.0464065,0.4378378,11.23850177707664
24728.0,0.487221,0.1022323,0.1507198,0.1183754,0.8260676,0.0138709,0.6621265,0.002087,0.0608524,0.0429938,0.0969903,0.7838313,0.5469358,0.1370952,0.7923077,12.250094315624496
6921.0,0.4409767,0.2655686,0.2368155,0.2005686,0.8037856,0.0251409,0.6342838,0.0026525,0.0215517,0.079646,0.2244695,0.994695,0.3664937,0.0679842,0.6060606,10.382853468483827
1003.0,0.4705882,0.1914257,0.1485543,0.1563089,0.8773679,0.0,0.7457627,0.0072639,0.0290557,0.0842572,0.1694915,0.9975787,0.3880266,0.1,0.0,9.75272280064639
2073.0,0.4462132,0.0009648,0.287506,0.2325784,0.7317897,0.0641582,0.568672,0.0034052,0.0397276,0.1371205,0.0022701,0.9988649,0.4280118,0.0597015,0.7272727,10.038935856711177
469.0,0.4968017,0.6567164,0.1385928,0.1313559,0.8827292,0.0,0.7151899,0.0063291,0.0506329,0.0971429,0.556962,1.0,0.28,0.1304348,1.0,9.985113621416073
536.0,0.4906716,0.005597,0.1175373,0.1391941,0.9123134,0.0,0.7969543,0.0050761,0.0253807,0.192623,0.0,0.9746193,0.2745902,0.195122,0.75,10.515993929932415
394.0,0.5050761,0.0050761,0.1218274,0.1589744,0.8705584,0.0,0.7329193,0.0062112,0.0372671,0.0584795,0.0062112,1.0,0.1988304,0.12,1.0,10.499600568082863
2484.0,0.4589372,0.0004026,0.2334944,0.1636905,0.831723,0.047504,0.6928105,0.0010893,0.0174292,0.0387435,0.0010893,1.0,0.2816754,0.080292,0.5,10.431199791458543
69512.0,0.4607118,0.4034699,0.1194902,0.1002481,0.8391069,0.0174646,0.6763054,0.0042018,0.0427824,0.064568,0.3729707,0.919592,0.3136926,0.1112111,0.5081967,10.021315031649332
964.0,0.4356846,0.0010373,0.3049793,0.2169118,0.7551867,0.0684647,0.6231884,0.0096618,0.0217391,0.1096774,0.0,1.0,0.372043,0.1101695,0.3636364,9.97119292889014
7592.0,0.4722076,0.005137,0.1815068,0.1397554,0.8274499,0.022392,0.6686371,0.0013136,0.0390805,0.0339467,0.0052545,0.9947455,0.3201142,0.0183318,0.5,11.47107168834584
1739.0,0.4882116,0.0,0.1742381,0.1258427,0.8706153,0.0,0.7095851,0.0014306,0.0300429,0.0424658,0.0,0.9985694,0.2260274,0.0872483,0.0,10.322230781590136
273.0,0.4761905,0.0,0.1208791,0.0559441,0.9304029,0.0,0.84375,0.0104167,0.03125,0.049505,0.0,1.0,0.2277228,0.1304348,0.0,10.243560441877241
3010.0,0.4983389,0.0461794,0.1066445,0.092053,0.7219269,0.0624585,0.5751004,0.011245,0.075502,0.101083,0.0457831,0.9767068,0.6187726,0.0469945,0.0,10.86477077032911
5226.0,0.4785687,0.003253,0.0723307,0.0616514,0.9311137,0.0,0.8298458,0.0049559,0.0220264,0.028877,0.0027533,0.9988987,0.2235294,0.1101512,0.4166667,10.614007941153417
817.0,0.4932681,0.0,0.1591187,0.1111111,0.878825,0.0,0.7361564,0.0032573,0.0456026,0.0780781,0.0,0.9967427,0.2072072,0.1343284,0.5,10.673618922112436
1415.0,0.5067138,0.0007067,0.0855124,0.0716332,0.9229682,0.0,0.8167006,0.00611,0.0285132,0.0219124,0.0020367,0.9979633,0.1673307,0.0361446,1.0,11.174665631549477
2962.0,0.5010128,0.01553,0.0580689,0.052774,0.938555,0.0,0.839677,0.005767,0.0357555,0.15,0.0149942,0.6251442,0.4509804,0.2404372,0.3333333,10.537441898283253
809.0,0.4721879,0.0024722,0.1755253,0.1100703,0.894932,0.0,0.7601246,0.0031153,0.0186916,0.1394102,0.0031153,0.9906542,0.2788204,0.1304348,0.7692308,10.007892611890918
141.0,0.4751773,0.0,0.0921986,0.1756757,0.8652482,0.0,0.6923077,0.0,0.0576923,0.1612903,0.0,0.8076923,0.4354839,0.2105263,1.0,9.615805480084347
1831.0,0.4762425,0.0010923,0.1982523,0.1574557,0.8219552,0.0311305,0.6803279,0.0,0.0423497,0.1378092,0.0013661,0.9931694,0.3627797,0.0686695,0.7,10.43708198835482
157.0,0.4585987,0.0,0.0828025,0.0823529,0.8471338,0.0,0.6885246,0.0,0.0819672,0.2375,0.0,0.9508197,0.2625,0.0952381,0.0,10.687411927154141
2123.0,0.4813943,0.000471,0.1309468,0.0554042,0.8690532,0.044277,0.808011,0.0027624,0.0428177,0.0572917,0.0,0.9917127,0.0677083,0.1153846,0.1111111,13.122367377396328
589.0,0.762309,0.0101868,0.0186757,0.0571429,0.1222411,0.8505942,0.6129032,0.0,0.1290323,0.0882353,0.0,1.0,0.2058824,0.0,0.0,10.795506083434564
6527.0,0.4792401,0.0082733,0.1809407,0.1468079,0.7922476,0.0494867,0.6486915,0.0047581,0.0448057,0.0638456,0.0019826,0.9833466,0.3615442,0.0946799,0.5185185,10.628641991731053
455.0,0.443956,0.8593407,0.1912088,0.1264822,0.8923077,0.0,0.7151515,0.0,0.0121212,0.195122,0.7939394,1.0,0.4146341,0.2195122,1.0,9.615805480084347
18601.0,0.4464814,0.3039084,0.1541315,0.1539433,0.8373743,0.0380087,0.6997039,0.0028197,0.0200197,0.0674468,0.2775976,0.9957705,0.3297397,0.1116144,0.4054054,10.392098241730961
63126.0,0.5059563,0.0118018,0.1310237,0.0753198,0.8009695,0.0211007,0.6720144,0.005041,0.0956591,0.0822471,0.0112022,0.9188238,0.3408115,0.083713,0.1975,12.18332077348399
670.0,0.4731343,0.0029851,0.019403,0.0368272,0.9880597,0.0,0.9310345,0.0,0.0,0.0413223,0.0,0.9913793,0.3140496,0.4137931,0.0,10.389026137075234
6046.0,0.4875951,0.0043004,0.075091,0.0677857,0.9063844,0.0001654,0.7826685,0.0032095,0.0366804,0.0446781,0.002751,0.9949564,0.3526062,0.0461957,0.4827586,10.920546270529568
345.0,0.4869565,0.0,0.284058,0.1581921,0.8028986,0.0,0.621118,0.0,0.0434783,0.0639535,0.0,1.0,0.377907,0.0545455,0.6666667,10.169728906753061
660.0,0.5015152,0.0045455,0.1439394,0.0972644,0.8318182,0.0030303,0.6706349,0.015873,0.0714286,0.0526316,0.0,0.9960317,0.2781955,0.1018519,1.0,9.746892220313054
473.0,0.4756871,0.0,0.1775899,0.1048387,0.8900634,0.0,0.7421053,0.0,0.0157895,0.1162791,0.0,0.9894737,0.3116279,0.025,0.25,10.440010162389305
693.0,0.5050505,0.018759,0.1154401,0.0816327,0.9278499,0.0,0.8081633,0.0,0.0122449,0.1778523,0.0163265,0.8204082,0.409396,0.25,0.7777778,9.77571099759397
6327.0,0.5166746,0.005848,0.0409357,0.0369523,0.8498498,0.0055318,0.6981537,0.0090167,0.0717046,0.1312943,0.0047231,0.9763847,0.4002238,0.0906516,0.6046512,11.112462823634855
3048.0,0.4543963,0.0029528,0.1942257,0.1539387,0.8139764,0.0,0.6179693,0.0036523,0.0262966,0.1052288,0.0021914,0.9941563,0.3666667,0.0514096,0.7857143,10.33854382482173
2809.0,0.4823781,0.008544,0.1747953,0.1011004,0.7831969,0.002492,0.6294416,0.0025381,0.106599,0.1250925,0.0059222,0.9729272,0.2590674,0.0784314,0.4444444,13.122367377396328
124.0,0.5,0.0967742,0.1451613,0.1612903,0.7822581,0.0,0.5614035,0.0175439,0.0175439,0.1971831,0.0701754,1.0,0.3943662,0.0,1.0,9.966509298952284
733.0,0.478854,0.0,0.1732606,0.1282723,0.8785812,0.0,0.7058824,0.0036765,0.0257353,0.1052632,0.0,0.9963235,0.3125,0.1372549,0.7,10.064798252418377
15804.0,0.4840547,0.0537206,0.0907998,0.0739514,0.8988231,0.0110731,0.7799,0.0026776,0.0282042,0.1023874,0.0526598,0.98804,0.2685467,0.0938368,0.6183206,10.762170357789895
671.0,0.4843517,0.0104322,0.1117735,0.0780347,0.9225037,0.0,0.8145161,0.0,0.0241935,0.1564626,0.0120968,0.9959677,0.2891156,0.0277778,0.5454545,10.599156550639583
263.0,0.5019011,0.0152091,0.1178707,0.1755725,0.8821293,0.0,0.7216495,0.0,0.0412371,0.0849057,0.0103093,1.0,0.1698113,0.3157895,0.6,10.74937727911096
614.0,0.47557,0.0,0.1319218,0.121118,0.8859935,0.0,0.7254098,0.0,0.0122951,0.0278884,0.0,1.0,0.2270916,0.0344828,0.5,10.335302435967074
27.0,0.4074074,0.0,0.4074074,0.1875,0.962963,0.0,0.9090909,0.0,0.0,0.2142857,0.0,1.0,0.2142857,0.0,1.0,9.615805480084347
127.0,0.4724409,0.0,0.1574803,0.1343284,0.9133858,0.0,0.7608696,0.0,0.0,0.0,0.0,1.0,0.3478261,0.1333333,0.0,11.574029971623514
29202.0,0.4999658,0.0179097,0.0446202,0.0452678,0.8714814,0.0087323,0.7409062,0.0026438,0.0508706,0.0787772,0.0161364,0.9568785,0.2982279,0.068326,0.2804233,11.37940550085183
1107.0,0.4724481,0.0,0.1237579,0.0907534,0.8870822,0.00271,0.7443038,0.0075949,0.0379747,0.0550239,0.0,0.9873418,0.3133971,0.0718954,0.0,10.542732775946709
19882.0,0.4913993,0.087969,0.0318881,0.0375791,0.7963485,0.0003521,0.6579212,0.0021341,0.1220186,0.0532446,0.0784584,0.9697464,0.1829094,0.0670795,0.1564246,11.92039522907888
8299.0,0.4655983,0.0074708,0.1462827,0.1129651,0.8503434,0.0109652,0.6924305,0.0086234,0.0427978,0.0318491,0.0051102,0.9648675,0.4666048,0.1259259,0.2727273,10.860939421415225
77.0,0.4935065,0.0,0.3636364,0.2564103,0.8051948,0.0,0.6,0.0,0.0285714,0.0,0.0,1.0,0.2,0.0,0.0,9.615805480084347
8950.0,0.4651397,0.835419,0.0607821,0.0666388,0.9214525,0.007933,0.8350608,0.010365,0.0576836,0.0605419,0.8454259,0.8841821,0.2095682,0.3814433,0.4285714,11.315705475634307
6769.0,0.475698,0.0025114,0.179938,0.122288,0.8274487,0.0171369,0.6653226,0.0062317,0.0395894,0.0315939,0.0003666,0.9978006,0.314164,0.047047,0.0666667,10.813780332606648
700.0,0.47,0.0114286,0.0985714,0.0808625,0.89,0.0,0.7519685,0.003937,0.0433071,0.0557621,0.011811,0.996063,0.0929368,0.1304348,0.6666667,11.759793355371237
2951.0,0.4869536,0.0027109,0.1555405,0.1248349,0.8614029,0.0379532,0.74143,0.0029383,0.0254652,0.1519934,0.0019589,0.3614104,0.4435216,0.125,0.8571429,9.97119292889014
1040.0,0.4682692,0.0009615,0.4740385,0.2224231,0.6875,0.0,0.5231788,0.0016556,0.057947,0.4242135,0.0,0.9983444,0.6215443,0.0056818,0.0,11.722383799419628
2866.0,0.508374,0.0003489,0.0530356,0.0596167,0.978716,0.0111654,0.9290954,0.0,0.0,0.0971302,0.0,0.997555,0.5342163,1.0,0.0,9.615805480084347
1517.0,0.464733,0.003296,0.1166777,0.08867,0.8813448,0.0,0.7229965,0.0034843,0.0278746,0.038526,0.0017422,0.9965157,0.2998325,0.0238095,0.6666667,10.623787731088578
3042.0,0.4493754,0.1952663,0.2136752,0.1910448,0.7863248,0.0591716,0.6533865,0.0015936,0.0223108,0.0885984,0.1649402,0.9960159,0.4233842,0.0451128,0.6315789,10.36410350510914
195.0,0.5230769,0.3794872,0.0871795,0.0752688,0.8615385,0.0,0.6567164,0.0,0.0597015,0.1728395,0.3432836,1.0,0.4814815,0.2592593,0.0,9.615805480084347
4182.0,0.4684362,0.0004782,0.1721664,0.1318039,0.8268771,0.0332377,0.699187,0.0068793,0.0475297,0.0238095,0.0,0.9974984,0.2783883,0.0464345,0.5,11.021918808236205
15351.0,0.4771025,0.1558856,0.1229236,0.0961754,0.8475669,0.0065794,0.6863245,0.0030284,0.0380937,0.0787078,0.1402614,0.9939433,0.3007342,0.0521739,0.2967742,10.835671318412196
2007.0,0.5146986,0.0034878,0.0159442,0.0246407,0.8435476,0.0009965,0.6653117,0.0094851,0.0758808,0.1140456,0.0054201,0.8252033,0.697479,0.0666667,0.3333333,11.095908894882296
181.0,0.4861878,0.0055249,0.160221,0.0860215,0.9116022,0.0,0.7777778,0.0,0.0,0.1818182,0.0,0.9861111,0.1363636,0.0833333,0.0,9.615805480084347
50323.0,0.4832383,0.017189,0.0792083,0.0656797,0.8609582,0.0037756,0.7148803,0.0056411,0.0698286,0.0333016,0.0170327,0.8706939,0.3845828,0.0963855,0.3461538,11.234546649377918
2534.0,0.4921073,0.0027624,0.1436464,0.1064491,0.7391476,0.0445935,0.5666667,0.0037037,0.0703704,0.0939597,0.0027778,0.9972222,0.4286913,0.0230608,0.5,11.03973275601109
331.0,0.4682779,0.7401813,0.1480363,0.1306818,0.9123867,0.0,0.7387387,0.0,0.0,0.112,0.6846847,0.990991,0.376,0.1714286,1.0,9.615805480084347
3076.0,0.4964239,0.0029259,0.1459688,0.0671401,0.9161248,0.0,0.8337778,0.0035556,0.0488889,0.035163,0.0008889,0.9777778,0.0643225,0.0571429,0.4090909,13.122367377396328
483.0,0.4575569,0.4202899,0.1987578,0.1984733,0.8447205,0.0062112,0.6473684,0.0052632,0.0210526,0.124424,0.3736842,0.9894737,0.281106,0.15,0.25,9.966509298952284
8612.0,0.4580817,0.0098699,0.1603576,0.1272766,0.7206224,0.0614259,0.574048,0.0022567,0.0877292,0.0846889,0.0056417,0.9918195,0.4459076,0.0558047,0.3958333,11.233224789593368
1787.0,0.5053162,0.0111919,0.0738668,0.0441176,0.9445999,0.0139899,0.897479,0.0033613,0.0184874,0.041868,0.0117647,0.9932773,0.0128824,0.125,0.3571429,12.343662665771719
2657.0,0.445239,0.0007527,0.2694769,0.2089552,0.7802032,0.0752729,0.6586074,0.0067698,0.0174081,0.0865724,0.0,0.9951644,0.3560071,0.0583333,0.0,10.725489582719506
496938.0,0.4646113,0.6192483,0.1301128,0.116739,0.8003735,0.0342739,0.6270141,0.0025819,0.0506601,0.1655251,0.5503493,0.9666003,0.504227,0.1156329,0.6114346,10.847412906506923
2105.0,0.4598575,0.2071259,0.2432304,0.1838171,0.8380048,0.0342043,0.6892052,0.0,0.0071174,0.1519115,0.1945433,0.9869514,0.3219316,0.0840708,0.8157895,9.90353755128617
3117.0,0.4735322,0.0012833,0.19923,0.1474711,0.892204,0.0,0.747541,0.0016393,0.0204918,0.0332805,0.0016393,0.9991803,0.1901743,0.0647059,0.5,10.668978650219241
35303.0,0.4972948,0.0201399,0.0430558,0.033076,0.8676316,0.0006515,0.7382639,0.0038147,0.081666,0.0506984,0.020397,0.9522772,0.2575567,0.0535218,0.0792079,12.451372913840931
1135.0,0.4537445,0.0008811,0.460793,0.2467742,0.7321586,0.0,0.5730159,0.0,0.0539683,0.2622951,0.0015873,0.9873016,0.5,0.0081522,0.1666667,11.794345471549745
99.0,0.4545455,0.0,0.1313131,0.1296296,0.7272727,0.0,0.4583333,0.0,0.0208333,0.0588235,0.0,0.9791667,0.3921569,0.0714286,0.0,9.615805480084347
1992.0,0.4834337,0.001506,0.1516064,0.1088435,0.873996,0.0,0.7202703,0.0054054,0.0432432,0.0830235,0.0040541,0.9945946,0.2701363,0.1115385,0.92,11.429554725537322
2063.0,0.4823073,0.0315075,0.1769268,0.1657303,0.6703829,0.1754726,0.6136054,0.0013605,0.0340136,0.1363102,0.0054422,0.9918367,0.3243243,0.0674847,0.9615385,9.913487387114461
395.0,0.4734177,0.0,0.2101266,0.1538462,0.8329114,0.0,0.6331361,0.0,0.0236686,0.0662983,0.0,1.0,0.2872928,0.0740741,0.0,9.70509758756311
1458.0,0.4835391,0.0,0.1289438,0.0849934,0.9026063,0.0,0.7785589,0.0017575,0.026362,0.0240137,0.0,0.9964851,0.1475129,0.0465116,0.0,11.017004873924424
1732.0,0.4139723,0.0011547,0.2372979,0.0926108,0.778291,0.1096998,0.7147766,0.0017182,0.0360825,0.020202,0.0034364,0.9982818,0.2609428,0.0813397,1.0,10.718874489469398
140.0,0.4928571,0.0,0.2428571,0.1408451,0.8214286,0.0,0.6166667,0.0,0.0333333,0.4117647,0.0,0.9833333,0.4509804,0.2,0.0,9.615805480084347
2701.0,0.4912995,0.0074047,0.1125509,0.080786,0.9355794,0.0,0.8333333,0.0042463,0.0127389,0.0328542,0.0053079,0.9968153,0.174538,0.0372671,0.8,10.969938154395841
7410.0,0.4869096,0.3407557,0.1195682,0.1020516,0.8537112,0.0,0.6952218,0.005802,0.0491468,0.0635986,0.3054608,0.9935154,0.365612,0.0967977,0.5238095,10.61890979160975
590.0,0.4305085,0.6915254,0.1644068,0.1488095,0.8745763,0.0,0.6968326,0.0,0.0226244,0.1333333,0.5927602,0.9864253,0.3098039,0.1666667,0.5,10.158168529848494
12843.0,0.4637546,0.0322355,0.1620338,0.1334398,0.8263646,0.0198552,0.664109,0.0046039,0.0328026,0.0905443,0.0316516,0.9934778,0.2896022,0.0760668,0.5243902,10.069044362997353
1574.0,0.4695044,0.0,0.2808132,0.1892216,0.77446,0.0552732,0.6228748,0.0030912,0.0216383,0.1586476,0.0,1.0,0.3771131,0.0607287,0.8,9.99884318585288
21472.0,0.4972988,0.1045548,0.0901174,0.0728182,0.8675019,0.0072187,0.7234348,0.0086263,0.054372,0.1008344,0.0997255,0.7464384,0.4618639,0.1315936,0.3821138,11.026808713825016
4453.0,0.5010106,0.0262744,0.0979115,0.0882088,0.9025376,0.0260499,0.817581,0.0046266,0.0224719,0.0502197,0.0198282,0.9953734,0.1958569,0.1184669,0.6060606,10.851296331126829
2944.0,0.4718071,0.0509511,0.1372283,0.0945338,0.7897418,0.0033967,0.6225962,0.005609,0.0833333,0.0538287,0.0440705,0.9895833,0.2562547,0.0399202,0.2941176,11.445727410406752
14988.0,0.4561649,0.0978116,0.1911529,0.1565452,0.809581,0.0415666,0.6678856,0.0038231,0.0319149,0.1471506,0.0857713,0.9823803,0.3335696,0.0991572,0.7068063,10.060534035475412
1422.0,0.4810127,0.0028129,0.1610408,0.097561,0.757384,0.0,0.5874016,0.0015748,0.1133858,0.3090316,0.0015748,0.9826772,0.4330794,0.0693069,0.125,12.200059603373045
1347.0,0.4758723,0.0007424,0.1625835,0.1260623,0.8827023,0.0066815,0.7252964,0.0019763,0.013834,0.0212766,0.0,0.9960474,0.2417795,0.1,0.5,10.547995807489514
1549.0,0.4628793,0.1433183,0.1762427,0.1742788,0.8489348,0.0,0.6801196,0.0029895,0.0239163,0.0835616,0.1375187,0.9970105,0.3452055,0.077193,0.6,10.188704088048116
7317.0,0.4939183,0.0099768,0.0537105,0.036727,0.9525762,0.0,0.8915094,0.0017153,0.0295883,0.0122829,0.0085763,0.9571184,0.0317662,0.1497006,0.2222222,12.441938918691436
2681.0,0.4904886,0.001119,0.1417382,0.1127379,0.8653488,0.002611,0.7108549,0.0067243,0.037464,0.0795756,0.0009606,0.9894332,0.377542,0.08,0.2727273,10.643064971973882
2770.0,0.499278,0.0025271,0.066787,0.0620043,0.899639,0.0,0.7675841,0.0040775,0.0407747,0.0258193,0.0010194,0.9898063,0.3515392,0.0902256,0.0,10.753659849198824
848.0,0.4587264,0.0,0.1816038,0.1089325,0.8761792,0.0,0.7259475,0.0058309,0.0204082,0.087766,0.0,1.0,0.25,0.1408451,0.8,10.181157167204903
570.0,0.5140351,0.0,0.1315789,0.0866426,0.9368421,0.0,0.8152174,0.0,0.0108696,0.0891089,0.0,0.9347826,0.2970297,0.2222222,0.0,10.485731104959568
640.0,0.4953125,0.0015625,0.146875,0.1021672,0.85625,0.0,0.7258065,0.016129,0.0645161,0.015873,0.0040323,1.0,0.1666667,0.0232558,1.0,10.596659732783579
566.0,0.5035336,0.0,0.2243816,0.1779359,0.835689,0.0,0.626087,0.0,0.026087,0.0612245,0.0,0.9956522,0.2285714,0.0294118,1.0,10.134638955251866
95732.0,0.4629486,0.3811369,0.1824677,0.1393811,0.8290331,0.0245059,0.6699787,0.002835,0.034776,0.0922749,0.3496503,0.969247,0.2326111,0.1113994,0.6203704,9.923339198238729
573.0,0.469459,0.0,0.1239092,0.0855263,0.9075044,0.0,0.7621359,0.0,0.0194175,0.0593607,0.0,0.9854369,0.2420091,0.0677966,0.5,10.448743588106625
4678.0,0.4786233,0.0085507,0.1430098,0.1168512,0.8614793,0.0053442,0.7134009,0.009009,0.0478604,0.0394808,0.0056306,0.9898649,0.2742023,0.065053,0.6666667,10.909637269778615
9481.0,0.4984706,0.0361776,0.0497838,0.0500526,0.9377703,0.0024259,0.8536488,0.0076183,0.0441059,0.0169492,0.0388933,0.6327185,0.2975956,0.3159664,0.2222222,11.772987080375044
9095.0,0.5542606,0.1084112,0.0012095,0.0009867,0.871138,0.1139087,0.954251,0.0,0.0089069,0.0407767,0.1121457,0.9493927,0.1099029,0.1470714,0.0,10.463131911491967
3006.0,0.4710579,0.0043247,0.1736527,0.1075472,0.8619428,0.0036593,0.7140482,0.0024938,0.0440565,0.050513,0.0024938,0.9983375,0.3093923,0.0526316,0.5,11.374823643830945
40181.0,0.489734,0.0451457,0.2578084,0.1541726,0.7209626,0.0136632,0.5411341,0.0046182,0.0931157,0.3897827,0.0338847,0.887982,0.4737032,0.0826479,0.2553191,11.550230883578887
376.0,0.5212766,0.0,0.1382979,0.0555556,0.9468085,0.0,0.8595041,0.0,0.0247934,0.0081967,0.0,1.0,0.147541,0.25,0.0,10.471666571132038
654.0,0.5137615,0.0,0.0458716,0.0503145,0.9617737,0.0,0.8553459,0.0,0.0125786,0.0591716,0.0,0.9937107,0.4023669,0.3384615,0.0,9.735128070758227
646.0,0.504644,0.001548,0.1331269,0.084375,0.9164087,0.0,0.7983539,0.0041152,0.0164609,0.0725191,0.0,1.0,0.2061069,0.0392157,0.2,10.102379394048045
575.0,0.5008696,0.0,0.2521739,0.1428571,0.826087,0.0,0.648,0.004,0.044,0.3489583,0.0,1.0,0.4375,0.0307692,0.8,10.154285180632154
502.0,0.5278884,0.001992,0.1035857,0.092827,0.9063745,0.0,0.7734807,0.0,0.0331492,0.0572917,0.0,1.0,0.1875,0.1276596,0.6666667,10.39516093745751
512.0,0.5078125,0.0,0.0585938,0.0714286,0.9648438,0.0,0.8914729,0.0077519,0.0155039,0.19375,0.0,0.2015504,0.41875,0.0833333,1.0,9.615805480084347
303.0,0.4455446,0.0132013,0.2640264,0.2142857,0.8151815,0.0,0.6115108,0.0,0.0143885,0.1089744,0.0071942,1.0,0.1987179,0.1290323,1.0,9.615805480084347
7335.0,0.463531,0.0137696,0.2027267,0.1171537,0.8687117,0.0023177,0.7205641,0.000656,0.027878,0.0348211,0.0114792,0.9957363,0.1253561,0.0226876,0.3461538,10.85516473308054
91.0,0.4285714,0.0,0.2197802,0.1153846,0.8461538,0.0,0.6578947,0.0,0.0263158,0.173913,0.0,1.0,0.4130435,0.6666667,1.0,9.735128070758227
13496.0,0.4716212,0.0054831,0.1516005,0.1253681,0.8401749,0.0118554,0.6804276,0.0058975,0.0368596,0.0547038,0.0053446,0.9968669,0.2714286,0.0786228,0.4339623,10.27163147557801
1369.0,0.4886779,0.0,0.1701972,0.1028571,0.9021183,0.0,0.7763158,0.0037594,0.0169173,0.0309654,0.0,0.9962406,0.1948998,0.1489362,0.5,10.292179440058462
12385.0,0.4887364,0.0449738,0.1247477,0.098705,0.7877271,0.0019378,0.6057369,0.0029674,0.095549,0.0945728,0.0425321,0.6443126,0.5235536,0.0817031,0.7700535,11.947308393235778
2246.0,0.4514693,0.2159394,0.1709706,0.1680195,0.8499555,0.0436331,0.7241379,0.0036946,0.0160099,0.0997783,0.2142857,0.9950739,0.3481153,0.1584906,0.6666667,9.980494888896912
6493.0,0.4560296,0.0010781,0.2202372,0.1636467,0.8264285,0.0235638,0.6694277,0.0041416,0.028238,0.0897875,0.000753,0.9811747,0.2381768,0.0804598,0.75,9.6678285081515
50008.0,0.4887018,0.031215,0.1204207,0.0916735,0.8334267,0.0110582,0.6720842,0.0053846,0.04362,0.0739284,0.0299363,0.9035222,0.324077,0.0637047,0.4868805,10.918736348043124
640.0,0.509375,0.0109375,0.1328125,0.1242038,0.8984375,0.0,0.7698745,0.0083682,0.0292887,0.0627451,0.0083682,1.0,0.3372549,0.1702128,1.0,10.077482875583607
2922.0,0.4767283,0.5082136,0.1173854,0.1092217,0.8480493,0.063655,0.7617952,0.0057537,0.0299194,0.2107175,0.5304948,0.8124281,0.5231608,0.258794,0.6111111,9.942756341456828
291.0,0.5051546,0.0034364,0.137457,0.0347222,0.9347079,0.0,0.8217822,0.0,0.009901,0.0818182,0.0,0.990099,0.0818182,0.2,1.0,11.39640288460621
12603.0,0.4830596,0.0092835,0.1463144,0.114198,0.890899,0.0,0.7546484,0.0029921,0.0384698,0.0229693,0.0115409,0.9852533,0.2942159,0.0641115,0.3809524,11.256754979390998
623.0,0.4799358,0.0,0.1717496,0.1481481,0.8314607,0.0,0.6521739,0.0118577,0.0434783,0.0664207,0.0,0.9960474,0.4538745,0.0446429,0.0,10.513280297700861
494.0,0.4412955,0.0,0.2388664,0.1594203,0.8360324,0.0283401,0.6716418,0.0,0.0049751,0.2209302,0.0,1.0,0.4263566,0.0454545,1.0,9.674137279312397
4162.0,0.4723691,0.0040846,0.1876502,0.1338798,0.8438251,0.0221048,0.689677,0.0037999,0.0259658,0.1366867,0.0018999,0.5218493,0.4002187,0.1428571,0.7317073,10.077482875583607
13.0,0.5384615,0.0769231,0.1538462,0.1666667,0.6923077,0.0,0.4285714,0.0,0.0,0.0,0.1428571,0.4285714,0.8571429,0.0,0.0,10.868587496017359
10830.0,0.4934441,0.0125577,0.1087719,0.0743711,0.8378578,0.0271468,0.7030031,0.0018917,0.0416174,0.0598044,0.0132419,0.9952707,0.2467763,0.0238532,0.5054945,11.06977406588073
272.0,0.5477941,0.0183824,0.0404412,0.0650407,0.9227941,0.0,0.8058252,0.0,0.0097087,0.0550459,0.0,1.0,0.4311927,0.1,0.3333333,10.281958234245314
833.0,0.5006002,0.0144058,0.1584634,0.1346154,0.8307323,0.0156062,0.6859756,0.0121951,0.0609756,0.0681818,0.0121951,0.847561,0.46875,0.1,0.0,11.107975224295076
686.0,0.4373178,0.0,0.2172012,0.1709845,0.7886297,0.0422741,0.620339,0.0,0.0135593,0.057508,0.0,0.9932203,0.3258786,0.048,1.0,10.566201298475118
813.0,0.4797048,0.0,0.1328413,0.1016548,0.9298893,0.0,0.8091873,0.0,0.0106007,0.0341297,0.0,0.9964664,0.2969283,0.1627907,1.0,9.758519582283522
749.0,0.5006676,0.0280374,0.1308411,0.1229947,0.6168224,0.0,0.4170732,0.0097561,0.097561,0.0487239,0.0146341,0.995122,0.8306265,0.026087,0.2857143,10.747229096720554
52.0,0.3846154,0.0,0.3846154,0.3125,0.7692308,0.0,0.5555556,0.0,0.0,0.1290323,0.0,1.0,0.2903226,0.0,1.0,9.615805480084347
2657.0,0.4418517,0.0007527,0.2484005,0.16588,0.789236,0.0267219,0.6254266,0.0051195,0.0324232,0.1094225,0.0008532,0.9974403,0.2993921,0.0466321,0.4166667,10.264687244346277
67153.0,0.4520424,0.5530356,0.1487648,0.1224556,0.8421068,0.0119429,0.6677656,0.0026216,0.0417875,0.0402943,0.4993446,0.9389474,0.5919488,0.0978643,0.5748503,12.032914971806521
1736.0,0.4902074,0.014977,0.1157834,0.100565,0.9141705,0.0011521,0.7867528,0.0016155,0.0226171,0.0649547,0.0145396,0.996769,0.2824773,0.0909091,0.8,10.264687244346277
225.0,0.4977778,0.0,0.1288889,0.0707965,0.9333333,0.0,0.8552632,0.0131579,0.0263158,0.012987,0.0,1.0,0.1298701,0.0769231,1.0,10.448743588106625
4579.0,0.4688797,0.2515833,0.1384582,0.1212993,0.895392,0.0,0.7508436,0.0022497,0.0140607,0.0637177,0.215973,0.9983127,0.2743549,0.1162325,0.56,10.31231367277647
286.0,0.4965035,0.0,0.0909091,0.1111111,0.8881119,0.0,0.7358491,0.0,0.0377358,0.0701754,0.0,0.990566,0.3508772,0.1428571,0.0,10.118639253920785
23197.0,0.4898909,0.0041816,0.1131181,0.0850165,0.8609303,0.0175023,0.7238627,0.0021662,0.0400182,0.0371062,0.0047885,0.9941854,0.2385553,0.0284296,0.2711864,11.314486721293981
6316.0,0.4643762,0.5753642,0.1966434,0.0951818,0.8646295,0.0,0.7279016,0.0019216,0.0445811,0.0280164,0.5176787,0.9746349,0.2084423,0.0377668,0.3157895,12.686029699683697
5854.0,0.4866758,0.1260676,0.0555176,0.0455907,0.9215921,0.0,0.820155,0.0056848,0.0439276,0.1334528,0.1204134,0.8888889,0.2919839,0.1990577,0.7014925,10.821796246953596
132.0,0.4545455,0.0,0.0757576,0.0833333,0.9621212,0.0,0.8888889,0.0,0.0,0.0625,0.0,0.9777778,0.0625,0.0,0.0,9.65509029374725
139.0,0.4964029,0.0,0.1654676,0.0857143,0.9064748,0.0,0.7636364,0.0,0.0,0.140625,0.0,1.0,0.34375,0.0,1.0,9.615805480084347
198.0,0.489899,0.0,0.1717172,0.0693069,0.9141414,0.0,0.7948718,0.0,0.0128205,0.1958763,0.0,1.0,0.3402062,0.0,0.0,9.615805480084347
766.0,0.5117493,0.0,0.1031332,0.0641711,0.9255875,0.0,0.7949791,0.0041841,0.0209205,0.1433692,0.0,0.9748954,0.297491,0.2045455,0.8571429,10.385944565501662
2362.0,0.4877223,0.0088908,0.104149,0.0545455,0.9208298,0.0,0.8185185,0.0012346,0.0358025,0.027611,0.0074074,0.9901235,0.0828331,0.1346154,0.5,12.151621739551222
2425.0,0.476701,0.0020619,0.145567,0.1197794,0.8395876,0.0,0.6784661,0.0039331,0.0511308,0.0314286,0.0019666,0.9980334,0.2790476,0.0524476,1.0,10.732061203925053
174.0,0.5114943,0.0,0.2471264,0.2117647,0.8735632,0.0,0.7142857,0.0,0.0,0.0493827,0.0,1.0,0.2098765,0.0909091,0.0,9.966509298952284
11989.0,0.5002919,0.0090917,0.0897489,0.0545819,0.8537826,0.0,0.7037588,0.0055213,0.0647696,0.0509875,0.0089191,0.9836483,0.3125756,0.0515208,0.1034483,11.138973558699526
95.0,0.5263158,0.0,0.1894737,0.1555556,0.9157895,0.0,0.7777778,0.0,0.0,0.2653061,0.0,1.0,0.3877551,0.1428571,1.0,9.746892220313054
1124.0,0.4955516,0.0053381,0.0854093,0.0634921,0.9403915,0.0,0.8611825,0.0025707,0.0205656,0.0226131,0.0051414,1.0,0.0276382,0.1290323,0.3333333,11.297266335365645
1134.0,0.4858907,0.0008818,0.1455026,0.1252144,0.866843,0.0,0.7025862,0.0021552,0.0237069,0.0413223,0.0,1.0,0.3305785,0.1122449,0.0,10.025749432069084
544.0,0.4540441,0.4301471,0.1654412,0.1582492,0.8676471,0.0367647,0.7641026,0.0051282,0.025641,0.0930233,0.3794872,0.9948718,0.2139535,0.16,1.0,10.064798252418377
1504.0,0.4261968,0.0053191,0.2054521,0.1958285,0.7386968,0.0738032,0.5919629,0.0030912,0.0185471,0.2128954,0.0,0.992272,0.3807786,0.0666667,0.8571429,9.937937287265354
102.0,0.6176471,0.0,0.1078431,0.0769231,0.6960784,0.0,0.4594595,0.027027,0.1081081,0.3018868,0.0,0.972973,0.9811321,0.2222222,0.0,9.615805480084347
882.0,0.4863946,0.0011338,0.1507937,0.1125828,0.8219955,0.0328798,0.6637168,0.0,0.0235988,0.1329923,0.0,0.9911504,0.3938619,0.1343284,0.6923077,9.975854724662028
221.0,0.5248869,0.0,0.199095,0.1428571,0.8099548,0.0,0.6326531,0.0,0.0612245,0.125,0.0,1.0,0.2857143,0.0,1.0,9.615805480084347
31287.0,0.4990252,0.1107489,0.0924346,0.0788567,0.8068207,0.0576278,0.7082648,0.0023367,0.0591952,0.0517807,0.0990913,0.9588923,0.3419498,0.048584,0.4021739,11.869907361794104
587.0,0.471891,0.8381601,0.0936968,0.0870968,0.9250426,0.0,0.7734807,0.0,0.0165746,0.0765306,0.801105,1.0,0.2295918,0.1923077,1.0,10.43708198835482
5331.0,0.4610767,0.0497092,0.3078222,0.1441002,0.8666292,0.0333896,0.7896163,0.0018059,0.0257336,0.0268014,0.0433409,0.9453725,0.0988576,0.0920716,0.5,11.52979241483
11607.0,0.4608426,0.1422418,0.2318429,0.161713,0.7150857,0.0164556,0.5254936,0.0036052,0.0523605,0.0644073,0.1342489,0.9922747,0.3952779,0.0201215,0.4324324,10.831726617926124
11329.0,0.4574102,0.0136817,0.2041663,0.1581259,0.832024,0.0419278,0.7144472,0.0038435,0.0309745,0.0426407,0.0140176,0.9979652,0.2106061,0.0638119,0.4444444,10.647826772357497
461.0,0.4663774,0.0,0.2993492,0.199187,0.6876356,0.2212581,0.7446809,0.0070922,0.0283688,0.0472973,0.0,1.0,0.1891892,0.0333333,0.0,10.410335274932896
1048.0,0.4942748,0.009542,0.1087786,0.0849057,0.8883588,0.0,0.733871,0.0053763,0.0376344,0.3427562,0.0107527,0.3333333,0.3392226,0.1607143,0.5555556,10.673618922112436
764.0,0.4856021,0.0,0.1740838,0.1145038,0.8992147,0.0,0.7657343,0.0034965,0.0314685,0.0402685,0.0,0.9755245,0.1510067,0.1698113,0.0,10.67130147767883
2508.0,0.4820574,0.0019936,0.1511164,0.0700539,0.9122807,0.0,0.7931404,0.0021436,0.0160772,0.0594758,0.0021436,0.9892819,0.0403226,0.0740741,0.75,12.297288089699112
50.0,0.42,0.0,0.32,0.1724138,0.8,0.0,0.5833333,0.0,0.0,0.25,0.0,1.0,0.40625,0.0,0.5,9.615805480084347
1983.0,0.4583964,0.0020171,0.2481089,0.2029795,0.792234,0.0630358,0.6583541,0.0,0.0137157,0.1078977,0.0012469,0.9975062,0.2625139,0.085,0.3809524,9.928228944424575
28227.0,0.483367,0.0808092,0.1323555,0.101968,0.6853367,0.0831119,0.5598428,0.0033941,0.1025366,0.1449519,0.0697571,0.9807967,0.3999542,0.0737116,0.4651163,11.704380187145405
2363.0,0.4312315,0.0055015,0.2124418,0.1845238,0.8396107,0.0050783,0.6764706,0.0028463,0.0189753,0.08981,0.0056926,0.9971537,0.3462867,0.0384615,0.7272727,10.243560441877241
539.0,0.4656772,0.0,0.2282004,0.1909722,0.8478664,0.0,0.65625,0.0044643,0.0178571,0.1317829,0.0,0.9821429,0.2790698,0.0363636,0.7142857,9.686636660844938
80.0,0.525,0.0,0.175,0.0789474,0.8875,0.0,0.7,0.0,0.0,0.1428571,0.0,1.0,0.4285714,0.0,0.0,9.814710982145282
5151.0,0.4967967,0.1941371,0.1158998,0.099537,0.8870122,0.0097069,0.7521598,0.0043197,0.0269978,0.0974659,0.1906048,0.9589633,0.3825536,0.1369048,0.4545455,10.416341118636355
389.0,0.437018,0.0,0.2750643,0.2328767,0.81491,0.0,0.5964912,0.0,0.0175439,0.1363636,0.0,1.0,0.2676768,0.0869565,0.3333333,9.615805480084347
341.0,0.5131965,0.0117302,0.1231672,0.0963855,0.7683284,0.0,0.5892857,0.0,0.047619,0.1340206,0.0059524,0.9821429,0.2886598,0.04,0.0666667,11.252871529635922
8697.0,0.4606186,0.0719788,0.1884558,0.1669154,0.7990112,0.0146027,0.6232511,0.0005088,0.0333249,0.0726586,0.0585093,0.9977105,0.3132814,0.0333976,0.6,10.645448706505872
275.0,0.5090909,0.0218182,0.1309091,0.0962963,0.8181818,0.0218182,0.7090909,0.0272727,0.0727273,0.0756303,0.0181818,0.9818182,0.3277311,0.1428571,1.0,10.647826772357497
4383.0,0.5167693,0.0057039,0.0702715,0.0618508,0.9345197,0.0,0.8158307,0.0007837,0.031348,0.0477612,0.0086207,0.5242947,0.4910448,0.2439024,0.4,11.10045084755119
1390.0,0.4467626,0.0330935,0.2640288,0.2236671,0.8,0.0676259,0.6660413,0.0,0.011257,0.1403226,0.0281426,0.8855535,0.4,0.1144279,0.5384615,10.2328272702548
581.0,0.4767642,0.0034423,0.141136,0.1085526,0.9139415,0.0,0.7853659,0.0,0.0292683,0.0375587,0.0,1.0,0.1267606,0.1777778,0.0,10.714439990727769
1438.0,0.4867872,0.0069541,0.1363004,0.1205962,0.8497914,0.0535466,0.7408907,0.0020243,0.0182186,0.0444874,0.0020243,0.9757085,0.2340426,0.0909091,0.625,10.428245666832275
1267.0,0.4625099,0.2517758,0.17206,0.1424376,0.8768745,0.0,0.6996047,0.0,0.0079051,0.1169284,0.2371542,0.9901186,0.3752182,0.0915493,1.0,9.83633227734872
4942.0,0.4751113,0.0141643,0.1752327,0.0967618,0.8743424,0.0,0.7289157,0.001004,0.0331325,0.0287665,0.0120482,0.9914659,0.1038518,0.0522648,0.5263158,11.444657330797734
2854.0,0.4583041,0.3889278,0.2316048,0.1843467,0.8573931,0.0133146,0.6847729,0.0017809,0.0124666,0.1073132,0.3374889,0.9991095,0.2861685,0.1486068,0.7142857,9.918425424900335
1349.0,0.4595997,0.0318755,0.2238695,0.1769547,0.7657524,0.0867309,0.6518375,0.0058027,0.0232108,0.1296296,0.0251451,0.9864603,0.2508418,0.0860927,1.0,9.674137279312397
518.0,0.4440154,0.0,0.2162162,0.2118056,0.8011583,0.0945946,0.7356322,0.0057471,0.0402299,0.0594595,0.0,0.9885057,0.2162162,0.0740741,0.6,9.989711119284745
1713.0,0.4535902,0.0420315,0.2451839,0.2638889,0.599533,0.1115003,0.4508301,0.0012771,0.0727969,0.0874126,0.0332056,0.9948914,0.7004662,0.0122249,0.3846154,10.471666571132038
415.0,0.4915663,0.6843373,0.1301205,0.1090047,0.9204819,0.0,0.7709924,0.0,0.0229008,0.070922,0.5572519,0.9847328,0.2056738,0.2142857,0.0,10.221977646629885
270.0,0.4740741,0.0037037,0.162963,0.1690141,0.8444444,0.0,0.6818182,0.0181818,0.0454545,0.0677966,0.0,1.0,0.4152542,0.15,1.0,10.181157167204903
1388.0,0.4942363,0.0684438,0.0439481,0.0185185,0.6347262,0.3364553,0.9003322,0.0,0.0299003,0.0652174,0.0498339,0.9966777,0.3229814,0.1544715,0.2,12.936036208848487
635230.0,0.4885884,0.2523228,0.1060136,0.0940024,0.8243298,0.029616,0.6858657,0.0045529,0.0563418,0.0964409,0.2281759,0.9775172,0.3408073,0.086297,0.43618,10.712215345197256
394.0,0.4796954,0.0,0.2563452,0.1268293,0.8883249,0.0,0.7300613,0.0,0.0,0.0685714,0.0,1.0,0.2342857,0.0285714,0.3333333,10.545367754151743
523.0,0.4608031,0.0,0.1548757,0.1241135,0.9043977,0.0,0.7614213,0.0050761,0.0101523,0.1581197,0.0,1.0,0.4401709,0.08,0.5,9.680406499268875
2827.0,0.4860276,0.0,0.0413866,0.0392292,0.9812522,0.0,0.928115,0.0031949,0.0031949,0.1540541,0.0,0.0223642,0.5675676,0.3971631,0.0,9.6678285081515
12293.0,0.4920687,0.4040511,0.0666233,0.0581358,0.9155617,0.0007321,0.8070448,0.004921,0.0523181,0.0385956,0.3649314,0.8303548,0.2036853,0.2162162,0.1515152,11.131679686740132
405.0,0.5234568,0.0,0.0765432,0.0829016,0.8098765,0.054321,0.762963,0.0148148,0.0888889,0.0217391,0.0,1.0,0.173913,0.0909091,0.0,10.915106645867503
3154.0,0.4514902,0.0,0.2482562,0.1849711,0.8002536,0.0250476,0.6281296,0.0036819,0.0279823,0.0673077,0.0,0.9955817,0.353022,0.0662824,0.4375,10.199918739620157
19220.0,0.4888658,0.0182622,0.0917794,0.0859121,0.8613944,0.0138918,0.7230195,0.0073192,0.0472158,0.1285643,0.0180827,0.8368255,0.4407204,0.1006913,0.5060241,10.650199196425806
605.0,0.4842975,0.0,0.138843,0.0929487,0.8528926,0.0181818,0.72103,0.0042918,0.0429185,0.0251046,0.0,1.0,0.2468619,0.0786517,0.0,10.254179634797001
126379.0,0.5007636,0.0140213,0.0760965,0.0689934,0.9119316,0.0342937,0.831513,0.0050356,0.0339219,0.0266592,0.0031302,0.063727,0.6994635,0.4053848,0.3214286,11.546369912189585
828.0,0.4915459,0.0,0.0978261,0.0783848,0.9130435,0.0,0.7762712,0.0101695,0.0135593,0.0664557,0.0,0.9728814,0.193038,0.18,0.8,10.27163147557801
7773.0,0.4658433,0.0011579,0.1543805,0.1394509,0.8351988,0.0238003,0.6823607,0.0046419,0.0377984,0.0464749,0.0009947,0.9940318,0.29276,0.0781893,0.3478261,10.491301994830229
123.0,0.4390244,0.0,0.2357724,0.1449275,0.8211382,0.0,0.5925926,0.0,0.0,0.1290323,0.0,1.0,0.2580645,0.0,0.0,9.615805480084347
2263.0,0.4467521,0.0,0.2903226,0.2220447,0.7702165,0.0521432,0.6154639,0.0030928,0.0154639,0.0849057,0.0,1.0,0.3792453,0.0335366,0.5357143,10.012386799492118
287.0,0.4738676,0.0,0.3205575,0.218543,0.8013937,0.0,0.5839416,0.0,0.0,0.2034884,0.0,1.0,0.3546512,0.030303,0.5,9.942756341456828
348.0,0.4827586,0.0,0.137931,0.1277778,0.8764368,0.0,0.7285714,0.0142857,0.0142857,0.0728477,0.0,1.0,0.1456954,0.0357143,1.0,10.060534035475412
777.0,0.4671815,0.001287,0.0990991,0.0845411,0.9099099,0.0,0.7732342,0.0,0.0297398,0.0073801,0.0,0.9962825,0.1697417,0.0425532,1.0,10.685126264117057
27099.0,0.4718993,0.017639,0.1714454,0.1257075,0.8668955,0.0012916,0.7014348,0.0011327,0.0317161,0.0369966,0.0179347,0.9747971,0.3142442,0.0447847,0.5874126,11.984184555794167
9898.0,0.4673671,0.0070721,0.2539907,0.125,0.7637907,0.0086886,0.620719,0.0031908,0.0863646,0.185692,0.0057435,0.9831951,0.4391131,0.0183432,0.4733728,11.134603622683905
2605.0,0.5024952,0.0011516,0.1117083,0.0756173,0.865643,0.0,0.7189744,0.0123077,0.054359,0.1638079,0.0020513,0.9794872,0.5428816,0.1769912,0.5652174,10.682835364853922
1606.0,0.4613948,0.005604,0.2515567,0.1549133,0.8480697,0.0,0.6883853,0.0056657,0.0269122,0.0315501,0.0028329,0.9985836,0.1906722,0.0275862,0.4285714,11.013715451376466
140.0,0.5,0.0,0.1214286,0.0571429,0.9214286,0.0,0.8039216,0.0,0.0196078,0.0892857,0.0,1.0,0.0714286,0.0,0.0,9.615805480084347
121.0,0.5371901,0.0,0.231405,0.1964286,0.7933884,0.0,0.5614035,0.0,0.0,0.2083333,0.0,1.0,0.3194444,0.0,0.0,9.615805480084347
111.0,0.5135135,0.0,0.3693694,0.0925926,0.8828829,0.0,0.7777778,0.0,0.0185185,0.1818182,0.0,1.0,0.3181818,0.0,0.0,10.859018228147887
5689.0,0.4366321,0.2318509,0.2186676,0.1787832,0.7894182,0.0622253,0.6723442,0.0040341,0.0403407,0.054661,0.2178395,0.9905872,0.2817797,0.0715789,0.6451613,10.825780236605917
2538.0,0.5098503,0.0063042,0.0299448,0.0233119,0.9144996,0.0295508,0.8631579,0.0039474,0.0381579,0.05,0.0013158,0.9947368,0.21125,0.1098901,0.4,10.9525769086256
113.0,0.4690265,0.0,0.3451327,0.2833333,0.7787611,0.0,0.5818182,0.0,0.0363636,0.1129032,0.0,1.0,0.3387097,0.0,1.0,9.615805480084347
5713.0,0.4540522,0.0003501,0.2298267,0.1670407,0.8029057,0.0262559,0.6388436,0.0036645,0.0305375,0.0353496,0.0,0.995114,0.3527101,0.0361446,0.8,11.251573687764477
14800.0,0.4877027,0.1047973,0.1198649,0.0927196,0.8748649,0.0001351,0.720063,0.0028011,0.0365896,0.0778172,0.0901611,0.9711134,0.2930255,0.0703076,0.725,11.181653682515929
874.0,0.4553776,0.0,0.3249428,0.2205882,0.784897,0.0640732,0.6495957,0.0,0.0053908,0.0839506,0.0,1.0,0.308642,0.060241,1.0,10.142543822310387
768.0,0.4947917,0.0,0.1445313,0.1237113,0.8854167,0.0,0.7331081,0.0033784,0.0168919,0.1030303,0.0,0.9966216,0.4151515,0.1348315,0.5,10.150386692204734
282.0,0.4893617,0.0,0.0921986,0.0902778,0.8723404,0.0,0.728972,0.0093458,0.0280374,0.1008403,0.0,1.0,0.2521008,0.3846154,1.0,9.994287576862567
26.0,0.5384615,0.0,0.0769231,0.0833333,0.6153846,0.0,0.5,0.0833333,0.1666667,0.2941176,0.0,1.0,0.2941176,0.0,0.0,9.61587214452889
27537.0,0.4825871,0.0138722,0.1555725,0.1153846,0.8045902,0.0163053,0.6366565,0.0036569,0.0559861,0.0510617,0.0151502,0.9758816,0.3799884,0.0441085,0.6526316,11.555994532928862
119.0,0.4453782,0.0,0.2857143,0.1818182,0.7647059,0.0,0.55,0.0,0.0166667,0.1666667,0.0,1.0,0.3611111,0.0,1.0,9.615805480084347
860.0,0.4790698,0.1709302,0.1465116,0.0848214,0.9081395,0.0,0.7712418,0.0065359,0.0130719,0.1078717,0.1405229,0.9803922,0.4169096,0.1126761,0.8333333,10.188704088048116
108.0,0.4537037,0.0,0.1481481,0.1186441,0.8703704,0.0,0.6666667,0.0,0.0,0.1923077,0.0,0.7619048,0.4230769,0.3333333,1.0,9.615805480084347
4391.0,0.4659531,0.0004555,0.2464131,0.1573561,0.8191756,0.0327944,0.6858726,0.0083102,0.0293629,0.1151961,0.0,0.9977839,0.3220588,0.0389294,0.25,10.563620718477313
91.0,0.4725275,0.010989,0.1648352,0.0625,0.8021978,0.0,0.6060606,0.030303,0.0606061,0.195122,0.0,1.0,0.1463415,0.25,0.0,9.615805480084347
696.0,0.466954,0.1206897,0.1695402,0.148248,0.8635057,0.0,0.6978417,0.0035971,0.0323741,0.1061093,0.1223022,1.0,0.244373,0.0847458,0.4285714,10.278527816830314
517.0,0.4603482,0.0,0.2553191,0.1935484,0.7911025,0.0,0.5665236,0.0042918,0.0214592,0.0968992,0.0,1.0,0.2790698,0.0652174,0.75,9.717218213494077
101409.0,0.4942066,0.058693,0.0505379,0.0430087,0.8975732,0.0021793,0.7777613,0.0064219,0.0609484,0.0751231,0.0609484,0.8403449,0.2763769,0.1123337,0.1355353,11.903622053373214
2161.0,0.4988431,0.0175845,0.1772328,0.0674054,0.917168,0.0,0.8143036,0.0012547,0.0326223,0.1448498,0.0163112,0.9247177,0.3304721,0.2018349,0.4705882,11.278480795900865
6580.0,0.4762918,0.0027356,0.193921,0.1285548,0.8659574,0.0,0.7095451,0.0044743,0.0320656,0.0677789,0.0033557,0.9280388,0.3441084,0.1045392,0.4333333,10.55323128448846
4792.0,0.4430301,0.0354758,0.2808848,0.2214312,0.8069699,0.0331803,0.6417838,0.0014542,0.0111488,0.1320993,0.0353854,0.9956374,0.3348759,0.0899083,0.6610169,9.615805480084347
2307.0,0.4898136,0.0004335,0.1044647,0.0671198,0.928912,0.0,0.8435208,0.0061125,0.0342298,0.0180072,0.0012225,0.9841076,0.1296519,0.1025641,0.6666667,10.936689829317784
405.0,0.5135802,0.0,0.162963,0.1370558,0.8296296,0.0,0.6415094,0.0188679,0.0377358,0.1804124,0.0,0.9622642,0.3298969,0.1578947,1.0,9.615805480084347
26359.0,0.4730453,0.0293258,0.1709094,0.12491,0.8384233,0.0191585,0.6844312,0.0037268,0.0265536,0.1269725,0.0261809,0.9865834,0.3017732,0.0832557,0.5206612,10.360944044643913
1659.0,0.4617239,0.2827004,0.2302592,0.2082867,0.854129,0.034358,0.7221325,0.0016155,0.0161551,0.1724599,0.2649435,0.9789984,0.2887701,0.1308901,0.7142857,9.942756341456828
899.0,0.4660734,0.0,0.1412681,0.1166667,0.8832036,0.0,0.7318436,0.0027933,0.0223464,0.0529101,0.0,0.9776536,0.1957672,0.0655738,1.0,9.980494888896912
37.0,0.4864865,0.0,0.1351351,0.1052632,0.7027027,0.0,0.5,0.0625,0.125,0.0,0.0,1.0,0.1875,0.2,0.0,10.389026137075234
1969.0,0.4809548,0.0,0.1833418,0.1497065,0.8364652,0.0228542,0.6910569,0.0054201,0.0406504,0.0428016,0.0,0.9891599,0.2360571,0.0632911,0.2222222,10.410335274932896
12809.0,0.4823171,0.005621,0.1043017,0.0767607,0.7760949,0.0199859,0.6411742,0.00309,0.111433,0.0476366,0.0050212,0.9915025,0.2709215,0.0490129,0.278481,11.495789479023493
192.0,0.4739583,0.0,0.3125,0.2376238,0.7760417,0.0,0.5744681,0.0106383,0.0212766,0.2295082,0.0,1.0,0.3032787,0.0416667,0.8333333,9.615805480084347
6576.0,0.4838808,0.0010645,0.1114659,0.1104891,0.8882299,0.0059307,0.7372771,0.0060896,0.0252284,0.0612495,0.0,0.9956503,0.3450388,0.1442424,0.6666667,10.207325906555994
197.0,0.4771574,0.0,0.2538071,0.1941748,0.8375635,0.0,0.6483516,0.0,0.0,0.1078431,0.0,1.0,0.4019608,0.0909091,0.0,9.615805480084347
2445.0,0.4797546,0.1390593,0.1071575,0.0966981,0.600818,0.3149284,0.738024,0.002994,0.0404192,0.0631136,0.1032934,0.994012,0.3309958,0.0506329,0.25,10.694237736914808
367302.0,0.4779119,0.1356513,0.1270998,0.0973436,0.7907253,0.0240129,0.6221863,0.0034803,0.0503837,0.117836,0.1164963,0.9802762,0.3780978,0.0627047,0.6435395,10.645448706505872
1103.0,0.4968268,0.0036265,0.1097008,0.0756757,0.8975521,0.0,0.7668269,0.0,0.0384615,0.0348028,0.0024038,0.9879808,0.199536,0.0873786,0.25,11.026808713825016
579.0,0.5025907,0.0,0.0880829,0.0520833,0.8462867,0.0,0.6878049,0.004878,0.097561,0.0330189,0.0,1.0,0.4386792,0.0813953,0.0,10.75579427616868
3598.0,0.475542,0.069483,0.1339633,0.0980392,0.8665926,0.0111173,0.7268003,0.0022272,0.0430586,0.041963,0.0579065,0.9925761,0.2674253,0.0613333,0.5555556,11.110969193687714
703.0,0.458037,0.0,0.1721195,0.152231,0.8805121,0.0,0.7169118,0.0,0.0257353,0.0872483,0.0,0.9963235,0.1879195,0.0666667,0.9,9.615805480084347
201.0,0.4825871,0.0,0.1442786,0.125,0.8756219,0.0,0.7195122,0.0,0.0243902,0.0681818,0.0,1.0,0.1818182,0.1428571,1.0,9.615805480084347
2342.0,0.4748079,0.0034159,0.1588386,0.1276423,0.8586678,0.0,0.6740576,0.0022173,0.0254989,0.0681818,0.0022173,0.9833703,0.2830579,0.1394558,0.3,10.047631185616188
2081.0,0.4872657,0.0144161,0.1263815,0.1012184,0.8173955,0.0,0.6560088,0.0011025,0.0463065,0.038176,0.0176406,0.9977949,0.3107105,0.0300429,0.25,10.837637848711049
430.0,0.5162791,0.0,0.1534884,0.0673077,0.9046512,0.0,0.7793103,0.0137931,0.0413793,0.198895,0.0,0.9586207,0.1823204,0.1578947,0.0,10.579005242826247
7733.0,0.4921764,0.1478081,0.1374628,0.1240132,0.8487004,0.0310358,0.7137797,0.0056677,0.0329437,0.09664,0.1342543,0.9419058,0.35584,0.1365462,0.6190476,10.39516093745751
7191.0,0.4874148,0.0033375,0.0639688,0.0558871,0.8840217,0.0239188,0.7808765,0.0035857,0.0398406,0.0278854,0.001992,0.9948207,0.278079,0.0418719,0.4285714,10.887455624298198
393.0,0.4783715,0.0152672,0.2493639,0.2341463,0.8244275,0.0,0.6227545,0.005988,0.0299401,0.2409091,0.005988,0.9640719,0.2863636,0.1363636,0.8571429,9.615805480084347
1785.0,0.4627451,0.0,0.2369748,0.1418144,0.8616246,0.0173669,0.7302452,0.0027248,0.020436,0.0553411,0.0,1.0,0.2226512,0.0794702,0.5,10.318935994253193
420.0,0.5,0.0,0.1357143,0.1047619,0.8690476,0.002381,0.7169811,0.0,0.0440252,0.2243902,0.0,0.9811321,0.3853659,0.1463415,0.0,10.146472946063877
1273.0,0.4391202,0.0,0.307934,0.2535014,0.7816182,0.0463472,0.6223022,0.0035971,0.0125899,0.1146497,0.0,0.9946043,0.3407643,0.0650888,0.6363636,9.735128070758227
33497.0,0.4534436,0.5836941,0.1749709,0.1690518,0.8641371,0.0148073,0.7031945,0.002384,0.0191513,0.0869912,0.527972,0.9971392,0.3334543,0.1197826,0.5323741,10.261196961231647
240.0,0.5083333,0.0,0.1416667,0.1355932,0.8833333,0.0,0.744186,0.0116279,0.0465116,0.1650485,0.0,1.0,0.2038835,0.2272727,0.8571429,9.87822102528824
78.0,0.4230769,0.3461538,0.3205128,0.2,0.8461538,0.0,0.6470588,0.0,0.0,0.0810811,0.2941176,1.0,0.1891892,0.0,0.0,10.077482875583607
799.0,0.4755945,0.0012516,0.1977472,0.1384248,0.8748436,0.0,0.7078313,0.0,0.0060241,0.0432277,0.0,1.0,0.3198847,0.0306122,1.0,10.357774570341576
336.0,0.5089286,0.0,0.1339286,0.0969697,0.8541667,0.0446429,0.7798165,0.0275229,0.0458716,0.128,0.0,1.0,0.192,0.1071429,0.75,10.382853468483827
8303.0,0.4709141,0.0020475,0.1609057,0.147735,0.8051307,0.039022,0.6543519,0.0068879,0.0428929,0.0784766,0.0003131,0.967752,0.3869013,0.0748663,0.3939394,10.401258331428318
1772.0,0.467833,0.0558691,0.1433409,0.0996819,0.8837472,0.0,0.730303,0.0030303,0.0287879,0.030837,0.0484848,0.9484848,0.3098385,0.0943396,1.0,11.745631152988125
959.0,0.4796663,0.0145985,0.2158498,0.1322645,0.8373306,0.0,0.6554217,0.0048193,0.0216867,0.0777778,0.0144578,0.9951807,0.3066667,0.0446429,0.8333333,10.39821428171237
1113.0,0.4743935,0.0305481,0.1823899,0.1504274,0.8481581,0.0,0.6680942,0.0042827,0.0235546,0.0584677,0.0321199,0.9978587,0.3629032,0.0581395,0.75,9.615805480084347
2658.0,0.4977427,0.0022573,0.1463506,0.1011236,0.8890143,0.0094056,0.7213695,0.0011806,0.0342385,0.1504514,0.0059032,0.9728453,0.5937813,0.1480263,0.6666667,11.349241150793087
3647.0,0.4842336,0.5774609,0.1587606,0.148857,0.8478201,0.0,0.6404744,0.005189,0.0437361,0.0315865,0.4106746,0.9510749,0.4938981,0.2,0.5625,10.540090836284206
4164.0,0.456292,0.0007205,0.2245437,0.1722615,0.8011527,0.0105668,0.6215334,0.004894,0.0353453,0.0544987,0.0005438,0.9989125,0.3336761,0.0537815,0.3333333,10.199918739620157
1072.0,0.4440299,0.0,0.2537313,0.216443,0.8134328,0.0587687,0.6971831,0.0,0.0187793,0.1992481,0.0,0.9788732,0.3740602,0.1551724,0.8666667,9.76428295481558
580.0,0.4517241,0.0,0.3637931,0.2421384,0.7655172,0.0965517,0.6580087,0.0,0.004329,0.0609756,0.0,1.0,0.199187,0.0540541,1.0,9.615805480084347
21951.0,0.5011161,0.0052389,0.2097854,0.1070222,0.7682566,0.0623206,0.681437,0.0080462,0.0821623,0.3440868,0.005553,0.9536491,0.4854679,0.1001508,0.1671159,11.231901180182515
726.0,0.4628099,0.0027548,0.3168044,0.1538462,0.8553719,0.0,0.693038,0.0,0.0126582,0.0705882,0.0031646,0.9841772,0.2264706,0.1076923,1.0,9.961803629358965
1941.0,0.4956208,0.0005152,0.1190108,0.0653728,0.9515714,0.0,0.8720113,0.0,0.0042194,0.0365854,0.0014065,0.9971871,0.0582656,0.0714286,0.1,11.692752245730048
1343.0,0.4988831,0.0,0.0997766,0.0742942,0.9508563,0.0,0.8368984,0.0026738,0.0080214,0.228866,0.0,0.1925134,0.542268,0.2666667,0.8,9.615805480084347
2629.0,0.4933435,0.0003804,0.1608977,0.1178679,0.8965386,0.0159757,0.7678984,0.0023095,0.0207852,0.0835979,0.0,0.6327945,0.4222222,0.2704626,0.7333333,10.064798252418377
11038.0,0.4594129,0.3979888,0.1500272,0.1245182,0.8475267,0.0104186,0.6765571,0.0046591,0.0421775,0.0712822,0.3484551,0.9634625,0.2928718,0.1144848,0.7272727,10.813780332606648
1916.0,0.4639875,0.0,0.2411273,0.1966894,0.7980167,0.0323591,0.62,0.0025,0.0175,0.077278,0.0,0.9975,0.2502884,0.0548523,0.875,10.102379394048045
449.0,0.5077951,0.0,0.2160356,0.1402715,0.8485523,0.0,0.671875,0.0104167,0.015625,0.1615721,0.0,0.9947917,0.2445415,0.0851064,1.0,9.994287576862567
524.0,0.4427481,0.0,0.3110687,0.239726,0.7709924,0.0,0.5524194,0.0,0.0322581,0.0570342,0.0,1.0,0.3079848,0.0526316,0.0,9.62251624577579
292.0,0.5034247,0.0,0.1780822,0.137931,0.880137,0.0,0.7226891,0.0,0.0168067,0.0775194,0.0,1.0,0.248062,0.1081081,1.0,9.825580063659602
5333.0,0.4909057,0.0030002,0.1192575,0.0744015,0.88018,0.008438,0.7732856,0.0015353,0.0542477,0.043095,0.0025589,0.9892528,0.1204701,0.075188,0.5185185,12.198549416880068
13176.0,0.5159381,0.0931998,0.0785519,0.0669489,0.8378871,0.0113843,0.7131341,0.0051121,0.079827,0.0549981,0.0914274,0.9793551,0.3760684,0.0586364,0.5277778,11.005444242454628
8027.0,0.5102778,0.0246667,0.1695528,0.14551,0.6978946,0.1608322,0.6457831,0.0027539,0.0299484,0.0415704,0.0079174,0.9962134,0.3295942,0.0303665,0.5172414,10.55323128448846
765.0,0.5006536,0.0,0.1281046,0.1151832,0.896732,0.0,0.7534722,0.0034722,0.0243056,0.033557,0.0,1.0,0.204698,0.1176471,0.5,10.184937747111391
2567.0,0.478769,0.0007791,0.1714063,0.1173393,0.8807947,0.0,0.7365805,0.0,0.0347913,0.0491493,0.000994,0.9980119,0.1455577,0.0568182,0.4166667,11.042937835596494
2445.0,0.4458078,0.002454,0.197137,0.1896679,0.8102249,0.0805726,0.7474286,0.0057143,0.0365714,0.0288568,0.0022857,0.9965714,0.2053274,0.0562771,0.2,11.167628403875849
17715.0,0.4786339,0.0007338,0.179396,0.1049155,0.9137454,0.0031047,0.7978659,0.0007622,0.0192073,0.0166392,0.0003049,0.9939024,0.0343277,0.0827068,0.3023256,11.518917476956224
4423.0,0.5028261,0.0085915,0.0705404,0.0350159,0.8600497,0.0,0.7214806,0.0024272,0.0837379,0.146114,0.0072816,0.9824029,0.3274611,0.0414201,0.1666667,11.373674891823535
89.0,0.4494382,0.0,0.2134831,0.1632653,0.8426966,0.0,0.6944444,0.0,0.0833333,0.1627907,0.0,1.0,0.1627907,0.2,0.0,10.130662964963708
1717.0,0.4612697,0.0,0.2079208,0.172973,0.8433314,0.0407688,0.7405732,0.0090498,0.0331825,0.0528571,0.0,1.0,0.3757143,0.0425532,1.0,10.247112717290387
871.0,0.4225029,0.0011481,0.4052813,0.3200795,0.5958668,0.1997704,0.5141243,0.0056497,0.0112994,0.1690141,0.0,0.9971751,0.4882629,0.028169,0.4615385,10.177362240256695
454.0,0.4669604,0.0374449,0.1101322,0.0867769,0.8303965,0.0,0.6714976,0.0,0.0434783,0.0189573,0.0338164,0.9855072,0.1658768,0.0416667,0.0,10.789339695269716
894.0,0.4742729,0.0011186,0.0928412,0.0510638,0.9194631,0.0,0.8156028,0.0035461,0.0531915,0.0342466,0.0,0.9929078,0.1643836,0.125,0.0,11.400887146781374
3051.0,0.4755818,0.0101606,0.1891183,0.1425,0.7613897,0.1022616,0.6705151,0.0008881,0.0319716,0.0823146,0.0017762,0.991119,0.3325183,0.0901288,0.25,10.591647316585027
879.0,0.4812287,0.1251422,0.1433447,0.1315789,0.8759954,0.0250284,0.7581121,0.0029499,0.0117994,0.1194805,0.1386431,1.0,0.2727273,0.08,1.0,10.043292972227004
2078.0,0.4749759,0.0086622,0.1477382,0.0815765,0.9355149,0.0,0.8468208,0.0014451,0.033237,0.0321678,0.0028902,0.9869942,0.0013986,0.1944444,0.6666667,13.122367377396328
152.0,0.5,0.0,0.1315789,0.1052632,0.8947368,0.0,0.7719298,0.0,0.0526316,0.05,0.0,1.0,0.1333333,0.0,1.0,10.207325906555994
246.0,0.504065,0.0,0.2520325,0.1967213,0.8211382,0.0,0.6036036,0.0,0.0,0.097561,0.0,0.963964,0.2601626,0.04,0.75,9.615805480084347
3014.0,0.4482415,0.0043132,0.4787658,0.2266987,0.7733908,0.0736563,0.7016417,0.0021413,0.0278373,0.3468531,0.0014276,0.9907209,0.4540793,0.019943,0.0963855,11.729656499978892
642.0,0.4797508,0.0903427,0.1246106,0.0958084,0.9018692,0.0,0.7938596,0.0131579,0.0350877,0.0916335,0.0833333,1.0,0.3227092,0.106383,0.0,10.488520429241627
87.0,0.4482759,0.0,0.1724138,0.1041667,0.8505747,0.0,0.7027027,0.0,0.0540541,0.3018868,0.0,1.0,0.4150943,0.4,0.0,9.615805480084347
1169.0,0.4431138,0.0744226,0.1856287,0.1490015,0.8922156,0.0076989,0.7494305,0.0022779,0.0113895,0.0757895,0.0751708,0.9954442,0.3621053,0.0315789,0.8,9.792611856190192
2201.0,0.5097683,0.0059064,0.1217628,0.0658017,0.8437074,0.0,0.6735395,0.0080183,0.0515464,0.2725,0.0045819,0.9450172,0.4983333,0.1126126,0.2333333,11.345701365855424
24986.0,0.4875931,0.0095253,0.173257,0.0956807,0.8210198,0.0051229,0.6857785,0.0044969,0.077478,0.2690042,0.0062769,0.9775155,0.3320778,0.061794,0.280597,11.286037411751035
1439.0,0.4635163,0.0006949,0.2154274,0.1696891,0.8054204,0.0312717,0.6448276,0.0034483,0.0431034,0.0553746,0.0,1.0,0.267101,0.028777,0.6,10.094149233605084
73.0,0.4520548,0.0,0.0547945,0.1,0.8493151,0.0,0.6666667,0.0,0.0333333,0.0625,0.0,1.0,0.1875,0.0,0.0,10.742918838113225
7943.0,0.4663225,0.0006295,0.2218305,0.178108,0.8388518,0.0007554,0.6479378,0.0032875,0.0236103,0.0690039,0.0002989,0.9973102,0.2114636,0.0570048,0.6976744,10.05195066017375
1102.0,0.4891107,0.0009074,0.092559,0.1047957,0.884755,0.0,0.7292683,0.0,0.0341463,0.0868597,0.0,1.0,0.3697105,0.0909091,0.2,10.50783084142058
129.0,0.4341085,0.0,0.0930233,0.0958904,0.8682171,0.0,0.6875,0.0,0.0416667,0.3043478,0.0,1.0,0.4927536,0.1666667,1.0,9.615805480084347
243.0,0.4814815,0.0,0.1893004,0.0793651,0.9135802,0.0,0.7840909,0.0,0.0227273,0.032967,0.0,1.0,0.1758242,0.1666667,0.0,9.746892220313054
316.0,0.5253165,0.0031646,0.0949367,0.0533333,0.9335443,0.0,0.86,0.02,0.02,0.0291262,0.0,1.0,0.0970874,0.1111111,0.0,10.69650269224425
2367.0,0.5031686,0.0071821,0.1419518,0.0467687,0.9345163,0.0,0.8689492,0.0035419,0.042503,0.0525727,0.0070838,0.9704841,0.0939597,0.1743119,0.25,11.407576060361786
5592.0,0.472103,0.0005365,0.1702432,0.1307588,0.8426323,0.0228898,0.6990014,0.0071327,0.0389919,0.0735683,0.0,0.9448407,0.3757709,0.1307278,0.5348837,10.34177474101152
1675.0,0.4841791,0.0035821,0.1086567,0.0671296,0.8907463,0.0,0.7698816,0.0101523,0.0575296,0.0633914,0.001692,0.9898477,0.2614897,0.096,0.5714286,10.896757843893464
126.0,0.5793651,0.0,0.0634921,0.0188679,0.9126984,0.0,0.75,0.0,0.025,0.2,0.0,1.0,0.96,0.4,0.0,9.615805480084347
2880.0,0.4909722,0.0090278,0.1079861,0.0818554,0.8392361,0.0,0.6783626,0.0041771,0.053467,0.0706522,0.0083542,0.9958229,0.371118,0.0265252,0.3157895,10.768506042432708
6773.0,0.4907722,0.0447365,0.1071903,0.0727747,0.9164329,0.0,0.7991786,0.0020534,0.0283368,0.0279441,0.0324435,0.9839836,0.1528942,0.0654545,0.3076923,11.296024885689746
2099.0,0.4521201,0.4411625,0.175798,0.16,0.8570748,0.028585,0.7061118,0.0026008,0.0169051,0.1191294,0.4070221,0.9921977,0.327606,0.1580882,0.6875,10.150386692204734
2630.0,0.4494297,0.0003802,0.2441065,0.2237569,0.7984791,0.0657795,0.6780822,0.0019569,0.0156556,0.1483333,0.0,0.9579256,0.3541667,0.1170569,0.8181818,10.165890277802454
10404.0,0.4885621,0.2958478,0.1347559,0.0986657,0.7971934,0.0014418,0.602325,0.0036328,0.0886413,0.049931,0.2249939,0.7892952,0.4130235,0.0959158,0.4878049,11.259335592686217
185.0,0.5243243,0.0,0.0810811,0.0681818,0.9027027,0.0,0.7192982,0.0,0.0350877,0.3214286,0.0,1.0,0.702381,0.3333333,0.0,10.657282884047461
1033.0,0.464666,0.0,0.1665053,0.1754069,0.8344627,0.0571152,0.7457627,0.0084746,0.039548,0.112782,0.0,0.8841808,0.3934837,0.1696429,0.4444444,10.87806606028079
1186.0,0.4848229,0.0016863,0.1458685,0.1423895,0.881113,0.0,0.7357294,0.0021142,0.0295983,0.0502008,0.0021142,1.0,0.2771084,0.0642857,0.75,10.687411927154141
1429.0,0.4611617,0.0041987,0.1812456,0.1714286,0.8383485,0.0006998,0.6405451,0.0034072,0.0289608,0.0741325,0.0051107,1.0,0.3927445,0.1222707,0.25,9.87822102528824
12233.0,0.4673424,0.0047413,0.1808224,0.1388889,0.8416578,0.0111175,0.6724586,0.0025964,0.0283603,0.0549264,0.0045936,0.9958059,0.2802945,0.0713884,0.6034483,10.34177474101152
1252.0,0.4912141,0.0039936,0.1110224,0.0753532,0.9193291,0.0,0.8160377,0.009434,0.0353774,0.0660793,0.004717,1.0,0.0969163,0.125,0.75,11.008760940077243
138.0,0.5,0.0,0.173913,0.1304348,0.9275362,0.0,0.8039216,0.0,0.0,0.0555556,0.0,1.0,0.2407407,0.1666667,0.0,9.65509029374725
217.0,0.4654378,0.0,0.156682,0.137931,0.8894009,0.0,0.7027027,0.0135135,0.027027,0.3884298,0.0,0.2297297,0.5950413,0.3157895,0.8333333,9.615805480084347
423.0,0.4775414,0.0,0.0803783,0.0723982,0.8605201,0.0047281,0.7142857,0.0062112,0.0621118,0.1481481,0.0,0.9627329,0.3174603,0.0377358,0.5,10.92415631759022
4823.0,0.4480614,0.0020734,0.1575783,0.1450038,0.8453245,0.0153431,0.6889597,0.007431,0.0291932,0.096836,0.0010616,0.9973461,0.4036433,0.1044386,0.2727273,10.060534035475412
19588.0,0.4787115,0.0855115,0.0842352,0.0887278,0.8915152,0.0121503,0.7759754,0.0037757,0.031604,0.0662053,0.0696406,0.9934275,0.2844085,0.0856354,0.3846154,10.643064971973882
52.0,0.5576923,0.0,0.1730769,0.173913,0.7692308,0.0,0.5416667,0.0,0.0416667,0.1111111,0.0,1.0,0.1851852,0.0,0.0,9.615805480084347
3702.0,0.5116153,0.0613182,0.0721232,0.0835177,0.9076175,0.0,0.7778682,0.0081367,0.0447518,0.1622359,0.0593979,0.9707079,0.4444444,0.1611722,0.7619048,10.416341118636355
214.0,0.4953271,0.0140187,0.2149533,0.2037037,0.8271028,0.0,0.6326531,0.0,0.0102041,0.1009174,0.0306122,1.0,0.3394495,0.0,0.0,10.012386799492118
211.0,0.507109,0.0,0.0900474,0.0288462,0.7725118,0.0,0.5604396,0.0,0.0879121,0.3,0.0,0.978022,0.5307692,0.3333333,0.8,10.389026137075234
5231.0,0.4674058,0.2034028,0.1997706,0.1719311,0.7939209,0.0974957,0.7259426,0.002251,0.0337648,0.0537806,0.1890827,0.9791784,0.2412141,0.0949153,0.6818182,10.993748398115178
7158.0,0.4531992,0.59905,0.1411009,0.1341339,0.8760827,0.0068455,0.7069696,0.0023104,0.0227185,0.0823322,0.503273,0.9984598,0.3477032,0.1495238,0.4242424,10.261196961231647
1404.0,0.4423077,0.0014245,0.3198006,0.2464879,0.7770655,0.0626781,0.6226087,0.0,0.013913,0.1494083,0.0034783,0.9878261,0.3860947,0.1321839,0.6315789,9.615805480084347
29429.0,0.4663087,0.0381257,0.1492745,0.1352986,0.8031534,0.0299025,0.647769,0.0058618,0.0591426,0.0785973,0.032371,0.9838145,0.3459089,0.0800449,0.5652174,10.69650269224425
608.0,0.4950658,0.0,0.1447368,0.0781759,0.9391447,0.0,0.8128342,0.0,0.0106952,0.1261682,0.0,0.9946524,0.2383178,0.1578947,1.0,10.55843949396453
280.0,0.4785714,0.0,0.2285714,0.1369863,0.8214286,0.0,0.6810345,0.0172414,0.0603448,0.1278195,0.0,1.0,0.1503759,0.125,0.0,9.615805480084347
1825.0,0.4854795,0.0082192,0.2147945,0.14164,0.8120548,0.0131507,0.6564885,0.0038168,0.0445293,0.0698225,0.0025445,0.9936387,0.2911243,0.0632184,0.8461538,10.922352923113982
5984.0,0.4677473,0.0379345,0.1395388,0.1249608,0.8477607,0.0150401,0.693634,0.0057471,0.0473033,0.063354,0.035809,0.9699381,0.3515528,0.0557576,0.9090909,11.744838452135683
133.0,0.6015038,0.0,0.0,0.0,0.7368421,0.2631579,1.0,0.0,0.0,0.2142857,0.0,1.0,0.7380952,0.0909091,0.0,0.0
1221.0,0.5077805,0.007371,0.2260442,0.1131448,0.8714169,0.0,0.727619,0.0038095,0.0209524,0.405436,0.0038095,0.9561905,0.5152888,0.1428571,0.6756757,10.247112717290387
271.0,0.4575646,0.0,0.202952,0.1496599,0.8376384,0.0,0.6810345,0.0172414,0.0258621,0.1145038,0.0,0.9913793,0.4427481,0.09375,1.0,9.615805480084347
6112.0,0.4860929,0.0026178,0.0467932,0.0608087,0.9412631,0.0,0.8439153,0.0058201,0.0238095,0.0227508,0.0026455,0.9634921,0.1261634,0.168798,0.3846154,10.547995807489514
1611.0,0.4506518,0.0,0.1942893,0.1740113,0.8696462,0.0,0.7055306,0.0029895,0.0134529,0.069541,0.0,0.9955157,0.3268428,0.0858586,0.2857143,10.025749432069084
13021.0,0.4942017,0.0031488,0.0982259,0.0789554,0.8923278,0.0051455,0.7604481,0.0043085,0.0415769,0.02438,0.0023697,0.9687635,0.2873056,0.042735,0.2666667,11.458479838780507
115.0,0.4173913,0.0,0.3130435,0.238806,0.7652174,0.0,0.5178571,0.0,0.0,0.1884058,0.0,1.0,0.4202899,0.04,1.0,9.615805480084347
1250.0,0.5152,0.0008,0.08,0.039604,0.9312,0.0,0.8317972,0.0023041,0.0276498,0.0482456,0.0,0.983871,0.3486842,0.1030928,0.0,10.866680954096502
49040.0,0.4949225,0.023022,0.1007341,0.0715814,0.63177,0.0764682,0.5399261,0.0067877,0.1884002,0.0641913,0.0169417,0.9094421,0.4996385,0.0958574,0.3192771,12.241444615610645
185.0,0.5243243,0.0,0.1891892,0.1022727,0.8972973,0.0,0.75,0.0,0.0138889,0.2087912,0.0,1.0,0.4395604,0.2857143,0.7692308,9.746892220313054
3882.0,0.4683153,0.0007728,0.1746522,0.130814,0.8420917,0.0167439,0.6818478,0.0013012,0.0344828,0.0228862,0.0,1.0,0.259377,0.0662526,0.6363636,10.547995807489514
7197.0,0.4493539,0.0839239,0.2330138,0.1347464,0.7753231,0.0002779,0.6037296,0.0014569,0.0614802,0.0633188,0.0705128,0.990676,0.2418122,0.0299559,0.4693878,11.206413891581187
4299.0,0.4947662,0.0167481,0.1209584,0.0819521,0.9204466,0.0,0.8130841,0.0018692,0.0224299,0.0469121,0.0130841,0.9981308,0.111639,0.0765766,0.7142857,11.1154434073529
532.0,0.4473684,0.0,0.2067669,0.1530612,0.8477444,0.0,0.67713,0.0,0.0313901,0.1254902,0.0,0.9910314,0.2862745,0.0972222,0.7857143,10.254179634797001
9230.0,0.4460455,0.0125677,0.172481,0.1408175,0.5858072,0.2177681,0.5776854,0.0063939,0.081202,0.0526953,0.0035166,0.9980818,0.3540279,0.0800915,0.4782609,10.357774570341576
5410.0,0.4621072,0.0356747,0.2624769,0.1893471,0.8290203,0.0099815,0.6506494,0.0047619,0.0190476,0.175883,0.0311688,0.9082251,0.3749554,0.0941358,0.6438356,9.635673464721814
5120.0,0.4875,0.021875,0.1373047,0.0983232,0.8859375,0.0037109,0.7520436,0.0038147,0.0441417,0.0134409,0.0239782,0.9907357,0.2150538,0.0695444,0.5,11.270866642542865
269.0,0.5018587,0.0,0.2936803,0.1865672,0.8252788,0.0,0.6349206,0.0,0.0079365,0.2716763,0.0,0.9920635,0.4046243,0.0416667,1.0,9.615805480084347
1526.0,0.4941022,0.0045872,0.1146789,0.0790155,0.6802097,0.0,0.5012469,0.0024938,0.0997506,0.0802752,0.0037406,0.9925187,0.3704128,0.0043573,0.7647059,11.466891997618188
6509.0,0.5053004,0.0185896,0.0854202,0.0745342,0.847442,0.0164388,0.7835338,0.0032377,0.0975948,0.0322292,0.0152636,0.9694727,0.0438675,0.1552941,0.2,12.208574513247495
2661.0,0.4460729,0.0135287,0.2604284,0.2130258,0.7467118,0.0759113,0.6186213,0.0053715,0.0322292,0.0707155,0.0080573,0.9982095,0.3677205,0.0441176,0.9,10.357774570341576
23206.0,0.4567784,0.0009049,0.2099888,0.1615897,0.8390502,0.0100836,0.6669833,0.0011611,0.0320878,0.0313874,0.0013722,0.9669622,0.3790001,0.0315821,0.3469388,11.438212694578302
2152.0,0.5069703,0.0,0.0594796,0.0273327,0.9730483,0.0,0.9185185,0.0018519,0.0166667,0.0425532,0.0,0.9851852,0.1861702,0.1341463,0.5454545,11.154835234271214
2006.0,0.4386839,0.0004985,0.2522433,0.2158082,0.7926221,0.0373878,0.6268657,0.0045924,0.0114811,0.1130346,0.0,0.9988519,0.4154786,0.0704225,0.7777778,9.97119292889014
7169.0,0.4930953,0.0051611,0.1231692,0.0888828,0.9054261,0.0110197,0.7789192,0.0053595,0.0281376,0.0747934,0.0044663,0.6306387,0.4384298,0.2546354,0.6666667,10.442929787247998
82.0,0.4634146,0.0,0.2073171,0.0909091,0.8658537,0.0,0.6764706,0.0,0.0,0.1707317,0.0,1.0,0.1463415,0.4,0.0,9.90353755128617
5630.0,0.459325,0.0003552,0.20746,0.1655716,0.8683837,0.0,0.7007979,0.0022163,0.0212766,0.033419,0.0,0.9991135,0.1928021,0.0586854,0.3,10.62135173563291
47.0,0.4255319,0.0,0.2978723,0.2222222,0.7021277,0.0,0.5416667,0.0,0.125,0.1111111,0.0,1.0,0.3333333,0.0,0.0,9.615805480084347
188.0,0.5478723,0.0,0.1223404,0.0470588,0.9095745,0.0,0.7936508,0.015873,0.031746,0.0597015,0.0,1.0,0.1791045,0.2727273,0.0,10.50783084142058
15871.0,0.4532166,0.4187512,0.1119022,0.105439,0.7117384,0.1097599,0.6113061,0.004988,0.0940329,0.1397012,0.3744689,0.9870682,0.4140178,0.1104271,0.6699029,10.534785924769006
571.0,0.4553415,0.0,0.2924694,0.2282958,0.7898424,0.0665499,0.6431718,0.0,0.0044053,0.1745455,0.0,0.969163,0.3054545,0.0847458,0.8,9.809231816610408
553.0,0.5334539,0.0,0.0614828,0.0465116,0.6546112,0.0,0.5311203,0.0041494,0.2033195,0.7782889,0.0,0.9792531,0.7525299,0.0481928,0.8333333,11.756663486852712
533.0,0.4971857,0.0,0.1538462,0.1529851,0.8761726,0.0,0.7330097,0.0097087,0.0339806,0.1452282,0.0,0.9951456,0.4605809,0.1851852,0.5,9.942756341456828
27652.0,0.5024591,0.010813,0.0465066,0.0433203,0.9364965,0.0062563,0.8617094,0.003854,0.0295851,0.0334173,0.0104285,0.9140784,0.1715788,0.1653043,0.4950495,10.905974329106854
3384.0,0.4896572,0.0165485,0.141253,0.0764331,0.9515366,0.0,0.8780053,0.0008905,0.016919,0.0166375,0.0115761,0.9786287,0.0245184,0.2115385,0.6666667,12.500982286072535
1261.0,0.4726408,0.0087232,0.1459159,0.1203008,0.8762887,0.0,0.6985138,0.0021231,0.0276008,0.0977011,0.0042463,0.9936306,0.2164751,0.1483516,0.3333333,9.867912187022208
1159.0,0.4641933,0.0,0.1734254,0.1288245,0.8817947,0.0,0.7320261,0.0065359,0.0174292,0.1206897,0.0,0.9978214,0.2413793,0.1139241,0.6,9.83633227734872
3630.0,0.4757576,0.0011019,0.1385675,0.1166579,0.8559229,0.0,0.6874154,0.0020298,0.0365359,0.1053269,0.0020298,0.9905277,0.3716707,0.0729167,0.7368421,10.385944565501662
2173.0,0.4629544,0.0,0.2968247,0.2047986,0.7942936,0.0543028,0.6411699,0.0,0.0101237,0.0572641,0.0,0.9977503,0.2301166,0.0137931,0.8095238,10.118639253920785
934.0,0.4582441,0.0010707,0.130621,0.1086957,0.8800857,0.0,0.7270195,0.0027855,0.0278552,0.0577428,0.0027855,1.0,0.2309711,0.1052632,1.0,10.318935994253193
44400.0,0.4925901,0.0136036,0.069482,0.0404368,0.8487162,0.0004505,0.7219893,0.0030282,0.0925926,0.0910438,0.0128116,0.9391451,0.2629155,0.0448688,0.2865497,12.399997456775143
1336.0,0.4797904,0.010479,0.1661677,0.1539568,0.8787425,0.0,0.7085714,0.0,0.0152381,0.0608229,0.007619,0.9961905,0.3166369,0.0842697,0.6,9.966509298952284
4577.0,0.4821936,0.0021848,0.1581822,0.0886076,0.926371,0.0021848,0.8303357,0.001199,0.0233813,0.0199765,0.001199,0.9952038,0.0470035,0.0543478,0.0,11.307142836927456
46731.0,0.4303353,0.0096082,0.3964606,0.2466474,0.7395733,0.0161135,0.5493924,0.0017488,0.048518,0.0729933,0.0077575,0.9665486,0.4399551,0.0648708,0.2849462,11.929007348474721
7093.0,0.451008,0.2591287,0.1872268,0.1818182,0.8545044,0.0169181,0.6981265,0.0010604,0.019088,0.0629347,0.223754,0.9954047,0.2520702,0.1287605,0.6666667,10.34177474101152
19379.0,0.4995098,0.1070231,0.1051654,0.0724817,0.9070643,0.001032,0.771603,0.0049791,0.0430453,0.1271555,0.0857694,0.6193383,0.5139492,0.2866097,0.4782609,10.797553125151618
9468.0,0.4884875,0.0353823,0.0328475,0.0340698,0.9147655,0.0,0.8054777,0.0068472,0.0451292,0.0804236,0.0342359,0.9259259,0.2229536,0.1088977,0.3709677,11.079076314320059
2959.0,0.4704292,0.0273741,0.1277459,0.1052967,0.8979385,0.0,0.754529,0.0054348,0.0190217,0.0958231,0.0226449,0.9945652,0.3513514,0.1269488,0.6052632,10.457401400981889
104.0,0.5,0.0,0.2788462,0.1346154,0.875,0.0,0.7142857,0.0,0.0238095,0.1764706,0.0,1.0,0.2352941,0.0,0.0,9.65509029374725
1751.0,0.4751571,0.0017133,0.1513421,0.1305767,0.9063392,0.0062821,0.7858198,0.0014771,0.0088626,0.0751366,0.0029542,1.0,0.2773224,0.0784314,0.2857143,10.169728906753061
69.0,0.5362319,0.0,0.3913043,0.09375,0.8115942,0.0,0.6756757,0.0,0.027027,0.2291667,0.0,0.972973,0.2916667,0.0,1.0,9.615805480084347
376.0,0.4494681,0.0,0.1968085,0.1352657,0.8457447,0.0,0.6666667,0.0061728,0.0123457,0.1336898,0.0,1.0,0.4438503,0.0655738,1.0,10.188704088048116
2562.0,0.4933646,0.0003903,0.1018735,0.0847458,0.8821233,0.0,0.7271773,0.0041973,0.0367261,0.1256881,0.0,0.9716684,0.387156,0.0931034,0.75,10.505094936455558
466.0,0.4678112,0.0,0.1995708,0.1774194,0.8648069,0.0,0.6938776,0.0,0.0153061,0.0925926,0.0,1.0,0.1759259,0.12,1.0,9.883335864325275
799.0,0.4918648,0.0,0.1864831,0.1453202,0.9036295,0.0,0.7666667,0.0033333,0.02,0.1573034,0.0,0.9966667,0.3960674,0.1368421,0.75,9.75272280064639
13133.0,0.4921952,0.0135536,0.0525394,0.0338881,0.9641361,0.0,0.9225999,0.0012404,0.0265443,0.0196984,0.0119077,0.9823865,0.0172665,0.2035398,0.2894737,12.545757573071759
4731.0,0.4717819,0.0084549,0.1834707,0.1236495,0.8049038,0.0046502,0.6167161,0.0034619,0.049456,0.0669128,0.0069238,0.9881306,0.4010152,0.0690355,0.3125,11.397525836740476
466.0,0.4871245,0.0,0.1008584,0.0460251,0.9420601,0.0,0.8421053,0.0,0.0197368,0.0843373,0.0,1.0,0.1807229,0.2121212,0.6666667,10.322230781590136
5436.0,0.4920898,0.0540839,0.1087196,0.063745,0.9164827,0.0027594,0.8094995,0.0035751,0.0265577,0.0340405,0.0429009,0.9918284,0.1391219,0.1255411,0.4705882,10.640675541671662
83.0,0.5421687,0.0,0.0722892,0.0526316,0.9036145,0.0,0.7741935,0.0,0.0322581,0.1142857,0.0,1.0,0.2571429,0.2,0.0,11.551193801680078
177.0,0.4745763,0.0282486,0.1016949,0.0537634,0.9039548,0.0,0.7681159,0.0,0.0144928,0.0921053,0.0144928,1.0,0.2368421,0.0,0.0,10.540090836284206
8914.0,0.4448059,0.4731882,0.1667041,0.1519499,0.8441777,0.021427,0.6848146,0.0032372,0.0294291,0.0823656,0.4011183,0.9970571,0.3872536,0.1480815,0.5,10.579005242826247
271.0,0.4944649,0.0,0.1881919,0.1386861,0.9225092,0.0,0.8039216,0.0,0.0098039,0.1130435,0.0,1.0,0.2695652,0.1666667,1.0,9.820160289946374
342.0,0.4736842,0.0263158,0.1695906,0.1277778,0.8859649,0.0,0.7463768,0.0072464,0.0217391,0.0980392,0.0217391,1.0,0.2941176,0.0555556,0.0,10.118639253920785
116.0,0.4482759,0.0,0.1637931,0.21875,0.8706897,0.0,0.6511628,0.0,0.0,0.1568627,0.0,1.0,0.3137255,0.0,0.0,9.615805480084347
617.0,0.4862237,0.0,0.089141,0.0725552,0.8995138,0.0,0.7619048,0.0047619,0.047619,0.1566265,0.0,0.9095238,0.2971888,0.1836735,1.0,10.344995251991222
765.0,0.4653595,0.0,0.3581699,0.2371638,0.7633987,0.0535948,0.6239316,0.0,0.019943,0.1542169,0.0,1.0,0.3759036,0.0344828,0.8,9.615805480084347
1812.0,0.4707506,0.1915011,0.1572848,0.1240876,0.897351,0.0,0.7466667,0.0014815,0.0207407,0.1466498,0.1940741,0.9881481,0.4310999,0.1468927,0.6363636,9.985113621416073
3278.0,0.4844417,0.1369738,0.1650397,0.1680473,0.8544844,0.0253203,0.7147514,0.00326,0.0301548,0.0795199,0.0945395,0.99511,0.3825956,0.1202186,0.5,10.130662964963708
76.0,0.5394737,0.0,0.3552632,0.2857143,0.7368421,0.0,0.5135135,0.0,0.0540541,0.1190476,0.0,1.0,0.3333333,0.0,1.0,10.110542371500753
30987.0,0.4995966,0.0198793,0.0344983,0.036502,0.930487,0.0,0.8431175,0.0037257,0.0474272,0.0380666,0.019132,0.9445172,0.1191399,0.161435,0.0989011,11.383966460172834
2664.0,0.4695946,0.0454204,0.2421171,0.1521585,0.884009,0.0,0.7432675,0.0017953,0.0152603,0.0494881,0.040395,0.997307,0.2730375,0.044898,0.4,10.440010162389305
762.0,0.4370079,0.0,0.3175853,0.2494172,0.7611549,0.0564304,0.5907692,0.0,0.0184615,0.109589,0.0,0.9938462,0.2246575,0.0875,0.7777778,9.615805480084347
2179.0,0.4873795,0.0050482,0.099587,0.0787825,0.8430473,0.0,0.6970414,0.0059172,0.0792899,0.05902,0.0059172,0.9964497,0.4153675,0.0317848,0.75,10.742918838113225
684.0,0.4634503,0.002924,0.2733918,0.2288828,0.7616959,0.0730994,0.6060606,0.0037879,0.0227273,0.0801394,0.0,1.0,0.2682927,0.0526316,0.7777778,9.846970109700957
15850.0,0.4678233,0.0444164,0.1324921,0.0886781,0.7314196,0.1411356,0.7051852,0.0009259,0.0577778,0.0294752,0.0357407,0.9781481,0.2456866,0.0371585,0.4864865,12.22881702007325
1298.0,0.5046225,0.0,0.1379045,0.1197512,0.848228,0.087057,0.8290993,0.0023095,0.0184758,0.0884211,0.0,0.9976905,0.3136842,0.0729167,0.8,9.746892220313054
189.0,0.5449735,0.0,0.1375661,0.0813953,0.9100529,0.0,0.7887324,0.0,0.028169,0.0405405,0.0,1.0,0.1756757,0.1578947,0.0,10.53212287826962
7003.0,0.4880765,0.2361845,0.0819649,0.0728033,0.8946166,0.0034271,0.7587979,0.0043495,0.0328193,0.0912684,0.2000791,0.9778569,0.379806,0.0942579,0.6,10.6782377612977
1329.0,0.4544771,0.0,0.2768999,0.2165517,0.7742664,0.0466516,0.6153846,0.0035778,0.0339893,0.1956835,0.0,0.9856887,0.3021583,0.1125828,0.4166667,10.322230781590136
23087.0,0.4664097,0.3518863,0.2059601,0.1612144,0.7500325,0.0864123,0.6354508,0.0031652,0.0358,0.075106,0.2992796,0.9958524,0.3407026,0.0843977,0.5952381,10.571342565808699
7767.0,0.4645294,0.2626497,0.1644135,0.1382544,0.8814214,0.0,0.7201018,0.0032715,0.0341694,0.034398,0.2686296,0.909851,0.4247104,0.1321839,0.9230769,11.789806920177805
13429.0,0.5013776,0.0305309,0.0253183,0.0198626,0.9470549,0.0,0.8643182,0.0018182,0.0222727,0.0393013,0.0281818,0.9884091,0.14869,0.0823529,0.2647059,11.332613886815139
155.0,0.4967742,0.0,0.1483871,0.1282051,0.9290323,0.0,0.8166667,0.0,0.0,0.0909091,0.0,1.0,0.2575758,0.0,1.0,10.221977646629885
5978.0,0.4416193,0.2067581,0.2131148,0.191432,0.8171629,0.038809,0.6620718,0.0020886,0.0150376,0.1139896,0.1817043,0.9916458,0.3811991,0.091858,0.6206897,9.862717639992917
1907.0,0.4389093,0.2186681,0.169376,0.1747664,0.8652334,0.0,0.6831169,0.0012987,0.0142857,0.1046512,0.2064935,1.0,0.4046512,0.1402214,0.5,10.165890277802454
163.0,0.4294479,0.0,0.2699387,0.2150538,0.7668712,0.0,0.5921053,0.0131579,0.0657895,0.0843373,0.0,0.9736842,0.3373494,0.05,1.0,9.966509298952284
2262.0,0.4832007,0.0375774,0.1374889,0.1240376,0.8700265,0.0,0.7142857,0.0044994,0.0371204,0.0230769,0.0393701,0.9977503,0.2351648,0.0355731,0.5,11.086762629082946
595.0,0.4705882,0.005042,0.2588235,0.2,0.8621849,0.0,0.6988417,0.0,0.015444,0.0615942,0.007722,0.996139,0.2246377,0.0285714,1.0,10.150386692204734
221.0,0.4751131,0.0,0.1266968,0.1034483,0.8959276,0.0,0.7341772,0.0,0.0253165,0.1222222,0.0,0.9746835,0.3666667,0.1052632,0.0,9.729193687429403
2467.0,0.4665586,0.0060803,0.2411836,0.1504559,0.7912444,0.0,0.6145203,0.0008643,0.0535869,0.0342237,0.0043215,0.9939499,0.3405676,0.0186335,0.7142857,11.036517370851499
8030.0,0.3544209,0.0017435,0.9070984,0.4315201,0.615193,0.0,0.4448927,0.0,0.0115533,0.1026822,0.0016505,0.9961489,0.6486753,0.0084034,0.7911833,10.909637269778615
171.0,0.502924,0.0,0.1754386,0.0941176,0.9356725,0.0,0.8,0.0,0.0,0.2857143,0.0,0.9818182,0.3636364,0.3529412,1.0,10.098272780745283
526.0,0.4448669,0.9429658,0.148289,0.1643836,0.9125475,0.0,0.7515152,0.0060606,0.0060606,0.0730337,0.9454545,0.9878788,0.3089888,0.3116883,0.0,9.615805480084347
22125.0,0.4522938,0.1544859,0.2177627,0.1722231,0.7685876,0.0649492,0.6347032,0.0025615,0.0326317,0.1017407,0.1467869,0.9932064,0.2872149,0.0618192,0.6929134,10.25769445336048
62936.0,0.4645831,0.0300146,0.1846956,0.1040449,0.7685268,0.0234206,0.6128506,0.0010758,0.067369,0.0459066,0.0208117,0.9548153,0.2949067,0.0486312,0.480826,12.450590137999692
1586.0,0.518285,0.0,0.0554855,0.0602094,0.9501892,0.0,0.8752688,0.0,0.0344086,0.0148305,0.0,0.9978495,0.0805085,0.255814,0.6666667,10.555838779903407
927.0,0.4595469,0.0,0.3516721,0.1417166,0.8856526,0.0,0.759434,0.0,0.009434,0.0230415,0.0,0.995283,0.1129032,0.047619,0.3333333,11.304682841344873
94.0,0.4680851,0.0,0.1808511,0.14,0.8191489,0.0,0.6428571,0.0,0.047619,0.1764706,0.0,1.0,0.2352941,0.0,0.0,9.615805480084347
196637.0,0.4634174,0.5574739,0.1162091,0.1020358,0.8266552,0.0346069,0.6790788,0.0028247,0.0455437,0.0946028,0.4833507,0.9956585,0.3560108,0.1146376,0.4933452,10.594156665220533
2834.0,0.4855328,0.0021171,0.1242061,0.0802469,0.8676782,0.0,0.7128713,0.0045005,0.0414041,0.0355903,0.0018002,0.9963996,0.2916667,0.0385675,0.2857143,10.925956465688445
29419.0,0.4689826,0.0057106,0.1936844,0.1325695,0.7652198,0.0187294,0.6008525,0.0062414,0.0671335,0.0702052,0.0042624,0.9449688,0.4064402,0.0465116,0.6441441,11.180259973491848
3063.0,0.4831864,0.0055501,0.1759713,0.1137081,0.8560235,0.0009794,0.6984,0.0104,0.0312,0.0882567,0.004,0.9672,0.4062728,0.1092437,0.5384615,10.328787967145063
3610.0,0.4409972,0.4080332,0.2105263,0.2061447,0.834626,0.0160665,0.6525017,0.0013708,0.0157642,0.0835427,0.3440713,0.9979438,0.3159548,0.0909091,0.5625,10.154285180632154
2780.0,0.471223,0.0010791,0.1705036,0.1292517,0.847482,0.0064748,0.690455,0.0035682,0.0454951,0.035284,0.0008921,0.9973238,0.2452668,0.028125,0.3333333,10.579005242826247
237.0,0.464135,0.0,0.1223629,0.0708661,0.907173,0.0,0.7826087,0.0,0.0217391,0.0515464,0.0,1.0,0.2371134,0.1,0.5,9.957075711706057
7579.0,0.4771078,0.0065972,0.1031798,0.0921019,0.710252,0.1271936,0.6350996,0.0041338,0.0736565,0.0741127,0.0041338,0.5749718,0.4613779,0.0769231,0.7619048,10.477316144080852
987.0,0.4721378,0.0,0.2877406,0.184261,0.8176292,0.0597771,0.7038961,0.0,0.0155844,0.044665,0.0,0.9922078,0.1960298,0.1097561,0.0,10.442929787247998
485.0,0.4865979,0.0721649,0.1175258,0.1084337,0.8783505,0.0,0.7309942,0.0175439,0.0409357,0.0952381,0.0584795,0.7719298,0.2804233,0.1860465,1.0,10.31231367277647
3768.0,0.4620488,0.0849257,0.1746285,0.1420819,0.8768577,0.0167197,0.725168,0.0022405,0.0164302,0.1344538,0.0746826,0.7722181,0.4227537,0.1820652,0.8333333,9.65509029374725
321.0,0.470405,0.0,0.1152648,0.1,0.9190031,0.0,0.8043478,0.0326087,0.0326087,0.1153846,0.0,0.9891304,0.1826923,0.1904762,0.0,9.615805480084347
8118.0,0.4783198,0.1681449,0.1468342,0.1211334,0.8901207,0.0137965,0.7651689,0.0013119,0.0177107,0.142817,0.138734,0.9963923,0.2876019,0.085592,0.4285714,10.49684202174171
4802.0,0.4798001,0.0,0.1857559,0.1485188,0.8019575,0.0299875,0.6325,0.003,0.029,0.1635299,0.0,0.9955,0.3730657,0.073487,0.7592593,10.016860879703811
3323.0,0.4535059,0.0006019,0.2160698,0.1811674,0.8335841,0.0355101,0.7071376,0.0058867,0.0191317,0.0964096,0.0007358,0.9970567,0.3656915,0.0627907,0.6333333,9.937937287265354
6241.0,0.468034,0.0278801,0.197244,0.1304217,0.850024,0.0129787,0.705184,0.0007915,0.0383854,0.038798,0.0257222,0.9944598,0.2753899,0.0166205,0.2727273,11.791322060504474
539.0,0.4897959,0.0,0.1261596,0.0727273,0.8738404,0.0,0.721393,0.0199005,0.039801,0.1106195,0.0,1.0,0.4734513,0.1428571,0.5,9.69898173460629
635.0,0.4566929,0.0,0.2629921,0.2231884,0.8031496,0.0771654,0.7037037,0.0,0.0123457,0.0966543,0.0,1.0,0.1821561,0.1025641,1.0,10.542732775946709
866.0,0.5046189,0.0,0.1108545,0.0745921,0.8926097,0.0011547,0.7408638,0.0099668,0.0265781,0.2161458,0.0,0.9335548,0.3645833,0.1882353,0.8,10.351405324899678
2853.0,0.4805468,0.0028041,0.1587802,0.0924426,0.7784788,0.0073607,0.5941456,0.0047468,0.0632911,0.655398,0.0007911,0.971519,0.4004907,0.0994475,0.2054795,11.664796405307863
839.0,0.4636472,0.0011919,0.1835518,0.1377778,0.8498212,0.0143027,0.6882716,0.0092593,0.0216049,0.1243243,0.0,0.9722222,0.2891892,0.0824742,1.0,10.247112717290387
27331.0,0.515605,0.0831656,0.0574073,0.0594456,0.8314734,0.0040613,0.671941,0.010621,0.1109786,0.056351,0.0848597,0.74683,0.6541215,0.1744829,0.2363636,12.139403856983334
9576.0,0.4555138,0.2787176,0.1431704,0.1252397,0.8361529,0.0218254,0.6892566,0.0021014,0.0396638,0.0824295,0.2453375,0.9810875,0.3217643,0.0766197,0.546875,10.85516473308054
101.0,0.4653465,0.0594059,0.2376238,0.1666667,0.8415842,0.0,0.6590909,0.0,0.0227273,0.1538462,0.0454545,0.9772727,0.3269231,0.0714286,0.0,10.094149233605084
527.0,0.4705882,0.4611006,0.1499051,0.1218638,0.8994307,0.0,0.7486339,0.0,0.0218579,0.1327014,0.3442623,1.0,0.2417062,0.125,1.0,10.53212287826962
3240.0,0.4641975,0.0,0.2061728,0.1647465,0.8271605,0.0345679,0.6788026,0.0032362,0.0299353,0.039627,0.0,0.9975728,0.2400932,0.0794118,0.4444444,10.5815464756746
7626.0,0.4905586,0.0066876,0.0851036,0.0674389,0.8655914,0.0,0.730444,0.0049331,0.077167,0.0412162,0.0056378,0.9908386,0.3601351,0.0575049,0.6923077,11.566475710526321
2908.0,0.4938102,0.0006878,0.1495873,0.0686141,0.9136864,0.0017194,0.8170174,0.0036597,0.0347667,0.0353045,0.0009149,0.9780421,0.1827008,0.1490683,0.6666667,11.751950239425476
1692.0,0.4875887,0.001182,0.1317967,0.0911188,0.8817967,0.0070922,0.7566719,0.0,0.043956,0.0304414,0.0031397,0.9921507,0.1917808,0.0578512,0.6,11.88518533064729
302.0,0.4701987,0.2549669,0.2649007,0.19375,0.8410596,0.0,0.6515152,0.0,0.0151515,0.0896552,0.2651515,0.9848485,0.3586207,0.1034483,1.0,9.883335864325275
347.0,0.4524496,0.0,0.1383285,0.1421053,0.9048991,0.0,0.7573529,0.0,0.0,0.0748299,0.0,1.0,0.122449,0.0357143,0.0,10.016860879703811
7130.0,0.473352,0.0123422,0.11669,0.1003995,0.7215989,0.0,0.5233266,0.003767,0.0843234,0.0622283,0.0121704,0.9915966,0.4214674,0.015237,0.4761905,11.251573687764477
1479.0,0.4719405,0.1899932,0.1697093,0.1241997,0.9073698,0.0,0.7885615,0.0034662,0.0207972,0.0884676,0.1854419,0.9982669,0.2022117,0.0636364,0.6666667,10.27163147557801
6768.0,0.5110816,0.0363475,0.1041667,0.0870354,0.8005319,0.0756501,0.7043259,0.0029399,0.0474591,0.0332927,0.0021,0.9844603,0.3244011,0.0553459,0.4230769,10.753659849198824
1548.0,0.4883721,0.1169251,0.1795866,0.1742424,0.879199,0.0090439,0.7274276,0.0017036,0.0187394,0.077044,0.1141397,0.9982964,0.3852201,0.1862069,0.625,9.642187721358466
34874.0,0.4935482,0.0124161,0.1327923,0.1162949,0.8689855,0.0107243,0.7323978,0.0028067,0.0462711,0.0718273,0.0050521,0.8596632,0.3534053,0.097852,0.4825581,11.80261302508661
2411.0,0.4479469,0.1128163,0.184156,0.1855748,0.8166736,0.0684363,0.7236842,0.002193,0.0197368,0.0549223,0.0997807,0.9912281,0.2880829,0.0477816,0.75,10.712215345197256
148.0,0.5472973,0.0202703,0.222973,0.1641791,0.8581081,0.0,0.6774194,0.0,0.016129,0.225,0.0322581,1.0,0.2125,0.0,1.0,9.975854724662028
3277.0,0.5062557,0.0152579,0.0677449,0.0438813,0.9249313,0.0021361,0.8211716,0.0061665,0.0565262,0.087242,0.0143885,0.647482,0.3724203,0.2430556,0.6428571,10.797553125151618
131.0,0.4732824,0.0,0.1984733,0.1014493,0.8778626,0.0,0.6981132,0.0,0.0,0.1166667,0.0,0.9811321,0.1166667,0.0769231,0.0,10.012386799492118
139.0,0.4532374,0.0,0.1582734,0.1052632,0.9064748,0.0,0.7884615,0.0,0.0192308,0.0714286,0.0,1.0,0.1964286,0.25,0.0,10.102379394048045
78.0,0.525641,0.0,0.0,0.0,1.0,0.0,1.0,0.0,0.0,0.0,0.0,1.0,0.05,0.0,0.0,10.389026137075234
734.0,0.4836512,0.0299728,0.0953678,0.0395778,0.9768392,0.0,0.9298246,0.0,0.004386,0.0086957,0.0263158,0.995614,0.0086957,0.5,0.0,11.38054769238444
50828.0,0.4840442,0.0331117,0.185508,0.0860248,0.9063705,0.0047612,0.8094606,0.0057337,0.0374814,0.0919784,0.0303674,0.9138352,0.172098,0.1516966,0.3838772,10.893047333337728
485.0,0.4907216,0.0,0.2226804,0.1012146,0.8989691,0.0,0.75,0.0,0.0222222,0.0163934,0.0,1.0,0.136612,0.1428571,0.0,9.908524844053396
423.0,0.4893617,0.0070922,0.2245863,0.1342593,0.8747045,0.0,0.7068966,0.0,0.0114943,0.1167513,0.0,1.0,0.3147208,0.0625,0.8,9.61587214452889
49.0,0.5510204,0.0816327,0.0204082,0.0,0.9183673,0.0,0.7647059,0.0,0.0,0.4137931,0.0588235,0.8823529,0.6551724,0.5,1.0,9.615805480084347
931.0,0.4833512,0.0064447,0.1664876,0.1372141,0.8614393,0.0311493,0.7354651,0.0,0.0232558,0.1356784,0.005814,0.9447674,0.3316583,0.1649485,1.0,10.768506042432708
1890.0,0.4592593,0.0005291,0.2375661,0.1731898,0.8888889,0.0010582,0.7269022,0.0,0.0095109,0.0341207,0.0013587,1.0,0.1312336,0.0792683,0.6666667,10.698762529141884
4271.0,0.4877078,0.0042145,0.1800515,0.0918647,0.8375088,0.0,0.6787257,0.0059395,0.0464363,0.0278215,0.0026998,0.9978402,0.288189,0.009542,0.5,11.219909190927746
2429.0,0.4302182,0.5677233,0.2103746,0.2030347,0.8172087,0.0605187,0.6742857,0.0,0.0114286,0.0913811,0.4914286,0.9988571,0.2751817,0.1137931,1.0,10.196194479235656
201.0,0.5323383,0.0,0.1442786,0.0957447,0.880597,0.0,0.7402597,0.012987,0.025974,0.1538462,0.0,1.0,0.2527473,0.15,0.0,9.711176264112805
157.0,0.4585987,0.0,0.2675159,0.2352941,0.8216561,0.0,0.5757576,0.0,0.0,0.1315789,0.0,1.0,0.2368421,0.3,1.0,9.798182590890704
852.0,0.4553991,0.0070423,0.1784038,0.1185345,0.943662,0.0,0.8424658,0.0,0.0068493,0.0363036,0.0034247,0.9828767,0.0231023,0.0666667,0.0,12.824498973856072
2669.0,0.49719,0.0,0.1569876,0.0670641,0.8958411,0.0,0.7793834,0.0067437,0.0356455,0.0317164,0.0,0.9932563,0.2005597,0.0760234,0.4444444,10.831726617926124
183.0,0.4754098,0.0,0.1912568,0.1145833,0.8087432,0.0,0.6091954,0.0,0.0114943,0.0224719,0.0,1.0,0.258427,0.0555556,0.0,10.422311107413181
3722.0,0.484417,0.0029554,0.1475013,0.0708702,0.9664159,0.0,0.9107289,0.0,0.007371,0.0121359,0.001638,0.982801,0.0307443,0.1153846,0.25,12.686339056811123
1636.0,0.4376528,0.0006112,0.2023227,0.2152174,0.8111247,0.0629584,0.6890625,0.003125,0.00625,0.1339648,0.0,0.9984375,0.3775372,0.0539419,0.6666667,10.275085591132715
15026.0,0.4594703,0.0128444,0.17117,0.1466388,0.753627,0.0837215,0.6416175,0.0025274,0.0419545,0.0842463,0.0107835,0.9954507,0.2976393,0.0642202,0.5959596,10.410335274932896
984.0,0.4908537,0.046748,0.0325203,0.0219561,0.9806911,0.0,0.9549839,0.0064309,0.0096463,0.0311526,0.0450161,0.9807074,0.0186916,0.1818182,0.6,11.466891997618188
983403.0,0.4958181,0.0519146,0.0968331,0.0733904,0.8228285,0.0151372,0.66455,0.0061121,0.0740591,0.1234847,0.0464072,0.8601783,0.4415571,0.108707,0.4194222,10.993748398115178
693.0,0.4473304,0.0,0.3333333,0.2062663,0.7763348,0.1096681,0.7038462,0.0,0.0076923,0.0877193,0.0,1.0,0.1929825,0.0238095,0.8,10.007892611890918
367.0,0.4604905,0.2370572,0.1880109,0.1262626,0.8882834,0.0,0.7260274,0.0,0.0068493,0.2192513,0.1917808,0.9863014,0.4705882,0.1034483,0.5,9.873079890114703
1277.0,0.4870791,0.0,0.1675803,0.1572519,0.8018794,0.1221613,0.8076923,0.0054945,0.0576923,0.0135501,0.0,0.9972527,0.1327913,0.1075269,0.0,11.052491896264268
372.0,0.4677419,0.0,0.172043,0.0959596,0.8844086,0.0,0.7465753,0.0068493,0.0273973,0.0987654,0.0,1.0,0.1728395,0.1515152,0.5,10.2328272702548
579.0,0.4818653,0.0,0.1433506,0.12,0.9084629,0.0,0.7731481,0.0046296,0.0138889,0.04,0.0,0.9953704,0.1244444,0.1935484,0.0,10.285376924115587
58.0,0.5,0.0,0.137931,0.1034483,0.9137931,0.0,0.7727273,0.0,0.0,0.0833333,0.0,1.0,0.25,0.0,0.0,9.615805480084347
5587.0,0.4854126,0.0515482,0.1242169,0.0827826,0.8448183,0.0,0.6978417,0.0071942,0.0710432,0.0483526,0.0539568,0.9788669,0.4077878,0.0606717,0.3571429,10.929547069355774
66.0,0.4848485,0.0,0.3030303,0.2058824,0.8484848,0.0,0.7142857,0.0,0.0714286,0.2432432,0.0,1.0,0.1351351,0.0,0.0,9.615805480084347
450.0,0.4911111,0.0,0.1444444,0.1222707,0.8777778,0.0,0.7011494,0.0,0.0172414,0.0543478,0.0,0.9942529,0.3641304,0.0806452,0.0,10.27163147557801
2868.0,0.4703626,0.0693863,0.1729428,0.1375905,0.8898187,0.0167364,0.7463698,0.0009681,0.0048403,0.1546645,0.054211,0.7221684,0.3837971,0.2007435,0.75,9.711176264112805
1585.0,0.4788644,0.0012618,0.0851735,0.0581114,0.8776025,0.0555205,0.8326531,0.0040816,0.0346939,0.0522244,0.0,0.9938776,0.2088975,0.1617647,1.0,10.857093336791094
3164.0,0.4440582,0.1140961,0.2250316,0.1853326,0.8207965,0.0120101,0.6365672,0.0014925,0.0253731,0.1304348,0.1067164,0.9970149,0.3698897,0.0815308,0.5263158,9.686636660844938
83.0,0.5421687,0.0,0.1084337,0.0789474,0.939759,0.0,0.84375,0.0,0.0,0.2195122,0.0,1.0,0.1219512,0.0,0.0,10.351405324899678
319.0,0.4890282,0.0,0.1630094,0.1779141,0.8808777,0.0,0.7142857,0.0,0.015873,0.0666667,0.0,0.9920635,0.2074074,0.09375,0.0,10.007892611890918
827.0,0.4594921,0.0,0.1318017,0.1230425,0.8996372,0.0,0.7428571,0.0,0.0063492,0.1322314,0.0,0.9777778,0.3112948,0.0531915,0.8,10.422311107413181
2600.0,0.47,0.0103846,0.1619231,0.1182874,0.8596154,0.0076923,0.7158309,0.0009833,0.0521141,0.0202312,0.0098328,0.9941003,0.2331407,0.0428571,0.2857143,11.161962746590705
1052.0,0.480038,0.019962,0.0769962,0.0694698,0.9306084,0.0,0.8306452,0.0,0.0268817,0.026178,0.0215054,0.9919355,0.1753927,0.1014493,1.0,10.675931008412125
3572.0,0.4767637,0.012598,0.1973684,0.1696094,0.8012318,0.0109183,0.6169122,0.0019218,0.0384369,0.0735905,0.0121717,0.991672,0.3299703,0.0389222,0.75,10.344995251991222
6960.0,0.4738506,0.0007184,0.1688218,0.1400874,0.8593391,0.0083333,0.7030972,0.00356,0.0224279,0.0738543,0.0,0.997152,0.2749753,0.0895522,0.5675676,9.933094897288786
544.0,0.4650735,0.0018382,0.1452206,0.1340206,0.8970588,0.0,0.752381,0.0,0.0190476,0.0948276,0.0,1.0,0.2155172,0.0277778,1.0,9.746892220313054
269.0,0.5092937,0.3754647,0.1449814,0.0833333,0.9442379,0.0,0.8865979,0.0,0.0412371,0.0,0.3402062,0.9896907,0.0,0.0,0.0,11.537627833610571
412.0,0.4951456,0.0169903,0.1674757,0.0865385,0.842233,0.0,0.7030303,0.0,0.0848485,0.1176471,0.0121212,1.0,0.2994652,0.1363636,1.0,11.229248693912288
782248.0,0.508418,0.0470311,0.0720462,0.0597313,0.8615503,0.0147051,0.7349351,0.0059748,0.0813491,0.0352669,0.046963,0.8025522,0.4120217,0.1981396,0.2298441,12.234664961456772
400.0,0.4775,0.0,0.225,0.1818182,0.875,0.0,0.7151163,0.0,0.005814,0.0851064,0.0,0.994186,0.3244681,0.0869565,0.7777778,9.711176264112805
5857.0,0.4795971,0.0005122,0.1821752,0.1236877,0.8538501,0.0124637,0.7185629,0.002994,0.0444825,0.0591549,0.0008554,0.9961506,0.3637827,0.0331675,0.1807229,11.125806040978839
197.0,0.4416244,0.3807107,0.1928934,0.2090909,0.9137056,0.0,0.7733333,0.0,0.0,0.127907,0.2933333,1.0,0.3023256,0.3076923,0.0,9.615805480084347
177.0,0.4915254,0.5310734,0.1468927,0.1,0.9322034,0.0,0.8333333,0.0,0.0333333,0.1428571,0.4666667,1.0,0.2428571,0.0,0.0,9.615805480084347
360.0,0.4833333,0.0055556,0.2277778,0.1397849,0.8611111,0.0,0.6760563,0.0,0.028169,0.006993,0.0,0.9929577,0.3076923,0.1,0.0,10.250652418696085
194.0,0.5,0.2113402,0.1907216,0.0927835,0.8556701,0.0,0.7058824,0.0235294,0.0235294,0.4256757,0.1529412,1.0,0.5675676,0.125,0.6,9.994287576862567
230.0,0.5043478,0.0,0.1652174,0.1491228,0.8956522,0.0,0.75,0.0113636,0.0113636,0.0736842,0.0,1.0,0.1263158,0.0,0.5,9.615805480084347
58.0,0.4827586,0.0,0.137931,0.0333333,0.862069,0.0,0.6666667,0.0,0.047619,0.0,0.0,1.0,0.3333333,0.25,0.0,10.021315031649332
1254.0,0.5055821,0.0,0.0438596,0.0629032,0.969697,0.0,0.8697318,0.0,0.0153257,0.0842105,0.0,0.9961686,0.4912281,0.4657534,0.0,9.615805480084347
638.0,0.484326,0.0015674,0.1332288,0.1519757,0.9028213,0.0,0.7565217,0.0043478,0.0217391,0.08,0.0,0.9956522,0.368,0.1290323,1.0,10.090008612393838
157.0,0.4968153,0.0,0.1656051,0.1518987,0.8853503,0.0,0.734375,0.0,0.015625,0.1351351,0.0,1.0,0.3513514,0.0588235,0.0,9.6678285081515
619.0,0.4894992,0.0016155,0.2358643,0.1297468,0.8804523,0.0,0.7578125,0.0,0.046875,0.2335329,0.0,0.9921875,0.0658683,0.0,0.0769231,12.501726607862306
262.0,0.4923664,0.0,0.1526718,0.1278195,0.870229,0.0,0.7029703,0.0,0.039604,0.1367521,0.0,0.970297,0.2478632,0.12,1.0,10.236417809461043
120.0,0.5083333,0.0083333,0.1,0.1525424,0.825,0.0,0.6346154,0.0,0.0384615,0.2238806,0.0192308,1.0,0.2835821,0.0,0.0,9.809231816610408
3001.0,0.4681773,0.0063312,0.1866045,0.1441103,0.8280573,0.0589803,0.7328316,0.0037629,0.0470367,0.038009,0.0094073,0.9971778,0.239819,0.0609756,0.5,10.703266939811954
10688.0,0.5005614,0.0043975,0.1664484,0.1050955,0.8409431,0.0197418,0.6878912,0.004898,0.0666667,0.0449584,0.0040816,0.9504762,0.5158524,0.1512402,0.2727273,11.746423225963612
3325.0,0.4372932,0.0015038,0.4186466,0.2463923,0.6664662,0.1308271,0.6115358,0.009729,0.0694927,0.2524675,0.0006949,0.9881862,0.4623377,0.0196078,0.3225806,11.068215243411098
24.0,0.4166667,0.0,0.3333333,0.2857143,0.75,0.0,0.5,0.0,0.0,0.4545455,0.0,1.0,0.4545455,0.0,0.0,9.615805480084347
225.0,0.4755556,0.0,0.1911111,0.1610169,0.8711111,0.0,0.6781609,0.0,0.0114943,0.2232143,0.0,1.0,0.2946429,0.0833333,0.0,10.250652418696085
5027.0,0.4849811,0.3690074,0.0638552,0.0590962,0.9417147,0.0075592,0.8658281,0.0013976,0.0293501,0.0124224,0.3095737,0.9308176,0.1746032,0.1973094,0.4,11.899554278732099
133.0,0.5639098,0.0,0.1428571,0.0862069,0.8721805,0.0,0.7090909,0.0,0.0181818,0.0178571,0.0,1.0,0.25,0.25,0.0,9.980494888896912
42629.0,0.4656455,0.0472448,0.1562082,0.1016287,0.8427596,0.0121748,0.7040947,0.0022619,0.0504582,0.0517516,0.0466883,0.9901404,0.2244954,0.0445836,0.3404255,11.340962076644454
1886.0,0.4496288,0.1686108,0.1797455,0.2023121,0.8515376,0.0090138,0.6768061,0.0025349,0.008872,0.0836237,0.1368821,0.9949303,0.3507549,0.0364964,0.6,10.315630315397533
88.0,0.4772727,0.0,0.125,0.1086957,0.8295455,0.0,0.6388889,0.0,0.0555556,0.1219512,0.0,1.0,0.2439024,0.1538462,0.0,9.87822102528824
564.0,0.4858156,0.0,0.2216312,0.1586207,0.8315603,0.0,0.6409091,0.0136364,0.0454545,0.0350877,0.0,0.9954545,0.1929825,0.1639344,1.0,10.025749432069084
953.0,0.5047219,0.0010493,0.1227702,0.0741525,0.8677859,0.0,0.6955307,0.0083799,0.0223464,0.1246944,0.0027933,0.9888268,0.4498778,0.1111111,0.3333333,10.322230781590136
987.0,0.4832827,0.0,0.0364742,0.0196078,0.9625127,0.0,0.8965517,0.0,0.0241379,0.0169492,0.0,0.9793103,0.0644068,0.0952381,0.3333333,11.641327474774709
2273.0,0.4953806,0.0189177,0.0673119,0.0453357,0.7945447,0.016718,0.6410526,0.0021053,0.0768421,0.0649606,0.0178947,0.9978947,0.1702756,0.0542169,0.2580645,11.5730888039415
22124.0,0.4691737,0.0413578,0.1966643,0.1481608,0.864943,0.0078196,0.7171153,0.0015321,0.0202451,0.0522713,0.0411469,0.9960604,0.2375026,0.0517928,0.5869565,10.477316144080852
6336.0,0.5290404,0.0855429,0.1972854,0.1035523,0.829072,0.0978535,0.8056093,0.004352,0.0203095,0.0367955,0.0875242,0.9937137,0.1220307,0.1198347,0.4761905,10.916923143796645
2426.0,0.4909316,0.0,0.0214345,0.042915,0.9455894,0.0474031,0.9413793,0.0,0.0,0.0553746,0.0,1.0,0.3159609,0.652,0.0,9.918425424900335
4324.0,0.4747919,0.0,0.1415356,0.0977543,0.8834413,0.0106383,0.7410941,0.0025445,0.024173,0.1068182,0.0,0.5235369,0.3852273,0.1265378,0.5333333,10.376642461280849
94279.0,0.5016281,0.0324675,0.0859895,0.0745541,0.9044644,0.0262837,0.8200865,0.0053898,0.0441813,0.0330679,0.0316936,0.6135277,0.4559034,0.254173,0.2090395,11.835740580500783
568.0,0.4806338,0.0193662,0.2517606,0.1830508,0.8661972,0.0,0.6932773,0.0,0.012605,0.2196721,0.0210084,0.9915966,0.4459016,0.1428571,1.0,9.615805480084347
3955.0,0.4826802,0.0045512,0.1069532,0.0527859,0.8834387,0.0,0.7530949,0.0034388,0.0543329,0.0803289,0.002751,0.7166437,0.259962,0.0745763,0.4285714,11.470028402317833
535.0,0.5196262,0.0,0.1420561,0.0933852,0.9214953,0.0,0.8,0.0,0.04,0.1666667,0.0,0.2857143,0.3571429,0.0869565,0.75,9.615805480084347
4133.0,0.4674571,0.0007259,0.2300992,0.1817356,0.7933704,0.037503,0.6341324,0.0028539,0.0273973,0.085595,0.0011416,0.9800228,0.309499,0.0450281,0.6756757,9.966509298952284
1918.0,0.5328467,0.0323253,0.1021898,0.046875,0.5745568,0.3665276,0.796,0.0,0.022,0.0494297,0.004,1.0,0.2129278,0.0560748,0.5,10.74507628970625
2019.0,0.4883606,0.4328876,0.0960872,0.0793804,0.9212481,0.0,0.7965116,0.005814,0.0174419,0.14,0.4186047,1.0,0.3225,0.1666667,0.6,10.034559673629849
641.0,0.4602184,0.0,0.2776911,0.1965318,0.8081123,0.0,0.6092715,0.0,0.0165563,0.0650155,0.0,1.0,0.1981424,0.0545455,0.0,10.31231367277647
3865.0,0.4983182,0.0243208,0.1241915,0.084064,0.9249677,0.0098318,0.8299776,0.0007457,0.0149142,0.0393983,0.0193885,0.9903057,0.1525788,0.1688312,0.75,10.614007941153417
12249.0,0.4795494,0.0289003,0.1290718,0.1019608,0.8750102,0.0163279,0.753214,0.0034435,0.045225,0.0396825,0.0222681,0.9717631,0.2330247,0.0653218,0.3818182,11.906324739459684
2865.0,0.4973822,0.0045375,0.1403141,0.08125,0.808726,0.0879581,0.7719298,0.0103199,0.0515996,0.0564752,0.001032,0.9649123,0.2366115,0.1576087,0.1176471,11.189975390433117
27018.0,0.4752387,0.005996,0.1562662,0.1150374,0.8386631,0.0317196,0.6976223,0.000877,0.0335217,0.0682767,0.0061392,0.9935685,0.2660251,0.0253906,0.3706897,11.438212694578302
2225.0,0.5114607,0.0202247,0.087191,0.074517,0.9316854,0.0125843,0.8315133,0.0046802,0.0156006,0.1146409,0.0265211,0.3619345,0.4185083,0.3031674,0.7272727,10.428245666832275
3082.0,0.4415964,0.7368592,0.1933809,0.1963974,0.8306295,0.0616483,0.7020873,0.0009488,0.0170778,0.0746269,0.6404175,1.0,0.3432836,0.1835206,0.7142857,10.122663242288953
2450.0,0.5126531,0.0963265,0.0379592,0.040201,0.9591837,0.0,0.9046942,0.0056899,0.029872,0.0084626,0.0881935,0.9601707,0.0634697,0.3,0.6666667,11.356283350762888
2083.0,0.4733557,0.0,0.1905905,0.1394713,0.8617379,0.0,0.6914016,0.0023557,0.0259128,0.0771739,0.0,0.9964664,0.3184783,0.115942,0.1666667,10.122663242288953
7082.0,0.4648404,0.0052245,0.1852584,0.1356201,0.7732279,0.018074,0.60832,0.00192,0.06528,0.0319083,0.00416,0.98688,0.3200124,0.0255958,0.4137931,12.003350402638521
307.0,0.504886,0.2638436,0.1856678,0.1907895,0.8957655,0.0,0.7304348,0.0,0.0086957,0.0873016,0.1652174,1.0,0.1666667,0.125,0.0,10.540090836284206
4957.0,0.4492637,0.0002017,0.2211015,0.1717949,0.7680048,0.0490216,0.6106456,0.0044357,0.0478068,0.073516,0.0,0.9886644,0.3625571,0.0531401,0.4444444,10.488520429241627
1034.0,0.5019342,0.0,0.1518375,0.0970874,0.8675048,0.0,0.7197943,0.0102828,0.0462725,0.0671463,0.0,0.9974293,0.3189448,0.0847458,0.6,10.502351525774941
3574.0,0.4647454,0.0209849,0.2431449,0.1714584,0.8405148,0.0,0.6803653,0.0032616,0.0430528,0.2768868,0.0156556,0.9915199,0.3811321,0.066474,0.5294118,11.106474871430772
1175.0,0.4485106,0.0,0.2161702,0.1682099,0.8374468,0.0646809,0.7558685,0.0046948,0.0234742,0.0491071,0.0,0.9976526,0.2276786,0.1149425,0.375,10.494075844768336
2620.0,0.4946565,0.001145,0.1816794,0.1110272,0.8293893,0.0244275,0.6867589,0.006917,0.0464427,0.0250482,0.0009881,0.9812253,0.3612717,0.0953947,0.0,11.268315653289422
12427.0,0.4482176,0.6467369,0.1588477,0.1607117,0.858212,0.0261527,0.6923966,0.0023111,0.0201063,0.0692622,0.5879362,0.9951468,0.3540546,0.2023742,0.6375,10.122663242288953
660.0,0.480303,0.0,0.2606061,0.2682216,0.7151515,0.1727273,0.6883721,0.0046512,0.0232558,0.1041667,0.0,1.0,0.3791667,0.0957447,0.0,10.142543822310387
521.0,0.462572,0.0,0.2207294,0.1607143,0.8387716,0.0,0.6637931,0.0043103,0.0215517,0.2368421,0.0,0.9956897,0.2631579,0.0833333,0.0,9.615805480084347
214.0,0.4439252,0.0,0.364486,0.2773109,0.6775701,0.1869159,0.6266667,0.0,0.0133333,0.1666667,0.0,1.0,0.2777778,0.1666667,0.0,9.615805480084347
5159.0,0.5134716,0.0108548,0.1163016,0.0701195,0.8228339,0.0172514,0.6773526,0.0108583,0.0770424,0.1272563,0.0077559,0.8898656,0.4796931,0.1456456,0.3555556,11.410903813540878
894.0,0.4865772,0.0,0.1163311,0.0784314,0.9082774,0.0,0.7791411,0.0030675,0.0276074,0.0495627,0.0,1.0,0.2478134,0.0666667,0.0,10.122663242288953
849.0,0.4911661,0.0,0.2779741,0.1851852,0.7585395,0.0859835,0.6340694,0.0063091,0.0378549,0.0508982,0.0,1.0,0.3323353,0.0344828,0.3333333,10.318935994253193
631.0,0.4722662,0.0950872,0.2171157,0.1291291,0.8874802,0.0095087,0.7333333,0.0,0.0041667,0.1011236,0.1083333,0.9666667,0.3483146,0.1521739,0.0,9.928228944424575
840.0,0.4511905,0.2571429,0.1261905,0.1301518,0.9130952,0.0,0.7961165,0.0,0.02589,0.0492308,0.2265372,1.0,0.1784615,0.1290323,0.0,10.819798284210286
2782.0,0.4741193,0.0,0.2095615,0.15311,0.8443566,0.0377426,0.7088608,0.0019474,0.0223953,0.0302172,0.0,0.9980526,0.272899,0.0650685,0.5,10.571342565808699
160.0,0.525,0.0,0.025,0.0,0.98125,0.0,0.9166667,0.0,0.0,0.1,0.0,1.0,0.625,0.2857143,0.0,10.566201298475118
12291.0,0.4760394,0.2029127,0.176796,0.1599379,0.8334554,0.0468636,0.7100743,0.0064995,0.0299443,0.0775161,0.1840761,0.8987929,0.3708779,0.1775,0.7192982,10.298935994257638
27701.0,0.4763366,0.0694199,0.0964586,0.0610092,0.8463232,0.0032851,0.696773,0.0056787,0.0594916,0.0391478,0.0664323,0.9773752,0.3444483,0.0428827,0.3018868,11.304682841344873
1920.0,0.446875,0.0,0.2286458,0.1817326,0.8171875,0.0552083,0.7025921,0.005457,0.0245566,0.0814536,0.0,0.994543,0.3220551,0.0901288,0.5789474,10.138599199626192
1046.0,0.4827916,0.001912,0.1434034,0.1238447,0.914914,0.0,0.7855362,0.0,0.0074813,0.0674419,0.0024938,0.9875312,0.2465116,0.1111111,1.0,10.169728906753061
1024.0,0.4775391,0.0107422,0.2099609,0.153271,0.8613281,0.0,0.6968974,0.0047733,0.0286396,0.043379,0.0095465,0.9952267,0.3173516,0.12,1.0,10.056251557087757
2654.0,0.4762622,0.0,0.198945,0.1496403,0.8560663,0.0226074,0.7111771,0.0039565,0.0158259,0.1892542,0.0,0.8229476,0.4242181,0.1168385,0.6969697,10.030164255362632
542.0,0.4704797,0.0,0.1605166,0.1149826,0.8819188,0.0,0.7544643,0.0089286,0.0357143,0.0705394,0.0,1.0,0.2240664,0.0384615,0.5,10.373522431293592
7669.0,0.4921111,0.0071717,0.084496,0.0616175,0.9413222,0.014865,0.8817652,0.0004163,0.0179017,0.0959729,0.0079101,0.9866778,0.0383892,0.172043,0.6029412,12.443911687242986
2153.0,0.4584301,0.0009289,0.0826753,0.0626072,0.8936368,0.0,0.7484355,0.0025031,0.0325407,0.2404943,0.0012516,0.9737171,0.3488593,0.1119134,0.8275862,10.278527816830314
303.0,0.4917492,0.0,0.1452145,0.0909091,0.9141914,0.0,0.7767857,0.0,0.0089286,0.1578947,0.0,1.0,0.1879699,0.1428571,1.0,9.913487387114461
1873.0,0.4399359,0.4367325,0.1836626,0.164919,0.8120662,0.0421783,0.6656761,0.0059435,0.0594354,0.0755495,0.3476969,0.9925706,0.4642857,0.1521739,0.4444444,10.537441898283253
27791.0,0.4820985,0.0792343,0.0754921,0.0611408,0.8965852,0.0198625,0.8005924,0.0047604,0.0340633,0.0471727,0.0736274,0.9938644,0.1608709,0.0992501,0.3053435,11.1154434073529
969.0,0.4829721,0.001032,0.2383901,0.1536926,0.8390093,0.0392157,0.7086614,0.0026247,0.015748,0.0615764,0.0,0.992126,0.226601,0.0686275,1.0,10.239995502805316
970.0,0.4670103,0.0,0.2505155,0.2147002,0.7907216,0.0587629,0.6370757,0.0,0.0156658,0.1093023,0.0,1.0,0.3372093,0.0707965,0.75,9.615805480084347
1024.0,0.4580078,0.0,0.2226562,0.1567568,0.8847656,0.0,0.7150127,0.0025445,0.0127226,0.0902778,0.0,1.0,0.2523148,0.1111111,0.7142857,9.888424674859083
25273.0,0.4906422,0.0134531,0.0612116,0.0594267,0.9493135,0.0019784,0.8702434,0.0024203,0.0256824,0.0252949,0.0133118,0.9534759,0.1608126,0.0915556,0.255814,11.812296455066814
1360.0,0.4852941,0.0147059,0.1257353,0.0971429,0.8838235,0.0,0.7434944,0.0092937,0.0260223,0.0787671,0.0111524,0.9962825,0.2071918,0.1666667,0.1666667,11.031674824544641
13512.0,0.4903049,0.1398757,0.1107904,0.0776826,0.8694494,0.0048845,0.7476526,0.0046948,0.0627934,0.105042,0.1181534,0.9374022,0.3503151,0.127471,0.4166667,11.002116507732017
1601.0,0.5034354,0.0037477,0.105559,0.0641509,0.9269207,0.0,0.8224138,0.0017241,0.0224138,0.0349418,0.0034483,0.9758621,0.1630616,0.14,0.25,10.638280388314705
2778.0,0.4985601,0.0464363,0.1054716,0.0940416,0.8534917,0.0,0.6978022,0.0064103,0.0576923,0.0454545,0.0412088,0.9880952,0.3155594,0.0670241,0.6,10.803669227477098
69.0,0.6811594,0.0,0.0,0.0,0.5362319,0.3768116,0.8235294,0.0588235,0.0588235,0.15,0.0,1.0,0.9,0.0588235,0.0,0.0
1230.0,0.4471545,0.003252,0.2699187,0.2058824,0.8056911,0.0512195,0.6772908,0.001992,0.0239044,0.0889292,0.0,1.0,0.1960073,0.0792079,0.625,10.060534035475412
913.0,0.5421687,0.0,0.0646221,0.0287081,0.7535597,0.0208105,0.5735294,0.002451,0.0686275,0.3955556,0.0,0.9926471,0.6888889,0.0669856,0.5,11.138973558699526
42.0,0.5,0.0,0.2380952,0.3333333,0.7142857,0.0,0.4782609,0.0,0.0,0.3235294,0.0,1.0,0.3235294,0.0,0.0,9.615805480084347
818.0,0.4694377,0.002445,0.2444988,0.1797235,0.8117359,0.0929095,0.7525084,0.0,0.0133779,0.0993976,0.0033445,1.0,0.1686747,0.0357143,1.0,9.97119292889014
149.0,0.5033557,0.0,0.1208054,0.2027027,0.9060403,0.0,0.754386,0.0,0.0,0.109375,0.0,1.0,0.125,0.125,0.5,9.980494888896912
10353.0,0.4619917,0.0984256,0.1627548,0.105386,0.8234328,0.0,0.6569359,0.0026339,0.0485075,0.0786653,0.0755048,0.9852941,0.1890799,0.0836237,0.7112676,10.604131561522696
6843.0,0.4518486,0.0195821,0.1715622,0.1471608,0.6687126,0.1613327,0.6055404,0.0031213,0.041748,0.0559853,0.0218494,0.9957082,0.2644567,0.0484461,0.1538462,10.39821428171237
1961.0,0.4951555,0.0117287,0.1677715,0.0424242,0.9082101,0.0,0.8207171,0.001328,0.0517928,0.2916275,0.0106242,0.9747676,0.1439323,0.0869565,0.0232558,11.588042213851855
9245.0,0.4827474,0.0060573,0.1475392,0.0949394,0.7781504,0.0247701,0.6116405,0.0030904,0.0703065,0.0243719,0.0056657,0.9817152,0.4341709,0.026455,0.3333333,10.851296331126829
4044.0,0.4703264,0.1253709,0.2673096,0.1713352,0.7801682,0.060089,0.672497,0.0036188,0.053076,0.2387511,0.1097708,0.9873341,0.4146006,0.0958084,0.4,10.774801838762809
358.0,0.4441341,0.0391061,0.198324,0.1356784,0.8938547,0.0,0.737931,0.0,0.0,0.0880503,0.0275862,0.9862069,0.2955975,0.1282051,1.0,10.030164255362632
3389.0,0.473591,0.0333432,0.1773384,0.1227578,0.8725288,0.0070817,0.7421687,0.0080321,0.048996,0.0561031,0.0297189,0.9815261,0.1652767,0.1953488,0.4848485,10.753659849198824
585.0,0.4547009,0.557265,0.1675214,0.1974922,0.8820513,0.0,0.6829268,0.0,0.0195122,0.2084942,0.4439024,1.0,0.3590734,0.3333333,0.25,9.615805480084347
476.0,0.4621849,0.0,0.197479,0.1914062,0.8256303,0.0,0.6453202,0.0147783,0.0295567,0.0688073,0.0,1.0,0.2110092,0.1515152,0.8,9.857495968685136
493.0,0.4604462,0.7606491,0.1298174,0.1203008,0.9290061,0.0,0.7870968,0.0,0.0129032,0.1755319,0.6967742,0.9870968,0.2978723,0.3414634,0.5,9.87822102528824
2412.0,0.5095357,0.0443615,0.0538972,0.0473373,0.909204,0.0381426,0.8738622,0.0026008,0.0273082,0.0678788,0.046814,0.9869961,0.1054545,0.1443299,0.3793103,11.275949181024878
7462.0,0.4825784,0.0088448,0.0404717,0.032375,0.8598231,0.0,0.7174377,0.0035587,0.0779359,0.0399727,0.0092527,0.9932384,0.2931329,0.0223518,0.097561,11.353941456740479
1074.0,0.4385475,0.3296089,0.2327747,0.2437811,0.8035382,0.0791434,0.6893939,0.0,0.0075758,0.1983806,0.2727273,0.9974747,0.354251,0.1941748,0.7777778,9.841665338892785
2905.0,0.4592083,0.0020654,0.2123924,0.1604074,0.8179002,0.0258176,0.6569038,0.0050209,0.0309623,0.108874,0.0033473,0.9941423,0.3489933,0.0869565,0.76,10.025749432069084
11.0,0.7272727,0.0,0.4545455,0.0,0.8181818,0.0,0.6666667,0.0,0.0,0.1428571,0.0,1.0,0.5714286,0.0,0.0,9.615805480084347
369879.0,0.4642653,0.2578194,0.1793451,0.1465656,0.726689,0.0563373,0.5698025,0.0022999,0.0680597,0.0980025,0.2369253,0.9920447,0.388278,0.0542956,0.6189624,10.254179634797001
83.0,0.5060241,0.0,0.2048193,0.195122,0.7590361,0.0,0.5121951,0.0,0.0,0.18,0.0,1.0,0.22,0.2,0.0,9.615805480084347
223.0,0.5112108,0.0,0.0807175,0.0733945,0.9820628,0.0,0.9384615,0.0,0.0,0.0151515,0.0,1.0,0.4242424,0.4375,0.0,9.615805480084347
18698.0,0.4893572,0.0114986,0.0649802,0.0494344,0.8954968,0.0156701,0.7955186,0.0068944,0.0426199,0.0494489,0.0141022,0.9860545,0.2619899,0.0999343,0.2272727,11.000448478455008
539.0,0.5176252,0.0,0.1057514,0.0653846,0.8923933,0.0,0.744898,0.005102,0.0255102,0.1478261,0.0,0.994898,0.1826087,0.125,0.3333333,9.792611856190192
43.0,0.4883721,0.0,0.1860465,0.1818182,0.7906977,0.0,0.5263158,0.0,0.0,0.3448276,0.0,1.0,0.2068966,0.3333333,0.0,9.615805480084347
3399.0,0.4663136,0.0005884,0.1924095,0.1582139,0.8420124,0.0226537,0.7064083,0.0014903,0.0350224,0.0770289,0.0007452,0.9985097,0.3535076,0.0568475,0.8,10.55323128448846
21283.0,0.4914251,0.1288352,0.1149744,0.1086475,0.8184936,0.0579336,0.7036598,0.004476,0.0365982,0.1104345,0.0933386,0.8842812,0.4092985,0.1237566,0.5778689,10.650199196425806
5798.0,0.4832701,0.0046568,0.1172818,0.0961282,0.8413246,0.0115557,0.6873065,0.0035383,0.0544007,0.0805205,0.003096,0.9920389,0.3672224,0.0277778,0.3428571,11.08523008522044
146.0,0.5,0.0,0.1506849,0.1643836,0.9178082,0.0,0.7924528,0.0,0.0188679,0.1451613,0.0,1.0,0.3225806,0.2777778,0.0,9.615805480084347
884.0,0.4524887,0.0124434,0.1866516,0.1446281,0.811086,0.0,0.6085791,0.0053619,0.0509383,0.0835381,0.0107239,0.997319,0.3488943,0.0794702,0.0,11.339773736496767
4756.0,0.4552145,0.0002103,0.245164,0.1891162,0.8467199,0.0004205,0.6665032,0.0,0.019127,0.0794582,0.0,0.9995096,0.2731377,0.0582386,0.6470588,10.073272520325904
4394.0,0.4797451,0.0883022,0.0673646,0.0446194,0.4688211,0.3725535,0.6407129,0.0009381,0.1594747,0.0422282,0.0966229,0.9990619,0.2551662,0.02589,0.4545455,11.036517370851499
5634.0,0.4769258,0.0097622,0.1654242,0.0943332,0.9382322,0.015087,0.8788871,0.0010911,0.0190944,0.0244811,0.0054555,0.9574468,0.056413,0.1623037,0.5384615,12.82638296880441
451.0,0.5033259,0.0,0.2039911,0.1741071,0.8115299,0.0,0.6161616,0.0,0.030303,0.0526316,0.0,0.9949495,0.277512,0.027027,1.0,10.385944565501662
6259.0,0.4884167,0.3577249,0.0533632,0.0602748,0.8919955,0.0043138,0.7410838,0.0032422,0.0356647,0.0943792,0.3385827,0.9694303,0.3225671,0.0855148,0.3928571,10.866680954096502
5748.0,0.4761656,0.0405358,0.1508351,0.1232149,0.4902575,0.276096,0.5337389,0.0011062,0.1404867,0.1128557,0.0259956,0.9939159,0.4082434,0.065189,0.7857143,10.247112717290387
87.0,0.5057471,0.0,0.1494253,0.0697674,0.9195402,0.0,0.7741935,0.0,0.0,0.1621622,0.0,1.0,0.4054054,0.25,1.0,9.615805480084347
10270.0,0.4785784,0.0009737,0.175852,0.14155,0.8096397,0.0326193,0.6456405,0.0019484,0.0365319,0.0466682,0.0007306,0.9732099,0.3668447,0.0601181,0.5135135,10.936689829317784
86.0,0.5232558,0.0,0.0930233,0.0731707,0.8953488,0.0,0.7096774,0.0,0.0,0.0,0.0,0.9677419,0.1612903,0.0,0.0,10.12667110305036
89.0,0.5168539,0.0,0.1797753,0.1395349,0.9101124,0.0,0.7894737,0.0,0.0,0.525,0.0,1.0,0.325,0.0,1.0,10.288783966353765
559.0,0.4597496,0.0518784,0.1413238,0.1357616,0.9105546,0.0,0.7794872,0.0,0.0358974,0.1216216,0.0358974,1.0,0.2792793,0.1568627,0.5,9.615805480084347
10946.0,0.4917778,0.0377307,0.0930934,0.0643538,0.8775809,0.0092271,0.7596578,0.0064817,0.0593726,0.049766,0.0396681,0.8548094,0.2633654,0.0927743,0.225,11.622685289462678
10171.0,0.4814669,0.0145512,0.1621276,0.1387941,0.6569659,0.0191722,0.5009613,0.0089724,0.1535997,0.1137827,0.0111087,0.9395428,0.6048845,0.0494163,0.3373494,12.214541681788218
2360.0,0.5118644,0.0042373,0.045339,0.0164931,0.945339,0.0,0.8846154,0.0,0.0435897,0.0139064,0.0012821,0.9910256,0.0581542,0.0263158,0.0,11.963370312187111
348.0,0.4741379,0.0,0.0977011,0.0437158,0.9310345,0.0,0.8230088,0.0088496,0.0265487,0.0813008,0.0,0.9911504,0.203252,0.1818182,0.0,9.99884318585288
1157.0,0.5289542,0.0,0.1339672,0.0972477,0.8729473,0.0354365,0.7642045,0.0056818,0.0340909,0.1177945,0.0,0.3551136,0.5588972,0.2682927,0.2,11.340962076644454
476.0,0.512605,0.0,0.1176471,0.0732759,0.9117647,0.0,0.7962963,0.0123457,0.0185185,0.0240964,0.0,0.9876543,0.1686747,0.0740741,0.0,10.225607282932941
220.0,0.4636364,0.0,0.1909091,0.1016949,0.8863636,0.0,0.7160494,0.0,0.0246914,0.0581395,0.0,1.0,0.2093023,0.2105263,0.0,9.615805480084347
845.0,0.4426036,0.0035503,0.2508876,0.1804671,0.7857988,0.0106509,0.6005222,0.0,0.0443864,0.0902613,0.0,0.9817232,0.4346793,0.0416667,0.3333333,11.331415578682627
4462.0,0.4991035,0.0002241,0.0916629,0.0577181,0.9365755,0.0,0.8435864,0.0019634,0.0222513,0.0248883,0.0,0.9947644,0.0319081,0.1538462,0.3684211,11.776066350866136
1169.0,0.4619333,0.0008554,0.2617622,0.2209857,0.8023952,0.0521814,0.6523605,0.0,0.0171674,0.0547667,0.0,0.9957082,0.2738337,0.072,0.875,10.428245666832275
299.0,0.4882943,0.0,0.270903,0.1633987,0.8662207,0.0,0.7109375,0.0,0.0234375,0.1232877,0.0,1.0,0.3013699,0.0384615,0.5,9.787009914477434
48414.0,0.4763292,0.0209444,0.1508241,0.1228257,0.8438881,0.0029124,0.659884,0.0021613,0.0410121,0.1083012,0.0206115,0.6501845,0.5728589,0.0804567,0.2370968,11.816734299348461
365.0,0.4849315,0.0,0.0630137,0.0638298,0.969863,0.0,0.8817204,0.0,0.0,0.0606061,0.0,1.0,0.1818182,0.3421053,0.0,9.615805480084347
644.0,0.484472,0.0,0.1304348,0.0963855,0.9052795,0.0,0.7795918,0.0040816,0.0122449,0.0392157,0.0,0.9959184,0.1372549,0.0769231,0.0,10.67130147767883
1263.0,0.4766429,0.0007918,0.1393508,0.0922844,0.8978622,0.0,0.7478814,0.0,0.0190678,0.0503018,0.0,0.9978814,0.2635815,0.0844156,0.5,11.017004873924424
70.0,0.4142857,0.2571429,0.0428571,0.0243902,1.0,0.0,1.0,0.0,0.0,0.0,0.2,1.0,0.25,0.5714286,0.0,10.596659732783579
9560.0,0.4667364,0.0030335,0.1638075,0.141428,0.7637029,0.0215481,0.5861261,0.0023436,0.057183,0.0576413,0.0021092,0.9908601,0.3767668,0.0228162,0.4576271,11.313266479778829
1976.0,0.4524291,0.0010121,0.2009109,0.1654344,0.8557692,0.0212551,0.7167102,0.0039164,0.0287206,0.053152,0.0013055,1.0,0.2014833,0.0873786,0.8333333,10.2328272702548
3328.0,0.5003005,0.0072115,0.1000601,0.0571257,0.8680889,0.0096154,0.7786195,0.003367,0.0850168,0.0480769,0.0075758,0.9604377,0.1298077,0.0550459,0.3793103,12.888919458981409
579.0,0.4766839,0.0,0.1278066,0.0924092,0.925734,0.0,0.8069307,0.0049505,0.0148515,0.0471698,0.0,0.9950495,0.0849057,0.0952381,0.5,10.422311107413181
555.0,0.4756757,0.0,0.2504505,0.1924399,0.8234234,0.0,0.6311475,0.0040984,0.0245902,0.1468531,0.0,0.9959016,0.2657343,0.1587302,0.6666667,9.615805480084347
576.0,0.4652778,0.0034722,0.2916667,0.2207792,0.7777778,0.0138889,0.614786,0.0038911,0.0233463,0.1258503,0.0,1.0,0.2414966,0.0666667,1.0,9.686636660844938
6703.0,0.5032075,0.0256602,0.0547516,0.0381381,0.8452932,0.0,0.7030636,0.0023566,0.0844462,0.0414157,0.0274941,0.9893951,0.2680723,0.0437236,0.5833333,11.391898423211194
8184.0,0.4640762,0.0014663,0.1413734,0.127907,0.791911,0.0310362,0.6451317,0.0061237,0.069504,0.0467017,0.0003062,0.9929577,0.4060128,0.0478142,0.2272727,10.993748398115178
1219.0,0.4840033,0.0016407,0.0278917,0.063593,0.9729286,0.0,0.8888889,0.0,0.0111111,0.1205212,0.0,1.0,0.7882736,0.2926829,0.6666667,9.615805480084347
162.0,0.4876543,0.0,0.1481481,0.1084337,0.8209877,0.0,0.640625,0.015625,0.078125,0.1794872,0.0,0.984375,0.4615385,0.1481481,0.0,10.077482875583607
664.0,0.4894578,0.0,0.1822289,0.0914454,0.9096386,0.0,0.7857143,0.0039683,0.0119048,0.1974522,0.0,0.9960317,0.2929936,0.1212121,0.8823529,9.615805480084347
1144.0,0.4973776,0.0034965,0.0655594,0.0347826,0.7526224,0.0,0.5594262,0.0061475,0.1188525,0.5646744,0.0040984,0.954918,0.4041035,0.0521739,0.625,11.623580937568695
46319.0,0.5157711,0.1862087,0.1137978,0.0997815,0.7624301,0.1015782,0.6710526,0.0032444,0.0400745,0.1176845,0.1697909,0.9788512,0.4506997,0.0982133,0.617284,10.540090836284206
1342.0,0.4910581,0.0014903,0.0849478,0.0702782,0.9359165,0.0,0.8413043,0.0086957,0.0195652,0.0515464,0.0021739,0.9891304,0.3195876,0.1595745,0.8,10.448743588106625
4851.0,0.4792826,0.0026799,0.1533704,0.0965954,0.7913832,0.0,0.6394393,0.0115998,0.1000483,0.0730287,0.0029,0.9830836,0.3225806,0.0564263,0.1351351,11.0186455364637
23095.0,0.4623945,0.1010608,0.1868803,0.1598744,0.7572202,0.0397489,0.5947049,0.0052323,0.0655086,0.0800039,0.0778568,0.9803265,0.4044479,0.0630462,0.5785124,11.267037714175425
4354.0,0.4441893,0.0,0.2248507,0.1768595,0.8222324,0.0390446,0.6790123,0.0005612,0.0140292,0.0541401,0.0,0.9977553,0.3216561,0.088632,0.7222222,10.30229722897745
6292.0,0.4480292,0.3847743,0.2083598,0.2064498,0.7458678,0.0923395,0.6265256,0.0044752,0.0292921,0.0821509,0.3454028,0.9906428,0.3551158,0.0875486,0.6551724,10.196194479235656
577.0,0.4471404,0.5563258,0.1837088,0.2131661,0.9098787,0.0,0.7562189,0.0049751,0.0149254,0.0821918,0.4527363,1.0,0.1278539,0.2857143,0.6,9.648659816955295
139.0,0.4460432,0.3309353,0.2733813,0.1558442,0.8920863,0.0,0.7627119,0.0,0.0169492,0.2027027,0.2711864,1.0,0.1081081,0.0909091,0.0,10.61890979160975
450.0,0.4488889,0.0,0.22,0.1451613,0.9,0.0,0.7624309,0.0,0.0110497,0.0163043,0.0,1.0,0.1413043,0.04,0.0,10.360944044643913
700.0,0.5142857,0.0185714,0.0685714,0.0558824,0.8471429,0.0,0.6934866,0.0038314,0.0727969,0.0474453,0.0076628,0.9885057,0.2773723,0.1456311,0.0,11.751950239425476
508.0,0.4645669,0.0,0.261811,0.1801471,0.7106299,0.1102362,0.6057692,0.0048077,0.0384615,0.0877193,0.0,0.9903846,0.3640351,0.0315789,0.6666667,10.568775236216993
497.0,0.4708249,0.0,0.249497,0.1939163,0.8309859,0.0885312,0.7732558,0.0,0.005814,0.0851064,0.0,1.0,0.1702128,0.125,1.0,9.615805480084347
2531.0,0.45081,0.0011853,0.2927697,0.2410072,0.7945476,0.0189648,0.6099099,0.0045045,0.0189189,0.1127098,0.0018018,0.9963964,0.1326938,0.1142857,0.7,9.952325334619427
12841.0,0.5016743,0.1028736,0.0417413,0.0393812,0.9020326,0.001869,0.7893714,0.0041046,0.0429898,0.1067156,0.0944048,0.9237416,0.3948283,0.0866511,0.260274,11.028433383156079
176.0,0.5056818,0.2613636,0.1647727,0.1149425,0.9147727,0.0,0.7846154,0.0,0.0153846,0.109589,0.2461538,1.0,0.2465753,0.1,0.0,10.540090836284206
285.0,0.5122807,0.0,0.1192982,0.0647482,0.9052632,0.0,0.7745098,0.0,0.0392157,0.046729,0.0,1.0,0.1682243,0.15,1.0,10.150386692204734
242.0,0.4917355,0.4297521,0.1157025,0.1544715,0.8595041,0.0,0.7222222,0.0222222,0.0333333,0.1588785,0.3888889,0.9777778,0.271028,0.1363636,0.0,9.966509298952284
2151.0,0.4783821,0.0,0.2361692,0.1951872,0.781497,0.0455602,0.6269841,0.0056689,0.0419501,0.0981595,0.0,0.9943311,0.3752556,0.0633333,0.4,10.142543822310387
821.0,0.4226553,0.3337393,0.3045067,0.2700422,0.6601705,0.1400731,0.5151515,0.0,0.0121212,0.1911765,0.3666667,0.9939394,0.4387255,0.0765027,0.8333333,9.77571099759397
11133.0,0.4566604,0.0051199,0.1952753,0.1600265,0.8171203,0.0194018,0.6495654,0.004028,0.0281959,0.0601713,0.006148,0.997668,0.377366,0.0721443,0.5806452,10.31231367277647
193.0,0.5284974,0.0,0.134715,0.1538462,0.8963731,0.0,0.7567568,0.0135135,0.0135135,0.0864198,0.0,1.0,0.382716,0.0,1.0,9.966509298952284
8783.0,0.5162245,0.1218263,0.0263008,0.0350671,0.6271206,0.0,0.4298208,0.0049061,0.112628,0.0825832,0.103029,0.9055034,0.7356164,0.0294823,0.3,11.558863947911393
63.0,0.5238095,0.0,0.0634921,0.0666667,0.8253968,0.0,0.64,0.0,0.08,0.2424242,0.0,1.0,0.7272727,0.1111111,0.0,10.407318772389159
2165.0,0.4586605,0.0032333,0.2327945,0.1800341,0.7612009,0.0110855,0.5611729,0.0020222,0.0505561,0.2786287,0.0030334,0.9898888,0.3654267,0.0478469,0.3333333,12.187913766539234
12614.0,0.4881085,0.1658475,0.0608847,0.0672139,0.8827493,0.0175995,0.7668697,0.0067948,0.0482662,0.0513447,0.1440956,0.952671,0.2451656,0.0914718,0.5,10.981914140544825
488.0,0.4877049,0.0,0.182377,0.184,0.8094262,0.102459,0.7702703,0.0135135,0.0405405,0.0920245,0.0,1.0,0.1411043,0.1875,0.75,10.138599199626192
519.0,0.4816956,0.0,0.150289,0.0966543,0.9190751,0.0,0.7837838,0.0,0.0108108,0.0656566,0.0,1.0,0.1767677,0.1333333,1.0,10.376642461280849
296.0,0.5168919,0.0033784,0.0540541,0.041958,0.8614865,0.0,0.7090909,0.0,0.0727273,0.4581281,0.0,0.9909091,0.7586207,0.1304348,0.5,10.034559673629849
575.0,0.4556522,0.0,0.2173913,0.1373802,0.8730435,0.0,0.707113,0.0,0.0125523,0.0842912,0.0,1.0,0.3103448,0.0877193,1.0,10.181157167204903
129.0,0.4418605,0.0,0.3255814,0.2222222,0.7596899,0.0,0.5606061,0.0,0.030303,0.2142857,0.0,1.0,0.3333333,0.1428571,0.0,9.615805480084347
45857.0,0.495824,0.0247509,0.0432431,0.0346021,0.6875068,0.1351811,0.6522161,0.0050635,0.1438579,0.1162263,0.0253173,0.8636332,0.4571201,0.0995293,0.3203883,11.19822841866684
1535.0,0.4859935,0.0032573,0.1211726,0.0785805,0.9355049,0.0,0.8477064,0.0018349,0.0256881,0.0521739,0.0018349,0.8678899,0.1043478,0.1363636,0.5384615,11.484536278461452
13136.0,0.4760962,0.7643118,0.0892966,0.0790468,0.9411541,0.0,0.8364303,0.0047108,0.0277414,0.0399497,0.7293902,0.9866527,0.0620603,0.3530655,0.627907,10.691967639914864
1027.0,0.4654333,0.0,0.1567673,0.1092896,0.8442064,0.0,0.6829897,0.0206186,0.064433,0.0650602,0.0,0.9742268,0.3036145,0.1231884,0.6666667,10.454523783963511
2325.0,0.4546237,0.5350538,0.1367742,0.0914826,0.88,0.0,0.7336395,0.0091848,0.0367394,0.0522307,0.4546498,0.9931114,0.2078346,0.1284404,0.5,10.526775414924009
48.0,0.5416667,0.0,0.2291667,0.1363636,0.8125,0.0,0.6190476,0.0,0.047619,0.5531915,0.0,1.0,0.2553191,0.0,1.0,9.615805480084347
90.0,0.5555556,0.0,0.0888889,0.1,0.8222222,0.0,0.5454545,0.0,0.030303,0.3653846,0.0,1.0,0.9807692,0.25,1.0,9.615805480084347
439.0,0.4851936,0.0,0.2369021,0.1681416,0.8268793,0.0,0.6165803,0.0,0.0103627,0.1064815,0.0,1.0,0.2407407,0.0909091,1.0,9.615805480084347
333.0,0.5615616,0.0,0.042042,0.0479452,0.9399399,0.0,0.7702703,0.0135135,0.0405405,0.1294118,0.0,1.0,0.7647059,0.3,0.0,10.335302435967074
485.0,0.4742268,0.0,0.4721649,0.1921569,0.8226804,0.0041237,0.6882591,0.0040486,0.0242915,0.1272085,0.0,0.9959514,0.3639576,0.0,0.5555556,10.716659698193956
786.0,0.5038168,0.0063613,0.0419847,0.0384615,0.9478372,0.0,0.8565737,0.0,0.0159363,0.0383142,0.0039841,1.0,0.2375479,0.0847458,1.0,10.640675541671662
139.0,0.5107914,0.3669065,0.1223022,0.1470588,0.9064748,0.0,0.7045455,0.0,0.0,0.1698113,0.2727273,1.0,0.1698113,0.1818182,0.0,9.994287576862567
5864.0,0.4612892,0.1686562,0.1321623,0.1297879,0.6708731,0.1826398,0.6595637,0.0020294,0.0735667,0.0641026,0.1755454,0.9954338,0.4078822,0.0558252,0.5,10.96302978336854
4753.0,0.4784347,0.0193562,0.2015569,0.1270674,0.8438881,0.0269304,0.7142079,0.0048993,0.0348394,0.3248806,0.0185084,0.8121938,0.508269,0.112532,0.6623377,10.529452721013085
499.0,0.4749499,0.0,0.2144289,0.1145038,0.8416834,0.01002,0.681592,0.0099502,0.0298507,0.1145374,0.0,0.9651741,0.4713656,0.2857143,0.5,10.419330568113901
1181.0,0.4445385,0.0,0.3717189,0.257622,0.7552921,0.0584251,0.6200378,0.0018904,0.0151229,0.0831889,0.0,1.0,0.2894281,0.0727273,0.6666667,9.615805480084347
6454.0,0.4510381,0.0074372,0.1856213,0.1549534,0.7900527,0.0176635,0.6067808,0.0027962,0.0325061,0.0770968,0.0048934,0.9958057,0.3490323,0.0426997,0.5714286,10.689692377847104
2042.0,0.4676787,0.0039177,0.0886386,0.0533579,0.8854065,0.0,0.7464424,0.0012937,0.0439845,0.0515337,0.007762,0.992238,0.0601227,0.1182796,0.6666667,11.691080018519527
24692.0,0.5133242,0.1272072,0.020614,0.023966,0.9447189,0.0008505,0.8488372,0.0029746,0.0217685,0.0372299,0.1183072,0.966874,0.1411091,0.2729572,0.3551402,10.902297921958713
6685.0,0.5126402,0.0188482,0.0483171,0.0475752,0.7299925,0.0,0.5212903,0.0067742,0.0887097,0.0933021,0.0145161,0.943871,0.5522082,0.0341023,0.3030303,10.947309210188068
190.0,0.5263158,0.0,0.1842105,0.0888889,0.9210526,0.0,0.8,0.0,0.0307692,0.0,0.0,1.0,0.2769231,0.25,0.0,10.177362240256695
10491.0,0.455724,0.0083881,0.317129,0.1604203,0.7806691,0.0113431,0.6380971,0.0032116,0.0642312,0.2365921,0.0064231,0.9837415,0.4538768,0.0301639,0.3185484,11.234546649377918
501.0,0.491018,0.0,0.2355289,0.1529412,0.8383234,0.0,0.647343,0.0048309,0.0241546,0.1077586,0.0,1.0,0.2715517,0.1463415,1.0,9.615805480084347
109.0,0.4311927,0.0,0.266055,0.1935484,0.8165138,0.0,0.6666667,0.0,0.0588235,0.2714286,0.0,1.0,0.3285714,0.0,0.0,9.615805480084347
50.0,0.56,0.0,0.1,0.1818182,0.9,0.0,0.7222222,0.0,0.0,0.3076923,0.0,0.9444444,0.2307692,0.0,1.0,9.615805480084347
9410.0,0.4811902,0.006695,0.1013815,0.0837771,0.9350691,0.0048884,0.8457854,0.0019157,0.0201149,0.0236908,0.0057471,0.9840358,0.1084788,0.0828025,0.3529412,12.33578864378571
17493.0,0.4665295,0.0859772,0.1960213,0.1475568,0.829589,0.0112616,0.6558586,0.0037573,0.0311717,0.063103,0.0790426,0.9934595,0.266884,0.0730422,0.6470588,9.76428295481558
135.0,0.5407407,0.0,0.0518519,0.0322581,0.9555556,0.0,0.9047619,0.0,0.047619,0.0232558,0.0,1.0,0.4883721,0.1935484,0.0,10.67130147767883
150.0,0.4733333,0.0066667,0.2066667,0.0759494,0.8933333,0.0,0.7627119,0.0,0.0338983,0.1323529,0.0169492,1.0,0.3235294,0.125,0.0,9.615805480084347
1899.0,0.459189,0.1837809,0.0995261,0.0808179,0.8883623,0.0,0.7503487,0.0055788,0.0362622,0.0414439,0.1687587,0.9818689,0.2593583,0.1150442,0.4545455,11.023551435004947
26585.0,0.504984,0.0679707,0.0174158,0.0202128,0.8340794,0.0,0.7139494,0.0036844,0.121789,0.1379037,0.0605875,0.9700133,0.2385742,0.0959302,0.2264706,11.812296455066814
10747.0,0.4709221,0.0587141,0.4183493,0.1551178,0.8359542,0.0218666,0.7352712,0.0011705,0.0308233,0.2609573,0.0405774,0.9880999,0.3318916,0.0644851,0.4759036,11.646590598651017
116.0,0.4482759,0.0,0.1637931,0.171875,0.8362069,0.0,0.6595745,0.0425532,0.0425532,0.0961538,0.0,1.0,0.1153846,0.0,1.0,9.615805480084347
26687.0,0.5162064,0.0091805,0.0758047,0.0608783,0.6446584,0.0988496,0.5469231,0.0035577,0.1472115,0.0610329,0.0075,0.9442308,0.4788732,0.0433008,0.4444444,10.872389709681492
176.0,0.5454545,0.0,0.0738636,0.0625,0.9431818,0.0,0.8666667,0.0,0.0333333,0.1304348,0.0,0.9666667,0.057971,0.0,0.0,12.323860125621126
6932.0,0.4712926,0.0062031,0.1498846,0.1077763,0.7896711,0.0220716,0.6293286,0.0024735,0.0727915,0.0328093,0.004947,0.9915194,0.3127136,0.0595829,0.2352941,11.047726275896391
1279.0,0.477717,0.0,0.1540266,0.1002994,0.8952306,0.0,0.7356557,0.0020492,0.0081967,0.0450098,0.0,0.9733607,0.1311155,0.0943396,0.5,10.757924157061597
884.0,0.4864253,0.0384615,0.1244344,0.0947137,0.9004525,0.0,0.7832817,0.006192,0.0495356,0.0152439,0.0402477,0.9845201,0.1158537,0.05,0.0,11.636920278634463
17488.0,0.4674634,0.0021729,0.2196363,0.1576291,0.7776189,0.0428294,0.6347096,0.006718,0.056683,0.0447861,0.0012596,0.9815255,0.4237968,0.0825522,0.3103448,10.859018228147887
1110.0,0.4387387,0.0009009,0.2027027,0.2086677,0.8072072,0.0,0.6011561,0.0,0.0134875,0.0765125,0.0019268,0.9961464,0.4786477,0.0286885,0.8,10.604131561522696
416.0,0.5456731,0.0,0.0817308,0.0582011,0.9350962,0.0,0.8333333,0.0,0.0289855,0.08,0.0,1.0,0.1133333,0.1666667,0.0,10.668978650219241
15676.0,0.4945777,0.1469125,0.0564557,0.0559132,0.9201965,0.0031896,0.8185993,0.0065059,0.0336778,0.0955348,0.1257176,0.9862227,0.1960886,0.1602524,0.4220779,10.668978650219241
1593.0,0.4921532,0.0188324,0.1487759,0.0284302,0.9146265,0.0,0.8212479,0.0033727,0.0438449,0.223822,0.0252951,0.9612142,0.1335079,0.2307692,0.2631579,11.779902152762993
364.0,0.4285714,0.3186813,0.2197802,0.1971154,0.8351648,0.0,0.6369427,0.0,0.0191083,0.1129944,0.3312102,1.0,0.3276836,0.1363636,0.0,10.056251557087757
1632.0,0.5140931,0.0,0.0747549,0.0580076,0.9411765,0.0,0.836,0.008,0.018,0.1856678,0.0,0.932,0.2638436,0.2,0.7368421,10.55323128448846
4249.0,0.4497529,0.0014121,0.6140268,0.2254063,0.7681807,0.0465992,0.6611418,0.0018416,0.0211786,0.3137441,0.0009208,0.9972376,0.564613,0.0654206,0.4854369,10.614007941153417
17325.0,0.4765945,0.0519481,0.1622511,0.1271504,0.8447908,0.018355,0.7071396,0.0021222,0.0474458,0.0358082,0.0515386,0.9258754,0.3959369,0.0829844,0.7619048,12.397523238911763
319.0,0.476489,0.0,0.2695925,0.1676647,0.8213166,0.0,0.6482759,0.0137931,0.0344828,0.0333333,0.0,1.0,0.2066667,0.0526316,1.0,9.615805480084347
16534.0,0.4582678,0.0153623,0.1527761,0.1168918,0.6516874,0.0157857,0.479995,0.003261,0.1354572,0.0698787,0.0129186,0.9917221,0.5948437,0.0158638,0.14,11.167628403875849
431.0,0.4593968,0.0,0.2366589,0.1630901,0.8399072,0.0,0.6510417,0.0,0.0104167,0.0769231,0.0,1.0,0.2740385,0.0545455,1.0,9.62251624577579
877.0,0.4732041,0.0034208,0.1733181,0.1233766,0.8643101,0.0,0.7150685,0.0027397,0.0383562,0.0369393,0.0,0.9972603,0.1372032,0.0987654,1.0,10.36410350510914
2296.0,0.5039199,0.0082753,0.0448606,0.0368745,0.9002613,0.0,0.7792208,0.0064935,0.0649351,0.044665,0.0103896,0.987013,0.325062,0.0528302,0.3333333,11.73687669002817
197.0,0.5228426,0.0,0.1675127,0.1170213,0.8832487,0.0,0.6760563,0.0,0.0,0.1931818,0.0,1.0,0.25,0.2272727,1.0,9.615805480084347
1876.0,0.4840085,0.0010661,0.1886994,0.143595,0.8672708,0.0319829,0.7573099,0.004386,0.0248538,0.0952381,0.0,0.9459064,0.2116402,0.1230769,0.4230769,10.318935994253193
11389.0,0.4997805,0.1526912,0.0916674,0.0781113,0.9042058,0.0012293,0.7559367,0.0023747,0.0313984,0.2161324,0.1548813,0.7055409,0.4620476,0.1659496,0.7471264,10.158168529848494
24.0,0.4583333,0.0,0.25,0.2307692,0.875,0.0,0.7,0.0,0.0,0.5652174,0.0,1.0,0.6086957,0.0,0.0,9.615805480084347
2824.0,0.490085,0.0605524,0.0846317,0.0527778,0.8626062,0.0,0.7252453,0.0035682,0.0579839,0.1046326,0.0606601,0.9884032,0.2092652,0.0248227,0.4032258,11.160541302448653
480.0,0.4416667,0.0,0.2479167,0.1865672,0.8604167,0.0,0.6716418,0.0,0.0049751,0.1589958,0.0,0.9950249,0.3472803,0.1025641,0.0,9.615805480084347
6509.0,0.4764173,0.2519588,0.0932555,0.0889085,0.9055154,0.0116761,0.7921673,0.0026702,0.023587,0.0832313,0.222964,0.9973298,0.3088535,0.14082,0.5,10.468829770273567
609.0,0.499179,0.0,0.2512315,0.1737705,0.862069,0.0,0.7,0.0,0.024,0.1197183,0.0,1.0,0.4014085,0.0789474,0.7368421,9.6678285081515
599.0,0.4524207,0.0016694,0.2136895,0.1585366,0.8414023,0.0,0.6509804,0.0039216,0.0196078,0.1052632,0.0,1.0,0.4491228,0.0645161,0.75,9.615805480084347
2341.0,0.4852627,0.0281931,0.1208885,0.0738589,0.9000427,0.0,0.7685749,0.0048721,0.0426309,0.0442375,0.0280146,0.9939099,0.2549476,0.0652174,0.375,11.310821520675269
11378.0,0.4837406,0.4425207,0.0677623,0.0623085,0.933556,0.0066796,0.846447,0.0016335,0.0283147,0.0236576,0.4040294,0.9716853,0.1291866,0.0819912,0.3,11.16903981679311
2167.0,0.4993078,0.0438394,0.1259806,0.0700461,0.8246424,0.0,0.6711864,0.0011299,0.0915254,0.6168831,0.0372881,0.9728814,0.1134199,0.0928571,0.4731183,12.049424683420915
464.0,0.4978448,0.0,0.1293103,0.1072961,0.9331897,0.0,0.8263473,0.0,0.011976,0.0722222,0.0,0.988024,0.1,0.0625,1.0,10.221977646629885
7710.0,0.4744488,0.0836576,0.1540856,0.1283317,0.8640726,0.0,0.7126806,0.0054575,0.0362761,0.0514616,0.0725522,0.9961477,0.4119976,0.0806159,0.44,10.49684202174171
582.0,0.4621993,0.0,0.2388316,0.2300319,0.7972509,0.0103093,0.6007605,0.0,0.026616,0.1320132,0.0,0.9961977,0.4125413,0.0849057,0.5,9.76428295481558
5445.0,0.4595041,0.0416896,0.2503214,0.1930003,0.8016529,0.0027548,0.6092874,0.001201,0.0324259,0.0454719,0.0360288,0.9975981,0.3637753,0.0308642,0.4,10.70101727068921
2616.0,0.4824159,0.0172018,0.1146789,0.0546529,0.8883792,0.0,0.7336788,0.0010363,0.0310881,0.0658277,0.0186528,0.8746114,0.3639884,0.1828571,0.1428571,12.301387370778713
5384.0,0.4985141,0.0011144,0.0332467,0.0314815,0.9374071,0.0,0.8273427,0.0051348,0.0327343,0.0511571,0.0019255,0.9813864,0.3209501,0.1095335,0.0,11.028433383156079
2228.0,0.4928187,0.0013465,0.0879713,0.0707965,0.8482944,0.0,0.7165072,0.0167464,0.0897129,0.0574972,0.0011962,1.0,0.3821871,0.0114286,0.2857143,10.881832472145556
493.0,0.4320487,0.0060852,0.2941176,0.1892857,0.8438134,0.0,0.6588785,0.0046729,0.0093458,0.1737452,0.0046729,0.9953271,0.3474903,0.0961538,0.75,9.615805480084347
445.0,0.5078652,0.0022472,0.1123596,0.0730594,0.9258427,0.0,0.82,0.0133333,0.0266667,0.0196078,0.0,0.9866667,0.1437908,0.1081081,0.0,10.723289410218579
7322.0,0.4844305,0.0252663,0.1861513,0.154702,0.7858509,0.0,0.6033646,0.0084115,0.0841152,0.0814264,0.0142349,0.9217082,0.3476969,0.1102757,0.5121951,10.988693712621323
672.0,0.4791667,0.0014881,0.1964286,0.1628571,0.8244048,0.0,0.6267123,0.0068493,0.0205479,0.148688,0.0,0.9828767,0.335277,0.0441176,0.5454545,9.615805480084347
1483.0,0.4612272,0.0026972,0.1537424,0.126408,0.8172623,0.0,0.6515913,0.0167504,0.0686767,0.368254,0.0033501,1.0,0.3936508,0.092511,0.8888889,11.270866642542865
110.0,0.5,0.0,0.1727273,0.0727273,0.9454545,0.0,0.8378378,0.0,0.0,0.097561,0.0,1.0,0.1219512,0.3333333,0.0,9.814710982145282
417.0,0.4748201,0.0,0.1438849,0.1461187,0.9136691,0.0,0.7662338,0.0,0.0,0.1584699,0.0,1.0,0.2240437,0.1538462,0.6666667,9.615805480084347
202.0,0.470297,0.0,0.0742574,0.0934579,0.9207921,0.0,0.7826087,0.0,0.0144928,0.028169,0.0,1.0,0.2394366,0.1052632,0.0,9.857495968685136
289.0,0.449827,0.0,0.3356401,0.2201258,0.7647059,0.0,0.5625,0.0,0.0208333,0.0886076,0.0,1.0,0.2594937,0.030303,1.0,9.615805480084347
2347.0,0.472092,0.0046868,0.1674478,0.1202583,0.8108223,0.0157648,0.6368313,0.0041152,0.0452675,0.0347567,0.005144,0.9917695,0.3406157,0.0347395,0.0,11.817472029092508
75460.0,0.4813279,0.0063477,0.1223827,0.0947393,0.856732,0.0150278,0.7165568,0.001076,0.0461645,0.0531747,0.0069767,0.9815689,0.2684698,0.0325481,0.2463235,11.817472029092508
1066.0,0.5187617,0.0,0.0581614,0.037037,0.9577861,0.0,0.887538,0.0,0.0243161,0.0351906,0.0,0.9878419,0.1026393,0.1333333,0.0,11.54346436927906
84.0,0.5119048,0.2857143,0.202381,0.195122,0.9285714,0.0,0.7777778,0.0,0.0,0.0689655,0.2222222,1.0,0.0689655,0.2857143,0.0,10.268165387743457
2650.0,0.470566,0.0007547,0.1611321,0.1104775,0.8467925,0.0098113,0.6969407,0.0114723,0.0439771,0.1550889,0.000956,0.9971319,0.4054927,0.0741688,0.5625,10.545367754151743
2145.0,0.4913753,0.0032634,0.1137529,0.0724106,0.8941725,0.0312354,0.8045007,0.0028129,0.02391,0.0404858,0.0014065,0.9985935,0.1997301,0.0820896,1.0,11.600029337681997
1517.0,0.4607779,0.0,0.3302571,0.1540342,0.8193804,0.0,0.6571019,0.0028694,0.0416069,0.1121019,0.0,0.9698709,0.3197452,0.0585366,0.0740741,11.412010608265987
1737.0,0.4709269,0.1157168,0.1853771,0.1490751,0.8767991,0.0316638,0.7560582,0.0016155,0.0113086,0.1144492,0.1050081,0.911147,0.3505007,0.1685393,0.7894737,10.30229722897745
171.0,0.4385965,0.0,0.1695906,0.1354167,0.8830409,0.0,0.7323944,0.0,0.0140845,0.1341463,0.0,1.0,0.1463415,0.1578947,0.0,10.12667110305036
11714.0,0.4721701,0.1205395,0.061721,0.06437,0.7136759,0.0049513,0.5128889,0.0010667,0.0901333,0.0840254,0.1075556,0.9923556,0.5139228,0.0158211,0.2833333,11.01206667357142
120.0,0.475,0.0,0.25,0.1746032,0.8416667,0.0,0.6545455,0.0,0.0,0.2142857,0.0,0.9818182,0.2142857,0.0,1.0,9.69898173460629
465.0,0.5032258,0.0,0.1956989,0.1471861,0.8860215,0.0,0.7382199,0.0,0.0157068,0.0728155,0.0,0.9895288,0.4660194,0.0,1.0,9.615805480084347
8730.0,0.4640321,0.1604811,0.166323,0.144689,0.8492554,0.0178694,0.7029902,0.0034503,0.0301898,0.0707988,0.1661875,0.9974123,0.348918,0.074884,0.3913043,10.460270761075149
237.0,0.4978903,0.0,0.1603376,0.0756303,0.8902954,0.0,0.7340426,0.0,0.0106383,0.0408163,0.0,1.0,0.3061224,0.0333333,0.0,10.416341118636355
1119.0,0.4655943,0.0089366,0.1778374,0.1555184,0.9025916,0.0,0.7666667,0.0022222,0.0044444,0.0702479,0.0111111,0.9977778,0.2954545,0.0540541,0.6666667,10.33854382482173
4937.0,0.4847073,0.0050638,0.1265951,0.1092767,0.8053474,0.0020255,0.6236453,0.0098522,0.0714286,0.0826932,0.0049261,0.9940887,0.3646634,0.0712136,0.8636364,11.080618310893968
10687.0,0.4523253,0.1703004,0.1951904,0.1607723,0.7537195,0.0828109,0.6268374,0.0026079,0.0322428,0.0962074,0.1510194,0.994073,0.3696165,0.068684,0.6760563,9.994287576862567
1805.0,0.5091413,0.0,0.0903047,0.0598194,0.9052632,0.001662,0.7842809,0.0050167,0.041806,0.0477707,0.0,0.9080268,0.2643312,0.1597938,0.5384615,10.521399202410167
178.0,0.4438202,0.0,0.2078652,0.1414141,0.8820225,0.0,0.6969697,0.0151515,0.0151515,0.175,0.0,1.0,0.25,0.0,0.0,9.852246888342531
116.0,0.4827586,0.3793103,0.1034483,0.2,0.8706897,0.0,0.6744186,0.0,0.0232558,0.0652174,0.3255814,1.0,0.2826087,0.2857143,0.0,9.770013301136158
732.0,0.4412568,0.5382514,0.1502732,0.1442543,0.8948087,0.0,0.7165354,0.003937,0.015748,0.0557621,0.4409449,1.0,0.2304833,0.1578947,0.75,9.952325334619427
3656.0,0.4978118,0.0155908,0.1039387,0.0833333,0.8074398,0.0032823,0.649967,0.0019776,0.0896506,0.1055425,0.0138431,0.9901121,0.459316,0.0465116,0.6111111,11.412010608265987
139.0,0.4820144,0.0791367,0.2589928,0.1666667,0.8776978,0.0,0.7258065,0.0,0.0,0.1014493,0.0483871,0.983871,0.115942,0.0714286,0.0,10.288783966353765
731.0,0.4637483,0.0,0.1682627,0.122449,0.8590971,0.0,0.6964286,0.0071429,0.0392857,0.0909091,0.0,0.9964286,0.275974,0.0819672,0.5,9.615805480084347
173.0,0.4624277,0.0,0.2543353,0.1612903,0.8323699,0.0,0.6533333,0.0133333,0.0266667,0.1176471,0.0,1.0,0.3882353,0.0588235,0.5,9.615805480084347
4156.0,0.4966314,0.0,0.080847,0.0583174,0.909769,0.0,0.7902571,0.0033829,0.0358593,0.0549872,0.0,0.9959405,0.2985934,0.070632,0.2,10.954326659732555
1313.0,0.4843869,0.0022848,0.185834,0.1314623,0.8750952,0.0,0.7062374,0.0020121,0.0261569,0.0897436,0.0020121,0.9657948,0.4065934,0.1616766,0.3181818,10.221977646629885
50889.0,0.4967478,0.0161332,0.0499715,0.0322921,0.8570025,0.0176659,0.7469637,0.0020151,0.0761396,0.0639784,0.0127444,0.9937367,0.2694229,0.0291202,0.2643312,11.489667073393028
142.0,0.4507042,0.028169,0.0915493,0.0769231,0.9366197,0.0,0.8367347,0.0,0.0204082,0.02,0.0408163,1.0,0.12,0.3333333,0.0,10.849356503939038
2207.0,0.4653376,0.0040779,0.2020843,0.1635593,0.7893068,0.0163117,0.6113402,0.0061856,0.0453608,0.0753098,0.0051546,0.9958763,0.2878932,0.0463415,0.6111111,10.534785924769006
865.0,0.5040462,0.0,0.0878613,0.030303,0.9364162,0.0080925,0.8791946,0.0033557,0.0167785,0.0716511,0.0,0.9865772,0.0778816,0.3333333,0.8181818,11.07443600653965
1118.0,0.470483,0.0849732,0.1404293,0.1300676,0.8747764,0.0259392,0.7414248,0.005277,0.0158311,0.1103286,0.0844327,0.8733509,0.3967136,0.1278195,0.875,9.87822102528824
1107.0,0.467028,0.0,0.3306233,0.2457627,0.7777778,0.0677507,0.6357616,0.0022075,0.00883,0.1387833,0.0,1.0,0.2452471,0.0892857,0.4,9.615805480084347
549.0,0.5100182,0.007286,0.1311475,0.1078067,0.8834244,0.0,0.7107843,0.0,0.0245098,0.0285714,0.004902,0.9852941,0.1428571,0.0789474,0.0,10.599156550639583
135163.0,0.4909184,0.0459889,0.1166517,0.0839861,0.8649113,0.0127698,0.7267063,0.0048093,0.0551397,0.0406227,0.0456884,0.7148921,0.4763385,0.112101,0.1185567,11.770671388994348
326.0,0.5030675,0.0,0.0981595,0.0740741,0.9233129,0.0,0.8198198,0.0,0.045045,0.1048387,0.0,1.0,0.1370968,0.2777778,0.0,10.915106645867503
23654.0,0.5039317,0.0062991,0.0405851,0.0259076,0.9311322,0.0,0.846771,0.0048135,0.0497393,0.0349677,0.0062843,0.9827517,0.1445161,0.0853659,0.1428571,11.989786776470444
605.0,0.4561983,0.4644628,0.1785124,0.1610942,0.8528926,0.0,0.6541667,0.0,0.025,0.0769231,0.3875,1.0,0.3384615,0.1408451,1.0,10.118639253920785
718.0,0.4805014,0.0027855,0.2506964,0.0697051,0.9233983,0.0,0.85,0.0,0.015625,0.8433676,0.003125,1.0,0.1649535,0.0175439,0.4074074,12.300477870531845
6365.0,0.5492537,0.0073841,0.0452474,0.0487975,0.7912019,0.0592302,0.6821063,0.0063384,0.0994637,0.0578778,0.0092638,0.949293,0.5576481,0.1185436,0.3333333,11.3655964644899
215.0,0.4325581,0.4,0.144186,0.1639344,0.8744186,0.0,0.721519,0.0253165,0.0253165,0.1222222,0.3164557,1.0,0.2,0.1666667,0.5,10.485731104959568
1615.0,0.4749226,0.0693498,0.1182663,0.1061321,0.9077399,0.0,0.7777778,0.0033167,0.0232172,0.1840325,0.0630182,0.9668325,0.3220568,0.1756098,0.64,9.908524844053396
643.0,0.5023328,0.0,0.1353033,0.115625,0.8600311,0.0,0.6746032,0.0039683,0.0238095,0.1737705,0.0,0.9722222,0.4131148,0.1617647,0.8125,10.134638955251866
1000.0,0.493,0.0,0.124,0.0769231,0.884,0.0,0.7560976,0.00271,0.0487805,0.0238095,0.0,0.99729,0.1560847,0.0714286,0.6666667,11.103467395592086
7284.0,0.4748764,0.0012356,0.121911,0.0962092,0.8620264,0.0107084,0.7158804,0.0032409,0.0417717,0.0324042,0.0007202,0.9765934,0.2721254,0.0644068,0.3809524,10.76004951120163
6264.0,0.4969668,0.0197957,0.048212,0.0415741,0.9505109,0.0,0.8653846,0.0015182,0.0172065,0.0275591,0.0177126,0.9848178,0.1077756,0.1327434,0.2068966,11.437134538982278
7558.0,0.4837259,0.0070124,0.1631384,0.1153255,0.920217,0.0108494,0.8261726,0.0015767,0.0248325,0.0242308,0.0074892,0.9731967,0.0892308,0.1033333,0.2857143,12.217017531154696
645.0,0.4666667,0.0031008,0.0945736,0.0697674,0.9007752,0.0,0.7613169,0.0041152,0.0164609,0.1227437,0.0041152,0.9958848,0.234657,0.1470588,0.9090909,9.888424674859083
43207.0,0.4804546,0.0411045,0.1082232,0.0896739,0.8500474,0.0143264,0.7109652,0.0057949,0.0644517,0.0359404,0.0402421,0.8028459,0.3803228,0.1101213,0.2247191,12.03706802344148
768.0,0.4817708,0.0,0.1731771,0.1256281,0.8606771,0.0,0.6735395,0.0068729,0.0309278,0.0761905,0.0,0.9896907,0.2412698,0.1294118,1.0,10.150386692204734
10712.0,0.4914115,0.0058813,0.0762696,0.0792952,0.9288648,0.0218447,0.8713027,0.001888,0.028005,0.0392987,0.0059786,0.9764003,0.1305925,0.0744186,0.7307692,12.036475785297062
1494.0,0.4919679,0.2878179,0.1546185,0.1541502,0.8607764,0.0528782,0.7671233,0.0039139,0.0156556,0.1113043,0.2407045,0.9960861,0.2417391,0.1847826,1.0,10.34177474101152
169.0,0.4615385,0.0,0.2366864,0.2087912,0.8284024,0.0,0.6133333,0.0,0.0,0.1847826,0.0,1.0,0.25,0.0769231,0.0,9.615805480084347
8017.0,0.4991892,0.0162155,0.1143819,0.0470735,0.9023325,0.0,0.8025588,0.0048409,0.0542877,0.182589,0.0162517,0.9934302,0.1520633,0.1262626,0.3703704,11.737675724836684
390.0,0.4897436,0.0,0.0974359,0.0301508,0.9717949,0.0,0.8981481,0.0,0.0,0.107438,0.0,0.9907407,0.2066116,0.1111111,1.0,10.448743588106625
244.0,0.4631148,0.0,0.1557377,0.1450382,0.9057377,0.0,0.7608696,0.0,0.0108696,0.0980392,0.0,1.0,0.3627451,0.1363636,1.0,9.933094897288786
671.0,0.4783905,0.0014903,0.1698957,0.1314286,0.8494784,0.0,0.6751825,0.0036496,0.040146,0.0352113,0.0,0.9927007,0.2183099,0.0574713,0.3333333,10.957817003758691
261.0,0.4636015,0.0,0.1532567,0.15,0.8812261,0.0,0.7254902,0.0098039,0.0294118,0.0642202,0.0,1.0,0.1376147,0.0,1.0,9.723223876851618
336.0,0.5297619,0.0,0.1130952,0.1012658,0.9375,0.0,0.8224299,0.0,0.0186916,0.2189781,0.0,0.4485981,0.2992701,0.2222222,1.0,9.615805480084347
73233.0,0.4693786,0.2287084,0.1236738,0.0941352,0.6600167,0.1196319,0.5590613,0.0011447,0.0987336,0.0414895,0.1977535,0.9744938,0.3779317,0.0497734,0.4797688,11.63956692643747
2174.0,0.4563017,0.0,0.2217111,0.1742809,0.8348666,0.0202392,0.6772367,0.0011325,0.0249151,0.0264609,0.0,0.99547,0.2260198,0.028169,0.5833333,10.5506169722625
2516.0,0.4976153,0.0007949,0.0898251,0.0672468,0.8704293,0.0,0.7338362,0.0086207,0.0678879,0.1085495,0.0010776,0.9913793,0.4024976,0.0817942,0.6666667,11.446796346169297
2900.0,0.4796552,0.0017241,0.1458621,0.1212724,0.8493103,0.0,0.6672297,0.0025338,0.03125,0.0310966,0.0008446,0.9788851,0.3322422,0.0458167,0.4,10.781058245898533
2857.0,0.499125,0.0070004,0.1109555,0.1132075,0.8218411,0.0479524,0.7007797,0.002924,0.0565302,0.0578512,0.002924,0.9814815,0.3342516,0.0364807,0.4,11.470028402317833
9612.0,0.4901165,0.0111319,0.0856221,0.076515,0.9165626,0.0097794,0.8287203,0.0022794,0.0403777,0.0696759,0.0061869,0.9658092,0.246289,0.0756303,0.4516129,11.827743504053695
608.0,0.5065789,0.0,0.1134868,0.0866667,0.8832237,0.0,0.7420814,0.0135747,0.0497738,0.0714286,0.0,1.0,0.2563025,0.1578947,0.25,10.32551474894327
3157.0,0.5026924,0.0085524,0.122268,0.056051,0.9385493,0.0063351,0.8692232,0.0,0.0304818,0.0173913,0.006883,0.9626352,0.068599,0.1219512,0.25,12.237091546357338
2805.0,0.4527629,0.5682709,0.1490196,0.1504886,0.8759358,0.0,0.7088157,0.0017809,0.016919,0.0795082,0.5414069,0.9946572,0.3795082,0.0862471,0.3888889,10.32551474894327
9656.0,0.40058,0.1014913,0.1251036,0.1071182,0.6952154,0.1791632,0.6729887,0.0033649,0.0360967,0.0557481,0.0039768,0.9914347,0.3807048,0.0577746,0.4230769,10.85516473308054
151.0,0.4900662,0.0,0.192053,0.1168831,0.9072848,0.0,0.7586207,0.0,0.0,0.1470588,0.0,1.0,0.2205882,0.4285714,1.0,9.723223876851618
596.0,0.4781879,0.5302013,0.1157718,0.1318328,0.9010067,0.0,0.7378641,0.0048544,0.0242718,0.0720721,0.4368932,1.0,0.4594595,0.1782178,0.3333333,10.077482875583607
1681.0,0.4866151,0.0005949,0.1237359,0.0869061,0.8845925,0.0,0.7530675,0.0153374,0.0276074,0.0564399,0.0,0.9984663,0.2561505,0.0769231,0.5454545,10.27163147557801
272.0,0.4926471,0.0,0.0919118,0.1086957,0.8860294,0.0,0.7157895,0.0,0.0421053,0.0865385,0.0,1.0,0.3076923,0.1,0.5,10.077482875583607
4637.0,0.5572568,0.0920854,0.114298,0.1052119,0.7174898,0.1925814,0.7619728,0.0021444,0.0521801,0.0710491,0.0092924,0.9792709,0.1726428,0.0988142,0.7058824,11.618194976487304
312.0,0.4839744,0.0,0.2275641,0.2111801,0.8173077,0.0,0.6028369,0.0,0.0070922,0.3502304,0.0,0.9929078,0.4285714,0.0925926,0.8571429,10.480129006333248
2048.0,0.4956055,0.0048828,0.1547852,0.1084221,0.8535156,0.0556641,0.7776204,0.0042493,0.0254958,0.1152882,0.0042493,0.9943343,0.2117794,0.0980392,0.5,11.755094871382958
80277.0,0.47148,0.1875132,0.1085242,0.0830819,0.6382899,0.1178544,0.5552042,0.0044544,0.1337346,0.0660252,0.1631133,0.9799721,0.425813,0.0737032,0.4579125,10.385944565501662
564.0,0.4414894,0.8421986,0.1046099,0.0984127,0.9042553,0.0,0.7309942,0.0116959,0.0233918,0.1230769,0.8187135,0.994152,0.4358974,0.2372881,0.0,9.615805480084347
10337.0,0.4914385,0.0396633,0.0997388,0.0612517,0.9121602,0.0082229,0.8098325,0.0018909,0.0264722,0.0252765,0.0351162,0.9954079,0.1084781,0.0517241,0.3809524,11.226589153242802
9365.0,0.4649226,0.0048051,0.160598,0.1323089,0.8594768,0.0305392,0.7381443,0.0035346,0.0303387,0.0371526,0.0047128,0.9964654,0.1948383,0.0594059,0.5833333,11.264476926102367
313.0,0.4440895,0.0,0.2460064,0.2011494,0.8083067,0.0734824,0.6880734,0.0091743,0.0183486,0.1550388,0.0,1.0,0.1472868,0.2631579,1.0,9.615805480084347
84236.0,0.4842704,0.0919203,0.142813,0.1166356,0.8555012,0.0048079,0.6842842,0.0049462,0.0389162,0.0524113,0.0848628,0.914795,0.350224,0.0926006,0.4107143,10.513280297700861
29.0,0.4482759,0.0,0.0,0.0,1.0,0.0,1.0,0.0,0.0,0.5,0.0,0.6666667,0.3888889,0.5,0.0,12.691583538230217
149.0,0.5234899,0.0,0.1946309,0.0704225,0.8791946,0.0,0.7166667,0.0,0.0166667,0.1044776,0.0,1.0,0.1492537,0.0,0.0,9.615805480084347
804.0,0.4776119,0.011194,0.1654229,0.1119048,0.8830846,0.0,0.721519,0.0,0.0158228,0.1197772,0.0094937,0.9905063,0.2590529,0.1558442,0.5,10.25769445336048
1967.0,0.603457,0.344179,0.0005084,0.0064103,0.7803762,0.2170819,0.9882075,0.0,0.0,0.0742358,0.3561321,0.8962264,0.2532751,0.2380952,0.0,10.915106645867503
5460.0,0.4858974,0.0179487,0.1338828,0.074813,0.9034799,0.0,0.8028169,0.0050302,0.0523139,0.0938924,0.0140845,0.9537223,0.2265269,0.1071429,0.2978723,10.825780236605917
209.0,0.5358852,0.0,0.1052632,0.0618557,0.8660287,0.0,0.7051282,0.0128205,0.0384615,0.2277228,0.0,1.0,0.2178218,0.125,1.0,10.12667110305036
3234.0,0.4641311,0.23624,0.1951144,0.1725332,0.8305504,0.0371058,0.6791837,0.0057143,0.0195918,0.1551724,0.2302041,0.9755102,0.3558621,0.1125402,0.7837838,10.442929787247998
3484.0,0.4603904,0.0025832,0.1902985,0.1542553,0.7878875,0.0505166,0.6526549,0.0036873,0.0501475,0.0794297,0.0,0.990413,0.3170401,0.073501,0.5882353,10.485731104959568
48.0,0.4791667,0.0,0.1666667,0.16,0.875,0.0,0.6666667,0.0,0.0,0.1,0.0,1.0,0.2,0.3333333,0.0,10.192456296870509
2331.0,0.4984985,0.015015,0.1196911,0.0701454,0.9210639,0.0,0.8075061,0.0012107,0.0266344,0.0131422,0.0157385,0.9975787,0.0776583,0.0918367,0.0,11.567423119906431
44.0,0.3863636,0.0227273,0.2954545,0.3333333,0.7045455,0.0,0.5714286,0.0,0.1428571,0.3,0.0,0.8095238,0.0,0.0,0.0,13.122367377396328
161.0,0.5590062,0.0,0.0745342,0.056338,0.9254658,0.0,0.7755102,0.0,0.0204082,0.2575758,0.0,1.0,0.9545455,0.2272727,0.0,9.615805480084347
860.0,0.4523256,0.0,0.2348837,0.1804671,0.7837209,0.0186047,0.6329114,0.0075949,0.0481013,0.0749415,0.0,0.9949367,0.3583138,0.0432432,0.5714286,10.887455624298198
65.0,0.4923077,0.0,0.1384615,0.2121212,0.8615385,0.0,0.72,0.0,0.08,0.2647059,0.0,1.0,0.3529412,0.4285714,1.0,9.615805480084347
7413.0,0.500607,0.0008094,0.1477135,0.0502431,0.9487387,0.0,0.8734026,0.0003994,0.0195687,0.0180392,0.0007987,0.9936102,0.0156863,0.2142857,0.5454545,11.574029971623514
173.0,0.4739884,0.0,0.1791908,0.1428571,0.9364162,0.0,0.8166667,0.0,0.0,0.0769231,0.0,1.0,0.0615385,0.0,0.0,10.445840912706414
2941.0,0.4743285,0.00068,0.1846311,0.1306598,0.8245495,0.0037402,0.6404762,0.0047619,0.0333333,0.1422737,0.0,0.9928571,0.4513274,0.0508475,0.7826087,10.328787967145063
1271.0,0.4665618,0.0039339,0.1644375,0.1415929,0.8465775,0.0,0.6803922,0.0078431,0.0431373,0.0876565,0.0019608,0.9980392,0.2826476,0.0755814,0.625,10.318935994253193
3364.0,0.4756243,0.0002973,0.2113555,0.1507937,0.8656361,0.0,0.7018051,0.0036101,0.0238267,0.0929928,0.0,0.9971119,0.1611002,0.0507246,0.4347826,10.354595018522993
1180.0,0.4533898,0.0,0.2635593,0.1937984,0.8016949,0.079661,0.7019868,0.0,0.0110375,0.1778584,0.0,0.995585,0.2903811,0.1261261,0.7222222,10.236417809461043
7227.0,0.4638162,0.0022139,0.1848623,0.1341935,0.8145842,0.0228311,0.6549728,0.005109,0.0476839,0.0313428,0.0010218,0.9873978,0.3896404,0.0615129,0.0,11.13751903414526
625.0,0.5056,0.0,0.2512,0.1812298,0.7776,0.0784,0.6485356,0.0041841,0.0167364,0.1758621,0.0,1.0,0.3172414,0.0,1.0,9.615805480084347
492.0,0.4918699,0.0,0.148374,0.136,0.8882114,0.0,0.7336957,0.0,0.0326087,0.0416667,0.0,1.0,0.234375,0.0294118,1.0,10.87049040995193
3601.0,0.4401555,0.008331,0.2132741,0.2013889,0.8097751,0.0288809,0.6629508,0.0052459,0.0340984,0.0917213,0.0065574,0.9980328,0.4061942,0.0792952,0.3571429,10.214678610538817
220.0,0.4590909,0.0,0.35,0.1680672,0.8409091,0.0,0.67,0.0,0.02,0.0654206,0.0,1.0,0.2149533,0.0,0.5,9.615805480084347
137.0,0.5182482,0.0072993,0.1459854,0.0909091,0.8613139,0.0,0.6981132,0.0,0.0566038,0.1016949,0.0,1.0,0.3728814,0.125,0.0,9.615805480084347
2042.0,0.4833497,0.0014691,0.1581783,0.1137441,0.8765916,0.0,0.737516,0.0051216,0.0448143,0.387931,0.0025608,0.993598,0.3001567,0.1128205,0.7368421,10.881832472145556
290.0,0.4724138,0.0,0.1827586,0.1895425,0.862069,0.0,0.6896552,0.0086207,0.0172414,0.072,0.0,1.0,0.328,0.1818182,0.0,9.615805480084347
4681.0,0.4659261,0.147618,0.1845759,0.1608,0.8414869,0.0264901,0.6922664,0.0032223,0.018797,0.1103679,0.1181525,0.9930183,0.3086479,0.1053571,0.6428571,10.090008612393838
4851.0,0.4720676,0.0098949,0.123892,0.0898087,0.8748712,0.0035044,0.73093,0.0057471,0.0297806,0.0338213,0.0099269,0.9827586,0.2064614,0.0198347,0.3571429,10.837637848711049
4202.0,0.4664446,0.2598762,0.1237506,0.1391615,0.8791052,0.0066635,0.7215512,0.0025429,0.0216147,0.073616,0.224412,0.9955499,0.303298,0.1141925,0.5238095,10.192456296870509
6906.0,0.4959456,0.0010136,0.0618303,0.048262,0.9038517,0.0,0.7867804,0.0059701,0.0545842,0.0341845,0.0017058,0.9953092,0.3010708,0.0718391,0.0,11.248972939884327
1560.0,0.4865385,0.0,0.1141026,0.0786517,0.8179487,0.0,0.6671827,0.0123839,0.0789474,0.119891,0.0,0.995356,0.4414169,0.045283,0.6,11.300981463909618
2305.0,0.4785249,0.0043384,0.1475054,0.1164725,0.8329718,0.0095445,0.6568306,0.0010929,0.0469945,0.0276302,0.0043716,0.9923497,0.2550478,0.0342466,0.5,11.818209214992565
12123.0,0.4958344,0.0050318,0.281036,0.1480694,0.7535264,0.0011548,0.5957482,0.0044843,0.0735758,0.2715945,0.0053147,0.9779106,0.4485846,0.036069,0.3448276,11.423011698301428
6496.0,0.4533559,0.1928879,0.1944273,0.1745987,0.8183498,0.0526478,0.6898785,0.0016194,0.0234818,0.1102305,0.1595142,0.9834008,0.3220461,0.0921228,0.7391304,10.27163147557801
565.0,0.5097345,0.0,0.1380531,0.0758123,0.8955752,0.0,0.7641509,0.009434,0.0377358,0.1814672,0.0,0.990566,0.3127413,0.125,0.2727273,10.623787731088578
6894.0,0.4596751,0.1055991,0.1705831,0.1438926,0.8572672,0.0214679,0.7082238,0.0026286,0.0184003,0.0750261,0.0998873,0.9909876,0.3119139,0.1086498,0.55,10.229223792606835
3398.0,0.4988228,0.0135374,0.0638611,0.0434527,0.9376104,0.0029429,0.8554545,0.0072727,0.0272727,0.1392801,0.0081818,0.9054545,0.2097027,0.1983122,0.6823529,10.831726617926124
112.0,0.5178571,0.0267857,0.1160714,0.037037,0.9017857,0.0,0.804878,0.0243902,0.0487805,0.0681818,0.0487805,1.0,0.3181818,0.0,0.0,10.53212287826962
988.0,0.4342105,0.8178138,0.1184211,0.1610018,0.8906883,0.0,0.7080745,0.0062112,0.0310559,0.0929577,0.7763975,0.9906832,0.3859155,0.2241379,0.8333333,9.615805480084347
490.0,0.4510204,0.0061224,0.1367347,0.1412639,0.8102041,0.0,0.6046512,0.0046512,0.0372093,0.0772532,0.0046512,1.0,0.3218884,0.0697674,1.0,10.056251557087757
11734.0,0.4534686,0.0255667,0.3189876,0.189147,0.8366286,0.0163627,0.6693911,0.0008173,0.0175725,0.0850626,0.0157336,0.9826318,0.3667975,0.0932722,0.7111111,11.550230883578887
866.0,0.4515012,0.0161663,0.2494226,0.2231579,0.817552,0.0808314,0.7492537,0.0,0.0119403,0.056338,0.0119403,1.0,0.2338028,0.0326087,1.0,10.616461869895815
11727.0,0.4540803,0.0333419,0.3561866,0.2189941,0.7148461,0.0167988,0.5460582,0.0042568,0.0681083,0.1701286,0.0219649,0.9838243,0.4744948,0.0414938,0.4028436,10.616461869895815
4699.0,0.4709513,0.0512875,0.1823792,0.1403862,0.8727389,0.0148968,0.7191269,0.0028719,0.0160827,0.1180344,0.0488225,0.7708214,0.3561297,0.1848592,0.5833333,9.908524844053396
506.0,0.4703557,0.0,0.1758893,0.1529851,0.9426877,0.0,0.8352273,0.0,0.0,0.0167598,0.0,1.0,0.0837989,0.05,0.0,10.768506042432708
317.0,0.4858044,0.0,0.1198738,0.0920245,0.9085174,0.0,0.7666667,0.0083333,0.0083333,0.1304348,0.0,1.0,0.3405797,0.1538462,0.6,9.615805480084347
11700.0,0.484359,0.1665812,0.1286325,0.0931543,0.7980342,0.1142735,0.7751627,0.002003,0.0277917,0.0417466,0.1629945,0.9974962,0.2435221,0.0662589,0.4848485,10.614007941153417
6488.0,0.4873613,0.3017879,0.1940506,0.15454,0.7956227,0.0579531,0.6686366,0.0054875,0.0468552,0.1643739,0.2646686,0.9577881,0.4162257,0.1594037,0.6590909,10.33854382482173
1297.0,0.537394,0.0053971,0.078643,0.0616667,0.8604472,0.0624518,0.7911548,0.0,0.036855,0.0216346,0.0,1.0,0.2139423,0.0595238,0.8,10.606609816118151
955.0,0.4586387,0.4450262,0.1497382,0.1528046,0.8806283,0.0,0.6988636,0.0056818,0.0170455,0.0997442,0.3892045,0.9971591,0.4143223,0.1721854,0.5,10.385944565501662
9184.0,0.4463197,0.0006533,0.2493467,0.2053097,0.7881098,0.0026132,0.5828395,0.0052145,0.0270206,0.1320716,0.0007111,0.9976298,0.2363711,0.0502513,0.7160494,9.615805480084347
106.0,0.5377358,0.0,0.2358491,0.122449,0.8773585,0.0,0.725,0.0,0.05,0.0909091,0.0,1.0,0.0909091,0.2,0.0,9.615805480084347
16376.0,0.4822912,0.0039082,0.0735833,0.0645199,0.8446507,0.0240596,0.7162829,0.003125,0.0615132,0.0264211,0.0032895,0.9973684,0.339952,0.0325444,0.3,11.017004873924424
191.0,0.4450262,0.0209424,0.1308901,0.1415094,0.8795812,0.0,0.6935484,0.016129,0.0322581,0.1621622,0.016129,1.0,0.1756757,0.3571429,0.5,9.615805480084347
1396.0,0.5057307,0.0,0.1418338,0.0942029,0.9047278,0.0,0.7797619,0.0,0.0376984,0.1157895,0.0,0.9960317,0.2403509,0.1153846,0.5,11.522885696764481
3011.0,0.4623049,0.0063102,0.2065759,0.1661519,0.8478911,0.0790435,0.8117195,0.0019212,0.0163305,0.0298229,0.0057637,0.9961575,0.0866729,0.0618557,0.7142857,10.803669227477098
106.0,0.5,0.1698113,0.1320755,0.1509434,0.8867925,0.0,0.7272727,0.0,0.0,0.0638298,0.1136364,1.0,0.0851064,0.125,0.0,10.474495347310453
471.0,0.5201699,0.0,0.1104034,0.0619469,0.9511677,0.0,0.8602941,0.0073529,0.0147059,0.0810811,0.0,0.9264706,0.2027027,0.2307692,1.0,10.545367754151743
624.0,0.4791667,0.0080128,0.1858974,0.1107692,0.7307692,0.1650641,0.7028302,0.0,0.009434,0.1686275,0.009434,0.990566,0.2470588,0.1515152,1.0,9.867912187022208
587.0,0.5144804,0.0,0.0851789,0.0421053,0.9608177,0.0,0.852349,0.0,0.0067114,0.1813187,0.0,0.9798658,0.1648352,0.4,0.4444444,10.440010162389305
170.0,0.4941176,0.0,0.0882353,0.0581395,0.9411765,0.0,0.8421053,0.0,0.0175439,0.0338983,0.0,0.9824561,0.1016949,0.0,0.0,10.094149233605084
54.0,0.462963,0.0,0.3518519,0.2413793,0.8888889,0.0,0.75,0.0,0.0,0.04,0.0,1.0,0.12,0.0,0.0,9.65509029374725
144.0,0.4583333,0.0,0.2361111,0.1923077,0.8541667,0.0,0.65,0.0,0.0,0.2771084,0.0,1.0,0.4096386,0.125,0.0,9.615805480084347
5450.0,0.4884404,0.1297248,0.0504587,0.0473458,0.8985321,0.0,0.7783325,0.0029955,0.0454319,0.0696702,0.1223165,0.9905142,0.3167673,0.0674157,0.2307692,10.883710371704016
1159.0,0.4797239,0.0198447,0.1570319,0.1227197,0.8809318,0.0,0.7357631,0.0068337,0.0364465,0.0497835,0.0182232,0.9840547,0.1991342,0.0909091,0.5714286,11.340962076644454
599.0,0.4607679,0.0,0.2671119,0.2260062,0.8163606,0.0,0.6119403,0.0074627,0.0149254,0.0629371,0.0,1.0,0.2027972,0.1,0.5,9.615805480084347
69.0,0.4927536,0.0,0.2318841,0.1714286,0.884058,0.0,0.68,0.0,0.0,0.3902439,0.0,1.0,0.3170732,0.25,0.0,9.615805480084347
147.0,0.5102041,0.0,0.1428571,0.1805556,0.8979592,0.0,0.7368421,0.0,0.0,0.0338983,0.0,0.9824561,0.3389831,0.1428571,1.0,10.181157167204903
318.0,0.4937107,0.0125786,0.1509434,0.1118012,0.9308176,0.0,0.8,0.0,0.0,0.0434783,0.0,1.0,0.1391304,0.0769231,0.0,9.717218213494077
1732.0,0.4855658,0.0023095,0.147806,0.0729517,0.8874134,0.0,0.7698413,0.0111111,0.0507937,0.0666667,0.0015873,0.9428571,0.32,0.2074074,0.7142857,11.358619773129229
4272.0,0.4700375,0.0133427,0.1535581,0.0971731,0.9164326,0.0337079,0.8763716,0.0021946,0.0219459,0.0200717,0.0117045,0.9722019,0.0752688,0.1209677,0.3333333,12.405337353054348
1091.0,0.4931256,0.0009166,0.1686526,0.1084991,0.8964253,0.0549954,0.84375,0.0,0.009375,0.0153846,0.0,0.996875,0.1230769,0.2,0.0,10.742918838113225
215.0,0.5534884,0.0,0.1953488,0.0833333,0.8511628,0.0,0.6590909,0.0113636,0.0227273,0.2666667,0.0,0.625,0.5,0.1904762,1.0,9.615805480084347
792.0,0.4760101,0.0063131,0.1590909,0.1566265,0.8560606,0.0164141,0.7012987,0.0064935,0.0194805,0.1958225,0.0032468,0.5551948,0.4177546,0.109375,0.4545455,10.203629181337648
4570.0,0.454267,0.1704595,0.1853392,0.180834,0.8536105,0.0131291,0.6925966,0.0032189,0.0150215,0.0547667,0.1545064,0.9983906,0.2910751,0.085209,0.6875,10.463131911491967
96.0,0.46875,0.0,0.0520833,0.0196078,0.8541667,0.0,0.6388889,0.0,0.0277778,0.28,0.0,1.0,0.94,0.0,0.0,9.615805480084347
605.0,0.4842975,0.0033058,0.1024793,0.1089744,0.8727273,0.0,0.7035398,0.0,0.0442478,0.162963,0.0,1.0,0.3074074,0.0985915,1.0,10.098272780745283
178.0,0.494382,0.0,0.1179775,0.0777778,0.9157303,0.0,0.7868852,0.0163934,0.0163934,0.0615385,0.0,1.0,0.2,0.1666667,0.0,9.918425424900335
64.0,0.53125,0.0,0.0625,0.0666667,0.9375,0.0,0.8181818,0.0,0.0,0.0833333,0.0,1.0,0.4583333,0.0,0.0,9.615805480084347
7712.0,0.473418,0.0571836,0.1313537,0.1061315,0.8674793,0.0125778,0.7198497,0.0047831,0.0276734,0.0462691,0.0526136,0.9952169,0.2896709,0.0771208,0.5333333,10.764286715905591
95.0,0.5263158,0.0,0.1894737,0.1111111,0.8947368,0.0,0.7435897,0.0,0.0,0.0714286,0.0,1.0,0.3333333,0.0,0.0,9.913487387114461
80505.0,0.4787156,0.0229551,0.1468604,0.1109231,0.821154,0.0335507,0.6812188,0.004756,0.0478221,0.0524909,0.0188599,0.9775977,0.3304845,0.0839717,0.4874214,10.288783966353765
777.0,0.4517375,0.0,0.1428571,0.1525822,0.8944659,0.0,0.7359736,0.0066007,0.0066007,0.0955224,0.0,1.0,0.3402985,0.0777778,0.5,10.278527816830314
757.0,0.4808454,0.005284,0.1690885,0.1424936,0.8295905,0.0,0.6392405,0.0063291,0.0411392,0.0813953,0.0031646,0.9968354,0.372093,0.015625,0.5,11.662215780913316
9190.0,0.4591948,0.0088139,0.2457018,0.1249497,0.8258977,0.0282916,0.7083333,0.0005411,0.053842,0.2970711,0.0067641,0.9908009,0.1603271,0.0691906,0.4299065,11.824087219587643
85571.0,0.4897921,0.0224375,0.1620993,0.1156692,0.6992439,0.0308749,0.5358099,0.0049785,0.1406195,0.0518412,0.0210493,0.8020263,0.5700878,0.0999245,0.2307692,12.496878583628968
33.0,0.3939394,0.0,0.0,0.0,1.0,0.0,1.0,0.0,0.0,0.2727273,0.0,1.0,0.3636364,0.0,1.0,10.643064971973882
4382.0,0.4890461,0.4329073,0.1750342,0.1268423,0.5166591,0.3895482,0.6728232,0.001759,0.0272647,0.0830645,0.3588391,0.9903254,0.2919355,0.0929705,0.7,10.138599199626192
986.0,0.4279919,0.0010142,0.321501,0.251773,0.7849899,0.0689655,0.6460396,0.0,0.0024752,0.1618257,0.0,1.0,0.3713693,0.0774648,0.8571429,9.615805480084347
1365.0,0.5318681,0.5736264,0.1413919,0.1596244,0.7252747,0.1494505,0.6503341,0.0022272,0.0244989,0.1247563,0.4855234,0.9955457,0.374269,0.1496063,0.7777778,9.615805480084347
2626.0,0.4546839,0.0392232,0.1923077,0.1843575,0.832064,0.0392232,0.6944444,0.0038314,0.0143678,0.1539708,0.0287356,0.9971264,0.2925446,0.1388889,0.7692308,10.308985993422082
1033.0,0.447241,0.5740561,0.1926428,0.1576182,0.8818974,0.0,0.6819407,0.0,0.0107817,0.0906863,0.4690027,0.9946092,0.2598039,0.1666667,0.1666667,10.239995502805316
626.0,0.5015974,0.0,0.1469649,0.1057692,0.8945687,0.0,0.7634855,0.0082988,0.0290456,0.0622568,0.0,0.9917012,0.2023346,0.1,0.375,10.025749432069084
7978.0,0.4676611,0.0026322,0.158561,0.1193784,0.8594886,0.0,0.6983627,0.0037783,0.043136,0.0721589,0.002204,0.9946474,0.3178498,0.0369181,0.6304348,11.383966460172834
5688.0,0.4600914,0.015647,0.2176512,0.1566265,0.7415612,0.0087904,0.5493223,0.0041416,0.0692771,0.1146667,0.0131777,0.9860693,0.5,0.0412225,0.8095238,11.793590475326612
3378.0,0.482238,0.0005921,0.0547661,0.0383076,0.9274719,0.0,0.8169137,0.0017437,0.0278989,0.0196581,0.0,0.9938971,0.2,0.0895062,0.3333333,10.87049040995193
2350.0,0.4697872,0.0297872,0.2008511,0.1284109,0.8561702,0.0034043,0.6987448,0.001046,0.039749,0.1180812,0.0282427,0.9874477,0.3671587,0.0557276,0.3548387,10.628641991731053
870.0,0.491954,0.0,0.2298851,0.10181,0.9022989,0.0011494,0.7774648,0.0,0.0140845,0.5862471,0.0,0.8338028,0.4522145,0.1290323,1.0,10.344995251991222
2986.0,0.46785,0.0006698,0.2123242,0.1611076,0.7993972,0.0298058,0.6397362,0.0065952,0.0379225,0.0545596,0.0,0.9934048,0.3741231,0.0714286,0.6470588,10.442929787247998
4095.0,0.4962149,0.0043956,0.0319902,0.0213282,0.9628816,0.0,0.9060816,0.0023095,0.0177059,0.0392012,0.0038491,0.9753657,0.0221893,0.1643836,0.2368421,11.88242482344573
2374.0,0.4911542,0.0016849,0.3989048,0.1597682,0.8188711,0.0,0.6866319,0.0008681,0.0529514,0.2629559,0.0,0.9965278,0.512476,0.0639269,0.2121212,10.84546552414626
487.0,0.4702259,0.0,0.1827515,0.1550388,0.8809035,0.0,0.7105263,0.0052632,0.0105263,0.0452261,0.0,0.9947368,0.2261307,0.1153846,0.0,10.102379394048045
9124.0,0.4778606,0.0009864,0.1148619,0.093199,0.8776852,0.0100833,0.7439528,0.0023599,0.0412979,0.0333618,0.00059,0.9840708,0.2848589,0.0515021,0.3529412,10.883710371704016
5014.0,0.4341843,0.017152,0.2840048,0.2125485,0.766055,0.0075788,0.5667368,0.0025263,0.0328421,0.0993553,0.0189474,0.9987368,0.4258627,0.0445736,0.7878788,9.942756341456828
104.0,0.5384615,0.0,0.1538462,0.125,0.8461538,0.0,0.6153846,0.0,0.025641,0.35,0.0,0.974359,0.3,0.0,0.0,9.615805480084347
1044.0,0.4760536,0.0009579,0.1139847,0.0840951,0.8850575,0.0478927,0.8356546,0.0,0.0278552,0.0244565,0.0,0.994429,0.1548913,0.0909091,0.6666667,11.119897691565697
212.0,0.4858491,0.0,0.2216981,0.0825688,0.8490566,0.0,0.6701031,0.0,0.0,0.0934579,0.0,0.9896907,0.2897196,0.1052632,0.0,9.65509029374725
139.0,0.4244604,0.0071942,0.2230216,0.1625,0.8561151,0.0,0.6774194,0.0,0.0,0.1842105,0.016129,1.0,0.1578947,0.0625,0.6666667,9.717218213494077
36291.0,0.4819377,0.5607451,0.0694938,0.0621244,0.9496018,0.0,0.8699746,0.0031691,0.0248099,0.0170879,0.5244477,0.9585295,0.0442328,0.34375,0.37,11.322986972837104
1236.0,0.5161812,0.0008091,0.0064725,0.0133779,0.9393204,0.0,0.832021,0.0052493,0.023622,0.2770398,0.0026247,0.9580052,0.256167,0.1630435,0.7142857,10.606609816118151
364.0,0.5027473,0.010989,0.1428571,0.0883978,0.8736264,0.0,0.744186,0.0155039,0.0697674,0.1513158,0.0077519,1.0,0.1973684,0.2333333,0.6,10.038935856711177
927.0,0.4746494,0.0064725,0.1963323,0.1806982,0.785329,0.0463862,0.6091371,0.0,0.0050761,0.0685579,0.0025381,0.9771574,0.3333333,0.0629371,0.5,10.434145214930487
2011.0,0.4778717,0.0109398,0.3649925,0.1914286,0.7926405,0.0,0.6147368,0.0052632,0.0473684,0.2519685,0.0126316,0.96,0.5692913,0.1209964,0.2941176,10.889323003601277
279.0,0.5089606,0.0,0.1039427,0.0364964,0.9605735,0.0,0.8837209,0.0,0.0116279,0.0114943,0.0,1.0,0.1149425,0.3076923,0.0,10.918736348043124
19587.0,0.4869046,0.1393782,0.0942462,0.0905473,0.9194874,0.0078113,0.8142125,0.0016117,0.0181685,0.0499722,0.1201465,0.9935531,0.1494989,0.1524548,0.4210526,10.778977123006351
86.0,0.4883721,0.0,0.2209302,0.1363636,0.8604651,0.0,0.6764706,0.0,0.0294118,0.1282051,0.0,1.0,0.2307692,0.0,1.0,9.615805480084347
955.0,0.4659686,0.0010471,0.113089,0.1098039,0.8544503,0.0240838,0.7220544,0.0060423,0.0513595,0.1005435,0.0,0.9909366,0.2608696,0.1304348,0.4,10.566201298475118
360.0,0.4305556,0.025,0.3166667,0.204878,0.8472222,0.0,0.6728395,0.0,0.0123457,0.1098901,0.0308642,0.9814815,0.2912088,0.0555556,1.0,9.615805480084347
1782.0,0.4646465,0.0,0.1582492,0.1572327,0.8529742,0.0179574,0.6991525,0.0028249,0.019774,0.0829016,0.0,0.9957627,0.3186528,0.0790514,0.625,10.003378135350923
7023.0,0.476577,0.0011391,0.1409654,0.1025571,0.79738,0.0642176,0.6891841,0.0056926,0.0390892,0.0882353,0.0011385,0.9821632,0.3619377,0.0857788,0.6818182,10.591647316585027
121.0,0.5123967,0.0,0.3553719,0.1864407,0.7190083,0.0,0.5,0.0,0.0,0.2527473,0.0,1.0,0.5274725,0.0526316,0.8333333,9.615805480084347
620.0,0.4951613,0.0032258,0.1048387,0.086262,0.9096774,0.0,0.7927928,0.009009,0.027027,0.0512821,0.0045045,0.9954955,0.1837607,0.1627907,0.0,10.305647203635566
6912.0,0.5396412,0.1471354,0.0021701,0.0037712,0.8728299,0.1171875,0.9675468,0.0,0.0055006,0.0204741,0.1512651,0.9350935,0.2209052,0.16247,0.0,11.063524143191238
8509.0,0.4907745,0.0806205,0.1029498,0.0796215,0.888236,0.0,0.7612626,0.0058229,0.0392277,0.0898187,0.0876494,0.9895801,0.2979079,0.0584416,0.6410256,11.177466714598282
56741.0,0.4983169,0.0152095,0.0711478,0.0562425,0.8704288,0.0034367,0.7437872,0.0056678,0.067868,0.039369,0.0129342,0.9242358,0.2746056,0.1036415,0.2246696,12.109567251742098
609.0,0.4844007,0.0,0.1510673,0.1273885,0.9195402,0.0,0.7991803,0.0,0.0,0.0542636,0.0,0.9959016,0.1744186,0.0789474,1.0,10.25769445336048
1047.0,0.4727794,0.7316141,0.2387775,0.1974638,0.8223496,0.0859599,0.7151703,0.003096,0.0092879,0.1432361,0.6749226,0.996904,0.331565,0.2061856,0.5,9.61587214452889
65.0,0.4461538,0.0,0.2153846,0.2222222,0.8,0.0,0.6129032,0.0,0.0322581,0.03125,0.0,1.0,0.5,0.0,0.0,10.268165387743457
305.0,0.4262295,0.5508197,0.2065574,0.1657143,0.8786885,0.0,0.7115385,0.0096154,0.0384615,0.1875,0.4711538,1.0,0.1328125,0.0588235,0.5,10.268165387743457
7462.0,0.478156,0.0014741,0.1373626,0.1124807,0.8666577,0.0046904,0.7144333,0.0031002,0.0361695,0.0320107,0.0020668,0.9689976,0.2804268,0.0390356,0.4,10.801634680173994
8930.0,0.4595745,0.4404255,0.1155655,0.1222545,0.8927212,0.0094065,0.7447631,0.003545,0.0206252,0.0594119,0.3838221,0.9938769,0.374659,0.1649899,0.4054054,10.422311107413181
107.0,0.5327103,0.046729,0.1495327,0.12,0.8504673,0.0,0.6734694,0.0,0.0,0.2222222,0.0816327,0.9795918,0.2698413,0.0714286,0.6666667,9.90353755128617
13116.0,0.5382739,0.0099116,0.0989631,0.0784346,0.6854224,0.0881366,0.5804534,0.0031587,0.097919,0.0760515,0.0052025,0.9698997,0.4439485,0.039258,0.4102564,11.261909563554315
322.0,0.4751553,0.0,0.1552795,0.1183432,0.9130435,0.0,0.7768595,0.0,0.0082645,0.0692308,0.0,1.0,0.3307692,0.2857143,0.0,9.717218213494077
1033.0,0.5033882,0.0048403,0.0464666,0.0292398,0.9051307,0.0,0.7902299,0.0114943,0.066092,0.0491803,0.0057471,0.9971264,0.2650273,0.1,0.0,10.55323128448846
46.0,0.4782609,0.0,0.2173913,0.125,0.8913043,0.0,0.75,0.0,0.0,0.2307692,0.0,1.0,0.3461538,0.0,1.0,9.6678285081515
1976.0,0.4873482,0.0146761,0.1462551,0.1056269,0.8537449,0.0172065,0.7012113,0.0040377,0.0376851,0.0547074,0.0148048,0.9959623,0.2328244,0.0869565,0.4166667,10.566201298475118
255.0,0.5294118,0.0,0.2235294,0.125,0.8627451,0.0,0.7264151,0.0188679,0.0377358,0.2933333,0.0,1.0,0.32,0.0526316,0.8888889,9.615805480084347
246.0,0.4715447,0.0,0.1544715,0.1076923,0.8780488,0.0,0.7244898,0.0,0.0204082,0.0666667,0.0,1.0,0.352381,0.1428571,0.0,9.933094897288786
61492.0,0.480095,0.0290119,0.2147759,0.126431,0.7860047,0.030752,0.6515952,0.0021295,0.0655588,0.2041582,0.0200783,0.9574856,0.3586841,0.0411143,0.3464567,11.686046493072437
2686.0,0.4497394,0.0688757,0.1928518,0.2009472,0.820551,0.0189873,0.6370757,0.0008703,0.0121845,0.1002349,0.0635335,0.997389,0.4714174,0.0512821,0.5555556,10.261196961231647
57734.0,0.4924308,0.040652,0.0257734,0.0284944,0.9171199,0.0001732,0.8351624,0.0024024,0.0608245,0.0264193,0.03822,0.9649468,0.0735169,0.161036,0.2296651,11.9873007744816
1991.0,0.4751381,0.0005023,0.1541939,0.0870813,0.9020593,0.0,0.7874837,0.0039113,0.0312907,0.0204342,0.0,0.9947849,0.1123883,0.0547945,1.0,10.922352923113982
658.0,0.5045593,0.0,0.1534954,0.107362,0.8647416,0.0,0.7022901,0.0,0.0381679,0.3530864,0.0,0.9770992,0.2246914,0.1242604,0.3333333,10.454523783963511
107.0,0.5233645,0.0,0.2429907,0.2352941,0.8411215,0.0,0.6666667,0.0,0.0,0.1052632,0.0,1.0,0.2631579,0.0,1.0,9.615805480084347
7285.0,0.5121482,0.0038435,0.0848318,0.0379854,0.9062457,0.0,0.8036739,0.0042097,0.0493685,0.0624327,0.0030616,0.9946422,0.1108719,0.0912863,0.4545455,11.52683823202353
588.0,0.5017007,0.0289116,0.2091837,0.1467577,0.8741497,0.0,0.7041667,0.0,0.0125,0.1808874,0.0333333,0.8958333,0.2969283,0.122807,0.6,9.661479683575521
3185.0,0.4533752,0.0540031,0.28854,0.2119472,0.8050235,0.0204082,0.6327961,0.0014015,0.01822,0.1480597,0.0406447,0.950946,0.3791045,0.0717391,0.6851852,9.792611856190192
3250.0,0.5590769,0.0067692,0.1529231,0.1339846,0.684,0.1963077,0.6891892,0.003861,0.0550193,0.3290155,0.0057915,0.9980695,0.3490933,0.0541516,0.4117647,11.568369632551514
18548.0,0.4882467,0.0336964,0.1015743,0.0658449,0.9339012,0.0011322,0.834411,0.0017347,0.0214477,0.039388,0.0301214,0.9966882,0.0986214,0.0355161,0.1805556,11.588969419043872
89.0,0.4606742,0.0,0.1797753,0.1666667,0.9213483,0.0,0.8108108,0.0,0.0,0.1956522,0.0,1.0,0.2173913,0.3333333,0.0,9.615805480084347
1770.0,0.4864407,0.0090395,0.1242938,0.10011,0.7819209,0.0,0.6163265,0.0013605,0.107483,0.0925926,0.0108844,0.9755102,0.2814815,0.04,0.6,11.863589378812122
2195.0,0.4601367,0.0022779,0.1567198,0.1350211,0.8291572,0.0063781,0.649162,0.0044693,0.0435754,0.3375278,0.0022346,0.9932961,0.3989637,0.0618893,0.55,11.052491896264268
8336.0,0.5026392,0.1276392,0.1420345,0.1140859,0.8422505,0.0067179,0.6711683,0.0047111,0.0515075,0.1283876,0.1089824,0.9079774,0.4768683,0.1220339,0.4545455,9.957075711706057
5078.0,0.4489957,0.3310358,0.1732966,0.1847748,0.8146908,0.0291453,0.653513,0.0033686,0.0274302,0.0913861,0.2916266,0.9956689,0.3489287,0.082131,0.5,10.606609816118151
548.0,0.4616788,0.8138686,0.1167883,0.1322034,0.8850365,0.0,0.6988636,0.0113636,0.0397727,0.0486486,0.7443182,1.0,0.3621622,0.3114754,0.0,9.615805480084347
1099.0,0.4795268,0.0,0.1974522,0.1451049,0.867152,0.0,0.6863636,0.0022727,0.0159091,0.049676,0.0,0.9977273,0.2116631,0.0555556,0.6,9.908524844053396
356.0,0.4578652,0.497191,0.1516854,0.1243523,0.8764045,0.0,0.6917293,0.0,0.0225564,0.2356322,0.4586466,0.9924812,0.3448276,0.12,0.0,10.192456296870509
367.0,0.4822888,0.0,0.1089918,0.0368421,0.893733,0.0,0.7625899,0.0071942,0.0359712,0.0671141,0.0,1.0,0.3221477,0.0652174,1.0,10.673618922112436
6413.0,0.4729456,0.0877904,0.1367535,0.0934911,0.8796195,0.0,0.7446809,0.0026053,0.0586192,0.0266272,0.0820669,0.9717759,0.271344,0.0643564,0.1764706,12.351475171599722
12602.0,0.4761943,0.0109506,0.1694176,0.1002878,0.8629583,0.0,0.7095146,0.0023301,0.0378641,0.0415038,0.0106796,0.9939806,0.2034245,0.0378501,0.4545455,11.223922520551032
326.0,0.5092025,0.0,0.2239264,0.20625,0.8466258,0.0,0.6376812,0.0,0.0,0.1210191,0.0,1.0,0.2547771,0.09375,1.0,9.692828247710418
354.0,0.519774,0.0084746,0.0734463,0.0588235,0.7909605,0.0,0.6012658,0.0063291,0.0632911,0.0538922,0.0063291,1.0,0.3113772,0.0384615,1.0,10.691967639914864
117.0,0.4529915,0.9145299,0.0769231,0.0625,0.9059829,0.0,0.8055556,0.0277778,0.0833333,0.2941176,0.8888889,1.0,0.1372549,0.0,1.0,10.451637862362272
1294.0,0.4984544,0.0270479,0.1483771,0.1093991,0.8477589,0.0069552,0.7010753,0.0021505,0.0709677,0.0529532,0.0150538,0.9892473,0.1690428,0.1363636,0.6,11.178864319331653
3443.0,0.4821377,0.0005809,0.1260529,0.1172182,0.8600058,0.0203311,0.7197092,0.003231,0.042811,0.0930403,0.0,0.9426494,0.3347985,0.1105651,0.4444444,10.36410350510914
6900.0,0.5131884,0.1153623,0.0631884,0.0372135,0.1492754,0.7171014,0.3848485,0.0010101,0.1989899,0.0284593,0.0434343,0.9878788,0.5348381,0.022187,0.6,12.246259238225438
1709.0,0.4880047,0.004096,0.1691047,0.1165714,0.8338209,0.0,0.6458037,0.0042674,0.0440967,0.05,0.0042674,0.9061166,0.4189189,0.0796813,0.3333333,10.63106031411106
1398.0,0.4964235,0.0007153,0.0915594,0.0639205,0.8948498,0.0,0.7674897,0.0041152,0.0534979,0.0337972,0.0,0.9938272,0.2147117,0.0540541,0.0,10.774801838762809
2447.0,0.4527993,0.0281978,0.2039232,0.1919343,0.8467511,0.0,0.6544046,0.0029042,0.0106486,0.0643116,0.0203291,1.0,0.3994565,0.0765172,0.6666667,9.966509298952284
245.0,0.4612245,0.0,0.2081633,0.1363636,0.8693878,0.0,0.7087379,0.0,0.0194175,0.219697,0.0,1.0,0.1893939,0.0384615,0.0,10.566201298475118
21155.0,0.4564406,0.1017726,0.1129284,0.0950517,0.5742378,0.2362089,0.5877376,0.0026356,0.1055625,0.0838734,0.0969621,0.996116,0.4906596,0.0462146,0.3958333,10.515993929932415
82.0,0.4634146,0.0,0.304878,0.1590909,0.8170732,0.0,0.6410256,0.0,0.025641,0.3809524,0.0,1.0,0.3650794,0.1111111,1.0,9.615805480084347
1311.0,0.4599542,0.0007628,0.2654462,0.2259887,0.8047292,0.0411899,0.6424581,0.0,0.0167598,0.105,0.0018622,1.0,0.2833333,0.0629371,0.5,9.928228944424575
4098.0,0.4504636,0.215959,0.2257199,0.2069272,0.7864812,0.068326,0.6745027,0.0036166,0.0259192,0.0410405,0.177818,0.9969861,0.3393064,0.0444079,0.7142857,10.425282789490705
664.0,0.4849398,0.001506,0.0828313,0.0906433,0.9051205,0.0,0.7511521,0.0,0.0414747,0.0958333,0.0046083,0.9815668,0.5291667,0.2538462,0.5,10.440010162389305
267.0,0.505618,0.0074906,0.1722846,0.1212121,0.8314607,0.0,0.6545455,0.0090909,0.0363636,0.1056911,0.0,0.9909091,0.3414634,0.1578947,0.0,9.923339198238729
52721.0,0.4828626,0.1805922,0.0891865,0.0838468,0.8584056,0.0345783,0.7440101,0.0041509,0.0317886,0.1275728,0.1515868,0.9782997,0.3596149,0.1134122,0.5848214,10.6782377612977
258.0,0.3953488,0.6124031,0.1937984,0.2051282,0.8604651,0.0,0.6170213,0.0,0.0,0.1531532,0.5425532,1.0,0.2072072,0.3157895,1.0,9.615805480084347
3089.0,0.7102622,0.0203949,0.0080932,0.0234637,0.3308514,0.5224992,0.52,0.0069565,0.1895652,0.1568915,0.0069565,0.9669565,0.7184751,0.0749415,0.0,10.795506083434564
5383.0,0.4683262,0.0421698,0.1974735,0.1477987,0.6633847,0.0,0.4658678,0.0039942,0.1092956,0.1902382,0.0388526,0.7022513,0.8447515,0.0341709,0.4,11.51493344762302
4109.0,0.4972013,0.0004867,0.0907763,0.0648596,0.8622536,0.0,0.7099483,0.0096899,0.0581395,0.053211,0.0,0.9883721,0.4079511,0.1425339,0.4117647,10.732061203925053
1194.0,0.4865997,0.001675,0.0887772,0.0897227,0.9036851,0.0,0.7716895,0.0068493,0.0228311,0.0600858,0.0022831,0.9931507,0.1845494,0.0632911,0.6666667,10.721084386282662
7216.0,0.468265,0.0013858,0.1647727,0.1316132,0.8414634,0.029102,0.7039618,0.0073368,0.0330154,0.0731044,0.0003668,0.9981658,0.2594356,0.1001001,0.6585366,10.354595018522993
1400.0,0.505,0.0057143,0.0735714,0.0649351,0.8742857,0.0192857,0.7687627,0.010142,0.0567951,0.0464217,0.0040568,0.9979716,0.2321083,0.0567376,0.1428571,11.104972264124868
2245.0,0.4681514,0.0360802,0.1594655,0.159129,0.8530067,0.0285078,0.7232779,0.0083135,0.0308789,0.0654828,0.0332542,0.9964371,0.3862375,0.1179487,0.3636364,10.114599007626499
21215.0,0.5060099,0.009333,0.0665567,0.051145,0.900165,0.0099458,0.7948034,0.0033708,0.0439607,0.0374476,0.0087079,0.9057584,0.2188725,0.1160338,0.5416667,11.44999631476691
1407.0,0.4491827,0.0,0.2331201,0.1793548,0.8251599,0.0334044,0.6678383,0.0035149,0.0105448,0.088141,0.0,0.9964851,0.2612179,0.078125,1.0,9.735128070758227
162.0,0.5,0.0,0.1419753,0.1234568,0.9197531,0.0,0.7758621,0.0,0.0,0.09375,0.0,1.0,0.25,0.1538462,1.0,9.928228944424575
409.0,0.4547677,0.0268949,0.193154,0.1793722,0.8533007,0.0,0.6646707,0.0,0.0239521,0.1479592,0.0179641,1.0,0.2193878,0.0892857,0.3333333,10.9525769086256
25178.0,0.4845897,0.0100485,0.184129,0.1235262,0.7966876,0.0501231,0.6680369,0.0044115,0.0414077,0.0617121,0.0086224,0.9923802,0.3037629,0.0606827,0.6688742,10.292179440058462
1110.0,0.4900901,0.0027027,0.1135135,0.0848057,0.9144144,0.0153153,0.8225806,0.0026882,0.0188172,0.0337662,0.0,0.9865591,0.1792208,0.03125,0.75,11.455306945297822
399.0,0.4862155,0.0025063,0.2756892,0.1414634,0.8421053,0.0200501,0.7126437,0.0057471,0.0229885,0.2232143,0.0,0.9942529,0.2455357,0.106383,0.7777778,9.862717639992917
29.0,0.4827586,0.0,0.1034483,0.0666667,0.9655172,0.0,0.9,0.0,0.0,0.2857143,0.0,1.0,0.3571429,0.5,1.0,9.615805480084347
191.0,0.4031414,0.5235602,0.2041885,0.1842105,0.8376963,0.0,0.6455696,0.0126582,0.0253165,0.1318681,0.5443038,1.0,0.3076923,0.0909091,1.0,9.770013301136158
310.0,0.5129032,0.0129032,0.1645161,0.0927152,0.8483871,0.0,0.6774194,0.0080645,0.0322581,0.2439024,0.0,0.9677419,0.2439024,0.1,1.0,9.923339198238729
3378.0,0.5571344,0.1625222,0.1187093,0.1316845,0.7042629,0.1465364,0.6447811,0.0092593,0.0505051,0.0938215,0.0824916,0.9907407,0.5080092,0.0979021,0.25,10.158168529848494
869.0,0.4798619,0.0069045,0.1139241,0.0995575,0.8860759,0.0,0.7366771,0.0094044,0.0344828,0.0726744,0.0094044,0.9937304,0.2587209,0.1034483,0.75,10.70101727068921
95.0,0.4526316,0.2,0.2736842,0.2115385,0.6421053,0.1157895,0.5319149,0.0212766,0.0212766,0.7661692,0.1702128,0.9787234,0.7761194,0.0,1.0,9.746892220313054
88.0,0.4318182,0.375,0.125,0.18,0.9090909,0.0,0.7241379,0.0,0.0,0.0645161,0.2413793,0.9655172,0.1290323,0.3333333,0.0,9.803722464346553
30923.0,0.4915435,0.055428,0.046632,0.0463016,0.8913107,0.0105747,0.7716692,0.0057721,0.0469341,0.0966749,0.0548827,0.8532362,0.3054962,0.1191944,0.4557292,10.92415631759022
1552.0,0.4542526,0.0,0.2847938,0.1971665,0.8118557,0.0386598,0.6697389,0.0,0.0261137,0.0907821,0.0,1.0,0.2067039,0.1086957,0.4230769,9.980494888896912
39729.0,0.485464,0.0329482,0.084724,0.0688778,0.8508143,0.0164364,0.7168553,0.0032703,0.0539604,0.0609299,0.0331611,0.9938518,0.271912,0.0381264,0.1538462,11.157692338256169
2664.0,0.4864865,0.0018769,0.1497748,0.1089181,0.841967,0.0247748,0.7099081,0.0081716,0.0561798,0.02002,0.0010215,0.9938713,0.3163163,0.0600601,0.5,10.987003123724813
76210.0,0.4782443,0.05599,0.1233959,0.1037397,0.6727726,0.0290644,0.5286784,0.001913,0.1701903,0.0461524,0.0451202,0.9550447,0.4353804,0.0717939,0.5254237,11.816734299348461
1620.0,0.4833333,0.0,0.1808642,0.130227,0.9080247,0.0098765,0.7996689,0.0016556,0.0149007,0.0532915,0.0,1.0,0.2225705,0.2315789,0.5,10.502351525774941
1091.0,0.4821265,0.0018332,0.1191567,0.0938053,0.888176,0.0,0.7542169,0.0048193,0.0433735,0.2314815,0.0024096,1.0,0.2833333,0.0714286,0.8333333,10.545367754151743
22109.0,0.4656475,0.6311909,0.0909584,0.0837142,0.8754806,0.0122575,0.7235817,0.0068353,0.0475735,0.0829886,0.5822283,0.874231,0.5000627,0.1477545,0.34375,11.05407540279458
953.0,0.475341,0.0,0.2570829,0.236,0.8258132,0.0,0.6148325,0.0,0.0119617,0.1291667,0.0,1.0,0.0854167,0.0535714,0.0,9.615805480084347
341.0,0.4809384,0.0,0.2521994,0.1751412,0.8357771,0.0,0.6530612,0.0068027,0.0068027,0.1878453,0.0,1.0,0.3370166,0.1034483,0.8888889,9.615805480084347
6515.0,0.4521873,0.4535687,0.1059094,0.0997478,0.9005372,0.0015349,0.7556719,0.0026178,0.0283595,0.114374,0.3848168,0.9917103,0.4246522,0.1642764,0.6764706,10.281958234245314
1419.0,0.5003524,0.3509514,0.1247357,0.1015515,0.9154334,0.0,0.7797619,0.0,0.0178571,0.080292,0.3253968,0.9742063,0.3832117,0.2121212,0.8333333,9.852246888342531
8363.0,0.3576468,0.0011957,0.9172546,0.5027923,0.5648691,0.0,0.3974796,0.0,0.0168597,0.2294974,0.0005109,0.9923365,0.8917465,0.0,0.4294479,10.229223792606835
685.0,0.4583942,0.0,0.140146,0.1105121,0.880292,0.0,0.7234848,0.0037879,0.0265152,0.1170569,0.0,0.9924242,0.3110368,0.0875,1.0,10.16203685698089
802.0,0.4800499,0.0024938,0.0835411,0.0695444,0.9177057,0.0,0.7890909,0.0036364,0.0218182,0.1242038,0.0036364,1.0,0.3343949,0.0512821,0.8333333,10.389026137075234
932.0,0.4506438,0.0,0.2253219,0.1777344,0.7961373,0.0536481,0.6595745,0.0026596,0.0239362,0.1569507,0.0,0.8909574,0.5067265,0.068323,0.6666667,10.505094936455558
7593.0,0.498222,0.002634,0.0057948,0.007874,0.9760306,0.0,0.9281594,0.0041951,0.0167803,0.0305033,0.0020975,0.9391715,0.1992883,0.3472222,0.4722222,10.851296331126829
204.0,0.4166667,0.5147059,0.1960784,0.2352941,0.8627451,0.0,0.65,0.0,0.0,0.223301,0.45,1.0,0.2912621,0.05,1.0,9.615805480084347
1738.0,0.4608746,0.3590334,0.1513234,0.1408751,0.8941312,0.0,0.7361963,0.0030675,0.0107362,0.079096,0.3113497,0.9984663,0.3629944,0.1196581,0.7333333,9.989711119284745
393.0,0.4071247,0.697201,0.1755725,0.1888412,0.9007634,0.0,0.7194245,0.0,0.0,0.0544218,0.6258993,0.9856115,0.3605442,0.2439024,1.0,9.615805480084347
1269.0,0.4869976,0.0,0.1118991,0.0860215,0.9172577,0.0,0.7960954,0.0043384,0.0130152,0.0889328,0.0,1.0,0.3656126,0.1478873,0.3333333,10.285376924115587
38.0,0.4473684,0.7105263,0.1842105,0.1904762,0.9210526,0.0,0.7857143,0.0,0.0,0.6111111,0.7142857,1.0,0.5277778,0.0,0.0,10.628641991731053
921.0,0.4831705,0.0010858,0.1530945,0.1365546,0.8925081,0.0,0.734104,0.0,0.0144509,0.1560976,0.0,0.9913295,0.3487805,0.1833333,0.5,9.615805480084347
9625.0,0.4485195,0.0070649,0.1915844,0.1537302,0.7935584,0.0206753,0.6105888,0.003711,0.0423058,0.0971633,0.004948,0.9933201,0.2555283,0.0745413,0.7258065,9.923339198238729
1125.0,0.4568889,0.0053333,0.2151111,0.1456628,0.8391111,0.0,0.6666667,0.0043573,0.0457516,0.0689655,0.0021786,0.9956427,0.2494929,0.0714286,0.8,10.335302435967074
1976.0,0.4848178,0.0055668,0.1184211,0.0903733,0.8825911,0.0,0.7425068,0.0040872,0.0422343,0.1354535,0.0027248,0.993188,0.2697291,0.0540541,0.5294118,11.929666757272708
1140.0,0.4824561,0.0026316,0.1078947,0.0762712,0.9166667,0.0,0.7971014,0.0072464,0.0193237,0.0258824,0.0,1.0,0.2423529,0.0661157,0.0,10.67130147767883
6746.0,0.4914023,0.0108212,0.132523,0.0556689,0.9653128,0.0016306,0.9130049,0.0004439,0.0115402,0.023407,0.0039947,0.9884598,0.012137,0.1666667,0.2857143,12.849506861271108
7701.0,0.4577328,0.0016881,0.4492923,0.1939655,0.838073,0.0,0.7008917,0.0016212,0.0324237,0.0940024,0.0008106,0.9945961,0.2352509,0.0468165,0.3559322,11.080618310893968
10019.0,0.4463519,0.5348837,0.1518116,0.1440418,0.8674518,0.0137738,0.7106544,0.0024337,0.0248783,0.0389813,0.4824229,0.9932396,0.3329002,0.1137602,0.5128205,10.404293143019792
25549.0,0.4798231,0.0054797,0.1529218,0.113845,0.8873146,0.007515,0.7533922,0.0014,0.0345682,0.0253988,0.0055998,0.9917079,0.2198783,0.0459826,0.3896104,11.874097282798648
47866.0,0.4831195,0.0044499,0.1493336,0.1073926,0.8802699,0.0218109,0.7600736,0.0012646,0.0237972,0.0236278,0.0024717,0.995459,0.1804355,0.0406351,0.2857143,11.05881093278828
2797.0,0.435109,0.4923132,0.1694673,0.1791139,0.8594923,0.0232392,0.6984127,0.0009921,0.0198413,0.0794521,0.421627,0.9990079,0.3178082,0.1470588,0.6666667,9.957075711706057
7431.0,0.4615799,0.8468578,0.0713228,0.0727318,0.9200646,0.0,0.7652134,0.0036331,0.0286104,0.1520986,0.7597639,0.9886467,0.4620716,0.3031459,0.6551724,9.615805480084347
30685.0,0.4656999,0.2437347,0.122568,0.1126563,0.852045,0.0250937,0.7108073,0.0020504,0.0277659,0.0510742,0.2175993,0.9952157,0.3058776,0.0910887,0.5,10.729875458480967
349.0,0.4756447,0.0,0.1776504,0.1256831,0.8624642,0.0,0.6595745,0.0,0.0,0.0784314,0.0,1.0,0.248366,0.1176471,0.0,9.787009914477434
6910.0,0.4626628,0.1646889,0.2279305,0.153784,0.8287988,0.0283647,0.6894454,0.0025045,0.0357782,0.083306,0.1280859,0.9864043,0.3771728,0.0863309,0.3846154,10.881832472145556
232.0,0.5086207,0.0,0.1508621,0.1052632,0.8836207,0.0,0.7444444,0.0111111,0.0333333,0.0721649,0.0,1.0,0.2164948,0.4444444,0.0,9.615805480084347
3010.0,0.49701,0.013289,0.1179402,0.0568032,0.9348837,0.0,0.8572864,0.0100503,0.0331658,0.0692236,0.0150754,0.8603015,0.1889616,0.2992701,0.2692308,11.711784520403112
3096.0,0.4796512,0.0129199,0.1476098,0.0931099,0.9198966,0.0074289,0.8161025,0.0009149,0.0182983,0.0284444,0.0128088,0.989936,0.0515556,0.0921053,0.4444444,12.005185815601541
712.0,0.4536517,0.4873596,0.133427,0.1131105,0.9044944,0.0280899,0.8035714,0.0,0.0178571,0.1672862,0.4553571,0.9776786,0.3866171,0.2537313,0.6666667,9.814710982145282
7744.0,0.4925103,0.0071023,0.1590909,0.0882952,0.8424587,0.0402893,0.7406737,0.005795,0.0485331,0.0498968,0.0032597,0.9369794,0.2969718,0.1425891,0.0869565,12.238544675927017
3027.0,0.4697721,0.0029732,0.1658408,0.1152648,0.83482,0.0373307,0.7213389,0.0016736,0.0410042,0.1283735,0.0016736,0.9949791,0.3617797,0.0747423,0.375,10.811766273800105
1148.0,0.488676,0.0,0.1332753,0.1158433,0.8614983,0.0087108,0.7215777,0.0092807,0.0487239,0.0731183,0.0,0.9976798,0.2365591,0.0363636,0.6,11.206413891581187
13553.0,0.4567254,0.1459455,0.1908065,0.1705826,0.8331735,0.0400649,0.6979478,0.0024254,0.0145522,0.0782459,0.1300373,0.9985075,0.2765262,0.0817972,0.5172414,10.510559281627845
2005.0,0.474813,0.0004988,0.1147132,0.1025641,0.8413965,0.0329177,0.7313218,0.0086207,0.0775862,0.0333333,0.0014368,0.9956897,0.3458333,0.0284553,0.0,11.230575816507569
2715.0,0.46814,0.0541436,0.0987109,0.0879501,0.9222836,0.0,0.8087045,0.0040486,0.0182186,0.0617284,0.0506073,0.9878543,0.1433998,0.1316872,0.2352941,10.62135173563291
2014.0,0.4761668,0.000993,0.1161867,0.0890995,0.857994,0.0,0.6867008,0.0076726,0.0383632,0.0440098,0.0,1.0,0.3325183,0.0666667,0.25,10.839600519357369
214.0,0.4766355,0.0,0.1495327,0.0178571,0.9626168,0.0,0.8730159,0.0,0.0,0.1,0.0,1.0,0.1714286,0.6,1.0,10.110542371500753
473.0,0.4693446,0.0021142,0.255814,0.1513944,0.8710359,0.0,0.7085427,0.0050251,0.0100503,0.2518797,0.0,0.9798995,0.2894737,0.1395349,0.8461538,9.615805480084347
194.0,0.5103093,0.0,0.1546392,0.0736842,0.9484536,0.0,0.8412698,0.0,0.0,0.16,0.0,0.7301587,0.2533333,0.2727273,0.0,10.566201298475118
2732.0,0.5614934,0.0669839,0.0424597,0.0292154,0.2404832,0.6189605,0.5291262,0.0,0.2305825,0.0699774,0.0121359,0.9951456,0.4085779,0.0853081,1.0,10.827766295132466
3233.0,0.4747912,0.04485,0.2768327,0.1254417,0.8802969,0.0,0.7477876,0.0036873,0.0272861,0.0628887,0.0442478,0.8075221,0.1886662,0.080402,0.5142857,11.03973275601109
549.0,0.4845173,0.0018215,0.1384335,0.1342756,0.8688525,0.0,0.6912442,0.0,0.0138249,0.1142857,0.0,1.0,0.4,0.1594203,1.0,10.05195066017375
120.0,0.5083333,0.0,0.175,0.2033898,0.8083333,0.0,0.6111111,0.0,0.037037,0.1428571,0.0,0.9814815,0.5238095,0.0526316,1.0,9.615805480084347
182.0,0.467033,0.0934066,0.2142857,0.1752577,0.8736264,0.0,0.7179487,0.0,0.0128205,0.1136364,0.0769231,0.9615385,0.3068182,0.0588235,0.0,9.841665338892785
799.0,0.4605757,0.0,0.1877347,0.1740139,0.8423029,0.0,0.6578171,0.0058997,0.0235988,0.1870504,0.0,0.9970501,0.177458,0.010989,1.0,10.110542371500753
610.0,0.5065574,0.0,0.1213115,0.0930233,0.9295082,0.0,0.8269231,0.0096154,0.0144231,0.0414747,0.0,1.0,0.1751152,0.2083333,0.0,10.518700218288165
2339.0,0.4788371,0.1462163,0.1534844,0.1255127,0.8696024,0.0,0.7163561,0.0031056,0.0258799,0.0529412,0.1376812,0.9927536,0.3215686,0.0572391,0.8,10.513280297700861
1260.0,0.4738095,0.0015873,0.1150794,0.0829563,0.884127,0.0,0.7438017,0.0,0.0413223,0.0300601,0.0020661,0.9979339,0.2665331,0.0841121,0.0,10.778977123006351
5452.0,0.4583639,0.0440205,0.6329787,0.1842194,0.881328,0.0,0.787234,0.0003488,0.0108127,0.0828535,0.0289501,0.9923265,0.1017274,0.047619,0.6229508,11.474195031610165
220.0,0.5045455,0.0,0.1272727,0.0917431,0.8590909,0.0,0.686747,0.0120482,0.060241,0.045977,0.0,1.0,0.2528736,0.0,0.0,10.254179634797001
2595.0,0.467052,0.7410405,0.1140655,0.1178597,0.8770713,0.0315992,0.7328244,0.0038168,0.0279898,0.0687204,0.673028,0.9936387,0.3957346,0.257485,0.0,9.711176264112805
268.0,0.4925373,0.0,0.0820896,0.0661765,0.9477612,0.0,0.8478261,0.0,0.0,0.0891089,0.0,1.0,0.1188119,0.1818182,0.5,10.419330568113901
119.0,0.487395,0.0,0.1764706,0.147541,0.8823529,0.0,0.7142857,0.0,0.0,0.0925926,0.0,1.0,0.3703704,0.1333333,0.5,9.65509029374725
112.0,0.5089286,0.0,0.0446429,0.1090909,0.9910714,0.0,0.9642857,0.0,0.0,0.0344828,0.0,1.0,0.6896552,0.3333333,0.0,9.615805480084347
700.0,0.5028571,0.0057143,0.1414286,0.112069,0.9114286,0.0,0.766129,0.0,0.016129,0.0197628,0.0,1.0,0.1976285,0.0769231,0.0,10.626217806887722
1199.0,0.4653878,0.0025021,0.4186822,0.1310452,0.8773978,0.0,0.765625,0.0,0.015625,0.1428571,0.0017361,0.9427083,0.1607143,0.0169492,0.25,11.291043617373028
3169.0,0.4629221,0.0208268,0.1763963,0.1709753,0.789208,0.0325024,0.6252856,0.0030465,0.0403656,0.0553957,0.0137091,0.9908606,0.4165468,0.0469012,0.2727273,10.499600568082863
3555.0,0.459353,0.0005626,0.2101266,0.1706556,0.8182841,0.030661,0.661497,0.0020229,0.0209036,0.078882,0.0006743,0.9986514,0.3037267,0.0635593,0.75,10.146472946063877
109.0,0.4770642,0.0,0.1009174,0.0701754,0.8348624,0.0,0.6511628,0.0232558,0.0232558,0.2037037,0.0,1.0,0.3703704,0.1111111,0.0,9.735128070758227
677.0,0.4948301,0.0029542,0.16839,0.0935673,0.9113737,0.0,0.8,0.0,0.0222222,0.0816327,0.0037037,1.0,0.3095238,0.0545455,1.0,10.2328272702548
6849.0,0.4615272,0.000876,0.2667543,0.1917028,0.7849321,0.0261352,0.6109626,0.0023396,0.0340909,0.1225806,0.0006684,0.9973262,0.2803519,0.0728643,0.8235294,9.615805480084347
7524.0,0.4957469,0.0265816,0.1419458,0.1201898,0.7995747,0.0426635,0.6619959,0.00581,0.0526316,0.1057457,0.0119617,0.9716336,0.4089242,0.0608,0.5121951,11.633380483255026
232.0,0.4741379,0.0,0.1465517,0.0819672,0.887931,0.0,0.7717391,0.0,0.0543478,0.3284672,0.0,1.0,0.5547445,0.04,1.0,10.207325906555994
470.0,0.4361702,0.112766,0.1723404,0.1660377,0.8851064,0.0,0.7472527,0.0054945,0.032967,0.0990099,0.0769231,1.0,0.2029703,0.0638298,0.3333333,10.623787731088578
389.0,0.4987147,0.0,0.1053985,0.0666667,0.8586118,0.0,0.6842105,0.0065789,0.0328947,0.24,0.0,0.9802632,0.28,0.1372549,0.6666667,10.090008612393838
10886.0,0.4869557,0.0467573,0.1028844,0.0907789,0.8888481,0.0159838,0.7541634,0.0029077,0.0206186,0.1241028,0.0539255,0.6082474,0.41931,0.1510379,0.5614035,10.401258331428318
1243.0,0.534996,0.006436,0.1222848,0.0882353,0.9308126,0.004827,0.8056266,0.0,0.0102302,0.1837161,0.0051151,0.3017903,0.4488518,0.1789474,0.8333333,9.87822102528824
535.0,0.4411215,0.0,0.3084112,0.277592,0.7570093,0.1327103,0.6878307,0.0,0.0,0.1524664,0.0,1.0,0.2331839,0.15,0.6,9.615805480084347
54.0,0.5185185,0.0,0.0740741,0.1923077,0.8888889,0.0,0.7,0.0,0.0,0.3939394,0.0,1.0,0.4242424,0.0,0.0,9.615805480084347
2143.0,0.4843677,0.0009333,0.4073728,0.1339367,0.8250117,0.0088661,0.692974,0.0028874,0.0317613,0.1958204,0.0009625,0.9884504,0.5232198,0.0621118,0.3214286,11.293537353157436
191.0,0.486911,0.0,0.3664921,0.2346939,0.8167539,0.0,0.6195652,0.0,0.0,0.2520325,0.0,1.0,0.3821138,0.0,1.0,9.615805480084347
2468.0,0.4558347,0.530389,0.1308752,0.1303053,0.8946515,0.0,0.7488688,0.0090498,0.0237557,0.0848861,0.4581448,0.9988688,0.2877847,0.1298701,0.4285714,10.214678610538817
12711.0,0.4805287,0.0788294,0.1608056,0.1275178,0.7431359,0.1084887,0.6536503,0.0061545,0.0392615,0.0871755,0.0617572,0.9944822,0.3060829,0.0902349,0.5057471,10.308985993422082
10130.0,0.4649556,0.0075025,0.1664363,0.1328413,0.8226061,0.0222113,0.6640586,0.0068147,0.0439172,0.0464501,0.0075719,0.9896517,0.3006017,0.0730263,0.3243243,10.322230781590136
21435.0,0.5242361,0.0459062,0.0569163,0.0421651,0.8618614,0.0728715,0.8096628,0.0040532,0.0282101,0.053407,0.0322633,0.9330415,0.3291897,0.1686401,0.527027,10.839600519357369
699.0,0.4949928,0.0,0.2088698,0.1558074,0.8683834,0.0,0.7054795,0.0,0.0171233,0.1042945,0.0,1.0,0.1564417,0.078125,0.8333333,10.025749432069084
196.0,0.4795918,0.0102041,0.0918367,0.0490196,0.877551,0.0,0.7468354,0.0,0.0506329,0.091954,0.0126582,0.9367089,0.4482759,0.0625,0.0,11.448930795918299
94.0,0.5531915,0.0,0.0212766,0.0238095,0.8404255,0.0638298,0.6896552,0.0,0.0,0.1470588,0.0,1.0,0.2941176,0.0,0.0,11.291043617373028
17773.0,0.490238,0.0315647,0.1314353,0.1073951,0.8062792,0.115456,0.7790283,0.0020634,0.0288876,0.0465033,0.0095667,0.9789908,0.2359149,0.0486111,0.5806452,11.9601785009348
167.0,0.491018,0.0,0.1796407,0.0823529,0.8922156,0.0,0.7647059,0.0,0.0294118,0.0555556,0.0,0.9852941,0.1666667,0.1666667,0.5,9.615805480084347
720.0,0.5263889,0.0291667,0.1236111,0.0967742,0.8736111,0.0222222,0.751938,0.0077519,0.0271318,0.1194539,0.0193798,0.9689922,0.3924915,0.1,0.6,10.064798252418377
633.0,0.4913112,0.0063191,0.1690363,0.1180124,0.849921,0.0,0.6653992,0.0038023,0.0190114,0.2911051,0.0038023,0.1596958,0.4097035,0.0704225,1.0,9.615805480084347
33.0,0.5151515,0.0,0.0606061,0.0625,0.9090909,0.0,0.7692308,0.0,0.0,0.2352941,0.0,1.0,0.8823529,0.0,0.0,9.615805480084347
1823.0,0.4821722,0.0,0.1541415,0.1101695,0.8458585,0.0,0.6725067,0.0053908,0.0404313,0.0571792,0.0,0.9973046,0.2998729,0.086758,0.7142857,10.465984899076615
1713.0,0.4728546,0.0,0.1360187,0.1273533,0.869819,0.0081728,0.7136294,0.0015314,0.0260337,0.1258367,0.0,0.9938744,0.3052209,0.09375,0.9166667,10.094149233605084
562.0,0.4501779,0.0,0.272242,0.2168285,0.7758007,0.069395,0.5845411,0.0,0.0048309,0.0921053,0.0,1.0,0.2149123,0.1842105,1.0,9.615805480084347
699.0,0.453505,0.0028612,0.204578,0.1832461,0.8240343,0.0,0.6333333,0.0033333,0.0266667,0.0909091,0.0,0.9966667,0.2636364,0.0384615,1.0,10.434145214930487
289.0,0.4740484,0.0,0.1868512,0.1973684,0.7889273,0.0,0.5793651,0.0079365,0.0555556,0.106383,0.0,1.0,0.4893617,0.0512821,1.0,9.781376414141157
258.0,0.4224806,0.0426357,0.255814,0.2348993,0.8062016,0.0,0.5882353,0.0,0.0084034,0.0703125,0.0252101,1.0,0.328125,0.0227273,0.0,10.056251557087757
12861.0,0.4494207,0.0040432,0.240339,0.1612767,0.821398,0.0439313,0.6920382,0.000584,0.0256959,0.0164656,0.004672,0.9861787,0.2406663,0.0169993,0.3157895,11.644839300053654
805.0,0.4459627,0.0,0.2869565,0.17713,0.8161491,0.0186335,0.6432584,0.002809,0.0140449,0.0506667,0.0,1.0,0.224,0.0240964,1.0,10.247112717290387
452.0,0.4424779,0.0,0.1393805,0.1150794,0.8938053,0.0,0.7294118,0.0,0.0117647,0.039548,0.0,1.0,0.2429379,0.0833333,0.5,9.809231816610408
529.0,0.4782609,0.0,0.1228733,0.076087,0.9111531,0.0,0.78125,0.0052083,0.015625,0.0588235,0.0,0.96875,0.0833333,0.1212121,1.0,10.576457535657255
35.0,0.5428571,0.1714286,0.0571429,0.0,0.9428571,0.0,0.8181818,0.0,0.0,0.0,0.1818182,1.0,0.0,0.0,0.0,11.979178318844294
469.0,0.5031983,0.0916844,0.1876333,0.1373391,0.8955224,0.0,0.7336957,0.0,0.0,0.08,0.0869565,1.0,0.24,0.2307692,0.75,10.261196961231647
623.0,0.4670947,0.0064205,0.2215088,0.1777108,0.8170144,0.0,0.618705,0.0035971,0.0215827,0.076412,0.0035971,1.0,0.3787375,0.0731707,1.0,10.094149233605084
3399.0,0.4518976,0.2062371,0.1977052,0.1658615,0.7975875,0.0511915,0.6666667,0.0036153,0.0318149,0.0865258,0.1930586,0.9956616,0.3335535,0.0478011,0.8,10.643064971973882
2278.0,0.4749781,0.0021949,0.166813,0.1362876,0.8621598,0.0039508,0.686584,0.0033822,0.0236753,0.0653319,0.0,0.9909808,0.3940991,0.0859873,0.7777778,10.606609816118151
288.0,0.46875,0.0,0.2604167,0.1111111,0.8819444,0.0,0.7301587,0.0,0.0,0.3403141,0.0,1.0,0.3769634,0.1304348,0.6,9.615805480084347
235.0,0.4340426,0.3617021,0.1531915,0.1428571,0.8297872,0.0,0.6185567,0.0,0.0206186,0.0761905,0.3298969,1.0,0.4571429,0.12,0.0,9.758519582283522
449.0,0.4320713,0.0356347,0.2538976,0.1803922,0.844098,0.0,0.6565657,0.0,0.010101,0.0958904,0.0353535,0.979798,0.2968037,0.0454545,1.0,9.615805480084347
298.0,0.5,0.0,0.1342282,0.0939597,0.8355705,0.0,0.6810345,0.0086207,0.0775862,0.1076923,0.0,0.9913793,0.3076923,0.037037,0.6666667,9.615805480084347
1013.0,0.4659427,0.207305,0.1806515,0.1312384,0.8805528,0.0,0.7320099,0.0,0.0223325,0.0606061,0.1861042,0.9975186,0.2820513,0.1111111,0.0,10.332050506334692
368.0,0.4782609,0.298913,0.1331522,0.1354167,0.9076087,0.0,0.7676056,0.0,0.0070423,0.0596026,0.2253521,0.9788732,0.2781457,0.1052632,1.0,9.980494888896912
10228.0,0.5616934,0.2459914,0.001271,0.0031229,0.7631013,0.2254595,0.9512958,0.0,0.0035746,0.0439983,0.2444147,0.9504021,0.106792,0.2293623,1.0,11.174665631549477
60633.0,0.4747415,0.0402586,0.0692032,0.0551997,0.4377154,0.2412053,0.4396893,0.003765,0.2056427,0.0473099,0.0343611,0.9845113,0.543882,0.0488158,0.4646465,10.876177521259402
1042.0,0.5191939,0.0,0.1554702,0.0798403,0.8445298,0.0,0.6864608,0.0047506,0.0617577,0.0644444,0.0,0.9881235,0.4,0.0897436,0.0,10.518700218288165
485.0,0.5072165,0.0,0.1876289,0.1631799,0.8804124,0.0,0.7052632,0.0,0.0105263,0.0952381,0.0,1.0,0.2904762,0.0666667,1.0,9.75272280064639
350.0,0.4828571,0.0,0.2028571,0.0718232,0.9142857,0.0,0.7826087,0.0,0.0,0.1210191,0.0,1.0,0.2802548,0.09375,1.0,9.615805480084347
1181.0,0.4521592,0.2946655,0.1795089,0.1700155,0.8408129,0.0,0.6693069,0.0059406,0.029703,0.0595903,0.2594059,0.9940594,0.3891993,0.084507,1.0,10.401258331428318
85.0,0.5529412,0.0,0.0588235,0.0,0.9176471,0.0,0.7741935,0.0,0.0,0.8652174,0.0,1.0,0.8130435,0.0909091,0.0,10.795506083434564
141686.0,0.4747823,0.2659684,0.1358285,0.1105945,0.8157757,0.0294736,0.6522703,0.0031341,0.0534322,0.0855585,0.2301254,0.7904755,0.4614497,0.1302354,0.6,11.682676678340282
3437.0,0.4981088,0.0247309,0.0852488,0.0695652,0.9336631,0.0032005,0.8506912,0.0018433,0.0368664,0.029517,0.0202765,0.962212,0.1019678,0.1130435,0.1875,12.12703484943049
2215.0,0.4510158,0.0009029,0.289842,0.1628289,0.7756208,0.0194131,0.6111646,0.0038499,0.039461,0.1334445,0.0,0.9913378,0.3728107,0.0641399,0.3225806,10.76004951120163
17655.0,0.4824696,0.0098556,0.0977627,0.0793477,0.8709714,0.0104786,0.7371429,0.0043609,0.0415038,0.0670595,0.0103759,0.9954887,0.2749719,0.0503537,0.2389381,10.956073354557526
264.0,0.4886364,0.0,0.2121212,0.1851852,0.8598485,0.0,0.6728972,0.0,0.0186916,0.0446429,0.0,1.0,0.0982143,0.0,1.0,9.615805480084347
2581.0,0.494382,0.0003874,0.1053855,0.0766284,0.9151492,0.0,0.8002148,0.0042965,0.0300752,0.023085,0.0010741,0.9946294,0.2193075,0.0451613,0.0,11.110969193687714
3303.0,0.4937935,0.0045413,0.1568271,0.09689,0.7917045,0.0,0.6218939,0.0026864,0.0705171,0.21549,0.0040296,0.996642,0.3977871,0.027027,0.6338028,12.087857641588924
1030.0,0.4281553,0.0,0.1796117,0.1867572,0.8572816,0.0,0.6795455,0.0022727,0.0136364,0.0756303,0.0,1.0,0.2773109,0.0518519,1.0,10.494075844768336
37.0,0.4594595,0.0,0.0810811,0.0,0.9189189,0.0,0.7692308,0.0,0.0,0.0,0.0,1.0,0.3846154,0.0,0.0,9.615805480084347
1249.0,0.4763811,0.0008006,0.2281825,0.1513761,0.8030424,0.0280224,0.629771,0.0019084,0.028626,0.0692718,0.0019084,0.9522901,0.3854352,0.0552147,0.2857143,10.225607282932941
2856.0,0.4492297,0.0059524,0.1827731,0.1907184,0.7734594,0.1211485,0.7402464,0.0051335,0.0420945,0.0441609,0.0061602,0.9958932,0.2669284,0.0340426,0.3333333,11.049317340813348
252.0,0.4920635,0.0,0.1230159,0.0703125,0.8809524,0.0,0.7032967,0.0,0.032967,0.7026144,0.0,1.0,0.6830065,0.2142857,0.4285714,10.025749432069084
1147.0,0.4803836,0.0348736,0.1569311,0.1057047,0.8116827,0.0619006,0.702381,0.0119048,0.0285714,0.1213389,0.0238095,0.9880952,0.3200837,0.1214286,0.2857143,10.169728906753061
82.0,0.4878049,0.0,0.195122,0.1904762,0.8536585,0.0,0.6666667,0.0,0.030303,0.175,0.0,1.0,0.275,0.2,0.0,9.615805480084347
11230.0,0.4941229,0.0167409,0.0747106,0.0491111,0.8984862,0.0,0.7769322,0.0026159,0.0411415,0.0762302,0.0168847,0.9892985,0.2150703,0.0526829,0.2987805,11.194110418585193
253.0,0.5375494,0.0,0.0869565,0.034188,0.9644269,0.0,0.8636364,0.0,0.0,0.175,0.0,0.969697,0.15,0.25,1.0,10.774801838762809
3858.0,0.5005184,0.0093313,0.0746501,0.0498184,0.9326076,0.002592,0.8618211,0.0047923,0.0367412,0.0241621,0.0087859,0.9480831,0.1855027,0.2015504,0.7142857,12.022155816966572
2107.0,0.4679639,0.0189843,0.15757,0.1061552,0.8547698,0.0,0.6870748,0.0022676,0.0272109,0.049569,0.0136054,0.9954649,0.25,0.0590551,0.2857143,10.851296331126829
1854.0,0.4800431,0.0075512,0.1105717,0.1089212,0.8565264,0.012945,0.7186589,0.0058309,0.0597668,0.0973684,0.0,0.9927114,0.2684211,0.1034483,0.625,10.491301994830229
8348.0,0.4677767,0.0008385,0.1661476,0.1343687,0.8176809,0.0203642,0.6524802,0.0035222,0.0384502,0.041901,0.0011741,0.9773995,0.2910574,0.0642055,0.4375,10.563620718477313
68.0,0.5735294,0.0,0.1470588,0.1724138,0.8235294,0.0,0.5714286,0.0,0.0,0.1515152,0.0,1.0,0.1515152,0.5,0.0,9.615805480084347
131.0,0.4885496,0.0,0.1603053,0.1044776,0.8854962,0.0,0.78,0.0,0.08,0.0740741,0.0,1.0,0.2222222,0.2857143,0.0,9.966509298952284
192.0,0.53125,0.0,0.1145833,0.0666667,0.9166667,0.0,0.7826087,0.0,0.0144928,0.0547945,0.0,0.9710145,0.2876712,0.2666667,0.0,10.130662964963708
33685.0,0.4823512,0.0087873,0.1209144,0.0869989,0.816773,0.0147247,0.6540093,0.004315,0.0514204,0.0590743,0.0078389,0.9609493,0.348491,0.0505567,0.4333333,11.294781892900653
89.0,0.3932584,0.011236,0.247191,0.1111111,0.8539326,0.0,0.7142857,0.0,0.0238095,0.106383,0.0238095,1.0,0.1276596,0.0,1.0,10.463131911491967
620.0,0.5145161,0.0,0.0854839,0.0797342,0.9080645,0.0,0.7695853,0.0,0.0322581,0.0524017,0.0,0.9907834,0.1528384,0.1935484,0.75,10.454523783963511
640.0,0.4703125,0.0,0.15625,0.1415929,0.9,0.0,0.7580645,0.0,0.016129,0.1236749,0.0,1.0,0.254417,0.0566038,1.0,10.675931008412125
739.0,0.4871448,0.0,0.1177267,0.1292876,0.9052774,0.0081191,0.7957746,0.0,0.0211268,0.0627063,0.0,0.9823944,0.2211221,0.0181818,1.0,10.410335274932896
1168.0,0.4974315,0.0,0.1027397,0.0868825,0.9075342,0.0,0.799505,0.0049505,0.049505,0.0691244,0.0,0.8836634,0.3041475,0.278481,0.3636364,10.606609816118151
3967.0,0.4988656,0.0022687,0.0708344,0.0603622,0.8875725,0.0113436,0.7711988,0.0065789,0.0511696,0.088,0.002193,0.9824561,0.3186667,0.1366906,0.4615385,10.623787731088578
349.0,0.47851,0.0057307,0.2206304,0.1758242,0.8653295,0.0,0.707483,0.0,0.0272109,0.1833333,0.0068027,0.8231293,0.3833333,0.0882353,0.6,9.615805480084347
1043.0,0.4899329,0.0028763,0.0623202,0.0545113,0.8791946,0.0,0.7540984,0.010929,0.0710383,0.059126,0.0,0.9972678,0.4113111,0.1,0.25,10.883710371704016
80.0,0.475,0.0,0.175,0.1666667,0.8875,0.0,0.7096774,0.0,0.0,0.2051282,0.0,1.0,0.2307692,0.1,0.0,9.933094897288786
344.0,0.4767442,0.2034884,0.2093023,0.1944444,0.8343023,0.0,0.6126761,0.0070423,0.0140845,0.0779221,0.1408451,0.9859155,0.2337662,0.0769231,1.0,10.118639253920785
6349.0,0.492046,0.0707198,0.0729249,0.0657364,0.9295952,0.0,0.824473,0.0027498,0.0224565,0.0777684,0.0568286,0.9853346,0.1923077,0.1669903,0.4615385,10.576457535657255
6413.0,0.4768439,0.0601902,0.1386247,0.1275708,0.8630906,0.0213629,0.735357,0.006413,0.0380504,0.0677561,0.0602822,0.9816161,0.3184536,0.0763791,0.3888889,10.657282884047461
34978.0,0.6516668,0.3443021,0.051804,0.0572882,0.5770198,0.3675739,0.7744329,0.0019602,0.0357043,0.0988013,0.4304116,0.9207505,0.4076972,0.1892231,0.5172414,10.839600519357369
5214.0,0.4787112,0.0047948,0.1183353,0.0974982,0.8291139,0.0,0.6621368,0.0070291,0.0646673,0.0498664,0.0037488,0.995314,0.4323241,0.0390144,0.4444444,11.391898423211194
24053.0,0.476822,0.0202885,0.1219806,0.0762079,0.8567746,0.0,0.7018124,0.0011014,0.0417543,0.0481319,0.0228297,0.9936918,0.2188334,0.0230846,0.3619048,11.233224789593368
8651.0,0.4879205,0.1051902,0.1214888,0.0767494,0.9415097,0.0,0.8457912,0.0006734,0.0141414,0.0297288,0.083165,0.9909091,0.0450833,0.0930233,0.2857143,11.791322060504474
849.0,0.467609,0.0,0.2167256,0.1836283,0.8727915,0.0376914,0.7641196,0.0033223,0.013289,0.2140992,0.0,0.8737542,0.3785901,0.1470588,0.7692308,10.106469212026385
3246.0,0.4935305,0.5616143,0.0483672,0.0608273,0.9121996,0.0,0.8035883,0.0188857,0.0434372,0.0823224,0.5382436,0.9848914,0.2279029,0.1,0.625,10.573903321093981
2662.0,0.433133,0.001127,0.6254696,0.2465209,0.7802404,0.0,0.6330887,0.0026684,0.0193462,0.1966774,0.0006671,0.9859907,0.4105038,0.0234375,0.4827586,10.879951039444416
995.0,0.4633166,0.3366834,0.1557789,0.1441948,0.8934673,0.0,0.7581522,0.0081522,0.0217391,0.1461717,0.25,1.0,0.3735499,0.1258741,0.8125,9.615805480084347
490.0,0.4632653,0.0163265,0.1265306,0.1292776,0.8571429,0.022449,0.7257143,0.0057143,0.0457143,0.2290749,0.0057143,1.0,0.185022,0.0784314,0.6666667,10.288783966353765
254.0,0.4448819,0.0,0.2834646,0.2340426,0.7716535,0.0,0.552,0.0,0.016,0.1319444,0.0,1.0,0.4652778,0.0,1.0,9.615805480084347
559.0,0.4794275,0.0089445,0.157424,0.0927835,0.8676208,0.0,0.7117117,0.0,0.0405405,0.1361868,0.0135135,0.963964,0.3618677,0.147541,0.6666667,10.278527816830314
1360.0,0.4625,0.0,0.2264706,0.1532148,0.8492647,0.0529412,0.7559524,0.0039683,0.0178571,0.0418251,0.0,0.9960317,0.2053232,0.1326531,0.4444444,10.499600568082863
5399.0,0.4298944,0.0070383,0.2346731,0.194282,0.8082978,0.0064827,0.6173554,0.0024793,0.0252066,0.0520956,0.0049587,0.9946281,0.3423423,0.038378,0.8888889,10.318935994253193
69392.0,0.4927946,0.1984667,0.1097677,0.0854927,0.8404859,0.0259684,0.6915869,0.0040334,0.0514158,0.0486434,0.1855775,0.843349,0.4368217,0.1156916,0.4325843,11.002116507732017
791.0,0.4740834,0.0025284,0.2351454,0.2259615,0.8078382,0.091024,0.7242647,0.0036765,0.0147059,0.0810811,0.0036765,0.9963235,0.3952703,0.1746032,0.75,9.615805480084347
1112.0,0.5080935,0.0134892,0.1007194,0.0347349,0.9397482,0.0,0.8511749,0.0,0.0261097,0.0519802,0.0130548,0.8955614,0.1212871,0.1639344,0.5,11.474195031610165
18100.0,0.4865746,0.0038122,0.2649724,0.125148,0.8273481,0.0146961,0.6912395,0.0066191,0.0500973,0.3961599,0.0028553,0.966645,0.6618339,0.1069218,0.362069,10.785207543360087
198.0,0.489899,0.0,0.1313131,0.1881188,0.8787879,0.0,0.6901408,0.0,0.0140845,0.2022472,0.0,1.0,0.1573034,0.3157895,1.0,9.615805480084347
198.0,0.5252525,0.0,0.1313131,0.0744681,0.9444444,0.0,0.8135593,0.0,0.0,0.2891566,0.0,0.9830508,0.1445783,0.0,0.0,10.609081944147828
3506.0,0.4649173,0.0045636,0.1853965,0.1449893,0.8245864,0.0034227,0.6439394,0.0041322,0.0502755,0.0565302,0.0041322,0.9944904,0.3287849,0.0447227,0.8,11.06195554002416
534.0,0.5393258,0.0018727,0.0580524,0.0528455,0.8202247,0.0355805,0.6571429,0.0057143,0.0857143,0.0740741,0.0,0.9885714,0.4708995,0.1449275,0.5,10.839600519357369
332.0,0.4939759,0.0,0.2108434,0.1547619,0.813253,0.0180723,0.6689189,0.0067568,0.0337838,0.1084337,0.0,1.0,0.3674699,0.0172414,1.0,10.542732775946709
11122.0,0.4654738,0.0008092,0.1858479,0.141968,0.7920338,0.0233771,0.6171728,0.0031414,0.0389529,0.0857745,0.0002094,0.9972775,0.2910205,0.0380132,0.6428571,10.404293143019792
487.0,0.5092402,0.0061602,0.2648871,0.0920502,0.8644764,0.0,0.7255814,0.0,0.0325581,0.5621181,0.0,0.9581395,0.6130346,0.0588235,0.7222222,10.278527816830314
393.0,0.4351145,0.0407125,0.1348601,0.1216216,0.8498728,0.0,0.7083333,0.0069444,0.0416667,0.2173913,0.0416667,1.0,0.3586957,0.2,0.5,9.862717639992917
687.0,0.5385735,0.007278,0.1091703,0.0567823,0.9272198,0.0,0.8174274,0.0,0.0207469,0.6216641,0.0041494,0.9917012,0.1978022,0.0416667,0.0,11.091346218718432
7469.0,0.4509305,0.0322667,0.2735306,0.1706901,0.8089436,0.0145937,0.6382335,0.0012099,0.0272232,0.0671558,0.0257108,0.9936479,0.2367381,0.0227457,0.3333333,11.372524818667134
2519.0,0.4902739,0.0043668,0.0813815,0.0623053,0.8963875,0.0,0.76082,0.0079727,0.0432802,0.0466884,0.0034169,0.998861,0.2486428,0.1136364,0.7142857,10.586609649448985
1041.0,0.4726225,0.0393852,0.2190202,0.1639344,0.882805,0.0,0.7204819,0.0024096,0.0096386,0.0899123,0.0361446,0.9975904,0.4122807,0.1020408,0.0,9.615805480084347
194.0,0.5309278,0.0,0.1701031,0.1648352,0.8195876,0.0,0.5882353,0.0,0.0,0.2201835,0.0,1.0,0.3027523,0.0,1.0,9.615805480084347
719.0,0.45758,0.0166898,0.2100139,0.1384615,0.8942976,0.0,0.7560137,0.0034364,0.0137457,0.0673077,0.0103093,0.9965636,0.3173077,0.0555556,1.0,9.814710982145282
898.0,0.4743875,0.0,0.2583519,0.2118644,0.798441,0.0668151,0.6828571,0.0057143,0.0171429,0.1002571,0.0,0.9971429,0.218509,0.1066667,0.5714286,9.615805480084347
13141.0,0.4902975,0.011719,0.1194734,0.0786802,0.9162925,0.0247318,0.8618612,0.0006695,0.0258871,0.0321814,0.0100424,0.9801384,0.1222462,0.0405405,0.6545455,12.451372913840931
43.0,0.5348837,0.0,0.1627907,0.1,0.7674419,0.0,0.5238095,0.0,0.0,0.1923077,0.0,1.0,0.4615385,0.0,0.5,10.214678610538817
517.0,0.5125725,0.0,0.0812379,0.0396825,0.9419729,0.0,0.8597561,0.0060976,0.0243902,0.0465116,0.0,0.9817073,0.1046512,0.2,0.0,10.150386692204734
466.0,0.472103,0.3690987,0.1652361,0.2154472,0.8304721,0.0,0.6071429,0.0,0.0102041,0.1729958,0.3265306,1.0,0.4135021,0.1960784,0.0,9.615805480084347
1504.0,0.4621011,0.3238032,0.1329787,0.1273177,0.875,0.0,0.7068063,0.0017452,0.026178,0.0802568,0.3089005,0.9947644,0.3916533,0.1144068,0.625,9.883335864325275
481.0,0.4760915,0.0,0.2972973,0.202381,0.8461538,0.0,0.6509434,0.0,0.0,0.0940171,0.0,1.0,0.2478632,0.0697674,1.0,9.615805480084347
189.0,0.4656085,0.0,0.2857143,0.1980198,0.8042328,0.0,0.6129032,0.0,0.0107527,0.1696429,0.0,1.0,0.1696429,0.0,0.8333333,9.615805480084347
13684.0,0.4875037,0.0047501,0.0764396,0.0561814,0.8428091,0.0051155,0.6740191,0.0062463,0.0624634,0.0511206,0.0046848,0.9611556,0.3930357,0.0828452,0.4925373,11.003781759319981
40079.0,0.5018089,0.018239,0.090122,0.0724696,0.5421293,0.0773223,0.4552489,0.0087697,0.2489038,0.048297,0.0163142,0.9337116,0.5038355,0.0595467,0.1171171,11.319352851746254
289.0,0.4809689,0.0,0.2145329,0.14,0.8373702,0.0,0.6528926,0.0,0.0330579,0.1933333,0.0,1.0,0.24,0.2777778,0.5,9.615805480084347
1681.0,0.4949435,0.0,0.0809042,0.0541814,0.8970851,0.0,0.7824621,0.0134907,0.0421585,0.0373377,0.0,0.9915683,0.2792208,0.0536913,0.1666667,10.805699643800724
329.0,0.4346505,0.0,0.2948328,0.155914,0.8601824,0.0,0.7266667,0.0066667,0.02,0.2462312,0.0,1.0,0.321608,0.037037,0.6666667,10.934908916663861
207.0,0.4927536,0.0,0.1304348,0.0761905,0.9130435,0.0,0.7972973,0.0135135,0.027027,0.1494253,0.0,1.0,0.4827586,0.173913,0.5,9.803722464346553
2729.0,0.4759985,0.0003664,0.1586662,0.1195804,0.8581898,0.0,0.6993811,0.0026525,0.0380195,0.0543478,0.0008842,0.9929266,0.3837793,0.0711297,0.5,10.085850775128717
11488.0,0.4772806,0.0080954,0.1738336,0.1238968,0.873085,0.0,0.7164795,0.002292,0.0417144,0.0325942,0.006876,0.9685996,0.272949,0.0374618,0.3636364,12.084475470282369
3992.0,0.4912325,0.0047595,0.0879259,0.0674545,0.8907816,0.0,0.7595702,0.0026864,0.0429819,0.0825632,0.0040296,0.9939557,0.2162662,0.0337838,0.5,11.0186455364637
783.0,0.4597701,0.4252874,0.1660281,0.2009456,0.8799489,0.0,0.7027027,0.0033784,0.0135135,0.0807453,0.3885135,1.0,0.3509317,0.1333333,1.0,9.923339198238729
1240.0,0.4274194,0.6741935,0.1370968,0.1352113,0.9112903,0.0,0.7435294,0.0,0.0023529,0.1033755,0.5505882,0.9976471,0.242616,0.2190476,1.0,10.016860879703811
274.0,0.4781022,0.0,0.1277372,0.0839161,0.9270073,0.0,0.83,0.01,0.01,0.0909091,0.0,1.0,0.1363636,0.0769231,0.0,10.31231367277647
1584.0,0.5031566,0.0025253,0.1799242,0.1003812,0.9311869,0.0,0.8057851,0.0041322,0.018595,0.0833333,0.0020661,0.9132231,0.3825758,0.2089552,0.5,10.591647316585027
4505.0,0.5016648,0.0201998,0.0306326,0.0200445,0.9369589,0.0,0.8479112,0.0019582,0.0261097,0.0853731,0.0189295,0.9915144,0.0549254,0.2162162,0.1538462,11.404237196256764
12197.0,0.5009429,0.0349266,0.0570632,0.0448497,0.9084201,0.0029515,0.8017011,0.0082625,0.0466586,0.0329025,0.0325638,0.982017,0.2625147,0.1450054,0.4722222,11.097425172408931
101.0,0.4851485,0.0,0.1881188,0.0961538,0.9108911,0.0,0.7857143,0.0,0.0,0.0666667,0.0,1.0,0.3777778,0.0,1.0,9.615805480084347
579.0,0.4818653,0.2435233,0.1157168,0.1166667,0.925734,0.0,0.8074866,0.0,0.0374332,0.0603015,0.2139037,0.9893048,0.1708543,0.0454545,0.4,11.19135563385109
4958.0,0.4860831,0.1956434,0.0681727,0.0620094,0.9116579,0.0,0.7898904,0.0024361,0.0420219,0.0943188,0.1753959,0.9884287,0.3684501,0.1144279,0.7647059,10.563620718477313
12220.0,0.5040098,0.0005728,0.0397709,0.0230985,0.9801146,0.0,0.9335454,0.0028279,0.0106045,0.0194107,0.0003535,0.9819724,0.0818024,0.3083004,0.6153846,11.264476926102367
7464.0,0.5079046,0.0077706,0.0558682,0.0549959,0.9482851,0.0050911,0.8467072,0.0016602,0.02601,0.0617861,0.0083011,0.349751,0.529595,0.3938953,0.2941176,11.32781201446548
4740.0,0.499789,0.1702532,0.0529536,0.056938,0.8449367,0.0014768,0.7030917,0.0069296,0.0735608,0.1453303,0.1727079,0.9680171,0.4997722,0.0442553,0.4,11.485564545613576
453.0,0.4326711,0.0,0.3178808,0.2490272,0.7748344,0.0816777,0.6502732,0.0,0.0054645,0.2530612,0.0,0.989071,0.2897959,0.0851064,0.8,9.615805480084347
45.0,0.4888889,0.0444444,0.2444444,0.2173913,0.8444444,0.0,0.6666667,0.0,0.0,0.3225806,0.047619,1.0,0.2903226,0.0,0.0,9.615805480084347
92.0,0.5326087,0.0,0.1195652,0.0465116,0.9456522,0.0,0.8484848,0.0,0.0,0.0833333,0.0,1.0,0.2222222,0.1666667,0.0,9.615805480084347
98784.0,0.4608337,0.089721,0.255841,0.1633278,0.7559018,0.0319485,0.6041733,0.0029227,0.0661335,0.180094,0.0683085,0.9762789,0.4804116,0.0496118,0.431962,11.03005541721757
1625.0,0.4867692,0.024,0.1076923,0.0779376,0.9286154,0.0,0.8322476,0.0,0.0162866,0.0160256,0.02443,0.9967427,0.0929487,0.0821918,0.3333333,11.118415133585586
57147.0,0.5049609,0.2401176,0.055156,0.058678,0.9505661,0.0005075,0.8364508,0.0047921,0.0289071,0.040777,0.3492812,0.3455712,0.717156,0.4669805,0.3962264,11.315705475634307
809.0,0.473424,0.0049444,0.2187886,0.1830986,0.8467244,0.0086527,0.6763848,0.0029155,0.0087464,0.1136951,0.0058309,1.0,0.3488372,0.0792079,1.0,10.21833478806055
739.0,0.4898512,0.0175913,0.1935047,0.193634,0.8863329,0.0,0.7373737,0.0,0.020202,0.0571429,0.013468,0.989899,0.2698413,0.1044776,0.0,10.192456296870509
1131.0,0.4677277,0.0,0.2440318,0.192691,0.8099027,0.0521662,0.6733781,0.0022371,0.0178971,0.1403846,0.0,1.0,0.2826923,0.0879121,0.9444444,9.615805480084347
743.0,0.4629879,0.4158816,0.166891,0.1729323,0.8869448,0.0,0.7202797,0.0034965,0.0104895,0.1226994,0.3496503,0.9895105,0.3312883,0.16,0.25,9.615805480084347
1078.0,0.5120594,0.0,0.0788497,0.0475285,0.8599258,0.0,0.7060241,0.0,0.0626506,0.061086,0.0,0.9855422,0.2533937,0.02,0.0,10.96476135554887
172.0,0.5174419,0.0,0.0174419,0.0,0.9069767,0.0,0.7818182,0.0,0.0727273,0.1129032,0.0,0.9818182,0.4354839,0.0,1.0,11.918397239722838
2693.0,0.4708504,0.0007427,0.1945785,0.1291228,0.8644634,0.0040847,0.7082552,0.0037523,0.0318949,0.0516014,0.0018762,0.9953096,0.227758,0.0603675,0.5,10.566201298475118
1136.0,0.4542254,0.0,0.2297535,0.1870968,0.8353873,0.0,0.6385069,0.0,0.0058939,0.1163194,0.0,1.0,0.3003472,0.0559441,0.7777778,9.87822102528824
1457.0,0.4522992,0.4145504,0.0816747,0.0614035,0.9148936,0.0,0.7906977,0.0,0.0274841,0.1716287,0.3742072,0.9471459,0.4763573,0.1451613,0.0,10.778977123006351
717.0,0.5034868,0.0055788,0.0920502,0.0589888,0.9246862,0.0,0.8021978,0.010989,0.0494505,0.037037,0.0054945,0.8791209,0.4708995,0.3369565,0.0,11.305913595583258
99.0,0.5050505,0.0,0.1313131,0.0816327,0.9393939,0.0,0.875,0.03125,0.03125,0.2727273,0.0,1.0,0.2272727,0.1428571,0.0,9.615805480084347
728.0,0.4821429,0.0,0.3296703,0.2679045,0.7019231,0.168956,0.6613546,0.0039841,0.0239044,0.1577181,0.0,0.9880478,0.3120805,0.1445783,0.4285714,10.413342705547674
171.0,0.5204678,0.0,0.0175439,0.0243902,0.6725146,0.0,0.4712644,0.0114943,0.1034483,0.4,0.0,1.0,0.8413793,0.0425532,0.0,10.868587496017359
3058.0,0.5045782,0.0729235,0.0925441,0.0844884,0.8705036,0.0176586,0.7391763,0.0105597,0.0570222,0.1091251,0.0813094,0.7613516,0.5296331,0.2307692,0.5833333,9.862717639992917
2092.0,0.4713193,0.0052581,0.2241874,0.1509946,0.6367113,0.1591778,0.5792142,0.0,0.0811153,0.0889145,0.0012674,0.9987326,0.448037,0.0220994,0.8571429,10.30229722897745
392.0,0.502551,0.005102,0.125,0.0974359,0.877551,0.0,0.7417219,0.013245,0.0331126,0.0958084,0.0,1.0,0.3473054,0.0277778,0.0,9.867912187022208
9114.0,0.4964889,0.018104,0.0633092,0.0475049,0.9096994,0.0083388,0.8154426,0.0003139,0.0448839,0.0409392,0.017263,0.9934087,0.1011439,0.0626781,0.2,11.80186424743109
452.0,0.5154867,0.0,0.1216814,0.0730594,0.8761062,0.0,0.75,0.01875,0.0625,0.0361446,0.0,0.9875,0.2228916,0.1714286,0.0,10.188704088048116
177196.0,0.4773076,0.0192781,0.1624642,0.112925,0.7581605,0.029346,0.5913077,0.0062012,0.0707413,0.0591925,0.0162615,0.984883,0.403493,0.0587485,0.408642,10.563620718477313
9.0,0.3333333,0.0,0.2222222,0.0,1.0,0.0,1.0,0.0,0.0,0.5714286,0.0,1.0,0.2857143,0.0,0.0,10.868587496017359
27195.0,0.4960838,0.0164368,0.0700496,0.0607122,0.8768891,0.0059202,0.7437176,0.0051887,0.0530064,0.0587052,0.0147523,0.8800488,0.261923,0.1014776,0.502924,11.049317340813348
301.0,0.4850498,0.0166113,0.0365449,0.0322581,0.9435216,0.0,0.8504673,0.0,0.0093458,0.1507937,0.0,0.9906542,0.2936508,0.0,0.8,10.576457535657255
491.0,0.4806517,0.0,0.2545825,0.1882353,0.8268839,0.0,0.6296296,0.0046296,0.0185185,0.1,0.0,0.9953704,0.3041667,0.0869565,0.6666667,9.615805480084347
209.0,0.5263158,0.0,0.1818182,0.1717172,0.8421053,0.0,0.6404494,0.0,0.011236,0.1834862,0.0,1.0,0.5229358,0.0434783,0.5,9.87822102528824
835.0,0.4874251,0.0047904,0.1532934,0.1191589,0.8622754,0.0,0.6845426,0.0,0.022082,0.0968661,0.0,0.9936909,0.3960114,0.0973451,0.5,10.827766295132466
3964.0,0.5055499,0.0042886,0.061554,0.0647959,0.9687185,0.0,0.9223126,0.0036134,0.0243902,0.016,0.0054201,0.9521229,0.0595556,0.2340426,0.2,11.813037464800539
752.0,0.525266,0.0,0.0465426,0.0308123,0.9587766,0.0,0.8976744,0.0093023,0.0186047,0.0444444,0.0,0.9953488,0.1733333,0.3478261,1.0,10.563620718477313
5300.0,0.4862264,0.0656604,0.1483019,0.0976864,0.8426415,0.0049057,0.7014506,0.0093589,0.0589612,0.1334144,0.0505381,0.9780066,0.4160584,0.1103368,0.5945946,10.614007941153417
155.0,0.4516129,0.0,0.083871,0.0823529,0.8322581,0.0,0.6206897,0.0172414,0.0517241,0.0333333,0.0,1.0,0.1,0.3,0.0,9.966509298952284
130.0,0.4846154,0.0,0.1923077,0.1044776,0.8846154,0.0,0.7254902,0.0,0.0196078,0.1355932,0.0,1.0,0.2711864,0.0,1.0,9.770013301136158
7755.0,0.4981302,0.0043843,0.0753063,0.0665468,0.9080593,0.0012895,0.7950192,0.0030651,0.0452107,0.1218035,0.0045977,0.9731801,0.2240915,0.072327,0.5849057,12.113962839063479
236.0,0.4745763,0.0,0.1864407,0.1693548,0.8559322,0.0,0.6206897,0.0,0.0114943,0.1122449,0.0,0.9885057,0.2959184,0.0454545,0.5,9.615805480084347
527.0,0.4705882,0.0,0.1897533,0.1577061,0.8690702,0.0,0.7018349,0.0,0.0183486,0.0562771,0.0,1.0,0.2597403,0.0625,1.0,10.2328272702548
312.0,0.5192308,0.0032051,0.0801282,0.0666667,0.8942308,0.0,0.7606838,0.0,0.042735,0.0564516,0.008547,1.0,0.1854839,0.0869565,0.0,10.673618922112436
438.0,0.4908676,0.0,0.1438356,0.0852018,0.9406393,0.0,0.8375,0.0,0.0,0.0643275,0.0,1.0,0.1812865,0.0571429,0.6666667,10.534785924769006
1854.0,0.4940669,0.0,0.0906149,0.0788913,0.9180151,0.0,0.8064024,0.0045732,0.0259146,0.0588235,0.0,0.9984756,0.2812052,0.1111111,0.2857143,10.073272520325904
1801.0,0.4919489,0.0033315,0.1254858,0.0972678,0.8922821,0.0,0.7496229,0.0030166,0.0301659,0.1607595,0.0,0.9924585,0.2924051,0.0838323,0.375,10.911463720944793
494.0,0.4797571,0.0910931,0.1518219,0.1050584,0.9311741,0.0,0.8214286,0.0,0.0238095,0.0967742,0.0654762,1.0,0.2311828,0.3333333,0.0,10.214678610538817
1556.0,0.5044987,0.0064267,0.1767352,0.0479896,0.8952442,0.0,0.7954545,0.0064935,0.0454545,0.4116523,0.0048701,0.9529221,0.2702961,0.1294964,0.5555556,11.775297421715827
789.0,0.4790875,0.0012674,0.1318124,0.0924574,0.8897338,0.0,0.7534722,0.0104167,0.0416667,0.0649351,0.0,0.9861111,0.3084416,0.1969697,1.0,10.007892611890918
10362.0,0.4699865,0.0018336,0.1758348,0.1407502,0.7807373,0.0337773,0.6196433,0.0053278,0.0488765,0.0989355,0.0013899,0.9223998,0.3771655,0.0677362,0.625,10.264687244346277
19278.0,0.4707439,0.0639589,0.1643843,0.1182985,0.8773213,0.012605,0.7367209,0.001626,0.0203252,0.0218688,0.048916,0.9890244,0.1811796,0.0300097,0.5185185,11.289794413577894
37.0,0.5675676,0.0,0.027027,0.0625,0.8108108,0.0,0.6875,0.0,0.125,0.0,0.0,1.0,0.25,0.0,0.0,9.615805480084347
1290.0,0.4666667,0.0,0.2604651,0.2238372,0.8155039,0.048062,0.667992,0.0019881,0.0159046,0.1740558,0.0,0.8568588,0.3924466,0.09375,0.5714286,9.65509029374725
275221.0,0.4781031,0.5845666,0.0928236,0.0970641,0.8438273,0.0319089,0.6842123,0.0033096,0.0408402,0.1065744,0.578622,0.7686342,0.5733705,0.1554865,0.4123134,11.255462171102444
100217.0,0.5025894,0.0152369,0.0526158,0.0457181,0.901384,0.003682,0.8053628,0.0068442,0.0685043,0.0336142,0.0138446,0.9081505,0.2212256,0.1564194,0.3713693,12.183832149044223
20241.0,0.4997777,0.0110172,0.0558273,0.038321,0.9607727,0.0066696,0.9098637,0.0011227,0.0126704,0.0219608,0.0102646,0.9956696,0.0260392,0.11875,0.3783784,11.298506245754995
368383.0,0.4850142,0.130158,0.1295337,0.0981804,0.6511185,0.0452735,0.4833833,0.0040888,0.1311223,0.0694057,0.1022081,0.9850699,0.4577103,0.0589705,0.4152318,10.97679912709094
349.0,0.5157593,0.0,0.1833811,0.1065089,0.9025788,0.0,0.7709924,0.0076336,0.0305344,0.0367647,0.0,0.9923664,0.2058824,0.1666667,0.0,10.576457535657255
1340.0,0.4925373,0.0,0.0738806,0.0602941,0.888806,0.0,0.7392241,0.0086207,0.0431034,0.1327103,0.0,0.924569,0.2635514,0.1390728,0.64,10.628641991731053
51972.0,0.4694066,0.0669591,0.1198722,0.0964607,0.7521358,0.0438313,0.5925512,0.0044227,0.070298,0.0512367,0.0618715,0.9877561,0.374735,0.0400849,0.4017857,10.736418414365376
46.0,0.5434783,0.0,0.3043478,0.1904762,0.7826087,0.0,0.6,0.05,0.05,0.1666667,0.0,0.95,0.2916667,0.0,1.0,9.615805480084347
8194.0,0.677569,0.2457896,0.1358311,0.1695685,0.4884062,0.4145716,0.6482558,0.002907,0.0251938,0.0814419,0.0062984,0.9975775,0.3337784,0.0698529,0.62,10.298935994257638
178.0,0.5561798,0.0,0.2808989,0.1518987,0.8932584,0.0,0.7567568,0.0,0.0135135,0.212766,0.0,1.0,0.2234043,0.1,0.5714286,9.615805480084347
4311.0,0.4453723,0.4166087,0.2192067,0.1936428,0.8250986,0.0266759,0.6627974,0.0063842,0.0191526,0.1253807,0.3569356,0.9854904,0.3624365,0.119403,0.3571429,9.65509029374725
131.0,0.4656489,0.0,0.1984733,0.1571429,0.8320611,0.0,0.65,0.0,0.0166667,0.2,0.0,1.0,0.24,0.1428571,1.0,9.615805480084347
7025.0,0.4918149,0.0196441,0.1201423,0.0859944,0.8896797,0.0525267,0.8510441,0.0009281,0.0273782,0.0217885,0.0041763,0.9823666,0.0907853,0.0779817,0.56,12.384223015005313
55859.0,0.4749996,0.0059435,0.1278576,0.0852486,0.7750049,0.0268533,0.6115231,0.0050024,0.0782395,0.0766582,0.0054412,0.6109965,0.4031036,0.0605632,0.3463687,11.293537353157436
411.0,0.4841849,0.0,0.2846715,0.1415094,0.8710462,0.0,0.6976744,0.0,0.005814,0.0601093,0.0,1.0,0.3661202,0.1785714,0.0,10.165890277802454
460.0,0.476087,0.0434783,0.2326087,0.1701245,0.8369565,0.0,0.6615385,0.0051282,0.0307692,0.0930233,0.0564103,1.0,0.2837209,0.12,1.0,9.70509758756311
7580.0,0.5704485,0.244723,0.001847,0.0046069,0.8187335,0.1720317,0.9628571,0.0,0.0022857,0.043193,0.2457143,0.9331429,0.1366867,0.2134831,0.0,10.768506042432708
283.0,0.5053004,0.0,0.1095406,0.0714286,0.9293286,0.0,0.8137255,0.0,0.0098039,0.0727273,0.0,1.0,0.1909091,0.0384615,1.0,9.615805480084347
1153.0,0.4874241,0.0017346,0.140503,0.108291,0.905464,0.0,0.763285,0.0024155,0.0144928,0.0526316,0.0,0.968599,0.2494279,0.1393443,0.25,10.154285180632154
676.0,0.5088757,0.0,0.1612426,0.0903614,0.8934911,0.0,0.7580645,0.0040323,0.0322581,0.0534351,0.0,1.0,0.2175573,0.1044776,1.0,10.596659732783579
2434.0,0.5082169,0.0028759,0.1421528,0.0659983,0.8077239,0.0094495,0.6856128,0.0035524,0.0630551,0.753826,0.0026643,0.9937833,0.430258,0.0265781,0.255814,11.494771677590096
564.0,0.5070922,0.0035461,0.0443262,0.0431655,0.9379433,0.0,0.8674033,0.0110497,0.0331492,0.0163043,0.0055249,0.9558011,0.125,0.4285714,0.0,11.118415133585586
3957.0,0.4943139,0.0138994,0.0732878,0.043978,0.9337882,0.0,0.8376006,0.0014631,0.0241405,0.0200717,0.012436,0.9904901,0.1311828,0.0322581,0.0555556,11.769124610238766
2468.0,0.4813614,0.0004052,0.2074554,0.15625,0.8002431,0.0356564,0.6430708,0.002991,0.0358923,0.1139576,0.000997,0.9262213,0.3321555,0.0914634,0.6923077,10.150386692204734
2937.0,0.5270684,0.0017024,0.1164454,0.061915,0.6012938,0.0010215,0.4803712,0.0042827,0.2112777,0.4193949,0.0007138,0.9971449,0.3684211,0.0204082,0.475,11.801114908687438
483.0,0.5072464,0.0,0.0910973,0.1008403,0.9151139,0.0,0.7904192,0.005988,0.0239521,0.0290698,0.0,0.994012,0.1918605,0.1333333,0.0,10.474495347310453
512.0,0.4980469,0.0371094,0.1171875,0.1089494,0.9179688,0.0,0.7572254,0.0,0.0,0.1682692,0.0346821,0.7283237,0.4230769,0.1886792,0.6666667,9.615805480084347
20572.0,0.4746743,0.0833171,0.1118511,0.0862404,0.8192689,0.0006805,0.6359004,0.0050955,0.0509554,0.0474352,0.0992472,0.9906196,0.3702151,0.0590593,0.326087,10.764286715905591
445.0,0.5123596,0.0,0.1662921,0.1520737,0.8606742,0.0,0.7034884,0.0,0.0348837,0.1730769,0.0,1.0,0.2788462,0.0740741,1.0,10.332050506334692
107.0,0.4299065,0.0,0.271028,0.2459016,0.7850467,0.0,0.54,0.0,0.0,0.0909091,0.0,0.98,0.1818182,0.0,0.0,9.615805480084347
908.0,0.4812775,0.0055066,0.0814978,0.0849257,0.9162996,0.0,0.7727273,0.0032468,0.0194805,0.0253165,0.0064935,0.9837662,0.1772152,0.0588235,0.0,10.599156550639583
113.0,0.5132743,0.0,0.4247788,0.1454545,0.8761062,0.0,0.7407407,0.0,0.0,0.1147541,0.0,1.0,0.1311475,0.0,0.6666667,9.615805480084347
1678.0,0.4982122,0.0,0.0977354,0.0760095,0.8623361,0.0,0.724031,0.0170543,0.0620155,0.090268,0.0,0.9937984,0.3765867,0.0965909,0.3333333,10.727684925086583
407.0,0.4078624,0.6068796,0.2014742,0.2240664,0.8255528,0.0,0.6081871,0.0,0.0233918,0.1492537,0.5614035,0.9824561,0.5273632,0.04,0.5,9.65509029374725
4606.0,0.4943552,0.0303951,0.038211,0.0309146,0.953756,0.0,0.8837689,0.0013755,0.025447,0.0280749,0.0316369,0.937414,0.0574866,0.1933333,0.3333333,11.128747176317603
1841.0,0.4910375,0.0048886,0.1184139,0.0800427,0.9174362,0.0,0.7958199,0.0032154,0.0321543,0.107604,0.0032154,0.4228296,0.3041607,0.2173913,0.5714286,10.778977123006351
1660.0,0.4825301,0.0204819,0.1325301,0.1071013,0.9192771,0.0,0.7960199,0.0033167,0.013267,0.044374,0.0199005,0.9966833,0.2836767,0.1226994,0.0,10.21833478806055
590.0,0.4847458,0.0,0.0288136,0.0263158,0.9677966,0.0,0.9117647,0.0,0.0235294,0.0116279,0.0,1.0,0.0348837,0.4285714,0.0,10.902297921958713
770.0,0.4831169,0.0012987,0.187013,0.1532663,0.8142857,0.0,0.6276276,0.012012,0.036036,0.0485714,0.0,1.0,0.2485714,0.021978,0.3333333,10.39821428171237
15675.0,0.4889952,0.0407656,0.1668262,0.1166042,0.8627751,0.0167783,0.7219003,0.0043039,0.0228439,0.1246196,0.0357557,0.9172322,0.3518331,0.1223733,0.5348837,10.073272520325904
336.0,0.4732143,0.0029762,0.1071429,0.0847458,0.9345238,0.0,0.8333333,0.0,0.0166667,0.0909091,0.0083333,0.9916667,0.2348485,0.0952381,0.3333333,9.825580063659602
1244.0,0.4565916,0.0,0.2258842,0.1745562,0.846463,0.0,0.6598131,0.0,0.0168224,0.0759931,0.0,0.9981308,0.2400691,0.0461538,0.5,9.966509298952284
381.0,0.488189,0.0,0.1286089,0.0820513,0.9186352,0.0,0.7769784,0.0,0.0,0.1575758,0.0,1.0,0.3454545,0.1428571,0.0,9.615805480084347
432.0,0.5,0.0,0.0972222,0.0509259,0.9097222,0.0,0.8164557,0.0,0.0506329,0.0538922,0.0,0.9936709,0.2994012,0.2,0.0,11.305913595583258
4014.0,0.4865471,0.0151968,0.0936721,0.0786026,0.8913802,0.0,0.7546419,0.0046419,0.0338196,0.0691358,0.0132626,0.9973475,0.4191358,0.1216216,0.5,10.526775414924009
5610.0,0.4661319,0.0024955,0.2053476,0.1492487,0.8541889,0.0,0.6828438,0.0017029,0.0255428,0.0570052,0.0017029,0.9982971,0.2589322,0.0676056,0.5555556,10.367253014814716
335.0,0.4716418,0.0,0.3074627,0.1186441,0.8865672,0.0,0.7532468,0.0,0.0,0.4099617,0.0,0.987013,0.4980843,0.4,0.7058824,10.499600568082863
2552.0,0.4976489,0.005094,0.0576019,0.0405616,0.8628527,0.0160658,0.7574751,0.0044297,0.0841639,0.0464625,0.0055371,0.9557032,0.2111932,0.1077844,0.3636364,12.523802478333899
469.0,0.4285714,0.0,0.4008529,0.2537313,0.7142857,0.1556503,0.6511628,0.0,0.005814,0.1088083,0.0,1.0,0.3160622,0.0612245,1.0,10.012386799492118
418.0,0.4808612,0.0,0.1746411,0.1290323,0.8779904,0.0,0.7345679,0.0246914,0.037037,0.0581395,0.0,1.0,0.2732558,0.1212121,1.0,9.615805480084347
33862.0,0.4568543,0.0169512,0.198866,0.162027,0.8166086,0.0157994,0.650764,0.0029731,0.034571,0.1149256,0.0153495,0.9982715,0.3098954,0.0621153,0.6770186,10.33854382482173
3915.0,0.4786718,0.0007663,0.0827586,0.0587947,0.9205619,0.0097063,0.8010248,0.0034159,0.0273271,0.1306607,0.000854,0.9854825,0.2613215,0.1947674,0.6734694,10.425282789490705
1405.0,0.4619217,0.0007117,0.2996441,0.1785714,0.6754448,0.0,0.5216837,0.002551,0.0880102,0.6527901,0.0012755,0.9553571,0.5150576,0.0025063,0.2333333,11.353941456740479
339.0,0.460177,0.0,0.2094395,0.1256831,0.879056,0.0,0.7291667,0.0069444,0.0069444,0.0769231,0.0,0.9861111,0.2115385,0.0,1.0,10.335302435967074
177.0,0.4971751,0.0,0.2429379,0.1011236,0.8361582,0.0,0.6582278,0.0,0.0253165,0.2403846,0.0,0.9873418,0.3269231,0.1428571,1.0,9.615805480084347
3316.0,0.4873341,0.0066345,0.1320869,0.0923529,0.9034982,0.0,0.7764901,0.0016556,0.0339404,0.0226537,0.0041391,0.9875828,0.1739482,0.0818966,0.2727273,11.287291314687705
65800.0,0.4833435,0.0611702,0.1607599,0.13028,0.8717933,0.004848,0.7342944,0.0052352,0.0398109,0.0327993,0.0602438,0.9918347,0.2281968,0.0867624,0.3576642,10.981914140544825
503.0,0.5367793,0.0099404,0.1073559,0.0772532,0.9343936,0.0,0.8265896,0.0,0.017341,0.1306533,0.0115607,0.9768786,0.3366834,0.2068966,0.6,10.154285180632154
4210.0,0.488361,0.0007126,0.0705463,0.0617456,0.9368171,0.0,0.8419561,0.0021262,0.0219702,0.045977,0.0007087,0.9964564,0.1879648,0.1125541,0.56,10.87806606028079
270.0,0.4666667,0.0,0.1740741,0.1944444,0.862963,0.0,0.6666667,0.0,0.0190476,0.1393443,0.0,1.0,0.1967213,0.0645161,0.0,10.203629181337648
25.0,0.48,0.0,0.24,0.1538462,0.84,0.0,0.7272727,0.0,0.0909091,0.2142857,0.0,1.0,0.2857143,0.0,0.0,9.615805480084347
660.0,0.4848485,0.0,0.1212121,0.1205882,0.9030303,0.0,0.7659574,0.0085106,0.0297872,0.0926641,0.0,1.0,0.1544402,0.125,0.5,10.545367754151743
42137.0,0.491231,0.0239932,0.1338728,0.06815,0.9078245,0.0065975,0.8042643,0.0010885,0.0295813,0.0498266,0.0211295,0.9905878,0.0838961,0.0369881,0.3189655,11.972885071473847
5011.0,0.4811415,0.0037917,0.1602475,0.12,0.8491319,0.0059868,0.6975728,0.0067961,0.0368932,0.0209125,0.0033981,0.9883495,0.2595057,0.0563187,0.4,11.017004873924424
574.0,0.4860627,0.0,0.369338,0.2372881,0.7578397,0.0853659,0.6206897,0.0,0.0086207,0.1278195,0.0,1.0,0.2706767,0.0392157,0.8,9.615805480084347
211.0,0.4691943,0.0473934,0.1090047,0.0714286,0.8909953,0.0,0.7654321,0.0,0.037037,0.0581395,0.0493827,0.9876543,0.2674419,0.047619,0.0,10.698762529141884
15023.0,0.4583638,0.0116488,0.1520335,0.1243702,0.7903881,0.0137789,0.6116822,0.0063632,0.0735846,0.0669813,0.011258,0.9910263,0.3213579,0.0634341,0.440678,11.080618310893968
230.0,0.4521739,0.0,0.2478261,0.1507937,0.8956522,0.0,0.7628866,0.0,0.0103093,0.0934579,0.0,1.0,0.2803738,0.1818182,1.0,10.236417809461043
761.0,0.4875164,0.0183968,0.109067,0.0846154,0.9080158,0.0,0.787234,0.0035461,0.0248227,0.0784314,0.0248227,0.9964539,0.3333333,0.0909091,0.5,10.12667110305036
385.0,0.4727273,0.0415584,0.1272727,0.1280788,0.8987013,0.0077922,0.7518248,0.0,0.0145985,0.0616438,0.0510949,1.0,0.2671233,0.1764706,0.0,9.841665338892785
5201.0,0.4768314,0.0024995,0.1784272,0.1521499,0.8869448,0.0,0.725,0.0036458,0.0260417,0.0293225,0.0036458,0.9927083,0.260364,0.0503597,0.2857143,11.250274159310356
390.0,0.4435897,0.4487179,0.2051282,0.1612903,0.8846154,0.0,0.6944444,0.0,0.0069444,0.0526316,0.4236111,1.0,0.3026316,0.3529412,0.0,9.942756341456828
194.0,0.5154639,0.0,0.1340206,0.0957447,0.9278351,0.0,0.8095238,0.0,0.031746,0.0454545,0.0,1.0,0.0909091,0.1428571,1.0,10.547995807489514
2598.0,0.4988453,0.0026944,0.156659,0.0691244,0.9511162,0.0,0.87974,0.0,0.0130011,0.0128342,0.0021668,0.9945829,0.0192513,0.1153846,0.7777778,11.632493573102964
335.0,0.4537313,0.0149254,0.2328358,0.1693989,0.8328358,0.0,0.6275862,0.0,0.0137931,0.09375,0.0068966,1.0,0.3375,0.1333333,1.0,9.615805480084347
1044.0,0.4482759,0.9291188,0.1101533,0.1319444,0.9185824,0.0,0.7784615,0.0092308,0.0153846,0.084507,0.9107692,0.9969231,0.3352113,0.1858407,0.0,10.085850775128717
138.0,0.5797101,0.0072464,0.2536232,0.1896552,0.8115942,0.0,0.609375,0.0,0.015625,0.7104072,0.0,1.0,0.6877828,0.0,0.0,10.177362240256695
1204.0,0.4651163,0.0,0.1960133,0.173913,0.8770764,0.0,0.7069672,0.0,0.0102459,0.1571675,0.0,1.0,0.2815199,0.05,0.75,10.05195066017375
6966.0,0.4674131,0.0020098,0.1841803,0.1366577,0.6896354,0.0951766,0.5695931,0.0035689,0.0767309,0.038105,0.0028551,0.9867951,0.5379334,0.0359008,0.5384615,10.764286715905591
5943.0,0.4889786,0.0060575,0.1134107,0.0711228,0.8546189,0.0035336,0.7075306,0.0056918,0.0626095,0.0350655,0.0039405,0.997373,0.2217997,0.036036,0.4545455,11.331415578682627
2578.0,0.4972847,0.0046548,0.0636152,0.029321,0.9383243,0.0,0.8494749,0.0011669,0.0280047,0.0804721,0.0046674,0.8996499,0.1909871,0.1604938,0.4666667,11.37826200322577
97.0,0.4536082,0.0,0.257732,0.0754717,0.9072165,0.0,0.7857143,0.0,0.0,0.3823529,0.0,1.0,0.5882353,0.0,1.0,9.615805480084347
1642.0,0.4445798,0.7399513,0.181486,0.1524123,0.8696711,0.0,0.6760797,0.0016611,0.0299003,0.1615599,0.6860465,0.9966777,0.4442897,0.1497976,0.8,9.615805480084347
1194.0,0.4355109,0.0150754,0.2336683,0.1824926,0.781407,0.0,0.5794224,0.0018051,0.0451264,0.0704698,0.0126354,0.9945848,0.409396,0.0190114,0.2857143,11.576848171532921
212.0,0.5283019,0.0330189,0.1839623,0.11,0.8867925,0.0,0.7283951,0.0,0.0123457,0.1649485,0.0740741,1.0,0.3298969,0.4285714,0.5,9.615805480084347
53.0,0.5471698,0.0,0.0754717,0.0416667,0.8490566,0.0,0.6470588,0.0,0.1176471,0.7951807,0.0,1.0,0.5301205,0.0,0.0,9.770013301136158
50256.0,0.4773758,0.0040791,0.2314152,0.1077099,0.8529131,0.0181272,0.7428683,0.0026729,0.0487437,0.1409427,0.0036934,0.9818244,0.3139064,0.0468787,0.3727422,11.237185138527495
268.0,0.4850746,0.0,0.238806,0.1666667,0.880597,0.0,0.7168142,0.0,0.0,0.2042254,0.0,1.0,0.3169014,0.0666667,0.6,9.615805480084347
149.0,0.4630872,0.0,0.2550336,0.15,0.8657718,0.0,0.6666667,0.0,0.0,0.1176471,0.0,1.0,0.1617647,0.2727273,0.0,9.615805480084347
340.0,0.4441176,0.0,0.2029412,0.1481481,0.8558824,0.0,0.6896552,0.0,0.0275862,0.0397351,0.0,1.0,0.192053,0.1,0.0,10.39516093745751
8191.0,0.4634355,0.2361128,0.1197656,0.0916951,0.5326578,0.2648028,0.5748773,0.0016367,0.1092471,0.0527132,0.2602291,0.9873159,0.303876,0.0856164,0.7142857,10.847412906506923
2136.0,0.4723783,0.0074906,0.0898876,0.1055901,0.8614232,0.0992509,0.8805031,0.0083857,0.0440252,0.0791506,0.0020964,0.9979036,0.3648649,0.4630872,1.0,9.615805480084347
3616.0,0.5265487,0.0069137,0.0630531,0.0508178,0.8301991,0.0099558,0.6600284,0.0049787,0.0590327,0.1792177,0.0085349,0.9438122,0.4728546,0.0915493,0.64,10.87806606028079
2214.0,0.4516712,0.0560072,0.2199639,0.1795717,0.8514002,0.0103884,0.6946809,0.0010638,0.0170213,0.079334,0.0425532,0.9957447,0.2908913,0.0546075,0.75,10.243560441877241
367.0,0.5013624,0.0,0.1280654,0.1092896,0.8964578,0.0,0.7480916,0.0076336,0.0305344,0.070922,0.0,0.9389313,0.2269504,0.15625,1.0,10.454523783963511
946.0,0.4566596,0.0010571,0.2114165,0.1653696,0.8646934,0.0,0.6965174,0.0,0.0149254,0.1410256,0.0,0.9975124,0.224359,0.1157895,0.6428571,10.27163147557801
102.0,0.4705882,0.0,0.3235294,0.2037037,0.8137255,0.0,0.6086957,0.0,0.0217391,0.220339,0.0,0.9782609,0.440678,0.0,1.0,9.615805480084347
1907.0,0.4646041,0.0083901,0.22129,0.1831538,0.7362349,0.0713162,0.5956907,0.0025349,0.0468948,0.0899654,0.0101394,0.9784537,0.4232987,0.0131926,0.0,11.527823929632195
2818.0,0.4602555,0.0007097,0.1784954,0.1492439,0.8502484,0.0088715,0.6678261,0.0008696,0.0121739,0.0858506,0.0008696,0.9965217,0.2519873,0.061008,0.8181818,10.207325906555994
3991.0,0.4880982,0.0012528,0.1741418,0.1321586,0.7161113,0.0909546,0.6004994,0.0031211,0.0630462,0.1119734,0.0006242,0.9918851,0.4484479,0.0512091,0.5,10.606609816118151
160.0,0.51875,0.0,0.1875,0.0909091,0.875,0.0,0.7076923,0.0,0.0153846,0.2528736,0.0,1.0,0.3103448,0.0666667,0.0,9.615805480084347
174.0,0.4425287,0.0114943,0.2298851,0.1546392,0.8965517,0.0,0.7464789,0.0,0.0,0.1125,0.0140845,1.0,0.225,0.0,0.0,9.90353755128617
1035.0,0.468599,0.3922705,0.1594203,0.1454545,0.8618357,0.0241546,0.701847,0.0,0.0131926,0.086747,0.3905013,0.9973615,0.3060241,0.0944882,0.6,10.410335274932896
5849.0,0.4980339,0.0034194,0.1087365,0.0722071,0.9317832,0.0,0.8420245,0.0015337,0.0352761,0.018565,0.0025562,0.9846626,0.0587055,0.0921986,0.4545455,12.230770136157428
11175.0,0.4769575,0.0018792,0.1555257,0.1171942,0.895302,0.0059955,0.7663371,0.0024114,0.0236315,0.0340089,0.001688,0.979021,0.2865129,0.0606742,0.5294118,11.546369912189585
38696.0,0.493281,0.0688702,0.0593601,0.0496736,0.9109727,0.0051685,0.8081279,0.0036272,0.0370864,0.0557109,0.0668443,0.9875638,0.146512,0.1165442,0.1439394,10.909637269778615
4729.0,0.4609854,0.4510467,0.1835483,0.1581012,0.8566293,0.024741,0.7075099,0.0028233,0.0197628,0.0991862,0.3879164,0.9966121,0.2858596,0.1025641,0.4482759,9.961803629358965
88.0,0.5454545,0.0,0.1590909,0.1,0.8863636,0.0,0.71875,0.0,0.03125,0.030303,0.0,1.0,0.2424242,0.0,0.0,10.638280388314705
1292.0,0.4582043,0.001548,0.2972136,0.23,0.7739938,0.0874613,0.6646943,0.0019724,0.0157791,0.0611111,0.0,0.9940828,0.2777778,0.057971,0.3333333,9.928228944424575
21624.0,0.4678598,0.2715501,0.0877728,0.0781264,0.7986959,0.0983629,0.7489129,0.0047693,0.0465703,0.0904567,0.2554355,0.9844298,0.2994386,0.1581838,0.5483871,10.474495347310453
17988.0,0.4916611,0.0136202,0.0823327,0.0745844,0.9168334,0.0,0.8026419,0.0039314,0.0300362,0.0781386,0.0119516,0.993867,0.2610902,0.122449,0.3473684,10.682835364853922
751.0,0.4660453,0.0,0.1065246,0.1122195,0.89747,0.0,0.7526502,0.0035336,0.0176678,0.0274914,0.0,0.9893993,0.2199313,0.0666667,0.0,10.762170357789895
9664.0,0.4802359,0.0055877,0.2592094,0.1459287,0.7170944,0.0294909,0.5753455,0.0064646,0.0954079,0.2121531,0.0033437,0.9509585,0.573235,0.0496988,0.3764706,12.02455676409265
348.0,0.5172414,0.0,0.0718391,0.0535714,0.8735632,0.0,0.7833333,0.0083333,0.0666667,0.0839695,0.0,1.0,0.0534351,0.1176471,0.0,12.62346961830583
7494.0,0.5152122,0.0020016,0.0447024,0.0330306,0.912063,0.0,0.8027597,0.0097403,0.0511364,0.0412451,0.0020292,0.9833604,0.2124514,0.1684211,0.2,11.119897691565697
1118.0,0.4516995,0.7093023,0.1270125,0.1011419,0.8354204,0.0644007,0.7388889,0.0027778,0.0333333,0.0977444,0.6722222,0.9833333,0.3884712,0.175,1.0,9.952325334619427
1236.0,0.4546926,0.0008091,0.2152104,0.1661721,0.8236246,0.0169903,0.6600791,0.0079051,0.0316206,0.06814,0.0,0.9960474,0.2117864,0.0909091,0.3333333,10.114599007626499
5990.0,0.4724541,0.0008347,0.2108514,0.1594937,0.8328881,0.0191987,0.6666667,0.0024331,0.0210868,0.0478764,0.000811,0.9971614,0.2459459,0.0520833,0.3888889,10.616461869895815
2367.0,0.4499366,0.0025349,0.1639206,0.1374808,0.6814533,0.0194339,0.4862069,0.0112069,0.0767241,0.0756972,0.0017241,0.9913793,0.5713147,0.0119403,0.0,11.261909563554315
223.0,0.4663677,0.0,0.2959641,0.1344538,0.8789238,0.0,0.7032967,0.0,0.0,0.0618557,0.0,1.0,0.0824742,0.3333333,0.0,9.615805480084347
30111.0,0.4869317,0.0804357,0.0834911,0.0728202,0.893162,0.0138488,0.7801579,0.0023692,0.0432379,0.0565335,0.0748272,0.9510365,0.2962653,0.0843653,0.4851852,11.781432363235949
880.0,0.4715909,0.0,0.1647727,0.116129,0.8988636,0.0,0.7477745,0.0029674,0.0089021,0.0288184,0.0,0.9940653,0.1757925,0.1132075,0.6666667,10.154285180632154
2502.0,0.4860112,0.0647482,0.0755396,0.0357698,0.931255,0.0,0.8508969,0.0044843,0.0336323,0.1679104,0.0616592,0.9910314,0.301306,0.0783699,0.3529412,11.1154434073529
96.0,0.4895833,0.0,0.4479167,0.2653061,0.6875,0.0,0.4912281,0.0,0.0175439,0.304878,0.0,1.0,0.2804878,0.0,0.0,9.615805480084347
787.0,0.4866582,0.0,0.1689962,0.1584158,0.8742058,0.0,0.7066246,0.0031546,0.0157729,0.0784884,0.0,1.0,0.2034884,0.0428571,0.0,9.952325334619427
405.0,0.508642,0.0,0.1333333,0.0854271,0.8740741,0.0,0.7133758,0.0063694,0.0318471,0.0818713,0.0,0.9872611,0.374269,0.0851064,0.0,9.989711119284745
3274.0,0.4810629,0.0024435,0.239157,0.1383167,0.8200977,0.0,0.6553713,0.0108147,0.0497477,0.0354659,0.0,0.9545782,0.4707928,0.0971564,0.1304348,10.815790343132422
5580.0,0.5080645,0.0014337,0.0939068,0.0699454,0.931362,0.016129,0.8564694,0.0010477,0.0089052,0.0445445,0.0005238,0.9952855,0.1186186,0.0858896,0.4545455,10.789339695269716
104.0,0.5192308,0.0,0.0769231,0.0,0.9519231,0.0,0.8888889,0.0,0.0277778,0.0526316,0.0,0.9722222,0.0263158,0.0,1.0,11.391898423211194
3449.0,0.4844883,0.0127573,0.1211945,0.0883015,0.8602493,0.0,0.70317,0.0028818,0.0417867,0.0690812,0.0136888,0.9927954,0.3494299,0.0461165,0.5789474,10.647826772357497
1867.0,0.4922335,0.0026781,0.1215854,0.0780591,0.7975362,0.0026781,0.6720901,0.0037547,0.1076345,0.2272727,0.0037547,0.9849812,0.3810445,0.0344828,0.8793103,11.272139700982676
4795.0,0.4959333,0.0043796,0.0467153,0.0525445,0.9332638,0.0,0.842072,0.0050537,0.0303222,0.0216316,0.004422,0.9943146,0.105686,0.1313131,0.4285714,10.643064971973882
853.0,0.4689332,0.063306,0.119578,0.1037528,0.9132474,0.0,0.7749196,0.0032154,0.0096463,0.0771513,0.0514469,0.9903537,0.2818991,0.1836735,1.0,10.094149233605084
86.0,0.5813953,0.0,0.1627907,0.1388889,0.8837209,0.0,0.7352941,0.0,0.0294118,0.2765957,0.0,1.0,0.1702128,0.0,1.0,9.615805480084347
1214.0,0.5370675,0.2866557,0.0733114,0.069395,0.9456343,0.0,0.820339,0.0067797,0.0271186,0.0359477,0.4,0.4983051,0.4183007,0.5,0.0,10.529452721013085
9027.0,0.5093608,0.0139581,0.0884015,0.0419959,0.8980835,0.0,0.7945332,0.0055283,0.0623464,0.0315289,0.0156634,0.9867936,0.1763831,0.1078287,0.2173913,11.340962076644454
10486.0,0.4895098,0.0372878,0.0972726,0.0861199,0.876502,0.0214572,0.7641921,0.0030825,0.0310814,0.1071101,0.0305677,0.9696892,0.2493119,0.0827922,0.5165563,11.284781934567633
11336.0,0.5112032,0.0234651,0.1835745,0.0878903,0.7836097,0.0308751,0.6600607,0.0040445,0.0748231,0.348828,0.0167846,0.9193124,0.610482,0.0728528,0.3475936,11.308370569092329
6670.0,0.4892054,0.0055472,0.1856072,0.0707367,0.8691154,0.0,0.7420942,0.002811,0.0435699,0.2041387,0.006676,0.9515109,0.2941834,0.0276035,0.6459627,11.495789479023493
6523.0,0.5005366,0.2790127,0.1096121,0.0816452,0.8910011,0.0210026,0.7810967,0.0040125,0.0258582,0.1494122,0.2572448,0.9759251,0.325749,0.1455696,0.78125,10.668978650219241
854.0,0.4625293,0.001171,0.2810304,0.2418301,0.7880562,0.057377,0.6685393,0.008427,0.0252809,0.0481283,0.0,0.997191,0.2032086,0.0327869,0.0,10.043292972227004
590.0,0.4559322,0.0,0.1694915,0.1214953,0.8932203,0.0,0.7330317,0.0045249,0.0180995,0.0635593,0.0,0.9457014,0.2415254,0.0727273,0.3333333,10.169728906753061
3603.0,0.5112406,0.0016653,0.0877047,0.0516752,0.9458784,0.0,0.8491773,0.0018282,0.0219378,0.0453752,0.0027422,0.9862888,0.1832461,0.1848739,0.3529412,11.265758139843117
434.0,0.4884793,0.0,0.1658986,0.1576577,0.8686636,0.0,0.6787879,0.0,0.0242424,0.175,0.0,0.9939394,0.215,0.0588235,0.75,9.615805480084347
1568.0,0.4770408,0.0,0.130102,0.1207317,0.8852041,0.0197704,0.7719008,0.0,0.0181818,0.0692308,0.0,0.9983471,0.3261538,0.0358974,0.5,10.526775414924009
5479.0,0.4929732,0.0020077,0.1135244,0.099712,0.8379266,0.0521993,0.7240125,0.0025988,0.0317048,0.1084337,0.0010395,0.8284823,0.4119555,0.1144928,0.7647059,10.623787731088578
86976.0,0.4994251,0.0084736,0.0424255,0.0359915,0.9231052,0.0025639,0.8127482,0.0072495,0.0441522,0.0523989,0.0095245,0.9349863,0.3323711,0.1506429,0.4630872,10.813780332606648
11686.0,0.4371042,0.0074448,0.5987506,0.2610216,0.7819613,0.0,0.6095161,0.0008065,0.018871,0.1783726,0.003871,0.9833871,0.6712165,0.0189702,0.6060606,11.467938559235831
112.0,0.4910714,0.0,0.4196429,0.245614,0.7857143,0.0,0.5714286,0.0,0.0,0.2432432,0.0,1.0,0.2162162,0.125,1.0,9.615805480084347
128.0,0.515625,0.0,0.171875,0.0806452,0.859375,0.0,0.6730769,0.0,0.0192308,0.037037,0.0,1.0,0.1851852,0.125,0.0,9.615805480084347
1628.0,0.5042998,0.0079853,0.1320639,0.0731103,0.8925061,0.0,0.7711268,0.0088028,0.0580986,0.1406959,0.0088028,0.8802817,0.2950076,0.1597222,0.0819672,11.782960235741939
49676.0,0.4804735,0.0020936,0.1701627,0.1243025,0.820376,0.0203519,0.6645688,0.0051261,0.0520733,0.0429862,0.0011673,0.9832513,0.3010977,0.069832,0.4083333,10.668978650219241
172.0,0.5232558,0.0,0.1453488,0.1585366,0.8430233,0.0,0.6212121,0.0,0.030303,0.1428571,0.0,0.9848485,0.1948052,0.0,1.0,9.615805480084347
748.0,0.4973262,0.0026738,0.1938503,0.1569149,0.8368984,0.0026738,0.6551724,0.0031348,0.0188088,0.1236264,0.0031348,0.9905956,0.3818681,0.1401869,1.0,10.21833478806055
571.0,0.497373,0.0017513,0.1313485,0.1289199,0.9019264,0.0,0.7559809,0.0,0.0239234,0.05,0.0047847,1.0,0.2272727,0.1891892,1.0,10.422311107413181
10941.0,0.4537062,0.1063888,0.1703683,0.1540907,0.8433416,0.0183713,0.6857985,0.0045372,0.0201906,0.0579184,0.0809891,0.9961434,0.3669588,0.1088235,0.6136364,10.043292972227004
5380.0,0.4834572,0.020632,0.135316,0.0698093,0.7828996,0.0819703,0.7113095,0.0019841,0.0565476,0.0199319,0.0128968,0.983631,0.4175984,0.0465686,0.5,11.381688580803818
23674.0,0.4720791,0.0100532,0.1338599,0.1148184,0.8199713,0.0075188,0.6385592,0.0038188,0.0447931,0.055653,0.0080504,0.9959748,0.4331384,0.0622194,0.5641026,10.650199196425806
84.0,0.547619,0.0,0.2738095,0.1578947,0.8571429,0.0,0.6842105,0.0,0.0,0.3090909,0.0,1.0,0.5090909,0.0,0.0,9.615805480084347
1274.0,0.4858713,0.0007849,0.1405024,0.0900763,0.88854,0.0,0.7541322,0.0082645,0.0371901,0.0850662,0.0,0.9958678,0.1984877,0.0564516,0.3333333,10.635879484421974
7514.0,0.4992015,0.0077189,0.1333511,0.0395961,0.9315944,0.0005323,0.8668457,0.0007675,0.0406754,0.0283371,0.0065234,0.9823484,0.0469799,0.0794702,0.2820513,13.122367377396328
2555.0,0.4767123,0.0790607,0.0853229,0.092745,0.9299413,0.0,0.8182884,0.003517,0.0234467,0.041573,0.0750293,1.0,0.252809,0.1369295,0.5454545,10.445840912706414
135.0,0.5259259,0.0074074,0.1259259,0.09375,0.8740741,0.0,0.7307692,0.0,0.0576923,0.2676056,0.0,1.0,0.4225352,0.0555556,0.0,10.616461869895815
4231.0,0.4523753,0.0,0.2637674,0.1907639,0.8033562,0.0274167,0.6364133,0.002187,0.0229634,0.0601233,0.0,0.993439,0.3052415,0.0549085,0.5151515,10.292179440058462
746.0,0.4544236,0.0254692,0.2949062,0.2628993,0.769437,0.0978552,0.6618705,0.0035971,0.0143885,0.1061093,0.0107914,0.9892086,0.3665595,0.0707071,1.0,9.77571099759397
1657.0,0.4453832,0.0006035,0.3059747,0.2023939,0.7881714,0.032589,0.6246499,0.0014006,0.0308123,0.0530504,0.0014006,0.9985994,0.3474801,0.05,0.6666667,10.188704088048116
43764.0,0.4840737,0.0213874,0.132072,0.1087294,0.7879307,0.0216616,0.6226071,0.003707,0.0662831,0.0615297,0.0203607,0.9873852,0.3462797,0.0630532,0.4142857,10.616461869895815
3212.0,0.4620174,0.369863,0.1562889,0.1666667,0.8770237,0.0370486,0.7578269,0.0018416,0.0110497,0.0804403,0.3489871,0.9861878,0.2929721,0.1580645,0.8461538,10.158168529848494
15336.0,0.4722874,0.019627,0.153169,0.1339429,0.8182055,0.0239306,0.6646013,0.0076635,0.0427197,0.066088,0.0180988,0.9977173,0.3572407,0.0906096,0.6097561,10.367253014814716
5219.0,0.4788274,0.0191608,0.1438973,0.1003676,0.8865683,0.0028741,0.7678293,0.0010411,0.0468506,0.0223919,0.0156169,0.9843831,0.0804071,0.0769231,0.5333333,12.170450649220749
520.0,0.4923077,0.0,0.1673077,0.0833333,0.8826923,0.0,0.7487923,0.0096618,0.0241546,0.0717489,0.0,0.9951691,0.3318386,0.0833333,0.5,9.615805480084347
11818.0,0.5071924,0.0196311,0.145033,0.0813874,0.8679134,0.0427314,0.7798359,0.0009379,0.024619,0.0322215,0.0039859,0.9924971,0.0973451,0.034296,0.2580645,11.625369830810577
6119.0,0.4925641,0.0052296,0.0343193,0.04219,0.9658441,0.0,0.9052004,0.0010834,0.0140845,0.0217276,0.0043337,0.9945829,0.0630631,0.2375,0.3333333,10.480129006333248
559.0,0.4597496,0.0,0.3738819,0.2384106,0.7423971,0.0948122,0.6255144,0.0,0.0,0.1352313,0.0,0.9958848,0.3843416,0.0147059,0.8,9.615805480084347
3612.0,0.4786822,0.0013843,0.1531008,0.1375465,0.8696013,0.0268549,0.7479308,0.0045147,0.0225734,0.1381323,0.0007524,0.9902182,0.3242542,0.1313131,0.6285714,10.34177474101152
117.0,0.5213675,0.0,0.2649573,0.1785714,0.8717949,0.0,0.6938776,0.0,0.0,0.1090909,0.0,1.0,0.2727273,0.1428571,1.0,9.615805480084347
465.0,0.4752688,0.0,0.227957,0.1188525,0.883871,0.0,0.7210526,0.0,0.0052632,0.214876,0.0,0.9842105,0.2520661,0.1034483,1.0,10.003378135350923
331.0,0.5256798,0.0,0.1087613,0.0573248,0.7885196,0.0,0.6137931,0.0137931,0.0689655,0.5454545,0.0,0.9724138,0.4890282,0.0655738,0.8571429,10.477316144080852
3925.0,0.463949,0.1141401,0.169172,0.1535171,0.8481529,0.0096815,0.6855576,0.0036563,0.0170628,0.0817012,0.0968921,0.9963437,0.2881925,0.075,0.6071429,10.360944044643913
1123.0,0.4585931,0.0,0.2288513,0.1809211,0.7319679,0.0436331,0.5720165,0.0020576,0.0740741,0.3871375,0.0,0.9938272,0.4136192,0.0443548,0.6,11.299744620670225
5511.0,0.4677917,0.0005444,0.2177463,0.1530856,0.8292506,0.0096171,0.6462408,0.0034767,0.0243372,0.0554187,0.0,0.9991308,0.2495895,0.0372272,0.5,10.584081267024454
227.0,0.4889868,0.0088106,0.1145374,0.0689655,0.9515419,0.0,0.8533333,0.0,0.0,0.0506329,0.0133333,1.0,0.0886076,0.1333333,0.0,10.047631185616188
108751.0,0.4803174,0.0287538,0.1317137,0.0934249,0.7994685,0.0239814,0.6536612,0.0047855,0.0718047,0.0395619,0.0223245,0.9922379,0.3115915,0.0512284,0.3029557,10.666650414667744
442.0,0.4773756,0.0,0.1945701,0.1774892,0.8506787,0.0,0.6511628,0.005814,0.0174419,0.1313131,0.0,1.0,0.4242424,0.2045455,0.8,9.615805480084347
8387.0,0.5020866,0.0156194,0.0538929,0.0402299,0.9328723,0.0047693,0.8556494,0.0052272,0.048653,0.0197083,0.0164857,0.942501,0.3035081,0.1986971,0.0714286,12.247219387314328
761.0,0.4651774,0.0026281,0.3311432,0.2358722,0.7687254,0.0696452,0.6363636,0.0031348,0.0188088,0.1039326,0.0031348,0.9905956,0.2275281,0.0365854,0.7272727,9.615805480084347
233.0,0.4463519,0.0,0.1373391,0.1162791,0.888412,0.0,0.6941176,0.0,0.0,0.1747573,0.0,1.0,0.3786408,0.05,0.75,9.615805480084347
4522.0,0.4902698,0.0057497,0.0749668,0.0624729,0.9068996,0.0130473,0.8027211,0.0037106,0.0210266,0.0294118,0.0055659,0.9981447,0.2460984,0.0342466,0.75,10.799595985047786
1301.0,0.5065334,0.0,0.140661,0.1090343,0.9246733,0.0,0.8174442,0.0020284,0.0141988,0.0627376,0.0,0.9979716,0.1730038,0.1481481,0.6,10.5506169722625
492.0,0.453252,0.0020325,0.1463415,0.133829,0.9430894,0.0,0.8125,0.0,0.0069444,0.2615385,0.0069444,0.9791667,0.5589744,0.4146341,1.0,9.820160289946374
3698.0,0.4797188,0.0181179,0.0570579,0.0530146,0.9421309,0.0,0.8441558,0.0016234,0.012987,0.078534,0.0162338,0.9918831,0.2453254,0.1620553,0.3421053,10.857093336791094
3423.0,0.5132924,0.0011686,0.0239556,0.0222089,0.9439089,0.0,0.8696462,0.0027933,0.0428305,0.0289331,0.0009311,0.9990689,0.1473779,0.0467836,0.5,10.968215530759236
11216.0,0.457204,0.0407454,0.1636056,0.1414258,0.7883381,0.0120364,0.6133813,0.0050815,0.0709295,0.1332355,0.041499,0.9771332,0.3883281,0.0450237,0.8148148,11.403121759615027
12180.0,0.4760263,0.3930213,0.1218391,0.117518,0.851642,0.0036125,0.6717724,0.0043764,0.0428884,0.0858172,0.3680525,0.943326,0.3168634,0.1213873,0.3235294,9.792611856190192
13647.0,0.4859676,0.0674874,0.0746684,0.0709907,0.8838573,0.0150216,0.7764682,0.0074442,0.0452854,0.0896084,0.0610008,0.9919355,0.3032756,0.1128806,0.2641509,10.985309671896763
364040.0,0.4650725,0.3794418,0.1393418,0.1191311,0.7236595,0.0405944,0.5358166,0.0030517,0.0690156,0.087209,0.3486996,0.9941623,0.5198358,0.0668173,0.5213537,10.718874489469398
59.0,0.5254237,0.0,0.1525424,0.0714286,0.7966102,0.0,0.5925926,0.0,0.037037,0.3076923,0.0,1.0,0.6153846,0.1818182,1.0,9.841665338892785
2516.0,0.532194,0.1327504,0.0985692,0.0917587,0.786566,0.11407,0.7546729,0.0070093,0.0350467,0.0695652,0.0689252,0.978972,0.2315217,0.0728745,0.2142857,10.874285408908944
207.0,0.4347826,0.0,0.2801932,0.2307692,0.826087,0.0,0.6421053,0.0,0.0210526,0.2578125,0.0,1.0,0.265625,0.0666667,0.6,9.615805480084347
3023.0,0.4495534,0.0006616,0.2064175,0.155649,0.7820046,0.0324181,0.6354916,0.0127898,0.0583533,0.0888565,0.0007994,0.9984013,0.5098325,0.0649819,0.0,10.902297921958713
58043.0,0.4934617,0.0311665,0.0551315,0.0447264,0.9257275,0.0088038,0.8392189,0.0021811,0.0279913,0.0570029,0.0278355,0.9830183,0.1556317,0.131121,0.5332068,10.904137815028022
615.0,0.502439,0.0,0.1626016,0.0882353,0.8617886,0.0,0.7056452,0.0120968,0.0322581,0.0606061,0.0,0.9959677,0.2272727,0.12,0.75,10.122663242288953
4679.0,0.5069459,0.416542,0.0889079,0.0884265,0.5939303,0.3263518,0.7294408,0.0041118,0.0287829,0.022508,0.3758224,0.9950658,0.3199357,0.0840108,0.5,10.85516473308054
5080.0,0.5541339,0.0836614,0.0005906,0.000883,0.8519685,0.1332677,0.9437596,0.0,0.0015408,0.0233258,0.0770416,0.9622496,0.0406321,0.1687211,0.0,0.0
22935.0,0.5033355,0.0116416,0.0251581,0.0218594,0.9615871,0.0,0.904755,0.0036464,0.0236289,0.0350457,0.0094807,0.9864352,0.06981,0.2080537,0.3333333,11.229248693912288
2179.0,0.4245067,0.1867829,0.229922,0.2113238,0.7861404,0.0986691,0.7110818,0.0026385,0.0316623,0.1396141,0.1701847,0.9841689,0.3257662,0.1416309,0.6666667,10.239995502805316
49.0,0.5714286,0.122449,0.122449,0.047619,0.877551,0.0,0.6842105,0.0,0.0,0.173913,0.2105263,1.0,0.5652174,0.0,0.0,9.615805480084347
515.0,0.4582524,0.0,0.1398058,0.1111111,0.8796117,0.0,0.7211538,0.0048077,0.0144231,0.0414747,0.0,1.0,0.3548387,0.0142857,0.0,10.591647316585027
469.0,0.4840085,0.0,0.1769723,0.1694215,0.8336887,0.0,0.6363636,0.0,0.030303,0.5037594,0.0,0.989899,0.3433584,0.0684932,0.4285714,9.61587214452889
3359.0,0.4787139,0.091694,0.0976481,0.0913764,0.8740697,0.0,0.7328819,0.0030098,0.0443943,0.0757997,0.0790068,0.9909707,0.3289291,0.0607375,0.4736842,11.03973275601109
18262.0,0.4743183,0.0043259,0.1894645,0.1365625,0.8705509,0.0,0.7118526,0.0012565,0.0336451,0.0746674,0.0037694,0.9576993,0.3493089,0.0483314,0.6343284,11.947308393235778
4434.0,0.4799278,0.0018042,0.1208841,0.0954033,0.8698692,0.0,0.7074627,0.0065672,0.039403,0.0284223,0.000597,0.9952239,0.2633411,0.0857633,0.375,10.694237736914808
10332.0,0.4798684,0.0021293,0.1484708,0.1075549,0.8890825,0.0184863,0.7744241,0.0021181,0.0206513,0.0225155,0.0013238,0.9819963,0.1612319,0.0574163,0.4736842,11.07443600653965
75450.0,0.4701392,0.28167,0.1475547,0.1195658,0.8142213,0.0321537,0.657738,0.0030632,0.041081,0.1058734,0.2465879,0.9461557,0.3684419,0.0986372,0.5320388,10.55843949396453
4292.0,0.4895154,0.0018639,0.1048462,0.086262,0.8723206,0.0018639,0.7275542,0.006192,0.044582,0.021805,0.0012384,0.9907121,0.2537856,0.0878788,0.375,10.609081944147828
1953.0,0.453661,0.0824373,0.1771633,0.1640112,0.875064,0.0,0.7135922,0.0012136,0.0097087,0.0528736,0.0776699,1.0,0.3183908,0.0681004,0.7142857,9.994287576862567
705.0,0.4865248,0.0,0.2553191,0.1933702,0.7943262,0.1390071,0.803653,0.0045662,0.0182648,0.0759494,0.0,1.0,0.1772152,0.1111111,0.0,10.382853468483827
1954.0,0.486694,0.0025589,0.1443193,0.0937188,0.877175,0.0020471,0.7216216,0.0027027,0.0351351,0.0301442,0.0027027,0.9891892,0.2896461,0.0634146,0.8,10.357774570341576
1024.0,0.5068359,0.0039062,0.1054688,0.0752475,0.9003906,0.0048828,0.767313,0.0027701,0.0277008,0.0623377,0.0,1.0,0.212987,0.1323529,1.0,10.016860879703811
11886.0,0.4899041,0.0038701,0.1069325,0.0816428,0.8430927,0.0010937,0.6680346,0.0049676,0.0557235,0.0687852,0.0034557,0.8758099,0.5685841,0.0845735,0.3902439,10.751520856703959
13961.0,0.4964544,0.0008595,0.0633192,0.0372688,0.9570948,0.001146,0.8637697,0.0015996,0.0151959,0.0239396,0.0018662,0.9792055,0.1826698,0.1612903,0.4137931,11.083695189061785
327.0,0.4862385,0.0,0.1620795,0.1488095,0.8807339,0.0,0.7063492,0.0,0.015873,0.0454545,0.0,1.0,0.1742424,0.0769231,0.0,10.177362240256695
1394.0,0.4555237,0.0,0.2998565,0.2371542,0.7496413,0.045911,0.5803859,0.011254,0.0241158,0.0866373,0.0,1.0,0.4082232,0.0439024,0.7,9.729193687429403
436.0,0.4587156,0.0,0.1077982,0.0762712,0.8944954,0.0,0.7664671,0.0,0.0359281,0.0972973,0.0,0.988024,0.3459459,0.0434783,0.0,10.373522431293592
642.0,0.529595,0.0031153,0.0451713,0.0562914,0.9392523,0.0,0.7826087,0.0,0.0248447,0.0639535,0.0124224,0.9937888,0.7325581,0.2830189,0.0,10.069044362997353
3680.0,0.5081522,0.0,0.1157609,0.078453,0.8592391,0.0,0.7307692,0.0020243,0.0573549,0.5161606,0.0,0.9925776,0.1286321,0.0483871,0.6521739,11.654433707761807
2373.0,0.4778761,0.3299621,0.1407501,0.1113801,0.854193,0.0033713,0.6883978,0.0055249,0.0486188,0.0840081,0.2828729,0.9944751,0.6184211,0.1383929,0.0,9.729193687429403
2115.0,0.455792,0.0023641,0.2761229,0.1972198,0.7309693,0.0761229,0.6028292,0.0054407,0.0402612,0.0670051,0.0021763,0.9673558,0.457868,0.0495283,0.2,11.205054290550551
44.0,0.4772727,0.0,0.1590909,0.0,0.9772727,0.0,0.9285714,0.0,0.0,0.3913043,0.0,1.0,0.173913,0.0,0.0,10.499600568082863
204.0,0.4607843,0.0,0.2107843,0.1818182,0.8480392,0.0,0.6352941,0.0,0.0,0.1145833,0.0,0.9882353,0.375,0.04,0.0,9.615805480084347
2807.0,0.475953,0.0003563,0.1075882,0.096533,0.9041682,0.0146063,0.8014042,0.004012,0.0210632,0.0869963,0.001003,0.9909729,0.2326007,0.1238938,0.9090909,10.451637862362272
507.0,0.4970414,0.0,0.1143984,0.0941176,0.9112426,0.0,0.7783784,0.0108108,0.0108108,0.1105769,0.0,0.9567568,0.4326923,0.2,0.0,9.711176264112805
17839.0,0.4929088,0.0653624,0.1330792,0.1107672,0.7642805,0.0086888,0.5903255,0.0064842,0.0927247,0.1145941,0.054727,0.9805473,0.3905156,0.0477717,0.3579545,11.020283511637867
22897.0,0.4912434,0.2183255,0.0724986,0.0700489,0.8867537,0.008036,0.7612188,0.0068842,0.0467874,0.0460902,0.2219531,0.9858491,0.2648668,0.1199282,0.5833333,10.604131561522696
2613.0,0.4619212,0.0003827,0.2598546,0.1920341,0.7669346,0.047455,0.6071103,0.006381,0.0346399,0.0655877,0.0009116,0.9945305,0.4293015,0.0483461,0.3333333,10.49684202174171
241.0,0.5435685,0.0,0.0829876,0.0818182,0.9419087,0.0,0.8333333,0.0,0.0454545,0.0833333,0.0,1.0,0.8888889,0.2727273,0.0,9.615805480084347
4727.0,0.4956632,0.0008462,0.0609266,0.0536913,0.9196107,0.0,0.8075995,0.0030157,0.0301568,0.0315421,0.0,0.9933655,0.1536215,0.0798122,0.75,11.166214996056205
3637.0,0.5947209,0.1762442,0.0632389,0.0542741,0.6035194,0.2848502,0.6941176,0.004902,0.0764706,0.0458372,0.0313725,0.995098,0.3208606,0.0428894,0.0,11.538602958260002
522.0,0.467433,0.0862069,0.1743295,0.1690647,0.8773946,0.0,0.7093596,0.0,0.0246305,0.1135371,0.0935961,1.0,0.3187773,0.2711864,1.0,10.243560441877241
137.0,0.5255474,0.0,0.2189781,0.1076923,0.9270073,0.0,0.8148148,0.0,0.0,0.0526316,0.0,1.0,0.1929825,0.1,0.0,10.150386692204734
1519.0,0.4970375,0.005925,0.1033575,0.0431937,0.9545754,0.0,0.9,0.006,0.026,0.0176817,0.008,0.996,0.0333988,0.25,0.0,11.421917019425596
3853.0,0.4964962,0.0012977,0.1173112,0.0726804,0.8549182,0.0085648,0.7084507,0.0112676,0.0542254,0.1425121,0.0028169,0.9556338,0.428744,0.1606864,0.2272727,10.84546552414626
1297.0,0.4572089,0.0061681,0.231303,0.2201705,0.8026214,0.0424056,0.6354582,0.0039841,0.0159363,0.1548822,0.001992,0.9960159,0.3989899,0.0918919,0.75,9.735128070758227
47.0,0.5106383,0.0851064,0.1489362,0.173913,0.893617,0.0,0.75,0.0,0.0,0.047619,0.15,1.0,0.1904762,0.0,0.0,9.615805480084347
268.0,0.5074627,0.0373134,0.1156716,0.0681818,0.9477612,0.0,0.8762887,0.0,0.0206186,0.0490196,0.0309278,0.9690722,0.1568627,0.1,0.0,11.020283511637867
414.0,0.442029,0.0024155,0.3115942,0.1948052,0.8309179,0.0,0.6387435,0.0,0.0052356,0.1074766,0.0,1.0,0.2663551,0.0806452,1.0,9.615805480084347
1147.0,0.4847428,0.0,0.146469,0.0964467,0.8648649,0.0156931,0.7272727,0.002331,0.034965,0.0612691,0.0,0.983683,0.3041575,0.1204819,0.0,10.712215345197256
1211.0,0.507019,0.0,0.0652353,0.0435511,0.9454996,0.0,0.8551136,0.0028409,0.0284091,0.0588235,0.0,0.96875,0.1524064,0.1492537,1.0,10.97337452485014
1373.0,0.4384559,0.3656227,0.2010197,0.1958495,0.8077203,0.0182083,0.6271186,0.0067797,0.0220339,0.0992366,0.2830508,0.9966102,0.3038168,0.0745614,0.8,10.308985993422082
3226.0,0.4779913,0.0,0.1791692,0.1466746,0.83292,0.0309981,0.6865787,0.0007758,0.0256012,0.0719942,0.0,0.9984484,0.3146148,0.0904255,0.5,10.471666571132038
3795.0,0.8437418,0.1056653,0.0007905,0.005059,0.2371542,0.7573123,0.9576547,0.0,0.019544,0.0436137,0.1172638,0.9153094,0.6915888,0.0397351,0.0,10.868587496017359
7736.0,0.4644519,0.0349018,0.0545502,0.0453777,0.3543175,0.3632368,0.4709365,0.0043057,0.3040904,0.0847291,0.0139935,0.9951561,0.4541872,0.0696475,0.3,10.83370091325064
370.0,0.4918919,0.0054054,0.1648649,0.1223404,0.9054054,0.0,0.7913669,0.0143885,0.0143885,0.0608108,0.0071942,0.9928058,0.1283784,0.0952381,0.0,9.867912187022208
1180.0,0.4694915,0.1737288,0.1686441,0.1357827,0.8576271,0.0,0.6792453,0.0041929,0.0209644,0.0773694,0.1257862,0.9958071,0.3307544,0.1285714,0.7692308,10.236417809461043
970.0,0.4907216,0.0123711,0.1134021,0.0931174,0.9237113,0.0,0.8081395,0.0,0.0203488,0.0851064,0.0116279,0.9854651,0.3776596,0.1923077,0.5,10.53212287826962
160.0,0.4875,0.0,0.20625,0.0853659,0.8375,0.0,0.6805556,0.0,0.0416667,0.1428571,0.0,1.0,0.297619,0.0769231,0.3333333,10.254179634797001
266.0,0.4473684,0.0075188,0.3270677,0.1564626,0.8834586,0.0,0.7674419,0.0,0.0077519,0.4415584,0.0077519,0.9922481,0.3809524,0.0,1.0,11.199597325534862
5630.0,0.4825933,0.0831261,0.0841918,0.0587024,0.9245115,0.0,0.8267677,0.0050505,0.0292929,0.0471607,0.069697,0.9954545,0.1626564,0.1295775,0.24,10.791399385808587
18334.0,0.4792189,0.0111269,0.1482492,0.1123796,0.8614596,0.0209447,0.7293124,0.0043706,0.0332168,0.0551961,0.0122378,0.9729021,0.2480385,0.0468506,0.4875,10.889323003601277
600.0,0.425,0.6383333,0.1816667,0.1449275,0.8916667,0.0,0.7217391,0.0,0.0043478,0.0763052,0.6043478,0.9956522,0.3413655,0.0786517,1.0,10.169728906753061
522.0,0.4789272,0.0,0.1685824,0.1691176,0.8505747,0.0,0.6842105,0.0047847,0.0239234,0.0669643,0.0,0.9904306,0.2366071,0.0909091,0.9,10.188704088048116
1604.0,0.5099751,0.0024938,0.0841646,0.0534351,0.9345387,0.0,0.8330171,0.0018975,0.0322581,0.05386,0.0018975,0.9943074,0.2046679,0.173913,0.3333333,11.557908390796706
385.0,0.4441558,0.4831169,0.2181818,0.1588785,0.8753247,0.0,0.7032258,0.0,0.0129032,0.0828402,0.3225806,0.9870968,0.2662722,0.0769231,0.75,9.648659816955295
530.0,0.4867925,0.0,0.1584906,0.1286765,0.8698113,0.0,0.7121951,0.0097561,0.0243902,0.0969163,0.0,0.9902439,0.3171806,0.1315789,0.75,10.106469212026385
474.0,0.4725738,0.0,0.1308017,0.1,0.9092827,0.0,0.7804878,0.0060976,0.0304878,0.1086957,0.0,1.0,0.3478261,0.1666667,0.5,9.680406499268875
347.0,0.5446686,0.0028818,0.0806916,0.0379747,0.7867435,0.0720461,0.7142857,0.015873,0.0714286,0.3189189,0.0079365,0.968254,0.3027027,0.0769231,0.8571429,10.736418414365376
2384.0,0.5012584,0.0050336,0.0364933,0.0260723,0.9521812,0.0,0.8743386,0.0026455,0.0198413,0.015625,0.005291,0.994709,0.0286458,0.0289855,0.6666667,11.252871529635922
346.0,0.4537572,0.0,0.2023121,0.1640212,0.8410405,0.0,0.6912752,0.0067114,0.0402685,0.2358974,0.0,1.0,0.2564103,0.0285714,0.8461538,10.192456296870509
2691.0,0.4856931,0.0798959,0.1248606,0.0946532,0.8795987,0.0,0.7327586,0.0028736,0.0335249,0.0491803,0.0977011,0.9846743,0.2349727,0.0442177,0.25,10.718874489469398
11743.0,0.4712595,0.0081751,0.1285021,0.0781124,0.7525334,0.0065571,0.5957115,0.0048733,0.1155945,0.0375235,0.0070175,0.9647173,0.3234522,0.0254813,0.2653061,12.493133274926212
284.0,0.5,0.0,0.2288732,0.1830986,0.8661972,0.0,0.6896552,0.0,0.0172414,0.0645161,0.0,1.0,0.2096774,0.0,0.0,9.6678285081515
1369.0,0.4660336,0.0197224,0.1760409,0.1326949,0.8597516,0.0073046,0.7142857,0.0057143,0.0457143,0.0994854,0.0114286,0.9847619,0.238422,0.0588235,0.7272727,11.072884439922198
3181.0,0.4910406,0.0113172,0.1232317,0.1210624,0.8984596,0.0135178,0.7650765,0.0018002,0.0144014,0.1702763,0.0162016,0.5283528,0.4324122,0.1690647,0.7391304,10.177362240256695
1234.0,0.4327391,0.0056726,0.4035656,0.2528571,0.6815235,0.0,0.5014925,0.0014925,0.0716418,0.7850497,0.0044776,0.9910448,0.4042348,0.0343137,0.3896104,11.983560145061489
46079.0,0.4944118,0.0385859,0.0988737,0.0577328,0.9089173,0.0031251,0.8052348,0.0073133,0.0484988,0.0650192,0.0356685,0.9078779,0.2660749,0.1467358,0.21673,11.417526281205168
64.0,0.546875,0.0,0.140625,0.0344828,0.875,0.0,0.7083333,0.0,0.0416667,0.1111111,0.0,1.0,0.3333333,0.0,0.0,9.873079890114703
5251.0,0.5513236,0.1222624,0.0007618,0.0046689,0.8762141,0.1175014,0.9756863,0.0,0.0015686,0.0989399,0.1223529,0.9560784,0.1526502,0.2012628,0.5,10.351405324899678
490.0,0.4734694,0.0306122,0.1591837,0.1782946,0.8836735,0.0,0.718593,0.0,0.0050251,0.0829493,0.0301508,0.9949749,0.2672811,0.0697674,0.6666667,10.077482875583607
169.0,0.408284,0.6568047,0.1301775,0.12,0.9112426,0.0,0.75,0.0,0.0178571,0.3411765,0.5357143,1.0,0.2352941,0.1666667,0.0,10.407318772389159
4111.0,0.4271467,0.6803697,0.1615179,0.1579618,0.8469959,0.0454877,0.7155963,0.0021171,0.0225829,0.122057,0.6506704,0.9943543,0.3748451,0.1841216,0.8,9.908524844053396
193.0,0.492228,0.0,0.1502591,0.1122449,0.9119171,0.0,0.7826087,0.0,0.0289855,0.0416667,0.0,1.0,0.0972222,0.6666667,0.0,9.711176264112805
1009.0,0.444995,0.1248761,0.2319128,0.2464286,0.7383548,0.1546085,0.7,0.0029412,0.0117647,0.119171,0.1029412,0.9970588,0.373057,0.1357143,0.5,10.428245666832275
9651.0,0.4529064,0.3864884,0.1843332,0.1515152,0.8546265,0.0193762,0.7035176,0.0037027,0.0187781,0.05475,0.3364189,0.9973552,0.31525,0.0976923,0.4615385,10.154285180632154
5566.0,0.4973051,0.0,0.0828243,0.0461044,0.958498,0.0,0.8651685,0.0026438,0.010575,0.0405834,0.0,0.9748843,0.1509195,0.2332016,0.5,10.851296331126829
784.0,0.5178571,0.002551,0.1084184,0.0449735,0.9311224,0.0,0.8235294,0.0034602,0.0069204,0.0302013,0.0034602,1.0,0.0872483,0.0789474,0.0,11.261909563554315
1092.0,0.5045788,0.1135531,0.0924908,0.0609982,0.9212454,0.0,0.8103896,0.0025974,0.0311688,0.0540541,0.0753247,0.9922078,0.3144963,0.1408451,0.375,10.874285408908944
23682.0,0.4596318,0.4165189,0.1743941,0.1557396,0.8158517,0.0591589,0.6921828,0.0035955,0.0237764,0.1095735,0.3797263,0.9841104,0.2992874,0.1396985,0.6774194,10.138599199626192
2328.0,0.4974227,0.0090206,0.0652921,0.0282051,0.9621993,0.0030069,0.9127086,0.0025674,0.0115533,0.0346964,0.0077022,0.9768935,0.023544,0.1698113,0.3125,11.358619773129229
22.0,0.4545455,0.1363636,0.1818182,0.1666667,0.9545455,0.0,0.8888889,0.0,0.0,0.3571429,0.1111111,1.0,0.1428571,0.0,0.0,9.615805480084347
148.0,0.5,0.0,0.1283784,0.0675676,0.9594595,0.0,0.8909091,0.0,0.0,0.0517241,0.0,1.0,0.1551724,0.0,0.0,10.505094936455558
2051.0,0.4592882,0.0048757,0.2096538,0.1740307,0.8166748,0.0399805,0.6751515,0.0036364,0.0230303,0.0709459,0.0048485,0.9975758,0.3153153,0.0519031,0.4615385,10.236417809461043
190.0,0.4947368,0.0,0.2684211,0.1979167,0.8263158,0.0,0.6774194,0.0107527,0.0215054,0.0970874,0.0,1.0,0.2524272,0.0,0.0,10.034559673629849
23302.0,0.4936915,0.0118445,0.0774182,0.0634853,0.9036134,0.0,0.7908513,0.0007624,0.0578145,0.0228458,0.0135959,0.9886912,0.1992799,0.05,0.4642857,12.02035131605286
2350.0,0.487234,0.0170213,0.12,0.1120332,0.8497872,0.0191489,0.703271,0.0058411,0.046729,0.0509978,0.0163551,0.9918224,0.3536585,0.0696517,0.25,11.74325116281265
4159.0,0.4558788,0.7828805,0.2433277,0.2545294,0.6830969,0.1656648,0.5898161,0.0014144,0.0275813,0.125,0.7736917,0.9964639,0.4894802,0.1121352,0.4444444,9.961803629358965
93.0,0.4086022,0.0,0.0860215,0.0909091,0.9354839,0.0,0.7368421,0.0,0.0526316,0.4864865,0.0,1.0,0.1351351,0.0,1.0,9.841665338892785
847.0,0.4946871,0.0011806,0.1782763,0.1261682,0.8701299,0.0,0.7249284,0.0057307,0.034384,0.022409,0.0,1.0,0.1260504,0.1341463,0.0,10.643064971973882
3364.0,0.489893,0.0050535,0.1539834,0.0868298,0.8950654,0.0,0.7820016,0.0046548,0.0473235,0.1004885,0.0046548,0.9138867,0.0900209,0.0512821,0.1428571,11.676752039127939
4764.0,0.4767003,0.0004198,0.1383291,0.0970718,0.8494962,0.0,0.6859244,0.0063025,0.0477941,0.0527363,0.0005252,0.9884454,0.4074627,0.0817308,0.3333333,10.689692377847104
1415.0,0.4904594,0.1710247,0.1060071,0.0832178,0.9024735,0.009894,0.7870722,0.0019011,0.0171103,0.0723104,0.1634981,0.9961977,0.2998236,0.0789474,0.75,10.740756721857226
192.0,0.4427083,0.0364583,0.2291667,0.1775701,0.8333333,0.0,0.6551724,0.0,0.0229885,0.1122449,0.0344828,1.0,0.122449,0.05,0.0,10.96476135554887
165.0,0.4848485,0.0,0.2242424,0.1176471,0.8848485,0.0,0.7313433,0.0,0.0149254,0.4122807,0.0,1.0,0.1052632,0.0,0.0,10.177362240256695
11949.0,0.469328,0.0046866,0.178676,0.1460337,0.828856,0.0110469,0.6584615,0.0061538,0.0381538,0.1053404,0.0030769,0.9961026,0.2031565,0.0754011,0.8409091,9.913487387114461
799.0,0.5193992,0.0012516,0.1852315,0.0625,0.9186483,0.0,0.8157895,0.0,0.0263158,0.0731707,0.0,0.9967105,0.0243902,0.1632653,0.25,12.81638426369269
24437.0,0.4933093,0.053198,0.0803699,0.0590373,0.8665548,0.0021279,0.7269765,0.0039096,0.0601651,0.0395327,0.0463727,0.9427672,0.2987379,0.0603636,0.1022727,11.959538914341756
11769.0,0.4620613,0.8773048,0.1637352,0.1014058,0.8614156,0.0039086,0.7119776,0.0036622,0.0396381,0.0225311,0.8649289,0.9735028,0.2078332,0.0493023,0.4117647,12.258669839471109
435.0,0.5218391,0.0,0.0896552,0.0432692,0.9563218,0.0,0.8811189,0.006993,0.013986,0.0949367,0.0,0.993007,0.3291139,0.15,0.75,10.243560441877241
488.0,0.4877049,0.0020492,0.192623,0.136,0.8340164,0.0,0.6467662,0.0049751,0.0298507,0.1625,0.0,1.0,0.4416667,0.0327869,1.0,9.841665338892785
218.0,0.4770642,0.0,0.1834862,0.1403509,0.8899083,0.0,0.7634409,0.0,0.0215054,0.1842105,0.0,1.0,0.2894737,0.0714286,0.0,10.827766295132466
969.0,0.4840041,0.7760578,0.1506708,0.124,0.878225,0.0288958,0.7363344,0.0032154,0.022508,0.2005141,0.6848875,1.0,0.2724936,0.1923077,0.0,10.335302435967074
12863.0,0.4431315,0.0052087,0.2260748,0.1814882,0.7858975,0.0539532,0.649724,0.0039977,0.0323625,0.0449091,0.0041881,0.996383,0.2856364,0.0651672,0.3559322,10.55323128448846
49847.0,0.4954962,0.234979,0.1090136,0.0867663,0.8371818,0.0170522,0.6806245,0.0038619,0.0601898,0.0478542,0.2197396,0.8371952,0.6218417,0.1324031,0.1401869,12.017940238399461
1529.0,0.4584696,0.0,0.323087,0.236715,0.7482014,0.0765206,0.5987558,0.0,0.0124417,0.065407,0.0,1.0,0.3270349,0.0243902,0.3333333,10.085850775128717
395.0,0.4835443,0.0506329,0.1265823,0.1176471,0.9316456,0.0,0.8169014,0.0,0.0070423,0.083871,0.0492958,0.9929577,0.2903226,0.2173913,1.0,9.857495968685136
1990.0,0.4226131,0.0613065,0.2954774,0.2724108,0.7487437,0.0788945,0.6244186,0.0011628,0.0197674,0.0762621,0.0406977,0.9976744,0.3383459,0.0442804,0.4545455,10.003378135350923
837.0,0.5149343,0.0,0.1684588,0.1034483,0.8578256,0.0,0.6987578,0.0062112,0.0465839,0.1226158,0.0,0.8447205,0.4550409,0.2195122,0.7142857,10.335302435967074
531.0,0.440678,0.0,0.2354049,0.1818182,0.8323917,0.0,0.6584362,0.0041152,0.0205761,0.0617761,0.0,1.0,0.3359073,0.0322581,0.0,9.758519582283522
3944.0,0.4680527,0.0517241,0.143002,0.1096282,0.7624239,0.1265213,0.7368,0.0072,0.0624,0.115983,0.0368,0.8256,0.4441301,0.1558669,0.4615385,10.740756721857226
803.0,0.4470735,0.3113325,0.1544209,0.1824324,0.871731,0.0,0.684375,0.0,0.00625,0.1011236,0.23125,1.0,0.3398876,0.0851064,1.0,10.110542371500753
3289.0,0.4591061,0.0699301,0.0991183,0.0876897,0.8689571,0.0079051,0.7292143,0.0022883,0.0320366,0.0554755,0.0602593,0.9992372,0.2644092,0.0447471,0.3448276,11.08523008522044
167.0,0.5329341,0.0,0.1197605,0.0897436,0.8742515,0.0,0.7462687,0.0,0.0447761,0.1184211,0.0,1.0,0.3421053,0.1,1.0,9.615805480084347
8526.0,0.440183,0.1942294,0.1819141,0.1464488,0.7044335,0.0001173,0.5120283,0.0044811,0.0893868,0.0594499,0.1639151,0.9877358,0.4531943,0.0230685,0.3888889,10.980212041446208
4001.0,0.4733817,0.0009998,0.1769558,0.1271951,0.8205449,0.0074981,0.642376,0.0079608,0.044703,0.0577034,0.0,0.9816289,0.3860358,0.1029601,0.5882353,10.524090921620362
9270.0,0.4721683,0.0028047,0.1709817,0.1095442,0.7217907,0.1693635,0.7098128,0.0016139,0.0261459,0.0254797,0.0006456,0.9948354,0.2903429,0.0371179,0.5555556,10.734242182303689
1019.0,0.4700687,0.0,0.3248283,0.1981481,0.7841021,0.0569185,0.6372093,0.0,0.0116279,0.1501976,0.0,1.0,0.3458498,0.05,0.8888889,9.615805480084347
523.0,0.4818356,0.0,0.1453155,0.099631,0.875717,0.0114723,0.7301587,0.015873,0.031746,0.1168224,0.0,0.978836,0.364486,0.0980392,1.0,10.354595018522993
269.0,0.5167286,0.0,0.2156134,0.1307692,0.8587361,0.0,0.6944444,0.0092593,0.0277778,0.1219512,0.0,1.0,0.3170732,0.1428571,1.0,9.615805480084347
620.0,0.4725806,0.1258065,0.1919355,0.1743119,0.8435484,0.0322581,0.7125,0.0,0.025,0.1549296,0.1041667,0.9958333,0.306338,0.0465116,0.5555556,9.893487720457795
49.0,0.5918367,0.0,0.1020408,0.0,0.9591837,0.0,0.8823529,0.0,0.0,0.1052632,0.0,1.0,0.2105263,0.0,1.0,9.615805480084347
539.0,0.4564007,0.0037106,0.2467532,0.1877133,0.7588126,0.1558442,0.7556818,0.0,0.0170455,0.078534,0.0113636,1.0,0.3717277,0.0952381,1.0,10.434145214930487
208.0,0.4471154,0.0,0.2355769,0.1913043,0.8173077,0.0,0.6105263,0.0,0.0105263,0.0306122,0.0,1.0,0.2755102,0.0909091,1.0,9.615805480084347
324.0,0.4876543,0.0,0.1944444,0.1385542,0.904321,0.0,0.7674419,0.0,0.0077519,0.0514706,0.0,0.9922481,0.2867647,0.1304348,0.0,10.12667110305036
9355.0,0.497488,0.0012827,0.1409941,0.0567964,0.9185462,0.0002138,0.8179756,0.0022682,0.0269351,0.037916,0.0011341,0.9611568,0.1235679,0.0795848,0.452381,11.136062390867204
25651.0,0.4631788,0.0114226,0.226346,0.138199,0.8494016,0.0113056,0.7011461,0.0005731,0.0342884,0.0296571,0.0097421,0.9874881,0.1936052,0.0335196,0.233871,11.947955847790901
53672.0,0.4967767,0.0565658,0.0423126,0.0365063,0.9223245,0.0,0.8313709,0.0043193,0.0524821,0.0431952,0.0555588,0.860955,0.2163723,0.1460488,0.218241,12.262457704853034
1529.0,0.5160235,0.0,0.0353172,0.0432432,0.9574886,0.0,0.8973214,0.0044643,0.0245536,0.0239651,0.0,0.9955357,0.0653595,0.24,1.0,11.451060699493427
506.0,0.4683794,0.0,0.1007905,0.0892193,0.9229249,0.0,0.798913,0.0,0.0108696,0.0980392,0.0,1.0,0.0392157,0.2941176,0.8,10.434145214930487
1604.0,0.4819202,0.0006234,0.1633416,0.1275572,0.7736908,0.0049875,0.5927536,0.0101449,0.0855072,0.2425906,0.0,0.9985507,0.3896817,0.0376712,0.375,11.350418300109132
537.0,0.4972067,0.0074488,0.0726257,0.0851852,0.8603352,0.0,0.6836735,0.0,0.0612245,0.0666667,0.0153061,0.9846939,0.352381,0.0454545,0.2,10.094149233605084
15947.0,0.4755753,0.00301,0.1588387,0.1194547,0.8996049,0.0018185,0.75411,0.0005303,0.0243946,0.0239821,0.0024748,0.9734842,0.2173913,0.0482196,0.6363636,12.177678315028167
80.0,0.5125,0.0,0.3125,0.1025641,0.8375,0.0,0.6486486,0.0,0.0,0.3934426,0.0,1.0,0.3770492,0.1666667,1.0,10.207325906555994
2099.0,0.4568842,0.1967604,0.1934254,0.15,0.8975703,0.0,0.7473054,0.0,0.0047904,0.053288,0.1820359,1.0,0.3412698,0.0989583,0.5833333,10.298935994257638
1913.0,0.4594877,0.0716153,0.2399373,0.1827853,0.8447465,0.0350235,0.6983471,0.0013774,0.0082645,0.1986755,0.0606061,0.7727273,0.3675497,0.1458333,0.8235294,9.615805480084347
5492.0,0.4349964,0.4519301,0.186453,0.1724138,0.8426803,0.035142,0.7059387,0.0019157,0.0215517,0.1019355,0.394636,0.9961686,0.2408602,0.1331626,0.6,10.480129006333248
239.0,0.5062762,0.0041841,0.2552301,0.1779661,0.790795,0.0,0.5775862,0.0,0.0086207,0.1654676,0.0086207,1.0,0.381295,0.037037,1.0,9.615805480084347
221.0,0.4886878,0.0,0.1040724,0.0619469,0.8959276,0.0,0.7619048,0.0119048,0.0357143,0.0454545,0.0,1.0,0.3863636,0.0909091,0.0,9.942756341456828
1207.0,0.5269263,0.0024855,0.1458161,0.0945709,0.8301574,0.0306545,0.691796,0.0088692,0.0443459,0.0701031,0.0044346,0.9356984,0.4515464,0.1381215,0.3333333,10.491301994830229
11482.0,0.4891134,0.6119143,0.0756837,0.06836,0.9257969,0.010364,0.8342142,0.0036161,0.0280946,0.0803274,0.5510431,0.9421419,0.1627015,0.2580645,0.4936709,10.691967639914864
3362.0,0.5089233,0.0993456,0.0609756,0.0399758,0.9247472,0.0,0.8292477,0.0067625,0.0304311,0.043654,0.0845309,0.9949281,0.2206952,0.1493506,0.2,11.047726275896391
72411.0,0.4809905,0.2848324,0.2523926,0.1595711,0.733894,0.0344423,0.5736232,0.0033274,0.079796,0.2472436,0.1731194,0.9621233,0.6047192,0.0884544,0.398524,11.11395422597838
93.0,0.688172,0.0,0.0322581,0.0,0.6451613,0.172043,0.5555556,0.0,0.0277778,0.1219512,0.0,1.0,0.7317073,0.0526316,0.0,0.0
1286.0,0.4968896,0.0,0.1695179,0.1391036,0.907465,0.0,0.7647059,0.0021786,0.0196078,0.039749,0.0,1.0,0.1401674,0.0481928,1.0,10.122663242288953
6551.0,0.4486338,0.1711189,0.2150817,0.1738649,0.8136162,0.0474737,0.6789696,0.0042291,0.0192234,0.1003113,0.1410996,0.994233,0.3396749,0.0866808,0.6046512,10.229223792606835
990.0,0.4777778,0.0,0.1838384,0.0967118,0.8636364,0.0,0.7014925,0.0,0.0323383,0.1026786,0.0,0.9900498,0.2834821,0.1758242,0.9,10.196194479235656
217.0,0.4976959,0.0,0.2304147,0.1559633,0.8479263,0.0,0.6404494,0.0,0.011236,0.2521008,0.0,1.0,0.1596639,0.1111111,1.0,9.615805480084347
7383.0,0.4526615,0.0624407,0.3949614,0.1942588,0.8176893,0.0157118,0.6771789,0.0011468,0.0266628,0.2108597,0.0427179,0.987672,0.4210407,0.0557229,0.512605,10.65492722584759
46.0,0.5434783,0.0,0.2608696,0.1904762,0.8043478,0.0,0.6,0.0,0.05,0.2592593,0.0,1.0,0.4074074,0.25,0.0,9.615805480084347
900.0,0.45,0.0,0.18,0.1636364,0.84,0.01,0.664042,0.0026247,0.0183727,0.1570796,0.0,0.9973753,0.3517699,0.0645161,0.375,10.25769445336048
1434.0,0.5034868,0.0069735,0.1785216,0.0617978,0.7405858,0.0,0.6166667,0.0045455,0.1378788,0.5473251,0.0030303,0.9818182,0.2373114,0.0156863,0.2,11.969090024509446
2101.0,0.5097573,0.0057116,0.0590195,0.023301,0.9623989,0.0,0.9082569,0.0015291,0.0244648,0.0150602,0.0045872,0.9984709,0.0271084,0.1333333,0.5,12.074259775399616
13936.0,0.4280281,0.0337256,0.242322,0.164973,0.6632463,0.0157147,0.4927414,0.0012685,0.1017618,0.0491825,0.0264975,0.9816772,0.2739212,0.0157947,0.3880597,11.355113089309977
372242.0,0.4803972,0.4387871,0.1204996,0.0963768,0.7699427,0.0211448,0.5800057,0.0035981,0.0880495,0.0660217,0.4315497,0.9040485,0.5516522,0.1137872,0.4214876,11.577785809317154
2140.0,0.464486,0.0009346,0.1915888,0.1762653,0.8037383,0.0556075,0.6706302,0.0011891,0.0273484,0.1311983,0.0011891,0.9952438,0.3873967,0.0397727,0.2,10.76004951120163
44822.0,0.4543528,0.023069,0.4759716,0.2112688,0.7720093,0.0061577,0.6295294,0.0017026,0.0560552,0.123752,0.0178992,0.9619314,0.4356758,0.0343167,0.4707031,11.050905878263567
2222.0,0.4266427,0.9959496,0.1192619,0.1310832,0.9176418,0.0,0.753012,0.001506,0.0195783,0.0713287,0.996988,0.996988,0.3482517,0.2897527,0.2,10.114599007626499
829.0,0.4993969,0.0012063,0.1423402,0.0819277,0.9143546,0.0,0.7967213,0.0032787,0.0196721,0.1504178,0.0032787,0.9901639,0.2785515,0.1463415,0.2222222,10.540090836284206
11127.0,0.4902489,0.0008088,0.108385,0.0856841,0.8932327,0.0111441,0.7770508,0.0060393,0.032461,0.0899931,0.0,0.9901862,0.1838791,0.0849057,0.5,10.78727575364831
659.0,0.4734446,0.0030349,0.262519,0.1585014,0.7602428,0.1411229,0.7533632,0.0089686,0.0313901,0.0262009,0.0044843,1.0,0.1834061,0.047619,0.0,10.385944565501662
31808.0,0.4954414,0.0331678,0.0899459,0.0693501,0.7865003,0.0415619,0.660008,0.0047143,0.0790252,0.035081,0.0170995,0.9321614,0.3223593,0.0559558,0.212766,11.954407441448915
1113.0,0.4959569,0.0,0.083558,0.057041,0.9631626,0.0,0.896648,0.0,0.0111732,0.0725389,0.0,1.0,0.2668394,0.0952381,0.0,10.322230781590136
252.0,0.4761905,0.0,0.1706349,0.1060606,0.9206349,0.0,0.8095238,0.0,0.0,0.0789474,0.0,1.0,0.2105263,0.0625,0.0,10.2328272702548
170.0,0.5588235,0.0176471,0.1352941,0.0933333,0.8941176,0.0,0.779661,0.0,0.0508475,0.0634921,0.0169492,1.0,0.0793651,0.0,1.0,11.649211809228195
1144.0,0.4632867,0.0,0.1346154,0.0912052,0.8898601,0.0,0.7408257,0.0022936,0.0229358,0.1383399,0.0,0.9770642,0.2865613,0.0733945,0.7857143,10.25769445336048
1119.0,0.458445,0.0,0.310992,0.2062706,0.7864164,0.049151,0.6329897,0.0,0.0123711,0.1565217,0.0,0.9938144,0.2852174,0.0813953,0.8666667,9.615805480084347
2906.0,0.4487268,0.0003441,0.1503785,0.1354557,0.8544391,0.0,0.6701954,0.0008143,0.014658,0.0517375,0.0,0.9967427,0.2996139,0.0440098,0.5,10.75579427616868
415.0,0.4722892,0.0096386,0.1831325,0.173516,0.8457831,0.0072289,0.6607143,0.0119048,0.0178571,0.2,0.0059524,0.9821429,0.3380952,0.1714286,0.6,9.661479683575521
89.0,0.5280899,0.0,0.1348315,0.1428571,0.8988764,0.0,0.7647059,0.0294118,0.0294118,0.0285714,0.0,1.0,0.1714286,0.0,1.0,10.463131911491967
267.0,0.4719101,0.8127341,0.1460674,0.1347518,0.8801498,0.0,0.673913,0.0108696,0.0108696,0.28125,0.75,1.0,0.3515625,0.2307692,1.0,9.69898173460629
12603.0,0.5419345,0.0503055,0.0856939,0.0834921,0.3434896,0.3648338,0.4365981,0.0015352,0.2744857,0.082018,0.0380718,0.9864906,0.4828072,0.0605755,0.4166667,10.571342565808699
1042.0,0.4664107,0.0057582,0.1449136,0.0683453,0.7927063,0.0,0.6202532,0.0021097,0.0654008,0.0125,0.0063291,0.9852321,0.2520833,0.0142857,0.0,11.277215789596893
60.0,0.5166667,0.0,0.1333333,0.1034483,0.8,0.0,0.52,0.0,0.0,0.3055556,0.0,0.96,0.3611111,0.125,0.0,9.615805480084347
307.0,0.4723127,0.0325733,0.1433225,0.0802469,0.8241042,0.0,0.6343284,0.0,0.0373134,0.2209302,0.0447761,1.0,0.5406977,0.1,1.0,10.034559673629849
1508.0,0.4635279,0.0006631,0.2460212,0.2249691,0.7838196,0.0444297,0.6196513,0.0015848,0.0253566,0.1199442,0.0,0.9968304,0.2998605,0.0341463,0.4,10.647826772357497
2199.0,0.6111869,0.3892678,0.1145975,0.1415205,0.622101,0.3092315,0.7542955,0.0,0.0120275,0.1155015,0.2525773,0.9965636,0.287234,0.0755814,0.4,10.606609816118151
391.0,0.4603581,0.0051151,0.1994885,0.1374408,0.8746803,0.0,0.716129,0.0,0.0322581,0.077381,0.0064516,1.0,0.2797619,0.0526316,0.7142857,9.77571099759397
4434.0,0.4711322,0.0029319,0.1720794,0.1449893,0.800406,0.0234551,0.6399561,0.0032931,0.0559824,0.143797,0.0005488,0.9967069,0.3087406,0.0523752,0.6111111,10.837637848711049
513.0,0.4756335,0.0,0.2397661,0.1301115,0.8518519,0.0,0.6805556,0.0046296,0.0185185,0.0886076,0.0,1.0,0.2869198,0.0769231,0.8333333,9.933094897288786
344.0,0.5145349,0.0,0.0784884,0.0538922,0.9302326,0.0,0.8468468,0.009009,0.027027,0.0512821,0.0,1.0,0.2478632,0.2083333,1.0,10.318935994253193
295.0,0.5491525,0.0,0.1728814,0.0902256,0.9050847,0.0,0.754717,0.0,0.009434,0.0535714,0.0,1.0,0.1607143,0.4,0.0,10.344995251991222
1548.0,0.4806202,0.000646,0.1117571,0.1032338,0.8908269,0.0303618,0.7852883,0.0,0.0238569,0.0214008,0.0,0.9741551,0.1731518,0.0576923,0.0,11.03005541721757
2612.0,0.4456355,0.1071975,0.2270291,0.211326,0.7856049,0.0612557,0.6558006,0.0057526,0.029722,0.1190878,0.0997124,0.9894535,0.3614865,0.0893855,0.5625,10.169728906753061
182.0,0.4615385,0.0,0.0934066,0.0612245,0.956044,0.0,0.8769231,0.0,0.0,0.1216216,0.0,1.0,0.1891892,0.25,1.0,10.085850775128717
4122.0,0.4718583,0.202329,0.0972829,0.0790078,0.6688501,0.0026686,0.4929577,0.0030181,0.1458753,0.0582662,0.1690141,0.9864185,0.498342,0.0402999,0.1176471,10.732061203925053
112.0,0.4910714,0.0,0.3303571,0.0877193,0.8660714,0.0,0.7083333,0.0,0.0208333,0.04,0.0,1.0,0.18,0.0,0.0,10.196194479235656
4670.0,0.4226981,0.3115632,0.1582441,0.139095,0.7291221,0.1743041,0.7154309,0.0,0.0153641,0.0883069,0.2251169,0.999332,0.3002436,0.1099656,0.6666667,10.542732775946709
3853.0,0.4617181,0.0609914,0.1315858,0.1089682,0.8318194,0.041007,0.7056396,0.0041265,0.0330124,0.0446781,0.0570839,0.9958735,0.3521682,0.083499,0.3,10.61890979160975
35.0,0.5428571,0.0,0.1142857,0.1875,0.6857143,0.0,0.4444444,0.0,0.0555556,0.1818182,0.0,1.0,0.8181818,0.0,0.0,0.0
3292.0,0.4614216,0.0179222,0.1151276,0.1032149,0.8459903,0.0,0.6746807,0.0045079,0.0458302,0.0566974,0.0187829,0.987979,0.3954642,0.0545455,0.1428571,10.344995251991222
37991.0,0.4889053,0.0237425,0.092206,0.0706082,0.8923692,0.0238478,0.7946626,0.001525,0.0317957,0.0644839,0.0160122,0.9897064,0.1531493,0.0356215,0.3596059,11.855812795093666
8985.0,0.4545353,0.4739009,0.1751809,0.1626199,0.8672231,0.0080134,0.6997977,0.0020225,0.0196475,0.0630753,0.4166426,0.9968217,0.3042772,0.1264368,0.4,10.12667110305036
569.0,0.456942,0.0,0.1775044,0.1359223,0.8804921,0.0,0.7053571,0.0,0.0089286,0.0894309,0.0,1.0,0.2520325,0.037037,0.6,10.385944565501662
89.0,0.4719101,0.011236,0.3370787,0.4255319,0.6966292,0.0,0.4489796,0.0,0.0,0.1551724,0.0,1.0,0.4827586,0.0,1.0,9.615805480084347
40.0,0.525,0.0,0.2,0.1052632,0.85,0.0,0.6,0.0,0.0,0.0,0.0,1.0,0.2,1.0,0.0,9.615805480084347
27485.0,0.4863744,0.2098235,0.0693833,0.0464688,0.8610515,0.00171,0.7292314,0.0046584,0.0726902,0.0489201,0.1984666,0.9533191,0.2810596,0.0993434,0.2135922,11.783723297487764
24.0,0.5,0.0,0.1666667,0.1666667,0.8333333,0.0,0.6,0.0,0.0,0.0909091,0.0,1.0,0.0909091,0.0,0.0,9.615805480084347
2532.0,0.4723539,0.042654,0.1828594,0.1062874,0.821485,0.0122433,0.6784059,0.0046339,0.0574606,0.0348837,0.0444856,0.978684,0.2567084,0.0251799,0.0,10.969938154395841
294.0,0.5646259,0.0,0.0612245,0.046875,0.9795918,0.0,0.9,0.0,0.0,0.1044776,0.0,0.9833333,0.7761194,0.0,0.0,9.615805480084347
2575.0,0.5064078,0.001165,0.0819417,0.0550747,0.8943689,0.0,0.7667699,0.003096,0.0423117,0.0718391,0.001032,0.996904,0.4166667,0.1128049,0.25,10.78727575364831
166.0,0.4578313,0.0,0.2289157,0.1777778,0.873494,0.0,0.7121212,0.0,0.030303,0.0571429,0.0,1.0,0.2285714,0.0,0.0,9.87822102528824
433.0,0.482679,0.0023095,0.1570439,0.09375,0.9145497,0.0,0.8023952,0.005988,0.0179641,0.0346821,0.0,0.988024,0.1387283,0.125,1.0,10.9525769086256
2738.0,0.47626,0.0303141,0.1449963,0.1129707,0.8308985,0.0631848,0.7399194,0.0010081,0.0282258,0.0754893,0.0352823,0.9959677,0.2646785,0.0454545,0.04,10.961295207644392
1160.0,0.5034483,0.0146552,0.1215517,0.0920139,0.8793103,0.0,0.7334906,0.004717,0.0542453,0.1451613,0.0165094,0.9811321,0.1975806,0.0921053,0.6,11.348062614163295
212.0,0.504717,0.0,0.1839623,0.152381,0.8915094,0.0,0.75,0.0119048,0.0119048,0.1515152,0.0,0.9880952,0.3939394,0.1176471,1.0,9.615805480084347
1717.0,0.4478742,0.0122306,0.1199767,0.1075949,0.8695399,0.0116482,0.7212121,0.0030303,0.0227273,0.0677966,0.0075758,0.9984848,0.3827684,0.1076923,0.6666667,10.382853468483827
1098.0,0.4617486,0.0009107,0.2540984,0.1861252,0.7795993,0.0555556,0.6252723,0.0021786,0.0174292,0.1173077,0.0,0.9978214,0.3692308,0.1083333,0.75,9.825580063659602
5587.0,0.4548058,0.0025058,0.2546984,0.2015758,0.8260247,0.0535171,0.7162162,0.0014479,0.0299228,0.0170778,0.0009653,0.9734556,0.2343454,0.0655391,0.7857143,12.006407555388575
2049.0,0.4592484,0.0009761,0.2332845,0.1895307,0.8160078,0.0204978,0.6440092,0.0034562,0.0241935,0.0492881,0.0023041,0.9942396,0.4008762,0.0344828,0.9,10.379752786950895
18177.0,0.4741707,0.0435165,0.1582769,0.1220967,0.8782527,0.0140287,0.7498927,0.003432,0.021736,0.0617201,0.038038,0.996282,0.3169194,0.1036966,0.3902439,10.537441898283253
2722.0,0.4908156,0.0025716,0.070169,0.0735931,0.9371785,0.0,0.840046,0.0023015,0.0322209,0.0290503,0.0011507,0.9597238,0.1385475,0.1212121,0.875,11.757446872843532
160.0,0.45625,0.0,0.20625,0.2183908,0.825,0.0,0.6285714,0.0,0.0285714,0.125,0.0,1.0,0.35,0.0,1.0,9.69898173460629
11804.0,0.478143,0.0435446,0.2494917,0.1383117,0.8047272,0.0057608,0.6310098,0.004441,0.0542576,0.2920027,0.0386175,0.9561691,0.6241969,0.1133558,0.4771574,10.839600519357369
119.0,0.5042017,0.0420168,0.2689076,0.2033898,0.8319328,0.0,0.6551724,0.0,0.0,0.1944444,0.0517241,1.0,0.5972222,0.0,0.0,9.615805480084347
4998.0,0.4981993,0.1178471,0.0772309,0.0526316,0.8927571,0.0,0.776027,0.0073157,0.0635903,0.0263014,0.1277434,0.9082724,0.2273973,0.1001965,0.1666667,11.898874704662955
103.0,0.5631068,0.0,0.0776699,0.0222222,0.8058252,0.0,0.6190476,0.0238095,0.0714286,0.3,0.0,0.9761905,0.7,0.1428571,1.0,9.90353755128617
4573.0,0.4793352,0.0098404,0.0629784,0.049139,0.9064072,0.0,0.7799392,0.0024316,0.0328267,0.0474812,0.0109422,0.9957447,0.2061378,0.0779412,0.1428571,10.92775337907558
8524.0,0.4825199,0.0057485,0.1042938,0.080934,0.908611,0.0192398,0.7928649,0.0025482,0.0134692,0.1388715,0.0058245,0.4364762,0.3909091,0.1890034,0.8333333,10.150386692204734
1714.0,0.4708285,0.4941657,0.121937,0.1356119,0.8675613,0.0023337,0.6836066,0.004918,0.0327869,0.0895522,0.4114754,0.9786885,0.438806,0.1969112,0.0,9.674137279312397
595.0,0.492437,0.0,0.0823529,0.0496689,0.9478992,0.0,0.8518519,0.0,0.015873,0.015625,0.0,1.0,0.1197917,0.0384615,0.0,10.75579427616868
843.0,0.4685647,0.0035587,0.1340451,0.09375,0.8742586,0.0,0.7246835,0.0,0.0506329,0.0306748,0.0031646,0.9905063,0.1748466,0.0434783,0.3333333,11.571203807011969
169.0,0.4792899,0.0,0.2011834,0.1477273,0.9112426,0.0,0.7540984,0.0,0.0,0.1643836,0.0,1.0,0.3972603,0.1578947,1.0,9.615805480084347
1675.0,0.4644776,0.0023881,0.278209,0.1649944,0.8173134,0.0029851,0.6618986,0.0039012,0.0351105,0.0812425,0.0013004,0.9674902,0.3751493,0.0679612,0.0,11.493752839181418
12453.0,0.4690436,0.0102786,0.2443588,0.1544162,0.8289569,0.0257769,0.7004783,0.0053806,0.0454364,0.1631087,0.0071742,0.9726983,0.3965977,0.0833903,0.2709677,10.83370091325064
257.0,0.5214008,0.0,0.1322957,0.0650407,0.9377432,0.0,0.8295455,0.0,0.0113636,0.0222222,0.0,1.0,0.1,0.0,0.0,10.601647149919609
423.0,0.5130024,0.0023641,0.1229314,0.1019417,0.8770686,0.0,0.6975309,0.0,0.0185185,0.0526316,0.0,1.0,0.245614,0.0625,0.0,10.203629181337648
11951.0,0.4757761,0.0049368,0.1868463,0.1326417,0.8011882,0.0374864,0.6628248,0.0050293,0.0507125,0.0854734,0.0031433,0.9935038,0.3204293,0.0649437,0.46875,10.809748150372926
1659.0,0.5003014,0.0427969,0.0783605,0.0627262,0.915009,0.013261,0.8242424,0.0080808,0.0383838,0.0313112,0.0424242,0.6787879,0.18591,0.2294118,0.0,10.87806606028079
128398.0,0.4960591,0.0788875,0.140267,0.0763156,0.8530195,0.0105298,0.7214865,0.0056695,0.0706874,0.0854644,0.0728055,0.8566355,0.4323896,0.1459159,0.261745,11.735276702486741
651.0,0.4946237,0.0015361,0.2304147,0.1702128,0.8371736,0.0,0.641844,0.0035461,0.0106383,0.0814332,0.0,1.0,0.3159609,0.047619,0.75,9.615805480084347
17363.0,0.4489432,0.4355814,0.1676554,0.1440217,0.8005529,0.0251685,0.6328469,0.0034416,0.0392346,0.0947159,0.3966134,0.9951817,0.4244766,0.0746853,0.3482143,10.643064971973882
75636.0,0.4828785,0.0147284,0.1109525,0.0851891,0.8665318,0.020916,0.740684,0.0053617,0.0477194,0.0384105,0.012983,0.810463,0.363777,0.1597323,0.2538071,11.185823192802378
6706.0,0.5339994,0.1017,0.0970772,0.05664,0.8471518,0.1093051,0.8805584,0.0010341,0.0201655,0.0310621,0.0025853,0.9891417,0.0275551,0.0722892,0.8181818,12.49949197838354
1776.0,0.4527027,0.0045045,0.222973,0.2006173,0.7804054,0.106982,0.7014446,0.0016051,0.0160514,0.1682243,0.0032103,0.9855538,0.3564753,0.1587302,0.3636364,9.94755228369823
181.0,0.4972376,0.1104972,0.2375691,0.1318681,0.801105,0.0,0.6049383,0.0,0.0493827,0.1649485,0.1111111,0.9876543,0.3505155,0.0,0.6666667,9.615805480084347
494.0,0.4777328,0.0182186,0.1396761,0.1085271,0.8947368,0.0,0.7261905,0.0059524,0.0119048,0.125,0.0297619,0.6369048,0.4270833,0.2608696,0.4,9.615805480084347
2871.0,0.4535005,0.4374782,0.2330199,0.2332696,0.7955416,0.0525949,0.6451613,0.0008718,0.0226678,0.0727567,0.3879686,0.9991282,0.2724333,0.0940367,0.8461538,10.379752786950895
1257.0,0.4932379,0.0047733,0.0517104,0.0612245,0.9522673,0.0063644,0.8543046,0.0033113,0.0231788,0.4147287,0.0066225,0.9966887,0.7383721,0.3913043,1.0,9.615805480084347
437.0,0.4713959,0.006865,0.1899314,0.1515152,0.8627002,0.0,0.7030303,0.0121212,0.0363636,0.1315789,0.0060606,0.5575758,0.4105263,0.0961538,0.4,9.841665338892785
2157.0,0.5081131,0.0134446,0.1043115,0.0838831,0.9054242,0.0,0.7899861,0.0,0.0417246,0.0476821,0.0111266,0.6940195,0.4794702,0.1106291,0.3333333,11.417526281205168
642.0,0.4672897,0.0015576,0.123053,0.0701754,0.894081,0.0,0.7428571,0.0,0.0204082,0.0754717,0.0040816,1.0,0.2226415,0.025,0.0,10.298935994257638
1551.0,0.4906512,0.0019342,0.1843972,0.1113924,0.833011,0.0161186,0.6758833,0.0030722,0.0276498,0.1033058,0.0015361,0.984639,0.3787879,0.0788177,0.7777778,10.247112717290387
167.0,0.5389222,0.0,0.1796407,0.1168831,0.8742515,0.0,0.7058824,0.0,0.0147059,0.2444444,0.0,0.9852941,0.4222222,0.1304348,0.8,9.942756341456828
241.0,0.4439834,0.0,0.2323651,0.2089552,0.8174274,0.0,0.6037736,0.0,0.0188679,0.0862069,0.0,0.990566,0.4051724,0.0434783,1.0,9.615805480084347
14548.0,0.4948447,0.0098295,0.0567088,0.0461287,0.8573,0.001306,0.7077151,0.0050074,0.0734421,0.0663203,0.0089021,0.8813056,0.2943723,0.0978836,0.5230769,11.127277689932466
81.0,0.4814815,0.0,0.382716,0.2619048,0.8024691,0.0,0.6097561,0.0,0.0,0.2264151,0.0,1.0,0.245283,0.0,1.0,9.615805480084347
8304.0,0.4745906,0.0018064,0.1543834,0.1260601,0.8352601,0.0234827,0.6878778,0.0069997,0.0461343,0.1605235,0.0015908,0.9955457,0.3950321,0.0868193,0.5757576,11.221248757912162
105227.0,0.4603381,0.1300712,0.148555,0.1143395,0.7780037,0.0193486,0.5951207,0.0042661,0.0553704,0.0726913,0.1079412,0.9929565,0.3993489,0.0610797,0.2912206,10.650199196425806
151.0,0.4834437,0.0,0.1854305,0.1923077,0.8874172,0.0,0.7419355,0.0,0.016129,0.1506849,0.0,1.0,0.1643836,0.0,0.0,9.90353755128617
513.0,0.4561404,0.0077973,0.3099415,0.1612903,0.8011696,0.0,0.6245059,0.0039526,0.0197628,0.6359712,0.0,1.0,0.3323741,0.0441176,0.625,11.10045084755119
3606.0,0.5091514,0.005269,0.0859678,0.0610169,0.901553,0.0,0.8005008,0.0108514,0.0634391,0.0423661,0.0050083,0.9056761,0.3029576,0.1829268,0.3,12.100717685412471
5964.0,0.4813883,0.0058685,0.1182093,0.0940834,0.878605,0.0134138,0.7635934,0.0052009,0.0501182,0.0612517,0.0061466,0.9919622,0.2543276,0.0986842,0.2352941,11.055656405795794
160.0,0.5,0.0,0.18125,0.0875,0.925,0.0,0.8032787,0.0,0.0,0.1866667,0.0,1.0,0.4,0.0,1.0,9.615805480084347
71035.0,0.4660379,0.0953614,0.1329626,0.109623,0.6719082,0.104174,0.5878329,0.0038988,0.1017728,0.0885074,0.0923201,0.9933427,0.3980153,0.0646082,0.5106383,10.047631185616188
444.0,0.5315315,0.0022523,0.1599099,0.0769231,0.9414414,0.0,0.8409091,0.0,0.0227273,0.2189349,0.0,0.9848485,0.1775148,0.0666667,0.75,10.63106031411106
107.0,0.5140187,0.0,0.271028,0.2115385,0.8130841,0.0,0.5957447,0.0,0.0212766,0.1454545,0.0,1.0,0.2545455,0.25,1.0,9.615805480084347
1570.0,0.4630573,0.0006369,0.3904459,0.1945433,0.7681529,0.0,0.6057214,0.0,0.050995,0.3977528,0.0012438,0.9825871,0.4127341,0.0366972,0.3064516,12.359656021613945
37792.0,0.4695438,0.0085468,0.1453482,0.1003641,0.9212532,0.0033076,0.8286341,0.003039,0.0448253,0.0319523,0.0092858,0.2191457,0.458936,0.1557496,0.3203125,11.286037411751035
7500.0,0.4718667,0.2877333,0.0876,0.072204,0.888,0.0,0.7503582,0.0057307,0.0390401,0.0522743,0.2546562,0.989255,0.3394433,0.0998249,0.1904762,10.729875458480967
912.0,0.4572368,0.2445175,0.183114,0.159596,0.8947368,0.0,0.7455621,0.0029586,0.0236686,0.1197917,0.1982249,0.964497,0.2994792,0.1914894,1.0,9.952325334619427
2696.0,0.4918398,0.0155786,0.1005193,0.0875912,0.888724,0.0037092,0.7516484,0.0043956,0.0472527,0.0421053,0.0164835,0.9703297,0.2505263,0.060241,0.3,11.549267037372665
398.0,0.4798995,0.0,0.2236181,0.1304348,0.8542714,0.0,0.6607143,0.0,0.0059524,0.1111111,0.0,1.0,0.3703704,0.1142857,1.0,9.615805480084347
4817.0,0.4509031,0.091966,0.1909902,0.1803403,0.8148225,0.0419348,0.6801729,0.0054025,0.0324149,0.0863771,0.0750945,0.9886548,0.4091807,0.1068525,0.3777778,10.545367754151743
19373.0,0.4947091,0.0156403,0.0481082,0.0408622,0.9224694,0.005678,0.8285939,0.0034564,0.0394344,0.0441508,0.0130401,0.9729772,0.1684938,0.0981595,0.28125,11.599112335481124
979.0,0.473953,0.0,0.1767109,0.1106796,0.8580184,0.0163432,0.7027027,0.0,0.0297297,0.0414508,0.0,0.9945946,0.2487047,0.057554,1.0,10.687411927154141
4495.0,0.4958843,0.0022247,0.3001112,0.0485437,0.956396,0.0,0.9035319,0.0,0.0068529,0.1282169,0.0021086,0.9920928,0.0128676,0.0826446,0.4852941,12.112316757188815
372.0,0.438172,0.0,0.2795699,0.1913876,0.8252688,0.0,0.625731,0.0,0.005848,0.109375,0.0,1.0,0.3177083,0.0333333,1.0,9.615805480084347
2464.0,0.4699675,0.0028409,0.1943994,0.1562021,0.8425325,0.0,0.6461988,0.0009747,0.0224172,0.1363636,0.0048733,0.9922027,0.3013468,0.1137255,0.5555556,9.615805480084347
7509.0,0.4847516,0.000799,0.1411639,0.0832256,0.8813424,0.0113197,0.770073,0.0069343,0.0441606,0.0321441,0.0,0.9824818,0.2836454,0.1144219,0.1071429,10.889323003601277
3937.0,0.485903,0.1351283,0.1488443,0.1333992,0.8242316,0.010414,0.6423676,0.0031153,0.0367601,0.0603044,0.117134,0.9520249,0.4051522,0.0527704,0.5714286,11.625369830810577
671.0,0.4694486,0.0,0.2295082,0.1966292,0.8271237,0.0134128,0.6491228,0.0070175,0.0175439,0.1037736,0.0,0.9964912,0.2138365,0.1037736,0.5,10.118639253920785
4320.0,0.4958333,0.0097222,0.1201389,0.0821855,0.7699074,0.0,0.597309,0.0024027,0.0663143,0.0884801,0.0110524,0.9692456,0.4029785,0.0081967,0.1818182,11.577785809317154
1542.0,0.4909209,0.0064851,0.1608301,0.0968153,0.8638132,0.0836576,0.8583691,0.0064378,0.027897,0.0371901,0.0021459,0.9957082,0.1342975,0.1428571,0.0,10.74507628970625
359.0,0.4791086,0.0,0.2729805,0.1764706,0.8746518,0.0,0.704698,0.0,0.0067114,0.0745342,0.0,1.0,0.1677019,0.1666667,0.75,9.62911649414402
871.0,0.4730195,0.0034443,0.1710677,0.1220044,0.8599311,0.010333,0.7002967,0.0029674,0.0326409,0.0316092,0.0029674,0.9821958,0.2068966,0.0704225,0.3333333,10.130662964963708
493.0,0.494929,0.0020284,0.0953347,0.0803213,0.8924949,0.0,0.7458564,0.0055249,0.0220994,0.0995025,0.0055249,1.0,0.3283582,0.1971831,0.25,10.21833478806055
1486.0,0.4596231,0.5881561,0.1467026,0.1183064,0.5780619,0.2476447,0.547619,0.0,0.0436508,0.0869565,0.422619,1.0,0.2934783,0.0740741,0.8,10.30229722897745
5603.0,0.4738533,0.0678208,0.1634838,0.1160109,0.8245583,0.0387293,0.7100094,0.0023386,0.0551918,0.0408255,0.0533209,0.9915809,0.1408703,0.0640138,0.65,11.751950239425476
1100.0,0.4790909,0.0018182,0.1536364,0.1151832,0.8490909,0.0,0.6704805,0.006865,0.0389016,0.0857741,0.0,0.9908467,0.1945607,0.0735294,1.0,10.085850775128717
238.0,0.4789916,0.1932773,0.2142857,0.2419355,0.8529412,0.0,0.6534653,0.0,0.0,0.0818182,0.1683168,0.990099,0.3454545,0.1304348,0.0,10.243560441877241
22105.0,0.4847772,0.1159919,0.172314,0.1209939,0.9137299,0.0319385,0.8528977,0.0012102,0.0114293,0.0144447,0.1004437,0.9835955,0.0551285,0.1148825,0.3181818,11.223922520551032
28334.0,0.4520011,0.0800452,0.2266535,0.1756295,0.821663,0.0294699,0.6648497,0.0028134,0.0265518,0.0873786,0.0663795,0.9963074,0.2931878,0.0761494,0.6870229,9.90353755128617
3903.0,0.4511914,0.334102,0.1762747,0.1671335,0.8667692,0.0184473,0.7211022,0.0013441,0.0208333,0.0831793,0.2923387,0.9959677,0.319162,0.097561,0.5384615,10.360944044643913
6570.0,0.4733638,0.0025875,0.1557078,0.1112717,0.8797565,0.0016743,0.7174254,0.0007849,0.0211931,0.0337505,0.005102,0.9960754,0.2351157,0.0256024,0.1764706,11.19822841866684
706.0,0.4773371,0.0070822,0.233711,0.2059621,0.8073654,0.0,0.6156156,0.003003,0.021021,0.1143617,0.006006,0.996997,0.3590426,0.0526316,0.6666667,9.711176264112805
340.0,0.4823529,0.0058824,0.2735294,0.125,0.8529412,0.0,0.7391304,0.0,0.0372671,0.8835022,0.0062112,1.0,0.1555716,0.04,0.0833333,11.661354090741
395.0,0.4987342,0.0,0.2202532,0.0757576,0.8835443,0.0,0.753012,0.0,0.0240964,0.6925926,0.0,0.9939759,0.5888889,0.0625,0.6666667,11.0186455364637
261.0,0.5095785,0.0,0.3448276,0.1796875,0.816092,0.0,0.6209677,0.0,0.0080645,0.2705882,0.0,1.0,0.3529412,0.0588235,0.8928571,9.615805480084347
2072.0,0.4908301,0.2876448,0.1052124,0.092891,0.8889961,0.0149614,0.7540984,0.0044709,0.0402385,0.1136063,0.2757079,0.8912072,0.5231176,0.2580645,1.0,9.615805480084347
950.0,0.4347368,0.4873684,0.1410526,0.1191806,0.8547368,0.0,0.6846361,0.0053908,0.0431267,0.0583756,0.4231806,0.9946092,0.4111675,0.0461538,0.7142857,10.385944565501662
8143.0,0.4953948,0.0027017,0.0719636,0.0496471,0.965369,0.0015965,0.903055,0.0008147,0.0101833,0.0219124,0.002444,0.996334,0.0314741,0.1197183,0.4117647,11.33381076072374
284.0,0.4964789,0.0,0.2077465,0.1328671,0.8802817,0.0,0.7217391,0.0,0.0173913,0.0725806,0.0,1.0,0.2580645,0.1111111,1.0,10.285376924115587
694.0,0.4495677,0.0,0.1541787,0.1727749,0.8184438,0.0201729,0.6441281,0.0071174,0.0284698,0.1079365,0.0,1.0,0.3714286,0.0979021,1.0,10.25769445336048
8.0,0.5,0.0,0.125,0.25,0.75,0.0,0.5,0.0,0.0,0.3333333,0.0,1.0,0.3333333,0.0,0.0,10.499600568082863
3012.0,0.500664,0.0156042,0.1510624,0.0884309,0.7446879,0.1613546,0.7371663,0.0010267,0.0246407,0.0394477,0.0102669,0.9835729,0.3382643,0.0558511,0.0,10.762170357789895
1586.0,0.4892812,0.0,0.1582598,0.1148148,0.9230769,0.0,0.803056,0.0,0.0101868,0.0391517,0.0,0.9949066,0.187602,0.1014493,0.0,10.596659732783579
2248.0,0.477758,0.1089858,0.1837189,0.1592845,0.827847,0.0422598,0.681713,0.0023148,0.0162037,0.0629067,0.1006944,0.9953704,0.2852495,0.07173,0.3888889,10.332050506334692
3971.0,0.4938303,0.0594309,0.1697305,0.1134328,0.8501637,0.0,0.6847479,0.0031908,0.0561583,0.1606856,0.0459477,0.9081047,0.505624,0.1594684,0.3255814,10.494075844768336
2135.0,0.4978923,0.0093677,0.2004684,0.1744403,0.8318501,0.0482436,0.7046358,0.002649,0.0317881,0.05625,0.0092715,0.9562914,0.24,0.1796407,0.4615385,10.038935856711177
2125.0,0.4687059,0.0014118,0.1712941,0.125775,0.8508235,0.0348235,0.7292746,0.007772,0.0362694,0.0289308,0.0,0.9987047,0.3169811,0.0434783,0.5,10.740756721857226
31044.0,0.4674333,0.7221041,0.0482219,0.0577633,0.9039106,0.0036722,0.7523434,0.0052194,0.0379207,0.0772557,0.8158287,0.8280784,0.6182426,0.2253874,0.1911765,11.460589521950299
547.0,0.5027422,0.0164534,0.1042048,0.0220588,0.976234,0.0,0.9382022,0.0,0.011236,0.0378378,0.0,0.994382,0.0,0.0,1.0,13.0198898016336
270.0,0.462963,0.0666667,0.1481481,0.1655172,0.8777778,0.0,0.6831683,0.0,0.009901,0.2937063,0.0792079,0.970297,0.3846154,0.2962963,0.0,9.674137279312397
1243.0,0.4931617,0.0096541,0.0530973,0.0428571,0.9452936,0.0,0.855814,0.0,0.0139535,0.0069284,0.0093023,0.9883721,0.0161663,0.1219512,0.0,10.987003123724813
421.0,0.5225653,0.0,0.2209026,0.1243781,0.6793349,0.1377672,0.6407186,0.005988,0.0778443,0.4892966,0.0,0.988024,0.3944954,0.0178571,0.0,10.505094936455558
6779.0,0.4977135,0.0780351,0.0678566,0.0417034,0.8777106,0.0,0.7441504,0.0049866,0.0498657,0.0581647,0.0694285,0.9731492,0.2597543,0.1014744,0.2978723,11.046132675457146
108961.0,0.4727196,0.129707,0.1645084,0.118845,0.8261213,0.0176302,0.6588361,0.0030813,0.043995,0.0856053,0.1142155,0.897762,0.4115878,0.0892979,0.5295455,11.580593459194764
4020.0,0.4422886,0.0007463,0.3161692,0.206066,0.7885572,0.0460199,0.6595864,0.0050307,0.0234768,0.2150066,0.000559,0.9927334,0.3764809,0.0465116,0.5368421,10.545367754151743
10606.0,0.7408071,0.1848011,0.0004714,0.0025464,0.5018857,0.4915142,0.9583893,0.0013423,0.0033557,0.0280496,0.1718121,0.8644295,0.4311807,0.2337838,0.0,11.37940550085183
603.0,0.4908789,0.1807629,0.1243781,0.1758958,0.8772803,0.0,0.7046414,0.0,0.0126582,0.1505376,0.1392405,1.0,0.3835125,0.0941176,1.0,9.809231816610408
2615.0,0.4703633,0.0003824,0.1694073,0.1191336,0.8734226,0.0,0.7175793,0.0057637,0.024976,0.0440771,0.0,0.9990394,0.2157943,0.0635452,0.5,10.275085591132715
5128.0,0.4914197,0.0120905,0.0840484,0.0513804,0.9311622,0.0,0.8288394,0.0029308,0.0287222,0.0377891,0.0158265,0.9337632,0.2278624,0.1279528,0.6666667,10.738589920723442
1601.0,0.4722049,0.0,0.1011868,0.0887574,0.8850718,0.0068707,0.75,0.0033333,0.035,0.0306947,0.0,0.985,0.2891761,0.0681818,0.6666667,10.49684202174171
622.0,0.488746,0.0,0.1109325,0.091195,0.892283,0.0,0.7394958,0.0,0.0210084,0.0403226,0.0,0.9957983,0.2943548,0.0227273,0.2,10.367253014814716
10976.0,0.4621902,0.004191,0.2277697,0.1707606,0.8224308,0.0123907,0.6504981,0.0062798,0.0339974,0.0556237,0.0032482,0.9956691,0.2834356,0.0778589,0.7058824,10.367253014814716
1203.0,0.4638404,0.0008313,0.2452203,0.172093,0.8212801,0.0,0.6179775,0.0,0.0205993,0.1010101,0.0018727,0.9981273,0.2895623,0.0335196,0.9090909,9.692828247710418
2546.0,0.4587588,0.0471328,0.1323645,0.1139332,0.8397486,0.0306363,0.697397,0.0021692,0.037961,0.0658561,0.0292842,0.9956616,0.2948328,0.0918367,0.6666667,10.851296331126829
106.0,0.5471698,0.0,0.1037736,0.0833333,0.9056604,0.0,0.6969697,0.0,0.0,0.3265306,0.0,1.0,0.9591837,0.0833333,0.0,9.770013301136158
328123.0,0.4664409,0.3065283,0.1484291,0.1280437,0.7523185,0.0302326,0.5734923,0.0032689,0.0702234,0.1022235,0.2916825,0.9622973,0.2906015,0.0675449,0.5025467,10.376642461280849
384.0,0.4583333,0.0130208,0.1328125,0.1394231,0.890625,0.0,0.7142857,0.0,0.0142857,0.1082803,0.0214286,1.0,0.4840764,0.1458333,1.0,9.62911649414402
1610.0,0.4807453,0.0018634,0.2024845,0.1435407,0.8521739,0.0,0.6715976,0.0029586,0.0207101,0.0611111,0.0,0.9985207,0.2805556,0.0773481,0.5,10.422311107413181
977.0,0.4923234,0.0163767,0.1596725,0.0967742,0.8996929,0.0,0.7863014,0.0027397,0.0383562,0.0965347,0.0136986,0.9753425,0.0742574,0.0298507,0.5,12.756794715628809
557.0,0.4847397,0.1095153,0.1490126,0.0836237,0.8976661,0.0,0.7658537,0.0,0.0195122,0.0807175,0.097561,0.9902439,0.3049327,0.1538462,0.6,10.261196961231647
1003.0,0.445663,0.0,0.4067797,0.2607914,0.7527418,0.0677966,0.6133333,0.0,0.0133333,0.137931,0.0,1.0,0.2950192,0.0612245,0.6363636,9.615805480084347
281.0,0.4483986,0.0,0.2989324,0.2193548,0.7864769,0.0,0.5820896,0.0074627,0.0149254,0.1298701,0.0,0.9925373,0.2337662,0.0344828,1.0,9.615805480084347
2903.0,0.4567689,0.0010334,0.2542198,0.1972099,0.820875,0.0406476,0.6810631,0.0016611,0.0124585,0.1903161,0.0008306,0.9892027,0.2562206,0.1106557,0.9038462,9.61587214452889
3319.0,0.4745405,0.0033143,0.1738475,0.1244266,0.8198252,0.0310334,0.6713287,0.008547,0.035742,0.0911017,0.001554,0.975136,0.3827684,0.1040146,0.75,10.292179440058462
12277.0,0.4976786,0.0058646,0.0901686,0.0488082,0.9302761,0.002688,0.8594454,0.0018962,0.041005,0.0272077,0.0054515,0.9734534,0.0507263,0.0939597,0.1724138,12.935795216537384
1290.0,0.4007752,0.1124031,0.120155,0.1021992,0.7651163,0.1209302,0.7161863,0.0022173,0.0266075,0.0998004,0.1241685,1.0,0.261477,0.1071429,0.3571429,10.5506169722625
54.0,0.6296296,0.0,0.2962963,0.1,0.8518519,0.0,0.7083333,0.0,0.0416667,0.2941176,0.0,1.0,0.0294118,0.0,1.0,9.615805480084347
928.0,0.5043103,0.0,0.112069,0.0934783,0.8803879,0.0,0.7184751,0.0058651,0.0410557,0.0229226,0.0,0.9794721,0.2378223,0.0480769,1.0,10.975088291957388
10643.0,0.5985155,0.1859438,0.0907639,0.0884624,0.6579912,0.2070845,0.6519132,0.0048544,0.0513992,0.0849229,0.0522559,0.9691605,0.4763522,0.0495119,0.0,10.841559345471941
43.0,0.5348837,0.0,0.3488372,0.1,0.8372093,0.0,0.65,0.0,0.0,0.2857143,0.0,1.0,0.6071429,0.0,0.0,9.615805480084347
20510.0,0.4627011,0.0072647,0.1589956,0.1251361,0.8055583,0.0128718,0.6328447,0.0027485,0.0494732,0.0264244,0.0061842,0.994732,0.3165347,0.0376743,0.3333333,11.020283511637867
1182.0,0.4373942,0.0042301,0.1835871,0.1774436,0.8654822,0.0,0.6993865,0.002045,0.0224949,0.1060329,0.006135,0.9897751,0.3638026,0.0632911,0.8333333,10.154285180632154
10917.0,0.4600165,0.0035724,0.1989558,0.136726,0.8450124,0.0301365,0.7160494,0.001829,0.0233196,0.0397366,0.0016004,0.9938272,0.259056,0.022493,0.4418605,11.370220696727491
9745.0,0.4732683,0.1189328,0.1797845,0.1470875,0.7641868,0.0865059,0.6698167,0.0085911,0.0612829,0.0988387,0.1002291,0.9390034,0.4606452,0.1069519,0.4259259,10.815790343132422
1196.0,0.4565217,0.0008361,0.2265886,0.1415385,0.8971572,0.0,0.7589099,0.0020964,0.0083857,0.046,0.0,1.0,0.206,0.0961538,1.0,10.21833478806055
9202.0,0.4902195,0.0029341,0.1343186,0.0993392,0.8447077,0.0247772,0.7046438,0.0057687,0.0366311,0.1041344,0.0005769,0.9489472,0.3475452,0.1197068,0.4761905,10.463131911491967
303.0,0.5148515,0.0,0.1452145,0.0544218,0.8976898,0.0,0.7886179,0.0,0.0406504,0.3387097,0.0,0.9918699,0.0430108,0.1,1.0,11.478344372113902
758.0,0.5026385,0.0,0.0817942,0.061008,0.9208443,0.0,0.816092,0.0076628,0.0344828,0.0369004,0.0,0.9961686,0.2066421,0.1791045,0.0,10.537441898283253
5451.0,0.4808292,0.7528894,0.0860393,0.0784452,0.9306549,0.0018345,0.8207426,0.006402,0.0371319,0.0182275,0.8098592,0.8457106,0.3878064,0.2591623,0.25,11.390769130367211
1361.0,0.4709772,0.0095518,0.185158,0.1569444,0.8008817,0.0771492,0.6970297,0.0019802,0.0257426,0.0818182,0.0059406,1.0,0.3527273,0.0857143,0.625,10.474495347310453
4132.0,0.4612778,0.0062924,0.1761859,0.131177,0.7795257,0.0140368,0.6034188,0.002849,0.0683761,0.0679766,0.0051282,0.994302,0.4115773,0.0520095,0.6666667,11.8789634386217
2464.0,0.461039,0.0024351,0.2487825,0.2010542,0.7747565,0.038961,0.607619,0.0038095,0.0361905,0.0877498,0.0019048,0.9971429,0.4039965,0.0522565,0.75,10.385944565501662
2934.0,0.4778459,0.040559,0.0593047,0.0469974,0.9243354,0.0115883,0.835,0.0,0.02,0.0448902,0.046,0.984,0.2359121,0.0835913,0.25,10.922352923113982
77010.0,0.4936761,0.0731074,0.1052591,0.0852995,0.8456045,0.0281522,0.7064954,0.004169,0.0518891,0.0383376,0.0588126,0.8790248,0.3530212,0.1411788,0.3333333,11.272139700982676
3771.0,0.4725537,0.0212145,0.3086714,0.158371,0.8332007,0.0,0.6866029,0.0035885,0.0478469,0.3018789,0.013756,0.9569378,0.4755741,0.0974843,0.1911765,10.766398604507042
183.0,0.5245902,0.0,0.2459016,0.1264368,0.8415301,0.0,0.6823529,0.0,0.0235294,0.2201835,0.0,0.9294118,0.4036697,0.0,1.0,9.615805480084347
401.0,0.4688279,0.5735661,0.1870324,0.1502347,0.9102244,0.0,0.7720588,0.0073529,0.0147059,0.0872483,0.5,1.0,0.2281879,0.2619048,0.6666667,10.114599007626499
86284.0,0.498841,0.0166543,0.0725395,0.0663475,0.9348894,0.0030481,0.8150972,0.0032994,0.033797,0.0225747,0.0198413,0.2889691,0.6519655,0.3288573,0.12,11.801114908687438
4007.0,0.4539556,0.3184427,0.2111305,0.1960695,0.8170701,0.0277015,0.6483448,0.0018738,0.0206121,0.0809414,0.3035603,0.9537789,0.3541906,0.1681261,0.4583333,10.177362240256695
49188.0,0.457083,0.4928641,0.1427381,0.1366411,0.8407132,0.0308815,0.6899195,0.0031984,0.0297232,0.1088068,0.4248925,0.9909011,0.3417535,0.1288476,0.4981273,10.480129006333248
708.0,0.450565,0.0014124,0.2711864,0.2133676,0.7810734,0.0720339,0.6366906,0.0,0.0107914,0.1285266,0.0,0.9928058,0.2319749,0.0307692,0.7142857,9.615805480084347
1566.0,0.4476373,0.6819923,0.1398467,0.1352601,0.8831418,0.0,0.7120954,0.0034072,0.011925,0.1119516,0.6286201,1.0,0.2647504,0.1,0.6153846,10.305647203635566
2067.0,0.4383164,0.4175133,0.1664248,0.1576227,0.8829221,0.0193517,0.7453333,0.0,0.0133333,0.0853659,0.34,0.9946667,0.295122,0.1105991,0.7777778,10.30229722897745
11636.0,0.4934685,0.0935889,0.078979,0.0634544,0.8643864,0.0036095,0.7372087,0.0093682,0.0785491,0.0640737,0.0816719,0.9312995,0.3093525,0.1208936,0.2604167,10.945547126244623
261.0,0.4789272,0.0,0.0881226,0.0588235,0.954023,0.0,0.8764045,0.0,0.011236,0.0430108,0.0,1.0,0.1505376,0.0,0.5,10.288783966353765
8987.0,0.4835874,0.001224,0.3555135,0.1090282,0.8762657,0.0054523,0.7768086,0.0053874,0.0377116,0.0699117,0.0010262,0.9738327,0.2560248,0.1143451,0.2631579,11.303450570483712
189.0,0.4444444,0.0,0.2962963,0.2571429,0.7460317,0.0,0.5263158,0.0,0.0315789,0.2016807,0.0,1.0,0.3109244,0.075,1.0,9.615805480084347
4906.0,0.4957195,0.0487159,0.0731757,0.0630558,0.9256013,0.003669,0.8269939,0.003681,0.0306748,0.0462259,0.0496933,0.9552147,0.2533645,0.0948012,0.7619048,11.792078770667635
1195.0,0.4736402,0.0016736,0.1338912,0.0922099,0.8953975,0.0,0.7682403,0.0,0.0343348,0.068,0.0021459,0.9914163,0.284,0.1071429,0.5384615,10.640675541671662
6111.0,0.4555719,0.0016364,0.227786,0.1806432,0.8013418,0.0332188,0.6425234,0.0027259,0.0303738,0.0572687,0.0011682,0.9945483,0.3454479,0.0597701,0.2105263,10.247112717290387
1070.0,0.4663551,0.0971963,0.182243,0.1663748,0.8514019,0.0,0.6600442,0.0,0.0110375,0.0811359,0.0905077,0.99117,0.4036511,0.1081081,1.0,9.770013301136158
381.0,0.4593176,0.0,0.2519685,0.1601942,0.8503937,0.0,0.6646341,0.0,0.0121951,0.0574713,0.0,0.9939024,0.2701149,0.1764706,1.0,9.615805480084347
258.0,0.5116279,0.0,0.0852713,0.0555556,0.9224806,0.0,0.8085106,0.0,0.0212766,0.1296296,0.0,1.0,0.3333333,0.2105263,1.0,10.211009016314167
321.0,0.4766355,0.1838006,0.1090343,0.0892857,0.8971963,0.0,0.7522936,0.0,0.0550459,0.0438596,0.146789,0.9724771,0.2894737,0.255814,0.6666667,10.53212287826962
666.0,0.4834835,0.018018,0.1486486,0.1104651,0.8753754,0.0,0.7228916,0.0,0.0321285,0.03861,0.0160643,0.9759036,0.2084942,0.1395349,0.0,10.188704088048116
238.0,0.4411765,0.0,0.1806723,0.1729323,0.8613445,0.0,0.7,0.0,0.03,0.0654206,0.0,0.96,0.1214953,0.0,1.0,10.158168529848494
12035.0,0.4660573,0.1763191,0.170752,0.1577965,0.831076,0.0302451,0.6847963,0.0025199,0.0268795,0.079095,0.1558169,0.9905502,0.363566,0.0859684,0.5189873,10.785207543360087
12.0,0.75,0.0,0.0,0.0,0.8333333,0.0,0.6,0.0,0.0,0.1666667,0.0,1.0,0.1666667,0.0,0.0,0.0
388.0,0.4561856,0.0,0.0824742,0.0758294,0.9149485,0.0,0.7984496,0.0077519,0.0310078,0.1730769,0.0,0.9379845,0.3525641,0.3333333,1.0,9.933094897288786
464.0,0.5064655,0.0,0.2327586,0.1659389,0.7672414,0.0,0.5890411,0.0136986,0.0456621,0.1766917,0.0,1.0,0.556391,0.0441176,0.5,9.615805480084347
94.0,0.5744681,0.0,0.1595745,0.175,0.8723404,0.0,0.6857143,0.0,0.0285714,0.0277778,0.0,1.0,0.3333333,0.2857143,0.0,9.615805480084347
1759.0,0.4889142,0.0090961,0.0903923,0.0734149,0.9386015,0.0,0.8267148,0.0054152,0.0162455,0.1302983,0.0108303,0.7454874,0.3861852,0.2155172,0.7142857,9.952325334619427
2660.0,0.5037594,0.3007519,0.0195489,0.0272727,0.9255639,0.0,0.8224401,0.0054466,0.0294118,0.0946746,0.2984749,0.91939,0.3560158,0.0697248,0.2380952,10.609081944147828
221.0,0.39819,0.040724,0.4117647,0.3157895,0.5791855,0.0,0.3382353,0.0073529,0.0220588,0.2648649,0.0220588,0.9926471,0.7567568,0.0135135,1.0,9.933094897288786
494.0,0.5,0.0,0.2206478,0.1700405,0.8684211,0.0,0.7019231,0.0,0.0144231,0.0995671,0.0,1.0,0.3160173,0.0983607,1.0,9.942756341456828
63.0,0.4920635,0.0,0.3015873,0.15625,0.8253968,0.0,0.6296296,0.0,0.037037,0.4255319,0.0,1.0,0.3617021,0.2,1.0,9.615805480084347
981.0,0.4556575,0.6809378,0.1671764,0.1423221,0.9276249,0.0,0.8125,0.0029762,0.014881,0.0614525,0.5833333,0.9910714,0.2541899,0.1142857,0.5,10.211009016314167
552.0,0.4710145,0.0054348,0.1394928,0.1164384,0.9184783,0.0,0.7990196,0.004902,0.0098039,0.0684932,0.004902,0.995098,0.1826484,0.16,0.5,10.318935994253193
2000.0,0.501,0.0025,0.0565,0.0350701,0.942,0.0,0.8542636,0.0046512,0.0294574,0.0137615,0.0015504,0.9937984,0.1131498,0.097561,0.5,11.283524879179666
20075.0,0.4719801,0.019477,0.130411,0.1001887,0.8084682,0.0638605,0.7137658,0.0049396,0.0380866,0.1322053,0.0176784,0.9819316,0.3489002,0.0768662,0.5675676,10.589131655274922
7419.0,0.5178595,0.0067395,0.1124141,0.0905787,0.9017388,0.0169834,0.7763653,0.0028249,0.0334275,0.0576752,0.009887,0.5386064,0.5150843,0.305275,0.6,10.229223792606835
3889.0,0.4813577,0.0002571,0.1211108,0.1046108,0.8791463,0.0043713,0.7279006,0.0041436,0.0338398,0.0209601,0.0006906,0.9924033,0.254902,0.0698254,0.625,10.643064971973882
2129.0,0.4880225,0.0314702,0.2062001,0.1201835,0.8074213,0.0042273,0.6221744,0.0053821,0.0409042,0.1771479,0.0258342,0.9246502,0.4676705,0.086747,0.8571429,10.77270764101727
1518.0,0.4657444,0.0019763,0.1949934,0.1713933,0.8478261,0.0039526,0.672496,0.0031797,0.0254372,0.0695266,0.0015898,0.9952305,0.1656805,0.0580645,0.3333333,10.106469212026385
224.0,0.4732143,0.0,0.1473214,0.1355932,0.8526786,0.0,0.6741573,0.011236,0.011236,0.1188119,0.0,1.0,0.1881188,0.1111111,0.8333333,9.615805480084347
891.0,0.5140292,0.0,0.0920314,0.039261,0.7384961,0.0314254,0.5848101,0.0101266,0.0734177,0.3969466,0.0,0.9746835,0.3862595,0.0402685,0.5555556,11.11395422597838
579.0,0.4732297,0.2625216,0.1243523,0.1344262,0.880829,0.0,0.7321429,0.0044643,0.0223214,0.125,0.2008929,0.9955357,0.3125,0.0232558,0.0,10.034559673629849
2464.0,0.4537338,0.1185065,0.1806006,0.1738484,0.8522727,0.0255682,0.7061224,0.0010204,0.0081633,0.0832554,0.0989796,0.9989796,0.3610851,0.0888325,0.7777778,10.410335274932896
1712.0,0.4871495,0.0035047,0.2943925,0.1287016,0.8714953,0.0,0.7363636,0.0012987,0.0207792,0.4313146,0.0038961,0.9935065,0.4231905,0.0869565,0.4054054,10.540090836284206
1005.0,0.519403,0.6587065,0.1273632,0.1511387,0.7383085,0.1771144,0.7247387,0.0034843,0.010453,0.1681159,0.6027875,0.9930314,0.2811594,0.1923077,0.75,9.615805480084347
2294.0,0.4664342,0.0030514,0.2205754,0.1584967,0.8234525,0.0074106,0.6279528,0.0,0.0098425,0.1126638,0.003937,0.988189,0.2925764,0.0551724,0.5454545,10.043292972227004
167.0,0.491018,0.0,0.2994012,0.2352941,0.742515,0.0,0.5945946,0.0405405,0.0810811,0.1395349,0.0,1.0,0.3023256,0.0,0.75,9.615805480084347
1506.0,0.4847278,0.001328,0.1142098,0.0786082,0.9096946,0.0,0.7918969,0.0110497,0.0257827,0.0670103,0.0018416,0.9963168,0.2474227,0.1290323,0.5714286,10.298935994257638
5249.0,0.457992,0.000381,0.2082301,0.1641476,0.8073919,0.0024767,0.6136865,0.0030905,0.0441501,0.0628879,0.000883,0.9898455,0.3380223,0.0474041,0.8333333,11.013715451376466
1028.0,0.4766537,0.0029183,0.1245136,0.0762082,0.8881323,0.0,0.7622739,0.0077519,0.0439276,0.04914,0.002584,0.994832,0.2457002,0.0725806,0.3333333,10.579005242826247
8854.0,0.4639711,0.0045177,0.2106393,0.1302149,0.8033657,0.0360289,0.6638518,0.0038137,0.0405884,0.0623244,0.0038137,0.8706075,0.3703704,0.055638,0.5,10.703266939811954
1284.0,0.4968847,0.0264798,0.1137072,0.0959752,0.8216511,0.0093458,0.6565041,0.0020325,0.0873984,0.0989011,0.0243902,0.9735772,0.3589744,0.0574713,0.6666667,11.250274159310356
14880.0,0.4978495,0.0140457,0.0700269,0.0619647,0.9231183,0.0206989,0.8543669,0.0027163,0.021939,0.0645035,0.011074,0.9931049,0.0574668,0.1044248,0.2045455,11.58525542883217
2261.0,0.5028748,0.1357806,0.0628041,0.066726,0.876161,0.0,0.7226607,0.0045096,0.0315671,0.1869844,0.1273957,0.9605411,0.5132906,0.0966387,0.3846154,10.601647149919609
444.0,0.472973,0.0,0.2477477,0.1367521,0.8490991,0.0,0.6546392,0.0,0.0,0.0673077,0.0,1.0,0.1778846,0.1034483,0.5,9.674137279312397
22754.0,0.4699833,0.212578,0.1388767,0.1175788,0.8669245,0.0149864,0.7312686,0.0047647,0.0381179,0.102139,0.1910661,0.9460393,0.3698396,0.1473868,0.3315217,10.657282884047461
2052.0,0.4873294,0.0004873,0.1184211,0.088403,0.8908382,0.0068226,0.7628866,0.0064433,0.0257732,0.03,0.0,0.9987113,0.18625,0.0555556,0.6666667,10.78727575364831
16614.0,0.4824847,0.0165523,0.0961238,0.0956036,0.8489226,0.0426147,0.7480301,0.0023981,0.049332,0.0615657,0.0128469,0.9804728,0.2110593,0.0412979,0.1521739,11.629828113199304
843.0,0.4590747,0.0035587,0.3274021,0.2609649,0.7271649,0.0877817,0.5761773,0.0,0.0083102,0.1173594,0.0,0.9972299,0.4229829,0.0409836,0.0,9.952325334619427
14753.0,0.4807158,0.0070494,0.1203145,0.0962015,0.83522,0.0496848,0.7123368,0.0027285,0.0344962,0.1023443,0.0038979,0.2075619,0.4587124,0.097561,0.547619,10.34177474101152
1296.0,0.4853395,0.0,0.1574074,0.1184408,0.9027778,0.0,0.7561475,0.0,0.0143443,0.0298211,0.0,1.0,0.2365805,0.0636364,0.3333333,10.589131655274922
1476.0,0.4607046,0.0,0.2296748,0.1758794,0.8455285,0.0,0.6786271,0.0015601,0.024961,0.1182944,0.0,0.9984399,0.221458,0.0704225,0.8333333,9.803722464346553
381.0,0.4593176,0.5879265,0.167979,0.0970874,0.9212598,0.0,0.7565217,0.0,0.0173913,0.1901408,0.4782609,0.9913043,0.3521127,0.3428571,0.75,9.615805480084347
2940.0,0.4717687,0.0020408,0.1721088,0.1403735,0.8428571,0.0295918,0.6936208,0.0,0.0233603,0.1458173,0.0017969,0.9631626,0.400614,0.1333333,0.6458333,10.382853468483827
397.0,0.4811083,0.0,0.186398,0.1359223,0.8942065,0.0,0.7407407,0.0,0.0,0.0526316,0.0,1.0,0.2280702,0.0588235,1.0,10.247112717290387
6328.0,0.5148546,0.0444058,0.0821745,0.0641694,0.835493,0.0357143,0.7208801,0.002157,0.05522,0.0573404,0.0271786,0.9879206,0.2765352,0.025,0.3157895,11.785247676408115
1212.0,0.5082508,0.4471947,0.1163366,0.1258389,0.8283828,0.0668317,0.7328605,0.0070922,0.0212766,0.1260331,0.4255319,0.9952719,0.2975207,0.1325301,0.7142857,10.547995807489514
18670.0,0.502196,0.0215319,0.0875736,0.0578868,0.7914837,0.0083021,0.6336207,0.0079676,0.0995298,0.1155268,0.0182863,0.9766196,0.4639556,0.0796744,0.0882353,11.33381076072374
745.0,0.4765101,0.9288591,0.1449664,0.1410256,0.9261745,0.0,0.7692308,0.0,0.0042735,0.1301115,0.8931624,1.0,0.3011152,0.1428571,0.0,9.62911649414402
2555.0,0.4669276,0.0019569,0.2125245,0.1365639,0.8148728,0.0328767,0.693148,0.0039722,0.0556107,0.210815,0.000993,0.9980139,0.2163009,0.0398406,0.64,11.813037464800539
10436.0,0.4514182,0.0159065,0.1156573,0.0834934,0.5854734,0.2190494,0.6052632,0.0024198,0.1188748,0.0682074,0.0090744,0.9860859,0.2872041,0.0432318,0.4285714,10.805699643800724
1500.0,0.4793333,0.0026667,0.1313333,0.0921895,0.868,0.0,0.7117264,0.0032573,0.0260586,0.0863095,0.0032573,0.995114,0.3660714,0.0736842,0.9166667,10.382853468483827
1401.0,0.4403997,0.0,0.2947894,0.2602041,0.7673091,0.0606709,0.6267361,0.0017361,0.0225694,0.0572831,0.0,0.9965278,0.2716858,0.070922,0.8,10.081675578048475
186.0,0.6075269,0.0,0.0,0.0,0.7311828,0.0645161,0.6164384,0.0136986,0.0958904,0.0987654,0.0,0.9863014,0.4567901,0.027027,0.0,9.615805480084347
626.0,0.4808307,0.0,0.2092652,0.0861538,0.8530351,0.0,0.7236842,0.0032895,0.0230263,0.8128079,0.0,0.9934211,0.328202,0.0188679,0.1612903,11.474195031610165
4081.0,0.4927714,0.0056359,0.0992404,0.0806763,0.8510169,0.0083313,0.7110834,0.0012453,0.0622665,0.0377472,0.0049813,0.9950187,0.3139605,0.0372439,0.1538462,11.82115253615114
17212.0,0.5446781,0.1172438,0.0576923,0.0507847,0.7798048,0.1286893,0.7575536,0.0038454,0.0384545,0.0986962,0.1204908,0.9804065,0.3165539,0.1314857,0.6304348,10.666650414667744
40944.0,0.4499805,0.9810229,0.1075371,0.1186057,0.8879445,0.004787,0.7131041,0.0051313,0.032473,0.1641915,0.9737306,0.9962472,0.4066061,0.2140204,0.7352941,9.62911649414402
798.0,0.4987469,0.0,0.2431078,0.1675,0.8433584,0.0,0.6492754,0.0028986,0.0086957,0.0521978,0.0,1.0,0.2362637,0.1208791,0.5,10.278527816830314
28583.0,0.4654165,0.2059966,0.150509,0.1326571,0.8458524,0.0220061,0.7065767,0.0042602,0.0307092,0.0720639,0.1942842,0.9947635,0.3322352,0.0761293,0.3958333,10.666650414667744
6416.0,0.4981297,0.0024938,0.0961658,0.0664596,0.8600374,0.0,0.7015581,0.0043947,0.0515382,0.0380477,0.0031962,0.9976029,0.2413528,0.0236337,0.5294118,11.095908894882296
165.0,0.4363636,0.0,0.0848485,0.1397849,0.8969697,0.0,0.7966102,0.0,0.0508475,0.1571429,0.0,1.0,0.3142857,0.125,0.0,9.70509758756311
1671.0,0.4602035,0.0017953,0.1591861,0.1485588,0.8246559,0.0,0.6235294,0.0014706,0.0514706,0.0462833,0.0014706,0.9926471,0.4474053,0.0402299,0.0,11.03973275601109
571.0,0.4728546,0.0,0.1471103,0.089701,0.9071804,0.0,0.7850877,0.0,0.0175439,0.0617284,0.0,0.995614,0.255144,0.0909091,0.0,9.928228944424575
38125.0,0.4799475,0.0399738,0.1366033,0.108438,0.8557639,5.25e-05,0.6850683,0.0028435,0.0492406,0.0870584,0.0389764,0.3027949,0.727998,0.1121872,0.3924731,11.752737324967208
14588.0,0.4666849,0.8847683,0.0516178,0.0539846,0.9446806,0.0081574,0.8711235,0.0045755,0.0297407,0.0460718,0.8685816,0.9387392,0.3004365,0.3783231,0.2688172,11.055656405795794
821.0,0.4859927,0.0267966,0.1144945,0.1018957,0.9062119,0.0,0.7541528,0.0,0.0099668,0.0652174,0.0299003,0.9966777,0.2329193,0.0632911,0.5714286,10.65492722584759
1337.0,0.4367988,0.0074794,0.3275991,0.3187251,0.6768886,0.2460733,0.7627551,0.002551,0.0229592,0.0776471,0.0,1.0,0.2729412,0.1170213,0.2,10.357774570341576
1013.0,0.4669299,0.0009872,0.1431392,0.1351852,0.8953603,0.0,0.7349081,0.0,0.0131234,0.0684597,0.0,0.9973753,0.3031785,0.1272727,0.6,9.994287576862567
34598.0,0.4993352,0.0091046,0.0259264,0.0251126,0.9214694,0.0057229,0.8296994,0.0032301,0.0434275,0.0340614,0.009511,0.992463,0.1541862,0.0910384,0.2524752,11.342149006315793
3372.0,0.4510676,0.0029656,0.2502966,0.2009724,0.7787663,0.0376631,0.6165414,0.0034176,0.0287081,0.0775536,0.0006835,0.9958988,0.3669609,0.0595533,0.3684211,10.2328272702548
38.0,0.4473684,0.3947368,0.3947368,0.2857143,0.7105263,0.0,0.55,0.05,0.05,0.4871795,0.5,1.0,0.4358974,0.0,0.0,9.615805480084347
302.0,0.4801325,0.0231788,0.2086093,0.1974522,0.8807947,0.0,0.7213115,0.0,0.0163934,0.046875,0.0081967,0.9918033,0.625,0.1111111,0.0,9.69898173460629
232.0,0.5086207,0.0086207,0.0646552,0.0350877,0.8793103,0.0,0.7613636,0.0113636,0.0568182,0.0833333,0.0,0.9545455,0.2395833,0.0714286,0.0,10.868587496017359
134.0,0.5149254,0.0149254,0.0373134,0.0769231,0.7014925,0.0,0.4848485,0.0,0.0909091,0.4923077,0.0151515,1.0,0.3384615,0.0,1.0,10.807725945886109
12006.0,0.4715975,0.0191571,0.1720806,0.1383985,0.7877728,0.0592204,0.6607217,0.004355,0.0329739,0.0638711,0.0178349,0.9954376,0.3676956,0.0482908,0.5,10.416341118636355
21884.0,0.4791629,0.0049808,0.1415189,0.0940516,0.8553738,0.014257,0.7246759,0.0069611,0.050048,0.0284515,0.0038406,0.962314,0.2891791,0.0955983,0.2083333,10.847412906506923
1843.0,0.4888768,0.0005426,0.1351058,0.0976645,0.9137276,0.0,0.7947123,0.0031104,0.0326594,0.0153139,0.0,0.9828927,0.179173,0.1276596,0.25,11.251573687764477
4577.0,0.4721433,0.3410531,0.1955429,0.1241722,0.8962202,0.0,0.7840909,0.0021645,0.0351732,0.0191083,0.2711039,0.9962121,0.0169851,0.0425532,0.3043478,11.279744203985432
195.0,0.4974359,0.0,0.1128205,0.0408163,0.9179487,0.0,0.8055556,0.0,0.0277778,0.0649351,0.0,1.0,0.2597403,0.0,1.0,9.99884318585288
328.0,0.3993902,0.0,0.4878049,0.4213198,0.554878,0.3628049,0.7078652,0.0,0.011236,0.6180258,0.0,1.0,0.2103004,0.0,0.0,10.847412906506923
1875.0,0.4677333,0.0016,0.2826667,0.1773547,0.7765333,0.0490667,0.6313869,0.0036496,0.0218978,0.1264612,0.0024331,0.9671533,0.3071201,0.0594059,0.6666667,9.6678285081515
259.0,0.4826255,0.0,0.2818533,0.1641791,0.8841699,0.0,0.7387387,0.0,0.009009,0.0347826,0.0,1.0,0.1043478,0.0625,1.0,9.615805480084347
6591.0,0.4673039,0.0048551,0.1363981,0.1301623,0.8500986,0.013655,0.6921545,0.0039825,0.0382318,0.0535243,0.0059737,0.9940263,0.2695062,0.0506757,0.3809524,10.983613347424248
4117.0,0.4984212,0.0051008,0.055623,0.0387409,0.9266456,0.0,0.8517699,0.0073746,0.0538348,0.0286533,0.0036873,0.9741888,0.1332378,0.1328413,0.4166667,11.241129864948206
2432.0,0.4560033,0.0004112,0.1620066,0.122449,0.8441612,0.020148,0.7054348,0.0054348,0.0532609,0.0863952,0.0,0.9956522,0.3038729,0.0654762,0.3636364,11.008760940077243
7532.0,0.4719862,0.0091609,0.1415295,0.0764395,0.7907594,0.0058417,0.63978,0.0015277,0.0937977,0.0466065,0.0070272,0.9764742,0.2545878,0.0298103,0.1219512,12.98608765110999
10131.0,0.469845,0.0132267,0.1557595,0.0852728,0.8298292,0.0358306,0.7178881,0.0026267,0.0593643,0.0347363,0.0131337,0.9918571,0.2266734,0.0343511,0.3928571,11.452123952509567
756.0,0.489418,0.0,0.0965608,0.0777202,0.9351852,0.0,0.8251121,0.0044843,0.0269058,0.3460411,0.0,0.1300448,0.5454545,0.1707317,0.5,9.615805480084347
499.0,0.4549098,0.0,0.2264529,0.1838235,0.8176353,0.0,0.6333333,0.0142857,0.047619,0.1666667,0.0,1.0,0.3730159,0.1333333,0.4,10.025749432069084
20489.0,0.4932403,0.0633023,0.1237249,0.090051,0.9305969,0.0087852,0.851305,0.0011931,0.0266965,0.0172944,0.0556301,0.9680835,0.0920416,0.1428571,0.4736842,11.847975261832087
316.0,0.4936709,0.0189873,0.1329114,0.075,0.8449367,0.0537975,0.7428571,0.0095238,0.0380952,0.1463415,0.0095238,0.9809524,0.1788618,0.25,1.0,10.322230781590136
1177.0,0.4766355,0.0127443,0.0713679,0.0616883,0.9150382,0.0,0.8067633,0.0,0.0362319,0.1392931,0.0193237,0.9830918,0.1081081,0.1428571,0.5384615,11.710964518881163
4678.0,0.5175289,0.0545105,0.0780248,0.0926008,0.6197093,0.0716118,0.4481132,0.0056604,0.104717,0.2540464,0.0466981,0.879717,0.7638987,0.0641248,0.3333333,10.929547069355774
539.0,0.4749536,0.0,0.1150278,0.0636042,0.9165121,0.0,0.7932961,0.0111732,0.027933,0.0529101,0.0,1.0,0.1322751,0.1428571,0.5,10.285376924115587
721.0,0.4895978,0.1262136,0.1165049,0.1358696,0.9320388,0.0,0.805668,0.0,0.0040486,0.0851852,0.1497976,0.9919028,0.3148148,0.1132075,0.6,9.615805480084347
6306.0,0.4985728,0.1969553,0.0214082,0.0319418,0.9487789,0.0,0.8750635,0.0045708,0.0264093,0.0650522,0.1808024,0.960386,0.2094017,0.1700155,0.1842105,10.851296331126829
356.0,0.4859551,0.002809,0.1685393,0.1202186,0.8679775,0.0,0.7142857,0.0071429,0.0214286,0.0666667,0.0071429,0.9857143,0.3133333,0.1627907,1.0,10.184937747111391
914.0,0.4606127,0.5536105,0.1400438,0.137931,0.8949672,0.0,0.7439759,0.0060241,0.0301205,0.0568182,0.4879518,0.996988,0.3267045,0.1046512,0.0,10.32551474894327
1102.0,0.4863884,0.0018149,0.1578947,0.0848057,0.9228675,0.0,0.7910053,0.0,0.0132275,0.2222222,0.0026455,0.4497354,0.4814815,0.2197802,0.875,9.615805480084347
2231.0,0.4612281,0.0013447,0.1828776,0.1863561,0.8287763,0.0183774,0.6587983,0.0042918,0.0182403,0.0862745,0.0,0.998927,0.3647059,0.071618,0.6,9.883335864325275
645.0,0.4620155,0.1224806,0.1984496,0.1729107,0.8573643,0.0,0.6789668,0.00369,0.0147601,0.1837349,0.1070111,0.9889299,0.3222892,0.0724638,0.7777778,9.615805480084347
723.0,0.439834,0.0013831,0.1881051,0.145679,0.7980636,0.0677732,0.6854839,0.0040323,0.0685484,0.071161,0.0040323,1.0,0.4194757,0.1509434,1.0,9.76428295481558
382.0,0.4921466,0.0,0.1623037,0.1494845,0.8691099,0.0,0.6830986,0.0,0.0352113,0.0718954,0.0,1.0,0.2287582,0.0833333,0.0,10.188704088048116
3763.0,0.4629285,0.0297635,0.1623704,0.1380505,0.8782886,0.0337497,0.7544861,0.0016313,0.0154976,0.1562285,0.0301794,0.4632953,0.3716449,0.2228412,0.8461538,9.615805480084347
875.0,0.5005714,0.0,0.0514286,0.0366133,0.9508571,0.0,0.869863,0.0,0.0171233,0.0201342,0.0,0.9931507,0.0637584,0.1538462,0.0,10.985309671896763
1358.0,0.4992636,0.0066274,0.0500736,0.0441176,0.9322533,0.0,0.8285714,0.0047619,0.0357143,0.0769231,0.0071429,0.7642857,0.2241758,0.127907,0.6190476,10.949068194652432
7517.0,0.4904882,0.0666489,0.0874019,0.0736292,0.9034189,0.0425702,0.862069,0.0008514,0.0242656,0.0301404,0.0468284,0.9684972,0.1127168,0.100295,0.59375,12.190456343334482
1999.0,0.4717359,0.0,0.1915958,0.1619318,0.8554277,0.0275138,0.7139142,0.0,0.0156047,0.0690073,0.0,1.0,0.220339,0.0671141,0.4285714,10.315630315397533
641.0,0.475819,0.0,0.1918877,0.1279762,0.8330733,0.0,0.6728625,0.0,0.0594796,0.0659722,0.0,1.0,0.3020833,0.0606061,0.3333333,10.169728906753061
7096.0,0.4902762,0.0094419,0.0663754,0.0525297,0.9189684,0.0102875,0.8300083,0.0016625,0.0303408,0.0321802,0.0058188,0.9829593,0.0776348,0.1094891,0.3409091,11.63780327310248
7038.0,0.4616368,0.1121057,0.1770389,0.1644233,0.8388747,0.0261438,0.6999649,0.0042061,0.0273396,0.0954344,0.0970908,0.9975464,0.3532023,0.0763569,0.2592593,10.485731104959568
23694.0,0.4779691,0.0953406,0.202794,0.0776134,0.821516,0.0016038,0.6989559,0.0024169,0.0832367,0.519085,0.075406,0.9894625,0.4137338,0.04487,0.3029557,11.884495917930655
2148.0,0.4944134,0.0055866,0.1908752,0.1381215,0.8812849,0.0,0.7154964,0.0012107,0.0217918,0.2088123,0.0048426,0.8946731,0.401341,0.1234568,0.3968254,10.431199791458543
5061.0,0.4661134,0.0025687,0.3092274,0.1265729,0.8893499,0.0,0.7684887,0.0009187,0.0215893,0.0895023,0.001378,0.9875976,0.1125052,0.0555556,0.5849057,11.362114203075018
99.0,0.4747475,0.0,0.2121212,0.0769231,0.8686869,0.0,0.7045455,0.0,0.0,0.2903226,0.0,1.0,0.2580645,0.2,0.0,10.959557617938563
553.0,0.4502712,0.4556962,0.2332731,0.2138158,0.8264014,0.0415913,0.6635071,0.0,0.0094787,0.1280992,0.4265403,0.9905213,0.2768595,0.1129032,0.2,9.62251624577579
420.0,0.4642857,0.0071429,0.3047619,0.24,0.7642857,0.0,0.5538462,0.0153846,0.0461538,0.0972222,0.0,0.9846154,0.3657407,0.0816327,1.0,9.809231816610408
7211.0,0.5061711,0.0784912,0.0837609,0.0738557,0.9187353,0.0033282,0.7956311,0.0063107,0.0427184,0.1170167,0.0854369,0.4092233,0.5083583,0.3103448,0.4137931,10.038935856711177
1459.0,0.5647704,0.2104181,0.0020562,0.007874,0.8594928,0.121316,0.9322493,0.0,0.0081301,0.013369,0.2140921,0.8861789,0.2326203,0.1897019,0.0,0.0
76.0,0.4868421,0.0,0.3026316,0.1538462,0.8289474,0.0,0.6060606,0.0,0.0,0.2142857,0.0,1.0,0.1190476,0.0,0.5,9.615805480084347
1681.0,0.48721,0.1499108,0.0844735,0.0986079,0.9202855,0.0,0.8129252,0.0017007,0.0357143,0.0725552,0.1394558,0.9931973,0.2113565,0.1869159,0.25,10.566201298475118
876.0,0.4931507,0.0,0.130137,0.1216216,0.8915525,0.0,0.7469512,0.0,0.0304878,0.2190476,0.0,1.0,0.4452381,0.0923077,0.3333333,9.62911649414402
54269.0,0.493136,0.0761392,0.1400984,0.12844,0.6952772,0.0944001,0.5744906,0.0035644,0.0883869,0.0922566,0.0685901,0.9865132,0.3565214,0.073811,0.5785124,11.082157933374816
1779.0,0.4710512,0.0961214,0.1607645,0.1296493,0.8785835,0.0056211,0.7342144,0.0058737,0.0249633,0.2181401,0.082232,0.9911894,0.3777268,0.0503597,0.8076923,10.090008612393838
2046.0,0.4687195,0.0,0.1388074,0.1177553,0.898827,0.0136852,0.7777778,0.0,0.0145503,0.0344828,0.0,1.0,0.1736909,0.0954774,0.25,10.898607948952096
396685.0,0.4554747,0.4749562,0.1663814,0.1460661,0.7569104,0.0271475,0.5514124,0.0039471,0.0564418,0.1538485,0.405321,0.9884497,0.5259826,0.0838163,0.596875,10.480129006333248
2029.0,0.4908822,0.0009857,0.0951207,0.0677638,0.9048793,0.0,0.7753934,0.0042918,0.0386266,0.015493,0.0,0.9971388,0.2225352,0.0934066,0.6666667,10.742918838113225
544.0,0.4871324,0.0,0.1378676,0.0896057,0.8878676,0.0,0.747619,0.0047619,0.0285714,0.0869565,0.0,0.9904762,0.2652174,0.1086957,1.0,10.090008612393838
5151.0,0.5301883,0.0287323,0.1131819,0.0884298,0.7532518,0.077849,0.6577042,0.0046536,0.0842813,0.0807985,0.0196484,0.9855222,0.3764259,0.0846233,0.4285714,11.462694763725304
2713.0,0.4729082,0.0003686,0.2307409,0.1524476,0.7747881,0.0611869,0.6309205,0.0017873,0.0241287,0.0983078,0.0,0.9928508,0.3521354,0.0584112,0.3333333,10.482933978579906
31092.0,0.4814422,0.0046314,0.2027853,0.1297525,0.8765277,0.0134761,0.7432253,0.00133,0.0219451,0.0165945,0.0004156,0.9751455,0.1361073,0.0415315,0.3333333,10.934908916663861
3611.0,0.4782609,0.0011077,0.1827749,0.1183652,0.801717,0.0828025,0.7170543,0.0031008,0.0348837,0.0190114,0.0015504,0.9968992,0.2821293,0.0369128,0.5,10.74937727911096
26.0,0.9230769,0.0384615,0.0,0.0,0.0769231,0.8461538,0.5,0.0,0.5,0.0,0.0,1.0,0.5,0.0,0.0,0.0
916.0,0.4945415,0.1823144,0.0862445,0.1036717,0.9181223,0.0,0.7915408,0.0030211,0.0181269,0.0676056,0.1722054,0.9939577,0.2225352,0.2,0.8,10.360944044643913
2580.0,0.4344961,0.0003876,0.298062,0.2426319,0.7736434,0.0581395,0.6290614,0.0018051,0.017148,0.0562181,0.0009025,0.9936823,0.3211244,0.0379747,0.4444444,9.90353755128617
96.0,0.5,0.0,0.1458333,0.1041667,0.8854167,0.0,0.725,0.0,0.0,0.1666667,0.0,1.0,0.3958333,0.125,1.0,9.615805480084347
212.0,0.4811321,0.0,0.245283,0.1545455,0.9103774,0.0,0.7710843,0.0,0.0,0.1530612,0.0,0.9156627,0.3877551,0.2105263,1.0,9.841665338892785
562.0,0.524911,0.0,0.0907473,0.0786517,0.8540925,0.0498221,0.7900552,0.0110497,0.0497238,0.0216216,0.0,0.9060773,0.2810811,0.1132075,1.0,10.77270764101727
3485398.0,0.5021105,0.1399192,0.0997628,0.0800919,0.8023233,0.0208906,0.6235304,0.0046698,0.0914848,0.063508,0.1514935,0.7323274,0.616226,0.1718219,0.289356,12.008237370904832
164.0,0.445122,0.0,0.1707317,0.1098901,0.8963415,0.0,0.7333333,0.0,0.0166667,0.1666667,0.0,1.0,0.25,0.3,1.0,9.615805480084347
6134.0,0.5247799,0.0024454,0.0842843,0.0668954,0.8112162,0.0249429,0.6613113,0.0112896,0.0655667,0.0569206,0.0039079,0.8423795,0.4905815,0.0861079,0.35,11.008760940077243
551.0,0.4736842,0.0036298,0.1760436,0.1724138,0.8729583,0.0,0.7149321,0.0,0.0316742,0.0474138,0.0,1.0,0.0991379,0.1714286,0.0,10.169728906753061
5985.0,0.4898914,0.0041771,0.1104428,0.0818867,0.8803676,0.0075188,0.7452436,0.000464,0.0473318,0.0262088,0.0051044,0.9944316,0.2169001,0.0600707,0.1052632,12.14207264603046
452.0,0.4977876,0.0,0.1637168,0.1497797,0.9070796,0.0,0.748503,0.0,0.0,0.1435897,0.0,0.9341317,0.2769231,0.0714286,1.0,9.862717639992917
15696.0,0.4929918,0.0005097,0.0811035,0.0557929,0.9233563,0.0336391,0.8522949,0.0012207,0.0134277,0.0298437,0.0004883,0.9782715,0.2179062,0.2375746,0.5714286,10.868587496017359
2640.0,0.494697,0.0,0.0996212,0.1184408,0.919697,0.0,0.8020305,0.0020305,0.0142132,0.0725047,0.0,0.9979695,0.3502825,0.1515152,0.6,10.214678610538817
85.0,0.4705882,0.0,0.2117647,0.2888889,0.8352941,0.0,0.6111111,0.0,0.0,0.1428571,0.0,1.0,0.2619048,0.25,1.0,9.723223876851618
6891.0,0.4714845,0.0139312,0.1606443,0.1202636,0.8071397,0.0355536,0.66122,0.0050835,0.040305,0.048376,0.0,0.9738562,0.280235,0.0504292,0.5,10.540090836284206
755.0,0.4331126,0.0211921,0.3271523,0.2850467,0.7086093,0.0344371,0.5090439,0.0,0.0077519,0.2069672,0.005168,0.994832,0.4385246,0.0448718,0.6470588,9.928228944424575
2584.0,0.4570433,0.0092879,0.3072755,0.1339986,0.8560372,0.0,0.7059345,0.0,0.0327724,0.4054766,0.0044287,0.996457,0.1363876,0.0950413,0.8157895,11.949895700065218
1083.0,0.4524469,0.0,0.3665743,0.2411467,0.7894737,0.0397045,0.6310484,0.0,0.0040323,0.1282953,0.0,1.0,0.2970123,0.0526316,1.0,9.615805480084347
6192.0,0.5080749,0.003553,0.057978,0.0282337,0.9450904,0.0,0.8655963,0.0018349,0.0174312,0.0081893,0.003211,0.9412844,0.0423112,0.1013514,0.2727273,11.544433821905134
416.0,0.4639423,0.0024038,0.1394231,0.0896861,0.8942308,0.0,0.7548387,0.0064516,0.0322581,0.2326733,0.0064516,0.9806452,0.4306931,0.1489362,0.25,9.615805480084347
1916.0,0.4712944,0.0,0.2228601,0.1757157,0.8141962,0.0297495,0.6602067,0.003876,0.0413437,0.0325,0.0,0.998708,0.34875,0.0258621,0.125,10.410335274932896
2220.0,0.454955,0.0013514,0.2148649,0.1950413,0.7851351,0.0567568,0.6222732,0.0022962,0.0241102,0.1324701,0.0011481,0.9931114,0.4412351,0.138587,0.5555556,9.957075711706057
55362.0,0.495412,0.0138001,0.1105271,0.082155,0.9335104,0.0021676,0.8425905,0.0027772,0.0284937,0.0251245,0.013497,0.9887247,0.1106238,0.121022,0.128866,11.385103457032141
1315.0,0.4311787,0.0022814,0.3163498,0.2192513,0.7589354,0.0730038,0.6192171,0.0017794,0.0124555,0.0442177,0.0035587,0.9875445,0.244898,0.0212766,0.25,10.073272520325904
21.0,0.5238095,0.0,0.0952381,0.0,0.8095238,0.0,0.5555556,0.0,0.0,0.4705882,0.0,1.0,0.1764706,0.0,0.0,9.615805480084347
19195.0,0.4714249,0.0073457,0.1683251,0.1453775,0.7242511,0.054858,0.5960086,0.004315,0.094795,0.0570884,0.0056634,0.9869202,0.2954863,0.0787619,0.44,10.687411927154141
2707.0,0.4155892,0.0011082,0.8234208,0.2825537,0.7798301,0.0639084,0.714385,0.0,0.0083391,0.0810983,0.0006949,0.9916609,0.083014,0.0,0.9322034,11.59451466851004
412.0,0.4902913,0.0,0.1165049,0.0761905,0.9101942,0.0,0.7972028,0.006993,0.034965,0.0137931,0.0,1.0,0.1241379,0.0,0.0,10.351405324899678
376.0,0.4654255,0.0,0.2845745,0.1940299,0.8058511,0.0,0.5977011,0.0057471,0.0114943,0.1792453,0.0,1.0,0.3726415,0.1304348,0.25,9.961803629358965
1003.0,0.4815553,0.4017946,0.1465603,0.1596154,0.8564307,0.0,0.6624365,0.0025381,0.0253807,0.1340659,0.3629442,0.9974619,0.378022,0.1553398,0.4444444,9.615805480084347
914.0,0.487965,0.0,0.0328228,0.0405983,0.9704595,0.0,0.8829787,0.0,0.0265957,0.1296296,0.0,1.0,0.5601852,0.5347222,1.0,9.615805480084347
636.0,0.4811321,0.0,0.172956,0.1545455,0.8522013,0.0,0.6613546,0.0039841,0.0278884,0.1577181,0.0,0.9960159,0.2651007,0.0740741,1.0,10.007892611890918
1356.0,0.4911504,0.0,0.1386431,0.0884058,0.869469,0.0,0.7377358,0.009434,0.0433962,0.0185185,0.0,0.9981132,0.2814815,0.0447761,0.0,10.74507628970625
1050.0,0.4619048,0.4971429,0.2104762,0.1681416,0.8752381,0.0,0.6997579,0.0,0.0169492,0.0698198,0.433414,0.9951574,0.286036,0.127451,1.0,10.085850775128717
1489.0,0.4889187,0.0006716,0.2008059,0.1169514,0.9288113,0.0073875,0.812362,0.0,0.013245,0.0258065,0.0,0.9116998,0.4860215,0.1682243,0.0,11.698583117470207
7549.0,0.4490661,0.0161611,0.1945953,0.1408993,0.74235,0.0421248,0.576245,0.0021652,0.0603155,0.03837,0.0108259,0.9802041,0.4497323,0.0294464,0.6363636,12.112865752267137
272.0,0.5,0.0,0.2022059,0.1029412,0.9117647,0.0,0.7708333,0.0,0.0208333,0.1111111,0.0,1.0,0.1759259,0.1428571,0.0,9.966509298952284
376.0,0.4574468,0.1542553,0.1808511,0.1764706,0.8776596,0.0,0.704698,0.0067114,0.0134228,0.1235294,0.1677852,0.9865772,0.4,0.0625,0.3333333,9.741027444837728
1550.0,0.4625806,0.0,0.1283871,0.1356543,0.9012903,0.0,0.7632027,0.0051107,0.0136286,0.1092564,0.0,0.9982964,0.2989378,0.0814815,0.0,9.87822102528824
955.0,0.4303665,0.0,0.3727749,0.2481618,0.7560209,0.0691099,0.6165049,0.0024272,0.0194175,0.0657596,0.0,0.9975728,0.3015873,0.0519481,0.5714286,9.615805480084347
1881.0,0.4582669,0.0451887,0.2094631,0.1472031,0.8516746,0.0,0.6603053,0.0012723,0.0114504,0.1128668,0.0508906,0.9987277,0.2832957,0.0882353,0.7058824,9.76428295481558
124.0,0.483871,0.0,0.1290323,0.140625,0.8629032,0.0,0.6923077,0.0,0.0192308,0.1746032,0.0,0.9807692,0.3809524,0.5,0.0,9.615805480084347
974.0,0.4845996,0.0010267,0.2145791,0.1215139,0.87577,0.0,0.7,0.0,0.0025,0.0846682,0.0025,0.92,0.3318078,0.1121495,0.6363636,9.937937287265354
222.0,0.6036036,0.009009,0.0675676,0.0340909,0.6531532,0.1621622,0.5555556,0.0,0.0617284,0.1734694,0.0,0.9876543,0.6836735,0.1219512,1.0,10.664316745782925
445.0,0.4988764,0.9191011,0.1191011,0.1390135,0.9483146,0.0,0.8444444,0.0,0.0074074,0.0625,0.9037037,1.0,0.2152778,0.047619,0.0,9.873079890114703
475.0,0.4778947,0.0105263,0.1768421,0.1129032,0.9073684,0.0,0.7709497,0.0055866,0.0111732,0.0677083,0.0111732,1.0,0.1354167,0.1578947,0.6,10.510559281627845
14016.0,0.4614013,0.0087043,0.1902825,0.144125,0.7368721,0.0455908,0.5732409,0.0052436,0.0730717,0.0515001,0.0071042,0.9917118,0.4240334,0.0490639,0.4285714,11.340962076644454
11218.0,0.4746835,0.1559101,0.1206989,0.1174275,0.87734,0.0,0.7198767,0.0037951,0.0362903,0.1010661,0.1309298,0.9743833,0.5053305,0.1197376,0.7058824,10.529452721013085
32503.0,0.4847245,0.0499646,0.1238655,0.0789348,0.7451005,0.1351568,0.7243125,0.0031513,0.0624523,0.0331456,0.0441176,0.9250382,0.229434,0.0775071,0.4022989,12.129197000747673
10023.0,0.4884765,0.0652499,0.0434002,0.0433002,0.9139978,0.0,0.8069774,0.006863,0.0411782,0.0473985,0.0669145,0.8461538,0.2032144,0.0964256,0.6021505,10.883710371704016
306.0,0.5098039,0.0,0.1437908,0.0866667,0.9084967,0.0,0.7714286,0.0095238,0.0190476,0.0540541,0.0,1.0,0.2702703,0.1818182,1.0,10.007892611890918
5728.0,0.4874302,0.0925279,0.0940992,0.0507493,0.8727304,0.0,0.7400263,0.0039456,0.0486629,0.0379587,0.0898729,0.9649277,0.3492197,0.0701581,0.25,11.202329530346486
1808.0,0.4701327,0.0,0.2582965,0.1868476,0.7870575,0.0237832,0.5936306,0.0038217,0.0216561,0.2196819,0.0,0.9936306,0.4294235,0.0625,0.7111111,9.87822102528824
162.0,0.4012346,0.0061728,0.2901235,0.2061856,0.8148148,0.0,0.6493506,0.012987,0.025974,0.0128205,0.0,0.987013,0.0128205,0.1666667,1.0,11.097425172408931
1099.0,0.4749773,0.0,0.4185623,0.1733102,0.8198362,0.0063694,0.6796296,0.0018519,0.0296296,0.4572864,0.0,0.9759259,0.5427136,0.0882353,0.7714286,10.87806606028079
385.0,0.4831169,0.012987,0.0961039,0.0653266,0.7766234,0.0,0.6094675,0.0,0.1005917,0.0342857,0.0059172,1.0,0.3371429,0.0178571,1.0,11.766023856597407
16317.0,0.46044,0.1932341,0.1711099,0.1597001,0.8171845,0.0308267,0.6660693,0.0029869,0.0292712,0.0489987,0.1662186,0.9964158,0.3915637,0.0656745,0.2857143,10.33854382482173
487.0,0.4476386,0.6591376,0.1704312,0.1561338,0.8952772,0.0,0.7340426,0.0,0.0053191,0.1047619,0.5797872,1.0,0.3857143,0.1290323,0.0,9.862717639992917
532.0,0.4924812,0.0921053,0.1165414,0.137037,0.9304511,0.0,0.8168317,0.0,0.0,0.042654,0.0693069,0.990099,0.3127962,0.0666667,0.0,10.211009016314167
1167.0,0.454156,0.0,0.2399314,0.1742543,0.8260497,0.0685518,0.7505618,0.0044944,0.0157303,0.0729167,0.0,0.9977528,0.39375,0.0652174,0.5714286,10.315630315397533
4986.0,0.48215,0.009627,0.0661853,0.0518978,0.7956278,0.0,0.6266478,0.0018832,0.084275,0.0296939,0.0080038,0.9971751,0.4924623,0.0304878,0.5,10.839600519357369
114144.0,0.501428,0.0217182,0.1022218,0.0768595,0.8146114,0.0171801,0.6757683,0.0049178,0.0999951,0.0485148,0.0230231,0.857433,0.4371915,0.1269755,0.2227488,12.11341444611523
9452.0,0.4765129,0.0017986,0.1409226,0.1026677,0.825328,0.0037029,0.6604687,0.0043301,0.0565461,0.0346693,0.0007641,0.9984717,0.2512909,0.045,0.4848485,11.089820688682373
20612.0,0.4754512,0.0374539,0.1378808,0.1157048,0.875655,0.0100427,0.73004,0.0030956,0.028892,0.0349764,0.0344383,0.9960015,0.2235499,0.1035917,0.4038462,10.491301994830229
9643.0,0.4495489,0.4002904,0.1909157,0.1752072,0.8273359,0.0374365,0.6836598,0.0040247,0.0244164,0.1140956,0.3694661,0.9908774,0.3479914,0.1156964,0.702381,10.077482875583607
5595.0,0.4432529,0.4929401,0.1663986,0.1640449,0.8588025,0.0366399,0.7243326,0.0035934,0.0210472,0.0701671,0.4070842,0.9948665,0.3551313,0.1901682,0.75,10.32551474894327
169.0,0.5384615,0.0,0.1242604,0.0641026,0.9585799,0.0,0.8793103,0.0,0.0,0.1830986,0.0,1.0,0.2816901,0.25,1.0,9.615805480084347
6078.0,0.4820665,0.0016453,0.1400132,0.1124524,0.8218164,0.020566,0.6669453,0.0071041,0.0539072,0.0319579,0.0016715,0.9761805,0.3313107,0.0517435,0.3846154,10.725489582719506
142.0,0.5070423,0.0,0.2042254,0.2,0.7887324,0.0,0.5454545,0.0,0.0,0.4677419,0.0,1.0,0.4112903,0.0,1.0,10.247112717290387
119.0,0.5210084,0.0,0.4369748,0.2631579,0.7226891,0.0,0.5076923,0.0,0.0153846,0.1772152,0.0,1.0,0.3037975,0.0,0.6666667,9.615805480084347
243.0,0.563786,0.0,0.1728395,0.0566038,0.8436214,0.0,0.6930693,0.009901,0.0594059,0.6405694,0.0,1.0,0.6370107,0.0869565,0.5,11.237185138527495
6324.0,0.4533523,0.0289374,0.1437381,0.152155,0.7881088,0.0616698,0.6481191,0.0011755,0.0184169,0.0679328,0.0254702,0.9980408,0.4583638,0.0457849,0.55,10.65492722584759
4571.0,0.4710129,0.002844,0.1590462,0.1248966,0.8125137,0.0542551,0.6851531,0.0034662,0.0329289,0.0340402,0.0028885,0.9948007,0.3002232,0.045045,0.875,10.61890979160975
2213.0,0.4464528,0.0013556,0.2666064,0.2073469,0.8065974,0.0497063,0.6733112,0.0033223,0.0188261,0.0915493,0.0011074,0.9988926,0.3148893,0.0756972,0.5789474,10.373522431293592
3300.0,0.509697,0.0036364,0.0318182,0.0160692,0.9633333,0.0,0.8937426,0.0047226,0.0247934,0.0620155,0.0035419,0.9893743,0.0631229,0.21,0.3461538,11.633380483255026
7521.0,0.4669592,0.0212738,0.1728494,0.1511599,0.7981651,0.0414838,0.6513135,0.0027294,0.0522006,0.059069,0.0163767,0.9812351,0.4269663,0.0555928,0.5,11.631605875642963
3149.0,0.4912671,0.0022229,0.1051127,0.0811486,0.9009209,0.0,0.7658176,0.0032868,0.0180772,0.0387046,0.0032868,1.0,0.2748815,0.0432099,1.0,10.74507628970625
117229.0,0.5060437,0.0343089,0.103993,0.0774877,0.7744244,0.0043675,0.607628,0.0043482,0.1117691,0.0490854,0.0336881,0.9035531,0.5058773,0.0720797,0.2895753,12.464587201678082
275.0,0.4690909,0.0,0.12,0.1027397,0.9090909,0.0,0.7578947,0.0,0.0210526,0.0776699,0.0,1.0,0.2621359,0.2,0.0,9.77571099759397
1228.0,0.4747557,0.0513029,0.1400651,0.1302326,0.9226384,0.0,0.7857143,0.0,0.0172414,0.1343284,0.046798,0.6182266,0.3859275,0.2371134,0.6666667,9.615805480084347
263.0,0.4638783,1.0,0.1292776,0.1276596,0.9315589,0.0,0.797619,0.0,0.0119048,0.0454545,1.0,1.0,0.3409091,0.2083333,0.0,9.615805480084347
12361.0,0.4874201,0.0100316,0.1085673,0.0875947,0.5041663,0.1873635,0.4449321,0.0031348,0.1874608,0.0458624,0.0087774,0.9780564,0.5834497,0.032523,0.1538462,10.650199196425806
366.0,0.5163934,0.0136612,0.0983607,0.0677966,0.7595628,0.0,0.6134969,0.0,0.1226994,0.6100478,0.0122699,0.9570552,0.8349282,0.0481928,0.0,12.568981617474362
151.0,0.4503311,0.0,0.2516556,0.0843373,0.8476821,0.0,0.6769231,0.0,0.0307692,0.1772152,0.0,1.0,0.2405063,0.0714286,1.0,9.615805480084347
793.0,0.4501892,0.0025221,0.3404792,0.2201835,0.7881463,0.0580076,0.6475904,0.0,0.0120482,0.1761787,0.0,1.0,0.2431762,0.037037,0.8695652,9.615805480084347
251.0,0.501992,0.0,0.1553785,0.088,0.9123506,0.0,0.8125,0.0104167,0.0104167,0.1351351,0.0,0.9895833,0.1441441,0.0833333,0.3333333,10.254179634797001
887.0,0.4689966,0.0,0.1905299,0.1401274,0.8568207,0.0,0.6630137,0.0,0.0109589,0.0920398,0.0,0.9945205,0.2512438,0.1363636,0.3333333,9.787009914477434
1847.0,0.4677856,0.5809421,0.1689226,0.1434385,0.8987547,0.0,0.7370031,0.0030581,0.0183486,0.0396476,0.469419,0.9923547,0.3127753,0.1615721,0.6666667,9.648659816955295
195.0,0.5076923,0.0,0.3179487,0.21875,0.7692308,0.0,0.5612245,0.0,0.0204082,0.2631579,0.0,1.0,0.3007519,0.04,0.9166667,9.615805480084347
3024.0,0.4957011,0.0145503,0.0955688,0.0570492,0.9619709,0.0,0.8898678,0.0,0.0132159,0.0452156,0.0066079,0.9823789,0.0283912,0.1142857,0.5882353,13.122367377396328
5857.0,0.486768,0.0017074,0.0621479,0.0758483,0.9791702,0.0,0.9063251,0.0,0.0040032,0.1007919,0.0040032,0.9847878,0.3441325,0.1767956,0.3333333,9.846970109700957
174.0,0.5,0.2413793,0.2011494,0.1954023,0.816092,0.0,0.5915493,0.0,0.0422535,0.1125,0.1971831,1.0,0.2,0.2222222,0.0,10.351405324899678
4390.0,0.4794989,0.0070615,0.21959,0.1557987,0.7694761,0.0535308,0.6370614,0.0054825,0.0526316,0.1496503,0.0049342,0.9539474,0.4377622,0.0809595,0.3030303,11.218567827096358
30548.0,0.4766269,0.0059251,0.2004387,0.1351639,0.8987168,0.0051067,0.7729923,0.0007831,0.0227965,0.022621,0.0042635,0.9736361,0.1779913,0.0644719,0.1410256,12.086167985820309
499.0,0.492986,0.0,0.0380762,0.0355731,0.9739479,0.0,0.9008264,0.0,0.0082645,0.0620155,0.0,1.0,0.5193798,0.3506494,1.0,9.90353755128617
3137.0,0.4599936,0.0076506,0.2343003,0.1800472,0.7672936,0.0159388,0.5749487,0.0013689,0.0301164,0.0747308,0.0068446,1.0,0.3495883,0.0342146,1.0,10.687411927154141
446.0,0.4798206,0.0,0.17713,0.1508621,0.9125561,0.0,0.7664671,0.0,0.0,0.0824176,0.0,0.994012,0.1978022,0.1142857,1.0,9.686636660844938
1745.0,0.4859599,0.2234957,0.0727794,0.0546265,0.8905444,0.0068768,0.7776,0.0016,0.0496,0.024961,0.2256,0.9776,0.2808112,0.0794224,0.0,10.983613347424248
8038.0,0.5083354,0.0070913,0.0380692,0.0240385,0.9517293,0.0,0.8883553,0.0036014,0.0352141,0.036623,0.0072029,0.9839936,0.0728604,0.1317829,0.2592593,11.513934955263402
2111.0,0.4523922,0.0004737,0.2861203,0.216263,0.7730933,0.0639507,0.6430206,0.0045767,0.0228833,0.088634,0.0,0.9954233,0.2398332,0.0441176,0.75,9.933094897288786
218.0,0.5229358,0.0,0.1513761,0.0769231,0.940367,0.0,0.8441558,0.0,0.012987,0.0128205,0.0,0.987013,0.2948718,0.0,1.0,10.118639253920785
291.0,0.5085911,0.0,0.209622,0.1468531,0.8659794,0.0,0.699187,0.0,0.0162602,0.1744966,0.0,0.9674797,0.3489933,0.1428571,1.0,9.61587214452889
1044.0,0.5268199,0.0038314,0.0871648,0.0364372,0.8821839,0.0,0.7851459,0.005305,0.0742706,0.0645161,0.005305,0.9867374,0.1488834,0.0952381,0.5,11.969090024509446
1002.0,0.4281437,0.006986,0.2135729,0.2006981,0.8013972,0.0,0.6113445,0.0021008,0.0252101,0.1313869,0.0063025,1.0,0.3740876,0.042654,0.6363636,10.635879484421974
1096.0,0.5282847,0.0,0.0638686,0.0367505,0.919708,0.0,0.8142077,0.0027322,0.0464481,0.115942,0.0,0.9918033,0.173913,0.1428571,0.0,10.942013616092948
3092.0,0.4983829,0.0329884,0.1251617,0.0909091,0.9207633,0.007762,0.8169761,0.0,0.0123784,0.0316781,0.0265252,0.9973475,0.1438356,0.0855615,0.4285714,10.628641991731053
9927.0,0.4772842,0.001914,0.1595648,0.1190981,0.8917095,0.0002015,0.7582704,0.0023444,0.0325606,0.053034,0.0020839,0.975254,0.2612235,0.0507674,0.5833333,11.03005541721757
438.0,0.4931507,0.0,0.1484018,0.1126126,0.9246575,0.0,0.7961783,0.0,0.0063694,0.0598802,0.0,1.0,0.2095808,0.1818182,0.5,10.181157167204903
14995.0,0.4762254,0.0452818,0.1421807,0.1045327,0.8726242,0.0007336,0.7217749,0.0027411,0.0387185,0.0199799,0.036834,0.9825253,0.2661182,0.0270096,0.375,11.178864319331653
2682.0,0.4709172,0.0574198,0.1797166,0.1677237,0.8150634,0.0391499,0.6749311,0.0027548,0.0247934,0.1059113,0.046832,0.9853076,0.4605911,0.0630435,0.5,10.401258331428318
9473.0,0.4675393,0.0169957,0.1960308,0.148295,0.8730075,0.0,0.7186908,0.0021639,0.0351636,0.0214399,0.0135245,0.9515824,0.268396,0.0491942,0.32,12.082214317601338
12376.0,0.4899806,0.0121202,0.0945378,0.0660646,0.8863122,0.0022624,0.7447718,0.0040477,0.0445244,0.0347298,0.0078705,0.9919047,0.2891252,0.0511745,0.56,11.130214506480655
52303.0,0.4916353,0.0160411,0.1672944,0.0882696,0.8745961,0.016825,0.7626042,0.0038103,0.0561047,0.033207,0.0148545,0.9177757,0.2627729,0.1444731,0.2140351,12.258669839471109
140761.0,0.4677219,0.4794297,0.107274,0.0934547,0.8217688,0.0195793,0.6551564,0.0052139,0.0519538,0.0822492,0.4329239,0.977864,0.321487,0.1152825,0.5145299,10.150386692204734
174.0,0.4942529,0.0,0.2241379,0.1136364,0.816092,0.0,0.702381,0.0,0.0833333,0.4878049,0.0,0.9642857,0.4329268,0.0,0.6666667,10.714439990727769
26751.0,0.5074577,0.0109155,0.0509887,0.0401488,0.8121192,0.0163732,0.6693597,0.009796,0.0951323,0.0691859,0.0104019,0.9813169,0.4367362,0.0874819,0.4555556,11.388506711556236
9989.0,0.4928421,0.0369406,0.1087196,0.0856692,0.829112,0.0,0.6458232,0.0034196,0.0522716,0.0752202,0.0454323,0.9235467,0.5423537,0.0370199,0.2121212,11.963370312187111
1492.0,0.4705094,0.0,0.1394102,0.0987342,0.8900804,0.0,0.7530648,0.0,0.0350263,0.0760518,0.0,0.9947461,0.2265372,0.0592105,0.8888889,10.638280388314705
152.0,0.4934211,0.0,0.0855263,0.0909091,0.8618421,0.0,0.6721311,0.0,0.0163934,0.3578947,0.0,1.0,0.4526316,0.1111111,1.0,9.615805480084347
8245.0,0.4680412,0.0298363,0.4154033,0.1621067,0.8300788,0.0044876,0.7047474,0.002031,0.0436659,0.1839652,0.0243717,0.9956842,0.3066087,0.040625,0.5882353,11.202329530346486
5790.0,0.4675302,0.2687392,0.1872193,0.1213104,0.8148532,0.0117444,0.6489083,0.0052402,0.0615721,0.2056885,0.19869,0.8746725,0.6406521,0.1650894,0.65,10.513280297700861
10201.0,0.4857367,0.0014704,0.1419469,0.1170416,0.8001176,0.043035,0.6568165,0.0024832,0.0454433,0.0734008,0.0012416,0.9905637,0.3948458,0.0576577,0.483871,10.650199196425806
271.0,0.4723247,0.0,0.1180812,0.1398601,0.900369,0.0,0.744898,0.0,0.0204082,0.1403509,0.0,1.0,0.2894737,0.0909091,1.0,9.615805480084347
5740.0,0.4966899,0.2308362,0.0874564,0.068882,0.5477352,0.0,0.3445925,0.0012395,0.1276728,0.1134615,0.191819,0.9330648,0.8266484,0.039206,0.3928571,11.477308649967686
608.0,0.4654605,0.0098684,0.2236842,0.1723077,0.8519737,0.0411184,0.7307692,0.0,0.008547,0.1672598,0.008547,0.9102564,0.3024911,0.1702128,0.8333333,9.717218213494077
97.0,0.5463918,0.0,0.185567,0.2272727,0.8969072,0.0,0.7435897,0.0,0.0,0.025,0.0,1.0,0.4,0.0,0.0,9.615805480084347
3977.0,0.489565,0.0035202,0.1179281,0.0955665,0.9366357,0.0,0.8362264,0.0015094,0.0203774,0.0243004,0.005283,0.9622642,0.1612666,0.0426829,0.5714286,11.813777925845397
1280.0,0.484375,0.0007813,0.1632813,0.1090909,0.8609375,0.0,0.6902486,0.001912,0.0267686,0.0644007,0.0,0.998088,0.2754919,0.0902256,0.0,10.177362240256695
268.0,0.4813433,0.0,0.2052239,0.1438849,0.7835821,0.0,0.5701754,0.0087719,0.0614035,0.0578512,0.0,0.9912281,0.3471074,0.1282051,0.0,9.83097062169695
1664.0,0.5102163,0.0042067,0.0246394,0.0147239,0.9831731,0.0,0.9551935,0.0020367,0.0101833,0.042885,0.0040733,0.9857434,0.0097466,0.0769231,0.625,11.88380602959621
59.0,0.4576271,0.0,0.2033898,0.125,0.8983051,0.0,0.7391304,0.0,0.0,0.1153846,0.0,0.826087,0.2692308,0.0,0.0,10.768506042432708
22605.0,0.477505,0.003716,0.1576642,0.1225976,0.8297722,0.0199071,0.6650829,0.0030939,0.0325967,0.0790679,0.0029834,0.9562431,0.3366236,0.0762608,0.4367816,10.250652418696085
825.0,0.4242424,0.4945455,0.2230303,0.1915789,0.849697,0.0,0.6608187,0.002924,0.0175439,0.1,0.4239766,0.994152,0.2842105,0.075,0.3333333,10.264687244346277
789.0,0.4613435,0.3155894,0.1432193,0.1458824,0.8998733,0.017744,0.7829181,0.0,0.0142349,0.0935484,0.2775801,0.9964413,0.3709677,0.0714286,0.2,9.746892220313054
1186.0,0.4662732,0.0640809,0.1037099,0.0995261,0.8305228,0.0,0.6695464,0.0064795,0.0863931,0.0453608,0.0583153,0.9956803,0.3195876,0.0730594,0.3333333,10.950824090522445
1019.0,0.4582924,0.0,0.1982336,0.1576087,0.8812561,0.0,0.7283372,0.0,0.0117096,0.0404494,0.0,1.0,0.2157303,0.1018519,0.5,10.110542371500753
5866.0,0.5155131,0.0008524,0.052165,0.039057,0.9435731,0.0,0.8631523,0.0031949,0.0314164,0.0309598,0.0021299,0.9829606,0.0897833,0.1754386,0.1842105,11.314486721293981
358.0,0.5083799,0.0,0.1536313,0.0852273,0.924581,0.0,0.8195489,0.0,0.0225564,0.0567376,0.0,1.0,0.1276596,0.1034483,1.0,10.318935994253193
1013.0,0.4846989,0.0750247,0.1727542,0.1206897,0.774926,0.0197433,0.6032483,0.0,0.0812065,0.0810235,0.0649652,0.9814385,0.2985075,0.0523256,0.0909091,11.089820688682373
4605.0,0.4647123,0.0004343,0.2180239,0.1675456,0.8816504,0.0,0.7201087,0.0,0.0146739,0.03816,0.0005435,0.9972826,0.1996864,0.0536131,0.7333333,10.78727575364831
416.0,0.4254808,0.6730769,0.2860577,0.2384937,0.7379808,0.1370192,0.65625,0.0,0.0546875,0.1898734,0.65625,0.9765625,0.4556962,0.2295082,0.0,9.615805480084347
170.0,0.5235294,0.0,0.1764706,0.1234568,0.8647059,0.0,0.6769231,0.0,0.0307692,0.084507,0.0,1.0,0.3239437,0.2,0.5,9.615805480084347
8575.0,0.4406997,0.0104956,0.250379,0.2108007,0.7159184,0.0395335,0.5396498,0.0018023,0.0607621,0.0526829,0.0084964,0.9912461,0.4085366,0.0271845,0.3061224,11.74006900564972
1202.0,0.4459235,0.0574043,0.234609,0.2387387,0.7936772,0.0407654,0.6361829,0.0059642,0.0258449,0.0633147,0.0536779,0.9980119,0.4096834,0.042654,0.3333333,10.39821428171237
1169.0,0.5115483,0.0153978,0.0598802,0.0402802,0.9461078,0.0,0.8696809,0.0026596,0.0292553,0.0259067,0.018617,0.9654255,0.1502591,0.0833333,0.2,10.474495347310453
615.0,0.4747967,0.0,0.1382114,0.1362229,0.8910569,0.0,0.7444934,0.0,0.0396476,0.0696721,0.0,0.9779736,0.1270492,0.1351351,0.0,10.61890979160975
82.0,0.4756098,0.0,0.1463415,0.0930233,0.9268293,0.0,0.8,0.0,0.04,0.1071429,0.0,1.0,0.0357143,0.3333333,0.0,10.16203685698089
1053.0,0.4596391,0.0,0.2041785,0.1581722,0.8461538,0.0123457,0.6771084,0.0072289,0.0216867,0.0525114,0.0,0.9927711,0.2511416,0.0681818,0.875,10.21833478806055
507.0,0.5226824,0.0,0.1282051,0.0702479,0.9033531,0.0,0.772973,0.0054054,0.0324324,0.079602,0.0,0.9837838,0.2587065,0.2093023,0.5,10.428245666832275
1387.0,0.4318673,0.0547945,0.2422495,0.2017766,0.813266,0.0,0.6101426,0.0015848,0.0190174,0.0747801,0.0475436,0.9936609,0.2478006,0.0515021,0.7142857,10.328787967145063
1540.0,0.4519481,0.0032468,0.2357143,0.1954976,0.7454545,0.0707792,0.6111111,0.003268,0.0539216,0.3496281,0.001634,1.0,0.2391073,0.0555556,0.5,10.92775337907558
331.0,0.4864048,0.0030211,0.1963746,0.1941176,0.836858,0.0,0.6438356,0.0,0.0136986,0.2356021,0.0,1.0,0.3089005,0.0833333,0.6666667,9.615805480084347
12920.0,0.4705882,0.0041022,0.1228328,0.0975146,0.8599845,0.0,0.6988181,0.0013343,0.0383149,0.0764085,0.0030499,0.9744567,0.0801056,0.0527704,0.3582888,11.885874268401459
1205.0,0.4705394,0.0,0.1161826,0.0877743,0.9020747,0.0,0.7583149,0.0,0.0199557,0.0195652,0.0,0.9977827,0.2456522,0.13,1.0,10.34177474101152
1906.0,0.4512067,0.0010493,0.3137461,0.2227533,0.7869885,0.0482686,0.6414868,0.0035971,0.0143885,0.0865279,0.0,0.9952038,0.271632,0.05,0.6666667,9.857495968685136
106.0,0.5188679,0.0,0.1320755,0.0784314,0.9056604,0.0,0.8235294,0.0294118,0.0294118,0.0555556,0.0,0.8823529,0.25,0.3333333,0.0,9.615805480084347
1680.0,0.4797619,0.0077381,0.1720238,0.0789474,0.8779762,0.0190476,0.7692308,0.0,0.0292308,0.0210843,0.0076923,0.9923077,0.0512048,0.106383,1.0,11.652696102959753
924.0,0.495671,0.0,0.1331169,0.0879828,0.9242424,0.0,0.8139535,0.0,0.0174419,0.0523416,0.0,0.9709302,0.1101928,0.0909091,0.0,10.547995807489514
3256.0,0.4474816,0.0,0.2109951,0.1912173,0.7684275,0.0580467,0.6085271,0.0046512,0.0302326,0.0857548,0.0,0.9976744,0.420978,0.045677,0.8461538,10.675931008412125
1856.0,0.4946121,0.0016164,0.0802802,0.0415778,0.9396552,0.0,0.845787,0.0031797,0.0174881,0.0337942,0.0031797,0.9952305,0.1121352,0.1359223,0.3333333,10.860939421415225
2853.0,0.4914125,0.0059586,0.0343498,0.0213646,0.9418156,0.0,0.8656085,0.0031746,0.037037,0.1314338,0.0063492,0.9693122,0.0689338,0.0769231,0.0,12.793862088206213
161.0,0.4658385,0.0,0.0931677,0.1627907,0.9068323,0.0,0.7413793,0.0,0.0,0.1076923,0.0,1.0,0.3076923,0.2307692,0.0,9.820160289946374
334.0,0.5,0.1077844,0.1766467,0.1796407,0.8712575,0.0,0.6923077,0.0,0.0230769,0.1447368,0.0923077,1.0,0.2302632,0.1794872,0.75,9.76428295481558
1567.0,0.4377792,0.0,0.350351,0.2315551,0.7543076,0.0402042,0.5975275,0.0027473,0.0357143,0.148538,0.0,1.0,0.3274854,0.0188679,0.6,11.537627833610571
303.0,0.5115512,0.0,0.1254125,0.0608108,0.8844884,0.0,0.7815126,0.0084034,0.0588235,0.0,0.0,1.0,0.0504202,0.0,0.0,12.357079818283598
10124.0,0.4856776,0.0243975,0.0848479,0.0645285,0.6976492,0.1021335,0.5988403,0.00369,0.1067475,0.0949427,0.0192409,0.9812862,0.4601622,0.0556734,0.4615385,10.675931008412125
1230.0,0.4471545,0.0666667,0.2715447,0.2132353,0.8154472,0.0300813,0.6464844,0.0019531,0.0175781,0.1452421,0.0488281,0.9179688,0.3689482,0.1418919,0.6818182,9.615805480084347
1223.0,0.4431725,0.0,0.3098937,0.2232012,0.7710548,0.0359771,0.5996344,0.0018282,0.0255941,0.1261981,0.0,0.9981718,0.2875399,0.0629371,0.9285714,9.642187721358466
1571.0,0.4824952,0.0057288,0.1998727,0.1266913,0.855506,0.0528326,0.7818182,0.0054545,0.0309091,0.0484429,0.0,0.9945455,0.1799308,0.0206897,0.5,11.12285622984002
283.0,0.4522968,0.0,0.3462898,0.2580645,0.7915194,0.0,0.5827338,0.0,0.0071942,0.2835052,0.0,0.9856115,0.3350515,0.1025641,0.0,10.318935994253193
261.0,0.5249042,0.0,0.1992337,0.1854839,0.743295,0.1034483,0.6262626,0.0,0.030303,0.1885246,0.0,1.0,0.442623,0.2,0.0,9.615805480084347
972.0,0.4691358,0.0,0.255144,0.2422481,0.8240741,0.0483539,0.687664,0.0,0.0131234,0.1281465,0.0,0.992126,0.2860412,0.1294118,1.0,9.615805480084347
17790.0,0.4729061,0.0301293,0.1577291,0.1124027,0.8302417,0.0272625,0.6885099,0.0007481,0.0505685,0.0742382,0.0231897,0.9581089,0.3206371,0.0497886,0.4589041,12.10625783509458
14061.0,0.4893678,0.0238959,0.161795,0.1341226,0.8014366,0.0541213,0.6761869,0.0018546,0.0426558,0.1032762,0.0150223,0.9519659,0.3577249,0.0543131,0.5408163,12.058158312538197
5917.0,0.5117458,0.0059152,0.0627007,0.0283835,0.9293561,0.0,0.8464956,0.0029615,0.0394867,0.0545964,0.0049358,0.9955577,0.0905273,0.0995261,0.3478261,11.556951919719207
205.0,0.4390244,0.004878,0.3121951,0.1913043,0.7902439,0.0,0.6262626,0.010101,0.040404,0.1160714,0.0,1.0,0.3125,0.047619,0.5,9.615805480084347
436.0,0.4678899,0.0,0.0504587,0.0603448,0.8004587,0.1444954,0.7840909,0.0,0.0227273,0.0434783,0.0,1.0,0.3695652,0.4677419,0.0,9.615805480084347
3349.0,0.4905942,0.0143326,0.1400418,0.1060961,0.8292027,0.0,0.6571856,0.0082335,0.0568862,0.0905378,0.010479,0.988024,0.4669843,0.0872162,0.173913,11.352768449837729
18937.0,0.4773723,0.0404499,0.0542325,0.0394059,0.3326292,0.333527,0.410302,0.0029603,0.2885336,0.048808,0.0503256,0.9936846,0.5136099,0.0705811,0.4482759,11.101960259016467
986.0,0.4868154,0.0,0.1318458,0.0869565,0.8752535,0.0212982,0.7692308,0.011396,0.039886,0.0689655,0.0,1.0,0.2201592,0.1515152,0.5,10.451637862362272
2244.0,0.513369,0.0,0.3418004,0.0934066,0.828877,0.013369,0.7013118,0.0040363,0.049445,0.4912731,0.0,0.8607467,0.4650924,0.1393443,0.3333333,11.350418300109132
1066.0,0.434334,0.0,0.369606,0.2553897,0.7861163,0.0450281,0.6325678,0.0,0.0083507,0.0644531,0.0,0.9958246,0.203125,0.060241,0.9090909,9.741027444837728
30269.0,0.4726948,0.0173445,0.0818659,0.0719253,0.8723777,0.0416928,0.7898408,0.0022598,0.0341914,0.0326015,0.0158184,0.9947927,0.1475145,0.0539298,0.248,11.309596795779068
169.0,0.4733728,0.0,0.2071006,0.1685393,0.8698225,0.0,0.6857143,0.0,0.0,0.1666667,0.0,0.9857143,0.2857143,0.1111111,0.6666667,9.615805480084347
3928.0,0.4758147,0.0254582,0.1463849,0.1500729,0.8205193,0.0837576,0.7536122,0.0007605,0.0273764,0.03663,0.0205323,0.9923954,0.2380952,0.0906593,0.5833333,10.709985739582528
2178.0,0.4733701,0.0018365,0.161157,0.1421099,0.8250689,0.0298439,0.6615925,0.0035129,0.0269321,0.1373737,0.0035129,0.9882904,0.3838384,0.0931174,0.8333333,10.332050506334692
770.0,0.4714286,0.0,0.161039,0.1056511,0.874026,0.038961,0.7811321,0.0037736,0.0301887,0.0569395,0.0,1.0,0.2241993,0.0533333,0.0,10.328787967145063
118.0,0.4322034,0.0,0.220339,0.1641791,0.8050847,0.0,0.6226415,0.0,0.0566038,0.0363636,0.0,1.0,0.2727273,0.125,0.0,9.735128070758227
480.0,0.4895833,0.0,0.09375,0.0693878,0.94375,0.0,0.8427673,0.0,0.0125786,0.1542553,0.0,0.9874214,0.5106383,0.4,0.8571429,9.615805480084347
5258.0,0.4815519,0.0279574,0.1852415,0.1049156,0.8687714,0.0,0.7216873,0.0013755,0.0334709,0.0193345,0.0233838,0.9798258,0.1717626,0.0374787,0.0,11.272139700982676
5087.0,0.4786711,0.0249656,0.0876745,0.0727753,0.9190092,0.0,0.8090259,0.0027518,0.029169,0.050183,0.0220143,0.9939461,0.1913225,0.0670391,0.1515152,11.01206667357142
670.0,0.4686567,0.1313433,0.1268657,0.1292135,0.9059701,0.0,0.781746,0.0,0.031746,0.125,0.1388889,0.9920635,0.2534722,0.1016949,0.5,10.379752786950895
337.0,0.4599407,0.0326409,0.2344214,0.1263736,0.884273,0.0,0.7720588,0.0147059,0.0294118,0.0810811,0.0294118,1.0,0.2702703,0.1428571,0.0,9.615805480084347
23252.0,0.4897213,0.0095906,0.2322811,0.1163085,0.7631172,0.0050748,0.5993393,0.0033034,0.085984,0.4193884,0.0077395,0.9194903,0.351107,0.075817,0.1227679,11.719947764402807
1291.0,0.4848954,0.095275,0.1556933,0.1097744,0.8737413,0.0,0.7351852,0.0037037,0.0314815,0.1,0.0777778,1.0,0.3783333,0.0342466,0.8888889,10.407318772389159
4604.0,0.4528671,0.0145526,0.17702,0.1468837,0.7754127,0.0039096,0.5753488,0.0046512,0.0404651,0.0607252,0.0153488,0.9962791,0.4451726,0.0214116,0.2222222,10.714439990727769
1819.0,0.4568444,0.0082463,0.2182518,0.1700405,0.8471688,0.0,0.6779026,0.0012484,0.019975,0.0771889,0.0099875,0.9937578,0.2753456,0.0811966,0.6666667,10.392098241730961
1326.0,0.4879336,0.0135747,0.0889894,0.0824742,0.9328808,0.0,0.8297872,0.0042553,0.012766,0.0693069,0.012766,0.9978723,0.3108911,0.0652174,0.2,10.370392636243981
27437.0,0.4798265,0.0259868,0.117214,0.1022982,0.8196231,0.0204468,0.6606822,0.0077483,0.0587735,0.04382,0.0253236,0.8805632,0.5097579,0.1115538,0.1311475,11.072884439922198
1896.0,0.4878692,0.1191983,0.0838608,0.061792,0.9214135,0.0005274,0.7945619,0.0030211,0.0120846,0.1090175,0.1253776,0.9984894,0.3633917,0.1492537,0.2727273,10.445840912706414
1172.0,0.4513652,0.0,0.2994881,0.2395023,0.7670648,0.0622867,0.6040816,0.0020408,0.0081633,0.1171171,0.0,1.0,0.3297297,0.0606061,0.6666667,9.898525260706313
5199.0,0.5201,0.0017311,0.0323139,0.0208417,0.9434507,0.0,0.8640777,0.0038835,0.0414239,0.0121483,0.0019417,0.9980583,0.101023,0.1392405,0.4166667,11.372524818667134
8240.0,0.4673544,0.0074029,0.1867718,0.1524265,0.6061893,0.2633495,0.6321185,0.0026576,0.0296128,0.0463432,0.007593,0.9977221,0.2780594,0.056701,0.6111111,10.440010162389305
247.0,0.4574899,0.0040486,0.1619433,0.0895522,0.902834,0.0,0.7692308,0.0,0.032967,0.09,0.0,1.0,0.28,0.0,0.5,9.615805480084347
1009.0,0.4786918,0.0584737,0.1843409,0.1292776,0.9167493,0.0,0.8075949,0.0,0.0177215,0.0365854,0.0455696,0.9974684,0.2170732,0.0722892,0.0,10.16203685698089
3968.0,0.4740423,0.000504,0.1209677,0.1073311,0.8681956,0.0,0.7067922,0.0094149,0.0390047,0.0618297,0.001345,0.9878951,0.3747634,0.0666667,0.1428571,10.63106031411106
18245.0,0.4686763,0.0009866,0.1865717,0.1387456,0.8206084,0.0148534,0.6565108,0.0047688,0.0419923,0.0362569,0.0006623,0.9958935,0.3452062,0.0738786,0.4259259,10.485731104959568
7506.0,0.4905409,0.012923,0.0944578,0.082113,0.9276579,0.0,0.8105346,0.0015723,0.0224057,0.0301182,0.0157233,0.995283,0.1292413,0.1492843,0.2,11.095908894882296
18151.0,0.4574955,0.6147871,0.158724,0.1484716,0.8484381,0.0370228,0.699628,0.0013949,0.0176689,0.1005158,0.5516119,0.9951953,0.3948139,0.1669179,0.5473684,10.122663242288953
284.0,0.5422535,0.0,0.0387324,0.0846154,0.9049296,0.0,0.7356322,0.0,0.045977,0.2232143,0.0,1.0,0.6071429,0.25,0.7692308,10.584081267024454
187.0,0.5454545,0.0,0.1390374,0.0941176,0.8877005,0.0,0.7246377,0.0,0.0289855,0.1153846,0.0,1.0,0.1282051,0.3333333,1.0,9.994287576862567
707.0,0.4893918,0.0014144,0.1541726,0.1080332,0.8712871,0.0,0.7101449,0.0072464,0.0326087,0.024735,0.0,0.9963768,0.2120141,0.016129,1.0,9.918425424900335
1739.0,0.4709603,0.0017251,0.1742381,0.1217391,0.8568143,0.0040253,0.6852123,0.0058565,0.0322108,0.0965608,0.0014641,0.9956076,0.207672,0.1453744,0.6923077,10.188704088048116
300.0,0.48,0.0,0.2233333,0.1538462,0.8833333,0.0,0.7438017,0.0,0.0082645,0.032,0.0,1.0,0.04,0.0,0.0,11.124332223082254
1287.0,0.4382284,0.008547,0.2035742,0.1479945,0.8445998,0.0,0.6764168,0.0018282,0.0310786,0.0760135,0.0091408,0.9835466,0.3293919,0.08867,0.5,10.138599199626192
264.0,0.4886364,0.0416667,0.094697,0.0666667,0.8825758,0.0,0.755102,0.0102041,0.0510204,0.1090909,0.0408163,0.9693878,0.2090909,0.16,0.0,10.84546552414626
224.0,0.5223214,0.0,0.2410714,0.1121495,0.8883929,0.0,0.755814,0.0116279,0.0232558,0.1134021,0.0,1.0,0.2164948,0.1428571,0.5,9.615805480084347
183.0,0.5081967,0.0,0.1420765,0.0777778,0.9508197,0.0054645,0.8431373,0.0,0.0,0.2816901,0.0,1.0,0.2253521,0.4285714,0.6666667,10.2328272702548
427.0,0.4941452,0.0,0.3278689,0.2638889,0.7096019,0.1241218,0.5952381,0.0,0.0178571,0.106383,0.0,0.9940476,0.3989362,0.0612245,0.5,9.615805480084347
413.0,0.5205811,0.0,0.1428571,0.1313131,0.9104116,0.0,0.7671233,0.0068493,0.0136986,0.1511628,0.0,0.9589041,0.3197674,0.1142857,0.6666667,10.33854382482173
1939.0,0.4976792,0.0010315,0.1206808,0.0831622,0.8906653,0.0,0.76411,0.0101302,0.0520984,0.0294944,0.0,0.9768452,0.3103933,0.1387283,0.5,10.542732775946709
1585.0,0.4574132,0.0,0.1577287,0.15,0.8511041,0.0,0.6624406,0.0063391,0.0206022,0.0553892,0.0,0.9936609,0.2829341,0.1317073,0.5,10.069044362997353
24.0,0.4583333,0.0,0.4166667,0.1538462,0.9166667,0.0,0.8181818,0.0,0.0,0.5769231,0.0,1.0,0.3461538,0.0,0.0,9.615805480084347
369.0,0.4823848,0.0,0.1653117,0.1204188,0.8780488,0.0,0.72,0.0,0.02,0.1573034,0.0,1.0,0.3258427,0.1428571,1.0,9.615805480084347
465.0,0.4774194,0.0,0.1591398,0.1234568,0.7913978,0.0,0.587156,0.0,0.0275229,0.5717092,0.0,0.9908257,0.2966601,0.027027,0.2,11.247670025080003
1344.0,0.4761905,0.0014881,0.1986607,0.1505682,0.8861607,0.0,0.7322097,0.0037453,0.0131086,0.1231527,0.0018727,0.9906367,0.2298851,0.0994764,0.6666667,10.012386799492118
450.0,0.4911111,0.0,0.1822222,0.139738,0.8555556,0.0,0.6737968,0.0053476,0.0160428,0.1137441,0.0,1.0,0.3696682,0.0517241,1.0,9.62911649414402
85.0,0.4941176,0.0,0.2235294,0.1627907,0.8235294,0.0,0.6,0.0,0.0285714,0.1860465,0.0,1.0,0.3488372,0.25,1.0,9.841665338892785
16550.0,0.4819335,0.0056798,0.1092447,0.0938885,0.9129305,0.0120242,0.8106509,0.0022189,0.0297707,0.0273381,0.0049926,0.9798447,0.1843525,0.0747368,0.4782609,11.8789634386217
897.0,0.483835,0.0,0.1471572,0.1187905,0.8996656,0.0,0.7522936,0.0,0.0244648,0.0296736,0.0,0.9908257,0.3204748,0.1764706,0.6,10.457401400981889
3210.0,0.4523364,0.0049844,0.2794393,0.1979522,0.7919003,0.0426791,0.6429096,0.0022043,0.0242469,0.1219355,0.0044085,0.991183,0.2787097,0.0723192,0.6774194,9.898525260706313
1308.0,0.4724771,0.0045872,0.1399083,0.1115942,0.867737,0.0,0.7178988,0.0019455,0.0428016,0.0586081,0.0097276,0.9941634,0.2051282,0.0496894,0.0,11.079076314320059
5425.0,0.4654378,0.3893088,0.1376959,0.1344828,0.8831336,0.0,0.71478,0.0044488,0.0227385,0.0932317,0.3420662,0.990608,0.3594801,0.1328571,0.5,10.370392636243981
2471.0,0.5135573,0.0012141,0.0364225,0.0357737,0.9303926,0.0,0.8188679,0.0050314,0.0264151,0.0636042,0.0025157,0.9496855,0.2603062,0.15625,0.5,10.889323003601277
164.0,0.4817073,0.0,0.1646341,0.1058824,0.8963415,0.0,0.7619048,0.0,0.031746,0.1369863,0.0,1.0,0.4520548,0.1111111,1.0,9.615805480084347
11088.0,0.4856602,0.0588925,0.1226551,0.1015255,0.7582973,0.0364358,0.6037344,0.0064546,0.0982019,0.0538713,0.0518672,0.7828492,0.6505998,0.0868102,0.25,11.775297421715827
2822.0,0.4571226,0.111623,0.1516655,0.1592689,0.8518781,0.0364989,0.7274436,0.0018797,0.0197368,0.0674847,0.1118421,0.9971805,0.2865907,0.0813953,0.4117647,10.9525769086256
2379.0,0.4871795,0.617066,0.0836486,0.0713115,0.936528,0.0,0.8152174,0.0027174,0.0163043,0.0624204,0.5570652,0.9918478,0.3273885,0.2528736,1.0,10.315630315397533
1446.0,0.4868603,0.0076072,0.2171508,0.1293801,0.8831259,0.0318119,0.7713178,0.0,0.0096899,0.1783439,0.005814,0.7635659,0.2866242,0.1075269,0.6,9.686636660844938
1021.0,0.43095,0.0,0.331048,0.2461274,0.7639569,0.0019589,0.5542406,0.0039448,0.0197239,0.1493289,0.0,0.9980276,0.3758389,0.0526316,0.7586207,9.615805480084347
380.0,0.4736842,0.0,0.1263158,0.1,0.9052632,0.0,0.7482517,0.0,0.0,0.10625,0.0,1.0,0.36875,0.0952381,1.0,9.615805480084347
492.0,0.4512195,0.0,0.2987805,0.2259259,0.7886179,0.0,0.5862069,0.0043103,0.0258621,0.180212,0.0,1.0,0.2473498,0.025641,0.6153846,9.615805480084347
384.0,0.4635417,0.2265625,0.1848958,0.1553398,0.859375,0.0,0.6687117,0.0,0.0,0.1141304,0.190184,1.0,0.3913043,0.046875,0.5714286,10.354595018522993
186.0,0.5268817,0.0,0.0698925,0.0340909,0.9193548,0.0,0.8070175,0.0175439,0.0526316,0.0172414,0.0,0.9649123,0.0689655,0.1428571,0.0,10.021315031649332
4013.0,0.4866683,0.0179417,0.0690257,0.0645631,0.8945926,0.0,0.7714286,0.0068027,0.0442177,0.0970516,0.014966,0.9829932,0.4907862,0.0796296,0.2068966,10.614007941153417
598.0,0.4682274,0.0,0.2107023,0.1509434,0.8595318,0.0,0.6885246,0.0040984,0.0245902,0.0393701,0.0,0.9959016,0.1181102,0.1162791,0.0,9.913487387114461
1761.0,0.5479841,0.0789324,0.0085179,0.008794,0.9000568,0.0829074,0.9506438,0.0,0.0107296,0.2603175,0.0858369,0.9463519,0.2079365,0.2124464,0.0,0.0
1731.0,0.4974003,0.0184864,0.0554593,0.054023,0.9410745,0.0,0.8583916,0.0017483,0.0314685,0.0638298,0.0262238,0.9947552,0.1653028,0.0963855,0.0769231,10.911463720944793
5513.0,0.4897515,0.0203156,0.1008525,0.0597227,0.924542,0.0,0.8263816,0.0026069,0.0338895,0.0224261,0.0177268,0.8435871,0.1192661,0.1141304,0.6,11.233224789593368
216.0,0.5509259,0.0092593,0.0138889,0.0309278,0.8842593,0.0277778,0.8076923,0.0192308,0.0961538,0.1875,0.0192308,1.0,0.171875,0.1904762,0.0,11.091346218718432
33336.0,0.4910007,0.0009899,0.1704764,0.1329562,0.8193245,0.0208783,0.6489634,0.0021244,0.0317925,0.1007246,0.0008058,0.9816863,0.3863636,0.0596159,0.6715686,10.298935994257638
1340.0,0.4708955,0.0029851,0.1201493,0.0930889,0.8470149,0.0,0.6932849,0.0090744,0.0490018,0.0739496,0.0036298,0.9927405,0.389916,0.0873786,0.3636364,10.596659732783579
1195.0,0.483682,0.1439331,0.1297071,0.1004862,0.8794979,0.0,0.7136659,0.0,0.0238612,0.1572212,0.1127983,0.9978308,0.5027422,0.0641026,0.8,10.236417809461043
103.0,0.4563107,0.0194175,0.1650485,0.1428571,0.9029126,0.0,0.7692308,0.0,0.025641,0.0930233,0.025641,1.0,0.4186047,0.2222222,0.6666667,9.615805480084347
15212.0,0.4781751,0.0155141,0.1423876,0.1292517,0.7414541,0.0448988,0.6182421,0.0092431,0.1149285,0.0438553,0.0130799,0.9061737,0.4992496,0.1153403,0.390625,12.177163782032679
190.0,0.4789474,0.0,0.1421053,0.0808081,0.8526316,0.0,0.7179487,0.0,0.0512821,0.060241,0.0,0.9358974,0.1566265,0.0,1.0,11.03005541721757
1453.0,0.4948383,0.0233999,0.1149346,0.0585831,0.9587061,0.0,0.8997773,0.0,0.0267261,0.0836735,0.013363,0.986637,0.0530612,0.0285714,0.25,13.122367377396328
9510.0,0.4966351,0.0003155,0.081388,0.0536871,0.9537329,0.0029443,0.8547377,0.0015662,0.0101801,0.0394885,0.0,0.963195,0.2282813,0.2170819,0.5652174,10.738589920723442
4180.0,0.4533493,0.184689,0.2289474,0.1842451,0.8313397,0.0478469,0.7157452,0.0024038,0.015024,0.0703911,0.1694712,0.9963942,0.2575419,0.0790598,0.44,10.264687244346277
3403.0,0.5116074,0.0117543,0.1007934,0.0529483,0.9103732,0.0,0.7944732,0.007772,0.0397237,0.1377513,0.0103627,0.8687392,0.431869,0.1862745,0.6363636,10.668978650219241
339.0,0.4513274,0.0,0.2359882,0.1774194,0.8525074,0.0,0.6870748,0.0,0.0272109,0.1694915,0.0,0.9863946,0.2316384,0.08,1.0,9.615805480084347
3064.0,0.5375326,0.0241514,0.1005222,0.0860974,0.4210183,0.439295,0.5873016,0.005772,0.1269841,0.0821192,0.007215,0.991342,0.2529801,0.047619,0.9090909,10.957817003758691
44639.0,0.4489796,0.5598916,0.1879522,0.1758751,0.7360828,0.0464168,0.5540677,0.0027632,0.0539349,0.1282657,0.4920028,0.9931984,0.465907,0.0850767,0.6306306,10.379752786950895
2640.0,0.4636364,0.0034091,0.2481061,0.1899718,0.825,0.0776515,0.7586207,0.0043103,0.0269397,0.0663984,0.0010776,0.9978448,0.1277666,0.1049383,0.6666667,10.542732775946709
407.0,0.4373464,0.5307125,0.1375921,0.1615721,0.8820639,0.0,0.7027027,0.0,0.027027,0.1190476,0.4797297,0.9932432,0.2916667,0.2037037,1.0,9.918425424900335
4975.0,0.4639196,0.7288442,0.0598995,0.0659918,0.9354774,0.0,0.8328804,0.0081522,0.0298913,0.0811486,0.6453804,0.9952446,0.1910112,0.244,0.6875,10.494075844768336
2573.0,0.4850369,0.0015546,0.3602798,0.149434,0.8523125,0.0124368,0.7440633,0.0043975,0.0395778,0.1639706,0.0008795,0.9788918,0.3544118,0.1202532,0.4545455,11.003781759319981
5341.0,0.4903576,0.0220932,0.1415465,0.0782513,0.8431005,0.0,0.7112195,0.0004878,0.084878,0.054428,0.0165854,0.9673171,0.1374539,0.0844327,0.55,12.485222169100776
508.0,0.4724409,0.0,0.2047244,0.1716418,0.8070866,0.0,0.6177778,0.0133333,0.0311111,0.1604478,0.0,1.0,0.4067164,0.0625,0.625,9.615805480084347
636.0,0.4371069,0.0062893,0.2578616,0.1843575,0.7374214,0.0943396,0.6023166,0.003861,0.011583,0.1423841,0.0,0.972973,0.294702,0.1,1.0,9.615805480084347
289.0,0.4636678,0.0,0.2629758,0.2064516,0.7889273,0.0,0.5968992,0.0077519,0.0387597,0.0373134,0.0,0.9612403,0.3432836,0.0344828,0.0,9.898525260706313
7490.0,0.4905207,0.0927904,0.0687583,0.0668239,0.8809079,0.0,0.7441945,0.0029028,0.0602322,0.0714286,0.1092163,0.913643,0.5468329,0.0766169,0.0,11.819681958463892
18403.0,0.4774222,0.0828126,0.1669836,0.1182281,0.8721948,0.0,0.715044,0.0030731,0.0353401,0.0458483,0.0768264,0.9797458,0.2942823,0.0717593,0.6031746,11.781432363235949
1529.0,0.4676259,0.0052322,0.1916285,0.1633907,0.8508829,0.0392413,0.7132486,0.0,0.0090744,0.0723906,0.0,0.9963702,0.3013468,0.1392405,0.2857143,10.285376924115587
1800.0,0.4527778,0.0033333,0.2472222,0.213198,0.8005556,0.0505556,0.6639785,0.0053763,0.0188172,0.0792079,0.0026882,0.9973118,0.3626238,0.0422535,0.3846154,9.820160289946374
1222.0,0.4795417,0.0883797,0.1816694,0.1698113,0.8559738,0.0229133,0.7195122,0.0020325,0.0182927,0.0610687,0.0833333,0.9979675,0.2385496,0.0743802,0.6666667,10.515993929932415
2139.0,0.4497429,0.0037401,0.2089762,0.1469839,0.8041141,0.0046751,0.6259299,0.0,0.0520723,0.1887931,0.0042508,0.9819341,0.2853448,0.028169,0.6,12.246739428005663
1371.0,0.4784829,0.0547046,0.0853392,0.0601399,0.8942378,0.031364,0.8103093,0.0,0.0206186,0.0934579,0.0515464,0.9896907,0.2168224,0.1234568,0.25,10.943781931879723
7516.0,0.4789782,0.0039915,0.1573976,0.1131256,0.9100585,0.0014635,0.7730963,0.0011596,0.0224198,0.0204468,0.0046386,0.9779668,0.2033321,0.0397924,0.625,12.124325569579169
269.0,0.4609665,0.0780669,0.2267658,0.1724138,0.8587361,0.0,0.6851852,0.0185185,0.0185185,0.107438,0.0833333,1.0,0.3057851,0.1363636,1.0,9.686636660844938
133.0,0.443609,0.7593985,0.1203008,0.1486486,0.9097744,0.0,0.8222222,0.0222222,0.0444444,0.1509434,0.7333333,1.0,0.3207547,0.0,1.0,9.615805480084347
3834.0,0.514867,0.0026082,0.123109,0.0591398,0.8148148,0.0,0.6710165,0.0054945,0.1181319,0.2440291,0.0034341,0.9539835,0.4880582,0.0758621,0.2222222,12.02874460037869
493.0,0.474645,0.020284,0.1703854,0.1505792,0.8701826,0.0,0.7177033,0.0047847,0.0191388,0.1399177,0.0143541,0.9952153,0.3374486,0.1698113,1.0,9.989711119284745
15800.0,0.4483544,0.029557,0.1976582,0.158559,0.6986709,0.0209494,0.506562,0.0010293,0.0653628,0.0562234,0.0248327,0.9912506,0.3514268,0.018167,0.359375,11.000448478455008
15324.0,0.4799661,0.1060428,0.0986688,0.0801857,0.8301357,0.000261,0.6596381,0.0040913,0.0566483,0.0606061,0.0989772,0.988513,0.3244642,0.0349138,0.469697,10.997104049659168
238.0,0.487395,0.0,0.2268908,0.147541,0.8823529,0.0,0.742268,0.0,0.0309278,0.0673077,0.0,1.0,0.1538462,0.0,0.0,11.104972264124868
919.0,0.4570185,0.0,0.1577802,0.1222445,0.8705114,0.0,0.7103825,0.010929,0.0218579,0.031746,0.0,0.9945355,0.1666667,0.1176471,0.5,10.328787967145063
25131.0,0.4838645,0.0153993,0.1021448,0.0883509,0.9088377,0.0,0.7895984,0.0031226,0.0287499,0.0263158,0.0169054,0.9954775,0.2113651,0.0678941,0.4193548,10.62135173563291
295.0,0.4915254,0.0,0.2779661,0.1733333,0.8779661,0.0,0.712,0.0,0.0,0.1987179,0.0,1.0,0.4102564,0.1363636,1.0,9.615805480084347
1129.0,0.4534987,0.2444641,0.2223206,0.2058347,0.8033658,0.0797166,0.702439,0.004878,0.0146341,0.1331924,0.1926829,0.9902439,0.3276956,0.15,0.7,10.351405324899678
8658.0,0.4885655,0.004389,0.1286671,0.1065944,0.8523909,0.0167475,0.7024375,0.0031656,0.0424185,0.0974286,0.0041152,0.9506173,0.3931429,0.0988909,0.2,10.67130147767883
14315.0,0.5085575,0.0144604,0.0665735,0.0515991,0.9566888,0.0013971,0.8864382,0.0059613,0.0414307,0.0207239,0.0166915,0.9031297,0.4013427,0.3310811,0.2,12.008237370904832
598.0,0.5334448,0.0,0.1003344,0.0573477,0.9297659,0.0,0.8088235,0.0,0.0147059,0.0511628,0.0,0.9901961,0.1116279,0.325,1.0,10.305647203635566
40318.0,0.4888883,0.0178332,0.0503249,0.0469258,0.9253435,0.0050598,0.8296602,0.0039065,0.0276406,0.0847949,0.0160684,0.9761185,0.1641257,0.1433855,0.5837209,10.606609816118151
2285.0,0.4800875,0.0091904,0.1991247,0.1557239,0.8100656,0.0415755,0.6520763,0.0044893,0.026936,0.1036217,0.003367,0.9977553,0.331992,0.0777027,0.8,10.295563423525277
2060.0,0.4839806,0.0669903,0.1723301,0.1006585,0.8718447,0.0048544,0.7335812,0.0012392,0.0322181,0.1558577,0.0607187,0.9950434,0.2447699,0.1339286,0.6190476,11.872702592158976
3047.0,0.4446997,0.6245487,0.2090581,0.1968085,0.8378733,0.0416803,0.6780129,0.0,0.0156394,0.0827004,0.5436983,0.9963201,0.3080169,0.1896552,0.9,10.134638955251866
128.0,0.484375,0.0,0.109375,0.1060606,0.84375,0.0,0.6727273,0.0,0.0363636,0.0983607,0.0,0.9818182,0.4098361,0.0,0.0,9.65509029374725
24174.0,0.4724084,0.0051295,0.1490444,0.1102399,0.8422272,0.0380574,0.7301713,0.001929,0.0459548,0.0335563,0.0020424,0.9934188,0.2541945,0.052,0.3770492,11.98168457011701
4263.0,0.4663383,0.3901009,0.1402768,0.1437363,0.8414262,0.0309641,0.7057039,0.0018204,0.0333738,0.0757151,0.3561893,0.996966,0.3645541,0.0835694,0.65,10.61890979160975
60.0,0.4666667,0.0,0.0833333,0.09375,0.9166667,0.0,0.8,0.0,0.05,0.4117647,0.0,1.0,0.7647059,0.5,0.0,9.615805480084347
1357.0,0.449521,0.0051584,0.2512896,0.1860776,0.8113486,0.0353721,0.6480836,0.0017422,0.010453,0.1656977,0.0034843,0.9947735,0.252907,0.0984848,0.8571429,9.781376414141157
1784.0,0.4786996,0.0252242,0.0969731,0.0731183,0.9316143,0.0,0.8233438,0.0,0.0157729,0.0437406,0.0189274,0.9921136,0.1266968,0.1134021,0.1666667,10.591647316585027
446.0,0.4663677,0.0874439,0.2017937,0.1932773,0.7376682,0.0,0.5156951,0.0,0.0403587,0.0590717,0.0717489,1.0,0.535865,0.0330579,0.5,10.39821428171237
2262.0,0.4703802,0.0,0.1715296,0.163606,0.8554377,0.0428824,0.743073,0.0062972,0.0201511,0.0479616,0.0,0.9521411,0.1882494,0.1,0.25,10.661977618146238
231.0,0.4632035,0.0,0.2727273,0.233871,0.8484848,0.0,0.6601942,0.0,0.0,0.1825397,0.0,1.0,0.2222222,0.1666667,0.0,10.308985993422082
2377.0,0.4724443,0.0012621,0.1775347,0.1499203,0.8262516,0.0315524,0.6648169,0.0066593,0.0299667,0.0643821,0.0011099,0.9966704,0.2419522,0.1197183,0.6428571,10.196194479235656
1317.0,0.5292331,0.0242976,0.1700835,0.1677419,0.6233865,0.2460137,0.629108,0.0046948,0.0305164,0.105042,0.0046948,0.9929577,0.25,0.1102941,0.9,9.770013301136158
2055.0,0.4481752,0.8437956,0.1474453,0.1507937,0.843309,0.0024331,0.6332916,0.0037547,0.0212766,0.1072626,0.795995,1.0,0.3899441,0.1232227,0.8571429,10.154285180632154
790.0,0.4936709,0.0012658,0.1797468,0.1175,0.8822785,0.0,0.7352941,0.0065359,0.0196078,0.0642202,0.0,1.0,0.2477064,0.0508475,1.0,10.003378135350923
1032.0,0.4709302,0.0,0.2800388,0.1849817,0.8023256,0.0213178,0.626087,0.0021739,0.0173913,0.1901408,0.0,0.9978261,0.2816901,0.08,0.5714286,9.62911649414402
2197.0,0.4715521,0.0013655,0.1706873,0.1559001,0.8538917,0.0,0.6825569,0.0065005,0.0216685,0.0335079,0.0021668,0.9978332,0.2136126,0.033195,1.0,10.21833478806055
48997.0,0.4529461,0.4958875,0.1310488,0.1249067,0.8598077,0.0071229,0.7007048,0.0042923,0.0353982,0.0645417,0.4461343,0.9954427,0.3624151,0.1124413,0.3736842,10.645448706505872
1627.0,0.4751076,0.0,0.1376767,0.1112412,0.8856792,0.0,0.7393365,0.0031596,0.0300158,0.0306279,0.0,1.0,0.2480858,0.0820896,1.0,10.534785924769006
17550.0,0.4989174,0.0483761,0.1007407,0.0951785,0.8668376,0.0323647,0.7672142,0.0043139,0.0454621,0.0598971,0.0361706,0.9863946,0.2728124,0.153378,0.4861111,10.207325906555994
586.0,0.4692833,0.3481229,0.1894198,0.1350482,0.8668942,0.0,0.7099567,0.008658,0.034632,0.1348315,0.2943723,1.0,0.3033708,0.0555556,0.8571429,10.207325906555994
7.0,0.5714286,0.0,0.0,0.0,1.0,0.0,1.0,0.0,0.0,0.0,0.0,1.0,0.5,0.0,0.0,9.615805480084347
110.0,0.4727273,0.0,0.3272727,0.1724138,0.8090909,0.0,0.5882353,0.0,0.0,0.25,0.0,1.0,0.4117647,0.2727273,1.0,10.158168529848494
3190.0,0.5115987,0.0278997,0.0655172,0.0577664,0.9103448,0.0,0.7812798,0.0057307,0.0410697,0.1425061,0.0296084,0.7765043,0.3292383,0.1638554,0.25,10.84546552414626
522.0,0.48659,0.0,0.2490421,0.1828358,0.8295019,0.0,0.6512605,0.0,0.0252101,0.0846154,0.0,1.0,0.2769231,0.0408163,0.8,9.717218213494077
3706.0,0.4827307,0.0053967,0.1640583,0.123109,0.8561792,0.0218564,0.7166428,0.0035868,0.035868,0.0504087,0.0057389,0.9849354,0.2418256,0.1070496,0.4285714,10.515993929932415
1789.0,0.4455003,0.1693684,0.2381219,0.1824597,0.8367803,0.0011179,0.6590038,0.0025543,0.0255428,0.0633971,0.1481481,0.9948914,0.3325359,0.0723982,0.6,10.021315031649332
83.0,0.5421687,0.0,0.1084337,0.0263158,0.9759036,0.0,0.9259259,0.0,0.0,0.5423729,0.0,1.0,0.1016949,1.0,1.0,10.440010162389305
390.0,0.5076923,0.0,0.1435897,0.0625,0.9230769,0.0,0.7956204,0.0,0.0145985,0.0805369,0.0,1.0,0.1677852,0.047619,0.2,10.085850775128717
8583.0,0.4670861,0.8720727,0.093091,0.0841714,0.9342887,0.0,0.8173779,0.0034602,0.0257593,0.0352374,0.875817,0.9281046,0.2722552,0.2608696,0.2272727,10.799595985047786
1622.0,0.4796547,0.0277435,0.1578298,0.1777251,0.877312,0.0123305,0.740566,0.0031447,0.0157233,0.0769231,0.0251572,1.0,0.3309144,0.0857143,1.0,9.980494888896912
2960.0,0.427027,0.0277027,0.3101351,0.2517689,0.7594595,0.0969595,0.6581586,0.0027347,0.0355515,0.0214095,0.0182315,0.9972653,0.2676182,0.0222222,0.1428571,11.839354580719126
68.0,0.4705882,0.0,0.2794118,0.1666667,0.8382353,0.0,0.6969697,0.0,0.030303,0.1081081,0.0,1.0,0.1891892,0.0,0.0,9.615805480084347
90.0,0.5333333,0.0,0.2222222,0.0238095,0.8222222,0.0,0.6216216,0.0,0.0540541,0.0263158,0.0,0.972973,0.3684211,0.0,0.0,9.90353755128617
529.0,0.4612476,0.0018904,0.1701323,0.0877193,0.899811,0.0,0.761194,0.0049751,0.0199005,0.0289855,0.0049751,1.0,0.1690821,0.1944444,1.0,9.937937287265354
248.0,0.4193548,0.1854839,0.1733871,0.1666667,0.9072581,0.0,0.752809,0.0,0.011236,0.1359223,0.1910112,1.0,0.3398058,0.1875,1.0,9.61587214452889
5383.0,0.4958202,0.0057589,0.1482445,0.0574797,0.9550437,0.0,0.881823,0.0,0.009539,0.0396947,0.0031797,0.9952305,0.0137405,0.0581395,0.4782609,12.509877789891931
3182.0,0.429604,0.6059082,0.1822753,0.1741047,0.8444375,0.0405405,0.6903915,0.0,0.0160142,0.092084,0.5400356,0.9946619,0.3642973,0.1670379,0.5,10.090008612393838
12224.0,0.4973004,0.0081806,0.0579188,0.0501221,0.929074,0.0,0.8262136,0.0050971,0.0274272,0.0976785,0.0070388,0.7919903,0.2290845,0.1424501,0.7070707,10.93133754807084
1852.0,0.5070194,0.0070194,0.1457883,0.0799562,0.9238661,0.0043197,0.8299845,0.0030912,0.0231839,0.0554745,0.0061824,0.9721793,0.2788321,0.1265823,0.1666667,11.37940550085183
3373.0,0.5120071,0.0136377,0.1153276,0.0668287,0.9543433,0.0026682,0.8811275,0.0098039,0.0404412,0.0274136,0.0159314,0.935049,0.6174017,0.3659574,0.8,11.837187748284698
29885.0,0.4790363,0.0046512,0.0902794,0.0703963,0.8911829,0.0380458,0.8058768,0.0022422,0.0374085,0.0795134,0.0050743,0.1954213,0.477406,0.2334071,0.4747475,10.31231367277647
8751.0,0.5198263,0.0020569,0.1279854,0.1097097,0.6928351,0.1568964,0.6410516,0.0043815,0.0630266,0.105517,0.0010111,0.9956185,0.4488996,0.0483755,0.7037037,10.650199196425806
5960.0,0.4818792,0.0057047,0.079698,0.0560233,0.9171141,0.0001678,0.7990844,0.0071211,0.0366226,0.0977513,0.0050865,0.2985758,0.3891693,0.1281513,0.3265306,10.742918838113225
37993.0,0.492117,0.0214513,0.0714869,0.0533271,0.8678441,0.0024478,0.7215624,0.0030205,0.0506625,0.0427154,0.0217615,0.9777579,0.2716698,0.0420766,0.4761905,11.109473329472568
161.0,0.4161491,0.1055901,0.2795031,0.2234043,0.863354,0.0,0.6857143,0.0,0.0,0.0666667,0.1428571,1.0,0.1733333,0.1052632,0.0,10.081675578048475
218.0,0.4862385,0.0,0.0917431,0.0625,0.9495413,0.0,0.8253968,0.0,0.0,0.2125,0.0,0.952381,0.2625,0.2,0.0,10.407318772389159
1885.0,0.4615385,0.2822281,0.138992,0.1320197,0.8885942,0.003183,0.7271408,0.0029028,0.0145138,0.1708785,0.2351234,0.9912917,0.3922984,0.1403509,0.5333333,10.003378135350923
1679.0,0.4758785,0.0,0.1953544,0.1136364,0.8868374,0.0,0.7507289,0.0029155,0.0204082,0.0498615,0.0,0.9970845,0.0373961,0.0232558,0.4,11.458479838780507
729.0,0.5048011,0.0,0.1124829,0.0858726,0.9122085,0.0,0.7816092,0.0076628,0.0114943,0.0809859,0.0,1.0,0.2077465,0.1617647,1.0,10.39821428171237
1103.0,0.4932004,0.0172257,0.1169538,0.0930233,0.8395286,0.011786,0.6578313,0.0024096,0.0457831,0.0503432,0.0289157,0.746988,0.5949657,0.1060606,0.6666667,12.206077645517674
99.0,0.5151515,0.0,0.1616162,0.0208333,0.9494949,0.0,0.9210526,0.0,0.0526316,0.2083333,0.0,1.0,0.2291667,0.0,0.0,10.811766273800105
52.0,0.5384615,0.0,0.2115385,0.0833333,0.9038462,0.0,0.8,0.0,0.05,0.3333333,0.0,1.0,0.2,0.5,0.5,9.615805480084347
427.0,0.501171,0.0093677,0.2084309,0.0798122,0.9461358,0.0,0.867052,0.0,0.0,0.0648649,0.0057803,1.0,0.0,0.0,0.5555556,11.40646434386837
171.0,0.4736842,0.0,0.0994152,0.1111111,0.9064327,0.0,0.7540984,0.0,0.0163934,0.1408451,0.0,0.9836066,0.1408451,0.1818182,0.0,9.97119292889014
1661.0,0.4918724,0.0180614,0.0848886,0.0604265,0.9403974,0.0,0.8545455,0.0016529,0.0132231,0.0956652,0.0231405,1.0,0.0732436,0.1086957,0.4482759,11.255462171102444
1089.0,0.4848485,0.0,0.1928375,0.1586453,0.8567493,0.0247934,0.7093023,0.0,0.0069767,0.0672451,0.0,0.9953488,0.3015184,0.0487805,0.75,10.34177474101152
47.0,0.4893617,0.0,0.0425532,0.0833333,0.7021277,0.0,0.5333333,0.0666667,0.2,0.0625,0.0,1.0,0.5625,0.4444444,0.0,10.268165387743457
911.0,0.4840834,0.0010977,0.1394072,0.0957447,0.8232711,0.0,0.6576819,0.0080863,0.0754717,0.0487179,0.0,0.9919137,0.3820513,0.0404624,0.6666667,11.007103966325696
1458.0,0.4890261,0.0006859,0.1083676,0.0751678,0.8909465,0.0,0.744403,0.0,0.0354478,0.0579965,0.0,0.9906716,0.2811951,0.1197605,0.4285714,10.275085591132715
2574.0,0.45338,0.1456876,0.1476301,0.1222459,0.9052059,0.0,0.7671795,0.0020513,0.0153846,0.0469208,0.1138462,0.9774359,0.2717498,0.0995025,0.7,10.505094936455558
856.0,0.453271,0.3703271,0.3411215,0.2799145,0.6507009,0.2336449,0.6758621,0.0034483,0.0137931,0.1158537,0.3344828,1.0,0.2621951,0.0519481,0.6666667,10.563620718477313
1854.0,0.4854369,0.0005394,0.1014024,0.0859539,0.8856526,0.0,0.7300435,0.0029028,0.0348331,0.0663957,0.0,0.9985486,0.3482385,0.0662983,0.625,10.468829770273567
414.0,0.5024155,0.0,0.1956522,0.131068,0.8574879,0.0,0.6851852,0.0061728,0.0432099,0.1518325,0.0,0.9876543,0.1727749,0.1395349,0.6666667,9.615805480084347
238.0,0.5,0.0,0.3529412,0.1932773,0.8361345,0.0,0.6637168,0.0,0.0088496,0.162963,0.0,1.0,0.2518519,0.0714286,0.8181818,9.615805480084347
68784.0,0.5006833,0.025442,0.0803966,0.0676081,0.8922133,0.0059607,0.7808645,0.0057181,0.0678973,0.0426724,0.02724,0.8146781,0.4092241,0.1741319,0.1512605,12.08164822965012
17076.0,0.4817287,0.0960998,0.0593816,0.0520904,0.7380534,0.0878426,0.6493104,0.0054238,0.0914303,0.087141,0.0714396,0.9798543,0.4294808,0.039341,0.3,10.887455624298198
4517.0,0.4693381,0.0030994,0.2034536,0.1455987,0.8634049,0.0,0.6951902,0.0033557,0.0302013,0.0303688,0.0027964,0.9916107,0.2749458,0.0821114,0.7142857,11.149096419938578
320.0,0.48125,0.025,0.06875,0.0783133,0.484375,0.4375,0.6805556,0.0,0.0277778,0.0886076,0.0,1.0,0.3164557,0.1304348,0.0,10.150386692204734
50689.0,0.5037582,0.057113,0.0751445,0.0691739,0.8008246,0.03701,0.6718852,0.0056731,0.0919703,0.0501554,0.0515492,0.86259,0.5241969,0.1216291,0.1531532,12.159510248044802
99.0,0.5959596,0.0,0.030303,0.025,0.6363636,0.0,0.4444444,0.0,0.1777778,0.2241379,0.0,1.0,0.5172414,0.0,0.0,10.428245666832275
4028.0,0.5076961,0.0059583,0.046425,0.03177,0.8699106,0.004717,0.7312057,0.0134752,0.0673759,0.1816599,0.006383,0.9865248,0.4724318,0.1165192,0.8347826,11.044536531401494
2286.0,0.5524934,0.0244969,0.0682415,0.0312805,0.839895,0.1049869,0.8706897,0.0014368,0.0402299,0.0842105,0.0100575,0.9885057,0.0473684,0.0487805,0.9166667,12.192485760421583
549.0,0.4735883,0.0,0.2568306,0.1245675,0.848816,0.0,0.6893617,0.0,0.0425532,0.0329218,0.0,0.9914894,0.2674897,0.0377358,1.0,10.285376924115587
47.0,0.5744681,0.0,0.3191489,0.2,0.8297872,0.0,0.6521739,0.0,0.0,0.1785714,0.0,1.0,0.4642857,0.1666667,0.0,9.792611856190192
794.0,0.4798489,0.0025189,0.1083123,0.0871671,0.9130982,0.0125945,0.8148148,0.0037037,0.0296296,0.0559441,0.0,0.9962963,0.2902098,0.0769231,0.0,10.922352923113982
384.0,0.4765625,0.0052083,0.3046875,0.238806,0.7526042,0.0989583,0.6603774,0.0,0.0188679,0.201005,0.0062893,1.0,0.281407,0.0512821,1.0,10.047631185616188
5705.0,0.5006135,0.0040316,0.1002629,0.0642331,0.8936021,0.0096407,0.7851324,0.0035642,0.0504073,0.0325123,0.003055,0.9378819,0.2014778,0.1222707,0.1818182,11.608244735642321
1823.0,0.4898519,0.0131651,0.1492046,0.0655914,0.9308832,0.0065826,0.8542024,0.0017153,0.0308748,0.0701754,0.0068611,0.974271,0.0829346,0.05,0.5384615,13.122367377396328
1586.0,0.4375788,0.4936948,0.1948298,0.2107623,0.8076923,0.0889029,0.7419355,0.0100806,0.0342742,0.1607445,0.4939516,0.9919355,0.3824027,0.1984127,0.3571429,9.615805480084347
611.0,0.4680851,0.0016367,0.1734861,0.1107692,0.9181669,0.0,0.8095238,0.0,0.021645,0.076,0.004329,0.991342,0.212,0.1538462,0.75,10.594156665220533
21816.0,0.4871654,0.0159974,0.0864045,0.0583661,0.9031445,0.0053172,0.7887629,0.0014015,0.0356733,0.0378769,0.0140145,0.9913365,0.1387595,0.0416438,0.3263158,11.330215832884798
626.0,0.4632588,0.0031949,0.3083067,0.1904762,0.7460064,0.0958466,0.6381323,0.0,0.0233463,0.0886525,0.0,1.0,0.3971631,0.0208333,0.0,10.305647203635566
2144.0,0.4906716,0.0107276,0.088153,0.1007326,0.8652052,0.0471082,0.775266,0.0053191,0.0212766,0.0784314,0.0159574,0.9973404,0.2634804,0.1028571,0.8,10.434145214930487
2018.0,0.5208127,0.0044599,0.0465808,0.0341262,0.9063429,0.0,0.7900875,0.0072886,0.0524781,0.1704958,0.0043732,0.9883382,0.3724305,0.0843373,0.625,11.215879689565481
596.0,0.5503356,0.0033557,0.0587248,0.0559701,0.9731544,0.0,0.875969,0.0,0.0,0.1623377,0.0077519,1.0,0.8701299,0.2727273,0.0,9.94755228369823
28710.0,0.4886102,0.051968,0.1376176,0.1141534,0.7924068,0.0266806,0.6180233,0.0046432,0.0780821,0.088215,0.0484222,0.7735241,0.5405219,0.1389035,0.6170213,11.629828113199304
8280.0,0.4556763,0.0045894,0.2141304,0.1617484,0.8066425,0.0679952,0.7116858,0.00447,0.034802,0.0264221,0.0025543,0.9964879,0.2200808,0.0570627,0.2222222,11.109473329472568
1722.0,0.4715447,0.0,0.1463415,0.1186813,0.8612079,0.0284553,0.7336523,0.0063796,0.0271132,0.0965418,0.0,0.9888357,0.314121,0.1052632,0.3571429,10.188704088048116
128.0,0.5390625,0.0,0.1875,0.1864407,0.8125,0.0,0.6226415,0.0,0.0377358,0.1451613,0.0,0.9622642,0.2096774,0.0,0.5,9.615805480084347
7109.0,0.4982417,0.0070333,0.1327894,0.0700869,0.9237586,0.001688,0.8216645,0.0061647,0.0387494,0.0481978,0.0061647,0.7454866,0.3206203,0.2712177,0.0434783,11.849404844423074
418.0,0.4760766,0.0,0.2464115,0.1917808,0.8038278,0.0,0.6223404,0.0106383,0.037234,0.2263374,0.0,1.0,0.345679,0.0425532,0.4,9.615805480084347
7586.0,0.4723174,0.0777748,0.1792776,0.1628778,0.8021355,0.0064593,0.6086681,0.0028472,0.0559949,0.0711137,0.0714964,0.9405252,0.4692918,0.05,0.8981481,11.566475710526321
2288.0,0.4733392,0.0043706,0.1577797,0.1244813,0.8627622,0.0358392,0.7526754,0.0035672,0.020214,0.0366552,0.0011891,0.9928656,0.2119129,0.1013216,0.3,10.315630315397533
646.0,0.4922601,0.0,0.0650155,0.0457317,0.9303406,0.0,0.8190476,0.0047619,0.0190476,0.0748899,0.0,1.0,0.1982379,0.1666667,0.6666667,10.457401400981889
2113.0,0.4940842,0.0004733,0.3189778,0.1103835,0.8495031,0.0047326,0.7391742,0.0030211,0.0453172,0.3375584,0.0,0.9818731,0.3929286,0.0666667,0.372549,11.07443600653965
1668.0,0.4976019,0.0023981,0.1822542,0.1169451,0.8741007,0.0359712,0.7804878,0.0,0.0243902,0.0625,0.0,1.0,0.1570122,0.0746269,0.7272727,10.351405324899678
274.0,0.4562044,0.2080292,0.2043796,0.1879195,0.8467153,0.0,0.6396396,0.0,0.018018,0.2291667,0.1981982,0.9459459,0.3125,0.1764706,1.0,9.735128070758227
714.0,0.5280112,0.0014006,0.057423,0.0801187,0.9201681,0.0,0.7777778,0.0048309,0.0338164,0.1375,0.0,0.9903382,0.7166667,0.2098765,0.0,10.616461869895815
317.0,0.5362776,0.0,0.0536278,0.0204082,0.9652997,0.0,0.8507463,0.0,0.0149254,0.056338,0.0,1.0,0.9859155,0.3157895,0.0,10.150386692204734
937.0,0.4802561,0.0,0.1398079,0.110883,0.8762006,0.0138741,0.7430939,0.0,0.0220994,0.1127451,0.0,0.9944751,0.3308824,0.1188119,0.5714286,10.073272520325904
1840.0,0.4565217,0.6842391,0.1728261,0.144,0.8869565,0.0211957,0.7728,0.0064,0.024,0.082232,0.5952,0.9984,0.2760646,0.1730769,0.75,9.803722464346553
1757.0,0.4928856,0.0005692,0.0626067,0.0505051,0.9248719,0.0,0.8003442,0.0017212,0.020654,0.1116208,0.0017212,0.9707401,0.2232416,0.2119205,0.5789474,10.83370091325064
1292.0,0.494582,0.001548,0.1331269,0.0842266,0.8924149,0.0,0.7745536,0.0133929,0.0424107,0.0323974,0.0,0.9441964,0.3585313,0.2061069,0.0,10.488520429241627
24363.0,0.4962033,0.0024217,0.2383532,0.090761,0.855847,0.0185527,0.7601573,0.0053433,0.0539369,0.2277929,0.0023188,0.971973,0.3181783,0.0855469,0.2129964,11.094390314766315
3125.0,0.48128,0.2768,0.14272,0.1178285,0.86912,0.02656,0.7357513,0.0008636,0.015544,0.0772908,0.2728843,0.9948187,0.3099602,0.1022099,0.25,10.721084386282662
123.0,0.5691057,0.0,0.1707317,0.0566038,0.8943089,0.0,0.7659574,0.0,0.0425532,0.06,0.0,1.0,0.26,0.0833333,0.0,10.102379394048045
7607.0,0.458788,0.1823321,0.1875904,0.1571533,0.8473774,0.0228737,0.70079,0.0026333,0.0213957,0.0672398,0.1655695,0.99605,0.2999693,0.0920543,0.5,10.385944565501662
1339.0,0.5197909,0.7154593,0.0851382,0.0933126,0.8506348,0.0941001,0.8203125,0.0052083,0.0104167,0.0964706,0.6953125,0.9973958,0.2776471,0.195122,1.0,10.49684202174171
5343.0,0.4677148,0.1643272,0.1880966,0.1476793,0.8659929,0.0157215,0.7167573,0.0014829,0.0202669,0.11233,0.1720217,0.7909046,0.3913997,0.1392801,0.7666667,10.077482875583607
1693.0,0.5138807,0.0064973,0.0826934,0.0680437,0.4772593,0.3189604,0.5266393,0.0081967,0.1557377,0.0633397,0.0040984,0.9979508,0.4299424,0.0327869,0.6,11.554077005184336
8220.0,0.4481752,0.0199513,0.3940389,0.2202381,0.7671533,0.0445255,0.6397466,0.0052784,0.0387965,0.2726051,0.0155714,0.9833729,0.5964677,0.0598651,0.388535,10.601647149919609
202.0,0.470297,0.0,0.1138614,0.1588785,0.8762376,0.0,0.7160494,0.0,0.0246914,0.1098901,0.0,1.0,0.3406593,0.0,0.0,9.642187721358466
2333.0,0.4659237,0.0231462,0.2151736,0.1661316,0.8696957,0.0,0.7223911,0.0030395,0.0253293,0.064455,0.0233029,0.993921,0.3203791,0.0789474,0.2,10.502351525774941
1843.0,0.4818231,0.0010852,0.1519262,0.1382199,0.8187737,0.0,0.6433204,0.0038911,0.0661479,0.1288136,0.0,0.997406,0.3920904,0.0803859,0.6,10.774801838762809
2689.0,0.4496095,0.301971,0.1874303,0.1777027,0.8560803,0.0092971,0.6833333,0.0037037,0.012963,0.0649351,0.2481481,0.9944444,0.3125541,0.0833333,0.6153846,9.846970109700957
267.0,0.494382,0.0037453,0.1273408,0.0888889,0.9213483,0.0,0.7931034,0.0229885,0.0229885,0.1122449,0.0,1.0,0.3571429,0.1578947,1.0,9.615805480084347
7878.0,0.4516375,0.0005077,0.243082,0.1858796,0.7847169,0.0511551,0.6424463,0.0030276,0.0266424,0.057632,0.0003028,0.9945504,0.2958631,0.0530806,0.7586207,10.098272780745283
743.0,0.4791386,0.0,0.0861373,0.0568475,0.9340511,0.0,0.8408163,0.0081633,0.0244898,0.0277778,0.0,0.9877551,0.1150794,0.0769231,0.6666667,10.707751151716078
8644.0,0.4721194,0.0017353,0.1614993,0.1290817,0.8438223,0.020708,0.685842,0.0029806,0.0280179,0.0501133,0.0005961,0.9511177,0.2839751,0.0656371,0.4324324,10.445840912706414
320.0,0.515625,0.209375,0.10625,0.0580645,0.928125,0.0,0.8135593,0.0,0.0084746,0.1386861,0.1864407,0.9915254,0.3138686,0.1111111,1.0,10.566201298475118
40.0,0.45,0.0,0.1,0.0,0.875,0.0,0.6666667,0.0,0.0,0.1666667,0.0,1.0,0.2777778,0.0,0.0,9.615805480084347
70.0,0.4428571,0.0,0.1857143,0.1025641,0.9,0.0,0.7857143,0.0,0.0357143,0.2,0.0,1.0,0.2,0.25,1.0,9.615805480084347
478.0,0.5062762,0.0020921,0.123431,0.1059322,0.9079498,0.0,0.7573964,0.0,0.0177515,0.0558659,0.0,1.0,0.1396648,0.1463415,1.0,10.454523783963511
1160.0,0.5068966,0.1465517,0.1172414,0.1031469,0.9241379,0.0,0.804878,0.0,0.0195122,0.1733871,0.1195122,0.9853659,0.4556452,0.1470588,0.4285714,10.268165387743457
289.0,0.4532872,0.0519031,0.1868512,0.1518987,0.8858131,0.0,0.7117117,0.0,0.009009,0.112,0.045045,1.0,0.232,0.2666667,0.75,9.615805480084347
755.0,0.5139073,0.0291391,0.0794702,0.0517711,0.9470199,0.0,0.8543307,0.0,0.011811,0.0928571,0.023622,1.0,0.1857143,0.2083333,0.6666667,10.431199791458543
19622.0,0.4876159,0.0492305,0.1088064,0.0849413,0.7832025,0.0233411,0.6790274,0.0029883,0.1196686,0.0410317,0.0418365,0.9596577,0.2381138,0.0769844,0.2692308,11.967187086434018
25907.0,0.5380013,0.0215772,0.0832208,0.0657532,0.4005095,0.1663257,0.3845734,0.0012018,0.3208784,0.0329635,0.0198842,0.9825194,0.464131,0.0336673,0.2972973,11.255462171102444
66.0,0.5757576,0.0,0.1515152,0.1785714,0.8636364,0.0,0.64,0.0,0.0,0.3055556,0.0,0.96,0.2777778,0.5,1.0,9.615805480084347
1250.0,0.4832,0.0,0.088,0.0603715,0.94,0.0,0.8387097,0.0023041,0.0092166,0.0290828,0.0,1.0,0.1521253,0.1315789,0.0,10.513280297700861
900.0,0.4422222,0.1466667,0.1366667,0.1533865,0.8833333,0.0,0.7245179,0.0,0.0110193,0.1294964,0.1239669,0.9944904,0.3717026,0.1067961,0.75,10.165890277802454
9532.0,0.4740873,0.0026227,0.1865296,0.1478157,0.7833613,0.0532942,0.6488303,0.0056467,0.0564668,0.0644025,0.0021511,0.99516,0.3806289,0.0576334,0.5142857,11.106474871430772
1175.0,0.4561702,0.0034043,0.1404255,0.0876369,0.8629787,0.0,0.7176221,0.0042463,0.0488323,0.0328542,0.0042463,0.9978769,0.3080082,0.0392157,0.0,10.907807476583594
12339.0,0.4864252,0.0011346,0.2135505,0.1136184,0.9362995,0.0,0.8386599,0.001102,0.0103593,0.0102531,0.0006612,0.9966939,0.0239965,0.1030303,0.5,11.38054769238444
2212.0,0.4954792,0.0108499,0.1356239,0.0887097,0.8395118,0.0,0.6586483,0.0011455,0.0549828,0.0438116,0.0091638,0.5647194,0.5553122,0.0772834,0.0,11.233224789593368
13639.0,0.524012,0.0454579,0.0503703,0.0543746,0.9230149,0.0043991,0.8017673,0.0103093,0.0509573,0.034963,0.0571429,0.4942563,0.6816373,0.3994624,0.1612903,11.58989576532275
2307.0,0.4568704,0.2119636,0.195492,0.1851556,0.864326,0.0,0.6818675,0.0021716,0.0162866,0.0890208,0.155266,1.0,0.4520277,0.1672862,0.8571429,9.615805480084347
339.0,0.4719764,0.0,0.1622419,0.1005587,0.8643068,0.0,0.7058824,0.0,0.0441176,0.0748299,0.0,0.9926471,0.1496599,0.0625,1.0,9.615805480084347
1042.0,0.4865643,0.0143954,0.1928983,0.1102804,0.8627639,0.0,0.7132867,0.002331,0.041958,0.1226994,0.006993,0.988345,0.2413088,0.0366972,0.9,11.346882686945893
1559.0,0.456703,0.0070558,0.1949968,0.1711924,0.8383579,0.025016,0.6900685,0.010274,0.0445205,0.0670927,0.0034247,0.9982877,0.2523962,0.11,1.0,10.537441898283253
1470.0,0.5034014,0.0027211,0.1326531,0.090411,0.837415,0.0013605,0.6869852,0.0049423,0.062603,0.4436297,0.0032949,0.9950577,0.5352887,0.0466321,0.5,10.734242182303689
4239.0,0.4819533,0.0037745,0.1108752,0.064663,0.9209719,0.0014154,0.8108639,0.0013089,0.0222513,0.0329114,0.0039267,0.9941099,0.114557,0.0696517,0.2857143,11.310821520675269
632.0,0.4905063,0.0158228,0.068038,0.0310559,0.7990506,0.0,0.6353383,0.0112782,0.0864662,0.0699301,0.0112782,0.9924812,0.4195804,0.0825688,0.5,10.5815464756746
262.0,0.4656489,0.0,0.0954198,0.0642857,0.9389313,0.0,0.862069,0.0114943,0.0114943,0.0842105,0.0,0.9885057,0.2210526,0.2173913,0.0,9.615805480084347
1119.0,0.4539768,0.0,0.2234138,0.2013093,0.8257373,0.0098302,0.6354167,0.0,0.01875,0.0943396,0.0,0.9979167,0.2509434,0.0772947,0.7142857,10.081675578048475
3283.0,0.462382,0.0012184,0.2247944,0.1603399,0.7736826,0.0450807,0.6081662,0.0035817,0.0286533,0.1079872,0.0007163,0.991404,0.4785942,0.0531108,0.4666667,10.547995807489514
538.0,0.472119,0.0,0.1840149,0.1338028,0.8736059,0.0,0.7031963,0.0,0.0136986,0.0600858,0.0,0.9908676,0.2875536,0.0851064,0.0,10.060534035475412
434.0,0.4861751,0.0,0.1451613,0.1076233,0.8801843,0.0,0.7168675,0.0,0.0301205,0.1782178,0.0,1.0,0.1336634,0.137931,0.7272727,9.989711119284745
226.0,0.4734513,0.0,0.1858407,0.1008403,0.8761062,0.0,0.7291667,0.0,0.0208333,0.1932773,0.0,0.9895833,0.3193277,0.0740741,0.0,9.908524844053396
2182.0,0.4381302,0.0004583,0.2703941,0.2357259,0.7479377,0.0522456,0.601087,0.0097826,0.0434783,0.0678825,0.0,0.9967391,0.4204661,0.0516717,0.3571429,10.328787967145063
166.0,0.4759036,0.0,0.2891566,0.2988506,0.813253,0.0,0.5866667,0.0,0.0,0.1071429,0.0,1.0,0.3452381,0.0606061,1.0,9.90353755128617
405.0,0.4716049,0.0,0.2617284,0.2242991,0.8345679,0.0,0.6256983,0.0,0.0,0.1556604,0.0,0.9888268,0.4716981,0.15625,0.3333333,9.615805480084347
1395.0,0.49319,0.0114695,0.0501792,0.0325318,0.8853047,0.0,0.7354086,0.0058366,0.040856,0.0338346,0.0116732,0.9571984,0.4454887,0.1052632,0.25,10.370392636243981
182.0,0.4120879,0.0,0.2197802,0.1682243,0.8626374,0.0,0.6794872,0.0,0.0,0.1702128,0.0,1.0,0.2234043,0.0,1.0,9.615805480084347
1081.0,0.4560592,0.0,0.3293247,0.2397959,0.7937095,0.0462535,0.6419492,0.0021186,0.0063559,0.0690335,0.0,0.9957627,0.2169625,0.0804598,0.3333333,9.686636660844938
1008.0,0.469246,0.0,0.2261905,0.1757009,0.8422619,0.0496032,0.7284946,0.0026882,0.0188172,0.07,0.0,1.0,0.1775,0.0526316,0.4285714,10.073272520325904
1104.0,0.4556159,0.0009058,0.1865942,0.1630616,0.8713768,0.0144928,0.7231504,0.0047733,0.0167064,0.0770925,0.0023866,0.9952267,0.3348018,0.1594203,0.5,9.615805480084347
1470.0,0.4857143,0.0027211,0.1612245,0.1190476,0.877551,0.0,0.7271095,0.0017953,0.037702,0.1985612,0.0,0.994614,0.1410072,0.0731707,0.5,11.688566422839942
257.0,0.4046693,0.1245136,0.2607004,0.2810458,0.8132296,0.0544747,0.6764706,0.0,0.0098039,0.0377358,0.0882353,1.0,0.3396226,0.0,0.0,10.012386799492118
6734.0,0.4662905,0.01188,0.1621622,0.1293823,0.7453222,0.0945946,0.6305175,0.0045662,0.0327245,0.0807975,0.0022831,0.9977169,0.2896118,0.0697051,0.7777778,10.134638955251866
1692.0,0.4869976,0.0159574,0.0661939,0.047235,0.9373522,0.0,0.8432836,0.005597,0.0298507,0.0596491,0.0149254,0.9794776,0.1473684,0.1016949,0.625,11.665655135642039
1173.0,0.455243,0.0,0.1849957,0.1549296,0.8823529,0.0,0.7315574,0.0020492,0.0122951,0.0844278,0.0,1.0,0.3133208,0.0549451,0.8421053,9.841665338892785
730.0,0.4424658,0.0671233,0.2479452,0.1990172,0.8452055,0.0,0.6604361,0.0,0.0124611,0.0880682,0.0716511,1.0,0.2727273,0.0945946,0.6666667,10.12667110305036
4294.0,0.4813694,0.0051234,0.1406614,0.1100135,0.693293,0.1856078,0.6877218,0.0049681,0.0475515,0.0228849,0.0021292,0.9907736,0.2829404,0.049676,0.25,10.74937727911096
337.0,0.504451,0.462908,0.2166172,0.1556886,0.8545994,0.0,0.6666667,0.0,0.0141844,0.1132075,0.4113475,1.0,0.3018868,0.0930233,0.6666667,10.315630315397533
518.0,0.4710425,0.0,0.1216216,0.0912409,0.9420849,0.0,0.8314607,0.0,0.0,0.0326087,0.0,1.0,0.1304348,0.1,0.0,10.39516093745751
28564.0,0.4930682,0.1490688,0.2365915,0.1748619,0.7241983,0.026852,0.5470752,0.0064465,0.086351,0.1962001,0.1003581,0.8896936,0.5961489,0.0847215,0.4554455,10.860939421415225
288.0,0.4895833,0.0,0.1180556,0.1156463,0.8888889,0.0,0.7350427,0.0,0.008547,0.0930233,0.0,1.0,0.3100775,0.0588235,1.0,10.203629181337648
306.0,0.4509804,0.0,0.245098,0.2083333,0.8267974,0.0,0.6176471,0.0,0.0073529,0.0684932,0.0,1.0,0.2808219,0.0,0.6666667,9.6678285081515
82.0,0.4512195,0.0,0.0853659,0.1333333,0.7926829,0.0,0.59375,0.03125,0.03125,0.3191489,0.0,1.0,0.7659574,0.3333333,0.0,9.615805480084347
1557.0,0.477842,0.0,0.0430315,0.0442804,0.9820167,0.0,0.9345455,0.0109091,0.0109091,0.1433022,0.0,0.9963636,0.4922118,0.25,1.0,9.686636660844938
3090.0,0.4779935,0.0084142,0.1585761,0.1190329,0.9003236,0.0,0.7625721,0.0008244,0.0156636,0.0288231,0.0065952,0.9934048,0.1841473,0.0645161,0.5,10.91328684226798
169.0,0.4674556,0.0,0.1893491,0.1666667,0.852071,0.0,0.6714286,0.0,0.0285714,0.1860465,0.0,0.9714286,0.1976744,0.0714286,0.6666667,10.003378135350923
6257.0,0.4743487,0.9760268,0.0656864,0.076315,0.9395877,0.0071919,0.848344,0.0017432,0.0319582,0.0475927,0.9814062,0.9941894,0.3873824,0.3270677,0.6470588,10.766398604507042
3334.0,0.4889022,0.1256749,0.1652669,0.0874413,0.8332334,0.0,0.6977716,0.005571,0.0689415,0.2300268,0.0870474,0.9965181,0.3683646,0.0519031,0.5797101,11.157692338256169
1514.0,0.4795244,0.0614267,0.1406869,0.1192893,0.8982827,0.0,0.7533557,0.0,0.011745,0.0830769,0.0536913,1.0,0.2769231,0.0696203,0.75,10.555838779903407
1146.0,0.4703316,0.0,0.2303665,0.1812191,0.7905759,0.0532286,0.6544276,0.0043197,0.0259179,0.1280603,0.0,0.9935205,0.3804143,0.0629921,0.0,10.034559673629849
1014.0,0.4753452,0.0019724,0.1568047,0.1259398,0.8648915,0.0,0.7012048,0.0,0.0240964,0.0757238,0.0,0.9975904,0.2739421,0.0709677,0.0,10.169728906753061
227.0,0.4581498,0.0,0.1101322,0.1382114,0.907489,0.0,0.7666667,0.0,0.0,0.1089109,0.0,0.9888889,0.3960396,0.08,0.0,9.615805480084347
1616.0,0.4566832,0.0012376,0.2413366,0.2186788,0.7933168,0.0358911,0.6289398,0.0,0.0229226,0.03989,0.0014327,0.9971347,0.3576341,0.0645161,0.6,10.142543822310387
246.0,0.4634146,0.0,0.304878,0.2121212,0.7845528,0.0,0.6017699,0.0,0.0442478,0.0887097,0.0,0.9911504,0.2580645,0.08,1.0,9.787009914477434
182.0,0.5,0.7087912,0.1373626,0.1868132,0.8956044,0.0,0.7464789,0.0,0.0140845,0.0779221,0.6619718,1.0,0.3116883,0.1428571,0.5,10.308985993422082
8105.0,0.4570019,0.0426897,0.1752005,0.1517837,0.8380012,0.0383714,0.7141026,0.0035256,0.0259615,0.0522479,0.0391026,0.9939103,0.3879101,0.0720803,0.56,10.623787731088578
1076.0,0.4972119,0.0,0.1905204,0.1201479,0.8633829,0.0,0.7084337,0.0048193,0.0433735,0.0393519,0.0,1.0,0.2384259,0.092437,0.25,10.457401400981889
6329.0,0.4699005,0.0158003,0.219624,0.1329359,0.8367831,0.002212,0.6767677,0.002886,0.0339105,0.0510099,0.0119048,0.9917027,0.2108867,0.0294118,0.1923077,11.177466714598282
2017.0,0.5066931,0.0034705,0.0441249,0.0492462,0.8691125,0.0019831,0.7178003,0.0072359,0.0781476,0.1880141,0.0028944,0.9797395,0.5710928,0.1287425,0.6,11.109473329472568
11354.0,0.4695262,0.002378,0.1929716,0.154076,0.8170689,0.0184957,0.6465846,0.0029699,0.0322444,0.057577,0.0010607,0.9955452,0.270092,0.0634812,0.375,10.250652418696085
271.0,0.4501845,0.0,0.2619926,0.3020134,0.7158672,0.0,0.4850746,0.0,0.0373134,0.1410256,0.0,1.0,0.4230769,0.0185185,0.5,9.862717639992917
179.0,0.4581006,0.0,0.3184358,0.2061856,0.8268156,0.0,0.6385542,0.0,0.0120482,0.1862745,0.0,1.0,0.3823529,0.0,0.5,9.615805480084347
96.0,0.4791667,0.03125,0.3125,0.08,0.9166667,0.0,0.804878,0.0,0.0,0.0238095,0.0243902,0.9512195,0.047619,0.0,0.0,12.286273802188468
1094.0,0.4853748,0.0082267,0.1882998,0.1225577,0.8610603,0.0,0.6935484,0.0,0.0391705,0.0785563,0.0069124,0.9953917,0.2802548,0.0680272,0.6666667,11.538602958260002
193.0,0.4663212,0.0103627,0.2072539,0.1262136,0.7927461,0.0,0.5955056,0.0,0.0449438,0.0824742,0.011236,1.0,0.2474227,0.0740741,0.0,11.01206667357142
218.0,0.5045872,0.0,0.0091743,0.0185185,0.9908257,0.0,0.9649123,0.0,0.0,0.0,0.0,1.0,0.0,0.0,0.0,11.250274159310356
962.0,0.485447,0.2432432,0.1340956,0.1212121,0.9064449,0.0,0.7653959,0.0058651,0.0175953,0.0527778,0.2052786,0.9941349,0.3166667,0.2173913,0.5,9.770013301136158
9946.0,0.4734567,0.1476976,0.1231651,0.1147604,0.8883973,0.0013071,0.7407696,0.0026001,0.0202808,0.0665049,0.1341654,0.9955798,0.2951456,0.0778243,0.2444444,10.576457535657255
12539.0,0.4946965,0.0020735,0.117952,0.0700758,0.8893054,0.0183428,0.7933792,0.00511,0.0375472,0.0249133,0.0011109,0.9724506,0.2157712,0.0933082,0.4666667,11.007103966325696
1691.0,0.4529864,0.0,0.2087522,0.1664865,0.8119456,0.0384388,0.6514706,0.0044118,0.0132353,0.0896921,0.0,0.9808824,0.4042838,0.0866667,0.1111111,10.50783084142058
9379.0,0.4714788,0.0002132,0.1455379,0.1184184,0.8384689,0.0243096,0.6895799,0.0043644,0.033006,0.0485336,0.0002728,0.9942717,0.2605762,0.0510689,0.35,10.640675541671662
283.0,0.5053004,0.3109541,0.1130742,0.1142857,0.9257951,0.0,0.8019802,0.0,0.009901,0.1061947,0.2673267,0.990099,0.2123894,0.2857143,1.0,9.674137279312397
3358.0,0.4931507,0.0476474,0.1066111,0.0934195,0.9053008,0.0,0.7821626,0.0031571,0.0220994,0.0858586,0.0465667,0.9928966,0.3643579,0.102649,0.65,10.173552856959743
242.0,0.4917355,0.0082645,0.0826446,0.0650407,0.9132231,0.0,0.8051948,0.012987,0.0519481,0.0722892,0.0,0.8961039,0.1204819,0.1666667,0.0,10.419330568113901
692.0,0.449422,0.0014451,0.267341,0.2598425,0.8092486,0.0043353,0.60625,0.003125,0.00625,0.1327913,0.0,0.996875,0.395664,0.0707071,1.0,9.615805480084347
1881.0,0.5539607,0.0095694,0.1105795,0.0619785,0.7368421,0.1355662,0.7314376,0.0031596,0.0884676,0.1638045,0.0047393,0.8894155,0.4319683,0.104918,0.2903226,12.099605962739451
1998.0,0.508008,0.1646647,0.2152152,0.1586979,0.7637638,0.0815816,0.6539924,0.0050697,0.0316857,0.2094188,0.1013942,0.9949303,0.48998,0.0758929,0.4444444,10.460270761075149
252.0,0.4484127,0.0,0.1865079,0.1223022,0.8888889,0.0,0.7281553,0.0,0.0,0.1557377,0.0,1.0,0.147541,0.0833333,0.8,9.615805480084347
284.0,0.4542254,0.0,0.278169,0.116129,0.8415493,0.0,0.6850394,0.015748,0.023622,0.0928571,0.0,1.0,0.35,0.08,0.0,9.809231816610408
674.0,0.4881306,0.0118694,0.0504451,0.0318841,0.962908,0.0,0.9018692,0.0,0.0186916,0.0316742,0.0186916,0.9953271,0.0361991,0.0,0.3333333,11.91170829631447
9732.0,0.8957049,0.208693,0.0006165,0.0049261,0.1685162,0.8303535,0.9773756,0.0,0.0022624,0.0111857,0.1696833,0.9434389,0.3064877,0.1936219,0.0,9.615805480084347
557.0,0.4937163,0.0,0.2280072,0.1382979,0.8725314,0.0,0.7046414,0.0,0.0042194,0.091954,0.0,0.9957806,0.164751,0.1351351,0.6666667,10.250652418696085
10251.0,0.5352649,0.0079017,0.0849673,0.0942485,0.3337235,0.4106916,0.4387874,0.0023319,0.2180334,0.0619759,0.0062184,0.9957248,0.5100255,0.0677966,0.48,10.673618922112436
49256.0,0.4783783,0.0011166,0.1141181,0.0832133,0.8194129,0.0257228,0.6714988,0.0028475,0.0530158,0.0360814,0.0008801,0.9962723,0.3732907,0.0394147,0.3093923,10.925956465688445
18630.0,0.4791734,0.0120236,0.168599,0.0950222,0.8998926,0.0046162,0.7797076,0.0015921,0.0282241,0.0279966,0.0063685,0.9884209,0.1367473,0.0357143,0.4487179,12.485978309945345
3387.0,0.4732802,0.0070859,0.210806,0.1586323,0.8467671,0.0,0.6746411,0.0027341,0.0205058,0.0512322,0.0047847,0.9986329,0.3514916,0.0706714,1.0,10.181157167204903
6416.0,0.4342269,0.0112219,0.2487531,0.2024793,0.6758105,0.0528367,0.5098619,0.0019724,0.0719921,0.044598,0.0105194,0.9917817,0.4651382,0.0033361,0.1964286,11.097425172408931
65695.0,0.4819088,0.0024812,0.1190654,0.0834411,0.8300936,0.0280843,0.6953824,0.0035458,0.0562092,0.0278126,0.0015714,0.994641,0.2844328,0.0598781,0.5132743,10.849356503939038
408.0,0.4656863,0.0,0.245098,0.1788991,0.8676471,0.0,0.6971429,0.0,0.0057143,0.1071429,0.0,1.0,0.2142857,0.1707317,0.0,9.615805480084347
517.0,0.5125725,0.0,0.1276596,0.0793651,0.9032882,0.0019342,0.7715736,0.0050761,0.0152284,0.1434783,0.0,0.9949239,0.2956522,0.0612245,0.8333333,9.966509298952284
68.0,0.4705882,0.0,0.2205882,0.1944444,0.8970588,0.0,0.75,0.0,0.0,0.3488372,0.0,0.9642857,0.3023256,0.0,1.0,9.615805480084347
1147.0,0.5213601,0.1804708,0.0,0.0,0.9755885,0.0,0.9198813,0.0,0.0029674,0.0741758,0.1810089,0.9317507,0.0796703,0.1820896,0.0,9.69898173460629
3808.0,0.447479,0.2384454,0.1911765,0.1539924,0.8067227,0.0034139,0.6246368,0.0029053,0.0377687,0.1745803,0.2039512,0.9930273,0.3793765,0.0498688,0.6764706,10.687411927154141
71.0,0.5352113,0.0,0.1690141,0.1818182,0.8169014,0.0,0.5666667,0.0,0.0,0.1891892,0.0,1.0,0.2162162,0.25,0.0,9.615805480084347
522.0,0.48659,0.0,0.0670498,0.0410448,0.954023,0.0,0.883871,0.0064516,0.0258065,0.2010309,0.0,0.9870968,0.2268041,0.12,0.6666667,10.938467575959383
513.0,0.5224172,0.0,0.1578947,0.0938776,0.9259259,0.0,0.84375,0.0,0.0364583,0.049505,0.0,0.9895833,0.0445545,0.3333333,0.75,11.02518140064756
4082.0,0.4860363,0.0029397,0.1254287,0.1029552,0.9201372,0.0,0.8112604,0.0019194,0.0153551,0.0411043,0.003199,0.9980806,0.1723926,0.0440529,0.4090909,10.5610334618531
1471.0,0.5588035,0.1067301,0.0564242,0.0523883,0.5825969,0.0,0.3880407,0.0012723,0.1374046,0.0698225,0.1119593,0.9656489,0.5763314,0.0216138,0.0,10.407318772389159
5945.0,0.481413,0.0053827,0.2533221,0.1349335,0.8645921,0.0260723,0.7609544,0.0052061,0.0338395,0.0889328,0.0043384,0.9310195,0.2644269,0.125,0.4791667,11.445727410406752
71.0,0.5211268,0.0,0.0985915,0.0,0.7464789,0.0,0.6060606,0.030303,0.0909091,0.5147059,0.0,1.0,0.5735294,0.0,0.0,11.279744203985432
135.0,0.4740741,0.0,0.1777778,0.1408451,0.8888889,0.0,0.7407407,0.0,0.0185185,0.2702703,0.0,1.0,0.3243243,0.0769231,1.0,9.615805480084347
6112.0,0.4939463,0.0417212,0.0912958,0.0591659,0.8566754,0.0222513,0.7580225,0.0039029,0.0650477,0.1195113,0.0338248,0.990026,0.2928599,0.0616197,0.452381,10.811766273800105
370.0,0.5324324,0.0108108,0.1918919,0.1676301,0.7891892,0.0486486,0.6486486,0.0067568,0.0337838,0.0864198,0.0067568,1.0,0.3703704,0.2045455,0.0,10.064798252418377
145.0,0.5241379,0.0,0.0827586,0.0724638,0.9241379,0.0068966,0.8163265,0.0,0.0204082,0.51,0.0,1.0,0.59,0.0,0.0,9.94755228369823
10243.0,0.4487943,0.4489896,0.1878356,0.1712717,0.8320804,0.045104,0.6915475,0.0013004,0.0153446,0.0836511,0.4036411,0.9981795,0.307674,0.1242775,0.6078431,10.332050506334692
4173.0,0.4871795,0.0913012,0.1128684,0.0953271,0.8660436,0.0050324,0.7258168,0.0121717,0.0538117,0.0860656,0.0832799,0.9929532,0.3770492,0.0949914,0.56,10.76004951120163
475.0,0.4589474,0.2631579,0.1978947,0.1945525,0.8715789,0.0,0.7055838,0.0050761,0.0101523,0.0751174,0.213198,0.9949239,0.2347418,0.1481481,0.0,9.908524844053396
2332.0,0.5068611,0.0,0.093482,0.0730435,0.9536878,0.0,0.8632813,0.0,0.0039062,0.0857143,0.0,0.9960938,0.302381,0.1564626,1.0,9.62911649414402
707.0,0.4738331,0.0,0.2319661,0.1586022,0.8472419,0.0,0.6915254,0.0033898,0.0372881,0.0453074,0.0,1.0,0.1812298,0.0612245,0.0,10.638280388314705
796.0,0.4811558,0.008794,0.1268844,0.1138015,0.8919598,0.0,0.7389831,0.0033898,0.0271186,0.0327869,0.0067797,0.9966102,0.2032787,0.1016949,1.0,10.142543822310387
730.0,0.509589,0.0013699,0.0931507,0.0865922,0.8424658,0.0479452,0.7265306,0.0081633,0.0367347,0.0992647,0.0040816,0.9836735,0.4742647,0.1,0.5,9.635673464721814
4239.0,0.423213,0.0030668,0.3481953,0.1803681,0.6612409,0.007549,0.4833261,0.0051971,0.0744911,0.305355,0.0017324,0.9727155,0.4238869,0.0224949,0.3106796,12.668865967876197
38149.0,0.4966316,0.0460825,0.0399486,0.041556,0.8194448,0.0023854,0.6473214,0.0051113,0.0727226,0.097038,0.046778,0.9375,0.4311503,0.060954,0.3710407,11.01206667357142
661.0,0.4674735,0.0015129,0.322239,0.2130682,0.774584,0.0741301,0.6580882,0.0,0.0257353,0.1052632,0.0,1.0,0.1644737,0.0,0.7142857,9.615805480084347
240.0,0.4833333,0.0,0.2666667,0.2096774,0.8166667,0.0,0.6074766,0.0,0.0186916,0.1507937,0.0,1.0,0.3253968,0.1304348,0.75,9.615805480084347
25408.0,0.4664279,0.0014169,0.3058092,0.154459,0.8156093,0.0174748,0.6671797,0.0043459,0.0401086,0.0505459,0.0008148,0.9759167,0.38812,0.0764163,0.3790323,11.237185138527495
7437.0,0.4741159,0.001748,0.1846175,0.1482997,0.826543,0.0185559,0.6639558,0.0061809,0.0286272,0.0715796,0.0022772,0.9954457,0.320447,0.0725338,0.64,10.335302435967074
337.0,0.4599407,0.0,0.0830861,0.0769231,0.9436202,0.0,0.8468468,0.009009,0.009009,0.0263158,0.0,1.0,0.0350877,0.125,0.0,10.698762529141884
5040.0,0.4378968,0.0015873,0.2468254,0.2135545,0.7704365,0.0450397,0.6097106,0.0060691,0.0312792,0.0919881,0.0009337,0.9962652,0.4082238,0.0582524,0.5,9.961803629358965
96.0,0.5416667,0.0,0.1354167,0.0681818,0.8333333,0.0,0.6363636,0.030303,0.0606061,0.3529412,0.0,1.0,0.6862745,0.5555556,1.0,9.803722464346553
9415.0,0.4847584,0.0053107,0.1380775,0.1131725,0.847265,0.0160382,0.7074482,0.0043022,0.0440979,0.0904867,0.0075289,0.99758,0.39056,0.0463792,0.4468085,10.526775414924009
477.0,0.5471698,0.0,0.1320755,0.0462963,0.9350105,0.0,0.8051948,0.0,0.0064935,0.1444444,0.0,0.9935065,0.2611111,0.2222222,0.0,10.322230781590136
32921.0,0.4806658,0.0011543,0.1144558,0.0618237,0.9557729,0.0049209,0.8669592,0.0013858,0.0127035,0.2150304,0.0009239,0.2104169,0.5642281,0.3568694,0.3441558,9.825580063659602
1470.0,0.4673469,0.0503401,0.237415,0.1711367,0.8489796,0.0,0.6671949,0.0047544,0.0142631,0.1272476,0.0396197,0.9952456,0.253112,0.0577778,1.0,9.615805480084347
4565.0,0.4698795,0.0006572,0.1936473,0.1409091,0.8556407,0.0032859,0.6832164,0.0010793,0.0291419,0.0593909,0.0,0.9956827,0.2746193,0.0657084,0.5769231,10.295563423525277
7572.0,0.4834918,0.0062071,0.1152932,0.0917924,0.8514263,0.006075,0.7060049,0.0024297,0.0610899,0.0428571,0.003471,0.9843804,0.210299,0.0392157,0.5277778,12.193498926601634
1336.0,0.5164671,0.0366766,0.0853293,0.0804954,0.8884731,0.0,0.7631027,0.0083857,0.0566038,0.1482143,0.0314465,0.8909853,0.3535714,0.1458333,1.0,10.5815464756746
1085.0,0.4663594,0.0,0.2930876,0.2037997,0.7751152,0.0801843,0.6643678,0.0045977,0.0206897,0.0543478,0.0,0.9931034,0.2804348,0.0520833,0.5,10.158168529848494
8999.0,0.4946105,0.2256917,0.0317813,0.0386983,0.9159907,0.0,0.8189628,0.007636,0.0435889,0.1173828,0.2122176,0.9525931,0.3948329,0.1031073,0.3409091,10.86477077032911
1328.0,0.4299699,0.002259,0.3057229,0.2351387,0.7710843,0.0903614,0.6634429,0.0038685,0.0154739,0.0734767,0.0038685,0.9980658,0.2258065,0.0588235,0.7777778,10.003378135350923
1514.0,0.5759577,0.0825627,0.0224571,0.0311526,0.2430647,0.7093791,0.6666667,0.0053763,0.0430108,0.0926829,0.0752688,1.0,0.3804878,0.0425532,0.0,10.540090836284206
39806.0,0.4637994,0.4347837,0.1083756,0.1055097,0.7966889,0.0570266,0.6835891,0.0042424,0.0685145,0.0938621,0.3858446,0.9896769,0.3534726,0.1146217,0.4475138,10.534785924769006
536.0,0.4085821,0.1399254,0.1940299,0.1798107,0.8526119,0.0,0.6740088,0.0,0.0176211,0.0809717,0.123348,1.0,0.1821862,0.0769231,1.0,10.196194479235656
18734.0,0.4815843,0.1615779,0.0823102,0.0735173,0.7803459,0.0,0.5883908,0.007177,0.0893981,0.0686056,0.1606648,0.9729287,0.5649115,0.0408163,0.2916667,11.095908894882296
72.0,0.4861111,0.0,0.1388889,0.0810811,0.9166667,0.0,0.7777778,0.0,0.0,0.2894737,0.0,1.0,0.3947368,0.2,0.0,9.615805480084347
1591.0,0.5028284,0.0037712,0.0986801,0.0733249,0.9415462,0.0,0.8515206,0.0017889,0.0143113,0.0460751,0.0035778,0.9946333,0.1569966,0.020202,0.0,10.96648993456911
5359.0,0.4642657,0.0031722,0.2186975,0.1567398,0.7714126,0.0059713,0.5831974,0.0044861,0.0550571,0.3203991,0.0020392,0.9885808,0.4958426,0.0538079,0.3684211,10.843514342086866
3280.0,0.4707317,0.0018293,0.2091463,0.125576,0.8591463,0.0,0.6901099,0.0007326,0.0263736,0.0305398,0.0007326,0.9919414,0.2315341,0.0171306,0.375,11.405351390085748
5019.0,0.4680215,0.048416,0.1962542,0.1561798,0.8129109,0.0516039,0.7079129,0.0,0.0541689,0.0268734,0.0477961,0.992034,0.1550388,0.0532407,0.2307692,11.969090024509446
873.0,0.4421535,0.0870561,0.2268041,0.2094456,0.7709049,0.069874,0.6271676,0.0028902,0.0231214,0.1195929,0.0751445,0.9913295,0.4529262,0.0962963,1.0,9.857495968685136
367.0,0.5286104,0.0,0.1089918,0.0693642,0.9182561,0.0,0.8015873,0.0079365,0.031746,0.0232558,0.0,0.984127,0.1937984,0.1428571,1.0,10.480129006333248
447.0,0.4809843,0.0111857,0.212528,0.1810345,0.852349,0.0,0.6594595,0.0,0.0162162,0.0931373,0.0,0.9945946,0.1862745,0.0789474,0.0,9.952325334619427
109.0,0.5137615,0.0,0.2385321,0.1698113,0.8165138,0.0,0.5909091,0.0,0.0454545,0.2666667,0.0,1.0,0.5166667,0.2857143,1.0,9.615805480084347
299.0,0.5351171,0.0,0.1404682,0.1151079,0.90301,0.0,0.75,0.0,0.0,0.1830986,0.0,1.0,0.3873239,0.0588235,0.0,9.661479683575521
2317.0,0.4531722,0.6508416,0.1437203,0.1444357,0.8636167,0.0215796,0.7084337,0.0048193,0.0240964,0.0879121,0.6072289,0.9951807,0.3230769,0.1360759,0.6153846,10.315630315397533
7372.0,0.4822301,0.0029843,0.1817689,0.1218234,0.8612317,0.0112588,0.706352,0.0038181,0.0253384,0.1773272,0.0038181,0.5300243,0.4169046,0.0889423,0.8474576,10.351405324899678
26265.0,0.4703979,0.0007615,0.1193223,0.1017254,0.8295069,0.0175899,0.679158,0.0051916,0.0470077,0.0706202,0.0008495,0.9924486,0.3695938,0.0379977,0.2894737,10.943781931879723
14121.0,0.4721337,0.0189788,0.1996318,0.1513281,0.8383967,0.015438,0.6690203,0.0035305,0.0270079,0.0641004,0.0132392,0.9745808,0.3039815,0.0920974,0.5882353,10.196194479235656
7431.0,0.5380164,0.0418517,0.0874714,0.0573842,0.3967165,0.0002691,0.2598377,0.0028398,0.1509128,0.0902381,0.0407708,0.9636917,0.8446208,0.003361,0.3870968,13.122367377396328
177.0,0.4576271,0.0,0.2090395,0.2083333,0.8022599,0.0,0.6024096,0.0,0.0120482,0.1170213,0.0,1.0,0.2659574,0.0833333,0.0,9.615805480084347
351.0,0.4700855,0.0,0.1424501,0.1021505,0.9031339,0.0,0.7591241,0.0,0.0072993,0.0680272,0.0,1.0,0.3265306,0.0689655,1.0,9.99884318585288
6928.0,0.4411085,0.0080831,0.1924076,0.1670971,0.8493072,0.0171767,0.7016212,0.0020697,0.0175923,0.0504422,0.0034495,0.9982753,0.2885686,0.0539346,0.2857143,10.428245666832275
1415.0,0.4932862,0.0035336,0.1724382,0.1157601,0.8848057,0.0,0.7575758,0.0016835,0.030303,0.1610169,0.003367,0.9983165,0.5070621,0.0984848,0.5294118,10.39821428171237
6656.0,0.4960938,0.0214844,0.0857873,0.0623137,0.8457031,0.0,0.6800618,0.0054096,0.0664606,0.055819,0.0200927,0.9764297,0.3367384,0.049373,0.0,11.225256725762893
192.0,0.5208333,0.0,0.15625,0.1086957,0.8541667,0.0,0.6533333,0.0,0.0266667,0.2788462,0.0,1.0,0.2884615,0.1052632,1.0,9.615805480084347
8926.0,0.4864441,0.024311,0.1071028,0.0826789,0.8350885,0.0039211,0.6945357,0.0086593,0.0991341,0.0722992,0.0253807,0.8510003,0.3720222,0.0876945,0.475,10.887455624298198
328.0,0.472561,0.0,0.1463415,0.1213873,0.8993902,0.0,0.7559055,0.0,0.015748,0.0378788,0.0,0.9527559,0.1893939,0.1875,1.0,10.229223792606835
4040.0,0.4861386,0.0121287,0.114604,0.0900771,0.8584158,0.0,0.7031756,0.007129,0.0557356,0.0457638,0.0110175,0.9837978,0.270872,0.0619137,0.4,10.889323003601277
2648.0,0.483006,0.0,0.102719,0.0971512,0.8738671,0.0,0.7179752,0.0061983,0.0485537,0.0491159,0.0,0.9896694,0.3811395,0.1016393,0.375,10.645448706505872
16366.0,0.5024441,0.0088598,0.043016,0.0283679,0.9312599,0.0043994,0.8422673,0.0014488,0.0302427,0.0669145,0.0079681,0.9954727,0.0738425,0.037594,0.2780488,11.869207331664223
208.0,0.4807692,0.0,0.1923077,0.1481481,0.8942308,0.0,0.75,0.0,0.0,0.1619048,0.0,1.0,0.3333333,0.0384615,1.0,9.615805480084347
795.0,0.4654088,0.0641509,0.1559748,0.1294118,0.872956,0.0,0.7177177,0.003003,0.009009,0.0724234,0.0510511,0.996997,0.3119777,0.0666667,0.7777778,10.370392636243981
2067.0,0.4707305,0.0048379,0.1562651,0.1179159,0.8688921,0.0082245,0.716285,0.0076336,0.0305344,0.0665083,0.0025445,0.9872774,0.3539192,0.0852459,0.5,10.540090836284206
831.0,0.4741276,0.0012034,0.1275572,0.1075515,0.8736462,0.0,0.7188498,0.0127796,0.0319489,0.0486322,0.0031949,0.9904153,0.212766,0.125,0.6666667,10.188704088048116
20121.0,0.4550967,0.9280354,0.1411958,0.1320686,0.7686994,0.0243527,0.5423877,0.0041081,0.0405826,0.1232264,0.9133574,0.9929043,0.3980572,0.0929709,0.7682927,9.615805480084347
11973.0,0.4678861,0.0418441,0.3407667,0.1502119,0.8559258,0.0090203,0.7330059,0.0043222,0.0379175,0.2198038,0.0373281,0.9825147,0.3099326,0.1502058,0.3181818,10.76004951120163
161.0,0.5403727,0.1118012,0.1490683,0.0945946,0.9378882,0.0124224,0.875,0.0,0.0,0.0724638,0.09375,1.0,0.2318841,0.0714286,0.0,10.589131655274922
42355.0,0.5106363,0.005265,0.0422382,0.0440971,0.9455318,0.0129619,0.875595,0.0053007,0.0318044,0.0316363,0.0053007,0.2015361,0.8063063,0.4898073,0.3548387,11.751950239425476
1256.0,0.5023885,0.0055732,0.0907643,0.0656,0.8917197,0.0007962,0.7444934,0.0044053,0.030837,0.1921708,0.0066079,0.8722467,0.4537367,0.1589404,0.1666667,10.650199196425806
10850.0,0.4658986,0.0064516,0.1617512,0.132528,0.8092166,0.0252535,0.6471556,0.0061119,0.0566526,0.0468295,0.0058768,0.9960038,0.3163791,0.0633923,0.6060606,10.661977618146238
3352.0,0.4788186,0.0164081,0.1870525,0.1064682,0.8926014,0.0355012,0.8228176,0.0017286,0.0250648,0.0326087,0.0138289,0.9956785,0.0852843,0.1326531,0.5625,11.788289480716973
4822.0,0.4467026,0.210701,0.2534218,0.2113943,0.8170883,0.0481128,0.6782884,0.0042261,0.0137348,0.1154206,0.1838352,0.9862652,0.3602804,0.1307087,0.7045455,10.315630315397533
246.0,0.4634146,0.0,0.2601626,0.1666667,0.8617886,0.0,0.6915888,0.0,0.0093458,0.1229508,0.0,1.0,0.2377049,0.04,0.75,9.674137279312397
1066.0,0.5365854,0.0,0.0384615,0.048583,0.7992495,0.0103189,0.6580977,0.0102828,0.1388175,0.1036866,0.0,0.5578406,0.4930876,0.0714286,0.5,11.255462171102444
332.0,0.5150602,0.0,0.0873494,0.0496894,0.9487952,0.0,0.8440367,0.0,0.0,0.0916667,0.0,1.0,0.15,0.2941176,0.0,10.416341118636355
21603.0,0.4933111,0.3562005,0.0275888,0.0332542,0.9110772,0.0013424,0.8030384,0.0037313,0.0402452,0.0663183,0.3407516,0.9406983,0.3729003,0.0992638,0.4090909,10.84546552414626
535.0,0.4897196,0.0074766,0.128972,0.0805861,0.917757,0.0,0.8166667,0.0111111,0.0388889,0.0322581,0.0055556,0.9944444,0.1397849,0.3170732,0.0,10.422311107413181
11666.0,0.4747986,0.0181725,0.1427224,0.1150645,0.8583062,0.0149151,0.7191084,0.0038953,0.0328933,0.0532678,0.0199091,0.9974032,0.3052653,0.0814549,0.4444444,10.5815464756746
627.0,0.4976077,0.0,0.1626794,0.1047619,0.84689,0.0350877,0.7393162,0.008547,0.034188,0.1102662,0.0,1.0,0.3231939,0.0,0.5,9.692828247710418
336.0,0.4732143,0.0,0.125,0.1412429,0.8869048,0.0,0.6885246,0.0,0.0,0.1468531,0.0,1.0,0.3146853,0.1176471,0.8333333,9.615805480084347
4271.0,0.4909857,0.0271599,0.1397799,0.1071757,0.824163,0.0196675,0.6697248,0.0034404,0.0452982,0.0683761,0.0269495,0.9684633,0.4524573,0.0704042,0.4210526,11.095908894882296
2388.0,0.5376884,0.0129816,0.1155779,0.0452899,0.7508375,0.0125628,0.6141038,0.006856,0.1420176,0.1877486,0.0117532,0.8863859,0.6483691,0.0526316,0.2222222,11.457423325808623
1701.0,0.4814815,0.4650206,0.1416814,0.1043084,0.8894768,0.0094062,0.7583026,0.0055351,0.0571956,0.076661,0.4132841,0.9797048,0.1499148,0.2881356,1.0,10.526775414924009
2699.0,0.5879956,0.025565,0.0626158,0.073741,0.6446832,0.1893294,0.6049661,0.0079007,0.0880361,0.1227723,0.006772,0.993228,0.5356436,0.0665236,0.7142857,11.233224789593368
1848.0,0.5005411,0.0021645,0.1222944,0.0975081,0.9042208,0.0,0.7650514,0.0,0.0234949,0.0435393,0.0014684,0.9970631,0.2893258,0.08125,0.3333333,10.494075844768336
62.0,0.5,0.0,0.0967742,0.0645161,0.8548387,0.0,0.6666667,0.0,0.0416667,0.4285714,0.0,1.0,0.5952381,0.1666667,1.0,11.330215832884798
12983.0,0.4667642,0.0331973,0.1806208,0.148635,0.8279288,0.0326581,0.6882249,0.0033419,0.0357775,0.0569151,0.0314527,0.9974445,0.3077494,0.0942063,0.4259259,10.298935994257638
126.0,0.515873,0.0,0.1269841,0.1147541,0.8888889,0.0,0.7272727,0.0,0.0454545,0.0833333,0.0,1.0,0.25,0.0,0.0,9.615805480084347
4321.0,0.4566073,0.1858366,0.239065,0.2052811,0.8197177,0.0386485,0.6678466,0.0017699,0.020059,0.1153445,0.1663717,0.960472,0.3350731,0.109462,0.4791667,10.118639253920785
1940.0,0.4365979,0.5479381,0.206701,0.1747484,0.8742268,0.0,0.6983095,0.0,0.0156047,0.0633374,0.4811443,1.0,0.2789281,0.1065292,0.5555556,10.354595018522993
1175.0,0.4748936,0.0,0.1514894,0.082658,0.9242553,0.0,0.8090452,0.0,0.0301508,0.0339806,0.0,0.9773869,0.2378641,0.2477876,0.8333333,10.416341118636355
1457.0,0.487989,0.1688401,0.1523679,0.1233244,0.8544955,0.0157859,0.7037037,0.0035273,0.031746,0.1356707,0.1746032,0.989418,0.3246951,0.1544715,0.5333333,10.114599007626499
2588.0,0.4656105,0.0042504,0.1931994,0.1344902,0.7832303,0.005796,0.6087704,0.0034394,0.0670679,0.0718276,0.0042992,0.9819433,0.3375898,0.0191489,0.5769231,11.994740316298905
871.0,0.4443169,0.2353617,0.216992,0.2272727,0.7324914,0.1802526,0.7698413,0.015873,0.047619,0.1571906,0.25,0.984127,0.5785953,0.1532258,0.5,10.573903321093981
29268.0,0.480354,0.0080292,0.1401189,0.1063844,0.8319667,0.0062526,0.6618325,0.0039242,0.0540863,0.0613389,0.0073366,0.9871182,0.4170404,0.0540847,0.1910112,11.547336553476635
425.0,0.5176471,0.0,0.0988235,0.0731707,0.92,0.0,0.8,0.0071429,0.0285714,0.0410959,0.0,0.9571429,0.1575342,0.1935484,0.5,10.298935994257638
144.0,0.4027778,0.0,0.2361111,0.127907,0.9027778,0.0,0.75,0.0,0.0,0.1384615,0.0,1.0,0.0923077,0.0,0.0,9.615805480084347
605.0,0.4975207,0.0,0.0793388,0.0427632,0.9471074,0.0,0.856383,0.0,0.0265957,0.0105263,0.0,0.9946809,0.0736842,0.2142857,0.0,10.934908916663861
4760.0,0.4569328,0.194958,0.1644958,0.1512573,0.6869748,0.2159664,0.7207749,0.002004,0.0247161,0.064375,0.1903808,0.995324,0.300625,0.087037,0.5,10.30229722897745
306.0,0.4575163,0.0,0.1862745,0.1385542,0.8823529,0.0,0.7286822,0.0,0.0077519,0.0152672,0.0,1.0,0.2519084,0.0,0.0,10.454523783963511
5524.0,0.4572773,0.0094135,0.2255612,0.2091394,0.8242216,0.0313179,0.6678652,0.0035955,0.018427,0.1362578,0.0089888,0.9950562,0.2643634,0.0813333,0.739726,9.814710982145282
3457.0,0.4937807,0.0274805,0.1402951,0.0628571,0.6042812,0.096037,0.5456554,0.0029455,0.1539028,0.0463483,0.0220913,0.9756996,0.3525281,0.0363951,0.4666667,12.022756594390605
11087.0,0.5067196,0.0462704,0.1011996,0.0735052,0.8370163,0.0018941,0.6823907,0.0050378,0.0716739,0.0988444,0.0393863,0.9157316,0.540033,0.1052083,0.3333333,11.046132675457146
2125.0,0.4912941,0.0117647,0.1096471,0.0841813,0.8912941,0.0,0.7535302,0.0064185,0.0372272,0.0534629,0.0089859,0.9807445,0.2855407,0.0823045,0.2142857,11.484536278461452
2150.0,0.4762791,0.0455814,0.1604651,0.1642984,0.8446512,0.0395349,0.728223,0.0023229,0.010453,0.0631121,0.0418118,0.9976771,0.3264418,0.0252366,0.6,10.389026137075234
1877.0,0.4949387,0.0085242,0.1289291,0.0886076,0.9211508,0.0058604,0.8187702,0.0016181,0.0323625,0.0206022,0.0097087,0.6779935,0.2900158,0.2613636,0.0,10.959557617938563
2465.0,0.5006085,0.2073022,0.0352941,0.0300569,0.9647059,0.0,0.9035533,0.0,0.0126904,0.1185682,0.2043147,0.9428934,0.2449664,0.1336996,0.25,10.805699643800724
1814.0,0.4762955,0.0011025,0.2287762,0.1557895,0.8357222,0.0275634,0.6802721,0.0013605,0.0136054,0.1443539,0.0,0.9972789,0.2945285,0.0935252,0.9047619,9.615805480084347
908.0,0.4713656,0.0011013,0.2312775,0.1583333,0.8248899,0.0,0.6339066,0.002457,0.02457,0.1035242,0.002457,0.992629,0.3193833,0.0691824,0.6666667,10.199918739620157
326.0,0.4355828,0.0,0.196319,0.1793478,0.8404908,0.0,0.6546763,0.0071942,0.0143885,0.0915033,0.0,1.0,0.503268,0.1029412,0.0,10.030164255362632
8388.0,0.4833095,0.1727468,0.0953743,0.0812183,0.8750596,0.0,0.7278521,0.0050988,0.0509879,0.0266749,0.1714468,0.9824729,0.3325062,0.0466179,0.25,11.48350695288756
592.0,0.4662162,0.0472973,0.2483108,0.2246835,0.8226351,0.0320946,0.6639676,0.0,0.0121457,0.0783582,0.0404858,0.9919028,0.2947761,0.1136364,1.0,10.047631185616188
2522.0,0.498414,0.0071372,0.0495638,0.0324111,0.9583664,0.0,0.8921933,0.0037175,0.0173482,0.0702765,0.0049566,0.9888476,0.0956221,0.1717172,0.5862069,10.905974329106854
739.0,0.5331529,0.0013532,0.1285521,0.0869565,0.864682,0.0,0.7421603,0.010453,0.0522648,0.1458333,0.0,0.9860627,0.2529762,0.1621622,0.0,10.499600568082863
1988.0,0.4763581,0.0,0.1096579,0.092219,0.8832998,0.0,0.7260813,0.0026212,0.0222805,0.1034078,0.0,0.9986894,0.3266745,0.0762332,0.6666667,10.537441898283253
78380.0,0.4692013,0.0970528,0.1664328,0.1228247,0.7875351,0.0225185,0.610292,0.006337,0.0635927,0.0838196,0.0831131,0.8738337,0.3532501,0.0972262,0.4854111,10.221977646629885
289.0,0.4844291,0.16609,0.2076125,0.1409396,0.8927336,0.0,0.7387387,0.0,0.009009,0.1956522,0.0900901,0.990991,0.1376812,0.0,0.0,10.060534035475412
1244.0,0.4654341,0.0064309,0.1680064,0.1609023,0.8641479,0.0,0.6911197,0.0,0.0173745,0.0782918,0.003861,0.9942085,0.2669039,0.0909091,0.7692308,10.268165387743457
598.0,0.4565217,0.0,0.2023411,0.1569231,0.8461538,0.0,0.6626984,0.0,0.0277778,0.1095406,0.0,0.9920635,0.2756184,0.0980392,1.0,9.69898173460629
6282.0,0.4614772,0.3148679,0.1630054,0.1356784,0.882999,0.0154409,0.7483165,0.0016835,0.0096801,0.0608696,0.2933502,0.996633,0.2695652,0.1138686,0.5172414,10.389026137075234
597.0,0.4840871,0.0,0.159129,0.1168831,0.8894472,0.0,0.7543103,0.012931,0.0215517,0.0866142,0.0,0.9913793,0.3464567,0.1794872,0.0,9.76428295481558
2860.0,0.4835664,0.1674825,0.0681818,0.0616114,0.756993,0.0398601,0.5896382,0.0024671,0.0608553,0.1032448,0.1241776,0.9909539,0.6268437,0.0306834,0.25,10.664316745782925
4882.0,0.4854568,0.0032773,0.0628841,0.0457803,0.9039328,0.0,0.7923434,0.0063805,0.0493039,0.018782,0.0023202,0.9924594,0.187251,0.0565302,0.625,11.05881093278828
169.0,0.4497041,0.0,0.2426036,0.1290323,0.852071,0.0,0.6933333,0.0,0.0266667,0.0740741,0.0,1.0,0.1111111,0.0,0.3333333,9.615805480084347
188.0,0.4946809,0.0,0.2553191,0.0947368,0.9095745,0.0,0.7848101,0.0,0.0,0.300885,0.0,1.0,0.5221239,0.0,1.0,9.770013301136158
88.0,0.5454545,0.0,0.0909091,0.125,0.8295455,0.0,0.6315789,0.0,0.0263158,0.0952381,0.0,1.0,0.2380952,0.0,0.0,9.615805480084347
416.0,0.4879808,0.0,0.1442308,0.084507,0.9302885,0.0,0.8368794,0.0070922,0.0212766,0.0723684,0.0,1.0,0.1776316,0.3043478,0.5,9.741027444837728
4255.0,0.4918919,0.0030552,0.0688602,0.0541166,0.9555817,0.0251469,0.9464594,0.0017271,0.0112263,0.0186441,0.0034542,0.992228,0.0127119,0.25,0.5384615,12.115606215804869
355.0,0.4591549,0.0,0.171831,0.0989583,0.7887324,0.0,0.607362,0.0,0.0552147,0.3319672,0.0,1.0,0.3155738,0.0508475,1.0,10.666650414667744
41259.0,0.5027752,0.0185414,0.0721782,0.0576651,0.884195,0.0064956,0.7758247,0.0051612,0.0775675,0.0265055,0.017952,0.8298302,0.322435,0.1932918,0.2419355,12.208574513247495
8665.0,0.5001731,0.009925,0.0993653,0.0641884,0.8934795,0.0081939,0.7921314,0.0052664,0.0483271,0.0182482,0.0099133,0.9969021,0.2284063,0.0441899,0.4285714,11.104972264124868
406.0,0.4827586,0.0,0.2019704,0.152381,0.8596059,0.0,0.6826347,0.005988,0.0179641,0.1021505,0.0,1.0,0.2365591,0.075,0.4,10.094149233605084
865.0,0.4751445,0.3722543,0.0947977,0.0638767,0.9202312,0.0,0.815047,0.0031348,0.0250784,0.0391566,0.322884,1.0,0.0963855,0.0487805,0.875,10.93133754807084
47669.0,0.5018775,0.1069458,0.0624095,0.0593809,0.9085989,0.0075521,0.7714154,0.006465,0.0526437,0.0534023,0.1304549,0.5476026,0.6868716,0.3168224,0.1521739,11.666513129191083
1331.0,0.4755823,0.0135237,0.1577761,0.1246418,0.8384673,0.0,0.664311,0.0053004,0.0353357,0.0487395,0.0088339,0.9770318,0.2605042,0.0794393,1.0,11.336200219573199
9183.0,0.4754438,0.1222912,0.1230535,0.1162549,0.8640967,0.0239573,0.7319392,0.0031686,0.0415082,0.0380981,0.1080482,0.856147,0.4126791,0.0944602,0.1904762,11.798111925972618
35.0,0.5142857,0.0,0.3142857,0.0588235,0.9428571,0.0,0.875,0.0,0.0,0.1578947,0.0,1.0,0.2105263,0.0,0.0,10.795506083434564
667.0,0.5322339,0.0014993,0.0494753,0.025641,0.9055472,0.0,0.7541667,0.0,0.0166667,0.1724138,0.0041667,0.9625,0.4827586,0.1881188,0.0,9.985113621416073
4559.0,0.5764422,0.0326826,0.028515,0.0305541,0.1206405,0.7685896,0.3921971,0.0020534,0.2032854,0.1080586,0.0020534,0.9917864,0.4413919,0.0482759,0.5,10.925956465688445
81.0,0.5308642,0.0,0.308642,0.2105263,0.8641975,0.0,0.6857143,0.0,0.0,0.2222222,0.0,1.0,0.3555556,0.0,0.0,9.615805480084347
449.0,0.4877506,0.0111359,0.2138085,0.1217391,0.8285078,0.0,0.6770833,0.0,0.0572917,0.1192661,0.0052083,0.984375,0.3165138,0.1,0.0,10.392098241730961
346.0,0.4566474,0.0,0.1358382,0.0904255,0.8728324,0.0,0.7251908,0.0076336,0.0534351,0.0642857,0.0,0.9770992,0.45,0.2258065,0.0,10.379752786950895
547.0,0.4899452,0.0,0.2431444,0.1899642,0.8117002,0.0054845,0.6239669,0.0082645,0.0330579,0.2666667,0.0,0.9834711,0.2878788,0.18,0.9473684,9.615805480084347
378.0,0.494709,0.0,0.0846561,0.052356,0.9470899,0.0,0.85,0.0,0.0083333,0.0,0.0,1.0,0.0833333,0.0,0.0,10.883710371704016
5674.0,0.4487134,0.0179767,0.1954529,0.1748721,0.8098343,0.0165668,0.6259958,0.0020964,0.0343816,0.0996602,0.0150943,0.9974843,0.3710834,0.0641953,0.8163265,10.110542371500753
234.0,0.474359,0.2735043,0.3162393,0.2601626,0.6794872,0.2094017,0.7162162,0.0135135,0.027027,0.1294118,0.1891892,1.0,0.2117647,0.0,1.0,9.615805480084347
625.0,0.4848,0.0,0.1408,0.1397516,0.8928,0.0,0.721519,0.0,0.0042194,0.1413043,0.0,0.9915612,0.3804348,0.1914894,1.0,9.615805480084347
669.0,0.4738416,0.0,0.2585949,0.1875,0.8236173,0.0,0.6348684,0.0,0.0230263,0.160221,0.0,1.0,0.3535912,0.05,1.0,9.61587214452889
452.0,0.4734513,0.0,0.3119469,0.2394958,0.7323009,0.130531,0.6832298,0.0124224,0.0372671,0.0903955,0.0,1.0,0.2937853,0.1818182,0.0,9.77571099759397
1982.0,0.4672048,0.0,0.2184662,0.1647727,0.8385469,0.0292634,0.6988564,0.0038119,0.0241423,0.0686391,0.0,0.9974587,0.2142012,0.0994475,0.8,10.278527816830314
538.0,0.4776952,0.0,0.1468401,0.1174377,0.8884758,0.0,0.747619,0.0095238,0.0142857,0.0625,0.0,1.0,0.2321429,0.1346154,0.0,10.142543822310387
5716.0,0.4879286,0.009972,0.1581526,0.1137684,0.8070329,0.0038488,0.6308186,0.0044141,0.0545746,0.0400616,0.0096308,0.9743178,0.4449153,0.0250991,0.5,11.562677071567636
583.0,0.4854202,0.0051458,0.1337907,0.1133333,0.9193825,0.0,0.7540107,0.0053476,0.0053476,0.2076271,0.0053476,0.6363636,0.4449153,0.1372549,1.0,9.615805480084347
1255.0,0.5099602,0.012749,0.0557769,0.0504065,0.9195219,0.0,0.8009828,0.002457,0.041769,0.397929,0.007371,0.8845209,0.3565089,0.1848739,0.8,10.738589920723442
2447.0,0.4760932,0.002452,0.1540662,0.1014041,0.8667756,0.0,0.7106599,0.0040609,0.0294416,0.039961,0.0020305,0.9918782,0.3645224,0.0481928,0.625,10.480129006333248
51.0,0.4901961,0.0,0.0392157,0.0769231,0.8039216,0.0,0.6315789,0.0,0.1578947,0.2962963,0.0,1.0,0.9259259,0.1428571,0.0,9.615805480084347
454.0,0.4317181,0.0022026,0.2577093,0.1627907,0.8303965,0.0,0.6600985,0.0049261,0.0344828,0.1541667,0.0,0.9901478,0.2208333,0.1162791,0.75,9.615805480084347
29201.0,0.4712167,0.02428,0.1771172,0.1258338,0.8272662,0.0256156,0.680552,0.0048856,0.0391703,0.0728703,0.0199709,0.9956287,0.2995073,0.0566857,0.4892086,10.142543822310387
1249.0,0.4859888,0.0208167,0.1168935,0.1105919,0.8903122,0.0,0.7494737,0.0063158,0.0252632,0.0865385,0.0189474,0.9936842,0.4923077,0.0748663,0.2,9.820160289946374
14796.0,0.518113,0.0182482,0.0715734,0.069986,0.8686807,0.0209516,0.7495701,0.0081685,0.0674979,0.0461349,0.0184867,0.788908,0.400041,0.1638225,0.4,11.296024885689746
2248.0,0.4911032,0.0097865,0.0787367,0.0585664,0.9372776,0.0044484,0.8551913,0.0013661,0.0259563,0.0226969,0.010929,0.9972678,0.1041389,0.137931,0.6666667,11.046132675457146
998.0,0.4859719,0.0,0.0931864,0.0682261,0.9318637,0.0,0.8354037,0.0093168,0.0217391,0.0747126,0.0,0.9968944,0.1149425,0.1304348,0.75,10.526775414924009
150.0,0.4933333,0.0,0.2333333,0.1184211,0.9266667,0.0,0.8113208,0.0,0.0188679,0.0363636,0.0,1.0,0.1636364,0.3333333,1.0,10.207325906555994
258.0,0.4689922,0.0,0.251938,0.1532847,0.8682171,0.0,0.7142857,0.0,0.0178571,0.0894309,0.0,1.0,0.3089431,0.1290323,0.0,10.534785924769006
169.0,0.5207101,0.0,0.183432,0.1975309,0.8639053,0.0,0.6764706,0.0,0.0147059,0.2272727,0.0,1.0,0.3409091,0.1428571,0.0,9.615805480084347
11812.0,0.508466,0.0302235,0.032086,0.0260076,0.8933288,0.0,0.7750496,0.0057044,0.0696925,0.0134573,0.0406746,0.9583333,0.5691216,0.0590219,0.125,12.34496899599742
690.0,0.4826087,0.0057971,0.1304348,0.0672269,0.8811594,0.026087,0.7926829,0.0081301,0.0365854,0.0501931,0.004065,0.9715447,0.2200772,0.1515152,0.6666667,10.328787967145063
4351.0,0.4624224,0.0089635,0.1903011,0.1722959,0.8306137,0.0190761,0.665923,0.0039041,0.0245399,0.1030515,0.0089236,0.9944228,0.3371686,0.0907534,0.7096774,9.83097062169695
2637.0,0.4762988,0.0,0.1626849,0.1288921,0.8737201,0.0,0.711301,0.0037987,0.0218424,0.0418562,0.0,0.9924027,0.2192903,0.0457516,0.6,10.74507628970625
514.0,0.4533074,0.0038911,0.4319066,0.1209964,0.922179,0.0,0.8340611,0.0,0.0087336,0.0984252,0.0043668,1.0,0.0826772,0.1304348,0.5625,11.397525836740476
2618.0,0.4896868,0.0064935,0.1741788,0.1152695,0.789534,0.0187166,0.6456621,0.0045662,0.0803653,0.0957886,0.0063927,0.9926941,0.2725021,0.0705596,0.8157895,11.786008995353765
553.0,0.4647378,0.0090416,0.2531646,0.2297297,0.7974684,0.0,0.5941423,0.0041841,0.0502092,0.108209,0.0,1.0,0.4291045,0.0684932,0.5,9.952325334619427
15051.0,0.4833566,0.0279716,0.0704272,0.0509259,0.8460567,0.0001993,0.6926522,0.0029856,0.0673412,0.0961019,0.0278653,0.9137502,0.3163418,0.0319091,0.3433962,11.353941456740479
222.0,0.4864865,0.0135135,0.1756757,0.1315789,0.8333333,0.0,0.7058824,0.0235294,0.1058824,0.2608696,0.0,1.0,0.3130435,0.0,0.0,9.615805480084347
1252.0,0.5031949,0.0,0.1309904,0.0771704,0.8873802,0.0039936,0.7368421,0.0045767,0.0343249,0.0179775,0.0,1.0,0.2,0.0754717,1.0,10.682835364853922
958.0,0.4812109,0.0219207,0.1837161,0.1307847,0.8674322,0.0,0.7066327,0.005102,0.0229592,0.0819672,0.0306122,0.997449,0.4192037,0.0638298,0.0,9.985113621416073
2276.0,0.4956063,0.2407733,0.0891916,0.0923345,0.9297012,0.0,0.8167282,0.0,0.0135301,0.0579374,0.2066421,0.99631,0.2294322,0.1339713,0.1111111,10.7706090484022
1029.0,0.4382896,0.414966,0.2585034,0.2318339,0.8202138,0.0,0.6171171,0.009009,0.018018,0.1808118,0.3716216,0.9932432,0.3708487,0.1515152,1.0,9.692828247710418
916.0,0.5032751,0.0,0.1943231,0.0879121,0.8919214,0.0,0.7409471,0.0,0.0167131,0.0841837,0.0,0.9972145,0.255102,0.0808081,0.5,9.862717639992917
156.0,0.5064103,0.0,0.3910256,0.2597403,0.6666667,0.1410256,0.5555556,0.0,0.031746,0.0735294,0.0,1.0,0.2941176,0.1176471,0.0,9.933094897288786
611.0,0.4828151,0.1162029,0.1636661,0.1487342,0.8723404,0.0,0.7,0.0086957,0.026087,0.1353383,0.1130435,0.9782609,0.3157895,0.1285714,0.0,9.913487387114461
297.0,0.5016835,0.0,0.1346801,0.1216216,0.9057239,0.0,0.77,0.01,0.03,0.0825688,0.0,0.97,0.1559633,0.3809524,0.5,9.918425424900335
418.0,0.507177,0.0023923,0.1315789,0.1116505,0.9019139,0.0,0.76,0.0066667,0.02,0.068323,0.0,1.0,0.242236,0.0888889,0.5,10.370392636243981
369.0,0.4661247,0.4661247,0.1409214,0.1269036,0.9051491,0.0,0.7480916,0.0,0.0152672,0.1381579,0.3969466,1.0,0.2828947,0.1818182,0.8333333,10.021315031649332
4288.0,0.4785448,0.0132929,0.1760728,0.1113596,0.8684701,0.0522388,0.8015821,0.0006592,0.0164799,0.0778116,0.0112063,0.9841793,0.0382979,0.0769231,0.6969697,12.691583538230217
2901.0,0.4794898,0.0027577,0.1992416,0.1589404,0.8021372,0.0265426,0.644714,0.0103986,0.05026,0.0826709,0.0017331,0.9818024,0.3489666,0.1118881,0.4,10.114599007626499
1015.0,0.4394089,0.3812808,0.2059113,0.1564148,0.8669951,0.0,0.6809524,0.0,0.002381,0.0666667,0.3190476,1.0,0.3444444,0.0629371,1.0,10.098272780745283
1584.0,0.477904,0.0037879,0.1268939,0.1185006,0.8705808,0.0,0.6996753,0.0064935,0.0243506,0.0666667,0.0048701,1.0,0.2121212,0.0877193,0.5714286,10.440010162389305
1073.0,0.4818267,0.0018639,0.2003728,0.1618705,0.862069,0.0,0.6964286,0.0044643,0.015625,0.0508475,0.0022321,0.9955357,0.3262712,0.1056911,0.5,9.846970109700957
9322.0,0.4954945,0.0276765,0.1063077,0.0837763,0.9003433,0.0167346,0.7756949,0.0035553,0.0190692,0.1637838,0.0248869,0.6703297,0.3802703,0.17375,0.7961165,10.060534035475412
1818.0,0.4537954,0.0022002,0.2964796,0.121853,0.7871287,0.0165017,0.6384248,0.0011933,0.0572792,0.5511516,0.0011933,0.9976134,0.185324,0.0481283,0.0,11.958258512632908
1499.0,0.4929953,0.0046698,0.1474316,0.0986842,0.9246164,0.0,0.8108108,0.0,0.023166,0.2291667,0.003861,0.9980695,0.1800595,0.04,0.4347826,11.927026509139932
7111.0,0.4767262,0.0097033,0.1472367,0.1163666,0.8543102,0.0002813,0.673826,0.0040044,0.0371314,0.0313822,0.010557,0.9934474,0.2919605,0.0817996,0.2727273,11.227919807721856
4928.0,0.4541396,0.0393669,0.2589286,0.1951673,0.8240666,0.0093344,0.6484375,0.0013787,0.0174632,0.1004547,0.035386,0.9931066,0.3356759,0.0474308,0.8974359,10.199918739620157
1253.0,0.4724661,0.0031923,0.0925778,0.086233,0.9305666,0.0,0.8248337,0.0066519,0.0088692,0.1225681,0.0022173,0.9955654,0.233463,0.140625,0.4090909,10.468829770273567
530.0,0.4792453,0.0,0.1509434,0.1195652,0.8698113,0.0,0.7156398,0.0094787,0.0379147,0.0622222,0.0,1.0,0.2933333,0.0508475,0.0,10.766398604507042
11472.0,0.4747211,0.1671897,0.1692817,0.1453701,0.8570432,0.0282427,0.714044,0.0033841,0.0244138,0.1248149,0.1648538,0.7841431,0.375714,0.15,0.7364341,10.32551474894327
51464.0,0.4832116,0.0253381,0.0930942,0.0695969,0.8277048,0.0542321,0.7396736,0.0015757,0.0546989,0.0461621,0.022341,0.9853123,0.2084809,0.0671972,0.195122,11.65789988570203
14898.0,0.4969123,0.032152,0.1235736,0.08499,0.9022688,0.0183917,0.8078925,0.0034692,0.0500867,0.0205989,0.0305724,0.6736774,0.2444256,0.2715084,0.24,12.027549864243364
73.0,0.5342466,0.0,0.0547945,0.0,0.9178082,0.0,0.84,0.04,0.04,0.1935484,0.0,1.0,0.1290323,0.2352941,0.0,11.83138646878959
706.0,0.48017,0.0580737,0.1997167,0.1498638,0.8626062,0.0,0.6881356,0.0,0.0169492,0.1060606,0.0542373,0.9932203,0.2575758,0.1521739,0.25,10.184937747111391
572.0,0.4475524,0.4458042,0.1958042,0.1772152,0.8671329,0.0,0.6801802,0.0045045,0.018018,0.0472103,0.3468468,1.0,0.3261803,0.2051282,1.0,10.007892611890918
83.0,0.5542169,0.0,0.0963855,0.0810811,0.8915663,0.0,0.6896552,0.0,0.0,0.09375,0.0,0.9655172,0.25,0.3333333,0.0,9.615805480084347
561.0,0.4777184,0.0,0.2762923,0.1706485,0.8467023,0.0,0.654321,0.0,0.0082305,0.162069,0.0,1.0,0.2482759,0.0701754,0.6666667,9.615805480084347
160.0,0.5625,0.01875,0.15,0.0857143,0.88125,0.0,0.7258065,0.0,0.0322581,0.1621622,0.0,1.0,0.3648649,0.1875,0.0,9.615805480084347
838.0,0.4618138,0.0011933,0.2112172,0.1175166,0.8639618,0.0,0.7062315,0.0029674,0.0385757,0.117801,0.0,0.9970326,0.2879581,0.0857143,0.5555556,10.623787731088578
1795.0,0.4662953,0.0072423,0.221727,0.1784969,0.8139276,0.0707521,0.7075038,0.0,0.0245023,0.0224551,0.0015314,0.9969372,0.3323353,0.0348259,0.2,11.372524818667134
824.0,0.4878641,0.0048544,0.1298544,0.0947867,0.8373786,0.0,0.6596386,0.0090361,0.0361446,0.0348837,0.003012,1.0,0.2994186,0.039604,0.6666667,10.518700218288165
29491.0,0.4638364,0.9366586,0.0569326,0.075955,0.9144824,0.0128853,0.8127232,0.00625,0.0351562,0.0610919,0.9149554,0.9950893,0.2249817,0.1754148,0.2877698,10.809748150372926
456.0,0.4736842,0.0,0.1688596,0.1291667,0.8837719,0.0,0.7314286,0.0057143,0.0114286,0.0837696,0.0,1.0,0.3141361,0.1333333,0.25,9.770013301136158
22936.0,0.4974712,0.0180066,0.0656174,0.0537914,0.9531304,0.001744,0.8847692,0.0035385,0.0284615,0.074206,0.0133846,0.936,0.1204957,0.2621544,0.4782609,11.5730888039415
18150.0,0.4852342,0.023416,0.070303,0.0658247,0.8840771,0.0148209,0.7622399,0.0053183,0.0375411,0.06726,0.0183013,0.982168,0.3044937,0.1521411,0.2659574,10.774801838762809
2253.0,0.5117621,0.0008877,0.2166001,0.0936364,0.8411008,0.0048824,0.711501,0.0048733,0.039961,0.7667121,0.0,0.9912281,0.5006821,0.0614035,0.4102564,11.015361515187424
6018.0,0.4877036,0.0054835,0.1565304,0.1167694,0.8909937,0.0302426,0.7808219,0.0010147,0.0202943,0.1049046,0.007103,0.4556063,0.4232516,0.1955307,0.8,10.05195066017375
1665.0,0.4798799,0.0,0.248048,0.1882217,0.803003,0.0576577,0.6807512,0.0031299,0.0344288,0.0519288,0.0,0.9984351,0.2448071,0.0638298,0.8,10.460270761075149
882.0,0.4773243,0.0,0.1099773,0.0867679,0.9013605,0.0,0.7663551,0.0031153,0.0311526,0.0389222,0.0,0.9937695,0.245509,0.1463415,1.0,9.928228944424575
198.0,0.5353535,0.0,0.1818182,0.1086957,0.8434343,0.0,0.691358,0.0246914,0.0493827,0.1195652,0.0,1.0,0.3478261,0.1111111,0.0,10.192456296870509
831.0,0.5006017,0.0734055,0.1612515,0.1662651,0.7388688,0.0,0.4856397,0.0,0.0522193,0.0837321,0.0704961,0.9738903,0.8181818,0.0603774,0.0,11.047726275896391
1910.0,0.4795812,0.0015707,0.191623,0.11167,0.873822,0.0272251,0.7548747,0.0041783,0.0139276,0.0477454,0.0,0.9972145,0.2745358,0.0542169,0.5555556,10.545367754151743
362.0,0.4779006,0.0,0.2541436,0.1587302,0.7762431,0.0,0.6136364,0.0,0.0681818,0.8429973,0.0,0.9943182,0.1141838,0.0645161,0.8333333,12.35578922352754
2725.0,0.4576147,0.0011009,0.413211,0.2097429,0.8051376,0.0440367,0.6950241,0.0032103,0.0216693,0.3865091,0.0016051,0.975923,0.5563762,0.0585586,0.6049383,10.628641991731053
3661.0,0.4924884,0.045616,0.1398525,0.0775027,0.8456706,0.0095602,0.7096995,0.0047814,0.0635246,0.0291777,0.0389344,0.9952186,0.2619363,0.0094118,0.2222222,11.11395422597838
6866.0,0.495485,0.0117973,0.1255462,0.0799654,0.9290708,0.0016021,0.8344398,0.0016598,0.026971,0.0139116,0.0107884,0.9721992,0.1141571,0.0857143,0.6666667,11.410903813540878
295.0,0.4915254,0.0,0.2440678,0.1666667,0.8440678,0.0,0.6504065,0.0081301,0.0081301,0.1276596,0.0,1.0,0.3120567,0.0666667,1.0,9.615805480084347
1734.0,0.4752018,0.0,0.1539792,0.1131868,0.9181084,0.0,0.7983871,0.0048387,0.016129,0.0372671,0.0,1.0,0.1428571,0.0571429,1.0,10.623787731088578
4563.0,0.4876178,0.0252027,0.1501205,0.1454234,0.7501644,0.0118343,0.6040749,0.0071586,0.1018722,0.0860594,0.0242291,0.9933921,0.3628586,0.1022864,0.64,10.114599007626499
1808.0,0.5033186,0.0746681,0.0403761,0.0289532,0.9684735,0.0,0.9234973,0.0,0.0200364,0.0265957,0.0692168,0.9836066,0.0336879,0.0714286,0.0,11.878269721588795
1544.0,0.4779793,0.0,0.1217617,0.073201,0.8957254,0.0,0.7570423,0.0070423,0.0299296,0.0405405,0.0,0.9841549,0.1655405,0.1196581,0.5,10.451637862362272
383.0,0.4516971,0.002611,0.3603133,0.3142857,0.7075718,0.156658,0.6363636,0.0,0.0,0.0529801,0.0,1.0,0.2384106,0.0,0.6666667,9.615805480084347
585.0,0.4700855,0.0136752,0.1811966,0.1451613,0.8581197,0.0,0.7130802,0.0084388,0.0421941,0.0365854,0.0084388,1.0,0.2154472,0.15,0.25,10.451637862362272
1073.0,0.4976701,0.0,0.1369991,0.0797774,0.8713886,0.0,0.7002398,0.0047962,0.0239808,0.1541582,0.0,0.9904077,0.3590264,0.130719,0.7142857,10.354595018522993
381.0,0.4908136,0.2125984,0.1784777,0.1391753,0.832021,0.0,0.6626506,0.0060241,0.0240964,0.1216931,0.2289157,1.0,0.4126984,0.0961538,1.0,9.615805480084347
7759.0,0.5001933,0.0474288,0.1225673,0.1248066,0.7127207,0.1214074,0.6206048,0.0070323,0.0576653,0.0736156,0.0017581,0.9862869,0.4208469,0.0549872,0.0864198,10.596659732783579
3100.0,0.4554839,0.3270968,0.183871,0.1830569,0.8425806,0.0367742,0.6917098,0.0008636,0.0138169,0.070626,0.2849741,0.9974093,0.434992,0.115993,0.5,10.150386692204734
4766.0,0.5885439,0.004616,0.0247587,0.045895,0.7857742,0.1439362,0.8370847,0.0096463,0.0696677,0.0301455,0.0042872,0.0664523,0.6683992,0.4635332,1.0,10.799595985047786
34075.0,0.4753338,0.042201,0.1302715,0.1095201,0.8504182,0.0109171,0.6943622,0.0056909,0.0402155,0.0747034,0.038015,0.993778,0.2416626,0.0988968,0.6557377,10.090008612393838
8847.0,0.4831016,0.0071211,0.1853736,0.081347,0.9250593,0.0032779,0.8220339,0.000908,0.0121065,0.0236407,0.003632,0.9951574,0.0121158,0.1157895,0.3611111,12.324304469354969
532.0,0.4793233,0.7612782,0.112782,0.1191336,0.9398496,0.0,0.803681,0.0,0.0,0.1043956,0.797546,0.9693252,0.2527473,0.4090909,1.0,10.077482875583607
2743.0,0.4881517,0.0,0.0758294,0.0591168,0.9139628,0.0,0.812369,0.0104822,0.0429769,0.0800386,0.0,0.9832285,0.2642237,0.1011905,0.4,10.757924157061597
3300.0,0.4654545,0.0054545,0.2409091,0.1825397,0.8090909,0.0245455,0.6309696,0.0021708,0.0267728,0.1644498,0.0043415,0.512301,0.4480048,0.0837209,0.9459459,9.898525260706313
197.0,0.4974619,0.0,0.2690355,0.1212121,0.8071066,0.0,0.6145833,0.0,0.0104167,0.627907,0.0,1.0,0.4302326,0.0,0.5,10.003378135350923
95.0,0.4105263,0.6315789,0.1578947,0.1428571,0.8105263,0.0,0.6410256,0.0512821,0.0512821,0.1333333,0.5128205,1.0,0.3555556,0.1111111,0.0,9.803722464346553
1175.0,0.4825532,0.0025532,0.1387234,0.1003289,0.9038298,0.0,0.7706422,0.0022936,0.0229358,0.0762712,0.0,1.0,0.1758475,0.0689655,0.8,10.571342565808699
154.0,0.474026,0.0,0.1883117,0.1481481,0.8766234,0.0,0.6984127,0.0,0.0,0.0735294,0.0,0.984127,0.1029412,0.1111111,0.0,10.281958234245314
658.0,0.4589666,0.0,0.3829787,0.252809,0.7492401,0.0911854,0.6379928,0.0035842,0.0107527,0.07,0.0,0.9964158,0.2966667,0.0724638,1.0,9.615805480084347
27334.0,0.4721958,0.0125851,0.1796663,0.1243502,0.8617107,0.027292,0.7313194,0.0028008,0.0279084,0.0965206,0.0119036,0.7427228,0.3958427,0.1228603,0.4347826,10.70551155928146
277.0,0.433213,0.0,0.1624549,0.1210191,0.8628159,0.0,0.7142857,0.0095238,0.0285714,0.1923077,0.0,0.8,0.4923077,0.0769231,1.0,9.615805480084347
354.0,0.4548023,0.0,0.180791,0.1917098,0.8926554,0.0,0.7372263,0.0,0.0145985,0.1383648,0.0,1.0,0.2075472,0.1351351,0.0,9.841665338892785
4782.0,0.4903806,0.0002091,0.1110414,0.0980714,0.9010874,0.0110832,0.7594855,0.0038585,0.0244373,0.0592861,0.0,0.9839228,0.2934059,0.1652174,0.6666667,10.87806606028079
643.0,0.474339,0.2301711,0.1228616,0.112426,0.9206843,0.0,0.7853881,0.0,0.0182648,0.0912863,0.2191781,0.9954338,0.3112033,0.2380952,0.3333333,10.098272780745283
466.0,0.5193133,0.1351931,0.2381974,0.2098214,0.6802575,0.167382,0.6373626,0.0,0.0274725,0.1121951,0.010989,0.9945055,0.2195122,0.0238095,1.0,10.61890979160975
296.0,0.4966216,0.0,0.3513514,0.2013423,0.7364865,0.0101351,0.516129,0.0,0.0,0.1530055,0.0,1.0,0.4262295,0.075,0.5,9.615805480084347
9837.0,0.5176375,0.0825455,0.10552,0.0857745,0.768527,0.0338518,0.6303341,0.0048769,0.0804682,0.0843938,0.0712021,0.9636674,0.4840366,0.0431792,0.5,11.65789988570203
403.0,0.4689826,0.0,0.1662531,0.1682243,0.853598,0.0,0.686747,0.0,0.0421687,0.0568182,0.0,1.0,0.2329545,0.09375,0.0,9.841665338892785
10411.0,0.4934204,0.0090289,0.1584862,0.0741373,0.9152819,0.0049947,0.8243916,0.0035951,0.0384403,0.1104551,0.0091261,0.9070796,0.1613776,0.1732673,0.1713287,11.92371636583374
7269.0,0.4590728,0.1037282,0.1438987,0.1200407,0.8649058,0.0152703,0.7300635,0.0042343,0.0303458,0.0502681,0.101976,0.9943543,0.2593834,0.0777676,0.4210526,10.809748150372926
854.0,0.4508197,0.0046838,0.2529274,0.2089552,0.7857143,0.0175644,0.6071429,0.002551,0.0280612,0.0508475,0.002551,0.997449,0.4237288,0.0814815,0.75,10.177362240256695
8734.0,0.4925578,0.0253034,0.0838104,0.0645307,0.9090909,0.0069842,0.8059747,0.0036957,0.026794,0.033631,0.0218663,0.9926086,0.2842262,0.0876923,0.3333333,10.843514342086866
1101.0,0.4922797,0.0626703,0.1235241,0.1395349,0.9336966,0.0,0.8207792,0.0025974,0.0077922,0.1046512,0.0779221,0.9974026,0.2534884,0.106383,0.0,9.615805480084347
221.0,0.4570136,0.0316742,0.1628959,0.2,0.8506787,0.0,0.7,0.0111111,0.0333333,0.1964286,0.0444444,1.0,0.3392857,0.0357143,1.0,9.615805480084347
1505.0,0.4923588,0.0026578,0.0724252,0.0458115,0.9182724,0.0059801,0.8214971,0.0,0.0345489,0.0333952,0.0,0.9980806,0.1706865,0.1294118,0.25,10.885584751364705
102.0,0.4901961,0.0,0.2254902,0.2307692,0.8039216,0.0,0.6086957,0.0,0.0434783,0.2698413,0.0,1.0,0.4126984,0.0833333,1.0,9.615805480084347
122.0,0.4754098,0.0,0.1885246,0.109375,0.9180328,0.0,0.7826087,0.0,0.0,0.1320755,0.0,1.0,0.1886792,0.3333333,0.0,9.615805480084347
2842.0,0.4806474,0.0154821,0.1871921,0.1686992,0.7529909,0.0478536,0.6077441,0.003367,0.0698653,0.4474419,0.0109428,0.9882155,0.4427907,0.0567686,0.5,10.971657815702502
6312.0,0.4904943,0.0079214,0.1199303,0.074005,0.904943,0.0038023,0.7918296,0.0065189,0.0347675,0.0245867,0.0082573,0.9895698,0.2161933,0.0697115,0.1428571,11.205054290550551
970.0,0.4989691,0.0,0.1195876,0.0740741,0.9175258,0.0,0.8029851,0.0029851,0.0268657,0.0373563,0.0,0.9910448,0.2356322,0.0434783,1.0,10.762170357789895
206.0,0.5339806,0.0,0.0825243,0.0520833,0.9029126,0.0,0.7887324,0.028169,0.0422535,0.0533333,0.0,1.0,0.1066667,0.0833333,0.0,10.474495347310453
3220.0,0.4965839,0.0068323,0.1093168,0.0851326,0.8664596,0.0468944,0.7660194,0.0019417,0.0291262,0.1211604,0.0058252,0.5893204,0.4343003,0.1792829,0.8235294,9.99884318585288
454.0,0.4603524,0.0,0.185022,0.077551,0.9317181,0.0,0.8208092,0.0,0.0,0.0114286,0.0,1.0,0.0171429,0.2,0.0,11.124332223082254
485.0,0.4845361,0.0,0.2659794,0.156,0.8247423,0.0,0.6208531,0.0,0.0236967,0.2067669,0.0,1.0,0.3233083,0.0465116,0.6,9.615805480084347
1270.0,0.4858268,0.0031496,0.1496063,0.0918836,0.8724409,0.0,0.738189,0.007874,0.0492126,0.0522388,0.0019685,0.992126,0.2406716,0.0472441,0.25,10.916923143796645
708.0,0.470339,0.0,0.2443503,0.1546667,0.8545198,0.0,0.679868,0.0,0.0165017,0.0194175,0.0,0.990099,0.223301,0.0232558,0.5,11.002116507732017
2181.0,0.4750115,0.0,0.25768,0.2122271,0.7689133,0.046309,0.5907591,0.0033003,0.0275028,0.0982143,0.0,0.9955996,0.4285714,0.0675,0.9166667,9.770013301136158
800.0,0.49375,0.0,0.255,0.1950617,0.79875,0.0675,0.679868,0.0033003,0.0264026,0.0845921,0.0,1.0,0.3746224,0.0821918,0.6666667,9.918425424900335
278.0,0.4748201,0.0,0.1690647,0.130137,0.8705036,0.0,0.7009346,0.0,0.0373832,0.0854701,0.0,1.0,0.1794872,0.1875,0.0,9.918425424900335
10069.0,0.4865429,0.0033767,0.1658556,0.1139265,0.7870692,0.0180753,0.6159867,0.0068786,0.0621442,0.0896135,0.0023719,0.9819734,0.4210754,0.0758454,0.5897436,10.606609816118151
89.0,0.4831461,0.0,0.1910112,0.173913,0.8764045,0.0,0.6857143,0.0,0.0,0.1025641,0.0,0.9714286,0.3076923,0.5,1.0,9.615805480084347
1329.0,0.5131678,0.0007524,0.0662152,0.049459,0.9420617,0.0,0.8558352,0.0022883,0.02746,0.0561555,0.0022883,0.9748284,0.1814255,0.1463415,0.1666667,11.167628403875849
1464.0,0.4856557,0.1625683,0.1004098,0.0849934,0.8777322,0.0368852,0.784466,0.0019417,0.0213592,0.112069,0.1650485,0.9941748,0.25,0.0984848,0.4285714,10.74937727911096
1011.0,0.4975272,0.0039565,0.2126607,0.1259843,0.8259149,0.0365974,0.6805195,0.0,0.038961,0.0722892,0.0051948,0.9974026,0.2120482,0.0759494,1.0,10.154285180632154
2910.0,0.4704467,0.0003436,0.2168385,0.164828,0.8474227,0.0,0.6781327,0.004095,0.034398,0.0686499,0.0,0.999181,0.2234935,0.0586081,0.7272727,10.199918739620157
1545.0,0.5029126,0.0019417,0.184466,0.1041667,0.9242718,0.0,0.8103448,0.0,0.0086207,0.0169492,0.0,0.9931034,0.1050847,0.0540541,0.5,11.013715451376466
1794.0,0.4693423,0.0691193,0.1399108,0.1218487,0.8896321,0.0,0.7163959,0.0014771,0.0088626,0.1173403,0.0605613,0.9881832,0.4067797,0.168,0.4444444,10.012386799492118
972.0,0.4845679,0.0010288,0.1193416,0.1017964,0.8960905,0.0,0.7581522,0.0027174,0.0298913,0.0416667,0.0,0.9918478,0.359375,0.0454545,0.0,10.505094936455558
178.0,0.4831461,0.011236,0.2078652,0.1956522,0.8764045,0.0,0.7183099,0.0,0.028169,0.1744186,0.0140845,1.0,0.1162791,0.125,0.5,10.781058245898533
17915.0,0.4930505,0.2028468,0.1747697,0.1212288,0.8335473,0.02283,0.6972617,0.0035184,0.068227,0.1773219,0.1332415,0.9114273,0.4672791,0.1726496,0.4152047,10.916923143796645
1474.0,0.4837178,0.0006784,0.141791,0.1353482,0.8839891,0.0,0.7240773,0.0017575,0.0228471,0.1219136,0.0017575,0.9982425,0.2175926,0.1357143,0.75,9.692828247710418
79.0,0.5063291,0.0,0.1265823,0.0512821,0.8734177,0.0,0.6666667,0.0,0.0833333,0.1111111,0.0,1.0,0.1481481,0.3333333,1.0,9.615805480084347
511.0,0.4735812,0.0,0.1722114,0.1486989,0.8336595,0.0,0.6445498,0.0047393,0.0236967,0.0538117,0.0,1.0,0.3139013,0.140625,0.6666667,9.814710982145282
17279.0,0.4918687,0.010533,0.1108282,0.077221,0.822617,0.0187511,0.665767,0.0031489,0.0671765,0.0553824,0.0121457,0.9863548,0.3906516,0.0285474,0.40625,10.97679912709094
151.0,0.4370861,0.0,0.1854305,0.1294118,0.8874172,0.0,0.7090909,0.0,0.0181818,0.1791045,0.0,1.0,0.1940299,0.2,1.0,9.615805480084347
372.0,0.5107527,0.0,0.1639785,0.1208791,0.8655914,0.0,0.7152318,0.0066225,0.0397351,0.0258065,0.0,1.0,0.2580645,0.1071429,1.0,10.318935994253193
163.0,0.4723926,0.0552147,0.0674847,0.0232558,0.9754601,0.0,0.9411765,0.0,0.0196078,0.0,0.0392157,1.0,0.0,0.5,0.0,11.218567827096358
19693.0,0.4923577,0.0096989,0.1262885,0.0528158,0.9441934,0.0,0.8609175,0.0007259,0.0180023,0.0446602,0.0075494,0.9940476,0.0159501,0.0813397,0.437788,11.715057818961629
924.0,0.5140693,0.0454545,0.0573593,0.0423163,0.8452381,0.0573593,0.7567568,0.0067568,0.0506757,0.0721003,0.0439189,0.9898649,0.4326019,0.2083333,1.0,10.229223792606835
1081.0,0.453284,0.012951,0.1591119,0.1116751,0.8112858,0.0962072,0.7208589,0.0,0.0245399,0.0297619,0.0030675,0.9969325,0.235119,0.0918367,1.0,11.818209214992565
3314.0,0.454134,0.3566687,0.1409173,0.1359867,0.8301147,0.0,0.6490728,0.0042796,0.042796,0.0872396,0.3109843,0.9942939,0.4440104,0.0725552,0.5454545,10.351405324899678
163.0,0.4417178,0.0,0.2638037,0.1318681,0.8588957,0.0,0.6617647,0.0,0.0,0.3131313,0.0,1.0,0.2323232,0.1538462,1.0,9.615805480084347
229.0,0.5196507,0.0,0.0960699,0.0454545,0.930131,0.0,0.8,0.0,0.0,0.1208791,0.0,0.975,0.2417582,0.3076923,0.3333333,9.966509298952284
1094.0,0.5063985,0.0749543,0.1170018,0.1037037,0.9177331,0.0,0.7835821,0.0,0.0074627,0.0629371,0.0845771,0.9975124,0.2424242,0.1,0.1428571,10.703266939811954
536.0,0.4458955,0.0,0.2686567,0.2222222,0.766791,0.113806,0.6878307,0.0,0.021164,0.0597015,0.0,0.994709,0.2437811,0.1372549,1.0,9.615805480084347
4267.0,0.5031638,0.0213265,0.1185845,0.0816038,0.8708695,0.0035154,0.7293325,0.0061237,0.0434783,0.0422287,0.0220453,0.9577465,0.2733138,0.0688836,0.0714286,11.127277689932466
16073.0,0.4854103,0.084054,0.0904623,0.0812477,0.8824115,0.0047284,0.7381657,0.0029586,0.0299145,0.0382548,0.0774162,0.9850427,0.3239014,0.0636145,0.5111111,10.957817003758691
7510.0,0.7420772,0.0993342,0.1023968,0.1275168,0.3762983,0.5631158,0.7102446,0.0084098,0.0466361,0.3896407,0.0336391,0.7278287,0.5622958,0.1204819,0.6285714,10.499600568082863
3634.0,0.4788112,0.2622455,0.1887727,0.1615628,0.6827188,0.2074849,0.6846154,0.0017094,0.0213675,0.1109422,0.2119658,0.9923077,0.3168693,0.1138889,0.7096774,10.154285180632154
19750.0,0.4951392,0.0133671,0.068557,0.0629826,0.9285063,0.0058228,0.8368372,0.0017258,0.0335739,0.0338032,0.012551,0.9683088,0.1905412,0.0507534,0.5227273,12.057578437658945
33096.0,0.4355813,0.936941,0.1046954,0.1009101,0.8146604,0.0099408,0.614878,0.0023949,0.0418351,0.1190665,0.9176022,0.9946116,0.391548,0.0660993,0.7169811,10.440010162389305
787.0,0.4828463,0.0,0.0546379,0.0638821,0.9466328,0.0127065,0.8865979,0.0103093,0.0515464,0.2623574,0.0,0.9587629,0.5323194,0.297619,0.0,9.99884318585288
6268.0,0.496171,0.0092534,0.0719528,0.0389487,0.9462348,0.0,0.8709056,0.0024085,0.0236031,0.0179754,0.0081888,0.9831407,0.0421003,0.2040816,0.1333333,11.11395422597838
5357.0,0.4595856,0.0298675,0.1922718,0.1644214,0.851036,0.0216539,0.7046918,0.0018399,0.0147194,0.0788136,0.0308188,0.9977001,0.3512712,0.092246,0.6060606,9.957075711706057
416.0,0.4399038,0.0,0.2307692,0.2103004,0.8100962,0.0,0.5842697,0.0,0.0224719,0.11,0.0,0.994382,0.36,0.0350877,0.3333333,10.016860879703811
7803.0,0.4844291,0.0017942,0.1325131,0.1076311,0.8685121,0.0148661,0.7270604,0.0046713,0.0233567,0.1424893,0.0023357,0.9125792,0.2969957,0.1092832,0.6086957,10.416341118636355
52179.0,0.4760153,0.0078767,0.1410721,0.0991551,0.6487476,0.0799747,0.5412714,0.004625,0.1427628,0.0418287,0.0057577,0.9824437,0.4625124,0.0478068,0.3,11.106474871430772
9367.0,0.4896979,0.0102487,0.0993915,0.0702929,0.8883314,0.0,0.7620773,0.0060386,0.0552536,0.0273128,0.0108696,0.7983092,0.3139501,0.0859445,0.3,12.169932382913561
651.0,0.4592934,0.4009217,0.1751152,0.1761364,0.8402458,0.0,0.6284585,0.0039526,0.0316206,0.0664207,0.3794466,1.0,0.3357934,0.125,1.0,9.873079890114703
5453.0,0.4989914,0.0036677,0.0904089,0.0549048,0.8870347,0.0,0.7569034,0.0039448,0.0522682,0.0765027,0.0024655,0.7638067,0.246357,0.0642458,0.2222222,11.540550359582348
116.0,0.5431034,0.0775862,0.137931,0.1132075,0.9051724,0.0,0.775,0.025,0.025,0.1304348,0.075,1.0,0.326087,0.2857143,0.0,9.615805480084347
2561.0,0.4748145,0.0007809,0.2327216,0.1144981,0.8672394,0.0,0.7179963,0.0027829,0.0296846,0.0552147,0.0009276,0.9573284,0.3435583,0.0939597,0.3684211,11.569315250157509
3413.0,0.4696748,0.0448286,0.2780545,0.1917127,0.8048638,0.0055669,0.6162716,0.0025625,0.0269058,0.0823045,0.0403587,0.9961563,0.2357437,0.0438095,0.8571429,10.098272780745283
172.0,0.4767442,0.0,0.2965116,0.2,0.7848837,0.0755814,0.6825397,0.0,0.047619,0.2409639,0.0,1.0,0.1084337,0.0833333,1.0,9.615805480084347
4978.0,0.480916,0.0142628,0.1635195,0.1048762,0.8638007,0.0,0.7053809,0.0047949,0.0458178,0.036942,0.0106553,0.8582845,0.3196511,0.2035088,0.516129,12.091228412360461
2344.0,0.4816553,0.0908703,0.2133106,0.1193416,0.8703072,0.0,0.744312,0.007584,0.056338,0.106486,0.0704225,0.9902492,0.2613746,0.1088435,0.2142857,10.604131561522696
233.0,0.4892704,0.0,0.167382,0.0840336,0.9184549,0.0,0.8139535,0.0,0.0348837,0.0549451,0.0,1.0,0.0769231,0.1666667,1.0,10.318935994253193
33673.0,0.4950851,0.0266683,0.0709174,0.0589342,0.9458914,0.0099189,0.8836357,0.0007719,0.0212273,0.02484,0.0210343,0.972308,0.0944674,0.0820896,0.6057692,12.194511067314858
3542.0,0.4743083,0.0022586,0.1287408,0.0875403,0.8647657,0.0036702,0.7142857,0.0098784,0.050152,0.1041525,0.0022796,0.9908815,0.3825732,0.0969582,0.56,11.269591961359195
1906.0,0.4879328,0.0005247,0.1694648,0.1331967,0.7885624,0.0,0.6143713,0.0035928,0.0814371,0.0446224,0.0011976,0.9916168,0.3032037,0.0262295,0.1666667,11.561725152903833
27639.0,0.4733891,0.6967691,0.1538768,0.1052559,0.8490539,0.0079236,0.6876028,0.0044518,0.0550663,0.2660179,0.5936321,0.9762896,0.534593,0.1597758,0.6338583,10.7706090484022
64994.0,0.4726282,0.0369726,0.1233652,0.0911717,0.7619011,0.0558052,0.6376269,0.0026677,0.0793152,0.0488184,0.0346008,0.9372885,0.4098621,0.0576542,0.3576159,11.969090024509446
473.0,0.5264271,0.0,0.1331924,0.0803571,0.9217759,0.0,0.816568,0.0059172,0.0295858,0.0287356,0.0,1.0,0.1494253,0.1071429,1.0,10.474495347310453
257.0,0.4319066,0.0,0.1984436,0.1164384,0.8988327,0.0,0.7419355,0.0,0.0215054,0.03125,0.0,1.0,0.1354167,0.1764706,1.0,9.862717639992917
11490.0,0.4736292,0.0020017,0.1663185,0.1269841,0.8319408,0.0167102,0.6769693,0.005366,0.0377763,0.0608748,0.0015025,0.9942048,0.4446684,0.0672269,0.325,10.440010162389305
131723.0,0.5131678,0.1443408,0.0697752,0.0648713,0.8750636,0.0262748,0.7543836,0.0064484,0.0635513,0.0525919,0.1517987,0.6173751,0.491057,0.3010184,0.2261307,11.586185220346932
993.0,0.5407855,0.040282,0.0362538,0.0197368,0.2567976,0.7270896,0.84375,0.0,0.0104167,0.0769231,0.0104167,1.0,0.1538462,0.0526316,0.0,10.837637848711049
1393.0,0.4637473,0.0,0.2792534,0.1726908,0.8004307,0.028715,0.6411093,0.0016313,0.0244698,0.1192529,0.0,0.9902121,0.2658046,0.062069,0.625,10.090008612393838
568.0,0.4876761,0.3661972,0.1355634,0.1305842,0.9190141,0.0,0.7897436,0.0051282,0.0153846,0.1013825,0.2974359,0.9948718,0.2580645,0.1923077,0.0,9.741027444837728
2010.0,0.4562189,0.0014925,0.2159204,0.1619396,0.8681592,0.0,0.7109557,0.0011655,0.016317,0.150495,0.002331,0.995338,0.3079208,0.0481481,0.6666667,10.440010162389305
1162.0,0.4819277,0.0025818,0.1833046,0.1644518,0.8846816,0.0,0.7314815,0.0,0.0231481,0.0442478,0.0023148,0.9953704,0.1681416,0.1058824,1.0,10.073272520325904
14947.0,0.5009032,0.0083629,0.0412792,0.0345845,0.9455409,0.0,0.8666528,0.0022812,0.0288262,0.0199187,0.0062215,0.9720033,0.0735772,0.08933,0.1489362,11.772987080375044
97.0,0.5257732,0.0,0.1134021,0.0652174,0.9381443,0.0,0.8181818,0.0,0.0,0.1081081,0.0,1.0,0.1891892,0.4,0.0,9.615805480084347
1363.0,0.4702861,0.2920029,0.0755686,0.0623269,0.9347029,0.0,0.8402626,0.0043764,0.02407,0.0896414,0.2516411,0.9978118,0.249004,0.1343284,0.3684211,10.419330568113901
138.0,0.4565217,0.0,0.2608696,0.1733333,0.884058,0.0,0.7457627,0.0,0.0169492,0.1571429,0.0,1.0,0.4285714,0.3333333,1.0,9.615805480084347
87.0,0.4827586,0.0,0.4137931,0.3111111,0.7701149,0.0,0.5744681,0.0,0.0,0.2295082,0.0,1.0,0.4098361,0.0,1.0,9.615805480084347
443.0,0.462754,0.0,0.2663657,0.1470588,0.8623025,0.0,0.673913,0.0,0.0054348,0.0753769,0.0,0.9945652,0.2562814,0.125,0.6666667,9.615805480084347
10664.0,0.4548012,0.0009377,0.2136159,0.1704506,0.8515566,0.01491,0.6844765,0.0028881,0.0182912,0.0744041,0.000722,0.9951865,0.2370238,0.0794743,0.7727273,10.471666571132038
3029.0,0.5173325,0.0042918,0.0858369,0.0642955,0.7949818,0.04655,0.6773399,0.0024631,0.0607553,0.2023576,0.0032841,0.9917898,0.4165029,0.0235294,0.5357143,11.723194494148304
990.0,0.5131313,0.0090909,0.0535354,0.0186722,0.8848485,0.0,0.7783505,0.0025773,0.0670103,0.5107188,0.0128866,0.992268,0.3076923,0.0701754,0.7619048,11.389638560778947
273.0,0.4652015,0.007326,0.1355311,0.0684932,0.9267399,0.0,0.8229167,0.0,0.03125,0.030303,0.0104167,0.9895833,0.1111111,0.0434783,0.0,10.510559281627845
85.0,0.5529412,0.0,0.1176471,0.0,0.8823529,0.0,0.8148148,0.037037,0.0740741,0.0357143,0.0,1.0,0.0357143,0.3333333,0.0,10.480129006333248
852.0,0.4530516,0.9319249,0.1021127,0.0922747,0.9389671,0.0,0.8270677,0.0,0.018797,0.1335505,0.924812,0.9887218,0.3550489,0.2698413,0.5,9.75272280064639
19959.0,0.4779799,0.044391,0.1700987,0.1286112,0.8688311,0.0097199,0.7186833,0.0036437,0.0172132,0.16,0.0420907,0.9413243,0.3430079,0.0908184,0.705,10.007892611890918
2220.0,0.5707207,0.0243243,0.0563063,0.0503673,0.7882883,0.0621622,0.6720901,0.0100125,0.0663329,0.1002252,0.0012516,0.9536921,0.4876126,0.1,0.25,10.685126264117057
1343.0,0.5398362,0.0044676,0.0416977,0.0355987,0.3998511,0.560685,0.7619048,0.010582,0.031746,0.1084906,0.0,0.8359788,0.3679245,0.1868132,1.0,10.090008612393838
287.0,0.4878049,0.0,0.174216,0.170068,0.9198606,0.0,0.8035714,0.0,0.0089286,0.042735,0.0,1.0,0.2820513,0.0714286,0.0,9.69898173460629
2059.0,0.4808159,0.0004857,0.1432734,0.1085126,0.8907237,0.0,0.7387387,0.001287,0.02574,0.1170455,0.0,0.997426,0.2829545,0.0471698,0.3333333,10.643064971973882
566.0,0.4487633,0.0,0.2756184,0.1762821,0.8144876,0.0,0.5912698,0.0039683,0.0039683,0.3823529,0.0,1.0,0.4460784,0.0568182,0.0,10.34177474101152
538.0,0.4795539,0.0,0.2453532,0.1714286,0.8364312,0.0018587,0.6612245,0.0040816,0.0122449,0.3137255,0.0,0.9959184,0.4117647,0.097561,0.3333333,9.966509298952284
1757.0,0.4826409,0.0,0.1678998,0.1265127,0.8514513,0.0,0.675,0.0027778,0.0333333,0.0425532,0.0,0.9986111,0.3045213,0.047619,0.2,10.477316144080852
42.0,0.452381,0.0,0.3809524,0.3043478,0.7142857,0.0,0.4782609,0.0,0.0,0.452381,0.0,1.0,0.2142857,0.0,0.0,9.615805480084347
1213.0,0.4971146,0.0,0.1566364,0.1065574,0.9043693,0.0,0.7566372,0.0022124,0.0110619,0.0905433,0.0,0.9933628,0.193159,0.1818182,0.6315789,9.994287576862567
21044.0,0.4783786,0.4076221,0.118276,0.0943792,0.9111861,9.5e-05,0.7856139,0.0021073,0.0368081,0.0334058,0.3633043,0.8874684,0.2133351,0.0983607,0.5230769,11.62893804540639
4565.0,0.4806134,0.0026287,0.0926616,0.0864614,0.9001095,0.0184009,0.7904269,0.003881,0.0219922,0.045679,0.0025873,0.9909444,0.2135802,0.0757946,0.4285714,10.74507628970625
288.0,0.5069444,0.0,0.1076389,0.0422535,0.8333333,0.0,0.6785714,0.0089286,0.0982143,0.026087,0.0,1.0,0.4695652,0.0,0.0,10.727684925086583
4869.0,0.4662148,0.0006161,0.2166769,0.1762216,0.86794,0.0,0.6951899,0.001519,0.0156962,0.0545716,0.0,0.9994937,0.1986596,0.062249,0.6666667,10.589131655274922
16438.0,0.490449,0.0035892,0.1119966,0.0914518,0.9315002,0.0006692,0.8345701,0.000543,0.0293213,0.0139211,0.00181,0.9809955,0.1185079,0.0846645,0.4,12.029341433599432
863.0,0.4391657,0.0,0.3232908,0.2933884,0.6778679,0.1193511,0.5497238,0.0027624,0.0303867,0.2061404,0.0,1.0,0.5153509,0.0559441,0.4,10.150386692204734
2733.0,0.4862788,0.1492865,0.1068423,0.0776353,0.881449,0.0,0.7474081,0.001885,0.0490104,0.0415537,0.131951,0.9896324,0.2484192,0.0774818,0.6,10.92775337907558
3421.0,0.4434376,0.1134171,0.2388191,0.1917017,0.8275358,0.0315697,0.6888889,0.0034722,0.01875,0.068564,0.1076389,0.9972222,0.3363519,0.0550285,0.2666667,10.32551474894327
143.0,0.4615385,0.0,0.3006993,0.2467532,0.7622378,0.0,0.5882353,0.0,0.0735294,0.1052632,0.0,1.0,0.1184211,0.0,1.0,9.615805480084347
2070.0,0.4719807,0.0,0.2710145,0.1354071,0.8009662,0.0,0.6636455,0.001007,0.0654582,0.3750787,0.0,0.9818731,0.379484,0.0263158,0.2777778,11.686046493072437
44.0,0.5,0.0,0.3409091,0.2272727,0.6590909,0.0,0.4230769,0.0,0.0,0.3809524,0.0,1.0,0.3571429,0.0,1.0,9.615805480084347
36793.0,0.5069171,0.0402794,0.0807762,0.0658693,0.8881309,0.0216074,0.767563,0.0042803,0.0468038,0.1750844,0.0432679,0.442263,0.5901904,0.2727771,0.1510067,11.127277689932466
5957.0,0.4477086,0.1398355,0.2321638,0.2033435,0.6076884,0.0783952,0.4492501,0.0052319,0.0861528,0.0516044,0.1171957,0.9909313,0.5196824,0.0194575,0.2307692,11.374823643830945
1714.0,0.5093349,0.0017503,0.2491249,0.0737218,0.8366394,0.0,0.7313997,0.0025221,0.0706179,0.3721298,0.0,0.9785624,0.6777514,0.0514706,0.3333333,11.776066350866136
7400.0,0.5056757,0.0236486,0.0632432,0.0344451,0.9148649,0.0,0.8087575,0.0033683,0.0381737,0.0817869,0.0224551,0.9898952,0.1505155,0.0512422,0.2234043,11.46374572492597
6832.0,0.5446429,0.3362119,0.1336358,0.1575056,0.7308255,0.1787178,0.7275748,0.0014238,0.0180351,0.1417515,0.3046986,0.9938301,0.2912424,0.1198288,0.52,9.857495968685136
1031.0,0.5208535,0.0038797,0.0349176,0.0263158,0.9495635,0.0,0.8821656,0.0063694,0.0382166,0.0368098,0.0,0.9904459,0.0644172,0.25,0.5,10.757924157061597
7474.0,0.4862189,0.0238159,0.0941932,0.0950521,0.8797164,0.0346535,0.7990216,0.0052996,0.0464737,0.019976,0.0232369,0.9518956,0.2181382,0.0790514,0.1111111,11.282266241614355
9727.0,0.4978925,0.0302251,0.1158631,0.0614251,0.8630616,0.0072993,0.724953,0.0010744,0.0545259,0.035742,0.0314263,0.9948966,0.2206682,0.0198537,0.1111111,11.776066350866136
400.0,0.4625,0.9775,0.1725,0.1395349,0.8975,0.0,0.7430556,0.0,0.0208333,0.2173913,0.9861111,1.0,0.2717391,0.1320755,1.0,9.6678285081515
703.0,0.4509246,0.0355619,0.1749644,0.142487,0.8662873,0.0,0.7054795,0.0,0.0273973,0.0580645,0.0273973,1.0,0.2419355,0.0294118,0.7142857,10.537441898283253
6141.0,0.5210878,0.0205178,0.0547142,0.0482829,0.9055528,0.0056994,0.8028986,0.0062802,0.0458937,0.085285,0.0178744,0.8536232,0.2783915,0.181694,0.7564103,11.000448478455008
2089.0,0.4949737,0.0009574,0.0315941,0.0341232,0.9909047,0.0,0.9565217,0.0,0.0051151,0.218,0.0,0.0306905,0.676,0.5686275,0.5,9.615805480084347
2032.0,0.4699803,0.0019685,0.1658465,0.1457753,0.6806102,0.015748,0.5025961,0.0020768,0.1121495,0.3787097,0.0,0.9948079,0.4767742,0.0239852,0.2272727,11.486591756518374
14.0,0.5714286,0.0,0.5,0.0,0.8571429,0.0,0.75,0.0,0.0,0.875,0.0,1.0,0.84375,0.0,0.0,9.69898173460629
183.0,0.4918033,0.0,0.1311475,0.1075269,0.863388,0.0,0.6714286,0.0,0.0285714,0.2222222,0.0,0.1285714,0.3666667,0.1,1.0,9.615805480084347
5863.0,0.4780829,0.1009722,0.171414,0.1362745,0.8115299,0.0260959,0.6491152,0.0069055,0.0470436,0.0554423,0.0820026,0.9909366,0.3436608,0.084507,0.7857143,10.591647316585027
1699.0,0.4997057,0.0023543,0.1565627,0.1,0.8640377,0.0017657,0.7248227,0.0014184,0.0425532,0.0262431,0.0,0.9943262,0.2527624,0.045,0.6666667,10.837637848711049
1196.0,0.4866221,0.0075251,0.1939799,0.1026059,0.8361204,0.0392977,0.7062635,0.0,0.0259179,0.0903733,0.0043197,0.87473,0.4047151,0.1470588,0.6363636,12.017336559562407
1491.0,0.4735077,0.0040241,0.2273642,0.1605096,0.7813548,0.0060362,0.6108664,0.0073421,0.0660793,0.0381356,0.0029369,0.9926579,0.3474576,0.0202429,0.0,10.961295207644392
768.0,0.4973958,0.0,0.1432292,0.0880829,0.9023438,0.0,0.7744108,0.003367,0.020202,0.1054217,0.0,0.996633,0.2108434,0.1206897,0.8,10.50783084142058
4071.0,0.4947187,0.0528126,0.0547777,0.0534759,0.9061656,0.0,0.8006969,0.0076655,0.0515679,0.0452428,0.0445993,0.9937282,0.2208916,0.1229773,0.3333333,10.862856930775358
2721.0,0.5005513,0.0040426,0.1194414,0.0868286,0.893789,0.0,0.771,0.007,0.044,0.0281827,0.003,0.981,0.1642371,0.047619,0.875,11.398647529267592
10753.0,0.4713103,0.0270622,0.206175,0.1379068,0.8205152,0.0,0.6429495,0.0023717,0.0482967,0.0415375,0.0269513,0.9890039,0.338293,0.0409739,0.4883721,11.272139700982676
10864.0,0.4449558,0.4924521,0.1759941,0.1635158,0.8526325,0.0263255,0.6975598,0.000986,0.0189795,0.074167,0.4325857,0.9970421,0.3286171,0.1460038,0.32,10.445840912706414
14302.0,0.4463012,0.0028667,0.047406,0.0337164,0.548245,0.0978185,0.604447,0.0064365,0.2802809,0.0382667,0.0023406,0.9716208,0.42009,0.3767191,0.4285714,10.902297921958713
6974.0,0.48308,0.003298,0.0549183,0.0482663,0.93232,0.0,0.8323328,0.0055746,0.0214408,0.0403292,0.0034305,0.9571184,0.2386831,0.1382637,0.75,10.866680954096502
345.0,0.5362319,0.0,0.0724638,0.0625,0.8202899,0.0376812,0.6341463,0.0,0.0325203,0.2721893,0.0,1.0,0.8757396,0.0689655,1.0,9.615805480084347
3993.0,0.5206612,0.0470824,0.1061858,0.0689655,0.7573253,0.0,0.5609756,0.003252,0.0731707,0.0747242,0.0428184,0.9880759,0.3951856,0.0200422,0.2857143,11.112462823634855
1238.0,0.4781906,0.0080775,0.2294023,0.1826625,0.8109855,0.0,0.6239016,0.0,0.0281195,0.0516667,0.0070299,1.0,0.3633333,0.0402299,0.3333333,10.505094936455558
1115.0,0.5085202,0.0,0.1757848,0.1094891,0.9147982,0.0,0.7609329,0.0087464,0.0174927,0.1294416,0.0,0.9212828,0.2360406,0.125,0.8571429,10.357774570341576
53.0,0.509434,0.0,0.0754717,0.1538462,0.8679245,0.0,0.7222222,0.0,0.1111111,0.25,0.0,1.0,0.9166667,0.1666667,0.0,9.615805480084347
1531.0,0.478772,0.0006532,0.1352057,0.10401,0.8785108,0.0,0.7260274,0.0034247,0.0359589,0.042623,0.0017123,0.989726,0.2540984,0.0666667,0.5,11.010415172807951
257.0,0.4435798,0.077821,0.1750973,0.1398601,0.7587549,0.0116732,0.575,0.0,0.0666667,0.0322581,0.0583333,1.0,0.3790323,0.0147059,1.0,11.036517370851499
1250.0,0.4776,0.0,0.1552,0.1026034,0.8936,0.0,0.7653846,0.0,0.0211538,0.0493601,0.0,1.0,0.2833638,0.0714286,0.25,10.431199791458543
85.0,0.5647059,0.0,0.2352941,0.1891892,0.8117647,0.0,0.6153846,0.0,0.025641,0.1702128,0.0,1.0,0.212766,0.25,0.0,9.615805480084347
553.0,0.4448463,0.0,0.3110307,0.2149837,0.7811935,0.0,0.5698529,0.0,0.0147059,0.1081967,0.0,0.9963235,0.3081967,0.0625,0.4,9.615805480084347
1069.0,0.4957905,0.0,0.3994387,0.0593692,0.9130028,0.0,0.8406375,0.001992,0.0219124,0.1208406,0.0,0.9920319,0.1803853,0.0,0.6666667,11.464795582766675
79.0,0.4683544,0.0,0.1139241,0.0952381,0.8734177,0.0,0.7241379,0.0,0.0689655,0.0333333,0.0,1.0,0.2333333,0.25,0.0,11.023551435004947
169.0,0.4260355,0.0,0.1715976,0.1546392,0.8994083,0.0,0.734375,0.0,0.0,0.2098765,0.0,1.0,0.1481481,0.0833333,1.0,9.711176264112805
13631.0,0.4704717,0.0082166,0.1789304,0.1443613,0.800895,0.0355807,0.652092,0.0058424,0.0584244,0.0865898,0.0060309,0.8912552,0.3935273,0.091687,0.7241379,11.525851561856362
10283.0,0.4698045,0.1765049,0.1117378,0.0968452,0.5951571,0.1917728,0.5574903,0.0035931,0.1182974,0.0770408,0.1127695,0.9864566,0.3959184,0.0467033,0.173913,10.685126264117057
11538.0,0.4867395,0.0104004,0.1375455,0.095407,0.9250303,0.0063269,0.8437995,0.0013193,0.0343008,0.0236991,0.0079156,0.9836412,0.057187,0.1043956,0.95,12.180759965737863
2688.0,0.4717262,0.7299107,0.1116071,0.1225352,0.90625,0.0,0.7377049,0.0,0.0131148,0.0994094,0.6699454,0.9978142,0.3001969,0.1672474,0.8823529,10.081675578048475
467.0,0.4603854,0.006424,0.3511777,0.2460317,0.751606,0.0,0.5413223,0.0,0.0165289,0.1740614,0.0,0.9958678,0.3003413,0.0545455,1.0,9.615805480084347
6235.0,0.4492382,0.0728148,0.2136327,0.1895748,0.7950281,0.0434643,0.6281447,0.0031447,0.0180818,0.0650496,0.0621069,0.9960692,0.3421536,0.0838651,0.4193548,10.335302435967074
935.0,0.542246,0.0032086,0.0534759,0.0443925,0.8545455,0.0,0.6811989,0.0054496,0.0463215,0.3458111,0.0027248,0.9836512,0.6898396,0.1458333,0.6,10.203629181337648
1399.0,0.4538956,0.0,0.1951394,0.1557592,0.8513224,0.0150107,0.7127846,0.0052539,0.033275,0.051495,0.0,1.0,0.2624585,0.0493827,1.0,9.994287576862567
634.0,0.4952681,0.115142,0.1246057,0.121875,0.8817035,0.0,0.7341772,0.0042194,0.0421941,0.1189591,0.1012658,0.9957806,0.2899628,0.2033898,1.0,10.376642461280849
531.0,0.4482109,0.0,0.1864407,0.1638225,0.8644068,0.0,0.6759259,0.0,0.0092593,0.136,0.0,1.0,0.416,0.0943396,1.0,9.615805480084347
366.0,0.4562842,0.0327869,0.147541,0.1105528,0.9344262,0.0,0.8222222,0.0,0.0,0.0816327,0.0518519,0.9925926,0.3333333,0.1707317,0.0,9.913487387114461
97.0,0.4948454,0.0,0.4329897,0.2244898,0.7731959,0.0,0.58,0.0,0.02,0.2647059,0.0,1.0,0.3823529,0.0,1.0,9.615805480084347
25430.0,0.5058985,0.0103028,0.0666142,0.0624751,0.9159261,0.0098702,0.8259573,0.0029822,0.0409161,0.1092339,0.0095431,0.983061,0.1824461,0.0866739,0.5196078,11.832113471896832
1167.0,0.5064267,0.0,0.1353899,0.0954861,0.8980291,0.0,0.7570755,0.0023585,0.0259434,0.0093458,0.0,0.9811321,0.2640187,0.0506329,1.0,10.609081944147828
101.0,0.5148515,0.0,0.1980198,0.1428571,0.8415842,0.0,0.6744186,0.0,0.0232558,0.2181818,0.0,0.9534884,0.3272727,0.25,0.0,10.499600568082863
3693.0,0.488221,0.0008123,0.1018142,0.0597884,0.9388031,0.0,0.8368734,0.0033985,0.0220901,0.0207987,0.0,0.8912489,0.2803661,0.2377358,0.125,11.300981463909618
1377.0,0.5025418,0.0014524,0.0827887,0.0423358,0.8867102,0.0,0.7470588,0.0,0.0392157,0.0693431,0.0039216,0.9960784,0.3850365,0.0853659,0.5,10.623787731088578
2770.0,0.4927798,0.0025271,0.0389892,0.030605,0.9097473,0.0,0.8118393,0.0052854,0.0591966,0.0337079,0.0021142,0.9756871,0.185904,0.1006289,0.125,11.61999352194924
609.0,0.3858785,0.0788177,0.7766831,0.302139,0.6699507,0.2397373,0.7777778,0.0,0.0128205,0.025,0.0726496,1.0,0.5208333,0.0118343,0.0,10.488520429241627
376.0,0.5079787,0.0026596,0.1196809,0.1081081,0.8829787,0.018617,0.7591241,0.0,0.0291971,0.1045752,0.0072993,1.0,0.1437908,0.0740741,0.3333333,9.989711119284745
61.0,0.557377,0.0,0.295082,0.1111111,0.7868852,0.0,0.6451613,0.0,0.0645161,0.6770833,0.0,1.0,0.6875,0.0,1.0,10.566201298475118
318.0,0.4496855,0.0,0.2201258,0.12,0.9056604,0.0,0.7560976,0.0,0.0,0.0681818,0.0,1.0,0.3181818,0.030303,0.0,9.615805480084347
2922.0,0.4702259,0.0041068,0.1177276,0.0781654,0.8151951,0.0,0.6270627,0.0049505,0.060231,0.044164,0.0016502,0.9851485,0.3840694,0.0525253,0.3333333,10.789339695269716
5862.0,0.4872057,0.0109178,0.1047424,0.0768463,0.9211873,0.0,0.8234733,0.0052481,0.0333969,0.0278293,0.009542,0.9966603,0.1057514,0.0442804,0.3571429,11.098939154318382
3498.0,0.4888508,0.0037164,0.1034877,0.0861298,0.8439108,0.035163,0.7492582,0.0037092,0.0511869,0.0741758,0.0037092,0.995549,0.3784341,0.0313199,0.5,10.74507628970625
2840.0,0.4915493,0.025,0.0753521,0.050554,0.9366197,0.0,0.8442623,0.0020492,0.0266393,0.0403147,0.0266393,1.0,0.1111111,0.1081081,0.5714286,11.083695189061785
1843.0,0.5111232,0.0054259,0.0754205,0.0466149,0.9099295,0.0217037,0.8272583,0.0031696,0.0190174,0.0907781,0.0031696,0.9809826,0.2910663,0.1727273,0.6086957,10.471666571132038
644.0,0.5201863,0.0,0.0590062,0.038835,0.9580745,0.0046584,0.877095,0.0,0.0111732,0.1435407,0.0,1.0,0.2344498,0.2333333,0.6666667,10.281958234245314
5269.0,0.4864301,0.0119567,0.0926172,0.075388,0.9126969,0.0153729,0.817734,0.0027367,0.0175151,0.055814,0.0098522,0.9972633,0.2449612,0.0796703,0.1428571,10.868587496017359
8626.0,0.4714816,0.0144911,0.0833527,0.0730423,0.8765361,0.0339671,0.7703754,0.0033818,0.0273926,0.1627973,0.0104836,0.5201217,0.3958097,0.1252408,0.7123288,10.177362240256695
474.0,0.4493671,0.2341772,0.2109705,0.164751,0.8459916,0.0,0.6555024,0.0,0.0047847,0.0991379,0.2440191,0.9952153,0.2413793,0.15625,1.0,10.335302435967074
5155.0,0.485936,0.000582,0.17129,0.1381132,0.8228904,0.0,0.6247075,0.0042115,0.0402433,0.0780846,0.0004679,0.9045391,0.3567731,0.0655391,0.6923077,10.5506169722625
1450.0,0.4489655,0.0062069,0.1862069,0.1914894,0.8234483,0.0558621,0.697318,0.0038314,0.0268199,0.0905923,0.0019157,0.9923372,0.2665505,0.0878378,1.0,10.85516473308054
8739.0,0.4879277,0.0030896,0.1410917,0.1032402,0.9477057,0.0018309,0.8680531,0.0007171,0.0157763,0.0081792,0.0021513,0.9749014,0.0732575,0.1658031,0.3333333,11.983560145061489
3504.0,0.4957192,0.0556507,0.0898973,0.0894171,0.7474315,0.0148402,0.6157113,0.0120311,0.1153574,0.0465587,0.0509554,0.9943383,0.5053981,0.045977,0.6,10.626217806887722
7337.0,0.5045659,0.0080414,0.0081777,0.0088033,0.9392122,0.0,0.8603939,0.0030635,0.0459519,0.0475198,0.0078775,0.9851204,0.0971238,0.104,0.1612903,10.945547126244623
501.0,0.4850299,0.5928144,0.1437126,0.1434109,0.9041916,0.0,0.7365269,0.0,0.0239521,0.1069519,0.5149701,1.0,0.342246,0.1929825,0.6,10.401258331428318
13691.0,0.4904682,0.2670367,0.0850194,0.0729644,0.9160763,0.0001461,0.7982728,0.0053144,0.0394154,0.0856449,0.2178919,0.8496457,0.2792063,0.2090498,0.4385965,10.611547975828369
1218.0,0.452381,0.000821,0.1962233,0.1844078,0.8144499,0.0188834,0.6279528,0.0059055,0.0177165,0.0746812,0.0,0.9980315,0.431694,0.0755814,0.6666667,9.83633227734872
167.0,0.5329341,0.0,0.3712575,0.2179487,0.754491,0.0,0.5662651,0.0120482,0.0361446,0.1862745,0.0,0.9879518,0.2941176,0.0,1.0,9.615805480084347
20009.0,0.5020241,0.0163926,0.0226398,0.0251907,0.9519216,0.0,0.8816997,0.0043457,0.027201,0.0497094,0.013681,0.9428617,0.0659223,0.2053743,0.4387755,10.933124826700707
3503.0,0.4915786,0.0256923,0.1016272,0.0415497,0.5977733,0.3334285,0.7912621,0.0048544,0.0558252,0.0495963,0.0157767,0.9259709,0.4059977,0.1436031,0.4285714,11.795099898183592
19564.0,0.4987733,0.0391024,0.0965549,0.0698552,0.8571867,0.0092006,0.7163932,0.0022892,0.0417144,0.0613585,0.0370088,0.9675696,0.3040468,0.0462228,0.4909091,11.141876276228
399.0,0.443609,0.0,0.1954887,0.1891892,0.8345865,0.0,0.6121212,0.0,0.0121212,0.2216981,0.0,0.8545455,0.4433962,0.1515152,1.0,9.942756341456828
54.0,0.4259259,1.0,0.1111111,0.1290323,0.9444444,0.0,0.8125,0.0,0.0,0.1578947,1.0,1.0,0.3157895,1.0,0.0,10.021315031649332
4604.0,0.4721981,0.0217202,0.1383579,0.1395062,0.842311,0.0097741,0.6727899,0.0074627,0.0493685,0.1020619,0.0177956,0.9942595,0.2907216,0.1185629,0.5357143,10.360944044643913
71.0,0.5211268,0.0,0.1267606,0.0588235,0.915493,0.0,0.7931034,0.0,0.0,0.1944444,0.0,0.9655172,0.25,0.3333333,0.6666667,10.53212287826962
5696.0,0.4933287,0.0121138,0.0840941,0.0738046,0.917486,0.0,0.7932512,0.006963,0.0316015,0.1789798,0.0155329,0.765399,0.4076517,0.2106742,0.7605634,10.460270761075149
3002.0,0.4636909,0.0006662,0.1805463,0.1267081,0.8910726,0.0123251,0.7597572,0.0008673,0.0078057,0.1144393,0.0008673,0.9861232,0.2980031,0.1728395,0.8,10.322230781590136
3064.0,0.4944517,0.0029373,0.1605744,0.1123305,0.8090731,0.0483029,0.6762226,0.0075885,0.0362563,0.0427764,0.0016863,0.9940978,0.3139629,0.0510204,0.25,10.573903321093981
8581.0,0.4678942,0.1702599,0.1614031,0.1318441,0.7869712,0.0360098,0.6546196,0.0078694,0.0737394,0.0592268,0.1422326,0.9953366,0.3106663,0.0686275,0.3333333,11.124332223082254
693.0,0.5021645,0.041847,0.1702742,0.057971,0.4834055,0.4314574,0.7237569,0.0,0.038674,0.6492248,0.0,1.0,0.0968992,0.0625,0.3333333,11.250274159310356
361.0,0.4764543,0.0,0.2271468,0.1904762,0.8504155,0.0,0.6666667,0.0,0.0062893,0.0914286,0.0,1.0,0.2285714,0.0740741,1.0,10.130662964963708
170.0,0.4764706,0.0,0.2235294,0.0786517,0.7882353,0.0,0.6202532,0.0126582,0.0506329,0.247619,0.0,0.9873418,0.5619048,0.1304348,1.0,9.615805480084347
38142.0,0.5309108,0.0712862,0.1357296,0.1103845,0.7072781,0.0983168,0.5968882,0.0078136,0.0770485,0.0621296,0.0525887,0.968474,0.5044287,0.0922271,0.4166667,10.837637848711049
24358.0,0.4934313,0.0052549,0.1166352,0.0553529,0.9338616,0.0012316,0.862332,0.0029059,0.0387456,0.0216773,0.0043589,0.9590749,0.0594646,0.1623932,0.2409639,12.535739636044429
5541.0,0.4692294,0.0009024,0.1348132,0.1183271,0.8700596,0.0155207,0.7536782,0.008543,0.0299003,0.0509009,0.0004746,0.9966777,0.3103604,0.0603567,0.4,10.69650269224425
226.0,0.5044248,0.0,0.3053097,0.1071429,0.800885,0.0,0.6388889,0.0092593,0.037037,0.1818182,0.0,0.9907407,0.3106061,0.03125,0.3333333,10.616461869895815
2190.0,0.4995434,0.0004566,0.0643836,0.044708,0.9438356,0.0,0.8717599,0.005457,0.0313779,0.0067751,0.0,0.9972715,0.1463415,0.075,0.0,10.835671318412196
12358.0,0.4933646,0.0149701,0.1433889,0.103977,0.8579058,0.012057,0.7307692,0.0025221,0.0552753,0.0346926,0.0140815,0.9899117,0.2369649,0.0599647,0.28125,11.760574294255605
1571.0,0.4710376,0.0038192,0.1941439,0.1359807,0.829408,0.0299173,0.6809524,0.0015873,0.0238095,0.0816327,0.0,0.9984127,0.244898,0.0880829,0.375,10.264687244346277
8487.0,0.4656534,0.0089549,0.26464,0.1660419,0.8163073,0.0440674,0.7091938,0.0022631,0.0367751,0.0237503,0.0104668,0.9966054,0.1988401,0.0174717,0.4545455,11.227919807721856
1468.0,0.4938692,0.0,0.0790191,0.0538358,0.9502725,0.0,0.8816794,0.0038168,0.0133588,0.0490018,0.0,0.9961832,0.1560799,0.1076923,0.75,10.998777662206932
825.0,0.4993939,0.0,0.1466667,0.1065375,0.8581818,0.0121212,0.7,0.0030303,0.0181818,0.1538462,0.0,1.0,0.2512821,0.0972222,0.3,9.952325334619427
1499.0,0.4856571,0.006004,0.1420947,0.1050584,0.9212809,0.0,0.8044983,0.0,0.0086505,0.0752,0.0051903,0.9965398,0.2768,0.1239669,0.0714286,10.407318772389159
3042.0,0.4349112,0.0003287,0.2357002,0.1797557,0.7764629,0.0404339,0.6122449,0.0030234,0.026455,0.0556745,0.0,0.9984883,0.3468951,0.0462963,0.5,10.410335274932896
110.0,0.4363636,0.0636364,0.1909091,0.1451613,0.8181818,0.0,0.62,0.0,0.02,0.122807,0.02,1.0,0.2280702,0.125,0.0,10.308985993422082
11072.0,0.4807623,0.0950145,0.1578757,0.1605497,0.8488981,0.0117413,0.6945404,0.0048376,0.0384704,0.0710464,0.0817784,0.9900944,0.4671517,0.1202861,0.3095238,10.142543822310387
10278.0,0.4938704,0.0028216,0.1984822,0.1441753,0.7693131,0.0836739,0.6536946,0.0027094,0.0216749,0.1594203,0.0022167,0.9916256,0.426087,0.0545951,0.7319588,9.980494888896912
272.0,0.4632353,0.0,0.1985294,0.239726,0.8676471,0.0,0.6727273,0.0,0.0,0.1472868,0.0,0.9909091,0.372093,0.1052632,0.0,9.717218213494077
1791.0,0.4399777,0.0,0.1072027,0.0977069,0.8994975,0.0,0.7592068,0.0014164,0.0113314,0.1186017,0.0,0.9971671,0.3632959,0.092511,0.8181818,10.425282789490705
1094.0,0.4963437,0.0,0.1508227,0.123412,0.8765996,0.0,0.7249417,0.004662,0.030303,0.1136364,0.0,0.990676,0.3305785,0.1052632,0.2857143,10.003378135350923
6073.0,0.4794994,0.0105384,0.1704265,0.1350838,0.8445579,0.0083978,0.6730361,0.0042463,0.0403397,0.0296663,0.0084926,0.9303609,0.3473424,0.088845,0.4545455,10.799595985047786
271.0,0.4723247,0.0,0.195572,0.1328671,0.8634686,0.0,0.6875,0.0089286,0.0089286,0.0344828,0.0,0.9821429,0.2672414,0.0666667,0.5,9.989711119284745
452.0,0.4845133,0.0,0.1615044,0.1287554,0.8761062,0.0,0.6745562,0.0,0.0059172,0.1507538,0.0,0.7100592,0.3969849,0.2,1.0,9.615805480084347
171.0,0.4152047,0.0350877,0.1052632,0.14,0.9005848,0.0,0.7222222,0.0,0.0185185,0.1,0.0185185,1.0,0.35,0.2222222,0.0,9.615805480084347
1894.0,0.5063358,0.0,0.1763464,0.0652406,0.9208025,0.0,0.8246073,0.0,0.0183246,0.1932418,0.0,0.9973822,0.1583949,0.1477273,0.5,10.134638955251866
694.0,0.4365994,0.1195965,0.2175793,0.1943734,0.8948127,0.0,0.7399267,0.0,0.007326,0.146875,0.1135531,0.989011,0.225,0.1176471,1.0,9.873079890114703
1424.0,0.4845506,0.0,0.1235955,0.0912807,0.8988764,0.0,0.7504456,0.0,0.0071301,0.0523649,0.0,1.0,0.3834459,0.0440252,0.8571429,10.158168529848494
1224.0,0.501634,0.0,0.1356209,0.0885246,0.8815359,0.0,0.754717,0.0062893,0.0398323,0.0755814,0.0,0.9811321,0.3275194,0.1240876,0.5,10.74507628970625
583.0,0.457976,0.0,0.1766724,0.2056962,0.8421955,0.0,0.6396761,0.0040486,0.0080972,0.1272085,0.0,0.9878543,0.3321555,0.173913,0.875,9.615805480084347
2466.0,0.4801298,0.2506083,0.0790754,0.0717629,0.9347121,0.0,0.8272506,0.0012165,0.0170316,0.1208556,0.2347932,0.9902676,0.2534759,0.1133333,0.7,10.628641991731053
1361.0,0.4695077,0.0007348,0.2512858,0.1925208,0.7979427,0.0374724,0.6335616,0.0,0.015411,0.1178248,0.0,0.984589,0.2749245,0.0694444,0.4285714,9.966509298952284
3456.0,0.4528356,0.0,0.2204861,0.1803279,0.8058449,0.0234375,0.6416894,0.003406,0.0340599,0.0949445,0.0,0.9979564,0.2946979,0.0565657,0.8333333,9.852246888342531
140891.0,0.4812018,0.3600585,0.0961807,0.0875858,0.8811067,0.0211085,0.7450052,0.0032085,0.0416648,0.0475096,0.3340236,0.6514359,0.4928259,0.1943778,0.4495798,11.513934955263402
478.0,0.4916318,0.0,0.2008368,0.1728395,0.8514644,0.0,0.6884422,0.0,0.0251256,0.1708333,0.0,1.0,0.3583333,0.0892857,0.6,9.90353755128617
21853.0,0.4525237,0.0248021,0.1427264,0.1334838,0.7889535,0.0485517,0.6633361,0.0031739,0.0638298,0.0327459,0.0220994,0.9916539,0.4125071,0.0274841,0.2307692,11.304682841344873
2780.0,0.4679856,0.0830935,0.1492806,0.1331981,0.8751799,0.0104317,0.7429864,0.0054299,0.0199095,0.0783987,0.0733032,0.9963801,0.2693912,0.0782313,0.25,10.545367754151743
1444.0,0.4598338,0.0034626,0.2396122,0.174359,0.800554,0.0519391,0.6696113,0.0070671,0.0300353,0.0503356,0.0017668,0.9982332,0.283557,0.035461,0.75,10.428245666832275
3656.0,0.4964442,0.0084792,0.0700219,0.0646388,0.8506565,0.0,0.6923077,0.0071891,0.0704529,0.1077614,0.0100647,0.9647735,0.3887107,0.1055662,0.75,10.860939421415225
1145.0,0.4515284,0.0034934,0.2454148,0.2213376,0.7432314,0.0716157,0.6171079,0.00611,0.0346232,0.2067851,0.0020367,0.9959267,0.4006462,0.0607735,0.5625,10.601647149919609
1476.0,0.4593496,0.3834688,0.1734417,0.1566416,0.8604336,0.0094851,0.6913793,0.0017241,0.0189655,0.0690209,0.3189655,0.9948276,0.3033708,0.102439,0.8333333,10.288783966353765
693.0,0.4834055,0.01443,0.1515152,0.0726257,0.8802309,0.0,0.7428571,0.0,0.0321429,0.047619,0.0285714,0.9821429,0.1632653,0.03125,0.3333333,12.09626335986454
565.0,0.4106195,0.0,0.3292035,0.2882883,0.7575221,0.0743363,0.6108787,0.0,0.0083682,0.0736434,0.0,1.0,0.2364341,0.0540541,0.5,9.692828247710418
650.0,0.4984615,0.0,0.16,0.1165644,0.7769231,0.0323077,0.6,0.0109091,0.0363636,0.1512346,0.0,0.9709091,0.5462963,0.0654206,0.1428571,10.315630315397533
578.0,0.4948097,0.0138408,0.133218,0.0821918,0.9031142,0.0,0.754717,0.004717,0.0141509,0.120332,0.009434,0.995283,0.3319502,0.0857143,0.8888889,10.158168529848494
1745.0,0.4240688,0.0108883,0.2487106,0.2218905,0.7879656,0.0808023,0.6912181,0.0042493,0.0113314,0.0759162,0.0084986,0.9985836,0.3180628,0.042654,0.7692308,10.247112717290387
238.0,0.4621849,0.0,0.1386555,0.1171875,0.9033613,0.0,0.7865169,0.0,0.0449438,0.1603774,0.0,0.9550562,0.254717,0.1333333,0.0,10.056251557087757
109.0,0.4587156,0.0,0.2018349,0.2372881,0.8807339,0.0,0.7659574,0.0,0.0425532,0.1607143,0.0,1.0,0.125,0.0,1.0,9.928228944424575
226.0,0.4646018,0.0,0.2566372,0.1570248,0.8539823,0.0,0.6774194,0.0,0.0322581,0.2051282,0.0,1.0,0.4700855,0.1428571,0.5,9.615805480084347
358.0,0.4692737,0.0055866,0.2346369,0.1736842,0.8463687,0.0,0.6896552,0.0068966,0.0482759,0.0880503,0.0068966,0.9724138,0.3333333,0.1568627,0.0,9.615805480084347
1044.0,0.4885057,0.0009579,0.1685824,0.0955056,0.8965517,0.0,0.7512563,0.0025126,0.0150754,0.5577778,0.0,0.9899497,0.1811111,0.0967742,0.8235294,11.140425970684525
15519.0,0.4412655,0.0156582,0.3440943,0.2357283,0.7849088,0.0204266,0.6028104,0.0014339,0.031259,0.1434537,0.0108976,0.9172641,0.6242938,0.0450368,0.72,11.654433707761807
677.0,0.4726736,0.0103397,0.1033973,0.0840336,0.8581979,0.0,0.7007576,0.0075758,0.0454545,0.2325581,0.0075758,0.9962121,0.4505814,0.0430108,1.0,10.376642461280849
1067.0,0.4826617,0.0,0.1911903,0.1231884,0.8678538,0.0,0.6985981,0.0,0.0280374,0.1138716,0.0,0.9883178,0.3933747,0.1134752,1.0,10.691967639914864
1021.0,0.489716,0.0009794,0.136141,0.0863724,0.8726738,0.0,0.7182741,0.0025381,0.0456853,0.0223325,0.0025381,0.9974619,0.2704715,0.0916667,0.3333333,10.628641991731053
111.0,0.4594595,0.045045,0.1081081,0.0833333,0.9099099,0.0,0.75,0.0,0.0,0.0909091,0.025,1.0,0.3181818,0.1538462,1.0,10.61890979160975
5493.0,0.4491171,0.03641,0.1512835,0.1497026,0.6795922,0.1922447,0.6689655,0.0015915,0.0344828,0.0732547,0.0212202,0.9984085,0.4110128,0.0663857,0.4705882,10.250652418696085
337.0,0.4777448,0.3531157,0.1750742,0.1590909,0.8724036,0.0,0.7226277,0.0072993,0.0291971,0.1329114,0.3284672,0.9927007,0.2025316,0.0869565,1.0,10.254179634797001
1037.0,0.4657666,0.0019286,0.192864,0.1209386,0.8630665,0.0,0.699095,0.0045249,0.020362,0.101626,0.0,1.0,0.2804878,0.0560748,0.8888889,9.957075711706057
8360.0,0.4697368,0.0080144,0.1758373,0.0994812,0.8625598,0.0037081,0.7078584,0.0038992,0.0341932,0.0282716,0.0068986,0.9934013,0.1489362,0.0381194,0.4242424,11.635151947212842
920.0,0.4434783,0.0,0.2923913,0.2285156,0.7793478,0.1119565,0.7134328,0.0029851,0.0089552,0.045584,0.0,1.0,0.2279202,0.0428571,0.6666667,10.33854382482173
1016.0,0.4822835,0.0049213,0.0905512,0.0627376,0.9458661,0.0,0.8586957,0.0,0.0081522,0.08,0.0027174,0.9972826,0.27,0.0987654,0.0,10.34177474101152
368.0,0.4728261,0.0027174,0.3940217,0.1082474,0.9211957,0.0,0.8421053,0.0,0.0116959,0.25,0.005848,1.0,0.1359649,0.1,0.6666667,11.261909563554315
1154.0,0.4644714,0.0008666,0.3076256,0.2200647,0.7946274,0.0398614,0.6213389,0.0020921,0.0104603,0.108209,0.0,1.0,0.3451493,0.056,0.8,9.980494888896912
53.0,0.5283019,0.0,0.245283,0.12,0.9056604,0.0,0.7727273,0.0,0.0,0.12,0.0,0.9545455,0.32,0.0,0.0,9.615805480084347
314.0,0.5,0.0,0.1592357,0.0828025,0.9044586,0.0,0.7822581,0.0080645,0.016129,0.3111111,0.0,1.0,0.2444444,0.1904762,0.3333333,10.5610334618531
10030.0,0.4832502,0.0040877,0.1627119,0.0671426,0.9072782,0.0,0.8111782,0.0030211,0.0390232,0.2151749,0.0037764,0.9848943,0.2357242,0.0874251,0.4090909,11.586185220346932
2597.0,0.4732384,0.0069311,0.1155179,0.0906433,0.8217174,0.0,0.6639042,0.0092081,0.06814,0.0531822,0.0055249,0.9953959,0.3147341,0.0239651,1.0,11.382828169079987
364.0,0.4862637,0.0,0.1868132,0.1122995,0.9038462,0.0,0.7737226,0.0072993,0.0145985,0.3115578,0.0,1.0,0.4120603,0.2272727,1.0,10.236417809461043
1834.0,0.4956379,0.002181,0.1003272,0.067027,0.8173391,0.0,0.6263158,0.0052632,0.0552632,0.1489362,0.0039474,0.9657895,0.4356103,0.0827815,0.7631579,10.853232402669228
74625.0,0.4915511,0.009943,0.0475176,0.0397965,0.85667,0.0040201,0.7109746,0.0054262,0.0698936,0.0683005,0.0102055,0.9069283,0.3004888,0.0678929,0.5106007,11.160541302448653
5972.0,0.4574682,0.0016745,0.1905559,0.1493827,0.8255191,0.033992,0.6765705,0.0046689,0.0263158,0.05,0.0008489,0.9966044,0.2770161,0.0754438,0.6666667,10.177362240256695
8099.0,0.4333868,0.0403754,0.1224843,0.0749619,0.443882,0.3326337,0.567299,0.00271,0.1869919,0.0473322,0.0171635,0.9900632,0.2564544,0.0349398,0.625,11.199597325534862
239.0,0.5020921,0.0,0.2008368,0.1260504,0.9330544,0.0,0.826087,0.0,0.0,0.0980392,0.0,0.9891304,0.245098,0.0,0.8,10.130662964963708
2396.0,0.5029215,0.0066778,0.1377295,0.1024349,0.8484975,0.0058431,0.6969377,0.0052798,0.0527983,0.0366226,0.0073918,0.9957761,0.2482197,0.0948617,0.3333333,10.635879484421974
3378.0,0.4703967,0.151865,0.2436353,0.1889324,0.8028419,0.0559503,0.6671675,0.0022539,0.0195342,0.111482,0.1322314,0.9601803,0.3351135,0.111588,0.6097561,10.584081267024454
12711.0,0.5093226,0.0031469,0.0497994,0.0412057,0.9133034,0.0055857,0.7890265,0.0050983,0.0308327,0.0889184,0.0033989,0.8958485,0.2749392,0.130137,0.5164835,10.998777662206932
523.0,0.456979,0.2122371,0.1759082,0.1795775,0.873805,0.0,0.7056075,0.0046729,0.0093458,0.0735931,0.2102804,1.0,0.2857143,0.0930233,0.0,9.857495968685136
70.0,0.5142857,0.0,0.0857143,0.0588235,0.9428571,0.0,0.8333333,0.0,0.0,0.2727273,0.0,1.0,0.2424242,0.4285714,1.0,9.615805480084347
2001.0,0.4767616,0.1294353,0.187906,0.1795606,0.8245877,0.0444778,0.6894804,0.0038023,0.0139417,0.0695755,0.1013942,0.9987326,0.3879717,0.0898876,0.5,9.857495968685136
73552.0,0.4533935,0.8994589,0.1150886,0.1144662,0.8008484,0.028157,0.6020213,0.0042999,0.0473723,0.0613033,0.8864021,0.9663727,0.5682892,0.1075917,0.2334802,11.3655964644899
404.0,0.5148515,0.0049505,0.0940594,0.122449,0.7722772,0.0,0.5748503,0.005988,0.1017964,0.0402299,0.0,1.0,0.4252874,0.0138889,1.0,11.18859323930985
127.0,0.488189,0.0,0.2125984,0.0923077,0.8976378,0.0,0.78,0.02,0.02,0.1071429,0.0,1.0,0.1071429,0.0,0.0,10.628641991731053
78.0,0.4871795,0.0,0.2307692,0.1,0.9102564,0.0,0.8,0.0,0.0333333,0.2105263,0.0,0.9666667,0.2368421,0.0,0.0,9.62911649414402
4411.0,0.4638404,0.0204035,0.3620494,0.1403805,0.8494672,0.0,0.7156053,0.0024307,0.0340301,0.0902256,0.0175012,0.9790958,0.308713,0.0609319,0.4,10.85516473308054
11137.0,0.5021101,0.1443836,0.0648289,0.0602344,0.8462782,0.0,0.6888361,0.0064133,0.0755344,0.0410023,0.1591449,0.9655582,0.4284738,0.0626408,0.0833333,11.23850177707664
4974.0,0.4724568,0.0301568,0.2247688,0.1006098,0.7828709,0.0,0.6499772,0.002731,0.0987711,0.0239893,0.0277651,0.9795175,0.1186139,0.0438871,0.2105263,12.479532814438391
52.0,0.5576923,0.0,0.0961538,0.0434783,0.6346154,0.0,0.4814815,0.0,0.1851852,0.6538462,0.0,0.9259259,0.9487179,0.1111111,0.0,10.351405324899678
79.0,0.4683544,0.0,0.2405063,0.1428571,0.8734177,0.0,0.7096774,0.0,0.0322581,0.3111111,0.0,1.0,0.2222222,0.0,1.0,9.615805480084347
112.0,0.4821429,0.0267857,0.1964286,0.1034483,0.875,0.0,0.7111111,0.0,0.0222222,0.0425532,0.0222222,1.0,0.106383,0.0,0.0,9.615805480084347
1826.0,0.4742607,0.0005476,0.1560789,0.1260417,0.8778751,0.0405257,0.7838661,0.0,0.0106545,0.102459,0.0,0.9954338,0.3005464,0.0979381,0.9230769,10.645448706505872
445.0,0.5101124,0.0,0.0786517,0.0412844,0.9280899,0.0,0.8115942,0.0,0.0362319,0.034965,0.0,1.0,0.1678322,0.1578947,1.0,11.222586532857163
1549.0,0.4377017,0.3879923,0.1665591,0.1641791,0.8495804,0.0,0.6651446,0.0015221,0.0182648,0.083682,0.3409437,1.0,0.3779637,0.0846906,0.5454545,10.379752786950895
447.0,0.4630872,0.0022371,0.1230425,0.1416667,0.8903803,0.0,0.7664671,0.005988,0.0419162,0.0722222,0.005988,1.0,0.2388889,0.2,0.0,10.568775236216993
1661.0,0.4708007,0.0270921,0.2354004,0.1672355,0.8874172,0.0,0.7418879,0.0029499,0.0117994,0.0923695,0.020649,0.9955752,0.3333333,0.1474359,0.4615385,9.952325334619427
5347.0,0.4946699,0.0009351,0.1060408,0.0714286,0.8683374,0.0095381,0.7492625,0.0049164,0.060472,0.0635359,0.0004916,0.9936087,0.269337,0.0395095,0.0416667,11.320565693461432
18.0,0.5555556,0.0,0.2222222,0.0,0.8888889,0.0,0.75,0.0,0.0,0.4666667,0.0,1.0,0.4,0.0,0.0,9.770013301136158
3928.0,0.4831976,0.0028004,0.1560591,0.1093596,0.8892566,0.032332,0.7783019,0.0031447,0.0141509,0.08555,0.0007862,0.5754717,0.3824587,0.1614583,0.6285714,10.090008612393838
2678.0,0.4858103,0.0022405,0.173637,0.124183,0.8259895,0.0421957,0.703667,0.0099108,0.0356789,0.0436019,0.0009911,0.9326065,0.2454976,0.0766423,0.4615385,10.348205424565993
512.0,0.484375,0.0,0.21875,0.1212121,0.8671875,0.0,0.6995074,0.0,0.0246305,0.0469484,0.0,1.0,0.2300469,0.0181818,1.0,10.354595018522993
956.0,0.4811715,0.001046,0.3305439,0.2298387,0.7384937,0.0920502,0.6122449,0.002551,0.0229592,0.1070615,0.002551,1.0,0.3621868,0.0860215,0.8,9.898525260706313
6516.0,0.8202885,0.240485,0.0432781,0.087105,0.3000307,0.6514733,0.7102804,0.0116822,0.0584112,0.0593407,0.0093458,0.9521028,0.3659341,0.1147541,0.625,11.267037714175425
10518.0,0.4673892,0.1919566,0.192432,0.1758301,0.7714394,0.1019205,0.6834741,0.0042239,0.0261352,0.1585962,0.1647307,0.9833685,0.2976455,0.096563,0.7008547,10.207325906555994
2887.0,0.5067544,0.0131625,0.0516107,0.0301966,0.9750606,0.0,0.9342252,0.0,0.0133779,0.0218103,0.0100334,0.9955407,0.0196292,0.0909091,0.0909091,12.44627388376583
198.0,0.489899,0.1161616,0.0909091,0.1089109,0.8838384,0.0,0.7534247,0.0273973,0.0273973,0.1797753,0.109589,0.9863014,0.2921348,0.1428571,0.0,9.942756341456828
411.0,0.4841849,0.0,0.1557178,0.1273585,0.8175182,0.0,0.6534091,0.0113636,0.0511364,0.12,0.0,1.0,0.46,0.0677966,0.9,10.069044362997353
578.0,0.4446367,0.4359862,0.183391,0.1682243,0.8598616,0.0,0.6666667,0.0,0.0131579,0.0952381,0.4078947,1.0,0.3015873,0.1382979,0.25,9.814710982145282
139.0,0.5395683,0.0,0.0935252,0.046875,0.8920863,0.0,0.7173913,0.0,0.0217391,0.0612245,0.0,1.0,0.2244898,0.2857143,1.0,10.038935856711177
18609.0,0.480144,0.4371003,0.0612069,0.0491007,0.9028427,0.0,0.7683728,0.0030558,0.0369748,0.0517241,0.3792208,0.9928189,0.210084,0.082332,0.3255814,10.918736348043124
1516.0,0.4597625,0.0059367,0.1523747,0.1538462,0.8146438,0.0138522,0.639866,0.0033501,0.0485762,0.0627943,0.0050251,0.9932998,0.3689168,0.0801394,0.6666667,11.305913595583258
2284.0,0.5122592,0.0,0.0726795,0.045781,0.9689142,0.0,0.8863636,0.0017483,0.0087413,0.0288625,0.0,0.9807692,0.1409168,0.2625,0.0,10.893047333337728
258.0,0.5232558,0.0,0.1085271,0.0813008,0.8643411,0.0,0.712766,0.0,0.0531915,0.0408163,0.0,1.0,0.3163265,0.0833333,0.0,10.422311107413181
1137.0,0.4635004,0.001759,0.1442392,0.1081967,0.8751099,0.0,0.7371795,0.0021368,0.034188,0.2040816,0.0021368,0.9700855,0.4880952,0.0588235,0.5,10.576457535657255
2697.0,0.500927,0.1568409,0.0674824,0.0683507,0.9061921,0.0,0.7843337,0.0040692,0.0325534,0.0735156,0.1444557,0.9918616,0.3553252,0.0784884,0.2727273,10.675931008412125
1584.0,0.5195707,0.0,0.1268939,0.0932983,0.8996212,0.040404,0.857438,0.0061983,0.0309917,0.0339321,0.0,0.9793388,0.1377246,0.1184211,0.0,11.044536531401494
409.0,0.4889976,0.002445,0.0513447,0.0430622,0.9364303,0.0,0.8547009,0.025641,0.0512821,0.2909091,0.0,0.965812,0.3878788,0.2258065,0.0,9.615805480084347
252.0,0.515873,0.0,0.218254,0.2131148,0.8214286,0.0,0.612069,0.0,0.0,0.1470588,0.0,1.0,0.3161765,0.0,0.3333333,9.615805480084347
26873.0,0.4829011,0.0081122,0.1502623,0.1134139,0.9121051,0.0168199,0.8219208,0.0013022,0.0250678,0.0160171,0.0055345,0.9900163,0.1193807,0.044603,0.35,11.749585258937909
828.0,0.4975845,0.0,0.1074879,0.0913462,0.9130435,0.0,0.7831715,0.0064725,0.012945,0.1221591,0.0,1.0,0.375,0.0857143,0.3333333,10.494075844768336
1407.0,0.4335466,0.5223881,0.2153518,0.1894605,0.8187633,0.0447761,0.6513944,0.0,0.0258964,0.1161972,0.4422311,0.9940239,0.2887324,0.2210526,1.0,9.615805480084347
1253.0,0.4485235,0.5426975,0.1468476,0.1432706,0.8834796,0.0,0.7033898,0.0021186,0.0084746,0.1077505,0.5063559,0.9936441,0.4744802,0.0988372,0.6,9.852246888342531
1133.0,0.4986761,0.0,0.1085613,0.084507,0.9276258,0.0,0.8290816,0.005102,0.0229592,0.0439024,0.0,0.997449,0.2756098,0.1494253,1.0,10.50783084142058
873.0,0.4788087,0.0,0.2588774,0.1494505,0.7525773,0.0206186,0.5683453,0.0023981,0.0407674,0.0993521,0.0,1.0,0.4103672,0.0357143,0.5,10.96648993456911
519.0,0.4123314,0.0019268,0.7379576,0.3868852,0.6339114,0.0,0.4649123,0.0,0.0204678,0.5223464,0.002924,0.994152,0.872905,0.0,0.04,9.65509029374725
13011.0,0.475905,0.1502575,0.0920759,0.0739111,0.7576666,0.046576,0.6291366,0.0042522,0.0859678,0.0627274,0.1155482,0.990941,0.3476001,0.0362604,0.1052632,11.080618310893968
29105.0,0.4963752,0.0661398,0.0389967,0.0372493,0.9639237,0.0008933,0.9153709,0.0020393,0.030079,0.0302806,0.0684425,0.8016824,0.1788407,0.2559441,0.3170732,12.474193386571581
466.0,0.4871245,0.0,0.2296137,0.1631799,0.8712446,0.0,0.7046632,0.0,0.0103627,0.0896226,0.0,0.9948187,0.1603774,0.1190476,0.6,9.615805480084347
448.0,0.4821429,0.2633929,0.125,0.112069,0.8950893,0.0,0.7393939,0.0,0.0242424,0.1032609,0.2121212,1.0,0.2934783,0.1052632,0.0,10.413342705547674
2504.0,0.4416933,0.0127796,0.2615815,0.2010014,0.8166933,0.0,0.6188811,0.0017483,0.0174825,0.079646,0.0104895,0.9982517,0.2928399,0.0492958,0.8333333,10.318935994253193
11657.0,0.4738784,0.0010294,0.1410311,0.1293005,0.8459295,0.0372308,0.7274653,0.0063544,0.0315368,0.039774,0.0004707,0.9912921,0.2770621,0.0923407,0.46875,10.652566005416872
88.0,0.4431818,0.0,0.1818182,0.0612245,0.7613636,0.1136364,0.75,0.0357143,0.0357143,0.2631579,0.0,1.0,0.1842105,0.0,0.0,9.615805480084347
4411.0,0.4667876,0.0024938,0.1895262,0.1517857,0.8428928,0.0106552,0.6759621,0.0055772,0.0250976,0.0523256,0.0033463,0.9955382,0.3372093,0.0700389,0.3809524,10.465984899076615
12430.0,0.4795656,0.0129525,0.122687,0.0800742,0.8896219,0.0,0.7458023,0.0025505,0.0286929,0.0290962,0.0131775,0.997237,0.2496905,0.0326531,0.173913,10.990381448250039
992.0,0.5141129,0.0040323,0.0997984,0.0477178,0.9243952,0.0322581,0.856,0.004,0.02,0.0272374,0.0,0.604,0.2723735,0.3333333,0.0,10.440010162389305
6590.0,0.4936267,0.0045524,0.0552352,0.0410548,0.9537178,0.0,0.8833859,0.0022512,0.0184602,0.0288588,0.0027015,0.9968483,0.0572803,0.1359223,0.4615385,11.209127560632263
1250.0,0.4976,0.0208,0.1152,0.0828025,0.8536,0.0,0.698,0.002,0.06,0.0825688,0.014,0.994,0.3082569,0.0728477,0.3,10.716659698193956
5705.0,0.5090272,0.0138475,0.0508326,0.0296323,0.9666959,0.0,0.9224852,0.0035503,0.0230769,0.0292935,0.0112426,0.8786982,0.0608845,0.2429907,0.1538462,11.3655964644899
96.0,0.5208333,0.0,0.0416667,0.0434783,0.9166667,0.0,0.7931034,0.0,0.0689655,0.0333333,0.0,1.0,0.0333333,0.0,0.0,10.868587496017359
111.0,0.4504505,0.0,0.0720721,0.0819672,0.9369369,0.0,0.8055556,0.0,0.0,0.1627907,0.0,0.9722222,0.2093023,0.4444444,0.5,9.615805480084347
3766.0,0.4957515,0.0268189,0.0767392,0.0642443,0.909453,0.0342539,0.8697813,0.0119284,0.0447316,0.0953237,0.0248509,0.7027833,0.1852518,0.368,0.2162162,11.593592593037384
99567.0,0.4793255,0.0097221,0.1368024,0.1045099,0.7774363,0.0276196,0.6230601,0.0056027,0.0846348,0.0906878,0.0089246,0.9834895,0.4349992,0.0580696,0.4888889,11.51792295668052
23079.0,0.4660514,0.1174661,0.1946791,0.1495577,0.8259457,0.0348802,0.6788951,0.0023738,0.0208243,0.1277997,0.1004532,0.9835995,0.3268398,0.1058406,0.5031056,10.146472946063877
1536.0,0.4498698,0.3802083,0.0657552,0.0686391,0.8769531,0.0,0.7361111,0.0069444,0.0486111,0.073955,0.3402778,0.9947917,0.4758842,0.084507,0.1818182,10.609081944147828
1063.0,0.4637817,0.0,0.275635,0.2280702,0.8080903,0.0348071,0.6395604,0.0,0.0065934,0.2454395,0.0,0.9824176,0.4344942,0.1186441,0.8695652,9.615805480084347
669.0,0.5142003,0.0014948,0.0807175,0.0584615,0.9431988,0.0,0.8414097,0.0,0.0088106,0.0696721,0.0,0.9955947,0.2336066,0.1666667,0.5,10.428245666832275
4278.0,0.4546517,0.0322581,0.2075736,0.1894556,0.8272557,0.0350631,0.6872499,0.0040023,0.0165809,0.0601827,0.0325901,0.9994282,0.3508866,0.0653188,0.7142857,10.012386799492118
16896.0,0.5059777,0.0101799,0.0487689,0.0476818,0.9699337,0.000651,0.9065446,0.0029626,0.0207379,0.0305483,0.0118503,0.0802586,0.5986945,0.4405685,0.3571429,10.96648993456911
353.0,0.4815864,0.0,0.2209632,0.136612,0.8866856,0.0,0.7183099,0.0,0.0,0.0469799,0.0,1.0,0.1812081,0.15,0.0,9.825580063659602
1025.0,0.4760976,0.0,0.2360976,0.2029795,0.8185366,0.0468293,0.6812652,0.0,0.0170316,0.0722348,0.0,1.0,0.2370203,0.0779221,0.8333333,9.70509758756311
1634.0,0.4632803,0.0905753,0.1829865,0.1858609,0.8335373,0.0281518,0.6842105,0.0015038,0.0150376,0.1156915,0.0857143,0.9924812,0.4574468,0.0595611,0.5,10.27163147557801
4206.0,0.5249643,0.0090347,0.1951973,0.0910911,0.7629577,0.0468379,0.6640712,0.0050056,0.0912125,0.26702,0.0022247,0.9655172,0.5878516,0.0621891,0.3846154,11.440365524765756
1916.0,0.441023,0.0005219,0.2218163,0.1998133,0.8183716,0.0156576,0.6400938,0.0,0.0128957,0.0718172,0.0,0.9976553,0.3993471,0.0323529,0.7142857,10.250652418696085
892.0,0.4988789,0.0,0.1188341,0.0917226,0.9013453,0.0,0.7837838,0.003003,0.033033,0.0291545,0.0,0.996997,0.1574344,0.0882353,0.0,10.801634680173994
211.0,0.4691943,0.0,0.1658768,0.125,0.92891,0.0,0.8170732,0.0,0.0,0.0238095,0.0,1.0,0.0952381,0.2,0.0,10.389026137075234
2160.0,0.425,0.0703704,0.2236111,0.1876006,0.7828704,0.0,0.5625626,0.001001,0.03003,0.0834862,0.0570571,0.996997,0.4577982,0.0449438,0.7272727,9.99884318585288
185.0,0.4918919,0.0,0.2,0.1276596,0.8486486,0.0,0.6666667,0.0,0.0266667,0.0740741,0.0,1.0,0.308642,0.1818182,0.0,9.615805480084347
1184.0,0.4847973,0.0092905,0.1368243,0.0622951,0.9560811,0.0,0.8946078,0.0,0.0171569,0.0308789,0.002451,0.9730392,0.0356295,0.2222222,0.75,13.122367377396328
1306.0,0.4754977,0.0045942,0.1707504,0.1416058,0.8200613,0.0,0.6343693,0.0073126,0.0438757,0.1191626,0.0054845,0.9341865,0.5925926,0.0875421,0.2,11.356283350762888
499.0,0.4689379,0.004008,0.1442886,0.1132075,0.8657315,0.006012,0.7149758,0.0,0.0241546,0.1585366,0.0048309,0.9758454,0.4227642,0.0243902,0.0,10.243560441877241
698.0,0.4598854,0.0,0.1318052,0.1299735,0.8595989,0.0,0.6861314,0.0072993,0.0364964,0.0283688,0.0,0.9927007,0.2695035,0.1538462,0.0,10.150386692204734
834.0,0.470024,0.0,0.176259,0.1447964,0.8441247,0.0,0.6410256,0.0,0.011396,0.1662708,0.0,1.0,0.391924,0.0917431,0.6666667,10.21833478806055
1461.0,0.4702259,0.0451745,0.1895962,0.1343669,0.807666,0.0,0.6176471,0.0081699,0.0604575,0.4852817,0.0441176,0.9150327,0.3683768,0.1028807,0.88,11.289794413577894
223.0,0.4484305,0.0,0.1838565,0.1300813,0.8923767,0.0,0.7333333,0.0,0.0,0.0425532,0.0,1.0,0.3829787,0.0,0.0,9.69898173460629
233.0,0.4892704,0.0,0.111588,0.0756303,0.9141631,0.0,0.8157895,0.0131579,0.0394737,0.1827957,0.0,0.2368421,0.4516129,0.5454545,1.0,10.428245666832275
414.0,0.4661836,0.0,0.1352657,0.1176471,0.9130435,0.0,0.7682119,0.0,0.0066225,0.1169591,0.0,1.0,0.3450292,0.1153846,0.6666667,9.615805480084347
1450.0,0.4627586,0.0,0.1655172,0.1489089,0.8303448,0.0,0.6545455,0.0066116,0.0446281,0.059098,0.0,1.0,0.311042,0.0684411,0.4,10.534785924769006
1535.0,0.4846906,0.0013029,0.1498371,0.1289507,0.876873,0.0,0.7006803,0.0034014,0.0187075,0.1009174,0.0017007,0.994898,0.4281346,0.1099476,0.4,9.69898173460629
833.0,0.6770708,0.057623,0.0168067,0.0260223,0.5438175,0.3637455,0.6842105,0.0105263,0.0736842,0.3356643,0.0052632,1.0,0.7727273,0.1232877,0.0,10.367253014814716
125.0,0.52,0.0,0.296,0.1166667,0.832,0.0,0.6470588,0.0196078,0.0392157,0.15,0.0,1.0,0.4166667,0.125,0.0,9.787009914477434
9083.0,0.4769349,0.0007707,0.4909171,0.1239739,0.8837389,0.0118903,0.8072786,0.0018311,0.0210575,0.1895752,0.0004578,0.9981689,0.3184938,0.04047,0.5393258,10.92775337907558
877.0,0.4424173,0.0114025,0.3021665,0.3026585,0.704675,0.1733181,0.6785714,0.0,0.0227273,0.1072464,0.012987,0.961039,0.4115942,0.0535714,1.0,10.2328272702548
1896.0,0.5168776,0.0005274,0.0348101,0.0371179,0.9361814,0.0015823,0.8181818,0.0054545,0.0218182,0.1603053,0.0,0.9836364,0.2290076,0.1826087,0.7777778,10.707751151716078
1540.0,0.4915584,0.0766234,0.2181818,0.2094508,0.724026,0.1597403,0.7096774,0.0017921,0.0232975,0.1072,0.062724,1.0,0.3616,0.0285714,0.5555556,10.468829770273567
160.0,0.475,0.0,0.11875,0.0595238,0.9125,0.0,0.7903226,0.0,0.016129,0.03125,0.0,1.0,0.234375,0.0625,1.0,10.413342705547674
645.0,0.5116279,0.0,0.0682171,0.0349206,0.9224806,0.0,0.8479263,0.0184332,0.0414747,0.1214575,0.0,0.9447005,0.2024291,0.0588235,0.625,10.860939421415225
1626.0,0.4600246,0.0129151,0.1666667,0.1537585,0.8708487,0.0,0.704893,0.0045872,0.0198777,0.0410557,0.0122324,0.9984709,0.3167155,0.0426357,0.6666667,10.445840912706414
432.0,0.4467593,0.0138889,0.3657407,0.2301255,0.7546296,0.1064815,0.6627907,0.0,0.0116279,0.1609756,0.0,1.0,0.195122,0.0285714,0.3333333,9.615805480084347
1088.0,0.4402574,0.2380515,0.2371324,0.2167488,0.7591912,0.0974265,0.6525822,0.0,0.0187793,0.0759219,0.258216,0.9953052,0.3665944,0.1069182,0.6,10.434145214930487
12208.0,0.4713303,0.011386,0.1833224,0.1436319,0.8677916,0.0285878,0.7519274,0.0034014,0.0303855,0.0429688,0.0077098,0.9331066,0.2562934,0.0928,0.4736842,11.308370569092329
12304.0,0.478381,0.031697,0.1717328,0.097694,0.7886053,0.0464889,0.6592244,0.0017626,0.0475911,0.0549695,0.0229142,0.9927536,0.2394966,0.0185567,0.3181818,11.940158587995837
13922.0,0.4950438,0.046976,0.2064359,0.1635846,0.7584399,0.0880621,0.6522532,0.0041963,0.0335705,0.0721178,0.005291,0.9967159,0.3099712,0.0725983,0.6039604,10.073272520325904
5593.0,0.4813159,0.0001788,0.1426783,0.0944502,0.8971929,0.0207402,0.7693584,0.0044248,0.0149336,0.1253024,0.0,0.9894912,0.2549589,0.1393805,0.7924528,10.687411927154141
120.0,0.4166667,0.0,0.2083333,0.1714286,0.775,0.0,0.5576923,0.0192308,0.0192308,0.1746032,0.0,0.9423077,0.4603175,0.0769231,1.0,9.615805480084347
1243.0,0.4497184,0.1367659,0.1472245,0.1695906,0.843926,0.0466613,0.7330595,0.0,0.0102669,0.0793951,0.1232033,0.9917864,0.3383743,0.0875912,0.5,10.55323128448846
140.0,0.4571429,0.0142857,0.1785714,0.1447368,0.85,0.0,0.6785714,0.0178571,0.0357143,0.1111111,0.0178571,1.0,0.3650794,0.0,1.0,9.615805480084347
3005.0,0.4778702,0.4136439,0.0935108,0.0943276,0.8459235,0.0003328,0.683605,0.0095877,0.0977948,0.0351526,0.4151486,0.9050815,0.3404255,0.1390593,0.3,11.206413891581187
229.0,0.4803493,0.0,0.1572052,0.1092437,0.8471616,0.0,0.6956522,0.0108696,0.0543478,0.1067961,0.0,1.0,0.2621359,0.1578947,0.0,10.322230781590136
20.0,0.65,0.0,0.15,0.0,0.95,0.0,0.8333333,0.0,0.0,0.0,0.0,0.8333333,0.3333333,0.0,0.0,10.428245666832275
13799.0,0.4793826,0.0009421,0.1492862,0.0991091,0.8634684,0.0261613,0.7411234,0.0007515,0.0242345,0.029004,0.0005636,0.9968063,0.2728931,0.0362158,0.4444444,11.034905792929415
666.0,0.466967,0.024024,0.2132132,0.1408451,0.8663664,0.0,0.700361,0.0036101,0.0144404,0.1006494,0.0180505,0.9927798,0.2597403,0.0810811,0.6666667,10.32551474894327
153.0,0.5163399,0.0457516,0.1372549,0.1621622,0.8823529,0.0,0.7118644,0.0,0.0169492,0.1690141,0.0169492,0.9830508,0.1549296,0.1578947,0.75,10.768506042432708
372.0,0.5188172,0.0,0.0887097,0.0614525,0.8655914,0.0,0.703125,0.0234375,0.0625,0.0229008,0.0,1.0,0.1450382,0.09375,0.5,10.5815464756746
4150.0,0.4681928,0.0019277,0.1633735,0.1282284,0.8607229,0.0253012,0.7385292,0.0006285,0.0307982,0.0596927,0.0012571,0.9974859,0.3421986,0.0855746,0.3947368,10.225607282932941
1961.0,0.4563998,0.0,0.2508924,0.2298311,0.763386,0.0877104,0.6516393,0.0054645,0.0355191,0.0431373,0.0,0.9863388,0.4222222,0.0939227,0.3333333,11.05723491317159
345.0,0.5130435,0.0,0.0086957,0.0297619,0.9710145,0.0,0.8902439,0.0,0.0121951,0.3109244,0.0,0.9878049,0.5630252,0.4666667,0.0,9.787009914477434
56.0,0.5,0.0,0.25,0.1428571,0.9285714,0.0,0.8181818,0.0,0.0,0.1538462,0.0,1.0,0.1923077,0.0,1.0,9.615805480084347
2165.0,0.4882217,0.5205543,0.0706697,0.0595668,0.9210162,0.0,0.8102493,0.0096953,0.034626,0.1535756,0.4612188,0.998615,0.3446659,0.1025641,0.5454545,10.442929787247998
1193.0,0.4769489,0.0134116,0.1265717,0.1025641,0.8876781,0.0,0.7430556,0.0092593,0.0277778,0.0547046,0.0162037,0.9907407,0.1947484,0.183908,0.0,10.122663242288953
2753.0,0.4932801,0.1304032,0.1115147,0.1139785,0.8786778,0.0,0.7134831,0.002809,0.0205993,0.102521,0.1029963,0.9953184,0.4831933,0.1392758,0.5,10.060534035475412
1605.0,0.4417445,0.0,0.2542056,0.2087054,0.8049844,0.0423676,0.6601504,0.006015,0.0210526,0.1025641,0.0,0.993985,0.3508772,0.0685484,0.4736842,10.25769445336048
104.0,0.4807692,0.0,0.0865385,0.1111111,0.9134615,0.0,0.8,0.0285714,0.0285714,0.2553191,0.0,0.9714286,0.1702128,0.0,0.0,9.615805480084347
4492.0,0.4977738,0.1493767,0.0454141,0.0492021,0.9385574,0.0,0.8424508,0.0058352,0.0335522,0.0378947,0.1539023,0.9343545,0.0807018,0.1545455,0.2307692,11.3373928113354
2704.0,0.4696746,0.0073964,0.2644231,0.153417,0.6993343,0.1690089,0.6612576,0.0010142,0.0182556,0.0978957,0.0030426,0.994929,0.2827081,0.0672269,0.6818182,10.192456296870509
210.0,0.4714286,0.0,0.1619048,0.1891892,0.8142857,0.0,0.5666667,0.0,0.0,0.0909091,0.0,1.0,0.2020202,0.0666667,0.0,9.615805480084347
2930.0,0.5061433,0.0003413,0.0880546,0.0725639,0.9238908,0.0054608,0.8017525,0.0021906,0.026287,0.1491146,0.0,0.3253012,0.4520037,0.1552347,0.7142857,9.615805480084347
452.0,0.5088496,0.0110619,0.0575221,0.0405405,0.9823009,0.0,0.9492754,0.0,0.0072464,0.0142857,0.0072464,1.0,0.0,0.0,0.0,11.590821254278314
8071.0,0.4777599,0.0227977,0.4478999,0.1055753,0.8887375,0.0016107,0.7999487,0.0010259,0.0251346,0.1371985,0.0159015,0.9905104,0.3292764,0.0931677,0.5053763,10.857093336791094
46951.0,0.4746438,0.0025559,0.173926,0.1123814,0.8132308,0.0202552,0.6698998,0.0079504,0.062225,0.0415058,0.0016961,0.9675624,0.3734505,0.0789216,0.1680672,10.911463720944793
171.0,0.5672515,0.005848,0.122807,0.0540541,0.9532164,0.0,0.8727273,0.0,0.0181818,0.0178571,0.0,1.0,0.1964286,0.25,0.0,10.440010162389305
2314.0,0.4969749,0.0159896,0.0570441,0.040378,0.93172,0.0,0.8365019,0.0050697,0.0278834,0.0899654,0.0139417,0.9860583,0.2525952,0.112069,0.8125,10.841559345471941
12762.0,0.4728099,0.0502272,0.1839837,0.1437277,0.8175835,0.0359661,0.6732115,0.00486,0.0270218,0.1091098,0.0439347,0.973367,0.3179771,0.0836257,0.537037,9.980494888896912
120.0,0.4416667,0.0,0.125,0.1044776,0.8833333,0.0,0.7333333,0.0,0.0444444,0.1176471,0.0,1.0,0.0980392,0.2,1.0,9.615805480084347
469.0,0.4776119,0.0277186,0.1599147,0.1591837,0.8635394,0.0,0.6752577,0.0,0.0051546,0.0673077,0.0309278,0.9948454,0.4182692,0.08,1.0,9.615805480084347
3951.0,0.458365,0.1123766,0.246773,0.1873832,0.8076436,0.0291066,0.6416115,0.0024053,0.020445,0.1493606,0.1112447,0.9224293,0.3498721,0.0896,0.6944444,10.55843949396453
2515.0,0.4791252,0.0003976,0.1200795,0.0900763,0.8954274,0.0007952,0.7645788,0.0053996,0.0356371,0.0190678,0.0,0.9935205,0.2680085,0.0447284,0.0,10.945547126244623
805.0,0.4919255,0.0,0.2236025,0.1589242,0.8236025,0.047205,0.6793651,0.0,0.0063492,0.2105263,0.0,1.0,0.3233083,0.1219512,0.9285714,9.942756341456828
234.0,0.482906,0.017094,0.0940171,0.1404959,0.8632479,0.0,0.7065217,0.0,0.0543478,0.1153846,0.0326087,1.0,0.5288462,0.0740741,0.0,9.61587214452889
2561.0,0.4482624,0.0011714,0.1846935,0.1656051,0.823116,0.006638,0.6488688,0.0063348,0.0325792,0.0972222,0.000905,0.9936652,0.4068627,0.0632054,0.625,10.491301994830229
1986.0,0.4687815,0.0020141,0.2124874,0.1772512,0.8373615,0.0,0.6537559,0.0011737,0.0305164,0.0729053,0.0,0.9988263,0.203482,0.0701754,0.7777778,10.192456296870509
6043.0,0.5057091,0.0145623,0.0916763,0.0689655,0.8856528,0.008605,0.7567437,0.0077071,0.0481696,0.0906702,0.0105973,0.7471098,0.3749452,0.2169118,0.5606061,10.682835364853922
386.0,0.5,0.0,0.2487047,0.1139896,0.9196891,0.0,0.7727273,0.0075758,0.0075758,0.2369942,0.0,0.9848485,0.283237,0.3076923,0.6666667,10.53212287826962
161.0,0.4596273,0.0,0.4285714,0.3103448,0.7826087,0.0,0.6091954,0.0,0.0114943,0.304,0.0,1.0,0.32,0.0,0.8888889,9.615805480084347
19.0,0.5789474,0.0,0.2631579,0.125,0.8421053,0.0,0.625,0.0,0.0,0.4666667,0.0,1.0,0.2666667,0.0,0.0,9.615805480084347
306.0,0.4509804,0.0,0.130719,0.1309524,0.9052288,0.0,0.7614679,0.0091743,0.0091743,0.0603448,0.0,1.0,0.2758621,0.25,1.0,10.221977646629885
16139.0,0.5083958,0.0964744,0.0305471,0.0323922,0.8664106,0.0011153,0.7486228,0.0062431,0.0941976,0.0587625,0.0918105,0.933162,0.1774974,0.1413882,0.2058824,11.832839946854502
240.0,0.4833333,0.0,0.2666667,0.1854839,0.8333333,0.0,0.627451,0.0,0.0196078,0.4364641,0.0,1.0,0.4364641,0.1515152,0.9,9.873079890114703
1767.0,0.4804754,0.0,0.1216752,0.1089325,0.8653084,0.0056593,0.7123894,0.0058997,0.0339233,0.0504202,0.0,0.9926254,0.2829132,0.0895522,0.5,10.003378135350923
8282.0,0.5027771,0.0045883,0.0565081,0.0347256,0.8781695,0.0,0.7443219,0.004218,0.0622972,0.0268393,0.0035691,0.9828034,0.2554468,0.0392891,0.2222222,11.309596795779068
2889.0,0.4690204,0.0238837,0.1346487,0.125163,0.889235,0.0145379,0.7614166,0.0037279,0.0149115,0.10134,0.0186393,0.9962721,0.3659966,0.0932945,0.3846154,10.118639253920785
2453.0,0.4997962,0.0,0.0974317,0.0725346,0.8777008,0.0,0.7387097,0.0043011,0.0494624,0.0251572,0.0,0.9870968,0.2651992,0.0603175,0.0,11.356283350762888
2038.0,0.4685967,0.2679097,0.1879293,0.1597415,0.8204122,0.0235525,0.6666667,0.0048662,0.0364964,0.1419624,0.2579075,0.9768856,0.3820459,0.125448,0.6666667,10.085850775128717
371.0,0.5067385,0.0,0.1509434,0.1038251,0.8733154,0.0,0.7142857,0.0068027,0.0340136,0.2303665,0.0,1.0,0.2565445,0.1315789,0.5,10.098272780745283
722.0,0.5484765,0.001385,0.0429363,0.0368098,0.8919668,0.0,0.7385892,0.0041494,0.0539419,0.1423488,0.0,0.9958506,0.683274,0.2222222,0.0,10.694237736914808
3860.0,0.4582902,0.0012953,0.1725389,0.1099952,0.8463731,0.0010363,0.6845679,0.0030864,0.0438272,0.0570431,0.0024691,0.9969136,0.2008149,0.0451866,0.5,10.534785924769006
1892.0,0.5116279,0.0005285,0.0459831,0.0541126,0.9577167,0.0,0.875,0.0070755,0.0353774,0.0207852,0.0,0.2334906,0.7736721,0.5223214,0.0,10.351405324899678
1486.0,0.6312248,0.4421265,0.0504711,0.0620438,0.4932705,0.4427995,0.7315436,0.0,0.0402685,0.1652661,0.3020134,0.9865772,0.4033613,0.2597403,0.6,11.373674891823535
616.0,0.4464286,0.0,0.3116883,0.2140762,0.8100649,0.0,0.6143345,0.0,0.0136519,0.1201201,0.0,1.0,0.3783784,0.0843373,0.6666667,10.030164255362632
496.0,0.5403226,0.0020161,0.125,0.0964912,0.9435484,0.0,0.8333333,0.0,0.0289855,0.0416667,0.0072464,0.8623188,0.3125,0.2058824,0.0,11.297266335365645
131.0,0.4427481,0.0,0.2061069,0.1643836,0.8244275,0.0,0.6491228,0.0,0.0526316,0.05,0.0,1.0,0.3833333,0.0,0.0,10.043292972227004
71.0,0.5211268,0.0,0.1690141,0.0588235,0.9014085,0.0,0.76,0.0,0.04,0.1666667,0.0,1.0,0.1666667,0.0,0.0,9.615805480084347
1044.0,0.5249042,0.0009579,0.1226054,0.0947581,0.8074713,0.045977,0.6773399,0.0073892,0.044335,0.0469484,0.0,0.9852217,0.2558685,0.0504202,0.5,11.007103966325696
439.0,0.453303,0.0,0.1343964,0.0791667,0.929385,0.0,0.8095238,0.0,0.0204082,0.0392157,0.0,1.0,0.0588235,0.0714286,0.6666667,10.445840912706414
312.0,0.4551282,0.0,0.1730769,0.1352941,0.8846154,0.0,0.704918,0.0,0.0,0.0895522,0.0,0.9918033,0.2164179,0.0294118,0.5,9.615805480084347
2761.0,0.4407823,0.559942,0.1781963,0.1897668,0.8453459,0.0354944,0.6951596,0.0010299,0.0247168,0.0822306,0.4665294,0.9979403,0.2665406,0.1898305,0.25,10.225607282932941
1487.0,0.4492266,0.00538,0.2427707,0.2124542,0.7424344,0.1526564,0.7139831,0.0063559,0.0360169,0.0726916,0.0042373,0.9915254,0.2691552,0.0693642,0.5,11.17606715383184
596.0,0.4798658,0.0,0.1510067,0.1387097,0.8691275,0.0,0.6767241,0.0,0.012931,0.0756972,0.0,1.0,0.3705179,0.1627907,1.0,9.615805480084347
3135.0,0.4682616,0.0051037,0.1738437,0.1187762,0.814992,0.0,0.6304985,0.0036657,0.0505865,0.0644719,0.0021994,0.9970674,0.4588477,0.0434783,0.3846154,11.385103457032141
787.0,0.4536213,0.0012706,0.317662,0.2372093,0.7522236,0.0724269,0.6018237,0.0,0.0212766,0.1319261,0.0030395,0.9908815,0.237467,0.060241,0.9166667,9.615805480084347
2687.0,0.4823223,0.002233,0.181243,0.1035226,0.8507629,0.0055824,0.7007233,0.0036166,0.0415913,0.0457291,0.0027125,0.9981917,0.3244176,0.03663,0.2222222,10.643064971973882
22719.0,0.4763414,0.115498,0.131916,0.0999412,0.9165016,0.0004402,0.797904,0.0019407,0.0320869,0.0313322,0.0935438,0.9561392,0.163805,0.091047,0.2474227,11.993504229837974
7317.0,0.5179718,0.0075167,0.0481071,0.0411114,0.967883,0.0021867,0.904474,0.003023,0.0199516,0.0378127,0.0114873,0.3391778,0.5287958,0.4546805,0.0,11.020283511637867
861.0,0.445993,0.6504065,0.1498258,0.1530398,0.8803717,0.0,0.6965944,0.0,0.0154799,0.066474,0.5479876,1.0,0.2774566,0.1927711,1.0,10.36410350510914
289.0,0.4602076,0.0034602,0.1799308,0.0897436,0.8961938,0.0,0.7403846,0.0,0.0288462,0.0188679,0.0,1.0,0.1415094,0.1111111,1.0,10.184937747111391
6406.0,0.4575398,0.0037465,0.3342179,0.1579856,0.8393693,0.0093662,0.7029772,0.0017513,0.0353765,0.079626,0.0035026,0.98669,0.2972276,0.075,0.2533333,11.200964361058276
612.0,0.501634,0.1846405,0.1960784,0.0622951,0.9411765,0.0,0.8675214,0.0,0.0213675,0.044898,0.1282051,1.0,0.1265306,0.1111111,1.0,11.267037714175425
223.0,0.5067265,0.0,0.2017937,0.1090909,0.8744395,0.0,0.6966292,0.0,0.011236,0.1359223,0.0,1.0,0.2718447,0.1666667,0.0,9.615805480084347
2373.0,0.4559629,0.5760641,0.1483354,0.1363284,0.9051833,0.0008428,0.7457627,0.0012107,0.0133172,0.0698198,0.5363196,1.0,0.2702703,0.2006689,0.8333333,10.332050506334692
557.0,0.502693,0.2962298,0.1113106,0.1083032,0.9174147,0.0,0.7760417,0.0052083,0.0104167,0.1829787,0.34375,0.875,0.3234043,0.15,0.8,10.25769445336048
92575.0,0.4942263,0.016754,0.1247313,0.0855794,0.8054982,0.0234297,0.6675045,0.0066934,0.0865059,0.0518169,0.0132174,0.877796,0.4058056,0.0959302,0.1959288,12.224899306530068
1906.0,0.4653725,0.0005247,0.3467996,0.2001963,0.7838405,0.0613851,0.6453634,0.0012531,0.0100251,0.0962627,0.0,0.9962406,0.2536806,0.0691824,0.8222222,9.615805480084347
2673.0,0.4717546,0.0153386,0.2413019,0.1756374,0.8357651,0.010101,0.664042,0.0017498,0.0192476,0.0992908,0.0166229,0.9938758,0.3183609,0.0455764,0.85,10.21833478806055
113.0,0.5663717,0.0,0.1504425,0.0204082,0.9469027,0.0,0.85,0.0,0.0,0.0909091,0.0,1.0,0.1590909,0.0,1.0,9.787009914477434
262.0,0.4236641,0.0,0.2328244,0.1788079,0.8778626,0.0,0.7037037,0.0,0.0,0.2751678,0.0,0.962963,0.4228188,0.2380952,0.6,9.615805480084347
55.0,0.5272727,0.0,0.0727273,0.0,0.9636364,0.0,0.8823529,0.0,0.0,0.3928571,0.0,1.0,0.7142857,0.4,0.0,10.657282884047461
103590.0,0.477884,0.2314123,0.1491457,0.1231557,0.7320398,0.0657882,0.6045033,0.0038499,0.0872296,0.1243346,0.2070057,0.8804519,0.4378549,0.1011412,0.5695266,10.261196961231647
10038.0,0.4686192,0.1289101,0.1991433,0.1445444,0.8856346,0.0,0.7251027,0.00077,0.0151437,0.0555152,0.1216632,0.938655,0.257697,0.1032548,0.7,10.169728906753061
4613.0,0.47106,0.0082376,0.1370041,0.1094262,0.7717321,0.0,0.5736211,0.0052758,0.0647482,0.1257862,0.0067146,0.8517986,0.5308176,0.0523156,0.3571429,10.981914140544825
4574.0,0.5330127,0.1226498,0.1108439,0.0608614,0.8707914,0.0006559,0.7537212,0.0135318,0.082544,0.2613693,0.0987821,0.7916103,0.6076962,0.2118227,0.0727273,10.866680954096502
24720.0,0.4535194,0.0083333,0.1824434,0.1130358,0.7923544,0.0190534,0.6568709,0.0017591,0.0962334,0.0304976,0.0077608,0.9898593,0.1368379,0.0427657,0.3404255,12.428820118415677
783.0,0.5095785,0.1481481,0.0523627,0.0520833,0.8888889,0.0,0.7439446,0.0069204,0.0311419,0.2738693,0.16609,0.9861592,0.5301508,0.0877193,0.4166667,10.474495347310453
3647.0,0.4738141,0.001371,0.216068,0.1646691,0.8179325,0.0172745,0.6476314,0.0006489,0.0324465,0.1102771,0.0,0.9954575,0.2569284,0.045082,0.3333333,10.579005242826247
8889.0,0.4928563,0.0059624,0.1240859,0.0925022,0.8905389,0.0196873,0.780756,0.0061856,0.0347079,0.0530426,0.004811,0.8298969,0.3579564,0.1904232,0.047619,11.282266241614355
2985.0,0.4716918,0.3390285,0.0911223,0.0792644,0.841876,0.0157454,0.6954662,0.0034217,0.0496151,0.0845732,0.3011121,0.9751925,0.404072,0.0704846,0.5625,10.687411927154141
12253.0,0.496205,0.0998123,0.0528034,0.0442249,0.8962703,0.0003265,0.7712489,0.0028187,0.0379445,0.1163058,0.0960538,0.9711622,0.3949032,0.0786115,0.5416667,10.862856930775358
1465.0,0.4627986,0.2634812,0.1187713,0.115629,0.8866894,0.0,0.7373358,0.0131332,0.0281426,0.1276596,0.2420263,0.9868668,0.5728314,0.1483871,0.7692308,9.648659816955295
446.0,0.4843049,0.0,0.1524664,0.1086957,0.8789238,0.0,0.7374302,0.0055866,0.027933,0.1005025,0.0,1.0,0.3467337,0.0740741,0.5,9.615805480084347
680.0,0.4720588,0.0,0.2470588,0.2284123,0.7602941,0.0602941,0.5929825,0.0035088,0.0140351,0.0746753,0.0,0.9964912,0.461039,0.0283019,1.0,9.83633227734872
916.0,0.4770742,0.0010917,0.0764192,0.0521921,0.9213974,0.0010917,0.8096774,0.0064516,0.0290323,0.0606061,0.0,0.9903226,0.230303,0.0853659,1.0,10.815790343132422
3730.0,0.4391421,0.6836461,0.1959786,0.1873805,0.7884718,0.0882038,0.6619608,0.0031373,0.0156863,0.1058906,0.6588235,0.9960784,0.3660589,0.1755102,0.75,9.846970109700957
1482.0,0.4763833,0.0,0.1605938,0.1237113,0.8758435,0.0,0.7224138,0.0103448,0.0293103,0.0675241,0.0,0.9965517,0.2717042,0.0793651,0.1666667,10.419330568113901
7276.0,0.482133,0.002199,0.1558549,0.1196921,0.8844145,0.0089335,0.745037,0.0054496,0.0330868,0.0309317,0.0011678,0.8186065,0.3994719,0.163286,0.3333333,10.891186902297498
1493.0,0.4601474,0.1306095,0.177495,0.1674938,0.8131279,0.0,0.6462264,0.0031447,0.0676101,0.0755814,0.0943396,0.9842767,0.3517442,0.0548523,0.4,10.30229722897745
5530.0,0.483906,0.0041591,0.0815552,0.0725298,0.9491863,0.0,0.8720147,0.0030618,0.0306185,0.0203959,0.0018371,0.9608083,0.104979,0.2232558,0.4,11.779902152762993
504.0,0.4761905,0.5138889,0.1884921,0.1212121,0.8849206,0.0,0.7135417,0.0,0.015625,0.1028037,0.4583333,0.9947917,0.2943925,0.0512821,0.0,10.098272780745283
1416.0,0.4322034,0.0049435,0.325565,0.2686567,0.7295198,0.0896893,0.5970395,0.0032895,0.0148026,0.1496503,0.0065789,0.9934211,0.3902098,0.0471204,0.5294118,9.952325334619427
2066.0,0.4753146,0.0009681,0.2076476,0.1900369,0.8097773,0.035334,0.6353523,0.0024722,0.0271941,0.0538012,0.0,0.9975278,0.2888889,0.0494505,0.3076923,10.261196961231647
2448.0,0.4456699,0.2279412,0.1732026,0.1591746,0.8705065,0.0,0.7031873,0.001992,0.0159363,0.0872727,0.1932271,0.9960159,0.2663636,0.0881356,0.7894737,10.165890277802454
8102.0,0.4912367,0.0067884,0.1092323,0.084425,0.8970625,0.0,0.7753154,0.0010228,0.0450051,0.0424421,0.0071599,0.9792022,0.1926216,0.0493827,0.5689655,12.268112735686705
122.0,0.5163934,0.0,0.1393443,0.0508475,0.8278689,0.0,0.6530612,0.0,0.0816327,0.1551724,0.0,1.0,0.4137931,0.1,0.3333333,10.114599007626499
281.0,0.480427,0.0,0.3060498,0.2123288,0.7615658,0.0,0.5507246,0.0072464,0.0362319,0.1533742,0.0,1.0,0.3251534,0.0204082,1.0,9.615805480084347
23026.0,0.4927908,0.011031,0.0849475,0.0502612,0.9195692,0.0016937,0.8203541,0.0016095,0.0386282,0.0733134,0.0100285,0.9722669,0.150413,0.0705467,0.2790698,11.648338835562747
6532.0,0.4946418,0.0035211,0.0558788,0.0602848,0.8954378,0.0,0.7695262,0.0025608,0.0516432,0.0229358,0.0025608,0.9931711,0.2831526,0.0320755,0.1666667,11.157692338256169
176.0,0.4829545,0.0,0.3409091,0.1428571,0.8465909,0.0,0.6707317,0.0,0.0,0.8379447,0.0,1.0,0.1086957,0.0714286,0.7142857,11.775297421715827
940.0,0.4744681,0.1585106,0.0904255,0.0931174,0.9212766,0.0,0.8128834,0.0030675,0.0306748,0.1019284,0.1472393,0.9539877,0.3856749,0.1085271,0.7142857,10.485731104959568
2790.0,0.5100358,0.0129032,0.2175627,0.0863204,0.7896057,0.0709677,0.7134935,0.0018484,0.0536044,0.2649457,0.0018484,0.9990758,0.1413043,0.0705128,0.3902439,12.129736808912964
382.0,0.4895288,0.0,0.2434555,0.1384615,0.7931937,0.0,0.6,0.0058824,0.0470588,0.076087,0.0,0.9941176,0.4347826,0.0666667,0.6666667,9.615805480084347
28756.0,0.4847684,0.0112672,0.1172625,0.0867306,0.8420504,0.0160662,0.7109962,0.006297,0.0695489,0.0398845,0.0087406,0.9797932,0.351922,0.1073337,0.2,10.77270764101727
1332.0,0.4902402,0.0,0.1306306,0.0854197,0.8783784,0.006006,0.7379032,0.0020161,0.0403226,0.040619,0.0,0.9939516,0.3384913,0.0891089,0.5,10.416341118636355
760.0,0.4526316,0.1157895,0.2723684,0.1995192,0.8197368,0.0,0.6315789,0.0,0.0110803,0.0321716,0.1108033,0.9861496,0.308311,0.032967,0.1666667,9.803722464346553
140.0,0.4928571,0.0,0.1357143,0.1267606,0.85,0.0,0.6440678,0.0,0.0,0.078125,0.0,1.0,0.34375,0.0,0.0,10.25769445336048
1037.0,0.4551591,0.3336548,0.1571842,0.1628319,0.8669238,0.0,0.6905371,0.0051151,0.0383632,0.0668258,0.2838875,1.0,0.5131265,0.1401274,0.75,9.615805480084347
1051.0,0.472883,0.0028544,0.2607041,0.1750903,0.8192198,0.05804,0.718593,0.0075377,0.0326633,0.0744186,0.0,0.9949749,0.1837209,0.1041667,0.375,9.814710982145282
1275.0,0.5066667,0.0023529,0.0941176,0.063593,0.8823529,0.0,0.7383966,0.0063291,0.0485232,0.0971429,0.0021097,0.9767932,0.367619,0.0934579,0.2857143,10.916923143796645
109.0,0.4311927,0.0,0.1926606,0.0967742,0.7798165,0.0,0.5833333,0.0,0.0625,0.1111111,0.0,1.0,0.2777778,0.0,0.0,9.711176264112805
7489.0,0.5143544,0.1300574,0.0741087,0.0709376,0.5719055,0.0086794,0.3912181,0.0017365,0.1404118,0.0892454,0.1039444,0.9538576,0.6330773,0.0295882,0.2,11.609153405321658
2268.0,0.5189594,0.0008818,0.1406526,0.0705775,0.893739,0.0,0.78354,0.0045096,0.0462232,0.4630751,0.0011274,0.9954904,0.4098063,0.1153846,0.6818182,10.978507040265917
5939.0,0.487119,0.0063984,0.1426166,0.0873276,0.9240613,0.0,0.814447,0.0018059,0.0139955,0.0146797,0.0054176,0.9954853,0.172153,0.0621469,0.2,10.929547069355774
115.0,0.4956522,0.0,0.1913043,0.1034483,0.9130435,0.0,0.7619048,0.0,0.0,0.16,0.0,1.0,0.22,0.2,1.0,9.615805480084347
2469.0,0.4653706,0.3345484,0.1782098,0.1636364,0.8278655,0.0425273,0.6918172,0.0031881,0.0244421,0.1311173,0.2688629,0.9872476,0.3868883,0.1084656,0.9,10.392098241730961
52.0,0.5384615,0.0,0.1923077,0.2916667,0.7884615,0.0,0.56,0.0,0.0,0.1071429,0.0,1.0,0.3571429,0.0,0.0,9.770013301136158
768.0,0.4752604,0.0013021,0.171875,0.1687345,0.8671875,0.0,0.6915584,0.0,0.0227273,0.0860534,0.0,0.9935065,0.1632047,0.0169492,1.0,10.214678610538817
14669.0,0.4393619,0.4249778,0.1986502,0.1738813,0.8182562,0.0274729,0.6569643,0.0024667,0.0245025,0.0607044,0.3677027,0.9960533,0.3415199,0.086669,0.3958333,10.53212287826962
2235.0,0.4621924,0.0004474,0.2532438,0.202995,0.7776286,0.0420582,0.615222,0.0021142,0.0338266,0.0511535,0.0,0.9978858,0.2487462,0.0522388,0.5,10.335302435967074
32.0,0.40625,0.0,0.15625,0.2105263,0.71875,0.0,0.6,0.0666667,0.0666667,0.1176471,0.0,1.0,0.6470588,0.0,0.0,9.615805480084347
1045.0,0.4698565,0.0009569,0.2124402,0.2166065,0.7875598,0.0296651,0.6244131,0.0046948,0.0446009,0.0383747,0.0,0.9953052,0.3092551,0.0235294,0.5,11.060384472475045
1027.0,0.4810127,0.0126582,0.1869523,0.0994371,0.8704966,0.0116845,0.729798,0.0,0.0353535,0.0434783,0.0075758,0.9469697,0.3309179,0.0373832,1.0,13.058999632613395
1526.0,0.4639581,0.0006553,0.2214941,0.1699267,0.8309305,0.0491481,0.7107143,0.0035714,0.0321429,0.0459966,0.0,0.9928571,0.2282794,0.1085271,0.7,10.188704088048116
156.0,0.4935897,0.0,0.3012821,0.0759494,0.8333333,0.0,0.6760563,0.0,0.028169,0.0897436,0.0,1.0,0.2435897,0.0,0.0,9.615805480084347
730.0,0.4780822,0.0,0.2260274,0.175853,0.8534247,0.0,0.6510067,0.0,0.0100671,0.1051051,0.0,0.9697987,0.2822823,0.1320755,0.75,9.615805480084347
962.0,0.4968815,0.0,0.1486486,0.0619835,0.9261954,0.0,0.8274933,0.0,0.0161725,0.0338542,0.0,0.9838275,0.078125,0.0810811,0.5,12.539687231525832
2643.0,0.4805146,0.2523647,0.1339387,0.1289148,0.8550889,0.0170261,0.7208835,0.0040161,0.0421687,0.0505243,0.2218876,0.9919679,0.4299333,0.1342105,0.5,10.2328272702548
12969.0,0.4621019,0.0441823,0.2239186,0.1634174,0.8242733,0.0186599,0.6599702,0.0031622,0.0295759,0.0849362,0.0362723,0.9834449,0.2604255,0.0890365,0.5744681,9.770013301136158
407.0,0.5454545,0.0,0.1867322,0.1567568,0.8329238,0.0,0.6474359,0.0064103,0.0576923,0.0982659,0.0,1.0,0.1098266,0.2,0.0,9.942756341456828
296.0,0.4898649,0.0067568,0.0506757,0.0331126,0.9324324,0.0,0.827957,0.0,0.0430108,0.0106383,0.0,1.0,0.1382979,0.1111111,0.0,10.465984899076615
2160.0,0.4166667,0.0,0.3037037,0.2373016,0.7597222,0.0847222,0.6446469,0.0022779,0.0216401,0.056928,0.0,0.9977221,0.311493,0.0573477,0.7142857,10.348205424565993
205.0,0.4585366,0.0,0.2682927,0.2882883,0.8146341,0.0,0.5934066,0.0,0.010989,0.3208955,0.0,1.0,0.4104478,0.1111111,0.0,9.615805480084347
6376.0,0.4984316,0.0094103,0.1323714,0.11601,0.824655,0.0,0.6269644,0.0074442,0.0669975,0.04653,0.0082713,0.7721257,0.6332808,0.1746479,0.625,10.61890979160975
214.0,0.4719626,0.0,0.1635514,0.1327434,0.8831776,0.0,0.7159091,0.0,0.0,0.0736842,0.0,1.0,0.2736842,0.0869565,0.0,10.007892611890918
310.0,0.4483871,0.0,0.4322581,0.3333333,0.6580645,0.1258065,0.5390071,0.0,0.0141844,0.1556886,0.0,1.0,0.257485,0.0,0.8333333,9.615805480084347
33830.0,0.5067396,0.1634939,0.0563701,0.0514772,0.4943837,0.113893,0.4113359,0.0031985,0.2633145,0.0837593,0.1509223,0.991446,0.5822259,0.0267941,0.2410714,11.000448478455008
8781.0,0.4484683,0.0359868,0.1482747,0.1137725,0.5959458,0.2457579,0.6197691,0.002886,0.0761183,0.073839,0.0292208,0.9880952,0.3735383,0.0761538,0.28,11.303450570483712
499.0,0.498998,0.0,0.1523046,0.12,0.8637275,0.0,0.6980198,0.0049505,0.0247525,0.0560748,0.0,1.0,0.2149533,0.0571429,1.0,10.32551474894327
20337.0,0.5118749,0.0563997,0.112406,0.0896545,0.8498304,0.020652,0.6967261,0.0076001,0.05247,0.1111977,0.0583163,0.7195265,0.5407898,0.2107748,0.4536082,10.431199791458543
1407.0,0.5337598,0.0007107,0.0497512,0.0411585,0.9260839,0.0,0.7883721,0.0046512,0.0209302,0.1060291,0.0023256,0.972093,0.3367983,0.176,1.0,10.813780332606648
3006.0,0.4747172,0.002994,0.1217565,0.1089297,0.8512974,0.0335995,0.7349954,0.0073869,0.0387812,0.0466549,0.0046168,0.9815328,0.3001761,0.0966851,0.25,10.606609816118151
2732.0,0.4721816,0.0933382,0.1551977,0.1220527,0.863104,0.0047584,0.7089416,0.0036496,0.024635,0.0576096,0.0720803,0.9963504,0.3525365,0.052459,0.5,10.534785924769006
410.0,0.502439,0.0,0.1073171,0.0784314,0.9146341,0.0,0.7922078,0.0,0.0194805,0.0375,0.0,1.0,0.3,0.1351351,0.0,10.518700218288165
2684.0,0.4735469,0.0532787,0.1397168,0.1068648,0.8785395,0.0,0.723384,0.0047529,0.0247148,0.1284176,0.0551331,0.9942966,0.4067937,0.1178707,0.45,10.188704088048116
6829.0,0.4412066,0.3529067,0.1531703,0.1530398,0.875238,0.015522,0.7272361,0.0024174,0.0221595,0.0562738,0.3021757,0.9963739,0.2870722,0.1557789,0.5454545,10.367253014814716
486.0,0.5061728,0.0,0.0967078,0.0375,0.9609053,0.0,0.9050633,0.0,0.0189873,0.0186335,0.0,0.9936709,0.1180124,0.0909091,0.0,11.06977406588073
1051.0,0.4633682,0.0,0.2312084,0.1755319,0.7944814,0.05804,0.6568627,0.0098039,0.0245098,0.0533643,0.0,0.9926471,0.2946636,0.075188,0.4285714,10.31231367277647
2753.0,0.4958227,0.001453,0.2644388,0.0835735,0.8873956,0.0,0.7892491,0.0093857,0.0375427,0.5157025,0.0017065,0.9744027,0.2318182,0.1238532,0.3076923,11.488643018250334
657.0,0.4840183,0.0,0.2496195,0.1504425,0.8569254,0.0,0.6765799,0.0,0.0260223,0.0528169,0.0,0.9962825,0.3169014,0.0461538,0.5,9.989711119284745
11280.0,0.4847518,0.1093085,0.0245567,0.023744,0.9451241,0.0,0.8710811,0.0032432,0.0291892,0.0324268,0.102973,0.9940541,0.0768828,0.1183971,0.3538462,11.089820688682373
255.0,0.4784314,0.0509804,0.0862745,0.112782,0.9098039,0.0,0.7765957,0.0,0.0212766,0.1376147,0.0531915,0.9680851,0.4036697,0.0384615,1.0,10.047631185616188
37840.0,0.4729651,0.2368393,0.1552854,0.122449,0.8440539,0.0,0.6656732,0.0040171,0.0388752,0.0695123,0.2440067,0.9562654,0.3532284,0.0538302,0.1935484,10.87806606028079
41036.0,0.4546252,0.4535286,0.1649771,0.1519214,0.8210352,0.0299006,0.6601113,0.00235,0.0299938,0.0885006,0.4015461,0.9951763,0.3540586,0.1061093,0.5108696,10.360944044643913
628.0,0.5047771,0.0,0.2340764,0.1350482,0.8136943,0.0,0.6468647,0.0,0.0330033,0.5198098,0.0,0.9933993,0.5816165,0.0689655,0.4666667,11.038126355768453
224.0,0.4866071,0.0,0.1875,0.1304348,0.8482143,0.0535714,0.721519,0.0,0.0,0.1505376,0.0,0.9367089,0.3870968,0.3571429,0.6666667,9.61587214452889
16200.0,0.4624691,0.1298765,0.1810494,0.1536518,0.833642,0.0328395,0.6965707,0.0022964,0.0225046,0.0859222,0.1157379,0.9949479,0.3411699,0.0674603,0.4954128,10.328787967145063
2272.0,0.4881162,0.0004401,0.2601232,0.1797077,0.8041373,0.0057218,0.6114398,0.0009862,0.0285996,0.1585062,0.0,0.9990138,0.2680498,0.0477941,0.9,9.62911649414402
31435.0,0.5010339,0.0196914,0.104565,0.0633089,0.9496421,0.005408,0.8731333,0.0056826,0.034624,0.0222251,0.0265627,0.8930884,0.554852,0.2704248,0.3333333,12.097378802727306
30.0,0.5333333,0.0,0.1,0.0714286,0.8666667,0.0,0.6666667,0.0,0.0,0.3684211,0.0,1.0,0.3684211,0.3333333,0.0,9.615805480084347
442.0,0.5361991,0.0067873,0.081448,0.0829268,0.8755656,0.0,0.7631579,0.0131579,0.0460526,0.0193548,0.0,1.0,0.1870968,0.030303,0.0,10.616461869895815
28502.0,0.4858606,0.0018244,0.1800926,0.0752696,0.8768157,0.0182794,0.7731217,0.0037037,0.0471958,0.1968383,0.0012698,0.9855026,0.3782084,0.1647095,0.2985612,11.109473329472568
45.0,0.3333333,0.1333333,0.2,0.2,0.8444444,0.0,0.6111111,0.0,0.0,0.3793103,0.1111111,1.0,0.2068966,0.2,0.0,9.770013301136158
68.0,0.5,0.0,0.0,0.0,1.0,0.0,1.0,0.0,0.0,0.0,0.0,1.0,0.0,0.0,0.0,11.274680966120778
4417.0,0.5109803,0.001132,0.0479964,0.0319444,0.9316278,0.0,0.8467514,0.0070621,0.0423729,0.0166667,0.0021186,0.9971751,0.1486111,0.1234568,0.3571429,11.298506245754995
5955.0,0.5094878,0.1145256,0.0824517,0.0445053,0.8950462,0.0,0.7682869,0.006135,0.0471921,0.1111577,0.1160925,0.9244927,0.2546141,0.128593,0.1978022,11.146214615088313
1769.0,0.4471453,0.0,0.2357264,0.1799591,0.825325,0.0327869,0.6749311,0.0013774,0.0192837,0.0632258,0.0,0.9986226,0.2903226,0.0807175,0.4615385,10.130662964963708
1953.0,0.4889913,0.000512,0.1469534,0.0951904,0.9078341,0.0,0.781293,0.002751,0.0233838,0.0319574,0.0,0.9752407,0.1464714,0.0573248,0.8333333,10.853232402669228
3586.0,0.489961,0.0794757,0.1001115,0.0902132,0.9085332,0.0,0.7724458,0.005418,0.0185759,0.0965035,0.0712074,0.9829721,0.2762238,0.121813,0.6060606,10.571342565808699
302.0,0.5066225,0.0,0.1655629,0.1543624,0.8377483,0.0,0.6307692,0.0,0.0076923,0.1558442,0.0,1.0,0.3701299,0.09375,0.8333333,9.615805480084347
18309.0,0.5004096,0.0324977,0.027309,0.0262381,0.941668,0.0,0.8561737,0.0040706,0.0295115,0.0448728,0.0291723,0.9659091,0.1498461,0.1451613,0.4306569,11.134603622683905
7198.0,0.4948597,0.0094471,0.0918311,0.0519802,0.9602667,0.0006946,0.9001721,0.0,0.0167814,0.0356846,0.0068847,0.9858003,0.0195021,0.12,0.0869565,12.858139985830508
58.0,0.5172414,0.0,0.2241379,0.25,0.8103448,0.0,0.6521739,0.0,0.1304348,0.3428571,0.0,1.0,0.4571429,0.0,0.0,9.615805480084347
433.0,0.4595843,0.0,0.1732102,0.1495726,0.8568129,0.0,0.6777778,0.0055556,0.0222222,0.1,0.0,1.0,0.25,0.09375,1.0,9.62251624577579
40091.0,0.4736225,0.0342221,0.173605,0.1114533,0.7220823,0.101993,0.6229625,0.0018111,0.0653299,0.0664815,0.0233506,0.5886805,0.4034177,0.035727,0.453125,11.938853113303086
321.0,0.4517134,0.0685358,0.2616822,0.2102273,0.8566978,0.0,0.6805556,0.0,0.0,0.1325301,0.0694444,1.0,0.2409639,0.047619,0.7142857,9.615805480084347
2128.0,0.4638158,0.0014098,0.2199248,0.1621385,0.8421053,0.0211466,0.6947977,0.0046243,0.0231214,0.0648649,0.0011561,0.9988439,0.2940541,0.0443548,0.75,10.12667110305036
3671.0,0.4709888,0.0010896,0.2190139,0.1642636,0.8161264,0.0294198,0.6739563,0.008615,0.0351226,0.0804388,0.0006627,0.9993373,0.2480195,0.0742459,0.8,9.741027444837728
355.0,0.5070423,0.0,0.2028169,0.12,0.8507042,0.0591549,0.7727273,0.0,0.0151515,0.0149254,0.0,1.0,0.1492537,0.0,0.0,10.682835364853922
2447.0,0.5026563,0.0032693,0.0163465,0.0115037,0.9701676,0.0,0.9210884,0.0,0.0204082,0.0251989,0.0054422,0.9945578,0.0119363,0.1333333,0.125,11.281006017883909
163.0,0.4355828,0.0122699,0.1288344,0.1413043,0.9325153,0.0,0.8070175,0.0,0.0,0.05,0.0,0.9824561,0.2333333,0.2,0.5,10.021315031649332
133.0,0.5112782,0.0,0.1052632,0.0461538,0.9548872,0.0,0.88,0.0,0.0,0.1935484,0.0,1.0,0.2258065,0.0833333,0.0,10.077482875583607
1164.0,0.5103093,0.0214777,0.0738832,0.0368421,0.8642612,0.0283505,0.7625899,0.0095923,0.0455635,0.1823529,0.0191847,0.9448441,0.5627451,0.1349693,0.0,11.255462171102444
5534.0,0.4810264,0.0522226,0.0820383,0.0602368,0.8989881,0.0059631,0.7788018,0.0030722,0.0404506,0.0298063,0.047619,0.9907834,0.1435668,0.1469388,0.3333333,11.397525836740476
7127.0,0.4880034,0.047285,0.094149,0.0764593,0.9189,0.0,0.8050643,0.0020096,0.0293408,0.0185404,0.0506431,0.9642283,0.2023669,0.0710784,0.1052632,11.927687224983487
482.0,0.4439834,0.0,0.1286307,0.130597,0.8817427,0.0,0.718232,0.0110497,0.0276243,0.1127451,0.0,0.9889503,0.2156863,0.106383,0.6666667,9.857495968685136
528.0,0.4753788,0.0056818,0.1420455,0.1191336,0.8636364,0.0,0.7142857,0.0197044,0.0492611,0.1135371,0.0098522,0.9950739,0.2838428,0.1333333,0.6666667,10.003378135350923
456.0,0.4846491,0.0,0.2214912,0.1404255,0.8684211,0.0,0.6918919,0.0,0.0108108,0.1232227,0.0,1.0,0.2843602,0.0322581,1.0,9.615805480084347
127.0,0.480315,0.0,0.1653543,0.1515152,0.8503937,0.0,0.6727273,0.0,0.0181818,0.0350877,0.0,0.9818182,0.245614,0.0,0.0,10.542732775946709
64.0,0.421875,0.0,0.390625,0.1351351,0.78125,0.0,0.6875,0.03125,0.0625,0.3469388,0.0,1.0,0.2857143,0.0,1.0,9.615805480084347
8187.0,0.4946867,0.1718578,0.0498351,0.0510031,0.8964212,0.0059851,0.7796669,0.0041638,0.0412908,0.0897031,0.1641221,0.9788341,0.3506001,0.0678627,0.5344828,10.872389709681492
1399.0,0.4903503,0.0064332,0.1336669,0.0715288,0.8906362,0.0,0.7426901,0.0019493,0.0331384,0.1407035,0.0038986,0.6881092,0.4455611,0.0973451,0.5,10.638280388314705
49.0,0.4489796,0.0204082,0.2653061,0.1111111,0.8163265,0.0,0.5909091,0.0,0.0,0.0434783,0.0454545,1.0,0.0,0.5,0.0,10.389026137075234
1899.0,0.5281727,0.0010532,0.0774092,0.0457589,0.9668246,0.0,0.9009662,0.0,0.0241546,0.0717489,0.0,0.1811594,0.690583,0.4623116,1.0,10.640675541671662
365.0,0.4547945,0.2986301,0.2821918,0.201005,0.8328767,0.0,0.65,0.0,0.025,0.1304348,0.275,1.0,0.2228261,0.0816327,0.75,10.344995251991222
327.0,0.4617737,0.0,0.1223242,0.1363636,0.9143731,0.0,0.7758621,0.0,0.0172414,0.2162162,0.0,0.9913793,0.277027,0.1904762,0.0,10.064798252418377
95.0,0.5263158,0.0,0.2421053,0.0444444,0.9578947,0.0,0.9189189,0.0,0.027027,0.0,0.0,1.0,0.0,0.0,0.0,11.938853113303086
1187.0,0.4869419,0.0092671,0.1743892,0.1247947,0.9064869,0.0,0.7892377,0.0112108,0.0224215,0.0283224,0.0112108,0.9932735,0.16122,0.1785714,0.6666667,10.34177474101152
339.0,0.5014749,0.0,0.1179941,0.0710059,0.9439528,0.0,0.8392857,0.0,0.0089286,0.1824818,0.0,1.0,0.2481752,0.0,1.0,10.813780332606648
70576.0,0.4615025,0.2019808,0.2285763,0.1428496,0.7869814,0.0394043,0.6464796,0.0036755,0.0480173,0.1510606,0.1633733,0.9728891,0.4269029,0.0789495,0.4576523,10.718874489469398
256.0,0.4726562,0.0,0.21875,0.1259259,0.8671875,0.0,0.69,0.01,0.01,0.1596639,0.0,0.99,0.2605042,0.0555556,1.0,9.857495968685136
255.0,0.4627451,0.0470588,0.1490196,0.1605839,0.8901961,0.0,0.7252747,0.0,0.010989,0.1495327,0.0549451,1.0,0.2242991,0.2777778,0.0,10.243560441877241
251.0,0.5219124,0.0039841,0.0517928,0.0416667,0.7888446,0.0,0.5858586,0.010101,0.1010101,0.2720588,0.0,0.989899,0.5588235,0.0454545,0.3333333,11.104972264124868
887.0,0.5062007,0.0,0.102593,0.06621,0.9143179,0.0,0.781759,0.0,0.0228013,0.0315457,0.0,1.0,0.2807571,0.1690141,0.0,10.712215345197256
1025.0,0.4487805,0.0087805,0.4097561,0.2230088,0.764878,0.0,0.5813084,0.0,0.0280374,0.8313899,0.0093458,0.9962617,0.2568547,0.0098039,0.5876289,12.236121618880365
622.0,0.4983923,0.0080386,0.0996785,0.0865385,0.9276527,0.0,0.8080357,0.0,0.0089286,0.042735,0.0089286,0.9955357,0.0683761,0.2,0.6,10.84546552414626
467.0,0.4603854,0.0,0.1862955,0.1666667,0.8779443,0.0,0.7068063,0.0,0.0052356,0.0817308,0.0,1.0,0.3798077,0.0655738,0.25,9.615805480084347
1182.0,0.4847716,0.107445,0.0888325,0.0821018,0.894247,0.0033841,0.7702703,0.0067568,0.0337838,0.038961,0.1013514,0.9977477,0.3181818,0.0597015,1.0,10.682835364853922
823.0,0.4690158,0.0,0.1081409,0.1029748,0.9076549,0.0,0.7840532,0.0066445,0.0265781,0.0823171,0.0,0.9767442,0.2286585,0.1551724,0.4285714,10.579005242826247
873.0,0.4501718,0.0,0.2348225,0.2333333,0.8006873,0.0378007,0.6321839,0.0,0.0258621,0.157385,0.0,0.9856322,0.31477,0.1165049,0.0,10.090008612393838
1984.0,0.4853831,0.0030242,0.0957661,0.079334,0.8387097,0.0252016,0.7228916,0.0040161,0.0682731,0.0398458,0.0,0.9986613,0.2557841,0.0322581,0.9,11.345701365855424
8749.0,0.4830266,0.0493771,0.071551,0.0579262,0.4670248,0.2920334,0.5355054,0.0050125,0.2030075,0.0431655,0.0434419,0.9803676,0.4220624,0.0820783,0.6,11.092869425057021
7615.0,0.4946815,0.0021011,0.1005909,0.0730249,0.9557452,0.0,0.88347,0.0008632,0.0228744,0.0144619,0.0017264,0.974536,0.0625266,0.0949721,0.6875,12.244336169955224
273.0,0.4945055,0.010989,0.1428571,0.1521739,0.9157509,0.0,0.7843137,0.0,0.0098039,0.0810811,0.0098039,1.0,0.2252252,0.0555556,0.0,10.047631185616188
450.0,0.4822222,0.02,0.1155556,0.0901288,0.8888889,0.0,0.7823529,0.0,0.0588235,0.0116279,0.0117647,1.0,0.0697674,0.0434783,0.0,11.942113610091182
2366.0,0.4746407,0.0,0.4226543,0.1914722,0.7202029,0.0,0.5631741,0.0030817,0.0677966,0.4202769,0.0,0.98151,0.5667709,0.008427,0.2972973,11.31813853725963
2569.0,0.494745,0.013624,0.1249513,0.1132512,0.9073569,0.0,0.7751351,0.0021622,0.027027,0.0221987,0.0108108,0.9448649,0.2526427,0.0609137,0.75,11.755879486687116
271.0,0.4870849,0.0,0.1180812,0.0935252,0.9077491,0.0,0.7676768,0.0,0.020202,0.0833333,0.0,1.0,0.1944444,0.4,1.0,9.615805480084347
4514.0,0.46677,0.0019938,0.1767833,0.1416701,0.8469207,0.0110767,0.6765513,0.0032949,0.021966,0.0425868,0.0010983,0.996156,0.2917981,0.0523466,0.5384615,10.518700218288165
658.0,0.5106383,0.0,0.0942249,0.0838509,0.9194529,0.0,0.7909091,0.0045455,0.0272727,0.0265487,0.0,0.9863636,0.2035398,0.0833333,1.0,10.799595985047786
109.0,0.5137615,0.0183486,0.1743119,0.0943396,0.8807339,0.0,0.75,0.0,0.0454545,0.0638298,0.0227273,1.0,0.1489362,0.0,0.0,11.470028402317833
15632.0,0.47761,0.017784,0.1576894,0.1092334,0.8744243,0.0122825,0.7378592,0.0013443,0.0307511,0.0269784,0.0157957,0.9863888,0.2123937,0.0255138,0.1612903,11.264476926102367
353.0,0.4532578,0.0,0.3314448,0.1709845,0.796034,0.0,0.6204819,0.0,0.0180723,0.1398964,0.0,1.0,0.1761658,0.08,0.8,9.615805480084347
307.0,0.4885993,0.0,0.1433225,0.0955414,0.9283388,0.0,0.8,0.0,0.0,0.1056911,0.0,1.0,0.2845528,0.2222222,0.5,10.012386799492118
18994.0,0.4818364,0.0100032,0.1659998,0.1180654,0.8613773,0.0020006,0.6944826,0.0006862,0.0382926,0.0303434,0.0107055,0.9413945,0.3860793,0.0578577,0.4,12.120520203776788
339.0,0.5103245,0.0029499,0.1858407,0.1024096,0.9085546,0.0,0.7890625,0.0078125,0.0078125,0.1688312,0.0078125,0.9921875,0.3376623,0.25,0.6666667,9.857495968685136
1377.0,0.4938272,0.0029049,0.1713871,0.1248207,0.8830792,0.0,0.7291667,0.0,0.0340909,0.0382514,0.0018939,0.9924242,0.1712204,0.02,0.3333333,10.857093336791094
2206.0,0.5108794,0.0,0.0838622,0.0500463,0.9546691,0.0,0.8474295,0.0033167,0.0099502,0.0413355,0.0,0.986733,0.1717011,0.253012,0.6666667,10.801634680173994
2522.0,0.4873117,0.0055511,0.1776368,0.1020882,0.908406,0.0,0.7909372,0.0010299,0.0236869,0.0251004,0.0051493,1.0,0.1044177,0.030303,0.625,11.381688580803818
295.0,0.4915254,0.0,0.2881356,0.2133333,0.8067797,0.0,0.6086957,0.0,0.0144928,0.1481481,0.0,1.0,0.2592593,0.0740741,0.5,9.615805480084347
704.0,0.4644886,0.4616477,0.09375,0.0901857,0.8963068,0.0,0.7294118,0.0,0.0156863,0.1693811,0.4196078,0.9960784,0.3680782,0.0921053,1.0,9.937937287265354
665.0,0.4977444,0.0,0.0992481,0.0718563,0.8932331,0.0,0.7446809,0.0085106,0.0340426,0.0562249,0.0,0.9957447,0.2851406,0.0454545,0.3333333,10.457401400981889
1268.0,0.4621451,0.0347003,0.2342271,0.1891496,0.8477918,0.0520505,0.7242152,0.0,0.0089686,0.1237721,0.0246637,0.6434978,0.4243615,0.1578947,0.8571429,9.989711119284745
2128.0,0.4351504,0.5,0.2133459,0.2129784,0.8392857,0.0281955,0.6721311,0.0050441,0.0226986,0.0604265,0.4287516,0.998739,0.3116114,0.1619433,0.6666667,10.181157167204903
151976.0,0.4899918,0.2741354,0.0845133,0.076017,0.8947729,0.0175949,0.7981141,0.0053882,0.0409699,0.0677586,0.2539209,0.9892812,0.2180761,0.1143854,0.3480243,11.130214506480655
1526.0,0.5045872,0.0026212,0.1264744,0.0939153,0.9095675,0.0019659,0.7858628,0.004158,0.04158,0.0341365,0.0,0.8399168,0.3032129,0.3208955,0.3333333,10.540090836284206
1781.0,0.4811903,0.001123,0.1038742,0.1006494,0.8809657,0.0,0.7173579,0.0046083,0.0337942,0.0269058,0.0,0.9953917,0.2750374,0.0909091,0.75,10.5815464756746
211.0,0.4691943,0.0,0.2274882,0.0892857,0.8625592,0.0,0.6931818,0.0,0.0227273,0.1851852,0.0,0.9886364,0.3055556,0.2272727,0.75,9.615805480084347
228.0,0.5307018,0.004386,0.1842105,0.1214953,0.7850877,0.0,0.6464646,0.0,0.1212121,0.1,0.0,0.989899,0.2545455,0.0,1.0,10.645448706505872
3631.0,0.4681906,0.0038557,0.2635638,0.1802175,0.825117,0.0,0.6519303,0.0031133,0.0404732,0.6634535,0.003736,0.988792,0.3675608,0.0821355,0.8113208,11.746423225963612
17152.0,0.451959,0.0121269,0.1324044,0.1080851,0.5518307,0.1917561,0.5104995,0.0015908,0.1344257,0.0925365,0.0116131,0.9920458,0.4711997,0.0411392,0.6441718,10.247112717290387
213.0,0.4976526,0.0,0.1126761,0.1028037,0.9248826,0.0,0.8051948,0.0,0.012987,0.0941176,0.0,0.974026,0.1764706,0.2222222,1.0,9.90353755128617
133179.0,0.5038407,0.0730145,0.0637413,0.0581737,0.8987078,0.0067653,0.7757777,0.0075974,0.0565832,0.053108,0.0768429,0.6909154,0.4117924,0.2400767,0.2807775,11.647465099148372
1205.0,0.5153527,0.0008299,0.1053942,0.0582192,0.9510373,0.0,0.8575758,0.0030303,0.0212121,0.0265487,0.0,0.4272727,0.3274336,0.3894737,1.0,10.799595985047786
12507.0,0.4971616,0.0055169,0.117854,0.0801399,0.8723115,0.0112737,0.7422312,0.0033535,0.0590208,0.0717991,0.0044713,0.5300693,0.34779,0.1097695,0.25,11.047726275896391
42.0,0.547619,0.0,0.2619048,0.1052632,0.8571429,0.0,0.7222222,0.0,0.0555556,0.3793103,0.0,1.0,0.1724138,0.0,0.0,9.615805480084347
105.0,0.5142857,0.0095238,0.2666667,0.1372549,0.8095238,0.0,0.66,0.0,0.06,0.137931,0.02,0.98,0.2068966,0.0,0.0,9.615805480084347
2490.0,0.4566265,0.0004016,0.2337349,0.1788618,0.8052209,0.0309237,0.631529,0.0009497,0.0180437,0.0589812,0.0,0.9962013,0.2806077,0.0766551,0.6470588,10.21833478806055
2177.0,0.4836932,0.0009187,0.1662839,0.1129893,0.8557648,0.0,0.7113164,0.0034642,0.0635104,0.5639476,0.0023095,0.9769053,0.2517623,0.1146789,0.4782609,10.768506042432708
7173.0,0.4942144,0.048097,0.0637111,0.0609151,0.8953018,0.0006971,0.7730177,0.0026306,0.0443442,0.0403895,0.0481022,0.9947388,0.230797,0.1061151,0.25,10.909637269778615
12636.0,0.4818772,0.0240582,0.0804843,0.0659844,0.380421,0.3007281,0.425778,0.0038557,0.2638392,0.0522057,0.0121179,0.982374,0.513704,0.0689504,0.6875,10.740756721857226
125.0,0.512,0.16,0.24,0.1967213,0.864,0.0,0.6730769,0.0,0.0,0.1746032,0.1346154,1.0,0.1587302,0.2,1.0,10.114599007626499
755.0,0.4966887,0.0,0.0635762,0.0657895,0.9178808,0.0,0.7977528,0.0,0.0262172,0.0498221,0.0,1.0,0.2455516,0.1086957,0.5,10.805699643800724
3603.0,0.4696087,0.0244241,0.256453,0.1894296,0.7935054,0.0399667,0.641522,0.0033378,0.0267023,0.0770179,0.0253672,0.987984,0.2747998,0.0715706,0.7027027,10.069044362997353
53.0,0.4716981,0.0,0.245283,0.0714286,0.8490566,0.0,0.6956522,0.0,0.0434783,0.3235294,0.0,1.0,0.3235294,0.0,0.0,9.615805480084347
128713.0,0.498621,0.0413711,0.0355597,0.0367868,0.9114775,0.0037992,0.8040224,0.0027733,0.0389385,0.0637112,0.0393443,0.9541847,0.1890859,0.091622,0.524558,11.372524818667134
47170.0,0.5018868,0.1752809,0.0187195,0.0248979,0.9354887,0.0002756,0.8559714,0.0053967,0.0478694,0.0640866,0.1689094,0.9559854,0.1091505,0.209973,0.3071429,11.577785809317154
488.0,0.5102459,0.0,0.0860656,0.0669456,0.932377,0.0,0.8220859,0.0,0.0245399,0.0411765,0.0,1.0,0.3882353,0.137931,0.0,10.285376924115587
3236.0,0.4592089,0.0027812,0.2147713,0.1548571,0.7935723,0.0809642,0.7106136,0.0107794,0.0323383,0.0211039,0.0024876,0.9958541,0.2646104,0.0419287,0.4285714,10.694237736914808
67265.0,0.4680592,0.1808667,0.1726752,0.1307677,0.8211403,0.0323943,0.6711301,0.0016195,0.0411976,0.0409501,0.1724928,0.9212387,0.4860974,0.0845921,0.4005682,12.39421473013906
2050.0,0.4639024,0.0,0.182439,0.1583258,0.8414634,0.0,0.6686461,0.0035629,0.0427553,0.0837867,0.0,0.9940618,0.3460283,0.0896552,0.71875,10.322230781590136
687.0,0.2328967,0.0247453,0.0800582,0.0379507,0.4556041,0.4425036,0.619883,0.0,0.0292398,0.1818182,0.0175439,0.9883041,0.1626794,0.0138889,1.0,10.907807476583594
1124.0,0.4937722,0.0,0.1966192,0.0931459,0.8923488,0.0,0.7494305,0.0022779,0.022779,0.043573,0.0,0.9977221,0.2244009,0.1008403,0.7142857,10.360944044643913
4573.0,0.4725563,0.0113711,0.1626941,0.1140133,0.8414607,0.0,0.6603053,0.0049073,0.0430752,0.03828,0.0109051,0.9929117,0.3445202,0.0479042,0.6153846,11.088292827848269
5117.0,0.4817276,0.054915,0.1020129,0.102187,0.888802,0.0021497,0.7430939,0.0055249,0.0392265,0.0294906,0.0497238,0.9906077,0.1683646,0.0930736,0.2307692,11.210481638644469
378.0,0.494709,0.0,0.1216931,0.1465969,0.9153439,0.0,0.7851852,0.0074074,0.0074074,0.0816327,0.0,1.0,0.1564626,0.1363636,0.0,9.635673464721814
2754.0,0.4829339,0.0021786,0.3845316,0.0955056,0.902687,0.0,0.8133117,0.0008117,0.025974,0.2627169,0.0008117,0.9918831,0.095751,0.084507,0.4693878,12.322970845390355
5346.0,0.4975683,0.0179574,0.0723906,0.038347,0.9465021,0.0,0.88,0.0016901,0.0304225,0.1527446,0.0197183,0.9639437,0.0329356,0.1835443,0.4020619,11.80186424743109
1578.0,0.4917617,0.0019011,0.0703422,0.0698254,0.8884664,0.0,0.7622505,0.0036298,0.0689655,0.0367133,0.0,0.9981851,0.277972,0.1225806,0.0,11.296024885689746
4665.0,0.4829582,0.0096463,0.1318328,0.0970149,0.921329,0.0,0.8071387,0.0017271,0.0143926,0.0208568,0.0063328,0.9965458,0.1330327,0.0692308,0.4285714,10.729875458480967
321.0,0.482866,0.0,0.3894081,0.2168675,0.7445483,0.0,0.5333333,0.0,0.0242424,0.0406977,0.0,1.0,0.4069767,0.0,0.5,9.615805480084347
3545.0,0.4617772,0.0028209,0.3125529,0.225891,0.7334274,0.0792666,0.617374,0.0026525,0.0477454,0.0679852,0.0013263,0.9661804,0.3974042,0.0658307,0.5882353,11.391898423211194
10602.0,0.4750047,0.0138653,0.1461988,0.0785124,0.9003962,0.0,0.791478,0.0039947,0.0498003,0.0241684,0.0125166,0.976032,0.0488565,0.0868347,0.4545455,12.870822923581574
114.0,0.4912281,0.0,0.2192982,0.0862069,0.7807018,0.0,0.5964912,0.0,0.0350877,0.6607143,0.0,1.0,0.2678571,0.0,0.6666667,11.437134538982278
88693.0,0.4865773,0.0291906,0.109242,0.087094,0.8185539,0.0233502,0.6872283,0.0084212,0.0835436,0.0452791,0.0257502,0.8976378,0.5403303,0.1029691,0.2516556,11.760574294255605
573.0,0.4677138,0.0034904,0.1169284,0.0655738,0.9057592,0.0,0.7602041,0.0102041,0.0306122,0.0485437,0.005102,1.0,0.2038835,0.0862069,0.3333333,10.640675541671662
2780.0,0.4661871,0.0935252,0.1845324,0.1617251,0.8003597,0.0,0.6136553,0.0016653,0.0591174,0.3642139,0.0782681,0.9708576,0.3245103,0.0483271,0.3428571,11.874097282798648
108.0,0.4444444,0.0,0.1111111,0.0833333,0.9259259,0.0,0.7941176,0.0,0.0294118,0.0810811,0.0,1.0,0.1891892,0.4,0.0,9.893487720457795
274.0,0.4744526,0.0,0.3394161,0.2569444,0.7445255,0.0,0.5319149,0.0,0.0283688,0.1349693,0.0,1.0,0.3803681,0.025,0.8333333,9.615805480084347
7123.0,0.4565492,0.0554542,0.1679068,0.1635236,0.8377088,0.0211989,0.6822934,0.0016863,0.018887,0.0649637,0.0462057,0.9956155,0.4027121,0.0636015,0.3333333,10.254179634797001
269.0,0.5315985,0.0037175,0.2453532,0.1587302,0.8587361,0.0,0.6842105,0.0,0.0175439,0.1555556,0.0087719,1.0,0.3111111,0.0416667,1.0,9.615805480084347
572.0,0.4895105,0.0,0.1975524,0.1883562,0.763986,0.0646853,0.6144068,0.0,0.029661,0.2236842,0.0,0.9915254,0.4177632,0.075,0.75,10.247112717290387
280015.0,0.4799029,0.2504544,0.146185,0.1182957,0.7617342,0.036423,0.6006359,0.0046777,0.0767073,0.1147508,0.2080401,0.8574477,0.4614323,0.081301,0.4662215,10.668978650219241
806.0,0.4962779,0.0049628,0.1129032,0.0960591,0.8858561,0.0,0.75,0.0065789,0.0361842,0.05,0.0,1.0,0.228125,0.0714286,0.6666667,10.623787731088578
10428.0,0.4741082,0.0333717,0.1566935,0.1239971,0.8668009,0.011987,0.7144638,0.00399,0.023192,0.1807967,0.027182,0.9710723,0.3824311,0.1095306,0.6506849,9.735128070758227
183.0,0.4754098,0.0,0.1092896,0.1041667,0.9016393,0.0,0.704918,0.0,0.0,0.2179487,0.0,0.9836066,0.525641,0.1875,0.0,9.615805480084347
390.0,0.4666667,0.0,0.2820513,0.2115385,0.7923077,0.0,0.5824176,0.010989,0.0164835,0.1165049,0.0,1.0,0.2087379,0.0526316,0.8,9.615805480084347
6133.0,0.4818197,0.1873471,0.0973422,0.0764632,0.9047774,0.0016305,0.7812918,0.0040089,0.0280624,0.0618471,0.1612472,0.9937639,0.1918094,0.114,0.5,10.734242182303689
111.0,0.4864865,0.0,0.1081081,0.0701754,0.963964,0.0,0.8888889,0.0,0.0,0.027027,0.0,0.9722222,0.1621622,0.0,0.0,10.021315031649332
525.0,0.4685714,0.4819048,0.1638095,0.1577061,0.9104762,0.0,0.7555556,0.0,0.0111111,0.0816327,0.4277778,0.9944444,0.1887755,0.0952381,1.0,10.05195066017375
5853.0,0.4613019,0.2029728,0.1399282,0.0983191,0.8113788,0.0017085,0.6261569,0.0020121,0.0591549,0.0887422,0.1778672,0.98833,0.2724606,0.0603113,0.1176471,11.185823192802378
188.0,0.4893617,0.0,0.1595745,0.1354167,0.8723404,0.0,0.6756757,0.0,0.0,0.1956522,0.0,1.0,0.3152174,0.1111111,0.6666667,9.615805480084347
10733.0,0.4477779,0.046958,0.2079568,0.1999325,0.7590608,0.0933569,0.6539817,0.0028189,0.020202,0.0811569,0.0387597,0.9964764,0.358515,0.0576606,0.4727273,10.199918739620157
277.0,0.4909747,0.0180505,0.166065,0.141844,0.8700361,0.0,0.7087379,0.0097087,0.038835,0.0283019,0.0,1.0,0.2641509,0.2857143,1.0,10.060534035475412
2890.0,0.5595156,0.1532872,0.0027682,0.0039277,0.8359862,0.1484429,0.9442379,0.0,0.0,0.0358423,0.1412639,0.960347,0.2365591,0.1134663,0.0,10.959557617938563
294.0,0.4897959,0.0,0.1258503,0.0866667,0.9081633,0.0,0.7894737,0.0,0.0263158,0.0578512,0.0,0.9912281,0.1239669,0.0434783,0.6666667,9.937937287265354
92.0,0.5217391,0.0,0.1847826,0.1590909,0.6956522,0.0,0.4772727,0.0,0.1136364,0.6691729,0.0,1.0,0.481203,0.0,0.0,10.596659732783579
1262.0,0.4405705,0.0047544,0.2131537,0.1572238,0.7931854,0.0158479,0.6118299,0.0055453,0.0425139,0.0720412,0.0018484,0.9981516,0.3447684,0.0769231,0.4,10.586609649448985
3973.0,0.485779,0.005034,0.1653662,0.1272638,0.7012333,0.0,0.4789447,0.0020294,0.0705226,0.0473659,0.0065956,0.971588,0.5306912,0.0297907,0.1538462,10.849356503939038
505.0,0.4792079,0.0019802,0.1049505,0.0988593,0.9009901,0.0,0.7849462,0.0107527,0.0268817,0.1806167,0.0,0.9892473,0.2511013,0.1052632,0.6666667,9.87822102528824
1439.0,0.5079917,0.0,0.1327311,0.0805085,0.8874218,0.0,0.7472527,0.003663,0.03663,0.0650685,0.0,0.985348,0.255137,0.0674847,0.0,10.933124826700707
10.0,0.4,0.0,0.3,0.3333333,0.8,0.0,0.5,0.0,0.0,0.5555556,0.0,1.0,0.6666667,0.0,0.0,9.615805480084347
6046.0,0.4928879,0.0074429,0.2224611,0.1288324,0.8395633,0.0416804,0.7363796,0.0043937,0.0404218,0.1871429,0.0057118,0.8681898,0.5257143,0.1433757,0.5652174,10.635879484421974
4805.0,0.4855359,0.0135276,0.1086368,0.1003236,0.8863684,0.0166493,0.7755928,0.0069404,0.0300752,0.0410427,0.0104106,0.9965298,0.3194676,0.0939457,0.5,10.491301994830229
8917.0,0.5055512,0.0108781,0.094875,0.0653209,0.8174274,0.0044858,0.663825,0.0071043,0.0923558,0.0692938,0.0085251,0.9869281,0.3533457,0.0467128,0.0232558,11.661354090741
9405.0,0.4926103,0.5270601,0.0480595,0.0574183,0.9489633,0.0,0.8538206,0.0033223,0.0232558,0.0866487,0.4835733,0.968254,0.1227242,0.3144654,0.8333333,10.576457535657255
561.0,0.5062389,0.0,0.14082,0.0649819,0.9393939,0.0,0.8047337,0.0,0.0059172,0.1243523,0.0,1.0,0.2072539,0.3,0.5,10.980212041446208
1389.0,0.5089993,0.12527,0.0705544,0.085044,0.9258459,0.0,0.8151261,0.0042017,0.0273109,0.0793037,0.1176471,0.9957983,0.2495164,0.1216216,0.5882353,10.851296331126829
51418.0,0.4771092,0.0200902,0.1421098,0.1097969,0.8231942,0.0281613,0.6833206,0.004189,0.059106,0.0818911,0.0178289,0.9626054,0.3446367,0.0757071,0.3899083,11.65356528276954
400.0,0.4375,0.0,0.7775,0.32,0.6925,0.0,0.5298805,0.0,0.0159363,0.619697,0.0,1.0,0.8424242,0.0,1.0,11.289794413577894
202.0,0.519802,0.029703,0.1237624,0.0309278,0.950495,0.0,0.880597,0.0,0.0298507,0.2637363,0.0149254,1.0,0.3186813,0.3333333,1.0,9.615805480084347
374.0,0.4625668,0.0,0.1898396,0.1044776,0.8796791,0.0,0.7013889,0.0,0.0138889,0.0769231,0.0,0.9930556,0.2371795,0.0666667,0.5,9.615805480084347
1174.0,0.4659284,0.5851789,0.1643952,0.1483254,0.8986371,0.0,0.7252475,0.0024752,0.0123762,0.0357995,0.4950495,1.0,0.2434368,0.1507937,0.3333333,10.370392636243981
3158.0,0.470551,0.1396453,0.1852438,0.1441388,0.8644712,0.0215326,0.7159763,0.0016906,0.0169062,0.1574074,0.1327134,0.6424345,0.3525641,0.1037234,0.84,10.134638955251866
23006.0,0.4839172,0.0051291,0.1274015,0.098206,0.591324,0.1454838,0.5436022,0.003396,0.1501516,0.0442796,0.0035173,0.9945421,0.3810131,0.0799098,0.4901961,10.623787731088578
936.0,0.4967949,0.0,0.1025641,0.0530786,0.9636752,0.0,0.8658537,0.0,0.004065,0.221519,0.0,0.9918699,0.2626582,0.3636364,0.5,10.675931008412125
3045.0,0.3809524,0.0095238,0.5924466,0.4058355,0.5980296,0.0003284,0.4092527,0.0,0.0305033,0.2967465,0.0045755,0.9323843,0.724705,0.003876,0.2083333,12.454107814022272
1202.0,0.5099834,0.0008319,0.0615641,0.0424448,0.9667221,0.0,0.8815331,0.0,0.0139373,0.0171233,0.0,0.989547,0.0890411,0.375,0.0,10.91328684226798
440.0,0.4954545,0.0,0.0818182,0.0540541,0.9590909,0.0,0.8843537,0.0,0.0068027,0.0134228,0.0,1.0,0.1677852,0.1,0.0,10.811766273800105
2464.0,0.5040584,0.0093344,0.0531656,0.0417349,0.9350649,0.0,0.8504902,0.0098039,0.0318627,0.04,0.0098039,0.997549,0.3023529,0.1149425,0.0769231,10.611547975828369
1355.0,0.4531365,0.3188192,0.2892989,0.2267206,0.8118081,0.0833948,0.734127,0.0039683,0.0099206,0.1724138,0.3353175,0.9900794,0.3004926,0.0961538,0.9444444,9.615805480084347
603.0,0.5074627,0.0,0.1791045,0.1380471,0.8739635,0.0,0.696,0.0,0.0,0.2088608,0.0,1.0,0.2943038,0.037037,0.9375,9.635673464721814
4789.0,0.4838171,0.0022969,0.130925,0.0756472,0.9171017,0.0,0.8090692,0.0005967,0.0357995,0.0406411,0.0029833,0.9916468,0.0875787,0.059633,0.6363636,12.399585512019348
746.0,0.5,0.0,0.1796247,0.0991957,0.8726542,0.0,0.6976744,0.0,0.013289,0.2321429,0.0,0.9568106,0.375,0.1791045,0.7916667,9.615805480084347
447.0,0.4832215,0.0067114,0.2393736,0.1731602,0.8814318,0.0,0.72,0.0057143,0.0228571,0.1116751,0.0,0.9942857,0.1979695,0.1666667,0.1666667,9.615805480084347
5025.0,0.4565174,0.2569154,0.1787065,0.1878433,0.8181095,0.0364179,0.6646434,0.0060698,0.0237734,0.0581229,0.2220536,0.9959535,0.4116246,0.0942029,0.5,9.980494888896912
195.0,0.4717949,0.0,0.2717949,0.1941748,0.8153846,0.0,0.5955056,0.0,0.0,0.152381,0.0,1.0,0.3333333,0.1052632,1.0,9.615805480084347
89.0,0.4606742,0.0,0.2247191,0.2083333,0.8876404,0.0,0.7058824,0.0,0.0,0.2444444,0.0,1.0,0.1333333,0.25,0.6666667,9.615805480084347
1269.0,0.4767533,0.0267928,0.1717888,0.1114458,0.8534279,0.0,0.6949807,0.0057915,0.042471,0.1130137,0.0250965,1.0,0.1969178,0.0878378,0.8333333,9.99884318585288
3514.0,0.4823563,0.0,0.1101309,0.0852117,0.8949915,0.0,0.7456693,0.0023622,0.0314961,0.0305344,0.0,0.9952756,0.2778626,0.0375427,0.75,10.757924157061597
240.0,0.55,0.0,0.0166667,0.0277778,0.9041667,0.0,0.775,0.0125,0.025,0.3220339,0.0,0.9625,0.3220339,0.1,1.0,9.770013301136158
4113.0,0.4942864,0.0041332,0.0374423,0.0365385,0.9005592,0.0,0.7645119,0.0,0.0316623,0.0778589,0.0059367,0.9914248,0.1776156,0.0434783,0.1612903,11.226589153242802
6261.0,0.4742054,0.0015972,0.2063568,0.0753341,0.8632806,0.0483948,0.7860262,0.0004367,0.0240175,0.0450375,0.00131,0.9965066,0.1063386,0.0150943,0.25,11.752737324967208
543.0,0.5174954,0.0,0.1399632,0.1183206,0.8839779,0.0,0.7058824,0.0,0.0098039,0.0239234,0.0,0.9852941,0.1722488,0.0833333,1.0,10.579005242826247
1121.0,0.5165031,0.0035682,0.0927743,0.0811808,0.9161463,0.0,0.8115578,0.0,0.0376884,0.0722611,0.0025126,0.9874372,0.1445221,0.1333333,0.8,11.799614544567753
126.0,0.531746,0.0,0.0873016,0.0847458,0.9206349,0.0,0.8,0.0,0.0222222,0.1818182,0.0,1.0,0.4727273,0.3333333,1.0,9.615805480084347
2866.0,0.4888346,0.0230286,0.1050244,0.0791809,0.8136776,0.0519888,0.6833667,0.01002,0.0531062,0.1462789,0.0200401,0.9819639,0.3627032,0.1172249,0.6849315,10.67130147767883
4156.0,0.4448989,0.2682868,0.204283,0.1794538,0.8582772,0.0192493,0.6988778,0.0024938,0.0130923,0.1436199,0.2026185,0.9968828,0.3619861,0.1260684,0.5901639,9.94755228369823
1027.0,0.4888023,0.0048685,0.2317429,0.1142857,0.8519961,0.0,0.7142857,0.0113379,0.0498866,0.1679245,0.0045351,0.9909297,0.3377358,0.1,0.4444444,10.568775236216993
2484.0,0.4549114,0.0309984,0.2693237,0.1728213,0.8752013,0.081723,0.8751545,0.0,0.0074166,0.0276442,0.0247219,0.9876391,0.0300481,0.1212121,1.0,12.989519748216305
4096.0,0.4975586,0.0239258,0.0822754,0.0806608,0.8898926,0.0102539,0.7825789,0.0109739,0.0466392,0.1016636,0.0192044,0.9485597,0.3598275,0.1322957,0.4347826,10.851296331126829
195.0,0.4666667,0.0102564,0.1384615,0.1057692,0.8205128,0.0769231,0.7746479,0.0140845,0.0422535,0.0897436,0.0,1.0,0.3461538,0.0,0.0,9.6678285081515
568.0,0.4823944,0.0,0.2764085,0.1564626,0.8415493,0.0,0.68,0.004,0.032,0.1961415,0.0,0.988,0.3762058,0.1052632,0.6666667,10.056251557087757
1746.0,0.4255441,0.0269187,0.2388316,0.1814556,0.7972509,0.0658648,0.7011494,0.0057471,0.0272989,0.042641,0.0201149,0.9971264,0.3796424,0.0478469,0.375,10.526775414924009
137.0,0.4452555,0.0,0.1532847,0.1447368,0.8467153,0.0,0.6842105,0.0175439,0.0175439,0.0655738,0.0,1.0,0.1311475,0.0,1.0,9.615805480084347
160.0,0.50625,0.0,0.275,0.1518987,0.88125,0.0,0.7205882,0.0,0.0,0.2093023,0.0,0.9852941,0.4186047,0.0625,1.0,9.615805480084347
485.0,0.4804124,0.0,0.1319588,0.0714286,0.9010309,0.0,0.7784091,0.0056818,0.0284091,0.0588235,0.0,1.0,0.2994652,0.2333333,0.0,10.211009016314167
1722.0,0.489547,0.0,0.1393728,0.105802,0.8815331,0.0,0.7307132,0.0029112,0.0262009,0.0601915,0.0,0.9868996,0.3652531,0.0687831,0.4285714,10.098272780745283
1313.0,0.5125666,0.0007616,0.0822544,0.075,0.9642041,0.0,0.8731563,0.0029499,0.0117994,0.2646421,0.0,0.1327434,0.6225597,0.4918033,0.0,9.615805480084347
838.0,0.4821002,0.0,0.202864,0.1198157,0.8603819,0.0,0.6790831,0.0028653,0.0114613,0.2445887,0.0,0.9971347,0.2099567,0.0597015,0.2222222,9.741027444837728
5136.0,0.4836449,0.0159657,0.0809969,0.0825792,0.9162773,0.0,0.7963576,0.0038631,0.0281457,0.062597,0.0187638,0.9928256,0.2772892,0.1146617,0.45,10.712215345197256
188.0,0.4574468,0.9680851,0.1276596,0.1176471,0.9202128,0.0,0.75,0.0,0.0178571,0.0508475,0.9642857,1.0,0.2372881,0.0,0.0,9.615805480084347
12420.0,0.4541868,0.1561192,0.1699678,0.1476619,0.7680354,0.0885668,0.66619,0.0036772,0.0239019,0.0604607,0.1501532,0.9961185,0.3566219,0.0594832,0.3015873,10.594156665220533
24800.0,0.4728629,0.0143548,0.1763306,0.1412836,0.7954839,0.0129839,0.6165457,0.0059228,0.0542606,0.0480175,0.0124188,0.9489874,0.3573117,0.0683948,0.3950617,10.431199791458543
59774.0,0.473818,0.6986315,0.0944725,0.095447,0.8503865,0.0030783,0.6629327,0.0036417,0.0524593,0.0882229,0.6382704,0.9140276,0.5293796,0.1125615,0.3,11.409795792463761
1089.0,0.4370983,0.0,0.3728191,0.274062,0.7125803,0.1753903,0.6856369,0.0,0.0162602,0.0728643,0.0,0.9945799,0.218593,0.1010101,0.5,9.87822102528824
981.0,0.4933741,0.0101937,0.2538226,0.1488934,0.8012232,0.0,0.6238938,0.0,0.0442478,0.1031746,0.0044248,1.0,0.3869048,0.0635838,1.0,10.401258331428318
1616.0,0.4913366,0.0105198,0.0736386,0.0571776,0.8910891,0.0,0.7554806,0.0033727,0.0404722,0.2512626,0.005059,0.9527825,0.2828283,0.1118421,0.1935484,10.85516473308054
197.0,0.4670051,0.0,0.1370558,0.1428571,0.8375635,0.0,0.6547619,0.0,0.0357143,0.0666667,0.0,1.0,0.2444444,0.0,0.0,10.181157167204903
228.0,0.5175439,0.0,0.1140351,0.1090909,0.8552632,0.0,0.6818182,0.0,0.0568182,0.1775701,0.0,1.0,0.4953271,0.1785714,0.5,10.254179634797001
5372.0,0.4914371,0.0107967,0.0813477,0.068448,0.9240506,0.0,0.8201251,0.0036496,0.0250261,0.0579568,0.012513,0.9979145,0.2328094,0.1046512,0.375,10.55323128448846
232.0,0.4612069,0.0,0.2284483,0.12,0.8663793,0.0,0.7032967,0.010989,0.010989,0.2222222,0.0,1.0,0.1709402,0.0909091,0.6666667,9.615805480084347
1288.0,0.515528,0.0248447,0.1079193,0.0592949,0.8400621,0.0,0.6520076,0.0038241,0.040153,0.0935875,0.0305927,0.9521989,0.4696707,0.0714286,0.6666667,10.718874489469398
1018.0,0.4941061,0.0,0.2043222,0.1436893,0.8899804,0.0,0.7354369,0.0,0.0072816,0.1252654,0.0,0.9927184,0.3227176,0.1038961,0.5,9.908524844053396
69.0,0.5072464,0.0,0.2173913,0.1470588,0.8985507,0.0,0.7307692,0.0,0.0,0.1875,0.0,1.0,0.09375,0.0,0.0,9.615805480084347
7073.0,0.5101089,0.2293228,0.0541496,0.0499278,0.9140393,0.019935,0.8441305,0.0038967,0.0462737,0.0752252,0.2050658,0.6887482,0.3518018,0.234957,0.484375,11.042937835596494
103.0,0.5436893,0.0,0.1650485,0.1276596,0.8737864,0.0,0.7045455,0.0,0.0,0.0833333,0.0,1.0,0.2708333,0.0,0.0,9.615805480084347
307.0,0.4918567,0.0,0.3973941,0.2628205,0.6286645,0.1074919,0.4965035,0.006993,0.041958,0.2393617,0.0,1.0,0.3882979,0.03125,0.8333333,9.615805480084347
318.0,0.5534591,0.0,0.0503145,0.0774648,0.9779874,0.0,0.8985507,0.0,0.0,0.0142857,0.0,1.0,0.9142857,0.2608696,0.0,10.687411927154141
1016.0,0.4822835,0.0,0.1574803,0.148289,0.8425197,0.0187008,0.6708543,0.0025126,0.0075377,0.1793814,0.0,0.9623116,0.4061856,0.0677966,0.7142857,10.138599199626192
1668.0,0.4802158,0.235012,0.1468825,0.1188005,0.8878897,0.0,0.7268446,0.0031397,0.0141287,0.1090909,0.188383,0.9968603,0.3146853,0.0848485,0.8461538,10.278527816830314
995.0,0.4914573,0.040201,0.0542714,0.0533597,0.4482412,0.4331658,0.612766,0.0,0.0893617,0.2192691,0.0382979,0.9829787,0.4086379,0.0666667,0.0,10.643064971973882
152.0,0.4671053,0.0065789,0.1052632,0.0493827,0.9671053,0.0,0.9056604,0.0,0.0,0.0185185,0.0188679,1.0,0.0740741,1.0,0.0,11.05723491317159
477.0,0.4633124,0.0628931,0.1844864,0.1640625,0.8280922,0.0,0.6387435,0.0157068,0.0471204,0.1434978,0.0418848,1.0,0.3452915,0.1384615,0.5,9.803722464346553
581.0,0.4767642,0.0,0.1256454,0.1184211,0.8812392,0.0,0.7142857,0.0,0.0223214,0.042735,0.0,0.9910714,0.2692308,0.0877193,0.0,9.933094897288786
87.0,0.6321839,0.0,0.0689655,0.0625,0.8505747,0.0,0.6666667,0.0333333,0.1,0.0625,0.0,1.0,0.21875,0.0769231,0.0,9.942756341456828
626.0,0.4520767,0.3290735,0.1501597,0.1049563,0.913738,0.0,0.7665198,0.0,0.0044053,0.2605863,0.2907489,0.9911894,0.4201954,0.1466667,1.0,9.615805480084347
279.0,0.4587814,0.0,0.1971326,0.1655629,0.8673835,0.0,0.6814159,0.0,0.0088496,0.1811594,0.0,0.9823009,0.3405797,0.1851852,0.0,9.803722464346553
264.0,0.4772727,0.3560606,0.3484848,0.2173913,0.6060606,0.2878788,0.6986301,0.0,0.0273973,0.1511628,0.260274,0.9863014,0.3488372,0.0833333,0.0,9.883335864325275
297.0,0.4713805,0.003367,0.2424242,0.1656051,0.8653199,0.0,0.712,0.008,0.008,0.2424242,0.0,1.0,0.3212121,0.2,0.7142857,9.615805480084347
3538.0,0.4889768,0.035896,0.1678915,0.1288717,0.8188242,0.0539853,0.7095134,0.0007262,0.0319535,0.0807744,0.016703,0.9941903,0.376502,0.0859873,0.625,10.480129006333248
4806.0,0.4627549,0.0428631,0.1801914,0.1402014,0.7494798,0.0984186,0.6417989,0.0021164,0.0232804,0.0620347,0.0275132,0.994709,0.3558313,0.0572831,0.4666667,10.33854382482173
1298.0,0.4938367,0.0,0.1402157,0.0821918,0.9283513,0.0,0.7843137,0.0,0.0122549,0.1517672,0.0,0.995098,0.1621622,0.2321429,0.6363636,10.529452721013085
816.0,0.5,0.002451,0.1446078,0.0808824,0.9252451,0.0,0.8359621,0.0,0.022082,0.048048,0.0031546,0.9716088,0.0810811,0.0625,0.5,11.080618310893968
21203.0,0.492336,0.1404518,0.135877,0.1123188,0.8437957,0.0033014,0.6541467,0.0056718,0.0477691,0.0774419,0.1441896,0.8442148,0.4205814,0.080429,0.3703704,10.87806606028079
146.0,0.4657534,0.0,0.239726,0.1153846,0.7534247,0.0,0.5694444,0.0138889,0.0555556,0.1627907,0.0,0.9861111,0.3255814,0.0,0.0,10.05195066017375
2011.0,0.4649428,0.0,0.2680259,0.1849442,0.7871706,0.0402785,0.6233454,0.0036101,0.0264741,0.0556818,0.0,0.9987966,0.2852273,0.0943396,0.75,9.862717639992917
28887.0,0.4811161,0.0519957,0.1227542,0.0829942,0.8605601,0.003981,0.7251915,0.0039195,0.0570105,0.0415777,0.0403528,0.9917157,0.2971058,0.0532164,0.2826087,11.131679686740132
14035.0,0.4678304,0.3164945,0.1369434,0.1168831,0.7766299,0.0838618,0.6734075,0.0032356,0.0539939,0.093326,0.2505561,0.9888777,0.4605794,0.1089445,0.7755102,10.451637862362272
2471.0,0.4536625,0.0898422,0.2258195,0.1977778,0.8296236,0.0,0.6525945,0.001759,0.0193492,0.0532889,0.0756376,0.996482,0.4662781,0.0469136,0.6,10.211009016314167
20608.0,0.4938373,0.0148971,0.0754561,0.0767903,0.9372574,0.0029115,0.8477419,0.0025806,0.031129,0.0350195,0.0143548,0.9535484,0.1906615,0.1136012,0.440678,11.704380187145405
151.0,0.5033113,0.0,0.1456954,0.1333333,0.9602649,0.0,0.88,0.0,0.0,0.137931,0.0,1.0,0.1896552,0.2,0.0,9.615805480084347
2268.0,0.4761905,0.0013228,0.2231041,0.1523569,0.835097,0.0,0.6282051,0.0042735,0.0245726,0.1612903,0.0010684,0.9978632,0.1836918,0.0775194,0.75,9.814710982145282
112.0,0.5,0.0,0.1785714,0.1428571,0.8571429,0.0,0.6818182,0.0,0.0227273,0.0833333,0.0,1.0,0.1041667,0.1666667,0.5,10.268165387743457
97.0,0.4742268,0.0,0.0721649,0.0392157,0.8865979,0.0,0.7941176,0.0294118,0.0294118,0.15,0.0,1.0,0.15,0.2,0.0,9.615805480084347
454.0,0.4449339,0.722467,0.2246696,0.1626984,0.8920705,0.0,0.7356322,0.0057471,0.0057471,0.0695187,0.6954023,1.0,0.2299465,0.0512821,1.0,9.674137279312397
12834.0,0.4901823,0.0041297,0.0981767,0.0544093,0.9083684,0.0,0.811721,0.0059042,0.0509512,0.0167706,0.0028428,0.9892849,0.1369598,0.126294,0.2222222,10.896757843893464
5929.0,0.4933378,0.0182156,0.1170518,0.0745672,0.9131388,0.0,0.8064819,0.0061062,0.0371066,0.0727352,0.0164396,0.9769845,0.1646341,0.1145251,0.3846154,11.261909563554315
103.0,0.4563107,0.4174757,0.1165049,0.1785714,0.8737864,0.0,0.6842105,0.0,0.0263158,0.1555556,0.2894737,1.0,0.3111111,0.2727273,1.0,9.966509298952284
188.0,0.5212766,0.0,0.3297872,0.1777778,0.8404255,0.0,0.6704545,0.0,0.0113636,0.2212389,0.0,1.0,0.3893805,0.047619,0.5,9.770013301136158
8024.0,0.7210867,0.0731555,0.0023679,0.0035746,0.432328,0.550349,0.8753412,0.0,0.0018198,0.0308642,0.0746133,0.9626934,0.1569665,0.1906508,0.0,11.51293546492023
439.0,0.4624146,0.0022779,0.1298405,0.1271186,0.8610478,0.0,0.6918605,0.005814,0.0406977,0.1269036,0.005814,1.0,0.2538071,0.1315789,0.5,10.494075844768336
180.0,0.5388889,0.0,0.1055556,0.0963855,0.8388889,0.0,0.6842105,0.0131579,0.0657895,0.025641,0.0,1.0,0.3589744,0.0,0.0,9.717218213494077
602.0,0.4435216,0.0,0.1179402,0.1014925,0.9036545,0.0,0.7729258,0.0043668,0.0218341,0.0691057,0.0,1.0,0.2845528,0.0779221,0.0,10.410335274932896
610.0,0.5016393,0.0,0.095082,0.0855263,0.9147541,0.0065574,0.7990196,0.0,0.0294118,0.0285714,0.0,0.9852941,0.1619048,0.1489362,1.0,10.732061203925053
11139.0,0.4519257,0.2426609,0.213933,0.1900082,0.8368794,0.0350121,0.690943,0.001634,0.0198413,0.1177924,0.2119514,0.9677871,0.3010708,0.1126126,0.5957447,10.264687244346277
1035.0,0.4898551,0.0019324,0.1004831,0.0852273,0.9574879,0.0,0.8707483,0.0034014,0.0170068,0.0454545,0.0034014,0.2482993,0.2727273,0.2318841,0.6666667,10.505094936455558
221.0,0.5113122,0.0,0.2533937,0.2037037,0.8054299,0.0,0.6057692,0.0,0.0192308,0.2972973,0.0,0.9903846,0.4121622,0.0416667,0.8333333,10.351405324899678
9203.0,0.4652831,0.0017386,0.1899381,0.1361512,0.8109312,0.0219494,0.6543276,0.0039947,0.0513981,0.0455008,0.0013316,0.9970706,0.3235892,0.0604686,0.4814815,10.599156550639583
5549.0,0.4781042,0.0378447,0.1409263,0.121547,0.8850243,0.03388,0.7722499,0.0005528,0.016031,0.1093058,0.037037,0.4079602,0.4121123,0.2067381,0.53125,10.122663242288953
152.0,0.4078947,0.0,0.1710526,0.1444444,0.8026316,0.0,0.6111111,0.0,0.0277778,0.1325301,0.0,1.0,0.373494,0.030303,0.0,10.416341118636355
3093.0,0.4730036,0.0071128,0.4691238,0.1441718,0.7791788,0.0,0.6754279,0.0,0.0776284,0.1050328,0.0067237,0.9749389,0.392779,0.0078947,0.3846154,11.10045084755119
15300.0,0.4673203,0.0212418,0.2132026,0.1396319,0.8637908,0.0202614,0.7327054,0.0024359,0.0177006,0.0316087,0.0191621,0.997077,0.2338418,0.039566,0.6363636,10.604131561522696
768.0,0.4908854,0.0,0.1979167,0.1585678,0.8528646,0.0,0.6635514,0.0031153,0.0124611,0.0722543,0.0,1.0,0.1878613,0.047619,0.8,9.615805480084347
693.0,0.4877345,0.0,0.1702742,0.1323944,0.8701299,0.0,0.6884615,0.0038462,0.0230769,0.0780142,0.0,0.8730769,0.4964539,0.1818182,0.6,10.165890277802454
506.0,0.4920949,0.0039526,0.1284585,0.0466926,0.9604743,0.0,0.8863636,0.0,0.0,0.0222222,0.0,0.9943182,0.0,0.25,0.5,11.995357787034976
897.0,0.4782609,0.0022297,0.2998885,0.2200855,0.8115942,0.0624303,0.6819484,0.0,0.0057307,0.0693333,0.0,1.0,0.224,0.1147541,1.0,9.615805480084347
6609.0,0.4655772,0.0791345,0.1591769,0.1432616,0.8010289,0.0331366,0.6567747,0.0027333,0.0663803,0.0258653,0.0757517,0.9878954,0.2936478,0.0488479,0.4444444,11.405351390085748
211.0,0.436019,0.0,0.2843602,0.1428571,0.8341232,0.0,0.6631579,0.0,0.0315789,0.1880342,0.0,1.0,0.2393162,0.1818182,0.6666667,9.615805480084347
1006.0,0.4821074,0.000994,0.112326,0.0940499,0.8986083,0.0,0.763587,0.0027174,0.0353261,0.0466321,0.0,0.9891304,0.2357513,0.1170213,0.6666667,11.13751903414526
7665.0,0.4781474,0.0024788,0.1899543,0.11475,0.8373125,0.0,0.6758308,0.0030211,0.0432024,0.0293255,0.0021148,0.9954683,0.211437,0.0382932,0.4,11.055656405795794
138.0,0.4492754,0.0,0.2753623,0.1184211,0.8985507,0.0,0.7666667,0.0,0.0,0.1044776,0.0,1.0,0.358209,0.0,1.0,9.61587214452889
4747.0,0.4463872,0.5133769,0.17253,0.1651446,0.8238888,0.058774,0.7078189,0.0041152,0.021164,0.0765472,0.4661964,0.9970606,0.3382193,0.1438172,0.65,10.382853468483827
3081.0,0.4982149,0.0012983,0.1655307,0.1073739,0.7913015,0.0418695,0.6534824,0.0085985,0.0730868,0.1005414,0.0008598,0.9991402,0.4802784,0.0769231,0.5,11.225256725762893
9990.0,0.4807808,0.0201201,0.0642643,0.0528244,0.9287287,0.0,0.8248994,0.0025877,0.0238643,0.039757,0.0192639,0.9942496,0.1711761,0.0822857,0.3538462,10.988693712621323
6841.0,0.4661599,0.4187984,0.2316913,0.1599124,0.8625932,0.0,0.6951619,0.0025464,0.0258276,0.0927393,0.3670426,0.995271,0.2026403,0.1109677,0.7307692,9.615805480084347
3351.0,0.4625485,0.3002089,0.1751716,0.1471405,0.8618323,0.042077,0.7546064,0.0025126,0.0217755,0.0715397,0.2646566,0.9924623,0.3374806,0.1002278,0.4,10.047631185616188
1041.0,0.4831892,0.0038425,0.1258405,0.1152416,0.907781,0.0,0.7682292,0.0052083,0.0104167,0.1048951,0.0026042,0.9713542,0.4032634,0.1428571,0.75,10.389026137075234
21756.0,0.4805111,0.1206564,0.1522798,0.1070607,0.8870197,0.0060213,0.7570082,0.0010057,0.0388435,0.0261966,0.0994343,0.9732244,0.1363692,0.0631188,0.4673913,11.982310152711182
960.0,0.478125,0.0,0.1520833,0.1057884,0.9114583,0.0,0.7483221,0.0033557,0.0234899,0.2378517,0.0,0.9966443,0.2378517,0.3469388,0.6428571,10.518700218288165
665.0,0.4556391,0.0,0.0496241,0.038674,0.9669173,0.0,0.8857143,0.0,0.0114286,0.0740741,0.0,0.9885714,0.1216931,0.2631579,1.0,11.046132675457146
1432.0,0.5181564,0.0244413,0.1445531,0.0985507,0.8645251,0.0041899,0.7069272,0.0017762,0.0337478,0.1756955,0.026643,0.9982238,0.3030747,0.1205674,0.8181818,10.6782377612977
407.0,0.4520885,0.8673219,0.1375921,0.1255605,0.8574939,0.0,0.7,0.0066667,0.0466667,0.1620112,0.86,0.9866667,0.2849162,0.1489362,0.0,9.857495968685136
1415.0,0.4925795,0.0014134,0.1144876,0.0793872,0.8763251,0.0155477,0.761523,0.008016,0.0541082,0.0976492,0.002004,0.9799599,0.3779385,0.1468531,0.5,10.69650269224425
1548.0,0.4715762,0.00323,0.254522,0.1760391,0.8016796,0.0516796,0.6578512,0.0016529,0.0280992,0.0288925,0.0,0.9966942,0.3130016,0.0361446,0.0,10.586609649448985
125738.0,0.4834099,0.0058057,0.1190571,0.0817489,0.7965929,0.0208847,0.6457563,0.0048966,0.0764375,0.0454093,0.0053095,0.977641,0.3557846,0.0557393,0.2448211,10.879951039444416
1795.0,0.4791086,0.0005571,0.1715877,0.1090909,0.8857939,0.0,0.7524893,0.0014225,0.0284495,0.0409277,0.0,0.997155,0.1268759,0.0892857,1.0,10.332050506334692
10422.0,0.4809058,0.0050854,0.1547688,0.1066543,0.9132604,0.0164076,0.8306088,0.0011274,0.0267756,0.0100446,0.0031003,0.9870349,0.0831473,0.060274,0.4210526,12.174587138384211
1088.0,0.5055147,0.0220588,0.1443015,0.1226766,0.7242647,0.1498162,0.6926952,0.0025189,0.0302267,0.0997732,0.0025189,1.0,0.3015873,0.0738255,0.8888889,10.488520429241627
53.0,0.490566,0.7169811,0.3962264,0.2222222,0.5849057,0.2075472,0.5416667,0.0,0.0,0.04,0.9166667,1.0,0.48,0.1428571,0.0,9.615805480084347
1231.0,0.4995938,0.0040617,0.0593014,0.0714286,0.9618197,0.0,0.8927681,0.0,0.0099751,0.0383693,0.0024938,0.9975062,0.1151079,0.15,1.0,10.898607948952096
30938.0,0.4829013,0.0023596,0.1619368,0.1223278,0.845756,0.0053979,0.6758665,0.0034905,0.0409124,0.0392294,0.0012988,0.9851449,0.2814693,0.052546,0.4634146,10.5610334618531
28653.0,0.4777161,0.0016403,0.1418351,0.0767792,0.942554,0.0073989,0.8432952,0.0012026,0.012267,0.2198349,0.0019242,0.3043897,0.5317133,0.284869,0.4125874,10.173552856959743
321.0,0.4922118,0.0342679,0.1401869,0.0429448,0.9750779,0.0,0.9401709,0.0,0.008547,0.025,0.025641,1.0,0.0,0.0,0.0,11.544433821905134
67842.0,0.47192,0.0759412,0.097845,0.0716798,0.7344418,0.0026532,0.555913,0.0019824,0.1144584,0.1211048,0.0756232,0.9782588,0.3385793,0.0233551,0.3278085,11.959538914341756
685.0,0.4817518,0.0,0.0715328,0.0760563,0.8978102,0.0525547,0.8361582,0.0,0.0225989,0.0585106,0.0,1.0,0.2021277,0.3979592,0.0,10.196194479235656
3968.0,0.4896673,0.0045363,0.2925907,0.2128395,0.734627,0.0239415,0.5788591,0.0005593,0.0643177,0.104657,0.0027964,0.9988814,0.3530295,0.0820312,0.8095238,9.841665338892785
1633.0,0.4819351,0.0006124,0.1567667,0.1394799,0.8120024,0.0422535,0.6794425,0.0052265,0.0627178,0.0756844,0.0,0.7421603,0.468599,0.1703704,0.0,10.521399202410167
84021.0,0.4756906,0.0034277,0.1043192,0.0779516,0.9221266,0.0100808,0.8022084,0.0023288,0.0240112,0.1291045,0.0040554,0.3331058,0.4598035,0.2243907,0.3370166,10.55323128448846
418.0,0.4736842,0.0047847,0.1602871,0.1045455,0.9114833,0.0,0.7718121,0.0,0.0201342,0.1989247,0.0,1.0,0.2204301,0.2258065,1.0,10.250652418696085
2214.0,0.4598013,0.1418248,0.1355014,0.1438127,0.8925023,0.0,0.7472393,0.003681,0.0233129,0.0685714,0.1251534,0.997546,0.2925714,0.1574074,0.5,10.142543822310387
202.0,0.470297,0.0049505,0.1435644,0.1588785,0.8168317,0.0,0.6046512,0.0116279,0.0232558,0.0752688,0.0,1.0,0.2258065,0.0,0.0,9.787009914477434
488.0,0.4938525,0.0,0.2233607,0.0769231,0.8688525,0.0,0.7095238,0.0,0.0142857,0.1025641,0.0,0.9904762,0.4017094,0.0888889,1.0,10.27163147557801
736.0,0.4497283,0.0013587,0.2309783,0.1679012,0.8084239,0.0298913,0.6278317,0.0,0.012945,0.1534247,0.0032362,1.0,0.4328767,0.0898876,1.0,9.615805480084347
5095.0,0.4663395,0.0019627,0.1894014,0.1566752,0.8107949,0.023945,0.6447059,0.0047059,0.0305882,0.0704287,0.0009412,0.9962353,0.2847769,0.0560876,0.4736842,10.184937747111391
621.0,0.4573269,0.0128824,0.2640902,0.2077151,0.8325282,0.0563607,0.7265306,0.0,0.0081633,0.0576923,0.0040816,1.0,0.2846154,0.1315789,1.0,9.908524844053396
188.0,0.462766,0.0,0.3351064,0.1881188,0.8138298,0.0,0.6136364,0.0,0.0113636,0.2280702,0.0,1.0,0.2105263,0.1363636,0.5,9.615805480084347
2905.0,0.4471601,0.0017212,0.2523236,0.1924035,0.7703959,0.0330465,0.5914489,0.0031671,0.0324624,0.076079,0.0015835,0.9984165,0.4491587,0.0355649,0.5555556,10.50783084142058
461.0,0.4967462,0.7440347,0.1019523,0.1206897,0.9240781,0.0,0.7891156,0.0068027,0.0136054,0.150289,0.7006803,1.0,0.2716763,0.125,1.0,10.229223792606835
263.0,0.4676806,0.0,0.1596958,0.15,0.9087452,0.0,0.7472527,0.010989,0.010989,0.1165049,0.0,1.0,0.2912621,0.1,1.0,10.27163147557801
12046.0,0.489208,0.1504234,0.0620953,0.0490817,0.8357961,0.0249045,0.7311342,0.0038409,0.0763669,0.012274,0.1604157,0.9654315,0.2267351,0.0495327,0.0588235,11.827743504053695
67.0,0.4626866,0.0,0.2686567,0.0555556,0.8358209,0.0,0.6296296,0.0,0.037037,0.1818182,0.0,1.0,0.1515152,0.5,1.0,9.615805480084347
271.0,0.4391144,0.0,0.1586716,0.1184211,0.9409594,0.0,0.8297872,0.0,0.0,0.1132075,0.0,1.0,0.1792453,0.2666667,1.0,9.723223876851618
2816.0,0.4396307,0.4172585,0.1328125,0.1178707,0.8753551,0.0117188,0.7284768,0.0,0.0264901,0.0425725,0.3632923,0.9971618,0.303442,0.0909091,0.1111111,10.638280388314705
20210.0,0.4483424,0.0664523,0.2240475,0.1784017,0.7527462,0.041811,0.6027429,0.0021897,0.0567016,0.1286403,0.060159,0.9942376,0.3339024,0.0512315,0.8059072,10.278527816830314
72.0,0.5416667,0.0,0.4166667,0.4242424,0.7222222,0.0,0.5,0.0,0.0263158,0.173913,0.0,1.0,0.1956522,0.25,0.0,9.615805480084347
243.0,0.4403292,0.1152263,0.1769547,0.125,0.8765432,0.0,0.7613636,0.0113636,0.0454545,0.0222222,0.0795455,1.0,0.3,0.2777778,1.0,9.615805480084347
43087.0,0.4884072,0.0075197,0.0683037,0.0430522,0.9170515,0.0022977,0.8147588,0.0023656,0.0341701,0.0345746,0.0075568,0.9764752,0.0905285,0.0909452,0.3890909,11.375971077721223
4497.0,0.4725372,0.2668446,0.1634423,0.1408094,0.8281076,0.0560374,0.7198276,0.0024631,0.0350985,0.1072018,0.2432266,0.9864532,0.3315008,0.1011419,0.4137931,10.442929787247998
541.0,0.4547135,0.4787431,0.1016636,0.0983051,0.8946396,0.0,0.7486911,0.0157068,0.026178,0.1396396,0.4450262,0.9790576,0.2927928,0.1538462,0.0,10.292179440058462
2833.0,0.5058242,0.0063537,0.0720085,0.035,0.8926933,0.0331804,0.8312986,0.0033296,0.054384,0.1435361,0.0066593,0.991121,0.1473384,0.1259843,0.0526316,11.720760435616398
248.0,0.4717742,0.0,0.3508065,0.1984733,0.8266129,0.0,0.637931,0.0,0.0086207,0.2054795,0.0,1.0,0.2945205,0.05,1.0,9.615805480084347
2353.0,0.4934127,0.039949,0.1321717,0.0880872,0.8980025,0.0,0.7712054,0.0044643,0.03125,0.0875764,0.0345982,0.9877232,0.2739308,0.1014493,0.4782609,10.515993929932415
100.0,0.53,0.0,0.01,0.0638298,0.92,0.0,0.7777778,0.0,0.0,0.0769231,0.0,0.9166667,0.2820513,0.25,0.0,0.0
81805.0,0.4583583,0.0157692,0.2191675,0.17062,0.7771774,0.0530774,0.6262524,0.001532,0.0341943,0.0769296,0.0118577,0.9949444,0.3013548,0.0679143,0.5267176,10.609081944147828
1288.0,0.4813665,0.0031056,0.1312112,0.1152695,0.890528,0.0,0.7535354,0.0060606,0.0262626,0.0764925,0.0020202,0.9939394,0.2220149,0.1022727,0.2222222,10.729875458480967
115.0,0.4956522,0.0,0.1478261,0.0689655,0.9043478,0.0,0.75,0.0,0.025,0.0697674,0.0,1.0,0.2325581,0.1428571,1.0,9.615805480084347
1264.0,0.4897152,0.0023734,0.1455696,0.0992248,0.8852848,0.0,0.7423313,0.006135,0.0245399,0.0667939,0.002045,0.9775051,0.2938931,0.056962,0.6666667,10.373522431293592
601.0,0.4742097,0.0033278,0.1430948,0.1044304,0.8985025,0.0,0.7702703,0.0,0.0405405,0.0938776,0.0,0.9954955,0.1469388,0.1590909,0.5,10.090008612393838
733.0,0.4884038,0.0027285,0.1350614,0.0613333,0.9195089,0.0,0.8,0.0,0.0269231,0.0225564,0.0038462,1.0,0.1278195,0.15,0.0,11.134603622683905
2407.0,0.4607395,0.0008309,0.1458247,0.1294299,0.8599917,0.0070627,0.6973262,0.0064171,0.0299465,0.0420082,0.0010695,1.0,0.4077869,0.0919037,0.4444444,10.505094936455558
3160.0,0.4803797,0.0031646,0.1060127,0.1114495,0.9107595,0.0,0.7707547,0.0028302,0.0292453,0.0750436,0.0028302,0.9660377,0.3089005,0.1048387,0.75,11.429554725537322
149.0,0.5302013,0.0067114,0.1208054,0.0714286,0.8456376,0.0,0.6833333,0.0,0.0666667,0.1044776,0.0166667,1.0,0.1343284,0.1818182,0.0,9.615805480084347
684.0,0.494152,0.002924,0.0906433,0.0520231,0.9283626,0.0,0.8117155,0.0,0.0167364,0.0515873,0.0041841,0.9874477,0.2222222,0.0,0.0,10.823790225800138
2669.0,0.5192956,0.0029974,0.0738104,0.0584567,0.8752342,0.0749344,0.8415698,0.0014535,0.0319767,0.1006536,0.002907,0.9360465,0.3411765,0.3232323,0.3333333,10.354595018522993
22408.0,0.4810336,0.0025884,0.188281,0.1233124,0.9090057,0.0111121,0.8012063,0.0004924,0.0185869,0.0143169,0.0024618,0.9795667,0.1345547,0.0683761,0.2093023,11.745631152988125
314.0,0.5,0.0,0.1656051,0.1210191,0.8980892,0.0,0.7460317,0.0,0.0,0.0454545,0.0,1.0,0.3560606,0.0769231,1.0,9.913487387114461
606.0,0.4686469,0.0,0.2656766,0.2018634,0.8168317,0.0,0.6123188,0.0036232,0.0144928,0.0675676,0.0,0.9963768,0.2128378,0.0740741,1.0,9.615805480084347
19248.0,0.4605154,0.0067539,0.2066708,0.1435863,0.7863155,0.0163134,0.6088141,0.002014,0.0515342,0.0371849,0.0061604,0.969198,0.4260294,0.0142617,0.4347826,11.150534214035387
4811.0,0.4826439,0.0544585,0.140927,0.1169144,0.821243,0.0272293,0.6935395,0.0038653,0.0679183,0.0407839,0.0381005,0.9850911,0.2711864,0.0990783,0.4782609,11.456365695436427
170045.0,0.4901997,0.3356582,0.0929401,0.0820173,0.8361845,0.0269929,0.7075619,0.0047536,0.0550256,0.0828362,0.3184732,0.9779209,0.3426887,0.0877374,0.4088496,11.127277689932466
1567.0,0.4588385,0.0006382,0.1774091,0.1120283,0.8015316,0.0,0.6193724,0.0,0.0409277,0.025266,0.0013643,0.9959072,0.2659574,0.015873,0.6666667,11.089820688682373
4674.0,0.5226786,0.008344,0.0280274,0.0421336,0.8217801,0.0504921,0.7011173,0.0097765,0.0865922,0.1182266,0.0104749,0.9846369,0.6767241,0.1514085,0.5714286,10.829748417047593
493.0,0.5334686,0.0,0.1156187,0.0869565,0.9452333,0.0,0.8311688,0.0,0.0064935,0.0666667,0.0,1.0,0.1393939,0.2083333,1.0,10.841559345471941
213.0,0.4741784,0.0,0.1784038,0.0982143,0.8685446,0.0,0.7204301,0.0,0.0215054,0.0882353,0.0,1.0,0.1862745,0.0,1.0,9.648659816955295
962.0,0.468815,0.0,0.2817048,0.1976517,0.8097713,0.0405405,0.6666667,0.0128205,0.0230769,0.1772152,0.0,0.9025641,0.3164557,0.06,0.75,9.846970109700957
191262.0,0.4871799,0.0423973,0.0932281,0.0666782,0.6345066,0.0682206,0.5236618,0.003167,0.1643981,0.0335553,0.0329236,0.984359,0.440079,0.0491603,0.3453039,11.026808713825016
2717.0,0.4192124,0.0018403,0.201325,0.2129278,0.7887376,0.0,0.567502,0.0008084,0.0291027,0.0891016,0.0016168,0.9951496,0.4683358,0.0561798,0.5789474,9.913487387114461
7405.0,0.4856178,0.0163403,0.0908845,0.0721974,0.8864281,0.0147198,0.773224,0.0054645,0.0456674,0.024,0.0160031,0.9906323,0.2613333,0.0620155,0.1111111,11.754309639974188
1643.0,0.4528302,0.0353013,0.2166768,0.21802,0.8514912,0.0365186,0.7223114,0.0032103,0.0144462,0.1262272,0.0369181,0.9967897,0.2398317,0.1517241,0.75,10.064798252418377
1125.0,0.4675556,0.0017778,0.1582222,0.0984975,0.8746667,0.0,0.7211982,0.0023041,0.0414747,0.0746269,0.0023041,0.9930876,0.1321962,0.1259259,0.3333333,10.025749432069084
681.0,0.5051395,0.0132159,0.1380323,0.0949555,0.8105727,0.0073421,0.6347518,0.0070922,0.0602837,0.3856209,0.0035461,0.9858156,0.4814815,0.1481481,0.7586207,10.789339695269716
219.0,0.456621,0.0,0.1141553,0.1344538,0.8584475,0.0,0.7051282,0.0128205,0.0641026,0.0823529,0.0,1.0,0.2470588,0.125,0.0,10.077482875583607
340.0,0.4970588,0.0,0.1058824,0.0994152,0.9,0.0,0.7522124,0.0088496,0.0353982,0.096,0.0,1.0,0.184,0.1071429,0.0,10.292179440058462
558.0,0.4892473,0.0,0.1451613,0.0982456,0.9121864,0.0,0.7740385,0.0,0.0096154,0.0188679,0.0,1.0,0.0754717,0.0625,0.5,10.586609649448985
8176.0,0.5020793,0.00159,0.0500245,0.039548,0.8938356,0.0,0.7724886,0.0080504,0.0574029,0.0406313,0.0017501,0.9926496,0.2736736,0.0337662,0.3478261,11.01206667357142
58.0,0.5344828,0.0,0.2241379,0.0740741,0.9310345,0.0,0.826087,0.0,0.0,0.1153846,0.0,1.0,0.3461538,0.0,0.0,9.615805480084347
556.0,0.4730216,0.0,0.2589928,0.1706485,0.868705,0.0,0.6915888,0.0,0.0280374,0.0183486,0.0,0.9953271,0.1972477,0.0645161,0.0,10.268165387743457
836.0,0.4629187,0.0,0.2069378,0.1603563,0.8337321,0.0,0.6767123,0.0054795,0.0493151,0.0616967,0.0,0.9945205,0.2339332,0.0451128,0.75,10.440010162389305
9683.0,0.4651451,0.006403,0.334607,0.1697239,0.8006816,0.0223071,0.6631222,0.0040724,0.0450226,0.1142285,0.0052036,0.9776018,0.3823647,0.0334426,0.5238095,10.801634680173994
117.0,0.5128205,0.0,0.2051282,0.1754386,0.8974359,0.0,0.75,0.0,0.0,0.1111111,0.0,1.0,0.3148148,0.0,0.0,9.69898173460629
4629.0,0.4715921,0.2112767,0.1739037,0.1484056,0.8222078,0.0,0.6201232,0.0030801,0.0379877,0.141472,0.1801848,0.9840862,0.5028647,0.1267773,0.5714286,9.888424674859083
984.0,0.472561,0.0010163,0.2703252,0.194605,0.8130081,0.0396341,0.6575682,0.0024814,0.0148883,0.0606061,0.0,0.9975186,0.2494172,0.0952381,0.25,9.717218213494077
4679.0,0.4475315,0.148536,0.2444967,0.2251451,0.7820047,0.0574909,0.6362694,0.0036269,0.0186528,0.0943219,0.1398964,0.9953368,0.283435,0.0627558,0.5135135,10.085850775128717
1911.0,0.5232862,0.0465725,0.0926217,0.0735456,0.9230769,0.018315,0.8375527,0.0021097,0.0337553,0.0501002,0.0632911,0.4915612,0.511022,0.4171779,0.0,10.67130147767883
15223.0,0.5019379,0.0101163,0.0961046,0.0708256,0.7308021,0.0001971,0.5564742,0.0053152,0.12978,0.0579972,0.0107781,0.9354791,0.5393602,0.0378994,0.2564103,12.596089034314039
15852.0,0.4839137,0.0069392,0.1187863,0.0640508,0.8254479,0.0768357,0.781913,0.0012585,0.0458468,0.02198,0.0046746,0.9739302,0.1396167,0.0393258,0.1,12.676391849976817
197.0,0.5532995,0.0,0.1370558,0.1136364,0.9137056,0.0,0.7777778,0.0,0.0138889,0.1,0.0,0.9861111,0.3375,0.05,1.0,10.308985993422082
1012.0,0.4822134,0.0059289,0.0849802,0.0648855,0.9209486,0.0,0.797619,0.0029762,0.0267857,0.0117647,0.0059524,0.9970238,0.1588235,0.1325301,1.0,10.879951039444416
13024.0,0.4819564,0.3129607,0.2182125,0.1551801,0.73211,0.0264896,0.5640318,0.0024163,0.0940628,0.2474347,0.2437004,0.9521919,0.6373555,0.0916537,0.5722543,11.01206667357142
7987.0,0.4747715,0.0121447,0.1825466,0.1168057,0.8487542,0.0895205,0.8326061,0.00238,0.0234034,0.0205905,0.0027767,0.9670766,0.1367521,0.0529595,0.3684211,12.092909546513004
151.0,0.5033113,0.0,0.0860927,0.0533333,0.9735099,0.0,0.8888889,0.0,0.0,0.1627907,0.0,0.9722222,0.2093023,0.7,1.0,11.133142723386813
247.0,0.48583,0.0,0.1376518,0.0393701,0.9433198,0.0,0.8414634,0.0,0.0121951,0.0888889,0.0,1.0,0.1888889,0.0,0.6666667,9.918425424900335
469.0,0.4626866,0.0,0.2537313,0.1706349,0.8251599,0.0,0.6345178,0.0050761,0.0152284,0.1825726,0.0,0.8883249,0.439834,0.1636364,0.6,9.615805480084347
4081.0,0.4898309,0.0014702,0.3347219,0.1292027,0.7949032,0.0531732,0.7150838,0.003352,0.0519553,0.3623085,0.0011173,0.9865922,0.5828286,0.0827815,0.2959184,10.96302978336854
2380.0,0.4361345,0.0067227,0.2218487,0.1840537,0.7827731,0.0747899,0.6598493,0.0021529,0.0215285,0.0568528,0.0043057,0.9956943,0.2903553,0.044,0.4615385,10.199918739620157
3019.0,0.4647234,0.0023186,0.1990725,0.1522277,0.8085459,0.0390858,0.6725293,0.001675,0.0460637,0.0478469,0.0,0.9991625,0.3325359,0.031477,0.5454545,10.84546552414626
3194.0,0.4799624,0.1142768,0.1361929,0.1131848,0.8810269,0.0003131,0.7217538,0.0059022,0.0320405,0.1175595,0.1020236,0.9991568,0.3549107,0.1337047,0.9047619,9.862717639992917
7466.0,0.4781677,0.0542459,0.1577819,0.1155031,0.8526654,0.0048219,0.703954,0.0050693,0.0510308,0.0364702,0.0462994,0.9912132,0.281016,0.0773109,0.55,10.694237736914808
16922.0,0.4311547,0.0127054,0.5603948,0.2806981,0.7152819,0.0359887,0.5759912,0.0020925,0.0340308,0.2706241,0.0063877,0.9949339,0.521568,0.0240757,0.3640777,11.138973558699526
3598.0,0.4552529,0.0753196,0.2187326,0.172449,0.7954419,0.0219566,0.6291925,0.0018634,0.0285714,0.0836653,0.0714286,0.9937888,0.2868526,0.0491525,0.5384615,10.922352923113982
912.0,0.5010965,0.0032895,0.1304825,0.0813187,0.8815789,0.0,0.7195467,0.0028329,0.01983,0.0710526,0.0,0.9971671,0.2789474,0.1413043,0.0,10.594156665220533
2988.0,0.5578983,0.0455154,0.0555556,0.0575322,0.3507363,0.6157965,0.7768817,0.0053763,0.0376344,0.0926829,0.1048387,0.9166667,0.2439024,0.3291139,0.9,10.471666571132038
1281.0,0.4910226,0.0015613,0.1881343,0.1503067,0.8657299,0.0366901,0.768018,0.009009,0.0337838,0.0368764,0.0,0.9932432,0.2885033,0.1703704,0.5,10.485731104959568
6038.0,0.4819477,0.078006,0.0452136,0.0431586,0.8494535,0.0,0.6922737,0.0057395,0.0807947,0.1772612,0.0825607,0.4397351,0.6084272,0.1212121,0.3076923,11.05723491317159
11984.0,0.4826435,0.0015854,0.1531208,0.0770968,0.9376669,0.0,0.8440047,0.0016298,0.0151339,0.0171625,0.0011641,0.9927823,0.0350114,0.0663265,0.3333333,11.947955847790901
787.0,0.4853875,0.2147395,0.1296061,0.091358,0.905972,0.0,0.7687075,0.0,0.0204082,0.125,0.1938776,0.9829932,0.1994048,0.2857143,0.3333333,10.889323003601277
303.0,0.4719472,0.4686469,0.1419142,0.14375,0.8217822,0.0627063,0.7102804,0.0,0.0373832,0.1083333,0.3551402,1.0,0.175,0.1333333,0.0,10.513280297700861
494.0,0.4838057,0.0,0.2064777,0.1529412,0.8603239,0.0,0.7,0.0095238,0.0190476,0.1860465,0.0,0.9952381,0.2286822,0.097561,1.0,9.615805480084347
4392.0,0.4423953,0.4608379,0.18898,0.1792568,0.8529144,0.0,0.6679601,0.0022173,0.0199557,0.0439852,0.421286,0.9977827,0.3518813,0.1043376,0.7333333,10.604131561522696
1675.0,0.5104478,0.0071642,0.041791,0.0402439,0.9426866,0.0,0.865643,0.0095969,0.0326296,0.0279851,0.0095969,0.9942418,0.0578358,0.2469136,0.3333333,10.373522431293592
5767.0,0.5077163,0.0001734,0.0863534,0.0412117,0.9771111,0.0,0.9326037,0.000576,0.0074885,0.0247191,0.0,0.9982719,0.0140449,0.1034483,0.2857143,11.440365524765756
207.0,0.531401,0.0,0.1256039,0.0618557,0.9130435,0.0,0.8,0.0,0.0133333,0.0740741,0.0,1.0,0.2469136,0.0769231,0.0,10.360944044643913
796.0,0.4711055,0.6432161,0.1507538,0.1353919,0.8530151,0.031407,0.7218543,0.0033113,0.0198675,0.1587744,0.6092715,0.9966887,0.281337,0.1818182,0.5714286,10.118639253920785
12844.0,0.4928371,0.0026472,0.1214575,0.0875038,0.9285269,0.0014793,0.8290119,0.001168,0.0247606,0.0237172,0.0028031,0.9841159,0.1286203,0.0841683,0.5333333,12.04708277568725
1407.0,0.4413646,0.5337598,0.2125089,0.1908397,0.7938877,0.1037669,0.7242105,0.0021053,0.0231579,0.4565217,0.4821053,0.9957895,0.5057208,0.15,0.985755,10.736418414365376
1372.0,0.4934402,0.0007289,0.1734694,0.1165468,0.8841108,0.0,0.7594502,0.0034364,0.0292096,0.1779661,0.0,0.9982818,0.2584746,0.0166667,1.0,10.709985739582528
12989.0,0.4860266,0.0245592,0.1696051,0.0831336,0.9169297,0.0072369,0.8359843,0.0012394,0.0299525,0.0204371,0.0202438,0.9843008,0.0178066,0.1630695,0.3877551,12.245298166364206
163.0,0.4662577,0.0,0.1595092,0.0804598,0.8711656,0.0,0.7301587,0.0,0.047619,0.015625,0.0,0.984127,0.203125,0.2857143,0.0,9.893487720457795
641.0,0.5054602,0.0,0.0889236,0.0788644,0.9110764,0.0,0.7878788,0.004329,0.030303,0.0571429,0.0,1.0,0.2408163,0.0576923,0.5,11.119897691565697
3385.0,0.4629247,0.0183161,0.2262925,0.1809681,0.828065,0.0215657,0.6676017,0.0014025,0.0210379,0.0882353,0.016129,0.9985975,0.2909207,0.0669746,0.6470588,10.221977646629885
12623.0,0.5040006,0.017983,0.0609998,0.0509503,0.9364652,0.0045948,0.8602123,0.0025278,0.0386754,0.0446752,0.0121335,0.9785137,0.0886259,0.1365188,0.5517241,11.983560145061489
1898.0,0.5021075,0.0057956,0.1733404,0.1026455,0.8919916,0.0,0.7687339,0.003876,0.0271318,0.1082949,0.003876,0.994832,0.3052995,0.1133333,0.5333333,10.785207543360087
5945.0,0.4761985,0.0060555,0.1703953,0.0918433,0.8999159,0.0,0.766828,0.0013198,0.0233172,0.0227859,0.0052794,0.9964804,0.0361135,0.0679612,0.35,11.470028402317833
47198.0,0.5323531,0.0244714,0.0680749,0.0500181,0.5168227,0.2191618,0.5311599,0.0023058,0.1999616,0.027712,0.02088,0.9885352,0.4751526,0.0374656,0.3815789,10.985309671896763
1851.0,0.4889249,0.0005402,0.095624,0.0708245,0.9054565,0.0,0.7638669,0.0063391,0.0285261,0.0525526,0.0,0.9619651,0.3033033,0.1806452,0.625,10.465984899076615
2737.0,0.4256485,0.0003654,0.3280965,0.2468193,0.6821337,0.0515163,0.4973978,0.0037175,0.0371747,0.0887534,0.0,0.9895911,0.5514905,0.0358891,0.3461538,10.502351525774941
4145.0,0.509047,0.0106152,0.2144753,0.1149877,0.8513872,0.0164053,0.7367742,0.0045161,0.0503226,0.2010309,0.0045161,0.9103226,0.4706186,0.2105263,0.2888889,10.515993929932415
1216.0,0.5041118,0.0238487,0.1085526,0.092869,0.9449013,0.0,0.838961,0.0025974,0.0103896,0.142539,0.0233766,0.3064935,0.5144766,0.2234043,0.625,9.615805480084347
440.0,0.4340909,0.9522727,0.1272727,0.1325301,0.8727273,0.0,0.6644737,0.0,0.0328947,0.1648352,0.9539474,0.9934211,0.5,0.1666667,0.0,9.615805480084347
843.0,0.4839858,0.0213523,0.1340451,0.0850575,0.8896797,0.0,0.7441176,0.0,0.0176471,0.1414141,0.0205882,0.9970588,0.3914141,0.1408451,1.0,10.243560441877241
28284.0,0.4693466,0.0043134,0.2462169,0.1810913,0.8236459,0.055862,0.7185412,0.001392,0.0267261,0.0249729,0.0021344,0.9785635,0.2800398,0.0453506,0.2195122,11.629828113199304
1725.0,0.4915942,0.1855072,0.0875362,0.0866591,0.9171014,0.0,0.7993579,0.0016051,0.0256822,0.0430108,0.1540931,0.9373997,0.2135177,0.1142857,0.3,10.568775236216993
74.0,0.4594595,0.0,0.2972973,0.15,0.8648649,0.0,0.7352941,0.0,0.0294118,0.2916667,0.0,1.0,0.4375,0.0,1.0,9.615805480084347
3169.0,0.4887977,0.0006311,0.1543074,0.1117284,0.8778795,0.0,0.7218984,0.0016653,0.0383014,0.0718702,0.0016653,0.9966694,0.3068006,0.079646,0.3333333,11.375971077721223
170.0,0.4882353,0.0,0.1941176,0.091954,0.9,0.0,0.7746479,0.0,0.0140845,0.0273973,0.0,1.0,0.1369863,0.0,0.0,11.237185138527495
42198.0,0.4798332,0.0118489,0.1249348,0.0969932,0.853358,0.0233423,0.7263939,0.0068759,0.0573899,0.0461688,0.0115733,0.8504323,0.4277922,0.1385343,0.15,11.467938559235831
1137.0,0.4520668,0.3817062,0.1978892,0.176565,0.8733509,0.0,0.699784,0.0021598,0.0064795,0.086785,0.3390929,0.9935205,0.2623274,0.0866142,1.0,9.746892220313054
1090.0,0.4917431,0.0,0.1752294,0.1191336,0.866055,0.0,0.7146018,0.0,0.0376106,0.1067194,0.0,0.9889381,0.4407115,0.0642202,0.5714286,10.138599199626192
558.0,0.4623656,0.202509,0.1774194,0.2,0.8637993,0.0,0.6754386,0.0,0.0087719,0.1162791,0.1842105,0.995614,0.2635659,0.1186441,0.3333333,9.781376414141157
2719.0,0.4656124,0.0,0.236484,0.1899518,0.8396469,0.0,0.6544992,0.0042445,0.0152801,0.0695103,0.0,0.9991511,0.164297,0.0412371,0.8,9.70509758756311
207.0,0.4975845,0.0,0.1884058,0.1442308,0.8309179,0.0,0.7011494,0.0114943,0.0689655,0.1122449,0.0,1.0,0.1836735,0.0555556,1.0,9.975854724662028
4352.0,0.448989,0.0004596,0.2293199,0.175563,0.8136489,0.0473346,0.6812933,0.006351,0.0242494,0.0551009,0.0005774,0.993649,0.2929624,0.0426357,0.5333333,10.404293143019792
831.0,0.4524669,0.0,0.3333333,0.2307692,0.7689531,0.0770156,0.6441176,0.0029412,0.0176471,0.083558,0.0,0.9970588,0.309973,0.0641026,0.0,9.615805480084347
33284.0,0.451328,0.0130393,0.1708929,0.1213996,0.6964908,0.0191083,0.5489782,0.0014799,0.149401,0.0378356,0.0105004,0.9840733,0.3006509,0.0404737,0.7692308,12.032320268218989
5885.0,0.4611725,0.3841971,0.1716228,0.1561022,0.8462192,0.0282073,0.6948627,0.0017715,0.0172719,0.0902498,0.3662533,0.996457,0.2107172,0.1303657,0.75,10.401258331428318
1755.0,0.4900285,0.0216524,0.0706553,0.0558659,0.9344729,0.0,0.8400673,0.006734,0.0252525,0.0419355,0.026936,0.989899,0.2112903,0.2079208,0.1666667,10.62135173563291
1559.0,0.487492,0.0481078,0.1103271,0.0625782,0.8434894,0.0,0.6929134,0.0047244,0.0677165,0.0620384,0.0440945,0.9653543,0.4327917,0.0432099,0.0,11.586185220346932
298.0,0.4899329,0.0,0.204698,0.0986842,0.9026846,0.0,0.7876106,0.0088496,0.0353982,0.0887097,0.0,1.0,0.2258065,0.0555556,0.0,10.357774570341576
268.0,0.4813433,0.358209,0.1380597,0.0863309,0.9141791,0.0,0.7684211,0.0,0.0105263,0.1121495,0.2526316,1.0,0.4299065,0.1578947,0.0,10.047631185616188
10104.0,0.4666469,0.0020784,0.1631037,0.1297087,0.8260095,0.0233571,0.6670832,0.0029993,0.0394901,0.0691019,0.0007498,0.9962509,0.3238716,0.0758483,0.5227273,10.154285180632154
3011.0,0.474261,0.0019927,0.1833278,0.1415035,0.7861176,0.0611093,0.6476775,0.006135,0.0385627,0.0570248,0.0008764,0.9877301,0.4528926,0.1138354,0.4,10.416341118636355
643.0,0.4432348,0.0933126,0.2534992,0.2122905,0.8195956,0.0,0.5949821,0.0,0.0071685,0.111465,0.0681004,0.9892473,0.3821656,0.1521739,0.5,9.615805480084347
7638.0,0.4853365,0.3250851,0.0966222,0.111422,0.8322859,0.0183294,0.6776424,0.0059269,0.03622,0.1372159,0.2825156,0.9591702,0.3988636,0.0936864,0.625,10.460270761075149
2750.0,0.4952727,0.4570909,0.0843636,0.064121,0.9218182,0.0,0.8137783,0.007535,0.0312164,0.0549339,0.4122713,0.9806243,0.3428281,0.1254355,0.4615385,10.614007941153417
588.0,0.4863946,0.0663265,0.1360544,0.1357616,0.8843537,0.0,0.7345133,0.0088496,0.0176991,0.0923695,0.0707965,1.0,0.4016064,0.1111111,0.0,9.615805480084347
714.0,0.4789916,0.0014006,0.1316527,0.1075269,0.907563,0.0,0.7769517,0.0037175,0.0185874,0.0659722,0.0,0.9962825,0.2361111,0.0847458,0.5,10.30229722897745
2609.0,0.4702951,0.0187811,0.3875048,0.1743849,0.8378689,0.0045995,0.7033058,0.0057851,0.0347107,0.2493797,0.0198347,0.9942149,0.4646402,0.079096,0.5925926,10.604131561522696
408.0,0.4901961,0.1397059,0.1642157,0.1346154,0.8921569,0.0,0.7310345,0.0,0.0275862,0.2204301,0.1586207,0.9517241,0.4623656,0.1578947,0.0,9.770013301136158
152.0,0.5,0.0,0.2763158,0.25,0.7763158,0.0,0.5479452,0.0,0.0136986,0.2315789,0.0,1.0,0.3368421,0.0,1.0,9.615805480084347
704.0,0.4772727,0.0042614,0.1420455,0.0869565,0.8948864,0.0,0.7554745,0.0,0.0255474,0.1103896,0.0072993,0.9963504,0.3961039,0.0930233,0.7333333,10.12667110305036
111.0,0.5135135,0.027027,0.1801802,0.0555556,0.9279279,0.0,0.7837838,0.0,0.0,0.097561,0.027027,1.0,0.2195122,0.0,1.0,10.351405324899678
3819.0,0.4721131,0.0170202,0.2223095,0.1780754,0.7962817,0.0269704,0.6307978,0.0061843,0.0364873,0.1051467,0.021645,0.9641311,0.3049253,0.0665529,0.6491228,10.012386799492118
175.0,0.4685714,0.0057143,0.3142857,0.2043011,0.8571429,0.0,0.6883117,0.0,0.012987,0.1046512,0.0,0.987013,0.3023256,0.0,0.0,9.75272280064639
732.0,0.5081967,0.0068306,0.0601093,0.0583333,0.942623,0.0,0.8464567,0.003937,0.007874,0.1589404,0.003937,0.996063,0.1986755,0.0217391,0.3636364,11.110969193687714
314.0,0.4713376,0.0159236,0.133758,0.0963855,0.9363057,0.0,0.8245614,0.0,0.0,0.1162791,0.0263158,0.9649123,0.3875969,0.0909091,0.0,10.077482875583607
403.0,0.4590571,0.0024814,0.1240695,0.1009174,0.6550868,0.0,0.475,0.015,0.135,0.4236311,0.0,0.95,0.5936599,0.0568182,0.9090909,10.781058245898533
2088.0,0.4774904,0.0,0.1570881,0.0980752,0.9032567,0.0,0.761606,0.0012547,0.0112923,0.0184729,0.0,0.9974906,0.2253695,0.0738916,0.0,10.673618922112436
9343.0,0.5665204,0.1024296,0.0010703,0.0034568,0.8331371,0.1294017,0.8865741,0.0003858,0.0200617,0.0099312,0.1006944,0.9660494,0.1684492,0.1389752,0.0,10.077482875583607
1321.0,0.4852385,0.002271,0.2187737,0.1147059,0.8697956,0.0,0.7251356,0.005425,0.0271248,0.056314,0.0018083,0.994575,0.1808874,0.0934579,0.2,10.485731104959568
12322.0,0.4689985,0.0546178,0.1607694,0.1202812,0.8082292,0.0,0.6293119,0.0035746,0.0441466,0.1065155,0.0588025,0.9917784,0.4329288,0.0436492,0.3768116,10.640675541671662
218.0,0.5091743,0.0,0.2522936,0.1308411,0.8990826,0.0,0.7727273,0.0113636,0.0113636,0.1287129,0.0,1.0,0.2475248,0.0769231,0.0,9.758519582283522
119.0,0.5042017,0.0,0.2352941,0.1525424,0.8739496,0.0,0.7115385,0.0,0.0,0.1875,0.0,1.0,0.234375,0.0,0.0,9.615805480084347
2754.0,0.4814815,0.0083515,0.1325345,0.0868347,0.9081336,0.0010893,0.7936355,0.0057859,0.0279653,0.1021645,0.0086789,0.9913211,0.2450216,0.1119691,0.4545455,10.65492722584759
17753.0,0.4641469,0.0215175,0.163747,0.1332913,0.8520813,0.0063088,0.6919067,0.0048011,0.0266118,0.0688466,0.0207133,0.9958848,0.3391238,0.0727273,0.5138889,9.83633227734872
74.0,0.527027,0.0,0.2837838,0.1714286,0.7837838,0.0,0.5294118,0.0,0.0,0.3818182,0.0,1.0,0.3272727,0.2,0.0,9.615805480084347
30954.0,0.4847516,0.025231,0.1188861,0.0865258,0.8509724,0.0272986,0.7346903,0.0033055,0.0505393,0.0514851,0.0192241,0.9883438,0.2871287,0.0392793,0.2176871,11.199597325534862
1924.0,0.464657,0.0036383,0.1772349,0.1252427,0.8154886,0.0462578,0.6970547,0.0084151,0.0448808,0.0655308,0.0014025,0.9859748,0.3158585,0.0811808,0.6363636,10.344995251991222
12687.0,0.4820683,0.0134784,0.2408765,0.1686197,0.7428864,0.1000236,0.6418264,0.0027673,0.0290571,0.0980567,0.0015813,0.9529551,0.381708,0.066092,0.5065789,10.673618922112436
2378.0,0.4663583,0.0004205,0.2207738,0.1646966,0.8111859,0.029857,0.6670213,0.0031915,0.0489362,0.0820312,0.0,1.0,0.2666016,0.0657439,0.7692308,10.295563423525277
1030.0,0.4864078,0.0,0.1640777,0.1228733,0.8572816,0.0,0.6992665,0.0122249,0.0342298,0.0376471,0.0,0.99511,0.1858824,0.0315789,0.5,10.298935994257638
1513.0,0.4738929,0.0,0.2749504,0.1670854,0.8347654,0.0,0.6715328,0.0,0.0277372,0.4677545,0.0,0.9985401,0.3411033,0.0979021,0.8461538,10.601647149919609
1997.0,0.4697046,0.0005008,0.1532298,0.1227573,0.8547822,0.0175263,0.7104592,0.0038265,0.0293367,0.062201,0.0012755,0.9910714,0.2727273,0.0860656,0.4166667,10.335302435967074
1175.0,0.4851064,0.0059574,0.1302128,0.1008264,0.92,0.0,0.7963801,0.0,0.0090498,0.0979592,0.0045249,1.0,0.1755102,0.0645161,0.6875,10.63106031411106
995.0,0.4884422,0.0,0.1748744,0.0923379,0.9015075,0.0,0.7747525,0.0,0.0123762,0.1330472,0.0,0.9925743,0.3669528,0.1056911,1.0,10.463131911491967
2077.0,0.4472797,0.4342802,0.211844,0.2038328,0.8045258,0.0659605,0.6853503,0.0063694,0.0191083,0.1458107,0.4,0.9923567,0.3220892,0.1111111,0.9285714,10.594156665220533
98.0,0.5306122,0.0,0.1734694,0.1304348,0.8673469,0.0,0.7179487,0.0,0.0512821,0.0930233,0.0,0.8974359,0.2325581,0.25,1.0,9.770013301136158
1350.0,0.4592593,0.0,0.2051852,0.1726027,0.7977778,0.0266667,0.6419753,0.0,0.0582011,0.0581395,0.0,1.0,0.358804,0.0663507,0.0,10.709985739582528
2354.0,0.4842821,0.0004248,0.097706,0.0906096,0.9052676,0.0,0.7753623,0.0036232,0.0362319,0.0449827,0.0,0.9794686,0.2226067,0.1219512,0.7272727,10.918736348043124
860.0,0.4732558,0.0046512,0.1197674,0.1059603,0.8802326,0.0,0.7375,0.00625,0.0375,0.0361446,0.009375,0.996875,0.253012,0.0561798,0.0,10.659633006160352
483.0,0.494824,0.0,0.1532091,0.1229508,0.8819876,0.0,0.7305699,0.0,0.0259067,0.0252525,0.0,0.9948187,0.2323232,0.047619,0.5,10.795506083434564
1171.0,0.4551665,0.0,0.3885568,0.2382445,0.7583262,0.0811272,0.6336634,0.0019802,0.0039604,0.112478,0.0,0.9960396,0.3532513,0.0461538,0.75,9.615805480084347
159.0,0.4716981,0.0,0.2515723,0.1309524,0.8553459,0.0,0.6617647,0.0,0.0,0.0285714,0.0,1.0,0.1,0.1666667,1.0,9.729193687429403
584.0,0.515411,0.005137,0.0993151,0.1060071,0.7979452,0.0445205,0.6822034,0.0042373,0.059322,0.5653775,0.0042373,0.9957627,0.3149171,0.0422535,0.8709677,10.335302435967074
13408.0,0.5035054,0.0208085,0.1035203,0.0576836,0.9208681,0.0123807,0.8358209,0.0029851,0.0455224,0.0180752,0.0186567,0.9402985,0.4396678,0.2103143,0.0909091,12.34104487465108
441.0,0.4965986,0.0,0.1405896,0.1396396,0.8752834,0.0,0.7151515,0.0,0.0484848,0.0934066,0.0,0.9939394,0.2527473,0.1315789,0.6666667,9.615805480084347
4992.0,0.4745593,0.1123798,0.1448317,0.1269539,0.8305288,0.0046074,0.640201,0.0055276,0.0457286,0.0599906,0.0854271,0.9929648,0.3986774,0.0860606,0.4166667,10.229223792606835
671.0,0.490313,0.0,0.1400894,0.0877193,0.8643815,0.0,0.7222222,0.0037037,0.0407407,0.0252708,0.0,0.9962963,0.2527076,0.0843373,0.5,10.7706090484022
261.0,0.4827586,0.1609195,0.1455939,0.1259259,0.9003831,0.0,0.76,0.0,0.02,0.1525424,0.15,1.0,0.3389831,0.1111111,0.0,9.888424674859083
722.0,0.4736842,0.0096953,0.1731302,0.1289474,0.8919668,0.0,0.7272727,0.0,0.0109091,0.1766467,0.0109091,0.9963636,0.494012,0.1287129,0.75,9.615805480084347
2386.0,0.5012573,0.0,0.0796312,0.0647059,0.9526404,0.0,0.8419453,0.0015198,0.0106383,0.0380117,0.0,0.949848,0.2222222,0.232,0.7,10.643064971973882
108.0,0.5833333,0.0,0.4537037,0.1777778,0.6759259,0.1481481,0.6097561,0.0,0.0731707,0.1632653,0.0,1.0,0.4081633,0.0625,0.0,9.770013301136158
2624.0,0.4542683,0.0102896,0.1627287,0.1145251,0.8060213,0.0,0.6222222,0.0062222,0.0595556,0.037639,0.0071111,0.9946667,0.2634731,0.0353535,0.1428571,11.08523008522044
40.0,0.55,0.0,0.05,0.2222222,0.9,0.0,0.6666667,0.0,0.0,0.2,0.0,1.0,0.3333333,0.0,1.0,9.792611856190192
2222.0,0.4477948,0.0382538,0.2677768,0.2176039,0.7551755,0.0036004,0.5423406,0.0047574,0.0409134,0.0978541,0.0323501,0.9971456,0.4454936,0.0472727,0.6,10.085850775128717
2129.0,0.4692344,0.0,0.1864725,0.1300885,0.8501644,0.0,0.7069168,0.0117233,0.049238,0.1331301,0.0,0.996483,0.3221545,0.052356,0.4545455,10.292179440058462
11480.0,0.4835366,0.0107143,0.1450348,0.1032215,0.8325784,0.0218641,0.7053228,0.0065685,0.0650057,0.0334939,0.0092865,0.9789354,0.2990368,0.0713376,0.4242424,10.77270764101727
2285.0,0.4652079,0.4958425,0.15186,0.1554828,0.8463895,0.0490153,0.7236504,0.0025707,0.0282776,0.1118721,0.4280206,0.9948586,0.3573059,0.1325758,0.5,10.165890277802454
774.0,0.4354005,0.0090439,0.0542636,0.0572082,0.5232558,0.0,0.3509514,0.0084567,0.1120507,0.0558882,0.0084567,0.9957717,0.3872255,0.0086957,0.5,10.65492722584759
806.0,0.4851117,0.0049628,0.0719603,0.0674699,0.8722084,0.0,0.7133106,0.0102389,0.0477816,0.0265781,0.003413,0.9931741,0.1893688,0.14,0.0,10.460270761075149
2456.0,0.4890065,0.1017915,0.110342,0.1003984,0.9250814,0.0008143,0.7963684,0.0038911,0.0259403,0.1268403,0.0946822,0.9727626,0.3952435,0.3504274,0.7333333,9.908524844053396
2166.0,0.4792244,0.0009234,0.2183749,0.179078,0.7751616,0.0323176,0.6052632,0.0032895,0.0471491,0.0597938,0.0010965,0.9989035,0.371134,0.05,0.3333333,10.401258331428318
1998.0,0.472973,0.017017,0.1131131,0.0807217,0.8278278,0.005005,0.6736196,0.002454,0.0736196,0.0770102,0.0159509,0.9791411,0.4711212,0.0518293,0.5833333,11.394153190178114
341.0,0.4750733,0.0087977,0.0997067,0.1005587,0.9677419,0.0,0.8780488,0.0,0.0121951,0.1086957,0.0,0.9756098,0.673913,0.4545455,0.0,9.615805480084347
208.0,0.5096154,0.0,0.1875,0.0882353,0.8846154,0.0,0.75,0.0131579,0.0263158,0.0952381,0.0,0.8552632,0.1904762,0.1666667,0.0,9.952325334619427
3338.0,0.468544,0.0017975,0.1467945,0.1195039,0.8118634,0.0377472,0.6821036,0.0039246,0.0612245,0.0399397,0.0031397,0.9929356,0.3217784,0.0381356,0.6,11.664796405307863
1978.0,0.487361,0.0085945,0.153185,0.0877712,0.8690597,0.0,0.7161804,0.0079576,0.0477454,0.037037,0.0039788,0.9973475,0.2515964,0.0487805,0.0,10.762170357789895
2352.0,0.4821429,0.0008503,0.0952381,0.0558292,0.9247449,0.0,0.8251497,0.0011976,0.0347305,0.0711902,0.0,0.9209581,0.1557286,0.1190476,1.0,11.536651757164861
665.0,0.4721805,0.0045113,0.1518797,0.0797721,0.9218045,0.0,0.8283582,0.0,0.0223881,0.0428571,0.0037313,0.988806,0.025,0.1875,0.5,11.929007348474721
32462.0,0.4527756,0.1546424,0.2563305,0.1947197,0.7546978,0.0443596,0.5952512,0.0034511,0.0374103,0.1741435,0.13418,0.9913722,0.4452488,0.0605227,0.525974,10.305647203635566
2369.0,0.4499789,0.2612917,0.2414521,0.1857252,0.8079358,0.0401013,0.6625892,0.0020387,0.0265036,0.1586621,0.2466871,0.9969419,0.2744425,0.043771,0.4166667,10.70551155928146
7963.0,0.4981791,0.0315208,0.0615346,0.039039,0.8946377,0.0,0.7832618,0.0042918,0.0647353,0.1367706,0.0286123,0.9467096,0.2145724,0.1001451,0.1735537,11.628047184686986
153.0,0.4575163,0.0065359,0.3071895,0.0963855,0.7254902,0.0,0.5949367,0.0253165,0.1012658,0.352459,0.0,1.0,0.5409836,0.0,1.0,10.736418414365376
2288.0,0.4777098,0.0249126,0.0987762,0.0694561,0.8457168,0.0,0.709713,0.0055188,0.0860927,0.060166,0.0198675,0.9635762,0.409751,0.0458015,0.3636364,11.720760435616398
70.0,0.5142857,0.0,0.1142857,0.0294118,0.9285714,0.0,0.7916667,0.0,0.0,0.2,0.0,1.0,0.4,0.0,1.0,9.615805480084347
463.0,0.5075594,0.0712743,0.0475162,0.0657895,0.4470842,0.0,0.3451327,0.0044248,0.3628319,0.1274131,0.0663717,0.9778761,0.7915058,0.0050761,0.3333333,10.021315031649332
4038.0,0.5066865,0.00421,0.0515106,0.0341365,0.944527,0.0002476,0.8725637,0.0044978,0.0292354,0.0319303,0.0044978,0.976012,0.1095791,0.1100917,0.1875,11.356283350762888
12276.0,0.4836266,0.0026067,0.1452428,0.0954409,0.9308407,0.0016292,0.8312117,0.0004715,0.0209807,0.0228058,0.0018859,0.9799623,0.1029717,0.0622222,0.4642857,12.002737848944351
5682.0,0.4450898,0.3711721,0.2059134,0.1972724,0.8382612,0.0142555,0.6648211,0.0012777,0.0174617,0.0976172,0.3087734,0.9906303,0.3320523,0.1119247,0.52,10.25769445336048
1026.0,0.4259259,0.0185185,0.2894737,0.2427844,0.7592593,0.0545809,0.591224,0.0023095,0.0254042,0.1559454,0.0184758,0.9976905,0.3196881,0.0891089,0.8888889,9.615805480084347
138.0,0.4927536,0.0,0.1594203,0.1,0.7898551,0.0,0.6078431,0.0392157,0.1372549,0.15,0.0,1.0,0.15,0.0,0.0,9.615805480084347
262.0,0.5343511,0.4045802,0.1679389,0.1147541,0.9083969,0.0,0.7526882,0.0,0.0107527,0.1769912,0.3763441,1.0,0.2566372,0.25,0.0,9.615805480084347
410.0,0.5073171,0.0,0.0853659,0.0693069,0.9317073,0.0,0.8270677,0.0,0.0300752,0.125,0.0,0.9924812,0.2434211,0.1428571,1.0,10.043292972227004
411.0,0.4671533,0.0072993,0.3479319,0.1598174,0.8150852,0.0,0.6530612,0.005102,0.0357143,0.4201183,0.0102041,0.9795918,0.5,0.0294118,0.8571429,10.831726617926124
2489.0,0.429088,0.5451989,0.1691442,0.1752287,0.863399,0.0056247,0.6880642,0.0,0.0150451,0.0911577,0.4964895,0.998997,0.2980857,0.0906921,0.7272727,10.064798252418377
1104.0,0.4664855,0.0108696,0.2173913,0.1273345,0.9148551,0.0,0.781407,0.0,0.0150754,0.0546318,0.0025126,0.9924623,0.1852732,0.0,0.6666667,13.083832506255328
4341.0,0.4706289,0.1419028,0.1478922,0.1105309,0.8187054,0.0101359,0.6434978,0.0044843,0.05213,0.0595677,0.1412556,0.9820628,0.3384291,0.0463576,0.4705882,11.31204474745499
2329.0,0.4967797,0.0,0.0897381,0.0580205,0.9248605,0.0,0.825596,0.0050188,0.0351317,0.0196802,0.0,0.9974906,0.1697417,0.0344828,0.6,11.008760940077243
13374.0,0.4543143,0.3184537,0.2175864,0.1677172,0.8496336,0.0019441,0.6701345,0.0030493,0.0213453,0.0887545,0.2740807,0.9946188,0.363354,0.0997722,0.7777778,10.012386799492118
172.0,0.5,0.0,0.2325581,0.1046512,0.8953488,0.0,0.75,0.0,0.0,0.1,0.0,1.0,0.325,0.2272727,0.0,10.351405324899678
3182.0,0.4632307,0.0053426,0.2102451,0.1639344,0.8422376,0.022313,0.6852986,0.0015314,0.0137825,0.1475196,0.0038285,0.9885145,0.2859008,0.1072664,0.7804878,9.741027444837728
182.0,0.478022,0.0054945,0.1538462,0.1684211,0.7802198,0.0,0.5974026,0.025974,0.0519481,0.2376238,0.0,1.0,0.4752475,0.1071429,0.0,9.615805480084347
758.0,0.5092348,0.0026385,0.0672823,0.0806452,0.8654354,0.0,0.7290076,0.0152672,0.0839695,0.0965517,0.0038168,0.9961832,0.2482759,0.1794872,0.0,10.373522431293592
10792.0,0.4785026,0.0029652,0.147702,0.1099858,0.8565604,0.0127872,0.715959,0.0056125,0.0466081,0.0298295,0.0026842,0.9875549,0.3226799,0.0829228,0.0526316,10.529452721013085
57.0,0.4736842,0.0,0.3157895,0.1666667,0.8070175,0.0,0.6206897,0.0,0.0,0.3555556,0.0,1.0,0.3111111,0.0,0.5,9.615805480084347
5975.0,0.4676151,0.0020084,0.1633473,0.1288903,0.801841,0.0323013,0.6668046,0.0033113,0.0658113,0.2454716,0.0016556,0.995447,0.4000625,0.0422886,0.3846154,11.03005541721757
2810.0,0.4455516,0.3174377,0.1537367,0.1771502,0.8060498,0.0291815,0.6314864,0.003518,0.0272647,0.0889423,0.2603342,0.9912049,0.3838141,0.0948276,0.4166667,10.460270761075149
1072.0,0.8106343,0.5559701,0.051306,0.1428571,0.2994403,0.6492537,0.7006369,0.0,0.0318471,0.0818713,0.3248408,0.9745223,0.4561404,0.0985915,0.0,9.615805480084347
2320.0,0.4362069,0.0116379,0.550431,0.2171254,0.7810345,0.0206897,0.6503667,0.0,0.0236349,0.3075621,0.00652,0.99511,0.6269752,0.022293,0.5333333,10.596659732783579
662.0,0.4743202,0.4486405,0.1329305,0.1321839,0.8806647,0.0,0.7118644,0.0084746,0.0169492,0.0923077,0.3771186,1.0,0.2846154,0.1632653,0.75,9.985113621416073
12287.0,0.496948,0.0009766,0.0575405,0.046109,0.8785708,0.0,0.7358916,0.0056433,0.0564334,0.0314823,0.0006772,0.9936795,0.3434631,0.0469337,0.3220339,10.849356503939038
13531.0,0.469884,0.0778213,0.171532,0.0968911,0.8055576,0.0004434,0.6415348,0.0025244,0.0750589,0.1064662,0.0631101,0.8850555,0.4990977,0.0484293,0.2708333,11.205054290550551
1018.0,0.4833006,0.0058939,0.2387033,0.1520913,0.867387,0.0088409,0.7199074,0.0,0.0115741,0.0567686,0.0115741,1.0,0.290393,0.0972222,0.5,10.239995502805316
6265.0,0.4346369,0.0019154,0.5476457,0.2676454,0.7776536,0.0006385,0.6130003,0.0015047,0.027084,0.1625504,0.0009028,0.9885646,0.2464718,0.0693642,0.4742268,10.604131561522696
224.0,0.5625,0.0,0.0446429,0.0204082,0.8928571,0.0,0.7014925,0.0149254,0.0447761,0.1829268,0.0,1.0,0.8292683,0.1935484,0.0,11.063524143191238
242.0,0.4917355,0.0,0.2272727,0.1138211,0.8801653,0.0,0.7244898,0.0,0.0204082,0.5242718,0.0,1.0,0.1213592,0.3,1.0,11.091346218718432
7945.0,0.450472,0.0061674,0.2302077,0.17224,0.7130271,0.0468219,0.5873595,0.0036463,0.0859921,0.0594456,0.0036463,0.9945305,0.3212346,0.0473555,0.2631579,10.524090921620362
1017.0,0.4611603,0.2261554,0.173058,0.1405109,0.8377581,0.0,0.6690647,0.0071942,0.0479616,0.1507128,0.1990408,0.9976019,0.389002,0.1491228,0.5384615,10.203629181337648
4151.0,0.4919297,0.0043363,0.1086485,0.0806069,0.9139966,0.0,0.7767857,0.0052083,0.0297619,0.1157895,0.0044643,0.6815476,0.3598684,0.2036199,0.1023622,11.153403615295403
1218.0,0.498358,0.0,0.1428571,0.0703764,0.8226601,0.0,0.6653144,0.0081136,0.0851927,0.3171745,0.0,0.9939148,0.3808864,0.0782609,0.6666667,10.969938154395841
1495.0,0.4501672,0.0,0.3056856,0.229927,0.7852843,0.0334448,0.620384,0.0044313,0.0118168,0.1386768,0.0,0.9955687,0.3015267,0.0754717,0.625,9.928228944424575
1716.0,0.493007,0.0104895,0.0897436,0.0586207,0.9574592,0.0,0.9026217,0.0,0.0243446,0.0824742,0.0037453,0.9756554,0.0360825,0.1489362,0.6470588,13.122367377396328
705.0,0.4737589,0.0,0.1148936,0.1536388,0.9092199,0.0,0.765625,0.0,0.015625,0.1821086,0.0,0.9921875,0.3354633,0.1612903,0.0,10.030164255362632
5554.0,0.5054015,0.1326972,0.0507742,0.04332,0.8611811,0.0,0.7146119,0.0018265,0.0570776,0.0759494,0.1091324,0.9853881,0.3590717,0.0403587,0.1818182,11.091346218718432
655.0,0.4305344,0.0015267,0.2458015,0.2252011,0.7877863,0.0748092,0.6860465,0.0077519,0.0271318,0.1041667,0.0,0.9844961,0.2951389,0.075,0.0,10.016860879703811
3543.0,0.4987299,0.1199548,0.1044313,0.1171171,0.8806097,0.0302004,0.7734711,0.0034453,0.0378984,0.0389073,0.0999139,0.9336779,0.2400662,0.0806452,0.4444444,11.548302261270587
6518.0,0.4802087,0.0064437,0.1946916,0.1449233,0.8163547,0.1043265,0.793168,0.0014038,0.0299485,0.0237551,0.0032756,0.9962564,0.1301964,0.0344828,0.4615385,11.372524818667134
449.0,0.4899777,0.7216036,0.1804009,0.1834061,0.8953229,0.0,0.7228916,0.0,0.0060241,0.2242991,0.7048193,1.0,0.2570093,0.1944444,0.8888889,9.615805480084347
330.0,0.4757576,0.0,0.1575758,0.1618497,0.8727273,0.0,0.6899225,0.0,0.0155039,0.1342282,0.0,1.0,0.4563758,0.1555556,0.5,9.615805480084347
1287.0,0.4879565,0.0,0.1111111,0.0682853,0.8919969,0.0,0.7377399,0.0085288,0.0234542,0.056338,0.0,0.9936034,0.2434608,0.0826446,0.5,10.370392636243981
207.0,0.4782609,0.0,0.173913,0.1481481,0.8454106,0.0,0.6896552,0.0114943,0.045977,0.1122449,0.0,1.0,0.2755102,0.0,0.0,9.615805480084347
8969.0,0.5252537,0.0832869,0.1005686,0.0988727,0.8184859,0.0996767,0.7834328,0.005265,0.030537,0.14879,0.0666901,0.9487539,0.3504631,0.1232877,0.2982456,10.604131561522696
2774.0,0.4628695,0.000721,0.2480173,0.1718121,0.8385004,0.0,0.6585956,0.0024213,0.0177563,0.1067051,0.0008071,0.9975787,0.4563807,0.066474,0.8275862,9.75272280064639
356.0,0.4803371,0.0,0.2780899,0.1567568,0.8314607,0.0,0.6776316,0.0131579,0.0328947,0.0559006,0.0,1.0,0.3167702,0.0967742,0.0,9.615805480084347
701.0,0.4293866,0.8131241,0.1540656,0.18,0.8673324,0.0,0.6720648,0.0080972,0.0364372,0.1423611,0.7692308,1.0,0.3888889,0.1506849,0.75,9.615805480084347
411.0,0.4914842,0.0,0.1678832,0.15311,0.8978102,0.0,0.7530864,0.0,0.0123457,0.0949721,0.0,1.0,0.3296089,0.1,0.0,10.445840912706414
2805.0,0.4531194,0.0,0.6834225,0.2092568,0.8488414,0.0,0.7416393,0.0,0.0196721,0.1475685,0.0,0.9960656,0.2711012,0.0188679,0.4117647,10.664316745782925
244.0,0.4795082,0.5696721,0.1311475,0.1181102,0.8852459,0.0,0.7263158,0.0105263,0.0105263,0.159292,0.5157895,0.9894737,0.3451327,0.0833333,0.3333333,10.275085591132715
2131.0,0.4861567,0.0,0.1980291,0.1369863,0.8564054,0.0272173,0.695,0.0,0.005,0.1794872,0.0,0.93625,0.4010256,0.1296296,0.7586207,10.31231367277647
858.0,0.458042,0.002331,0.2261072,0.1698925,0.8088578,0.0151515,0.6315789,0.0027701,0.0360111,0.2367865,0.0,0.9972299,0.3551797,0.0714286,0.7,10.247112717290387
326.0,0.5153374,0.0,0.0460123,0.0316456,0.8404908,0.0,0.6296296,0.0,0.0148148,0.3181818,0.0,0.9777778,0.530303,0.037037,0.0,10.505094936455558
1637.0,0.5003054,0.0006109,0.0904093,0.0635697,0.9425779,0.0,0.825462,0.0020534,0.0143737,0.0947955,0.0,0.9671458,0.2657993,0.2470588,0.6875,10.712215345197256
1228.0,0.4796417,0.0016287,0.1188925,0.1064163,0.8819218,0.0,0.7293065,0.0089485,0.0357942,0.0303688,0.0022371,0.9932886,0.3817787,0.0437956,0.0,10.764286715905591
250.0,0.576,0.0,0.056,0.0849057,0.708,0.0,0.4824561,0.0087719,0.1052632,0.3214286,0.0,1.0,0.7142857,0.0512821,1.0,10.30229722897745
220.0,0.4681818,0.0,0.1909091,0.1196581,0.9090909,0.0,0.7912088,0.0,0.010989,0.0618557,0.0,0.978022,0.1958763,0.1034483,0.0,9.966509298952284
3959.0,0.4619853,0.0027785,0.1732761,0.1126761,0.7570093,0.0,0.5611972,0.0032068,0.0646713,0.0419867,0.0010689,0.9930518,0.3031234,0.0308261,0.3333333,10.920546270529568
2246.0,0.469724,0.0035619,0.1990205,0.1796809,0.8370436,0.0761354,0.7751553,0.0012422,0.0124224,0.0820981,0.0,0.9900621,0.2280502,0.1,0.3157895,10.36410350510914
60.0,0.5666667,0.0,0.0,0.0,0.4166667,0.0,0.2903226,0.0,0.2580645,0.75,0.0,0.9677419,0.266129,0.0,1.0,11.156264806643742
33892.0,0.4753039,0.3357429,0.1322731,0.1089805,0.8771096,0.0049864,0.7017819,0.0030523,0.0240059,0.1010086,0.3475499,0.6046032,0.4474192,0.1340487,0.72,10.389026137075234
6155.0,0.4789602,0.1572705,0.0995938,0.0848145,0.8989439,0.0,0.7680039,0.0086999,0.0507492,0.0496096,0.142581,0.9772837,0.2057878,0.1054767,0.48,10.992066340225865
292.0,0.4760274,0.0034247,0.1643836,0.130719,0.8869863,0.0,0.7350427,0.0,0.017094,0.1760563,0.0,0.982906,0.2887324,0.15625,0.3333333,10.21833478806055
1586.0,0.4691047,0.4047919,0.2030265,0.1437055,0.814628,0.0220681,0.6666667,0.0062893,0.0613208,0.1835687,0.3569182,0.9937107,0.4595635,0.1084337,0.2222222,10.236417809461043
628.0,0.5111465,0.0,0.1226115,0.1074919,0.888535,0.0,0.7236842,0.004386,0.0263158,0.0988142,0.0,1.0,0.4347826,0.1538462,1.0,9.841665338892785
1706.0,0.4689332,0.1219226,0.1424385,0.1423841,0.8833529,0.0310668,0.7816092,0.0065681,0.0164204,0.0800604,0.1231527,0.998358,0.2583082,0.1075269,0.8235294,10.281958234245314
1137.0,0.4986807,0.0,0.0914688,0.0631579,0.9437115,0.0,0.858209,0.0074627,0.0099502,0.0289855,0.0,1.0,0.1111111,0.1290323,1.0,10.859018228147887
913.0,0.4863089,0.0021906,0.0799562,0.0447761,0.9342826,0.0,0.8448845,0.0033003,0.029703,0.0560748,0.0033003,0.990099,0.1370717,0.1860465,0.0,10.480129006333248
249.0,0.4899598,0.0,0.1767068,0.0866142,0.875502,0.0,0.7,0.0,0.01,0.2248062,0.0,0.99,0.3488372,0.1612903,0.5714286,9.933094897288786
1436.0,0.4909471,0.0076602,0.1573816,0.0889193,0.9296657,0.0,0.8223062,0.0,0.0094518,0.0257827,0.0056711,1.0,0.1233886,0.08,0.5,10.795506083434564
1681.0,0.4419988,0.0011898,0.2367638,0.238806,0.8024985,0.0350982,0.6420613,0.0,0.0181058,0.110285,0.0,0.9986072,0.3296159,0.0609756,0.8333333,10.012386799492118
354.0,0.5084746,0.0,0.1101695,0.1034483,0.8841808,0.0,0.7301587,0.0079365,0.0396825,0.1923077,0.0,1.0,0.2435897,0.0869565,0.6666667,10.118639253920785
883.0,0.4711212,0.1506229,0.1710079,0.124197,0.8844847,0.0,0.720339,0.0,0.0084746,0.075718,0.1158192,0.9971751,0.305483,0.1264368,0.5,9.928228944424575
5245.0,0.4844614,0.0894185,0.1445186,0.1079882,0.9033365,0.0,0.7747839,0.0035587,0.0254194,0.0209059,0.0742247,0.9959329,0.0915879,0.1452991,0.4166667,10.851296331126829
4605.0,0.4868621,0.0382193,0.1526602,0.1341515,0.7947883,0.018241,0.622986,0.0026853,0.0682062,0.0952381,0.0349087,0.9709989,0.4538387,0.0739645,0.7272727,11.461642696843066
704.0,0.5241477,0.0,0.0284091,0.0597015,0.9715909,0.0,0.8986486,0.0,0.027027,0.075,0.0,1.0,0.4375,0.5316456,0.0,9.980494888896912
1161.0,0.4754522,0.0094746,0.16882,0.1395731,0.8621878,0.0146425,0.7037037,0.0,0.0152505,0.0689655,0.0130719,0.9869281,0.3448276,0.0592105,0.5555556,10.376642461280849
283.0,0.4416961,0.745583,0.180212,0.1962025,0.8551237,0.04947,0.7244898,0.0,0.0,0.0754717,0.7346939,1.0,0.3773585,0.2,0.0,9.758519582283522
18633.0,0.4722267,0.0020931,0.0838834,0.0652837,0.9605002,0.0049911,0.8820047,0.0016917,0.0103616,0.0213162,0.0023261,0.0729541,0.5513245,0.3200543,0.1111111,11.026808713825016
23866.0,0.4583927,0.0913433,0.1882175,0.109624,0.8685997,0.0082544,0.7231572,0.0010652,0.0308905,0.018505,0.0765871,0.9941415,0.0995295,0.0508044,0.4137931,11.049317340813348
2914.0,0.4344544,0.0003432,0.2745367,0.2226942,0.7738504,0.0473576,0.6198083,0.0039936,0.0271565,0.0973324,0.0007987,0.9968051,0.333093,0.0452962,0.55,9.933094897288786
166.0,0.4939759,0.0,0.2108434,0.0833333,0.873494,0.0,0.7246377,0.0,0.0289855,0.1038961,0.0,0.9855072,0.4025974,0.0,1.0,9.615805480084347
1120.0,0.4535714,0.5830357,0.1258929,0.1339869,0.8973214,0.00625,0.7404372,0.0027322,0.0273224,0.1007371,0.5273224,0.9863388,0.3022113,0.1885246,1.0,9.661479683575521
1018.0,0.4960707,0.0,0.1306483,0.0955166,0.9007859,0.0,0.7506562,0.0,0.015748,0.0638821,0.0,0.9947507,0.2211302,0.0724638,0.2,10.614007941153417
545.0,0.5009174,0.0,0.1504587,0.0845588,0.9247706,0.0,0.804878,0.0,0.004878,0.0929204,0.0,0.995122,0.2964602,0.12,0.5,9.966509298952284
2274.0,0.498241,0.0004398,0.08927,0.0455741,0.8900616,0.0,0.7670732,0.0036585,0.05,0.038687,0.0,0.9939024,0.3341149,0.1025641,0.5,10.885584751364705
16797.0,0.4662142,0.013038,0.1675299,0.1292661,0.7347145,0.0644163,0.6118322,0.0046785,0.0691216,0.0835408,0.0099608,0.9889828,0.3355463,0.065709,0.5384615,11.13751903414526
3116.0,0.4496149,0.0016046,0.1893453,0.1376093,0.792362,0.0051348,0.608137,0.0042827,0.0485368,0.2691706,0.0007138,0.9971449,0.324987,0.0341113,0.2777778,10.685126264117057
94.0,0.5319149,0.0,0.2553191,0.1136364,0.6808511,0.0,0.4901961,0.0,0.0784314,0.6330935,0.0,0.9803922,0.8848921,0.0434783,1.0,11.023551435004947
9488.0,0.4823988,0.0945405,0.1631535,0.1246182,0.794688,0.0672428,0.7012388,0.0048977,0.0581965,0.0649246,0.0878709,0.9792567,0.3071121,0.0664037,0.3877551,11.183045451818261
302.0,0.5264901,0.0,0.1556291,0.1468531,0.9139073,0.0,0.7807018,0.0,0.0087719,0.0338983,0.0,1.0,0.1610169,0.0909091,1.0,10.288783966353765
1294.0,0.4683153,0.0061824,0.0193199,0.0232558,0.9443586,0.0,0.8012232,0.0,0.0214067,0.4191829,0.0152905,0.9908257,0.7442274,0.3737864,1.0,9.615805480084347
252.0,0.5198413,0.0,0.1944444,0.1900826,0.8412698,0.0,0.628866,0.0103093,0.0309278,0.1181818,0.0,0.9381443,0.4454545,0.1111111,0.4,10.094149233605084
3866.0,0.4741335,0.0142266,0.1717538,0.1254304,0.9048112,0.0,0.7726027,0.0020548,0.0212329,0.0194762,0.0130137,0.9945205,0.1497649,0.0578947,0.2,10.69650269224425
127.0,0.496063,0.0,0.2125984,0.171875,0.8818898,0.0,0.7169811,0.0,0.0,0.171875,0.0,0.9622642,0.359375,0.1111111,0.0,9.942756341456828
330.0,0.4727273,0.0,0.2575758,0.1954023,0.7878788,0.0454545,0.6,0.0,0.0074074,0.028777,0.0,1.0,0.3165468,0.03125,0.0,9.913487387114461
243.0,0.4855967,0.0,0.0864198,0.104,0.8847737,0.0,0.7204301,0.0107527,0.0107527,0.1545455,0.0,0.9892473,0.1545455,0.2352941,1.0,9.83097062169695
89.0,0.5505618,0.011236,0.1348315,0.1,0.9101124,0.0,0.7741935,0.0,0.0322581,0.1842105,0.0322581,1.0,0.2894737,0.0,0.0,9.615805480084347
7432.0,0.4593649,0.0004037,0.2248385,0.1697362,0.8024758,0.0318891,0.6427886,0.0060761,0.0271826,0.068236,0.0003198,0.996802,0.3051251,0.0698869,0.6585366,10.225607282932941
8392.0,0.4789085,0.0469495,0.2148475,0.1506975,0.7382031,0.0358675,0.5848238,0.003794,0.0794038,0.1563786,0.0157182,0.9555556,0.4940558,0.0397527,0.4927536,11.008760940077243
1030.0,0.4805825,0.0,0.068932,0.0448598,0.9475728,0.0,0.861413,0.0,0.0081522,0.1320755,0.0,0.9972826,0.2075472,0.1142857,0.4285714,10.807725945886109
81245.0,0.4780356,0.0805588,0.1510862,0.120499,0.8157671,0.0182042,0.6376371,0.0031058,0.0515307,0.089876,0.0686759,0.9331939,0.4202769,0.0906521,0.3645833,11.65356528276954
1233.0,0.4776967,0.0032441,0.1995134,0.1521739,0.8183293,0.0,0.6439114,0.0,0.0442804,0.0996678,0.001845,0.9944649,0.3106312,0.0301205,0.7142857,11.229248693912288
1342.0,0.4701937,0.0,0.2466468,0.1744023,0.828614,0.0283159,0.6737589,0.001773,0.0141844,0.1201248,0.0,0.9946809,0.2776911,0.034188,0.5454545,9.758519582283522
234.0,0.4401709,0.0,0.6111111,0.1679389,0.8675214,0.0,0.7459016,0.0,0.0,0.2694611,0.0,0.9836066,0.0718563,0.3333333,0.5,11.891368749982085
837.0,0.4755078,0.0,0.1433692,0.1252847,0.8757467,0.0,0.7103659,0.0030488,0.0243902,0.0708215,0.0,1.0,0.4334278,0.0571429,0.9,9.989711119284745
1422.0,0.5105485,0.0014065,0.1364276,0.0847701,0.8495077,0.0,0.6857671,0.0055453,0.0683919,0.0656304,0.0036969,0.9926063,0.3696028,0.0898876,0.1666667,11.07443600653965
2105.0,0.4446556,0.1097387,0.1871734,0.188195,0.856057,0.0033254,0.6835017,0.0022447,0.0123457,0.061117,0.0909091,0.9988777,0.2708114,0.0711462,0.3333333,10.012386799492118
4055.0,0.4942047,0.0273736,0.0843403,0.0750853,0.9536375,0.0,0.8770556,0.0023493,0.0164448,0.0131376,0.0250587,0.990603,0.0618238,0.1612903,0.5,11.265758139843117
1472.0,0.4381793,0.6467391,0.1915761,0.1801693,0.8322011,0.0495924,0.6947566,0.0018727,0.0168539,0.0713043,0.5805243,0.9981273,0.3513043,0.1291866,0.25,10.165890277802454
106.0,0.5471698,0.0,0.2358491,0.0833333,0.8396226,0.0,0.6730769,0.0,0.0,0.2463768,0.0,1.0,0.3188406,0.0,0.0,9.615805480084347
4891.0,0.477203,0.0028624,0.1261501,0.0813453,0.911879,0.0,0.7820069,0.0023068,0.0230681,0.0382696,0.0017301,0.9959631,0.1281198,0.0544747,0.5714286,12.095705171506136
153.0,0.5098039,0.0,0.2222222,0.1466667,0.8431373,0.0,0.6349206,0.0,0.015873,0.1,0.0,0.968254,0.2285714,0.0,0.0,9.615805480084347
337.0,0.4985163,0.0,0.2017804,0.1538462,0.8575668,0.0,0.6879433,0.0,0.0283688,0.1019108,0.0,0.9787234,0.2038217,0.0357143,0.6,9.615805480084347
465.0,0.4645161,0.0,0.2064516,0.1485944,0.827957,0.0,0.6431925,0.0,0.0187793,0.0491071,0.0,0.9906103,0.3571429,0.0365854,0.0,10.373522431293592
989.0,0.4772497,0.0010111,0.1587462,0.1160542,0.8715875,0.0,0.707196,0.0,0.0198511,0.0714286,0.0,0.9975186,0.3341014,0.0606061,0.375,10.344995251991222
5595.0,0.4834674,0.0094727,0.1013405,0.0868512,0.861126,0.0150134,0.729572,0.0072957,0.0476654,0.047266,0.0072957,0.983463,0.3123262,0.0766284,0.6551724,10.727684925086583
421.0,0.4513064,0.4465558,0.2256532,0.1861472,0.824228,0.0,0.6144578,0.0120482,0.0301205,0.1616162,0.3855422,1.0,0.3282828,0.1489362,0.0,9.615805480084347
11.0,0.5454545,0.0,0.1818182,0.2,0.5454545,0.0,0.4285714,0.0,0.1428571,0.2222222,0.0,1.0,0.8888889,0.0,0.0,0.0
372.0,0.4731183,0.0,0.2607527,0.2193878,0.8091398,0.0,0.6011905,0.0,0.0238095,0.184466,0.0,1.0,0.2427184,0.05,0.8571429,9.615805480084347
5104.0,0.4958856,0.0011755,0.0895376,0.0820054,0.898315,0.0021552,0.7617713,0.0044843,0.0381166,0.0262009,0.0005605,0.9019058,0.294214,0.1473297,0.1666667,11.010415172807951
371.0,0.4770889,0.0,0.1374663,0.1082474,0.8814016,0.0,0.6993007,0.0,0.006993,0.0714286,0.0,1.0,0.2077922,0.1538462,0.5,10.177362240256695
798.0,0.4586466,0.0,0.1340852,0.1458333,0.8471178,0.0238095,0.6896552,0.0,0.0125392,0.1187845,0.0,1.0,0.3618785,0.0921053,1.0,10.221977646629885
27610.0,0.4946034,0.1340456,0.1004346,0.0978214,0.8350235,0.028975,0.6962859,0.0059904,0.0486222,0.1290435,0.1237021,0.8873802,0.4663478,0.1271394,0.5762712,10.652566005416872
1847.0,0.521386,0.0005414,0.1375203,0.0723982,0.7937195,0.0492691,0.6661972,0.0112676,0.0507042,0.0558511,0.0014085,0.9887324,0.4109043,0.0601093,0.1666667,10.694237736914808
14731.0,0.4702328,0.0233521,0.1399769,0.1104562,0.846039,0.0183966,0.6948614,0.0049444,0.0363765,0.0488747,0.020837,0.9874625,0.3216325,0.0728329,0.2790698,10.74507628970625
1971.0,0.4627093,0.0005074,0.2080162,0.1425873,0.8807712,0.0,0.7327791,0.0011876,0.0106888,0.0288351,0.0,0.9988124,0.1464821,0.0381679,0.0,10.729875458480967
2611.0,0.4994255,0.0214477,0.0467254,0.0359602,0.9628495,0.0,0.9182156,0.0,0.0198265,0.0404281,0.0210657,0.9801735,0.0404281,0.0606061,0.7058824,12.44627388376583
416.0,0.4326923,0.0,0.21875,0.1949153,0.8341346,0.0,0.6470588,0.0058824,0.0411765,0.0607735,0.0,1.0,0.1767956,0.0512821,1.0,9.994287576862567
1171.0,0.4645602,0.0,0.2143467,0.1658692,0.8633646,0.0,0.6769547,0.0,0.0061728,0.0847458,0.0,1.0,0.1883239,0.0813953,0.8823529,9.867912187022208
15718.0,0.4753785,0.0049625,0.151546,0.1116905,0.8754294,0.0134241,0.7417592,0.0018221,0.0263376,0.029109,0.0043068,0.9975153,0.2476681,0.0510907,0.2857143,10.847412906506923
7180.0,0.4855153,0.0486072,0.1467967,0.121007,0.8713092,0.0208914,0.7368211,0.004393,0.0335463,0.2063391,0.0447284,0.7204473,0.5137876,0.1458128,0.8095238,10.264687244346277
4740.0,0.4972574,0.0061181,0.0810127,0.0759547,0.9139241,0.0556962,0.9192221,0.0014959,0.0224383,0.0591133,0.0052356,0.9895288,0.0358902,0.0735294,0.5128205,12.670438537558447
17866.0,0.6280085,0.1584014,0.0320721,0.0368643,0.6313668,0.3157394,0.818618,0.0040787,0.0359885,0.0612613,0.1506718,0.9700096,0.3801802,0.139049,0.4,10.849356503939038
13535.0,0.4739564,0.1132619,0.1174732,0.1099719,0.8495013,0.0186184,0.7231512,0.0050167,0.0460795,0.0438799,0.1135266,0.9775177,0.3702256,0.0553922,0.4186047,10.813780332606648
437.0,0.5057208,0.0091533,0.173913,0.1435185,0.8741419,0.0549199,0.8181818,0.0064935,0.0064935,0.0722892,0.0064935,0.9935065,0.1445783,0.1153846,1.0,9.862717639992917
34.0,0.5588235,0.0,0.1176471,0.0,0.8235294,0.0,0.7142857,0.0,0.1428571,0.5,0.0,1.0,0.2857143,0.0,0.0,12.524530013005734
263.0,0.513308,0.0,0.0228137,0.0390625,0.9771863,0.0,0.9210526,0.0,0.0,0.025641,0.0,1.0,0.0128205,0.125,0.0,10.949068194652432
8779.0,0.495045,0.0387288,0.0901014,0.078051,0.8289099,0.0225538,0.6997886,0.0130374,0.0997181,0.0327198,0.0345314,0.8227625,0.5112474,0.2132262,0.25,11.74245657234248
550.0,0.4981818,0.0,0.1036364,0.0833333,0.9054545,0.0,0.795,0.01,0.03,0.0521327,0.0,1.0,0.0853081,0.0,1.0,10.929547069355774
5977.0,0.4848586,0.0031789,0.1028944,0.0552127,0.9126652,0.0,0.8042971,0.0060719,0.0382999,0.035151,0.0028024,0.9528258,0.1942316,0.1277014,0.3043478,10.723289410218579
333.0,0.4774775,0.006006,0.1381381,0.0977011,0.8288288,0.0,0.6875,0.015625,0.078125,0.0724638,0.0078125,0.9921875,0.3115942,0.1176471,0.0,10.445840912706414
3815.0,0.4996068,0.1483617,0.0225426,0.0246202,0.9522936,0.0,0.8804714,0.0016835,0.0294613,0.0222222,0.1422559,0.9806397,0.0238683,0.25,0.3076923,11.374823643830945
12251.0,0.460942,0.2118194,0.1400702,0.1199273,0.7830381,0.0712595,0.6622836,0.0052597,0.0418584,0.1028313,0.1753233,0.9881657,0.404247,0.0871648,0.5853659,10.422311107413181
143050.0,0.5069626,0.0149878,0.0874659,0.0743808,0.8772667,0.0143027,0.7626072,0.0066685,0.0702995,0.0314457,0.015223,0.8371952,0.4306715,0.2385505,0.2190083,12.042971193457888
4282.0,0.5002335,0.2333022,0.0495096,0.0556075,0.8895376,0.0039701,0.7651099,0.0034341,0.0590659,0.0933998,0.2026099,0.967033,0.1992528,0.2089202,0.0612245,11.303450570483712
618.0,0.4498382,0.0,0.2750809,0.2058824,0.7491909,0.079288,0.6276151,0.0083682,0.0502092,0.1245421,0.0,0.9958159,0.3040293,0.1,0.5833333,9.6678285081515
292.0,0.4931507,0.0,0.1883562,0.1013514,0.880137,0.0,0.736,0.0,0.016,0.1134752,0.0,0.992,0.1914894,0.0571429,1.0,9.942756341456828
114.0,0.4824561,0.0,0.2017544,0.2033898,0.8859649,0.0,0.7045455,0.0,0.0,0.1698113,0.0,1.0,0.1320755,0.1428571,1.0,9.61587214452889
443.0,0.469526,0.2528217,0.255079,0.2,0.8374718,0.0,0.6770833,0.0,0.0520833,0.483871,0.1927083,0.9947917,0.3225806,0.08,0.3333333,10.463131911491967
218.0,0.4541284,0.0,0.1376147,0.1176471,0.8761468,0.0,0.7228916,0.0,0.0481928,0.0978261,0.0,1.0,0.1847826,0.15,1.0,9.615805480084347
14427.0,0.4908851,0.1111804,0.0594718,0.0563649,0.948638,0.0079019,0.8758185,0.0013547,0.0137729,0.0398873,0.1009257,0.9945812,0.1172773,0.1179698,0.4285714,11.234546649377918
116.0,0.4741379,0.0,0.1465517,0.1311475,0.9051724,0.0,0.75,0.0,0.0,0.12,0.0,0.9545455,0.22,0.0,0.0,10.268165387743457
7665.0,0.4584475,0.0319635,0.157469,0.1440617,0.8293542,0.0241357,0.6887184,0.005433,0.0380313,0.0541112,0.0271652,0.9952061,0.3422007,0.0338284,0.4090909,10.789339695269716
2300.0,0.4652174,0.0030435,0.1726087,0.1634146,0.8986957,0.0,0.7569061,0.001105,0.0132597,0.0592516,0.0022099,0.9944751,0.2318087,0.0744186,0.8181818,9.867912187022208
4552.0,0.4815466,0.0426186,0.1906854,0.1237288,0.8589631,0.0160369,0.7190083,0.0005165,0.0118802,0.0651859,0.0356405,0.9958678,0.2675036,0.0333988,0.6,10.576457535657255
65566.0,0.4707928,0.0868895,0.1705305,0.1306992,0.7390873,0.0428118,0.5729062,0.0046129,0.0675364,0.0821646,0.0728701,0.9805391,0.3424848,0.0626858,0.6608696,11.092869425057021
6758.0,0.4584197,0.3609056,0.1476768,0.1396175,0.8683042,0.0072507,0.7064677,0.0042097,0.0214313,0.0911304,0.3126674,0.9942595,0.3130435,0.1057828,0.5333333,10.281958234245314
358.0,0.4608939,0.0,0.2374302,0.1968912,0.8854749,0.0,0.7310345,0.0,0.0137931,0.0880503,0.0,0.9172414,0.3459119,0.125,0.0,9.615805480084347
224.0,0.4955357,0.0,0.09375,0.0707965,0.90625,0.0,0.7894737,0.0263158,0.0263158,0.2083333,0.0,1.0,0.2916667,0.0833333,1.0,9.615805480084347
6351.0,0.4630767,0.0308613,0.2040624,0.1545455,0.7979846,0.0451897,0.6445405,0.0039277,0.0290652,0.1178101,0.0235664,0.9945012,0.2966043,0.1002506,0.7164179,9.746892220313054
5513.0,0.4944676,0.0063486,0.1155451,0.0602799,0.911482,0.00653,0.8086785,0.0,0.0300789,0.024531,0.0029586,0.9945759,0.0947571,0.059633,0.2777778,12.269521510708264
417.0,0.4436451,0.0,0.3141487,0.2198276,0.8129496,0.0,0.5925926,0.0,0.005291,0.1,0.0,1.0,0.2714286,0.0857143,1.0,9.615805480084347
2010.0,0.4651741,0.0059701,0.1741294,0.1637209,0.8532338,0.0323383,0.7121821,0.0,0.0187416,0.0568182,0.0040161,0.9986613,0.3042929,0.0941176,0.6,10.328787967145063
554.0,0.5,0.0,0.1227437,0.0902527,0.898917,0.0,0.7630332,0.0,0.028436,0.0538117,0.0,1.0,0.3721973,0.1212121,0.0,10.295563423525277
724.0,0.4861878,0.0,0.1229282,0.0725806,0.8729282,0.0,0.7075812,0.0,0.0397112,0.04811,0.0,0.9927798,0.3161512,0.0740741,0.0,10.344995251991222
8034.0,0.4884242,0.0023649,0.0959671,0.0676399,0.9219567,0.0110779,0.8262877,0.0017762,0.0152753,0.0660252,0.0010657,0.9793961,0.2677505,0.1114458,0.65,10.540090836284206
759.0,0.4743083,0.0065876,0.2305665,0.1403509,0.8656126,0.0,0.6979866,0.0033557,0.0369128,0.2137203,0.0067114,0.9966443,0.171504,0.0465116,0.5454545,12.437981667612153
582.0,0.4862543,0.0,0.1666667,0.09699,0.9003436,0.0,0.7610619,0.0044248,0.0088496,0.0044053,0.0,1.0,0.1453744,0.0392157,0.0,10.474495347310453
5268.0,0.4548216,0.0258162,0.1416097,0.1201253,0.4905087,0.3359909,0.5503226,0.0045161,0.0812903,0.0690691,0.0122581,0.9819355,0.4510511,0.0566893,0.6666667,11.103467395592086
1686.0,0.475089,0.0017794,0.1577699,0.119774,0.8451957,0.0183867,0.6923077,0.0046154,0.0369231,0.1046832,0.0,0.96,0.4972452,0.1134752,0.25,10.929547069355774
738.0,0.4241192,0.0054201,0.2398374,0.2141176,0.7303523,0.0,0.5014085,0.0112676,0.0422535,0.1057935,0.0028169,0.9971831,0.4937028,0.015625,1.0,10.404293143019792
3207.0,0.5304022,0.0009355,0.0760836,0.0484728,0.8437792,0.0196445,0.7013216,0.0070485,0.0651982,0.0711948,0.0008811,0.984141,0.4247136,0.1044386,0.3333333,11.270866642542865
94.0,0.4255319,0.9468085,0.1489362,0.1481481,0.8723404,0.0,0.6875,0.0,0.0625,0.0857143,0.9375,1.0,0.4571429,0.0,0.0,9.615805480084347
1581.0,0.4724858,0.0,0.2150538,0.1654676,0.7849462,0.059456,0.6307692,0.0017094,0.0358974,0.0394089,0.0,0.9948718,0.3415435,0.0337079,0.5,10.751520856703959
1171.0,0.4773698,0.0,0.1349274,0.1176471,0.8975235,0.0093937,0.7708831,0.0,0.0310263,0.0668151,0.0,0.9976134,0.2293987,0.1307692,0.4285714,10.410335274932896
120.0,0.5083333,0.0,0.1416667,0.0508475,0.9666667,0.0,0.9,0.0,0.0,0.2592593,0.0,0.925,0.2592593,0.2,0.5,9.933094897288786
980.0,0.5020408,0.0,0.105102,0.067623,0.9183673,0.0,0.795389,0.0028818,0.0230548,0.06469,0.0,0.8789625,0.3692722,0.0816327,0.0,10.712215345197256
6521.0,0.479681,0.0598068,0.1173133,0.0851754,0.8909676,0.0004601,0.7562396,0.0024958,0.0391015,0.0267206,0.0549085,0.9247088,0.1781377,0.0571429,0.25,10.382853468483827
220.0,0.5090909,0.0,0.1954545,0.0833333,0.9363636,0.0,0.8333333,0.0,0.0,0.2,0.0,1.0,0.3142857,0.1666667,0.5,9.680406499268875
732.0,0.4931694,0.0013661,0.1612022,0.1024259,0.9112022,0.0,0.7703704,0.0,0.0111111,0.09699,0.0037037,0.9962963,0.277592,0.1142857,0.5,10.007892611890918
764.0,0.4515707,0.0,0.2408377,0.2076372,0.8010471,0.0876963,0.7018868,0.0037736,0.0188679,0.0363636,0.0,0.9924528,0.3381818,0.1384615,1.0,9.898525260706313
2133.0,0.4744491,0.0,0.2400375,0.1864407,0.8162213,0.0267229,0.652968,0.0045662,0.0251142,0.0539957,0.0,0.9805936,0.2343413,0.0904762,0.8333333,10.081675578048475
1724.0,0.4605568,0.437355,0.1479118,0.1569892,0.8555684,0.0040603,0.6631259,0.0060698,0.0212443,0.0796089,0.4279211,0.9863429,0.3812849,0.1383399,0.8461538,10.085850775128717
17949.0,0.4859881,0.025071,0.065129,0.069586,0.9342582,0.0065742,0.8505315,0.0022895,0.0191333,0.0312104,0.0224039,0.9957482,0.0947402,0.1298701,0.3625,10.853232402669228
3732.0,0.5359057,0.2709003,0.1690782,0.1622402,0.6846195,0.187299,0.6653355,0.0039936,0.0367412,0.0901163,0.1948882,0.9864217,0.2936047,0.0946502,0.7,10.831726617926124
1644.0,0.4446472,0.296837,0.1210462,0.1259584,0.8923358,0.0,0.7347611,0.0032949,0.0197694,0.1099707,0.2388797,0.985173,0.2243402,0.1533742,0.6842105,10.465984899076615
2814.0,0.5007107,0.0088842,0.1073205,0.0740214,0.8081023,0.0227434,0.6886617,0.0074349,0.0957249,0.0409982,0.0065056,0.9711896,0.3966132,0.1098901,0.125,10.594156665220533
3763.0,0.4732926,0.0098326,0.1230401,0.0711403,0.8596864,0.0496944,0.7781659,0.0034934,0.050655,0.0934283,0.0026201,0.8270742,0.3483769,0.1586826,0.4666667,10.78727575364831
165.0,0.5030303,0.0,0.1818182,0.1097561,0.8969697,0.0,0.7419355,0.0,0.016129,0.1506849,0.0,1.0,0.0273973,0.0666667,1.0,9.6678285081515
476.0,0.4894958,0.0021008,0.1659664,0.1481481,0.8466387,0.0,0.6598985,0.0,0.0304569,0.1859504,0.0050761,0.9949239,0.4132231,0.0943396,1.0,10.188704088048116
307.0,0.504886,0.276873,0.1042345,0.125,0.9153094,0.009772,0.7946429,0.0,0.0,0.0743802,0.25,1.0,0.2479339,0.2,1.0,10.351405324899678
1008.0,0.5009921,0.0009921,0.0962302,0.0516899,0.8521825,0.0,0.7057221,0.0054496,0.0899183,0.0825,0.0,0.9945504,0.36,0.0481928,0.0588235,10.817796321618971
6348.0,0.4851922,0.0174858,0.1318526,0.0921053,0.8768116,0.0118147,0.7447336,0.0008261,0.0301528,0.0623548,0.0066088,0.9748038,0.2951201,0.0504886,0.4444444,12.595750454113006
400.0,0.5,0.01,0.16,0.11,0.9,0.0,0.738255,0.0,0.0067114,0.4419476,0.0067114,0.7986577,0.5955056,0.0714286,0.8461538,9.928228944424575
1565.0,0.4210863,0.4811502,0.171246,0.1732892,0.8811502,0.0019169,0.7053872,0.0016835,0.0117845,0.0804954,0.4090909,0.996633,0.2585139,0.1629213,1.0,10.154285180632154
549.0,0.5063752,0.0,0.1238616,0.0848708,0.9016393,0.0,0.7707317,0.0,0.0341463,0.0375587,0.0,1.0,0.1408451,0.0681818,0.5,10.288783966353765
1366.0,0.4707174,0.0007321,0.1544656,0.1244813,0.8777452,0.0,0.7179963,0.0,0.0241187,0.0235507,0.0018553,0.9944341,0.3025362,0.0709677,0.0,10.448743588106625
108.0,0.4351852,0.0,0.2037037,0.1803279,0.8796296,0.0,0.7045455,0.0,0.0,0.1538462,0.0,1.0,0.3653846,0.0,0.5,9.615805480084347
7690.0,0.4919376,0.0293888,0.0976593,0.0859995,0.9306892,0.0063719,0.8365617,0.0004036,0.0250202,0.0255604,0.0250202,0.9733656,0.1419583,0.0566502,0.6923077,12.161603382806213
18668.0,0.4853225,0.0474073,0.0973859,0.0723356,0.7046818,0.0135526,0.5287076,0.0030219,0.1168061,0.0793923,0.0431195,0.9884937,0.4018832,0.021568,0.1764706,11.7085004721646
1081.0,0.5050879,0.0046253,0.0462535,0.0373832,0.8686401,0.0,0.7234043,0.0159574,0.0771277,0.0505051,0.0,1.0,0.3383838,0.1142857,0.3333333,10.887455624298198
23071.0,0.4750986,0.1999913,0.159681,0.1361685,0.8466907,0.0244896,0.6987069,0.0022886,0.0265477,0.1401161,0.1654652,0.9574322,0.3559972,0.1141466,0.6857143,10.25769445336048
946.0,0.4323467,0.2156448,0.1617336,0.1396648,0.8816068,0.0052854,0.7296588,0.0,0.0104987,0.0863309,0.183727,0.9947507,0.3285372,0.0933333,0.8571429,10.413342705547674
3671.0,0.477799,0.011441,0.0708254,0.0631195,0.8888586,0.0196132,0.7921779,0.0023006,0.0483129,0.0136157,0.0107362,0.9846626,0.2571861,0.0166667,0.125,11.010415172807951
76.0,0.5263158,0.0,0.0526316,0.0555556,0.8947368,0.0,0.7241379,0.0,0.0,0.1212121,0.0,1.0,0.3030303,0.0,0.0,9.69898173460629
452.0,0.5022124,0.0154867,0.3185841,0.1688889,0.8584071,0.0,0.6791444,0.0,0.0213904,0.1342593,0.0053476,1.0,0.2638889,0.1395349,1.0,9.615805480084347
11594.0,0.4939624,0.0573573,0.0660687,0.0495995,0.9513541,0.0158703,0.9084737,0.0002716,0.0100489,0.0335958,0.0516024,0.992667,0.0585302,0.1328671,0.2647059,11.233224789593368
14143.0,0.4731669,0.0839992,0.1623418,0.1191786,0.7005586,0.1102312,0.6050341,0.003785,0.0749432,0.0654404,0.0768357,0.9576079,0.321896,0.0649729,0.4848485,10.714439990727769
511.0,0.4637965,0.0,0.1800391,0.1970803,0.8297456,0.0,0.6351931,0.0,0.0085837,0.1557971,0.0,1.0,0.3550725,0.0454545,0.6,10.199918739620157
53.0,0.509434,0.0,0.3773585,0.1153846,0.9245283,0.0,0.8095238,0.0,0.0,0.3225806,0.0,1.0,0.2580645,0.0,0.0,9.615805480084347
3243.0,0.4539007,0.008634,0.1967314,0.16262,0.8211533,0.0465618,0.6926677,0.0039002,0.0210608,0.0649161,0.0085803,0.9960998,0.2968636,0.0427928,0.8095238,10.638280388314705
812.0,0.4359606,0.2475369,0.2857143,0.2772926,0.7278325,0.0825123,0.5747801,0.0029326,0.0175953,0.1703163,0.2521994,0.9853372,0.4282238,0.0737705,0.4,10.173552856959743
852.0,0.4835681,0.0023474,0.1467136,0.0977273,0.8873239,0.0,0.7255521,0.0,0.022082,0.0364742,0.0063091,0.9842271,0.1367781,0.1451613,0.5,10.594156665220533
4418.0,0.4848348,0.017655,0.0851064,0.051406,0.9035763,0.0009054,0.7837678,0.0023697,0.0302133,0.0949062,0.0159953,0.9958531,0.2193029,0.0271084,0.3103448,11.106474871430772
269063.0,0.4626909,0.2965216,0.1659128,0.1390537,0.7724585,0.0292608,0.5960907,0.0039181,0.0540486,0.0883178,0.2678282,0.9940211,0.4458708,0.0678604,0.4882302,10.32551474894327
8063.0,0.5004341,0.1799578,0.1572616,0.1350546,0.803299,0.0701972,0.6868825,0.0017036,0.0293015,0.1757933,0.1666099,0.9863714,0.316765,0.0987903,0.6567164,10.526775414924009
52376.0,0.4650031,0.5059951,0.1297541,0.1161272,0.758859,0.0180999,0.5496747,0.0043216,0.0711896,0.1248475,0.4442844,0.9475372,0.3920699,0.1061425,0.6117647,10.165890277802454
268.0,0.5074627,0.0074627,0.1940299,0.1893939,0.880597,0.0,0.7272727,0.0,0.0181818,0.0756303,0.0090909,1.0,0.1680672,0.0714286,1.0,9.76428295481558
2034.0,0.4749263,0.0231072,0.1238938,0.1076779,0.879056,0.0024582,0.734127,0.005291,0.037037,0.0561798,0.0277778,0.9986772,0.3657928,0.0769231,0.125,10.614007941153417
2872.0,0.4735376,0.0020891,0.2120474,0.1521164,0.8617688,0.0181058,0.7195858,0.0025884,0.0120794,0.1838028,0.0017256,0.9922347,0.3401408,0.1285714,0.7435897,9.615805480084347
1018.0,0.4744597,0.0235756,0.1051081,0.0785047,0.8821218,0.0,0.7456359,0.0,0.0448878,0.0542453,0.0174564,0.9925187,0.3325472,0.0460526,0.5,10.827766295132466
6962.0,0.5025855,0.0034473,0.1476587,0.0672827,0.8787705,0.0123528,0.7763829,0.0054923,0.0596312,0.4202866,0.0047077,0.9521381,0.4214237,0.1842949,0.3108108,11.192733974822708
167.0,0.4730539,0.3413174,0.1796407,0.1136364,0.9101796,0.0,0.7619048,0.0,0.0,0.1923077,0.2698413,1.0,0.3076923,0.2142857,1.0,10.675931008412125
438.0,0.5159817,0.0,0.0981735,0.0471698,0.8721461,0.0,0.7352941,0.0058824,0.0529412,0.0607735,0.0,1.0,0.320442,0.0833333,1.0,10.65492722584759
827.0,0.4655381,0.0108827,0.1245466,0.0904977,0.8246675,0.0749698,0.7208481,0.0,0.0141343,0.040678,0.0,1.0,0.3186441,0.1285714,1.0,10.281958234245314
4635.0,0.4781014,0.0023732,0.1572816,0.0810252,0.8962244,0.0,0.7555556,0.0005556,0.0172222,0.0280778,0.0011111,0.9933333,0.1166307,0.0351759,0.4,12.217017531154696
4837.0,0.4905933,0.0022741,0.1842051,0.0779221,0.8829853,0.0,0.7487974,0.0032068,0.039551,0.1321892,0.0026724,0.9684661,0.4030612,0.1583113,0.3934426,10.983613347424248
4778.0,0.5043951,0.0075345,0.0789033,0.0650338,0.9083298,0.0131854,0.824781,0.0025031,0.0463079,0.02263,0.0075094,0.9924906,0.1137615,0.1321586,0.4444444,11.680141844155234
1523.0,0.4871963,0.0045962,0.0597505,0.0717029,0.8647406,0.0,0.7051724,0.0051724,0.05,0.0268456,0.0034483,0.9827586,0.3775168,0.0555556,0.0,10.53212287826962
192.0,0.453125,0.0677083,0.28125,0.152381,0.890625,0.0,0.7272727,0.0,0.0,0.1348315,0.038961,0.987013,0.2022472,0.2,1.0,9.77571099759397
137.0,0.4379562,0.6277372,0.2335766,0.2857143,0.810219,0.0,0.5689655,0.0,0.0172414,0.1830986,0.6206897,1.0,0.3521127,0.0769231,0.0,9.615805480084347
348.0,0.4626437,0.0,0.2758621,0.2620321,0.75,0.0747126,0.5673759,0.0,0.0,0.11875,0.0,1.0,0.4375,0.0625,1.0,9.61587214452889
6085.0,0.4995892,0.0912079,0.1176664,0.0912972,0.8749384,0.0220214,0.7716535,0.0083661,0.0408465,0.1578947,0.070374,0.7613189,0.4338997,0.1913408,0.6071429,10.821796246953596
1576.0,0.4771574,0.0038071,0.1142132,0.0873786,0.838198,0.0,0.6915888,0.0077882,0.0685358,0.0735931,0.0031153,0.9984424,0.3333333,0.0337079,0.5384615,11.355113089309977
487.0,0.5154004,0.0041068,0.110883,0.1059322,0.9014374,0.0,0.7444444,0.0,0.0111111,0.1666667,0.0,0.9944444,0.3657407,0.0909091,0.8333333,9.729193687429403
483.0,0.5258799,0.1118012,0.0331263,0.0174672,0.7826087,0.0,0.6192893,0.0101523,0.1116751,0.2888087,0.1218274,0.9746193,0.566787,0.0744681,1.0,10.664316745782925
10347.0,0.4915434,0.0248381,0.0992558,0.0705189,0.9055765,0.0,0.7977847,0.0053962,0.0579381,0.069749,0.0232888,0.5387674,0.3535007,0.1573499,0.3924051,10.740756721857226
1005.0,0.4925373,0.0069652,0.1393035,0.045098,0.9512438,0.0,0.8660969,0.0,0.005698,0.0589812,0.011396,0.997151,0.002681,0.0,0.1538462,11.887250721636997
812.0,0.4889163,0.0024631,0.1096059,0.1012048,0.9261084,0.0,0.8165468,0.0,0.028777,0.0825083,0.0,1.0,0.3333333,0.2321429,0.75,10.142543822310387
782.0,0.4731458,0.0,0.1624041,0.1165049,0.9015345,0.0,0.778169,0.0105634,0.0211268,0.0926518,0.0,1.0,0.2172524,0.275,0.6666667,9.615805480084347
1547.0,0.5080802,0.021978,0.0387847,0.0249671,0.9631545,0.0,0.9089069,0.0020243,0.01417,0.0426357,0.0182186,0.9838057,0.0387597,0.2727273,0.625,11.590821254278314
1064.0,0.4830827,0.0056391,0.2528195,0.1745455,0.8101504,0.0009398,0.6186613,0.0040568,0.020284,0.2073955,0.0020284,0.989858,0.3118971,0.0363636,0.5833333,10.732061203925053
9141.0,0.4717208,0.0099551,0.2047916,0.1246635,0.8790067,0.0276775,0.7734488,0.0005772,0.015873,0.0280505,0.008658,0.9959596,0.1164095,0.0581717,0.4,11.241129864948206
2878.0,0.4986101,0.0086866,0.114663,0.0686071,0.9176511,0.0020848,0.8235294,0.004985,0.0358923,0.0290416,0.0119641,0.9341974,0.1936108,0.1428571,0.75,11.277215789596893
3731.0,0.4875369,0.000536,0.1439292,0.1453975,0.869472,0.0227821,0.7445307,0.0028229,0.0211715,0.0559627,0.0,0.9943543,0.3304464,0.0700483,0.4230769,10.261196961231647
13891.0,0.4770715,0.5903823,0.0878267,0.0803965,0.894896,0.0005039,0.7489573,0.0051639,0.0293942,0.0599328,0.5308838,0.9942403,0.2991038,0.1238938,0.6666667,10.5815464756746
668.0,0.4745509,0.1047904,0.1676647,0.1310541,0.8577844,0.0,0.6590909,0.0,0.0189394,0.256338,0.1022727,0.9280303,0.4788732,0.1829268,0.6153846,10.254179634797001
590.0,0.4983051,0.0,0.1864407,0.1655405,0.8271186,0.0,0.6276151,0.0083682,0.0292887,0.0590551,0.0,1.0,0.3110236,0.0,0.3333333,10.43708198835482
94440.0,0.4808344,0.2719081,0.0950762,0.0856007,0.7948327,0.0369759,0.6447999,0.0034411,0.066206,0.100374,0.222733,0.9851071,0.4219768,0.073683,0.5566502,10.643064971973882
3898.0,0.4784505,0.0146229,0.2480759,0.1406788,0.7924577,0.0135967,0.6194163,0.0065515,0.0571769,0.1498734,0.0101251,0.9374628,0.5306329,0.1185841,0.4423077,10.851296331126829
2444.0,0.4337152,0.6329787,0.1313421,0.1473988,0.8952537,0.0257774,0.7755376,0.0040323,0.016129,0.0337662,0.5268817,0.9973118,0.2532468,0.3127572,1.0,10.373522431293592
1303.0,0.4512663,0.0,0.2302379,0.1566434,0.8503454,0.0,0.6781411,0.0017212,0.0120482,0.0659164,0.0,0.9948365,0.2813505,0.0443038,0.0,10.65492722584759
1456.0,0.4745879,0.0027473,0.2019231,0.1607843,0.8358516,0.010989,0.6491525,0.0033898,0.0220339,0.0390879,0.0016949,1.0,0.2589577,0.0745614,0.6666667,9.97119292889014
1665.0,0.4894895,0.0132132,0.0816817,0.0694118,0.8078078,0.0,0.6284916,0.0013966,0.0670391,0.0855683,0.0097765,0.9902235,0.3563218,0.0217391,0.952381,11.661354090741
1641.0,0.5015235,0.0067032,0.2888483,0.1222494,0.8586228,0.0,0.7276368,0.0040053,0.0307076,0.5909339,0.0040053,0.9973298,0.6166029,0.0990099,0.6333333,10.196194479235656
2735.0,0.4731261,0.0018282,0.2036563,0.147814,0.8065814,0.0431444,0.6614535,0.00092,0.0377185,0.1097461,0.0036799,0.9963201,0.3251433,0.0857988,0.6206897,10.077482875583607
60738.0,0.4871744,0.0064046,0.1378873,0.091916,0.9016102,0.0040996,0.779595,0.0031274,0.0475775,0.0390679,0.0081005,0.7028967,0.5285742,0.2139688,0.1793478,12.088982494773598
10636.0,0.4496991,0.264103,0.2254607,0.1903297,0.7076909,0.0339413,0.5174034,0.0032031,0.0755926,0.0839202,0.1992313,0.9598548,0.4352504,0.0626271,0.516129,11.648338835562747
388.0,0.5025773,0.0025773,0.185567,0.134715,0.8505155,0.0,0.6858974,0.0192308,0.0384615,0.1136364,0.0,1.0,0.2386364,0.05,0.6666667,9.615805480084347
1794.0,0.4804905,0.0061315,0.1454849,0.1341202,0.8500557,0.006689,0.6647482,0.0071942,0.028777,0.027972,0.0043165,0.9841727,0.2965035,0.0322581,0.0,11.374823643830945
12724.0,0.4986639,0.0066803,0.0439327,0.0307258,0.9636907,0.0009431,0.9081583,0.000977,0.0148999,0.0498956,0.006595,0.9841231,0.0461824,0.1428571,0.4336283,11.774527900858468
312.0,0.4647436,0.0,0.1698718,0.1916168,0.8846154,0.0,0.7096774,0.0,0.0,0.0676692,0.0,1.0,0.2330827,0.1666667,0.0,9.723223876851618
18902.0,0.4831764,0.0335943,0.1130568,0.0946873,0.8880013,0.006084,0.7635496,0.0042123,0.0344004,0.0239825,0.03426,0.9966302,0.26367,0.0636792,0.3225806,10.734242182303689
309.0,0.4530744,0.368932,0.1165049,0.0946746,0.9288026,0.0,0.8018868,0.0,0.009434,0.0782609,0.3113208,1.0,0.3652174,0.1428571,0.0,9.615805480084347
2409.0,0.471565,0.052719,0.1652138,0.1311862,0.8596928,0.0062267,0.6989967,0.0044593,0.0423634,0.0752577,0.0379041,0.993311,0.2536082,0.0836502,0.8571429,10.318935994253193
198.0,0.4494949,0.0,0.3232323,0.2201835,0.8484848,0.0,0.6813187,0.0,0.010989,0.2288136,0.0,0.989011,0.2966102,0.0,0.8,9.615805480084347
1908.0,0.4690776,0.0026205,0.1504193,0.1164857,0.8333333,0.0387841,0.7067989,0.0042493,0.0453258,0.0341997,0.0028329,0.9943343,0.2982216,0.060241,0.6666667,10.783135046711445
5311.0,0.4507626,0.0178874,0.1854641,0.1669523,0.8254566,0.0225946,0.6702375,0.0069865,0.0312063,0.05084,0.021891,0.993945,0.3404067,0.0798122,0.3428571,10.27163147557801
11249.0,0.4780869,0.0072895,0.1119211,0.086016,0.8438972,0.0036448,0.7025606,0.0082305,0.0722451,0.0731087,0.0070873,0.9935985,0.4219114,0.0690411,0.5166667,11.404237196256764
154.0,0.4805195,0.0,0.2207792,0.1125,0.9155844,0.0,0.8275862,0.0172414,0.0172414,0.09375,0.0,1.0,0.1875,0.0,0.0,10.250652418696085
2747.0,0.4732435,0.010557,0.1274117,0.0801659,0.8725883,0.0,0.7328454,0.0027447,0.0411711,0.0462478,0.010979,0.9945105,0.1553229,0.0652174,0.6176471,11.752737324967208
12193.0,0.4593619,0.0154187,0.1865825,0.1480583,0.8203887,0.0163208,0.6496605,0.0031038,0.0300679,0.0781474,0.0116392,0.9976722,0.2821888,0.0661017,0.6666667,10.34177474101152
535.0,0.4841121,0.0037383,0.1084112,0.0797101,0.9214953,0.0,0.8069307,0.0,0.0148515,0.0516432,0.0049505,1.0,0.314554,0.1458333,0.0,10.547995807489514
2170.0,0.5092166,0.0018433,0.1069124,0.1004695,0.8672811,0.0,0.7113402,0.0115979,0.0502577,0.0750894,0.0012887,0.9458763,0.4147795,0.1717172,0.1666667,9.792611856190192
4475.0,0.486257,0.0413408,0.1593296,0.1244019,0.7387709,0.0022346,0.5405674,0.0029866,0.0955699,0.3565022,0.0358387,0.9402688,0.4990391,0.0590753,0.7723577,11.760574294255605
67643.0,0.4781574,0.3261683,0.1816744,0.1369444,0.7251748,0.035096,0.5547296,0.0050717,0.0933755,0.1768322,0.2588668,0.8879355,0.5364731,0.0854826,0.3727679,10.94024216782542
18168.0,0.4749009,0.169749,0.1427785,0.1212788,0.8574417,0.0419969,0.7454114,0.0017405,0.0257911,0.0946856,0.1525316,0.8968354,0.3404956,0.1488863,0.5037594,10.65492722584759
32886.0,0.4883841,0.0543088,0.1535,0.1004458,0.8506963,0.0034057,0.7115097,0.0038864,0.0565022,0.0723794,0.0452167,0.9763827,0.2573489,0.0658214,0.3237705,11.128747176317603
17648.0,0.4756913,0.0773459,0.1438123,0.1202853,0.8288758,0.0253286,0.6745865,0.0057143,0.0469173,0.0501357,0.0667669,0.9335338,0.2731038,0.1028681,0.4090909,10.55843949396453
1074.0,0.4767225,0.009311,0.1089385,0.0925267,0.8957169,0.0,0.7692308,0.0051282,0.0410256,0.025,0.0051282,0.9923077,0.1425,0.1216216,1.0,12.00579687207606
87425.0,0.4770832,0.4376323,0.1133772,0.0928121,0.8319703,0.0130855,0.6656386,0.0040612,0.0622004,0.0516333,0.4176005,0.8952334,0.4493513,0.1230129,0.4065041,11.524863917209606
1842.0,0.4413681,0.5602606,0.1672096,0.1554908,0.8756786,0.0,0.7122708,0.0084626,0.022567,0.0457604,0.5148096,0.9985896,0.3014805,0.1397849,0.25,10.477316144080852
257.0,0.4863813,0.0,0.1945525,0.1136364,0.8599222,0.0,0.7102804,0.0093458,0.0280374,0.0854701,0.0,1.0,0.1794872,0.0,1.0,10.211009016314167
5761.0,0.586183,0.0602326,0.098594,0.0683725,0.6849505,0.1980559,0.712631,0.0,0.0639823,0.0557292,0.007722,0.9933811,0.1890625,0.0374753,0.3863636,12.240961875957243
4435.0,0.4547914,0.0047351,0.2013529,0.1385443,0.7614431,0.1210823,0.6919585,0.0045396,0.0214008,0.0416408,0.0006485,0.9896239,0.3617154,0.0615672,0.5,10.652566005416872
1189.0,0.4608915,0.0,0.1841884,0.1778471,0.8864592,0.0084104,0.7333333,0.0022222,0.0044444,0.0280778,0.0,1.0,0.2656587,0.0886076,1.0,9.798182590890704
2335.0,0.4788009,0.0021413,0.3764454,0.1668036,0.7464668,0.0,0.5894405,0.000788,0.0480693,0.5550491,0.001576,0.9921198,0.6034362,0.0113122,0.462069,11.259335592686217
2228.0,0.4937163,0.1301616,0.1157989,0.106383,0.8815081,0.0192998,0.7771156,0.0035757,0.034565,0.0367394,0.1144219,0.9952324,0.3076923,0.1020408,0.3333333,10.981914140544825
9269.0,0.4551732,0.2286115,0.1861042,0.1629703,0.8360125,0.0160751,0.6705142,0.0018363,0.0233473,0.0882564,0.1935992,0.9950157,0.2774456,0.0851911,0.52,10.150386692204734
143.0,0.4965035,0.0,0.1468531,0.1666667,0.8811189,0.0,0.7017544,0.0,0.0,0.1857143,0.0,1.0,0.1857143,0.0625,0.0,9.674137279312397
321.0,0.4922118,0.0,0.1308411,0.0613497,0.8037383,0.0872274,0.7567568,0.009009,0.0630631,0.421875,0.0,1.0,0.453125,0.0344828,0.0,10.942013616092948
232.0,0.4827586,0.0,0.1422414,0.1583333,0.9137931,0.0,0.7464789,0.0,0.028169,0.0779221,0.0,0.9859155,0.3636364,0.35,0.0,9.615805480084347
4318.0,0.4550718,0.0002316,0.1850394,0.1453464,0.8325614,0.0284854,0.6922629,0.0017452,0.0343223,0.0460599,0.0,0.9976731,0.3074362,0.0703259,0.5555556,10.471666571132038
656.0,0.4588415,0.0,0.2560976,0.1887324,0.7896341,0.0,0.5763889,0.0034722,0.0347222,0.1351351,0.0,1.0,0.4294294,0.057971,0.75,10.102379394048045
7829.0,0.654362,0.0872397,0.0007664,0.0022173,0.6072295,0.3903436,0.9901754,0.0007018,0.0021053,0.0698433,0.0905263,0.9663158,0.1129243,0.1415493,0.0,10.74937727911096
1309.0,0.4530176,0.1596639,0.2009167,0.1648045,0.855615,0.0351413,0.7326316,0.0063158,0.0189474,0.1410488,0.1494737,0.9894737,0.2766727,0.1557377,0.0,10.295563423525277
3035.0,0.5268534,0.0062603,0.015486,0.0160167,0.9166392,0.0,0.7859296,0.0020101,0.0341709,0.155348,0.0030151,0.9849246,0.2903226,0.1085973,0.5,10.978507040265917
2578.0,0.4751746,0.0069822,0.1757176,0.1559497,0.7901474,0.0349108,0.6360153,0.006705,0.052682,0.0483136,0.0019157,0.9827586,0.4466727,0.0699153,0.25,11.416425577744599
23.0,0.3043478,0.0,0.2173913,0.4375,0.6521739,0.0,0.3846154,0.0,0.0,0.1333333,0.0,1.0,0.1333333,0.0,0.0,9.615805480084347
359.0,0.4846797,0.0696379,0.2506964,0.2594595,0.7270195,0.1030641,0.6410256,0.0,0.0320513,0.0769231,0.0320513,1.0,0.147929,0.0,1.0,10.956073354557526
255.0,0.4039216,0.2039216,0.1568627,0.2171053,0.8823529,0.0,0.6969697,0.0,0.0,0.0480769,0.1717172,1.0,0.3461538,0.1363636,0.0,9.615805480084347
9176.0,0.4561901,0.1107236,0.1993243,0.1695391,0.7833479,0.0431561,0.6217001,0.0026399,0.0337909,0.0792416,0.094245,0.9904963,0.422946,0.0809491,0.5438596,10.207325906555994
1274.0,0.4709576,0.0,0.2087912,0.1350148,0.8610675,0.0,0.6780952,0.0019048,0.0095238,0.0625,0.0,0.9980952,0.2839286,0.0551181,0.5,10.545367754151743
85866.0,0.4802017,0.0301167,0.1081802,0.0879394,0.868388,0.0066499,0.7246989,0.0031424,0.0471056,0.0435795,0.02745,0.9905111,0.3114798,0.0459832,0.3615385,11.097425172408931
388.0,0.5103093,0.0,0.1314433,0.0631579,0.8762887,0.0,0.7317073,0.0,0.0243902,0.632287,0.0,1.0,0.2152466,0.047619,0.5,11.097425172408931
257.0,0.4902724,0.0,0.151751,0.1526718,0.8715953,0.0,0.7247706,0.0,0.0275229,0.0762712,0.0,0.9908257,0.3050847,0.0,0.75,9.680406499268875
2175.0,0.502069,0.0004598,0.125977,0.0609418,0.8781609,0.0,0.748227,0.0047281,0.0531915,0.0784314,0.0,0.9976359,0.2810458,0.0121951,0.2857143,10.831726617926124
2574.0,0.4343434,0.001554,0.2801088,0.2335165,0.7832168,0.0407925,0.6100457,0.0018265,0.0164384,0.0821459,0.0009132,0.996347,0.3520536,0.1048387,0.6666667,10.047631185616188
1784.0,0.4882287,0.0005605,0.1939462,0.1566265,0.8116592,0.0280269,0.6244726,0.0042194,0.0196906,0.2212486,0.0014065,0.9957806,0.407448,0.0818966,0.88,10.254179634797001
342.0,0.4678363,0.0,0.1345029,0.1098901,0.9122807,0.0,0.8030303,0.0,0.030303,0.0434783,0.0,0.9924242,0.2391304,0.0869565,1.0,10.357774570341576
4477.0,0.502792,0.1186062,0.0846549,0.0745732,0.9117713,0.0004467,0.8048146,0.0052049,0.0481457,0.0302839,0.1027977,0.9856864,0.1085174,0.1724138,0.4,11.460589521950299
2656.0,0.4868223,0.0,0.1735693,0.1423331,0.8701054,0.0158133,0.6988458,0.0010493,0.0157398,0.1498662,0.0,0.9779643,0.3059768,0.1136364,0.8611111,10.060534035475412
6750.0,0.477037,0.0312593,0.1539259,0.0988669,0.8066667,0.0042963,0.6468115,0.0024527,0.0756833,0.0543406,0.0283812,0.9912404,0.3084824,0.0260285,0.1666667,11.502885230075814
171.0,0.5204678,0.0,0.1578947,0.0853659,0.8654971,0.0,0.6969697,0.0,0.0454545,0.1081081,0.0,0.969697,0.2567568,0.1818182,0.6666667,10.007892611890918
251.0,0.4741036,0.0,0.1792829,0.1590909,0.8446215,0.0,0.66,0.0,0.05,0.21875,0.0,0.99,0.3671875,0.1666667,1.0,9.615805480084347
15206.0,0.4909246,0.0470209,0.0304485,0.0307454,0.8351966,0.0003288,0.6617501,0.0046404,0.0638051,0.101147,0.046238,0.9247597,0.3828393,0.0458255,0.4512195,11.157692338256169
1672.0,0.4766746,0.0,0.1273923,0.1097143,0.8773923,0.0,0.7149606,0.0047244,0.0314961,0.0675477,0.0,0.9874016,0.226138,0.0987654,0.8888889,10.332050506334692
2456.0,0.4552117,0.0118078,0.1832248,0.1188341,0.8122964,0.0,0.6248873,0.0027051,0.0324617,0.0601695,0.0108206,0.9990983,0.3042373,0.0301724,0.2608696,10.55843949396453
21082.0,0.474196,0.0126648,0.1459539,0.0987821,0.8386775,0.0302628,0.7182997,0.0020413,0.0428674,0.0537439,0.012488,0.9930355,0.208499,0.0333195,0.3362069,11.385103457032141
8240.0,0.4807039,0.007767,0.1315534,0.1245618,0.8991505,0.0,0.7663639,0.0040714,0.0212966,0.0485697,0.0053241,0.9962418,0.3131704,0.0792079,0.8125,10.454523783963511
1546.0,0.4909444,0.0019405,0.0970246,0.0724269,0.8234153,0.0,0.6481178,0.0065466,0.0736498,0.0408163,0.0016367,0.9787234,0.4097331,0.0766284,0.125,11.259335592686217
2678.0,0.6116505,0.300224,0.0993279,0.0951923,0.6669156,0.2584018,0.751462,0.004386,0.0365497,0.2761905,0.3128655,0.7997076,0.4783069,0.1606426,0.5882353,10.791399385808587
764.0,0.4515707,0.0,0.1701571,0.1288783,0.8638743,0.013089,0.7024221,0.0,0.0242215,0.0707395,0.0,0.9619377,0.3665595,0.1176471,0.7272727,10.211009016314167
223.0,0.5201794,0.0,0.1345291,0.0747664,0.9192825,0.0,0.8072289,0.0,0.0240964,0.045977,0.0,1.0,0.2298851,0.1666667,0.0,10.645448706505872
8769.0,0.4769073,0.0047896,0.1734519,0.11707,0.7338351,0.1053712,0.6368782,0.0044683,0.0405124,0.0562272,0.005064,0.9904677,0.3365195,0.0567261,0.3947368,10.477316144080852
10328.0,0.4705655,0.0031952,0.1666344,0.1249086,0.7983153,0.0166538,0.6338619,0.0079291,0.0608675,0.0606791,0.0023321,0.9839086,0.5084337,0.0605664,0.1851852,11.319352851746254
1922.0,0.4693028,0.0010406,0.1768991,0.1480392,0.8350676,0.024974,0.6875,0.0066489,0.0319149,0.0505051,0.0013298,0.9933511,0.2891414,0.060241,0.6875,10.106469212026385
306.0,0.4934641,0.0228758,0.1143791,0.1677419,0.872549,0.0,0.7168142,0.0088496,0.0265487,0.1439394,0.0176991,0.9911504,0.3257576,0.2903226,0.3333333,10.034559673629849
1143.0,0.4759405,0.0,0.0629921,0.0500835,0.9825022,0.0,0.9193548,0.0,0.0,0.1174377,0.0,0.0201613,0.4839858,0.4705882,1.0,9.615805480084347
2018.0,0.4895937,0.0074331,0.1630327,0.1097087,0.8607532,0.0069376,0.6831169,0.0038961,0.0220779,0.1657638,0.0064935,0.4519481,0.4084507,0.1928251,0.8888889,9.770013301136158
198.0,0.4444444,0.0,0.1010101,0.0545455,0.9242424,0.0,0.8421053,0.0131579,0.0263158,0.0731707,0.0,0.9868421,0.0853659,0.125,0.3333333,10.130662964963708
456.0,0.5416667,0.0,0.1359649,0.0334928,0.8201754,0.0,0.6432432,0.0108108,0.0702703,0.4393939,0.0,0.9891892,0.7272727,0.0952381,0.7777778,10.573903321093981
179.0,0.4022346,0.0,0.2234637,0.1962617,0.8100559,0.0,0.5853659,0.0,0.0,0.2190476,0.0,0.9146341,0.5047619,0.137931,0.5,9.648659816955295
8637.0,0.4718073,0.0128517,0.1690402,0.1047786,0.7928679,0.0041681,0.6118087,0.0024045,0.0675928,0.0206698,0.0077478,0.9922522,0.3621141,0.0412371,0.1111111,11.07443600653965
3564.0,0.4682941,0.0039282,0.1638608,0.1287599,0.8476431,0.0,0.6776581,0.0033647,0.0343203,0.0877839,0.0047106,0.9952894,0.2645795,0.0405405,0.5714286,10.584081267024454
8574.0,0.4853044,0.2282482,0.0600653,0.0654883,0.9380686,0.0102636,0.8558211,0.0050116,0.0185042,0.095537,0.2062452,0.9298381,0.2604603,0.2147117,0.65,10.714439990727769
1087.0,0.4848206,0.0064397,0.1987121,0.1053571,0.8546458,0.0,0.6965812,0.0064103,0.0277778,0.1136364,0.0042735,0.9893162,0.3068182,0.1041667,0.7272727,10.379752786950895
48619.0,0.4820132,0.0285074,0.1501882,0.0948221,0.8442173,0.009667,0.7133698,0.0052554,0.0688459,0.0332283,0.0254888,0.9222724,0.2827965,0.0526595,0.2261307,12.184343263233146
50553.0,0.4958756,0.0137282,0.0537851,0.0439082,0.8737365,0.0035606,0.7563298,0.0038412,0.0757412,0.0450506,0.0135793,0.9421662,0.2486567,0.0547796,0.1328413,12.430019873809519
697.0,0.472023,0.0057389,0.1492109,0.0978261,0.9124821,0.0,0.7755102,0.0040816,0.0244898,0.0392157,0.0040816,1.0,0.1882353,0.125,0.0,10.31231367277647
1036.0,0.480695,0.0057915,0.0839768,0.0817844,0.8214286,0.0,0.6626794,0.0023923,0.0861244,0.1451943,0.0047847,0.9808612,0.2249489,0.0573248,0.9811321,11.855102824953585
9932.0,0.4917439,0.0065445,0.0732984,0.0730983,0.886025,0.00735,0.7649847,0.0041818,0.0499024,0.0627123,0.007806,0.9972122,0.2798537,0.0765306,0.8,10.942013616092948
301.0,0.4518272,0.0033223,0.1860465,0.1454545,0.8372093,0.0697674,0.7477477,0.0,0.0,0.112,0.0,1.0,0.176,0.0909091,1.0,10.12667110305036
495.0,0.5131313,0.0020202,0.0888889,0.0746888,0.9272727,0.0,0.813253,0.0,0.0301205,0.1170213,0.0060241,1.0,0.3244681,0.1923077,0.0,10.203629181337648
587.0,0.4752981,0.0,0.2163543,0.1688312,0.8313458,0.0,0.6392157,0.0,0.027451,0.0590406,0.0,1.0,0.2509225,0.0615385,0.6666667,9.898525260706313
1786.0,0.4496081,0.0016797,0.2222844,0.1993896,0.8208287,0.0078387,0.6265985,0.0012788,0.0153453,0.0949074,0.0012788,0.9987212,0.2592593,0.0711462,0.8,10.305647203635566
768.0,0.4661458,0.0,0.2304687,0.1512195,0.8554687,0.0,0.689441,0.0031056,0.0279503,0.0416667,0.0,0.9968944,0.2083333,0.0533333,0.75,10.401258331428318
5351.0,0.5096244,0.0037376,0.1351149,0.070503,0.8026537,0.001495,0.6498674,0.0079576,0.0822281,0.7358711,0.004863,0.9487179,0.5054881,0.1011715,0.24,11.666513129191083
2061.0,0.4643377,0.002426,0.1901989,0.1802536,0.8233867,0.0591946,0.710733,0.0013089,0.026178,0.0544554,0.0013089,0.9960733,0.3106436,0.1089494,0.8,10.322230781590136
214.0,0.4579439,0.0140187,0.1728972,0.1465517,0.9065421,0.0,0.7682927,0.0,0.0121951,0.0681818,0.0121951,1.0,0.3295455,0.0526316,1.0,10.064798252418377
224.0,0.46875,0.0,0.2366071,0.1260504,0.9017857,0.0,0.7741935,0.0,0.0107527,0.07,0.0,1.0,0.36,0.0,0.3333333,10.357774570341576
34986.0,0.4872235,0.0322986,0.1230492,0.1048495,0.888241,0.0072886,0.7628049,0.0028238,0.0405522,0.0448041,0.0348263,0.9650169,0.242901,0.053337,0.1962025,11.793590475326612
675.0,0.5037037,0.0,0.1155556,0.0925373,0.9125926,0.0,0.7883817,0.0041494,0.0290456,0.0163265,0.0,1.0,0.0979592,0.1333333,1.0,11.042937835596494
5796.0,0.4861974,0.0170807,0.0726363,0.0537273,0.8985507,0.0048309,0.787119,0.0063913,0.0447394,0.0159652,0.0117994,0.979351,0.2041606,0.1185944,0.375,10.980212041446208
5626.0,0.476893,0.0071098,0.2252044,0.0971797,0.7840384,0.0135087,0.6495363,0.0046368,0.0772798,0.4768547,0.007728,0.9126739,0.4384475,0.0473118,0.1176471,11.575909653758895
1646.0,0.5121507,0.0,0.2193196,0.1008717,0.799514,0.0097205,0.6675532,0.0106383,0.0678191,0.7037037,0.0,0.962766,0.5634358,0.0536585,0.2121212,10.959557617938563
2099.0,0.4630777,0.0,0.2725107,0.1588287,0.8646975,0.0,0.7083812,0.0022962,0.0252583,0.3141732,0.0,0.9942595,0.0551181,0.0701754,0.7142857,12.683241170498064
270.0,0.4666667,0.0037037,0.1925926,0.2083333,0.8037037,0.062963,0.72,0.03,0.05,0.0990991,0.01,1.0,0.2252252,0.1333333,1.0,9.615805480084347
19859.0,0.4847173,0.000705,0.135606,0.082576,0.9128355,0.0,0.7984434,0.0013419,0.02657,0.0255002,0.000671,0.9955717,0.1570551,0.0326087,0.515625,11.265758139843117
5505.0,0.452861,0.4977293,0.1640327,0.1683267,0.8452316,0.0179837,0.6821527,0.0041398,0.0234591,0.0584669,0.4701012,0.9972401,0.2940667,0.1048467,0.5714286,10.376642461280849
632.0,0.4620253,0.0031646,0.2531646,0.1735294,0.8401899,0.0,0.6479401,0.0,0.0262172,0.2541899,0.0,0.988764,0.3407821,0.0819672,0.6666667,9.615805480084347
2456.0,0.4666124,0.0920195,0.2609935,0.2122137,0.8245114,0.0272801,0.6538081,0.0019782,0.0118694,0.221709,0.0811078,0.8892186,0.3464203,0.1212121,0.7941176,9.615805480084347
2012.0,0.4577535,0.0685885,0.1505964,0.1154904,0.832505,0.0,0.6572398,0.0033937,0.0339367,0.0328228,0.0565611,1.0,0.3916849,0.0399061,1.0,10.63106031411106
1204.0,0.4933555,0.0847176,0.1121262,0.0721311,0.9260797,0.0041528,0.8373626,0.0,0.0197802,0.0421053,0.0725275,0.9934066,0.1873684,0.1875,0.5,11.638685488579059
161.0,0.484472,0.0,0.3478261,0.1927711,0.8012422,0.0,0.6125,0.0,0.0125,0.1752577,0.0,1.0,0.4329897,0.0833333,0.6666667,10.085850775128717
592.0,0.4695946,0.4155405,0.1875,0.2070064,0.8378378,0.027027,0.6737288,0.0042373,0.0084746,0.0923077,0.3601695,0.9957627,0.2269231,0.1315789,1.0,10.102379394048045
1534.0,0.5071708,0.0006519,0.0977836,0.0740741,0.8872229,0.0026076,0.7472527,0.0091575,0.0384615,0.0553633,0.0018315,0.996337,0.2958478,0.1056338,0.2857143,10.540090836284206
45226.0,0.4622783,0.5963163,0.1231371,0.1246351,0.8824128,0.0146818,0.7309751,0.0034591,0.0259105,0.0709435,0.5382457,0.9949745,0.3758186,0.1879111,0.4195804,10.278527816830314
27089.0,0.4724427,0.1471815,0.1896711,0.1354699,0.872642,0.0081583,0.7233438,0.0015164,0.0243579,0.0222408,0.1259596,0.9944081,0.1791308,0.0561514,0.4418605,10.851296331126829
18089.0,0.4637072,0.7209354,0.0780585,0.0774147,0.8830228,0.0,0.7295201,0.0038778,0.0557441,0.0951754,0.6571336,0.9864275,0.2944444,0.1605143,0.45,10.795506083434564
21228.0,0.4747974,0.0069719,0.1892783,0.1259306,0.8817128,0.0048521,0.7454415,0.0025027,0.0266953,0.0282571,0.0063163,0.9933262,0.1905038,0.064588,0.6021505,11.227919807721856
57.0,0.5087719,0.0,0.2807018,0.25,0.8070175,0.0,0.6071429,0.0,0.0,0.125,0.0,1.0,0.25,0.0,1.0,9.615805480084347
20816.0,0.4803036,0.014412,0.1437356,0.069976,0.8913816,0.0039873,0.7712002,0.0016236,0.0355939,0.0377358,0.0136131,0.9882603,0.1723351,0.0491516,0.2115385,12.379189468444443
3925.0,0.4932484,0.0020382,0.1075159,0.1030669,0.8695541,0.0163057,0.7270804,0.0042313,0.0331453,0.0412441,0.0,0.9915374,0.3225152,0.0490909,0.2727273,11.3373928113354
48950.0,0.473524,0.0105822,0.1530541,0.1096969,0.832237,0.007048,0.6648678,0.0026983,0.0441544,0.0416569,0.0099102,0.9965658,0.2736377,0.0384333,0.2912621,10.839600519357369
1889.0,0.4785601,0.0010588,0.1715193,0.1441624,0.8687136,0.0359979,0.7432432,0.0015015,0.012012,0.1747212,0.003003,0.5660661,0.4386617,0.1794872,0.7894737,10.073272520325904
5661.0,0.4712948,0.0003533,0.1911323,0.1530237,0.8456103,0.0236707,0.7000883,0.0030919,0.020318,0.0625259,0.0,0.9964664,0.3643892,0.070922,0.2,10.348205424565993
4225.0,0.5102959,0.0023669,0.2556213,0.1522475,0.660355,0.0052071,0.5013453,0.006278,0.1161435,0.4112988,0.003139,0.9775785,0.6021647,0.0223404,0.2291667,11.258046118484
18549.0,0.4724244,0.0942908,0.1681492,0.1251788,0.8328751,0.021888,0.6954281,0.0060782,0.0392442,0.0422678,0.079149,0.9935254,0.2984055,0.0696779,0.2328767,10.807725945886109
1143.0,0.488189,0.0087489,0.1811024,0.1145299,0.8766404,0.0,0.7169811,0.004717,0.0448113,0.0822511,0.0023585,0.865566,0.5649351,0.2380952,0.6,10.419330568113901
991.0,0.5075681,0.0,0.123108,0.079918,0.9101917,0.0,0.78125,0.0056818,0.0227273,0.0512129,0.0,1.0,0.1563342,0.0821918,0.75,10.39821428171237
3096.0,0.5116279,0.004199,0.0604005,0.0343915,0.9366925,0.0,0.8589871,0.0029791,0.040715,0.0298651,0.0019861,0.9980139,0.1127168,0.1111111,0.25,11.426288563310505
1126.0,0.4760213,0.0017762,0.1358792,0.1322034,0.9262877,0.0,0.8039702,0.0,0.0099256,0.0606061,0.0049628,1.0,0.2027972,0.1188119,0.8571429,10.207325906555994
2322.0,0.5103359,0.0,0.1046512,0.0378188,0.9711456,0.0,0.9109589,0.0017123,0.0171233,0.0685805,0.0,0.994863,0.0590112,0.375,0.3333333,11.160541302448653
251.0,0.4183267,0.0,0.3067729,0.2465753,0.7888446,0.0,0.5785124,0.0,0.0165289,0.1478873,0.0,0.9917355,0.3521127,0.1612903,0.5,9.615805480084347
20791.0,0.4892502,0.0201049,0.0698379,0.0533949,0.9297773,0.0008177,0.8364392,0.0025803,0.0361239,0.050626,0.0170585,0.9008028,0.1707948,0.0968622,0.3059701,11.495789479023493
171.0,0.5087719,0.0,0.1520468,0.1071429,0.8596491,0.0,0.7,0.0,0.0428571,0.1139241,0.0,0.9857143,0.2531646,0.2,1.0,9.615805480084347
297.0,0.4747475,0.020202,0.1144781,0.0961538,0.8922559,0.0,0.7619048,0.0095238,0.0571429,0.125,0.0095238,0.9904762,0.275,0.2916667,0.0,10.32551474894327
953.0,0.4742917,0.0933893,0.1752361,0.1357285,0.8656873,0.0,0.6883117,0.0025974,0.0155844,0.1230068,0.0961039,0.9922078,0.3667426,0.1401869,0.625,10.122663242288953
1520.0,0.475,0.0,0.1921053,0.1516291,0.8730263,0.0,0.7064677,0.0,0.0199005,0.0274194,0.0,0.9966833,0.0967742,0.0240964,0.3333333,11.189975390433117
1196.0,0.4799331,0.0,0.2658863,0.1848875,0.8143813,0.0359532,0.6632017,0.008316,0.022869,0.1286232,0.0,0.8939709,0.3804348,0.1679389,0.7,9.615805480084347
336.0,0.5029762,0.0,0.0863095,0.0479042,0.9315476,0.0,0.8303571,0.0,0.0357143,0.0588235,0.0,1.0,0.1260504,0.1428571,0.0,10.482933978579906
697.0,0.5380201,0.0014347,0.0659971,0.0341615,0.8780488,0.0,0.7176471,0.0039216,0.0431373,0.4731405,0.0,0.9843137,0.6694215,0.1351351,0.9130435,10.571342565808699
7397.0,0.4826281,0.1135596,0.1088279,0.1016462,0.901041,0.002163,0.7665032,0.0037722,0.0294229,0.1095062,0.1120332,0.9905696,0.3718509,0.1811698,0.4736842,10.090008612393838
377.0,0.4774536,0.0,0.2015915,0.1979695,0.8275862,0.0,0.617284,0.0061728,0.0123457,0.1098901,0.0,1.0,0.2527473,0.1470588,0.5,9.615805480084347
166.0,0.5120482,0.0,0.1686747,0.0864198,0.9096386,0.0,0.8032787,0.0163934,0.0327869,0.1756757,0.0,1.0,0.3918919,0.3,0.0,9.615805480084347
131.0,0.5419847,0.0,0.2061069,0.1333333,0.8854962,0.0,0.6875,0.0,0.0,0.2380952,0.0,1.0,0.3333333,0.3333333,1.0,10.177362240256695
21.0,0.4285714,0.0,0.3809524,0.0,0.5714286,0.0,0.4,0.0,0.0,0.0625,0.0,0.9333333,0.9375,0.0,0.0,0.0
755.0,0.4662252,0.0,0.1562914,0.1141439,0.8649007,0.015894,0.72,0.0072727,0.0363636,0.0178571,0.0,0.9454545,0.175,0.0983607,1.0,10.165890277802454
7163.0,0.4936479,0.0079576,0.1846991,0.0697546,0.8506212,0.0681279,0.8235539,0.0012484,0.0411985,0.0456712,0.0054099,0.9787765,0.0436855,0.068323,0.25,13.122367377396328
2870.0,0.4515679,0.0010453,0.2627178,0.2096569,0.8101045,0.0191638,0.6366534,0.0039841,0.0215139,0.138641,0.0007968,0.9673307,0.4097461,0.0952381,0.625,9.746892220313054
326.0,0.4509202,0.0,0.2331288,0.2122905,0.8159509,0.0,0.6107383,0.0,0.0134228,0.1989247,0.0,1.0,0.344086,0.047619,1.0,9.615805480084347
111.0,0.5045045,0.0,0.1081081,0.0545455,0.954955,0.0,0.8611111,0.0,0.0,0.0769231,0.0,1.0,0.1538462,0.2857143,0.0,10.288783966353765
972.0,0.4537037,0.0,0.4002058,0.2617702,0.7530864,0.0802469,0.6180049,0.0,0.0121655,0.0846325,0.0,1.0,0.2895323,0.0967742,1.0,9.75272280064639
1740.0,0.4982759,0.0327586,0.1522989,0.1134021,0.8787356,0.0126437,0.7021631,0.0016639,0.014975,0.1965241,0.0332779,0.3727121,0.5280749,0.188172,0.9565217,9.615805480084347
558.0,0.5035842,0.0,0.2562724,0.0866426,0.7508961,0.1541219,0.7359551,0.005618,0.0168539,0.0326087,0.0,1.0,0.1902174,0.0930233,0.0,10.594156665220533
1434.0,0.4846583,0.0013947,0.123431,0.1150203,0.8535565,0.0,0.6757741,0.007286,0.0491803,0.031746,0.003643,0.996357,0.29806,0.040404,0.0,11.154835234271214
6880.0,0.5178779,0.0625,0.1286337,0.0844136,0.825,0.0090116,0.6777434,0.0085008,0.0938949,0.1094288,0.0448223,0.9034003,0.4666208,0.1532258,0.6190476,10.819798284210286
4721.0,0.4977759,0.0368566,0.1355645,0.088992,0.9222622,0.0014827,0.8021915,0.0,0.0092272,0.0930962,0.038639,0.9976932,0.2180962,0.1024735,0.5882353,10.454523783963511
1207.0,0.4888152,0.001657,0.1284176,0.0923825,0.8898094,0.0,0.7317073,0.0044346,0.0243902,0.1694291,0.0,0.4833703,0.3554328,0.1210191,0.5384615,10.422311107413181
206.0,0.4660194,0.3058252,0.1116505,0.1,0.9223301,0.0,0.7878788,0.0151515,0.030303,0.1315789,0.3030303,1.0,0.2894737,0.25,0.0,9.615805480084347
99.0,0.4646465,0.0,0.2222222,0.1320755,0.8181818,0.0,0.575,0.0,0.025,0.2592593,0.0,1.0,0.5,0.0714286,1.0,9.615805480084347
4344.0,0.4728361,0.0423573,0.1330571,0.1275109,0.8653315,0.017035,0.7190238,0.0006258,0.0331665,0.0873786,0.0362954,0.985607,0.3432324,0.1046373,0.6071429,10.542732775946709
2599.0,0.5013467,0.0038476,0.1161985,0.0524691,0.9045787,0.0,0.7944915,0.0074153,0.0413136,0.1945392,0.003178,0.9544492,0.2824232,0.1428571,0.1764706,11.338583982516495
454.0,0.4911894,0.0022026,0.1806167,0.0865801,0.9295154,0.0,0.8305085,0.0,0.0112994,0.0732984,0.0,0.9943503,0.0575916,0.0344828,0.2857143,12.198045514142787
38961.0,0.5075845,0.0407844,0.1047201,0.0786552,0.8055748,0.0306204,0.6571038,0.0038934,0.0731557,0.035446,0.0257514,0.8589481,0.4593491,0.0985428,0.2372881,12.426416280735053
7545.0,0.4730285,0.008615,0.1472498,0.1320423,0.8604374,0.0489066,0.7752206,0.0015343,0.027618,0.0622302,0.0065209,0.9930955,0.1485612,0.0541586,0.14,11.258046118484
3506.0,0.5039932,0.0031375,0.1537365,0.093157,0.8565317,0.002567,0.7120301,0.0045113,0.0646617,0.0660112,0.0030075,0.8857143,0.3827247,0.2184211,0.8958333,12.219980481653478
3413.0,0.5013185,0.000586,0.1054791,0.0881316,0.9141518,0.0058599,0.8,0.0054054,0.0342342,0.0305677,0.0009009,0.9918919,0.1755459,0.1156463,0.25,11.031674824544641
854.0,0.4683841,0.0,0.2857143,0.2114537,0.8138173,0.0526932,0.6772334,0.0,0.0057637,0.1079692,0.0,1.0,0.3136247,0.0987654,1.0,9.615805480084347
1878.0,0.486688,0.0037274,0.1198083,0.1006224,0.9153355,0.0,0.7806354,0.0015129,0.0151286,0.0350365,0.0015129,0.9984871,0.1708029,0.1145038,0.4,10.666650414667744
1981.0,0.4684503,0.9495204,0.0721858,0.0797721,0.9490156,0.0,0.8413655,0.0080321,0.0261044,0.0621469,0.937751,0.9859438,0.3107345,0.4,1.0,9.615805480084347
996.0,0.4628514,0.2238956,0.1546185,0.1420561,0.8714859,0.0,0.7072539,0.0103627,0.0233161,0.1044084,0.2020725,0.992228,0.350348,0.1085271,0.5833333,10.328787967145063
9.0,0.4444444,0.0,0.1111111,0.2,1.0,0.0,1.0,0.0,0.0,0.0,0.0,1.0,0.0,0.0,0.0,0.0
154.0,0.5974026,0.0,0.0584416,0.0645161,0.8961039,0.0,0.7636364,0.0,0.0363636,0.4021739,0.0,1.0,0.4021739,0.15,1.0,9.717218213494077
1911.0,0.4965986,0.0094192,0.0669806,0.043659,0.9147043,0.0,0.7828947,0.0032895,0.0427632,0.1727891,0.0148026,0.5279605,0.4244898,0.2586207,0.8,9.989711119284745
428.0,0.5,0.0070093,0.0443925,0.0280374,0.9369159,0.0,0.8421053,0.0150376,0.037594,0.0567376,0.0,0.9699248,0.1631206,0.2,0.5,11.39302644219128
208.0,0.4903846,0.5,0.2019231,0.1886792,0.875,0.0,0.7051282,0.0128205,0.025641,0.1875,0.4358974,1.0,0.3229167,0.15,0.5,10.288783966353765
61945.0,0.5048349,0.2365324,0.051352,0.052913,0.93491,0.0199693,0.8512502,0.0037435,0.0282526,0.0252668,0.2977115,0.4126995,0.6551463,0.4029708,0.2592593,11.581527593460411
1243.0,0.4810941,0.0024135,0.0917136,0.0852713,0.8849558,0.0,0.7600849,0.0106157,0.0382166,0.0710059,0.0063694,0.9978769,0.3293886,0.1078431,0.5,10.505094936455558
3553.0,0.4978891,0.0070363,0.0872502,0.0650224,0.9386434,0.0,0.8490566,0.0032814,0.021329,0.013754,0.0041017,0.9967186,0.105178,0.0769231,1.0,11.127277689932466
9027.0,0.445663,0.0,0.4113216,0.2106315,0.8065803,0.031572,0.6743475,0.0011756,0.0155185,0.0675291,0.0,0.9957677,0.3396185,0.0416298,0.3297872,10.647826772357497
3483.0,0.4579386,0.5162216,0.1737008,0.1631356,0.8641975,0.0232558,0.7253803,0.0040032,0.0280224,0.0734421,0.44996,0.9927942,0.2759644,0.1296758,0.375,10.513280297700861
4007.0,0.4651859,0.0291989,0.1829299,0.1483901,0.8390317,0.0264537,0.6977492,0.0032154,0.0347267,0.1548913,0.0250804,0.8681672,0.451087,0.0886263,0.4693878,10.566201298475118
2185.0,0.5011442,0.001373,0.1075515,0.0394495,0.9066362,0.0,0.7953431,0.002451,0.0318627,0.3492823,0.0012255,0.9963235,0.1028708,0.0909091,0.2758621,11.063524143191238
950.0,0.4536842,0.0,0.2989474,0.2080925,0.7915789,0.0463158,0.6372549,0.0,0.0122549,0.0973451,0.0,1.0,0.2190265,0.0375,0.9,9.615805480084347
1965.0,0.4732824,0.0005089,0.2091603,0.1613527,0.8096692,0.0193384,0.6537014,0.0062735,0.0526976,0.2380497,0.0012547,0.9987453,0.2887189,0.0865801,0.8148148,10.488520429241627
7396.0,0.4647107,0.0089237,0.1782044,0.1321041,0.8343699,0.0313683,0.6910959,0.0037671,0.0239726,0.0528706,0.0058219,0.9976027,0.2419721,0.0708661,0.64,10.55843949396453
2438.0,0.4852338,0.0028712,0.0291222,0.0494024,0.9249385,0.0159967,0.8188737,0.0030441,0.0304414,0.1478599,0.0045662,0.8736682,0.4734112,0.2842809,0.0,9.928228944424575
196.0,0.4744898,0.0,0.1938776,0.1359223,0.8928571,0.0,0.7567568,0.0135135,0.0135135,0.075,0.0,1.0,0.1875,0.0,0.0,9.615805480084347
552.0,0.4927536,0.0235507,0.2101449,0.1785714,0.8061594,0.0507246,0.6741071,0.0044643,0.0178571,0.0931174,0.0178571,0.9955357,0.3157895,0.0,0.0,9.97119292889014
108718.0,0.4717342,0.1203665,0.1608565,0.1229106,0.7884527,0.0413823,0.6366808,0.0040113,0.055185,0.0724947,0.0988109,0.9838361,0.2769461,0.0874105,0.5577396,10.39821428171237
598.0,0.4816054,0.0,0.1538462,0.1129032,0.9013378,0.0,0.7558685,0.0046948,0.0187793,0.0273973,0.0,0.9953052,0.2694064,0.1086957,0.6666667,10.499600568082863
520.0,0.4884615,0.0,0.1288462,0.075188,0.9384615,0.0,0.8342857,0.0,0.0171429,0.0384615,0.0,0.9942857,0.1153846,0.1785714,0.0,10.643064971973882
21378.0,0.4781551,0.0028066,0.1565628,0.1186805,0.8484891,0.0135653,0.7009106,0.0039692,0.0379407,0.0401165,0.0019846,0.993229,0.353429,0.057971,0.4827586,10.457401400981889
761.0,0.478318,0.2207622,0.1406045,0.1032746,0.8462549,0.0,0.6734007,0.003367,0.0572391,0.0630915,0.2356902,0.973064,0.3533123,0.1284404,0.0,10.407318772389159
132.0,0.4924242,0.0,0.1212121,0.0298507,0.9318182,0.0,0.82,0.0,0.0,0.1071429,0.0,1.0,0.2321429,0.125,1.0,9.615805480084347
4329.0,0.4869485,0.2289212,0.1439131,0.0787933,0.9226149,0.0,0.8224477,0.0,0.0298034,0.0259419,0.1946734,0.9923906,0.0290303,0.1125,0.375,11.356283350762888
793.0,0.4564943,0.001261,0.2761665,0.2273782,0.7994956,0.0151324,0.6233062,0.0,0.0216802,0.0415584,0.0,1.0,0.2311688,0.039604,0.375,10.142543822310387
84298.0,0.4743292,0.1844765,0.1308809,0.0948029,0.8488813,0.0130015,0.693361,0.0048163,0.0458337,0.0418929,0.1511946,0.9437467,0.299433,0.1068839,0.3793103,10.652566005416872
1649.0,0.4815039,0.0,0.1661613,0.1461988,0.8775015,0.0248636,0.7533784,0.0050676,0.0168919,0.0691824,0.0,0.9881757,0.2216981,0.1965812,0.6666667,10.332050506334692
653.0,0.4548239,0.0015314,0.151608,0.1292135,0.8928025,0.0,0.74,0.004,0.02,0.1496599,0.0,0.996,0.2755102,0.0967742,1.0,10.203629181337648
75.0,0.4933333,0.0,0.2933333,0.1842105,0.8933333,0.0,0.7333333,0.0,0.0,0.1428571,0.0,1.0,0.1428571,0.3333333,0.0,9.615805480084347
2041.0,0.4590887,0.0029397,0.2606565,0.2047101,0.8314552,0.0269476,0.6718377,0.0023866,0.0119332,0.2160898,0.0011933,0.826969,0.4059869,0.0892019,0.7407407,10.025749432069084
4824.0,0.4798922,0.0124378,0.2338308,0.1757672,0.7991294,0.0646766,0.6734367,0.0032068,0.0187066,0.1491587,0.010155,0.9887761,0.3674397,0.1061093,0.7,9.83633227734872
5221.0,0.4633212,0.1348401,0.2104961,0.1773733,0.8546256,0.0241333,0.7005536,0.0010065,0.0171112,0.1512174,0.1202818,0.8802214,0.2917557,0.1376673,0.5970149,9.615805480084347
810.0,0.4987654,0.0432099,0.091358,0.0837438,0.7901235,0.0,0.6180758,0.0116618,0.0962099,0.0925926,0.0291545,0.9795918,0.4391534,0.0397351,0.75,10.740756721857226
263.0,0.4562738,0.0,0.1254753,0.1258741,0.8973384,0.0,0.7575758,0.010101,0.010101,0.0917431,0.0,0.979798,0.1834862,0.1153846,1.0,10.047631185616188
28176.0,0.4529032,0.0263345,0.0669364,0.0524813,0.4224162,0.2786414,0.462597,0.0030581,0.2475888,0.0515395,0.0189367,0.9787109,0.4977689,0.0382347,0.1698113,11.055656405795794
57.0,0.5087719,0.0,0.0350877,0.0714286,0.9298246,0.0,0.8,0.0,0.0666667,0.2857143,0.0,1.0,0.9047619,0.3333333,0.0,11.286037411751035
756.0,0.5277778,0.0013228,0.1574074,0.092437,0.9047619,0.0026455,0.7859649,0.0070175,0.0210526,0.1467066,0.0035088,0.9964912,0.3053892,0.0689655,0.3333333,10.05195066017375
1477.0,0.5030467,0.0013541,0.0819228,0.0217984,0.9119838,0.0,0.7996071,0.0019646,0.0471513,0.3267196,0.0,0.9607073,0.4206349,0.1020408,0.7142857,11.195484970354173
8381.0,0.4729746,0.1461639,0.1023744,0.0912384,0.9057392,0.0,0.7720014,0.0074754,0.0295617,0.0704359,0.1355759,0.9921848,0.243525,0.1264737,0.5454545,10.616461869895815
2949.0,0.4459139,0.0196677,0.2780604,0.2270502,0.7711089,0.08647,0.667234,0.0017021,0.0204255,0.1111952,0.0119149,0.9855319,0.3381241,0.1086351,0.625,10.510559281627845
431.0,0.5011601,0.0,0.136891,0.0976744,0.8793503,0.0649652,0.837037,0.0,0.0074074,0.1059603,0.0,1.0,0.1324503,0.2,1.0,9.994287576862567
1240.0,0.4612903,0.0951613,0.1475806,0.1017964,0.808871,0.0,0.6358491,0.0037736,0.0754717,0.0415913,0.0943396,0.9792453,0.4466546,0.0408163,0.0,11.180259973491848
19033.0,0.5033363,0.0070404,0.0707718,0.0536338,0.9121,0.0046761,0.8086081,0.0047314,0.0399878,0.0254351,0.006105,0.9858059,0.1868214,0.1374188,0.5076923,10.62135173563291
7018.0,0.4724993,0.0012824,0.1962097,0.1334414,0.8471074,0.0266458,0.6971597,0.0003689,0.0225009,0.0450863,0.0007377,0.9413501,0.2775625,0.0963705,0.4782609,10.589131655274922
1752.0,0.4811644,0.0085616,0.2071918,0.0726073,0.8276256,0.0176941,0.6875,0.0013587,0.0502717,0.3871774,0.0040761,0.9972826,0.1648626,0.0215054,0.5789474,12.131354487250757
179.0,0.5586592,0.0,0.1955307,0.164557,0.8379888,0.0,0.64,0.0,0.0133333,0.1666667,0.0,0.9866667,0.2777778,0.1578947,0.5,9.615805480084347
16064.0,0.467505,0.0080304,0.155005,0.1264905,0.8679656,0.0130105,0.7384881,0.0025145,0.0314317,0.0347391,0.0072293,0.9907276,0.1821905,0.0654628,0.4090909,10.896757843893464
513.0,0.5107212,0.0,0.1481481,0.0438247,0.9044834,0.0,0.802139,0.0,0.0588235,0.0878049,0.0,0.9839572,0.1073171,0.0454545,0.0,13.044403998094442
476.0,0.4978992,0.0,0.1407563,0.1087866,0.9201681,0.0,0.7716049,0.0,0.0061728,0.0635838,0.0,1.0,0.1734104,0.1212121,0.5,9.711176264112805
1060.0,0.4575472,0.0056604,0.1726415,0.16,0.8669811,0.0,0.7042254,0.0070423,0.0258216,0.1630648,0.0046948,0.9953052,0.4282908,0.1217391,0.8333333,9.615805480084347
1838.0,0.4722524,0.0,0.2366703,0.2010309,0.7584331,0.1245919,0.7127159,0.0015699,0.0361068,0.0245023,0.0,0.9952904,0.2358346,0.0503145,0.6666667,10.839600519357369
11719.0,0.4635208,0.0027306,0.1739056,0.1401304,0.8238758,0.0198822,0.6632439,0.005658,0.0364627,0.048834,0.0010478,0.992456,0.2782539,0.06914,0.6585366,10.468829770273567
17754.0,0.4633885,0.007097,0.1987158,0.1131521,0.7445646,0.0128985,0.5898369,0.0017604,0.0848492,0.1769535,0.0046943,0.9625631,0.4361055,0.0177326,0.5422886,11.762134344805622
2694.0,0.481069,0.0055679,0.1937639,0.1180258,0.8901262,0.0,0.753271,0.0037383,0.0224299,0.058927,0.0065421,0.9981308,0.1354442,0.0674157,0.375,10.78727575364831
2520.0,0.5071429,0.0269841,0.1531746,0.1127214,0.7821429,0.052381,0.6596597,0.001001,0.0720721,0.0610902,0.012012,0.990991,0.3280075,0.048913,0.5454545,11.823354355742923
22501.0,0.4894449,0.0038665,0.094218,0.0757312,0.881072,0.0079108,0.7479405,0.0038116,0.0437723,0.043739,0.0033198,0.9825403,0.2471487,0.0526316,0.2727273,11.60186082325361
393.0,0.5012723,0.0025445,0.0839695,0.0612245,0.9312977,0.0,0.7857143,0.0,0.0267857,0.1942446,0.0,0.9732143,0.4748201,0.2352941,1.0,9.615805480084347
89.0,0.4831461,0.0,0.0449438,0.0217391,0.9438202,0.0,0.862069,0.0,0.0344828,0.3255814,0.0,1.0,0.1627907,0.5,1.0,9.615805480084347
9026.0,0.485154,0.0125194,0.1280745,0.1063051,0.8868823,0.0009971,0.7462908,0.0038576,0.0382789,0.0335532,0.0139466,0.9824926,0.2578147,0.0552561,0.3636364,11.413116179350727
206.0,0.5,0.6650485,0.0485437,0.0485437,0.9223301,0.0,0.7419355,0.0,0.0,0.1267606,0.6290323,1.0,0.3380282,0.5,0.0,9.615805480084347
268.0,0.4962687,0.0,0.1865672,0.0740741,0.9216418,0.0,0.7835052,0.0,0.0,0.224,0.0,1.0,0.272,0.3,1.0,9.62911649414402
2599.0,0.4898038,0.0057715,0.201616,0.1470588,0.769142,0.0561755,0.6684982,0.0082418,0.0695971,0.6329412,0.0054945,0.9990842,0.5872269,0.0652819,0.75,11.034905792929415
625.0,0.4688,0.0048,0.2224,0.186747,0.8528,0.0,0.6388889,0.0,0.0039683,0.2432432,0.0039683,0.8531746,0.4924925,0.1604938,0.0,9.62911649414402
201.0,0.5024876,0.0,0.1641791,0.07,0.8955224,0.0,0.72,0.0,0.0,0.025974,0.0,1.0,0.1818182,0.1,1.0,10.085850775128717
696.0,0.4755747,0.283046,0.125,0.1178082,0.9166667,0.0,0.781746,0.0,0.0119048,0.1486486,0.2777778,1.0,0.2939189,0.1807229,0.3333333,10.502351525774941
206.0,0.4417476,0.5679612,0.1407767,0.1130435,0.9320388,0.0,0.8125,0.0,0.03125,0.0857143,0.5,1.0,0.2142857,0.3571429,0.0,9.90353755128617
2557.0,0.4845522,0.0007822,0.1603442,0.1107739,0.8865858,0.0,0.7360825,0.0010309,0.0278351,0.0376984,0.0,0.9917526,0.2380952,0.1145038,0.6153846,10.440010162389305
865.0,0.499422,0.0219653,0.0554913,0.0484988,0.9468208,0.0,0.8819444,0.0104167,0.0277778,0.073955,0.0208333,0.9826389,0.1382637,0.08,0.6,11.041336579870135
1111.0,0.4914491,0.0756076,0.1134113,0.0814159,0.8415842,0.0,0.6713287,0.006993,0.0675991,0.1555118,0.0629371,0.990676,0.3779528,0.12,0.6,10.77270764101727
4554.0,0.45213,0.0008783,0.2461572,0.1823647,0.7812912,0.0399649,0.6114883,0.002611,0.032376,0.0681265,0.0005222,0.9963446,0.356691,0.0545455,0.6451613,10.043292972227004
15181.0,0.4779,0.0028984,0.1324682,0.09513,0.8411172,0.0060602,0.6968886,0.0038474,0.0707595,0.1242309,0.0016728,0.9963198,0.3725461,0.0512937,0.7356322,11.390769130367211
910.0,0.4692308,0.0175824,0.2934066,0.1428571,0.8846154,0.0,0.7453581,0.0026525,0.0159151,0.0551378,0.0106101,0.9867374,0.0325815,0.1538462,0.6666667,12.319405795112926
1325.0,0.469434,0.0,0.1350943,0.1038407,0.874717,0.0,0.7139918,0.0102881,0.0432099,0.0470588,0.0,0.9938272,0.2529412,0.0573248,0.6666667,10.740756721857226
16310.0,0.4667689,0.0353771,0.1904353,0.1466023,0.804721,0.0377682,0.6595208,0.0048865,0.0485498,0.0405324,0.0269546,0.9932219,0.2684513,0.0714286,0.2307692,10.819798284210286
294.0,0.4591837,0.0,0.2210884,0.1949686,0.8231293,0.0,0.627907,0.0,0.0310078,0.1103448,0.0,1.0,0.4068966,0.0666667,1.0,9.615805480084347
184.0,0.4782609,0.0,0.2065217,0.125,0.8315217,0.0,0.6266667,0.0133333,0.0266667,0.2857143,0.0,1.0,0.4095238,0.0769231,0.0,9.615805480084347
12156.0,0.4752386,0.0134913,0.1398486,0.0890422,0.8571076,0.0016453,0.7039178,0.004924,0.0556626,0.0349174,0.0089917,0.9663884,0.3115702,0.1118916,0.1666667,10.70551155928146
820.0,0.4890244,0.0,0.2487805,0.1551313,0.8609756,0.0,0.6784661,0.0029499,0.0058997,0.1007958,0.0,1.0,0.3183024,0.0470588,0.5,9.77571099759397
504.0,0.4940476,0.0,0.1329365,0.0941176,0.9166667,0.0,0.7722222,0.0,0.0055556,0.0575916,0.0,0.9888889,0.104712,0.1428571,1.0,10.060534035475412
14589.0,0.4807732,0.071972,0.1632737,0.0792079,0.9134279,0.0077456,0.8218357,0.0036715,0.0374879,0.1353383,0.0599034,0.931401,0.2564745,0.1366048,0.2068966,11.231901180182515
6959.0,0.451358,0.4167265,0.1747377,0.1574123,0.8542894,0.0293146,0.7093849,0.0031546,0.0201104,0.1282228,0.3592271,0.976735,0.3647301,0.1756312,0.5081967,10.250652418696085
1119.0,0.4816801,0.0,0.1537087,0.1344828,0.8748883,0.0,0.7210884,0.0068027,0.0226757,0.101833,0.0,0.9954649,0.2606925,0.0520833,0.5,10.295563423525277
1391.0,0.4859813,0.0007189,0.1538462,0.1062937,0.9000719,0.0,0.7671233,0.0058708,0.0313112,0.0971731,0.0,0.9941292,0.3286219,0.159292,0.8,9.70509758756311
12113.0,0.4879881,0.0083381,0.1371254,0.0935182,0.946834,0.0,0.8633796,0.0010272,0.0202876,0.0218538,0.0069337,0.9797124,0.0668174,0.1467181,0.65,12.056998226329707
2532.0,0.4624803,0.0011848,0.1990521,0.1667891,0.8017378,0.0335703,0.635148,0.0019102,0.0286533,0.0823839,0.0009551,0.9904489,0.4066608,0.0792952,0.5,10.367253014814716
1917.0,0.4371414,0.3860198,0.1580595,0.1316033,0.8445488,0.0031299,0.67107,0.003963,0.0462351,0.1156542,0.322325,0.996037,0.453271,0.1131498,0.4,10.236417809461043
51206.0,0.478401,0.0405812,0.1385385,0.1057696,0.8721244,0.0207398,0.7528811,0.0029202,0.0313918,0.0313179,0.03718,0.992126,0.1857352,0.0565757,0.265625,11.000448478455008
876.0,0.5022831,0.0342466,0.1004566,0.0619266,0.9189498,0.0,0.8145695,0.0033113,0.0264901,0.0707692,0.0430464,0.9834437,0.3230769,0.0612245,1.0,10.385944565501662
706.0,0.4872521,0.0,0.1416431,0.0994475,0.8966006,0.0,0.75,0.0,0.0183824,0.0748299,0.0,0.9926471,0.1734694,0.1139241,1.0,10.16203685698089
529.0,0.4725898,0.0,0.1115312,0.0860215,0.9470699,0.0,0.8516484,0.0,0.0054945,0.0162162,0.0,1.0,0.1405405,0.16,1.0,10.357774570341576
20328.0,0.4608422,0.4613341,0.1541224,0.1407847,0.8801653,0.0487505,0.8055074,0.0029442,0.0334257,0.0235075,0.4139245,0.8901974,0.2064942,0.195122,0.4375,11.80410890048989
188.0,0.4787234,0.0,0.2021277,0.1734694,0.8351064,0.0,0.6547619,0.0119048,0.0238095,0.2631579,0.0,1.0,0.4035088,0.0,0.5,9.615805480084347
187.0,0.4652406,0.0,0.197861,0.11,0.8502674,0.0,0.6794872,0.0128205,0.025641,0.1034483,0.0,1.0,0.3563218,0.0,0.0,9.615805480084347
273.0,0.5274725,0.007326,0.0549451,0.0697674,0.9377289,0.0,0.8,0.0142857,0.0285714,0.1566265,0.0142857,1.0,0.8433735,0.2222222,0.0,9.615805480084347
137.0,0.4379562,0.0,0.2262774,0.1948052,0.7956204,0.0,0.5820896,0.0,0.0,0.2386364,0.0,1.0,0.4772727,0.0,0.5,9.615805480084347
2612.0,0.467075,0.3388208,0.1129403,0.1170977,0.8954824,0.0,0.7489407,0.0021186,0.0317797,0.0690335,0.2987288,0.9830508,0.2948718,0.0923077,0.7,10.689692377847104
12174.0,0.4716609,0.0454247,0.1628881,0.1357276,0.4698538,0.2678659,0.4614159,0.0013658,0.1447758,0.0836462,0.0275438,0.9865695,0.3496037,0.0183767,0.4473684,11.759793355371237
471.0,0.507431,0.0127389,0.1316348,0.0948276,0.895966,0.0,0.7630058,0.0057803,0.0404624,0.0894737,0.0115607,0.9942197,0.1631579,0.2040816,1.0,9.792611856190192
34882.0,0.4539591,0.0445789,0.2189381,0.1645403,0.7813772,0.0337997,0.6082591,0.0017955,0.0290597,0.1220224,0.0409629,0.9982045,0.3551495,0.0444559,0.691358,10.348205424565993
1830.0,0.4912568,0.0032787,0.1032787,0.0655209,0.9196721,0.0,0.8196481,0.0029326,0.0278592,0.0501393,0.0029326,0.9956012,0.2534819,0.0650407,0.8,10.862856930775358
3151.0,0.4468423,0.6344018,0.201206,0.195066,0.8194224,0.0577594,0.6960432,0.0071942,0.0215827,0.1003236,0.5602518,0.9982014,0.3187702,0.1666667,0.3684211,10.094149233605084
1452.0,0.4703857,0.0,0.2651515,0.153446,0.8168044,0.0523416,0.6771379,0.0,0.008726,0.1171032,0.0,0.9982548,0.2403698,0.0598291,0.7777778,9.615805480084347
922.0,0.4577007,0.0010846,0.1453362,0.14,0.8893709,0.0,0.7368421,0.0,0.0193906,0.0837563,0.0027701,1.0,0.2335025,0.04,0.7777778,10.474495347310453
151.0,0.4569536,0.0,0.0927152,0.0853659,0.9536424,0.0,0.8571429,0.0,0.0,0.0,0.0,0.9795918,0.2040816,0.1428571,0.0,9.615805480084347
5672.0,0.4760226,0.1692525,0.0712271,0.064603,0.934591,0.0,0.8418259,0.0047771,0.0270701,0.0800781,0.1555202,0.9262208,0.2294922,0.1870504,0.537037,10.6782377612977
366.0,0.4836066,0.0,0.1229508,0.0793651,0.8934426,0.0,0.7936508,0.0238095,0.0714286,0.0666667,0.0,0.9285714,0.2074074,0.2,0.0,10.122663242288953
19692.0,0.4920272,0.0061446,0.1042048,0.0593822,0.9491672,0.0047735,0.8759433,0.0004528,0.0111681,0.0264473,0.0052822,0.9953215,0.0495151,0.0682819,0.2222222,11.521895117095363
1398.0,0.4406295,0.4499285,0.1902718,0.1662404,0.8311874,0.0,0.64903,0.0088183,0.047619,0.1770682,0.3844797,0.9858907,0.1523948,0.1343284,0.2727273,10.146472946063877
779.0,0.4929397,0.0,0.1591784,0.1518987,0.885751,0.0,0.7320261,0.0,0.0196078,0.0613497,0.0,1.0,0.2269939,0.125,0.5,10.021315031649332
4125.0,0.4867879,0.3413333,0.1323636,0.1232877,0.8933333,0.0058182,0.7501693,0.0013541,0.0236967,0.0780275,0.3033175,0.9966148,0.2771536,0.1269036,0.625,10.225607282932941
2480.0,0.4745968,0.0004032,0.1899194,0.0966999,0.8681452,0.0185484,0.7497436,0.0041026,0.0297436,0.025974,0.0,0.9887179,0.2967033,0.1205357,0.5,10.933124826700707
5159.0,0.5004846,0.0040706,0.0837372,0.0628638,0.9205272,0.0,0.7925882,0.0035864,0.0298864,0.0679666,0.0023909,0.636581,0.3632312,0.1646707,0.4827586,10.872389709681492
280.0,0.4607143,0.0,0.2392857,0.0927152,0.85,0.0,0.7304348,0.0086957,0.0608696,0.0086207,0.0,1.0,0.0258621,0.0,1.0,11.230575816507569
1584.0,0.4905303,0.0006313,0.1439394,0.1053284,0.917298,0.0025253,0.7732342,0.0,0.0074349,0.2680272,0.0018587,0.472119,0.5088435,0.2,1.0,9.746892220313054
76.0,0.4868421,0.0,0.3421053,0.2051282,0.8157895,0.0,0.6,0.0,0.0,0.2708333,0.0,1.0,0.2083333,0.1818182,0.0,9.615805480084347
414.0,0.468599,0.0,0.1135266,0.1181818,0.9033816,0.0,0.7631579,0.0065789,0.0197368,0.1162791,0.0,1.0,0.3081395,0.0909091,0.5,10.351405324899678
16642.0,0.4911669,0.0082923,0.1625406,0.0719178,0.8956856,0.002704,0.793973,0.001586,0.0472641,0.0262548,0.0061856,0.9823949,0.0668726,0.0608856,0.2580645,12.736997911302637
367.0,0.4850136,0.0,0.1389646,0.0899471,0.9182561,0.0,0.7969925,0.0,0.0225564,0.0699301,0.0,1.0,0.1118881,0.15625,0.0,9.746892220313054
5637.0,0.4970729,0.0134823,0.1396133,0.1022928,0.746319,0.0931346,0.6436727,0.0023787,0.0589914,0.13711,0.009039,0.6217888,0.4917898,0.0590238,0.6315789,10.298935994257638
35.0,0.4571429,0.0,0.3142857,0.1578947,0.7142857,0.0,0.4736842,0.0,0.0,0.1363636,0.0,1.0,0.1818182,0.25,0.0,9.615805480084347
8612.0,0.441477,0.4732931,0.1681375,0.1602911,0.850209,0.0215978,0.683055,0.0024737,0.0207174,0.1308788,0.4050711,0.9969079,0.3458748,0.129507,0.5121951,10.118639253920785
90533.0,0.4958302,0.0256371,0.0501143,0.0418456,0.8793368,0.0046834,0.7523976,0.0055573,0.0684662,0.0994366,0.02604,0.8730073,0.3573083,0.1272245,0.3744292,11.235866764155578
832.0,0.4903846,0.2103365,0.1165865,0.125,0.8966346,0.0,0.7605178,0.0064725,0.012945,0.0830861,0.1779935,1.0,0.2967359,0.1176471,0.3333333,10.130662964963708
459.0,0.4553377,0.0,0.2505447,0.164,0.8148148,0.0,0.635468,0.0049261,0.0246305,0.2281369,0.0,1.0,0.2471483,0.1041667,0.875,9.615805480084347
520.0,0.4519231,0.0038462,0.1865385,0.1859649,0.8519231,0.0,0.6401869,0.0,0.0,0.1008403,0.0046729,1.0,0.3907563,0.0447761,0.7142857,10.295563423525277
316.0,0.528481,0.0,0.1012658,0.0469799,0.7531646,0.0,0.5193798,0.0155039,0.0930233,0.4162896,0.0,0.9844961,0.6108597,0.0980392,1.0,11.007103966325696
33403.0,0.4704967,0.0041314,0.1713918,0.1227455,0.8019938,0.0268239,0.6528836,0.0028292,0.0608633,0.0360814,0.0039898,0.9864345,0.3824907,0.0220247,0.2083333,11.106474871430772
5549.0,0.4869346,0.037304,0.0884844,0.0516333,0.8783565,0.0,0.7335423,0.0017913,0.0322436,0.0432734,0.0380654,0.9901478,0.2077978,0.025641,0.1578947,11.525851561856362
2067.0,0.4721819,0.067731,0.1843251,0.1732356,0.8679245,0.0232221,0.7041096,0.0,0.0109589,0.1183575,0.060274,0.6520548,0.4384058,0.1919643,0.6,9.692828247710418
939.0,0.457934,0.4696486,0.1661342,0.1669941,0.8796592,0.0,0.6920904,0.0,0.0112994,0.075718,0.3587571,0.9830508,0.2663185,0.1568627,1.0,10.431199791458543
1380.0,0.5007246,0.0355072,0.0847826,0.0667634,0.9463768,0.0,0.8565489,0.0,0.010395,0.0399202,0.037422,0.997921,0.1077844,0.1320755,0.0,10.823790225800138
6276.0,0.4717973,0.0012747,0.2402804,0.1834087,0.8379541,0.0046208,0.6605332,0.0022531,0.0221555,0.0472272,0.0015021,0.9958693,0.227907,0.034565,0.7142857,10.747229096720554
1319.0,0.4905231,0.0007582,0.1000758,0.0625,0.9264594,0.0,0.8236559,0.0043011,0.027957,0.0412371,0.0,0.9978495,0.2082474,0.0967742,1.0,10.376642461280849
1889.0,0.4573849,0.0,0.2376919,0.2058537,0.8454209,0.0031763,0.6640927,0.003861,0.027027,0.1220339,0.0,0.996139,0.100565,0.1205674,0.9285714,9.642187721358466
150.0,0.44,0.0,0.3066667,0.3214286,0.7266667,0.0,0.4805195,0.0,0.012987,0.1538462,0.0,1.0,0.2857143,0.0714286,0.8571429,9.615805480084347
248.0,0.4798387,0.1491935,0.1330645,0.124031,0.9233871,0.0,0.8023256,0.0,0.0116279,0.0851064,0.1511628,1.0,0.1808511,0.2173913,0.0,10.480129006333248
2366.0,0.476754,0.0367709,0.1255283,0.1042003,0.7265427,0.0270499,0.555665,0.0078818,0.0975369,0.6431083,0.0197044,0.955665,0.6740506,0.0813609,0.8028169,11.51792295668052
88.0,0.5113636,0.0,0.2386364,0.1860465,0.7727273,0.0,0.5641026,0.025641,0.025641,0.1875,0.0,1.0,0.5208333,0.0555556,1.0,9.615805480084347
3079.0,0.4426762,0.5280935,0.2299448,0.208042,0.8051315,0.0831439,0.7092131,0.0047985,0.0287908,0.1184433,0.4702495,0.9942418,0.2935702,0.1863354,0.8461538,10.122663242288953
635.0,0.4771654,0.0,0.3748031,0.1927711,0.7779528,0.0283465,0.6342282,0.0,0.0469799,0.2678133,0.0,0.9966443,0.3636364,0.1428571,0.5882353,10.440010162389305
1112.0,0.4631295,0.9955036,0.1214029,0.1239531,0.9307554,0.0,0.8029851,0.0,0.0268657,0.0428571,0.9940299,1.0,0.22,0.1384615,1.0,10.36410350510914
3077.0,0.4692883,0.000975,0.1797205,0.122474,0.839779,0.0220994,0.6945607,0.0016736,0.041841,0.072205,0.0008368,0.9991632,0.3152174,0.065445,0.6315789,10.647826772357497
1240.0,0.8395161,0.116129,0.0508065,0.1306533,0.2701613,0.6782258,0.6993464,0.0065359,0.0718954,0.0555556,0.3006536,0.9934641,0.2283951,0.1166667,0.0,10.499600568082863
217.0,0.483871,0.5115207,0.1290323,0.1160714,0.8801843,0.0,0.6708861,0.0,0.0,0.091954,0.5063291,1.0,0.4482759,0.0869565,1.0,9.615805480084347
344.0,0.4651163,0.002907,0.2994186,0.173913,0.8488372,0.0,0.6711409,0.0,0.0201342,0.1183432,0.0,0.6979866,0.3017751,0.173913,1.0,9.770013301136158
53.0,0.490566,0.0,0.245283,0.1481481,0.8490566,0.0,0.6521739,0.0,0.0,0.28125,0.0,1.0,0.3125,0.6666667,1.0,9.615805480084347
39.0,0.5384615,0.0,0.2307692,0.0555556,0.8974359,0.0,0.75,0.0,0.0,0.6923077,0.0,1.0,0.5576923,0.0,0.0,10.714439990727769
15216.0,0.5099895,0.0032203,0.0173502,0.0155579,0.9621451,0.0018402,0.9151242,0.003386,0.027991,0.0196946,0.0024831,0.9945824,0.0692631,0.2378855,0.6065574,11.305913595583258
53.0,0.5471698,0.0,0.3584906,0.2083333,0.6037736,0.0,0.3636364,0.0,0.0,0.2826087,0.0,1.0,0.3695652,0.1,0.6666667,9.615805480084347
19365.0,0.4915053,0.0017041,0.1310096,0.0886564,0.9545572,0.0,0.8877686,0.0019835,0.0213223,0.0104678,0.0013223,0.982314,0.0628067,0.0959184,0.4,12.04002396437039
10667.0,0.4816724,0.0069373,0.1684635,0.0754205,0.9386894,0.0005625,0.8670712,0.0024821,0.0325427,0.0430193,0.0052399,0.9762824,0.0263922,0.1678832,0.5068493,13.122367377396328
614.0,0.5,0.0,0.1009772,0.0423453,0.8599349,0.0,0.728,0.0,0.06,0.0808824,0.0,0.992,0.1580882,0.0,0.8,11.641327474774709
72.0,0.6111111,0.0,0.2222222,0.0714286,0.6944444,0.0,0.5806452,0.0,0.0967742,0.1142857,0.0,1.0,0.4,0.2,1.0,9.615805480084347
10712.0,0.4570575,0.4697535,0.1575803,0.1485557,0.8357916,0.0379014,0.6942914,0.0037556,0.0235353,0.1038815,0.409364,0.9969955,0.3087278,0.1184804,0.6136364,10.211009016314167
208.0,0.4663462,0.125,0.1875,0.1441441,0.875,0.0,0.7228916,0.0120482,0.0120482,0.1862745,0.1084337,0.9879518,0.1960784,0.1071429,0.5,10.085850775128717
681.0,0.5198238,0.0044053,0.2687225,0.0764526,0.814978,0.0,0.6859756,0.0,0.0640244,0.7832122,0.0030488,0.9908537,0.9557171,0.0833333,1.0,11.426288563310505
1720.0,0.4936047,0.002907,0.0831395,0.0551091,0.9354651,0.0,0.8365554,0.0035149,0.0246046,0.0138648,0.0017575,0.9964851,0.0970537,0.1354167,0.0,11.110969193687714
937.0,0.4642476,0.0,0.1814301,0.1573705,0.8900747,0.0,0.7178771,0.0,0.0055866,0.0890585,0.0,0.9944134,0.1679389,0.0434783,0.0,10.021315031649332
91.0,0.5384615,0.0,0.1538462,0.1428571,0.8571429,0.0,0.7142857,0.0285714,0.0285714,0.125,0.0,1.0,0.05,0.2857143,0.0,9.615805480084347
11635.0,0.4810486,0.1943275,0.0891276,0.0925803,0.8563816,0.0293941,0.7433926,0.0055262,0.0451706,0.1110636,0.157136,0.987506,0.3812473,0.103717,0.3030303,10.981914140544825
117.0,0.4615385,0.0,0.1880342,0.0793651,0.8547009,0.0,0.6595745,0.0,0.0212766,0.2033898,0.0,1.0,0.2881356,0.25,0.0,9.615805480084347
4054.0,0.4479526,0.00222,0.174889,0.1358356,0.7898372,0.0212136,0.6107185,0.0047114,0.04947,0.0487395,0.0023557,0.9723204,0.3428571,0.0558069,0.2727273,10.376642461280849
14380.0,0.4538943,0.4105702,0.1888734,0.1650325,0.8350487,0.0244784,0.678733,0.0036547,0.0226244,0.1007825,0.3766098,0.9972155,0.314241,0.1056751,0.5,10.225607282932941
1074.0,0.4711359,0.0027933,0.1452514,0.1161972,0.8538175,0.0,0.7118644,0.0072639,0.062954,0.0527523,0.0,1.0,0.2316514,0.0736196,0.75,10.604131561522696
925.0,0.492973,0.0,0.1178378,0.119403,0.9037838,0.0,0.7741047,0.0055096,0.0110193,0.0620155,0.0,1.0,0.2170543,0.0588235,0.6,10.332050506334692
436.0,0.4931193,0.0,0.1674312,0.1447964,0.8922018,0.0,0.7337278,0.0,0.0118343,0.0864865,0.0,1.0,0.3243243,0.1388889,0.8333333,9.857495968685136
180.0,0.4722222,0.0277778,0.3277778,0.1157895,0.8944444,0.0,0.76,0.0,0.0133333,0.0963855,0.0133333,1.0,0.1807229,0.3333333,1.0,9.615805480084347
18230.0,0.4648382,0.0039495,0.1806363,0.146064,0.75661,0.0447614,0.6064113,0.0047885,0.0722267,0.0698998,0.0029263,0.9968077,0.3668193,0.0454026,0.4098361,11.274680966120778
631.0,0.5515055,0.0301109,0.1458003,0.2014134,0.518225,0.4136292,0.7358491,0.009434,0.0754717,0.2374101,0.0188679,0.4433962,0.4532374,0.3137255,0.0,11.736077016252437
5772.0,0.4996535,0.0911296,0.0673943,0.0695983,0.9303534,0.0,0.8261099,0.0073996,0.0264271,0.0675209,0.0845666,0.9883721,0.3656974,0.1846591,0.6923077,10.39821428171237
1161.0,0.4677003,0.0,0.1955211,0.1618123,0.8897502,0.0,0.7293065,0.0,0.01566,0.0387097,0.0,0.9932886,0.1397849,0.1011236,0.0,10.389026137075234
30085.0,0.5045704,0.0221373,0.1390061,0.0882925,0.8273558,0.0017284,0.6545155,0.0074189,0.0918666,0.2830783,0.0183184,0.7647005,0.4392935,0.1905104,0.2492754,11.362114203075018
43704.0,0.4624062,0.0359464,0.1676277,0.1223239,0.8263546,0.0375938,0.677224,0.0024606,0.0409464,0.0630726,0.0321136,0.7658675,0.4344742,0.137646,0.45,11.448930795918299
1057.0,0.4853359,0.0236518,0.1523179,0.1158088,0.7928098,0.0747398,0.7045455,0.0025253,0.0454545,0.1934827,0.0176768,0.9949495,0.3482688,0.0576923,0.7272727,11.51792295668052
5633.0,0.5027516,0.0076336,0.0426061,0.0271332,0.9380437,0.0,0.8686253,0.0038803,0.0504435,0.0098793,0.0077605,0.9822616,0.0812294,0.1962025,0.1428571,11.685205103383671
321.0,0.4579439,0.9750779,0.1495327,0.137931,0.894081,0.0,0.7102804,0.0093458,0.0280374,0.1083333,0.9626168,1.0,0.2583333,0.2857143,0.0,9.615805480084347
1934.0,0.4793175,0.0010341,0.2207859,0.1439921,0.8319545,0.0,0.6483909,0.0047676,0.0262217,0.1074468,0.0,1.0,0.2606383,0.0324675,0.5833333,9.942756341456828
158.0,0.443038,0.0,0.3037975,0.2045455,0.8417722,0.0063291,0.6666667,0.0,0.0144928,0.1785714,0.0,1.0,0.3690476,0.2,0.0,9.717218213494077
99.0,0.4949495,0.0,0.1717172,0.26,0.7979798,0.0,0.6136364,0.0,0.0681818,0.2142857,0.0,1.0,0.2857143,0.0714286,0.8,9.615805480084347
5300.0,0.4837736,0.0028302,0.1381132,0.1100146,0.9054717,0.0050943,0.7909715,0.0019627,0.0191364,0.0599631,0.0024534,0.9980373,0.2596863,0.062069,0.6521739,10.2328272702548
655.0,0.4748092,0.0015267,0.0305344,0.0494186,0.9312977,0.0030534,0.7911392,0.0,0.0379747,0.1318681,0.0,0.9873418,0.3681319,0.3962264,0.0,9.615805480084347
1560.0,0.4871795,0.0,0.1858974,0.11625,0.8641026,0.0326923,0.7412587,0.0017483,0.020979,0.0622951,0.0,0.9947552,0.2377049,0.0654206,0.2,10.485731104959568
1003.0,0.4556331,0.003988,0.2113659,0.1355311,0.8673978,0.0,0.6987952,0.0,0.0192771,0.1336117,0.0048193,1.0,0.3841336,0.0895522,0.7272727,9.989711119284745
1207.0,0.5020713,0.0008285,0.059652,0.0349418,0.9096935,0.0,0.7604167,0.0078125,0.03125,0.1724138,0.0,0.9765625,0.4051724,0.1954023,0.4,10.638280388314705
2170.0,0.4571429,0.0,0.2013825,0.1502547,0.8078341,0.0387097,0.6568182,0.0022727,0.0295455,0.0486486,0.0,0.9965909,0.3189189,0.036,0.5,10.39821428171237
1642.0,0.4323995,0.045676,0.2107186,0.195279,0.8142509,0.0,0.6071923,0.0027663,0.0262794,0.0951189,0.0373444,0.9875519,0.3491865,0.0569307,1.0,9.798182590890704
1021.0,0.4681685,0.2252693,0.1126347,0.1086556,0.8805093,0.0,0.7334963,0.002445,0.0268949,0.0931264,0.1809291,1.0,0.3281596,0.1217391,0.5714286,10.434145214930487
4915.0,0.4622584,0.0111902,0.2313327,0.1676126,0.8439471,0.0268566,0.7001029,0.0,0.0226337,0.0437777,0.0092593,0.9927984,0.2951303,0.0273349,0.4166667,11.331415578682627
427.0,0.4777518,0.028103,0.147541,0.103139,0.8946136,0.0,0.7651007,0.0134228,0.0402685,0.0802469,0.0469799,0.9932886,0.191358,0.1578947,0.2,10.524090921620362
130.0,0.4846154,0.0,0.1769231,0.0895522,0.9153846,0.0,0.8039216,0.0,0.0196078,0.0727273,0.0,1.0,0.1818182,0.0,0.0,10.499600568082863
236.0,0.4745763,0.0,0.0932203,0.0967742,0.8813559,0.0,0.75,0.0,0.0340909,0.011236,0.0,1.0,0.2808989,0.0769231,1.0,10.515993929932415
2629.0,0.4815519,0.0041841,0.106124,0.0931768,0.8242678,0.0,0.6478102,0.0091241,0.0547445,0.1001642,0.0063869,0.9863139,0.4014778,0.0686456,0.6666667,10.474495347310453
64.0,0.5,0.0,0.109375,0.15625,0.921875,0.0,0.7826087,0.0,0.0,0.1153846,0.0,1.0,0.2307692,0.0,0.0,9.841665338892785
2179.0,0.4575493,0.0027536,0.2202845,0.179357,0.8219367,0.0390087,0.6795895,0.0011403,0.022805,0.0559742,0.0011403,0.9851767,0.2874058,0.0848708,0.8333333,10.25769445336048
2373.0,0.5208597,0.0,0.111673,0.0404573,0.888327,0.0,0.7790698,0.0081395,0.0697674,0.0899471,0.0,0.9872093,0.3492063,0.1617647,0.2857143,10.922352923113982
111.0,0.4684685,0.0,0.2702703,0.220339,0.8108108,0.0,0.5918367,0.0,0.0204082,0.2222222,0.0,1.0,0.3174603,0.3,1.0,9.615805480084347
14936.0,0.4724156,0.0162025,0.1424746,0.1019036,0.8727236,0.0176085,0.7472366,0.0007369,0.0373987,0.0334758,0.0162122,0.9683125,0.247151,0.075974,0.3709677,12.659695972140415
1156.0,0.4688581,0.0,0.3434256,0.2557003,0.7508651,0.0640138,0.5883534,0.002008,0.0180723,0.065666,0.0,1.0,0.2983114,0.0851064,0.4285714,9.615805480084347
2388.0,0.4845059,0.0,0.1243719,0.095857,0.8626466,0.0058626,0.7226607,0.0101466,0.0608794,0.0493033,0.0,0.9966178,0.3772776,0.0727273,0.5,11.007103966325696
977.0,0.4616172,0.0020471,0.1903787,0.1406844,0.8618219,0.0,0.6879607,0.002457,0.017199,0.1395349,0.004914,0.977887,0.3023256,0.0982143,0.5,9.985113621416073
1957.0,0.4389371,0.0332141,0.3071027,0.2431694,0.7112928,0.0,0.5,0.0019881,0.0536779,0.0482498,0.028827,0.9791252,0.6348155,0.019678,0.375,11.761354623750297
2559.0,0.4689332,0.0418132,0.1332552,0.1052244,0.8796405,0.0066432,0.7333333,0.003125,0.03125,0.0830946,0.0333333,0.9822917,0.2893983,0.0740741,0.8181818,10.318935994253193
2841.0,0.4530095,0.9658571,0.157691,0.1480051,0.8852517,0.0,0.7151163,0.001938,0.0281008,0.0426716,0.9718992,0.9922481,0.2328386,0.1,0.6923077,11.038126355768453
43877.0,0.4705654,0.026392,0.162363,0.1281102,0.8172619,0.017777,0.6534259,0.0045527,0.0530958,0.0622765,0.0209424,0.9804803,0.4672074,0.0710758,0.6790123,11.52683823202353
1092.0,0.6172161,0.0705128,0.0018315,0.007177,0.7847985,0.21337,0.9958159,0.0,0.0041841,0.2033333,0.041841,0.9456067,0.36,0.1794872,0.0,10.768506042432708
1645.0,0.4607903,0.0,0.1878419,0.1352875,0.8322188,0.0279635,0.6937213,0.0061256,0.0352221,0.0905292,0.0,0.9954058,0.2618384,0.0740741,0.8888889,9.77571099759397
86335.0,0.4838941,0.0161464,0.1028783,0.0709188,0.8198529,0.0122778,0.68418,0.0027256,0.0813616,0.0370515,0.0146718,0.9930121,0.2985062,0.0261074,0.3688889,11.321777065973317
19211.0,0.4801936,0.0560616,0.1591276,0.1248748,0.7688824,0.0148873,0.5873746,0.0035398,0.0702065,0.0659098,0.0614749,0.9817109,0.4463794,0.0185533,0.2105263,11.308370569092329
410.0,0.5268293,0.0,0.1195122,0.0876289,0.902439,0.0,0.75,0.0,0.0131579,0.05,0.0,0.9868421,0.31875,0.0652174,0.5,10.579005242826247
1698.0,0.5023557,0.0170789,0.1101296,0.0804734,0.8928151,0.0,0.78,0.0030769,0.0461538,0.2252682,0.0138462,0.9892308,0.2312277,0.0285714,0.5714286,10.961295207644392
265.0,0.5471698,0.0,0.0830189,0.025,0.890566,0.0,0.7555556,0.0111111,0.0666667,0.1176471,0.0,1.0,0.3039216,0.1052632,0.5,10.106469212026385
5018.0,0.4581507,0.0009964,0.2327621,0.1754321,0.7694301,0.0187326,0.5934217,0.0050251,0.0529922,0.0441048,0.0004568,0.9977159,0.3917031,0.0447761,0.5384615,10.373522431293592
202.0,0.5,0.1386139,0.1980198,0.1188119,0.9108911,0.0,0.7777778,0.0,0.0,0.0240964,0.1728395,1.0,0.2289157,0.0,0.0,10.328787967145063
1119.0,0.5022341,0.0053619,0.1224307,0.0736086,0.849866,0.0,0.7122302,0.0143885,0.0743405,0.444,0.0,0.9976019,0.3666667,0.1206897,0.6666667,10.448743588106625
12.0,0.5,0.0,0.3333333,0.1666667,0.9166667,0.0,0.8,0.0,0.0,0.375,0.0,1.0,0.5,0.0,0.0,9.615805480084347
45206.0,0.4871035,0.3216166,0.1607751,0.1300354,0.751648,0.0361456,0.5857584,0.0061728,0.0913801,0.1516738,0.2384259,0.947586,0.5608753,0.1003543,0.4393531,10.689692377847104
16.0,0.4375,0.0,0.4375,0.1111111,0.875,0.0,0.75,0.0,0.0,0.1111111,0.0,1.0,0.1111111,0.0,0.0,11.667370387218226
5074.0,0.4560505,0.0068979,0.2223098,0.1347826,0.8395743,0.0285771,0.707935,0.001912,0.0200765,0.040807,0.0071702,0.9966539,0.3374599,0.0417227,0.35,10.491301994830229
117.0,0.5213675,0.034188,0.0940171,0.0357143,0.8547009,0.0,0.6909091,0.0,0.0,0.8312883,0.0363636,1.0,0.291411,0.0,0.7142857,11.235866764155578
443.0,0.462754,0.0316027,0.1738149,0.1722689,0.8735892,0.0,0.7243243,0.0,0.027027,0.0703518,0.027027,1.0,0.2713568,0.0714286,0.5,10.524090921620362
716.0,0.4329609,0.5628492,0.2751397,0.3078818,0.7695531,0.1396648,0.7149321,0.0,0.0090498,0.0979592,0.5429864,0.9683258,0.2938776,0.1969697,1.0,10.081675578048475
3790.0,0.5007916,0.0348285,0.0849604,0.0586681,0.307124,0.4585752,0.4723558,0.0024038,0.2415865,0.0425777,0.015625,0.9915865,0.2761795,0.07109,0.5,11.112462823634855
217.0,0.5069124,0.0,0.1198157,0.0654206,0.9262673,0.0,0.8266667,0.0133333,0.0266667,0.0740741,0.0,1.0,0.1728395,0.3333333,1.0,10.736418414365376
705.0,0.470922,0.0,0.3319149,0.2359249,0.751773,0.0680851,0.620462,0.0033003,0.029703,0.0818182,0.0,0.9933993,0.2666667,0.0,1.0,9.615805480084347
417.0,0.4436451,0.0959233,0.2038369,0.1508621,0.8609113,0.0,0.7076023,0.005848,0.0233918,0.1363636,0.0935673,1.0,0.2373737,0.097561,1.0,10.016860879703811
1622.0,0.4321825,0.0,0.2959309,0.2616721,0.7620222,0.0715166,0.638484,0.0043732,0.0262391,0.080429,0.0,0.9956268,0.383378,0.0553191,0.5,9.615805480084347
1160.0,0.4732759,0.0137931,0.2008621,0.1865794,0.8163793,0.0387931,0.6637168,0.0066372,0.0243363,0.0563674,0.0110619,0.9977876,0.3298539,0.046875,0.5,10.106469212026385
201.0,0.5124378,0.0049751,0.1840796,0.1428571,0.880597,0.0,0.7236842,0.0,0.0394737,0.0617284,0.0131579,1.0,0.345679,0.1111111,0.0,9.615805480084347
662.0,0.4501511,0.1253776,0.2054381,0.1923077,0.8066465,0.0,0.6308244,0.0179211,0.0358423,0.0668896,0.1075269,0.9784946,0.4682274,0.0992366,0.6666667,9.70509758756311
779.0,0.4621309,0.0192555,0.2169448,0.1479714,0.8652118,0.0,0.7046154,0.0,0.0184615,0.1492147,0.0215385,0.8646154,0.3115183,0.1818182,0.625,9.615805480084347
17457.0,0.4445781,0.5255771,0.1642321,0.1449051,0.8554734,0.0146646,0.6972313,0.0029771,0.0281334,0.0954625,0.4778208,0.9958321,0.3108927,0.1094863,0.5726496,10.275085591132715
2354.0,0.5080714,0.0140187,0.0930331,0.0794473,0.9065421,0.0140187,0.8039216,0.0013072,0.0431373,0.0968123,0.0104575,0.9673203,0.1818182,0.1300813,0.5384615,11.754309639974188
1603.0,0.5096694,0.0,0.0798503,0.0687023,0.9051778,0.0155958,0.7876448,0.003861,0.0250965,0.0442804,0.0,0.996139,0.2103321,0.0806452,0.0,10.987003123724813
640.0,0.4671875,0.0,0.0984375,0.0909091,0.8828125,0.0,0.7531381,0.0125523,0.0460251,0.1048689,0.0,0.9832636,0.3071161,0.1527778,0.6,10.016860879703811
32058.0,0.5002807,0.0168757,0.0667228,0.0602996,0.9057334,0.0042111,0.7849282,0.0032643,0.0405708,0.027483,0.0151091,0.9042156,0.3611791,0.1335213,0.375,11.547336553476635
854.0,0.4789227,0.0,0.088993,0.047191,0.9262295,0.0,0.8213058,0.0034364,0.0343643,0.039604,0.0,0.9862543,0.2343234,0.1323529,0.6,10.55843949396453
118.0,0.440678,0.0,0.1694915,0.1818182,0.8983051,0.0,0.7272727,0.0,0.0,0.2142857,0.0,1.0,0.1964286,0.5,1.0,9.615805480084347
14403.0,0.4786503,0.0191627,0.1012983,0.0820349,0.8183712,0.0074984,0.6648954,0.0051478,0.0665892,0.0731107,0.0202591,0.9950183,0.3496999,0.03751,0.3333333,10.904137815028022
1569.0,0.4913958,0.0063735,0.1064372,0.10401,0.9056724,0.0,0.7845395,0.0032895,0.0230263,0.030303,0.0032895,0.9967105,0.3110048,0.0707965,0.6,10.332050506334692
1385.0,0.4685921,0.2916968,0.1422383,0.1372283,0.9083032,0.0,0.7627451,0.0019608,0.0098039,0.0989399,0.2333333,1.0,0.3409894,0.1210191,0.0,10.177362240256695
24944.0,0.4911001,0.0199246,0.1045943,0.0759414,0.8727951,0.0020847,0.7261234,0.0013811,0.0419632,0.034267,0.0176352,0.9802401,0.2491023,0.0525496,0.3448276,11.750374207389497
949.0,0.4436249,0.3645943,0.2834563,0.2140152,0.8103267,0.024236,0.6461916,0.0,0.02457,0.1340426,0.3169533,0.997543,0.2319149,0.08,0.8888889,10.50783084142058
278.0,0.4748201,0.205036,0.2302158,0.2054795,0.8453237,0.0,0.6446281,0.0,0.0,0.1597222,0.1900826,1.0,0.2847222,0.0,1.0,9.787009914477434
541.0,0.4639556,0.0073937,0.1608133,0.0965517,0.767098,0.1312384,0.7417582,0.0054945,0.0274725,0.1333333,0.0054945,0.9945055,0.2714286,0.075,1.0,9.814710982145282
2896.0,0.4592541,0.0075967,0.2223757,0.183908,0.851174,0.0227901,0.6999147,0.0025575,0.0093777,0.1542898,0.0059676,0.9897698,0.2537851,0.0982906,0.5121951,9.989711119284745
289.0,0.4152249,0.0,0.4256055,0.2662722,0.7093426,0.1695502,0.6698113,0.0,0.0,0.0535714,0.0,1.0,0.3125,0.0810811,0.0,10.328787967145063
487.0,0.4599589,0.0,0.2443532,0.1634981,0.8583162,0.0,0.6820276,0.0,0.0,0.199262,0.0,0.9953917,0.3394834,0.1219512,0.5555556,9.615805480084347
229.0,0.4585153,0.0,0.1703057,0.0967742,0.8558952,0.0,0.6774194,0.0107527,0.0107527,0.1142857,0.0,0.9892473,0.2190476,0.04,1.0,9.615805480084347
123.0,0.504065,0.0,0.1626016,0.147541,0.8373984,0.0,0.6545455,0.0,0.0181818,0.2857143,0.0,1.0,0.3246753,0.0,0.7,9.615805480084347
8306.0,0.4795329,0.0021671,0.1775825,0.1161231,0.8916446,0.0078257,0.7656809,0.00065,0.0298993,0.0259576,0.00195,0.9866753,0.1617601,0.0330097,0.625,11.938853113303086
284.0,0.4964789,0.0,0.1091549,0.0629371,0.9647887,0.0,0.8701299,0.0,0.0,0.0833333,0.0,0.987013,0.202381,0.2,1.0,10.764286715905591
2932.0,0.5184175,0.0030696,0.0828786,0.0779037,0.7442019,0.0,0.5643725,0.0080972,0.1311741,0.0742129,0.0024291,0.9789474,0.4190405,0.0658135,0.375,10.62135173563291
1144.0,0.4554196,0.854021,0.1914336,0.2070626,0.8269231,0.0,0.6049383,0.0,0.0123457,0.1790541,0.8415638,0.9958848,0.4189189,0.1461988,0.6,9.615805480084347
1144.0,0.4798951,0.0026224,0.1171329,0.0991597,0.9370629,0.0,0.8133705,0.0027855,0.0083565,0.157277,0.0,0.4763231,0.342723,0.2253521,0.75,10.16203685698089
1512.0,0.4933862,0.0006614,0.1951058,0.1553525,0.864418,0.0,0.6974522,0.0031847,0.0191083,0.0885341,0.0015924,0.9856688,0.3164006,0.0338983,0.6875,9.69898173460629
3354.0,0.4740608,0.0,0.2155635,0.1598639,0.8133572,0.033393,0.6544923,0.0014609,0.0219138,0.111039,0.0,0.9985391,0.3980519,0.0820896,0.5294118,9.975854724662028
4438.0,0.4515548,0.0004507,0.2625056,0.1717338,0.8118522,0.0365029,0.6678986,0.0021119,0.0195354,0.0496739,0.000528,0.9957761,0.3135976,0.0409253,0.3571429,10.34177474101152
1106.0,0.4810127,0.0,0.1898734,0.1271777,0.8490054,0.0307414,0.7087156,0.0022936,0.0091743,0.0562771,0.0,0.9977064,0.1709957,0.1150442,0.75,10.130662964963708
1290.0,0.4713178,0.0,0.1271318,0.1407625,0.8806202,0.0,0.7219048,0.0,0.0152381,0.0789474,0.0,1.0,0.322807,0.0751445,0.7142857,10.518700218288165
135.0,0.5333333,0.0,0.1555556,0.0634921,0.9259259,0.0,0.8297872,0.0,0.0425532,0.0408163,0.0,1.0,0.1020408,0.1428571,0.0,11.119897691565697
1456.0,0.4828297,0.0,0.1394231,0.123506,0.8777473,0.0034341,0.7272727,0.0,0.0356506,0.065,0.0,0.9964349,0.2116667,0.0763359,1.0,10.357774570341576
16.0,0.625,0.0,0.1875,0.1666667,0.5625,0.0,0.4,0.0,0.1,0.8360656,0.0,0.9,0.6721311,0.0,1.0,10.177362240256695
151.0,0.5430464,0.0,0.0662252,0.0434783,0.9536424,0.0,0.8409091,0.0,0.0,0.1851852,0.0,1.0,0.2777778,0.25,1.0,9.615805480084347
4583.0,0.4553786,0.0013092,0.2740563,0.2075321,0.8110408,0.0096007,0.6197323,0.0039663,0.0203272,0.0893905,0.0009916,0.9940506,0.2045147,0.0829103,0.88,9.908524844053396
449.0,0.518931,0.0,0.0801782,0.0601852,0.8708241,0.0,0.7108434,0.0120482,0.0421687,0.3196721,0.0,0.9939759,0.5942623,0.1851852,1.0,10.859018228147887
853.0,0.4384525,0.0011723,0.3903869,0.2922756,0.7291911,0.0574443,0.56,0.0,0.015,0.1011236,0.0,0.9975,0.3595506,0.0526316,0.8333333,9.615805480084347
249.0,0.4658635,0.0,0.1365462,0.0902256,0.9036145,0.0,0.7525773,0.0,0.0,0.0761905,0.0,0.9896907,0.2857143,0.0526316,0.0,9.615805480084347
14274.0,0.4559339,0.1049461,0.2034468,0.1585115,0.7849236,0.0580076,0.6479414,0.0034892,0.0294836,0.0926073,0.0922889,0.9952896,0.3303783,0.0877907,0.5670103,10.102379394048045
528.0,0.4431818,0.0018939,0.2215909,0.2176871,0.7992424,0.0965909,0.734104,0.0057803,0.0231214,0.0797872,0.0,1.0,0.1595745,0.1891892,0.5,9.615805480084347
2679.0,0.4882419,0.0011198,0.1657335,0.1174325,0.8338932,0.0,0.6261426,0.0,0.0292505,0.0223414,0.0009141,0.9954296,0.3422699,0.0215633,0.0,11.410903813540878
883.0,0.4892412,0.0,0.1642129,0.1175166,0.8776897,0.0,0.7244318,0.0028409,0.0227273,0.0857143,0.0,0.9971591,0.2415584,0.0684932,0.6666667,9.857495968685136
372.0,0.5053763,0.0913978,0.2096774,0.1413043,0.8736559,0.0,0.7300613,0.0,0.0122699,0.1421053,0.0736196,1.0,0.2736842,0.0909091,0.8,10.925956465688445
1322.0,0.4727685,0.0007564,0.1459909,0.1219512,0.9001513,0.0,0.7663366,0.0019802,0.0217822,0.0595903,0.0019802,0.9920792,0.2867784,0.0689655,0.5,10.5610334618531
8356.0,0.4618238,0.0124461,0.1688607,0.1525461,0.8299426,0.0223791,0.6687764,0.003918,0.0301386,0.0605889,0.0138638,0.9954792,0.2624575,0.0984321,0.3939394,10.154285180632154
17775.0,0.4774684,0.0229536,0.1812658,0.1400732,0.698903,0.0614909,0.5558204,0.0034433,0.0885975,0.1058615,0.0209244,0.9912594,0.4023683,0.0505201,0.6,9.918425424900335
370.0,0.4891892,0.0,0.2135135,0.1746032,0.8216216,0.0,0.6097561,0.0,0.0121951,0.2372093,0.0,0.9878049,0.4046512,0.0882353,0.4545455,9.94755228369823
54.0,0.5555556,0.1481481,0.1296296,0.0,0.8518519,0.0,0.75,0.0,0.0416667,0.0,0.1666667,1.0,0.125,0.0,0.0,11.602775309696066
1468.0,0.4986376,0.1995913,0.1321526,0.1331522,0.9162125,0.0,0.7760314,0.0019646,0.0117878,0.1416526,0.1866405,0.9960707,0.2344013,0.1333333,0.9230769,9.803722464346553
1457.0,0.4955388,0.0205903,0.0967742,0.047619,0.9190117,0.0,0.8229755,0.0056497,0.039548,0.1728972,0.0169492,1.0,0.1386293,0.0952381,0.1666667,11.315705475634307
275.0,0.4909091,0.0109091,0.1054545,0.0714286,0.8763636,0.0,0.7227723,0.009901,0.049505,0.0900901,0.009901,1.0,0.1711712,0.2068966,0.0,9.923339198238729
3960.0,0.4691919,0.0073232,0.2426768,0.1560419,0.8676768,0.055303,0.8066992,0.0034892,0.0146546,0.0178204,0.0062805,0.9930216,0.0685401,0.0506329,0.875,11.527823929632195
2404.0,0.4513311,0.3585691,0.1772047,0.1493556,0.8569052,0.0191348,0.691048,0.0,0.0141921,0.1063415,0.3351528,0.9934498,0.3063415,0.1164384,0.8571429,10.047631185616188
3363.0,0.4745763,0.0023788,0.0826643,0.0430108,0.6827238,0.1358906,0.6745006,0.0047004,0.1374853,0.097561,0.0,0.9612221,0.2863203,0.2461059,0.6666667,10.555838779903407
2812.0,0.4896871,0.0067568,0.0817923,0.0606272,0.958037,0.0,0.8875676,0.0010811,0.0118919,0.0180467,0.0054054,0.9956757,0.0254777,0.2368421,0.3,11.055656405795794
461.0,0.4642082,0.0,0.2429501,0.1862348,0.8112798,0.0,0.6243902,0.004878,0.0341463,0.0465116,0.0,1.0,0.3348837,0.0,0.6666667,10.335302435967074
8712.0,0.4733701,0.0037879,0.1373967,0.0996077,0.8640955,0.0321396,0.7291942,0.0019815,0.0217966,0.1120235,0.0033025,0.9101717,0.3369501,0.1121121,0.6777778,10.666650414667744
164.0,0.4634146,0.0,0.1341463,0.125,0.902439,0.0,0.7627119,0.0169492,0.0169492,0.1917808,0.0,1.0,0.2191781,0.3636364,0.0,9.680406499268875
29137.0,0.4932903,0.0403954,0.0439304,0.0352208,0.9445722,0.0,0.8693602,0.0039653,0.0318294,0.0489247,0.0384739,0.974708,0.1688921,0.1291173,0.3548387,11.1447705923684
5726.0,0.4734544,0.0050646,0.0721271,0.0696517,0.9140761,0.0237513,0.8390743,0.0021529,0.025296,0.0327954,0.0026911,0.9892357,0.1827173,0.0702247,0.125,10.87049040995193
476.0,0.4831933,0.0,0.0987395,0.0772358,0.9264706,0.0,0.8076923,0.0,0.0320513,0.0658683,0.0,1.0,0.1197605,0.2068966,0.3333333,10.181157167204903
2935.0,0.4851789,0.002385,0.1529813,0.1416281,0.8524702,0.0211244,0.6926736,0.0038059,0.0333016,0.0471442,0.0009515,0.8439581,0.3263826,0.123839,0.6666667,10.589131655274922
1308.0,0.4510703,0.132263,0.1620795,0.1545961,0.8448012,0.0038226,0.6816547,0.0053957,0.028777,0.0702341,0.131295,0.9892086,0.3695652,0.073913,0.2,10.401258331428318
211.0,0.4976303,0.0,0.1658768,0.1037736,0.8388626,0.0,0.6931818,0.0227273,0.0568182,0.0833333,0.0,0.9886364,0.3958333,0.0909091,1.0,9.615805480084347
46.0,0.5217391,0.0,0.1086957,0.0454545,0.9347826,0.0,0.8571429,0.0,0.0714286,0.125,0.0,1.0,0.125,0.0,0.0,9.615805480084347
602.0,0.5,0.0,0.1578073,0.1295681,0.910299,0.0,0.7787611,0.0,0.0176991,0.0543933,0.0,1.0,0.3305439,0.0714286,0.0,9.918425424900335
336.0,0.4404762,0.0059524,0.202381,0.143617,0.7946429,0.1041667,0.7288136,0.0,0.0169492,0.0634921,0.0,1.0,0.2539683,0.1875,0.5,10.682835364853922
1700.0,0.4682353,0.0011765,0.1064706,0.0807522,0.9047059,0.0052941,0.7814465,0.0031447,0.0157233,0.0605613,0.0015723,1.0,0.2895126,0.1388889,0.7142857,10.510559281627845
1882.0,0.4829968,0.001594,0.1365569,0.1038027,0.8942614,0.0,0.7398031,0.0014065,0.0168776,0.1454327,0.0014065,0.9971871,0.2560096,0.0758621,0.7,10.025749432069084
20410.0,0.4505145,0.0019108,0.23317,0.1564868,0.8087212,0.0025478,0.6195558,0.0002156,0.030401,0.0428232,0.0021561,0.9943941,0.2543597,0.0158501,0.3368421,11.44999631476691
50793.0,0.4612053,0.2132774,0.169354,0.132605,0.8322013,0.0191562,0.6708674,0.0034951,0.0334745,0.0675235,0.1838633,0.9943881,0.279137,0.0950059,0.6055046,10.370392636243981
4902.0,0.494288,0.0265198,0.120767,0.0972166,0.746022,0.0081599,0.5561024,0.0054134,0.1161417,0.0469043,0.0285433,0.7819882,0.5895872,0.0951526,0.1333333,12.087294740154986
807.0,0.5241636,0.0012392,0.047088,0.0442708,0.9318463,0.0,0.8531746,0.0039683,0.0515873,0.0597015,0.0,0.984127,0.0746269,0.2352941,0.4,11.287291314687705
53056.0,0.455971,0.3662357,0.1866141,0.1546217,0.8221125,0.0268396,0.6687546,0.0030398,0.029615,0.0680345,0.3193165,0.9957167,0.3683307,0.081299,0.5117647,10.389026137075234
277.0,0.4873646,0.0036101,0.1407942,0.0915493,0.9025271,0.0,0.7524752,0.0,0.019802,0.0818182,0.0,1.0,0.3363636,0.0434783,0.3333333,10.53212287826962
4622.0,0.5028126,0.0064907,0.0560363,0.0448216,0.8613154,0.0,0.71529,0.0111306,0.0749854,0.0595041,0.0058582,0.9724663,0.3438017,0.0755814,0.1176471,11.16479958768697
278.0,0.5,0.0,0.1618705,0.1007194,0.8884892,0.0,0.7314815,0.0,0.0185185,0.2,0.0,1.0,0.2296296,0.125,0.8571429,9.615805480084347
6563.0,0.4866677,0.0063995,0.0857839,0.0789552,0.9043121,0.0,0.7852377,0.0054212,0.0383653,0.0279692,0.0050042,0.9954128,0.3153628,0.115942,0.5454545,10.39821428171237
830.0,0.4686747,0.0457831,0.3518072,0.1519274,0.7674699,0.0,0.6275862,0.0,0.0712644,0.4415918,0.0183908,0.9816092,0.5879332,0.0147059,0.2571429,11.184435286790631
93.0,0.4946237,0.0,0.1505376,0.0851064,0.8924731,0.0,0.7352941,0.0,0.0294118,0.2608696,0.0,1.0,0.4130435,0.0,1.0,9.615805480084347
12.0,0.5,0.0,0.0,0.0,0.9166667,0.0,0.8,0.0,0.0,0.4444444,0.0,1.0,0.3333333,0.0,0.0,9.615805480084347
687.0,0.4992722,0.0087336,0.154294,0.1075581,0.9170306,0.0,0.8,0.0,0.0192308,0.0613718,0.0038462,1.0,0.2527076,0.05,0.8,10.367253014814716
11992.0,0.5157605,0.0020847,0.1145764,0.0766317,0.9091895,0.0230987,0.8126471,0.0055882,0.0305882,0.0362812,0.0011765,0.5482353,0.4104308,0.3095423,0.2608696,11.971621655408228
98.0,0.5408163,0.0,0.2244898,0.0888889,0.8061224,0.0,0.5909091,0.0,0.0227273,0.0434783,0.0,1.0,0.1086957,0.0,1.0,9.615805480084347
606.0,0.4273927,0.189769,0.2541254,0.204611,0.7937294,0.029703,0.6192308,0.0038462,0.0230769,0.1034483,0.1769231,1.0,0.2172414,0.0740741,0.7142857,10.434145214930487
2653.0,0.4711647,0.0011308,0.1741425,0.1225944,0.8202035,0.0,0.6294682,0.0043592,0.0383609,0.0727567,0.0017437,0.9973845,0.3354891,0.0413943,0.125,10.485731104959568
2278.0,0.4710272,0.0087796,0.1966637,0.1385892,0.8279192,0.0144864,0.6582969,0.0054585,0.0393013,0.0821643,0.0043668,0.9912664,0.247495,0.0649718,0.3333333,10.499600568082863
4223.0,0.4714658,0.001184,0.1565238,0.1232079,0.846081,0.0075776,0.6869565,0.0028986,0.04,0.0400668,0.0011594,0.9942029,0.327212,0.0539568,0.2857143,10.853232402669228
19033.0,0.497084,0.0075133,0.0921032,0.0614292,0.8812063,0.0,0.758318,0.0062296,0.0608806,0.0656171,0.0065128,0.9433668,0.2586321,0.083476,0.0857143,11.82847315946983
221.0,0.4751131,0.0,0.3891403,0.2327586,0.8054299,0.0,0.5904762,0.0,0.0,0.1860465,0.0,1.0,0.3333333,0.1363636,0.7777778,9.615805480084347
31487.0,0.5001747,0.012005,0.0765713,0.0664633,0.9036745,0.0136247,0.7987805,0.0068335,0.0493061,0.0261083,0.0112489,0.6213204,0.3818982,0.2480526,0.4074074,12.161080509711283
367.0,0.4877384,0.0,0.2016349,0.2074468,0.7929155,0.0,0.5875,0.00625,0.04375,0.0361446,0.0,1.0,0.2891566,0.0,0.25,10.094149233605084
497.0,0.4788732,0.0,0.2132797,0.1312741,0.8672032,0.0,0.7135678,0.0,0.0452261,0.2683824,0.0,0.9798995,0.4264706,0.1,1.0,9.994287576862567
11821.0,0.4795703,0.0367143,0.10659,0.0747724,0.8029778,0.0104898,0.6311024,0.0027559,0.0559055,0.0532985,0.0336614,0.9771654,0.347186,0.0364609,0.3513514,11.049317340813348
1849.0,0.4716063,0.0005408,0.2514873,0.1566018,0.825311,0.0,0.6248432,0.0037641,0.0225847,0.0807382,0.0,1.0,0.3091119,0.075,0.75,10.003378135350923
1908.0,0.4827044,0.0073375,0.1001048,0.0840932,0.8249476,0.0104822,0.6600266,0.0039841,0.063745,0.0492424,0.0106242,0.9920319,0.3219697,0.0576271,0.4545455,11.098939154318382
843.0,0.4780546,0.0023725,0.1233689,0.0613636,0.8481613,0.0,0.6845238,0.0059524,0.047619,0.0869565,0.0,0.9821429,0.3804348,0.1167883,1.0,10.39821428171237
705.0,0.4737589,0.0,0.2539007,0.2021563,0.8070922,0.058156,0.6775362,0.0036232,0.0108696,0.1238095,0.0,0.9855072,0.2920635,0.115942,0.8333333,10.130662964963708
11567.0,0.4936457,0.0212674,0.074263,0.0578795,0.9430276,0.0,0.8638074,0.0020065,0.0235766,0.0258979,0.019062,0.9952345,0.0838016,0.1046832,0.3061224,11.243751064074187
3081.0,0.4540734,0.0035703,0.2330412,0.1712247,0.7315807,0.0243427,0.5457582,0.005344,0.0414162,0.0620301,0.00334,0.991316,0.4580201,0.033195,0.0769231,11.554077005184336
196.0,0.4336735,0.0,0.1377551,0.0630631,0.9336735,0.0,0.8142857,0.0,0.0,0.1463415,0.0,1.0,0.2195122,0.25,0.0,10.221977646629885
1150.0,0.4556522,0.0,0.1878261,0.1469649,0.8182609,0.0,0.6130346,0.0040733,0.0366599,0.0890538,0.0,0.9898167,0.4248609,0.0808511,1.0,10.221977646629885
19360.0,0.4513946,0.0028926,0.4650826,0.2376424,0.7890496,0.0,0.6273033,0.001527,0.0366487,0.1921875,0.0021378,0.9864603,0.3739309,0.0592992,0.4836957,10.604131561522696
2690.0,0.5018587,0.005948,0.06171,0.0320896,0.7739777,0.0085502,0.6235489,0.0033167,0.0986733,0.2143322,0.0074627,0.9676617,0.4885993,0.0072464,0.7741935,11.837187748284698
833.0,0.4921969,0.0,0.1164466,0.0898345,0.9207683,0.0,0.807309,0.0,0.0265781,0.019544,0.0,0.9966777,0.0228013,0.0,1.0,11.243751064074187
874.0,0.493135,0.0,0.1224256,0.0586907,0.9302059,0.0125858,0.8511327,0.0032362,0.012945,0.0664653,0.0,0.9967638,0.1329305,0.1666667,0.6,10.589131655274922
19987.0,0.4847651,0.0124581,0.164557,0.1074966,0.8924801,0.0,0.7670617,0.003678,0.0446806,0.0174006,0.0098079,0.8754938,0.1662428,0.1493213,0.1923077,12.011279642540796
983.0,0.5025432,0.0,0.1139369,0.0470348,0.9511699,0.0,0.8918919,0.0,0.0216216,0.0314136,0.0,0.9837838,0.0183246,0.0,0.6666667,11.91170829631447
55.0,0.4909091,0.3454545,0.2545455,0.3214286,0.7454545,0.0,0.5714286,0.0357143,0.0357143,0.2,0.2857143,1.0,0.2571429,0.0,0.0,9.615805480084347
765.0,0.4444444,0.2875817,0.1882353,0.1811765,0.8588235,0.0,0.6623794,0.0032154,0.0064309,0.1617251,0.221865,0.9935691,0.3234501,0.1,1.0,9.893487720457795
283.0,0.4982332,0.0,0.1342756,0.1056338,0.9116608,0.0,0.7735849,0.0,0.009434,0.0535714,0.0,0.9716981,0.2767857,0.2857143,0.5,9.717218213494077
344.0,0.4563953,0.0,0.2848837,0.197861,0.8372093,0.0,0.6339869,0.0,0.0,0.2850467,0.0,0.9281046,0.4579439,0.2368421,0.8571429,9.615805480084347
761.0,0.4756899,0.0,0.1327201,0.112782,0.8777924,0.0,0.6976744,0.0033223,0.0033223,0.1615599,0.0,1.0,0.3286908,0.0864198,0.5,9.888424674859083
881.0,0.4585698,0.3927355,0.2451759,0.2264151,0.8036322,0.0669694,0.6686747,0.0,0.0120482,0.1573604,0.3463855,0.9879518,0.4467005,0.0952381,1.0,9.77571099759397
1584.0,0.4911616,0.0,0.1294192,0.0880893,0.9103535,0.0,0.7835052,0.0034364,0.0206186,0.0168919,0.0,0.9965636,0.1554054,0.127907,0.0,10.566201298475118
181.0,0.5635359,0.038674,0.1767956,0.1012658,0.8895028,0.0,0.7468354,0.0,0.0,0.6680672,0.0253165,1.0,0.394958,0.0714286,1.0,10.736418414365376
18906.0,0.4518671,0.591664,0.162065,0.1524655,0.8430657,0.0186713,0.6624041,0.0025575,0.0278488,0.0735817,0.5301222,0.9968741,0.4470186,0.1598668,0.5625,10.367253014814716
53.0,0.509434,0.0,0.1132075,0.0769231,0.9433962,0.0,0.8333333,0.0,0.0,0.1818182,0.0,1.0,0.0454545,0.0,0.0,10.158168529848494
5938.0,0.4898956,0.0025261,0.1160323,0.0815451,0.8662849,0.0,0.717354,0.0064433,0.0472509,0.0563437,0.0017182,0.9918385,0.3956222,0.1031519,0.7096774,10.181157167204903
534.0,0.5224719,0.0,0.0992509,0.0627451,0.8970037,0.0,0.7681159,0.0,0.0338164,0.1976744,0.0,0.9855072,0.3992248,0.0833333,0.5,10.295563423525277
2500.0,0.4616,0.0064,0.2552,0.1448737,0.7612,0.044,0.6244344,0.0027149,0.0533937,0.1138733,0.000905,0.9936652,0.2285485,0.0390625,0.3421053,12.200059603373045
516259.0,0.4882084,0.1006239,0.1518618,0.1026315,0.6426968,0.0410627,0.4772625,0.0037262,0.1248574,0.0495117,0.0832355,0.9735744,0.5035297,0.0402668,0.2441791,11.452123952509567
451.0,0.4678492,0.0310421,0.1374723,0.1083333,0.864745,0.037694,0.7575758,0.0,0.0242424,0.0060241,0.0121212,1.0,0.313253,0.0625,0.0,10.626217806887722
414.0,0.4903382,0.0,0.1908213,0.1232227,0.8913043,0.0,0.7380952,0.0,0.0059524,0.1111111,0.0,0.9940476,0.4656085,0.1132075,1.0,9.87822102528824
196.0,0.5204082,0.005102,0.0714286,0.106383,0.9693878,0.0,0.8604651,0.0,0.0,0.4415584,0.0232558,0.9767442,0.6493506,0.6,1.0,10.21833478806055
22660.0,0.5122683,0.003045,0.0907326,0.0731089,0.5921447,0.1225508,0.5232545,0.0035425,0.1749514,0.0401448,0.0020569,0.9878871,0.5102556,0.0430046,0.3076923,10.950824090522445
11850.0,0.4603376,0.6450633,0.1269198,0.1144644,0.8394093,0.0135021,0.6888604,0.0034144,0.0512164,0.0407369,0.5697823,0.9955186,0.2452405,0.0614641,0.4166667,10.785207543360087
470.0,0.5191489,0.0,0.0914894,0.0575221,0.9234043,0.0,0.807947,0.0066225,0.0397351,0.0320513,0.0,0.986755,0.2179487,0.2272727,1.0,10.707751151716078
26301.0,0.4736702,0.0686286,0.1161553,0.0915264,0.774039,0.0503403,0.6621866,0.0034315,0.0818797,0.0819916,0.0594796,0.9818892,0.3798565,0.0460624,0.3346304,10.915106645867503
119.0,0.4789916,0.0,0.1008403,0.0645161,0.9243697,0.0,0.7692308,0.0,0.0,0.0714286,0.0,1.0,0.0952381,0.5,0.0,9.615805480084347
6026.0,0.4673083,0.003319,0.208928,0.165109,0.7620312,0.063392,0.6217092,0.0060753,0.0384771,0.0728502,0.0012151,0.9975699,0.3041682,0.0515723,0.5555556,9.923339198238729
355.0,0.4732394,0.0112676,0.1577465,0.1336898,0.9070423,0.0,0.778626,0.0,0.0305344,0.0437956,0.0076336,1.0,0.1532847,0.3333333,0.0,10.094149233605084
707.0,0.4922207,0.7213579,0.1032532,0.086351,0.9207921,0.0,0.7579909,0.0,0.0136986,0.1411765,0.6849315,0.9908676,0.3058824,0.2340426,0.5,9.746892220313054
1138.0,0.4956063,0.0026362,0.129174,0.1045296,0.8725835,0.0,0.7186761,0.0047281,0.0496454,0.0342466,0.0023641,1.0,0.2465753,0.041958,1.0,10.87806606028079
8190.0,0.4825397,0.0371184,0.1042735,0.0865975,0.8764347,0.0269841,0.7487994,0.0055412,0.029553,0.1290219,0.0398966,0.7676395,0.3716216,0.1934783,0.6382979,10.502351525774941
17483.0,0.4886461,0.0211062,0.0745867,0.0604027,0.9174627,0.007493,0.828707,0.0073788,0.0398805,0.0298279,0.0184469,0.9246311,0.165502,0.1237263,0.047619,11.591745887495987
2256.0,0.4618794,0.0013298,0.1573582,0.1227348,0.8470745,0.0,0.672949,0.0088692,0.037694,0.0748718,0.0011086,0.9512195,0.3312821,0.0766667,0.25,10.407318772389159
115.0,0.4956522,0.0,0.2608696,0.1896552,0.8782609,0.0,0.6888889,0.0,0.0,0.3181818,0.0,0.6666667,0.4545455,0.0,0.0,9.615805480084347
9042.0,0.4870604,0.0274276,0.1437735,0.1090987,0.8706038,0.0012165,0.7169591,0.0026316,0.047076,0.0295119,0.0330409,0.9862573,0.2996595,0.0455868,0.4,11.31204474745499
1331.0,0.4815928,0.0015026,0.1314801,0.0956522,0.9120962,0.0,0.7638298,0.0,0.012766,0.0408163,0.0042553,0.9957447,0.177551,0.0978261,0.5,10.376642461280849
422.0,0.443128,0.0,0.3672986,0.212766,0.7796209,0.0,0.5747664,0.0,0.0093458,0.1893939,0.0,1.0,0.3863636,0.0163934,1.0,9.69898173460629
1070.0,0.482243,0.0,0.1738318,0.1245487,0.8906542,0.0,0.723192,0.0024938,0.0124688,0.031401,0.0,0.9600998,0.2874396,0.1034483,0.8571429,10.150386692204734
2006.0,0.5239282,0.0199402,0.1595214,0.0691099,0.8190429,0.0648056,0.7662142,0.0105581,0.0618401,0.088033,0.0,0.8853695,0.3741403,0.2839506,0.375,11.987922854613139
818.0,0.4523227,0.0085575,0.2982885,0.2745536,0.6112469,0.0305623,0.3775744,0.0022883,0.0411899,0.1937269,0.0022883,0.9954233,0.5848708,0.0228758,1.0,9.803722464346553
24127.0,0.4882497,0.0159158,0.1141874,0.0714344,0.7710449,0.018071,0.6280059,0.0037605,0.1019297,0.0208333,0.0146462,0.9434933,0.3847868,0.0325184,0.38,12.704727505104454
18604.0,0.477478,0.0139755,0.1555579,0.1141858,0.7763922,0.0755751,0.6607219,0.0041375,0.039806,0.0605817,0.0094165,0.9927236,0.2680606,0.0706612,0.3898305,10.434145214930487
261229.0,0.5332869,0.3905079,0.1051108,0.0987623,0.7084129,0.1264484,0.6441807,0.0060015,0.0881669,0.0940038,0.3633072,0.9789892,0.4305603,0.1041105,0.4696459,11.013715451376466
533.0,0.4803002,0.0,0.3771107,0.133574,0.7767355,0.0,0.6304348,0.0,0.0615942,0.4320988,0.0,0.9927536,0.5617284,0.0470588,0.0,11.150534214035387
24727.0,0.4660493,0.0390666,0.1748696,0.1327729,0.8700206,0.0115259,0.7108105,0.0008727,0.023781,0.0347478,0.0379623,0.9596378,0.320417,0.0615332,0.4166667,12.308633746480464
6061.0,0.4868834,0.061541,0.0691305,0.0569132,0.8887972,0.0,0.7630085,0.0108798,0.0572375,0.0360237,0.0610218,0.9531693,0.3187415,0.1454183,0.2,11.028433383156079
45.0,0.4888889,0.0,0.4,0.173913,0.7333333,0.0,0.6190476,0.0,0.1904762,0.25,0.0,1.0,0.6428571,0.2,0.0,9.615805480084347
142.0,0.471831,0.0,0.2253521,0.1466667,0.8309859,0.0,0.6451613,0.0,0.0322581,0.1142857,0.0,1.0,0.1571429,0.0,1.0,9.615805480084347
332.0,0.4246988,0.2981928,0.1355422,0.1937173,0.8885542,0.0,0.7109375,0.0,0.0,0.0791367,0.21875,1.0,0.3165468,0.1666667,0.3333333,9.97119292889014
84.0,0.4761905,0.0,0.1428571,0.1136364,0.8690476,0.0,0.6333333,0.0,0.0,0.0909091,0.0,1.0,0.3636364,0.4,0.0,10.199918739620157
4853.0,0.4595096,0.1485679,0.1743252,0.1429661,0.8347414,0.0397692,0.6965742,0.0038064,0.0244698,0.0832502,0.1299619,0.995106,0.3070788,0.0742115,0.6904762,10.360944044643913
2662.0,0.4774606,0.0056349,0.1232156,0.1028037,0.8767844,0.0,0.7295476,0.0057748,0.0375361,0.0588768,0.0105871,0.9980751,0.2971014,0.1,0.75,10.25769445336048
1587.0,0.4820416,0.015753,0.1480781,0.120438,0.8645243,0.0592313,0.7850638,0.0,0.0054645,0.0265957,0.003643,0.9945355,0.285461,0.1025641,0.0,10.898607948952096
4274.0,0.4670098,0.0044455,0.1731399,0.142669,0.8462798,0.0493683,0.7414248,0.0026385,0.0316623,0.0659273,0.0032982,0.8298153,0.3247073,0.1319876,0.48,10.823790225800138
1875.0,0.4357333,0.3136,0.2192,0.1824197,0.8645333,0.0,0.6791237,0.0,0.0064433,0.0639324,0.2525773,0.9987113,0.2907117,0.0575221,0.8,10.038935856711177
4316.0,0.4796108,0.0006951,0.1512975,0.1202137,0.8642261,0.0097312,0.6986216,0.0018797,0.0325815,0.0584071,0.0,0.9924812,0.3663717,0.0876963,0.4444444,11.322986972837104
520.0,0.4769231,0.0,0.1557692,0.125,0.8865385,0.0,0.729064,0.0049261,0.0197044,0.2591241,0.0,0.9950739,0.4562044,0.15625,0.0,9.6678285081515
144.0,0.4375,0.0,0.0972222,0.0246914,0.9444444,0.0,0.8431373,0.0,0.0,0.2153846,0.0,0.9607843,0.4923077,0.1,0.6666667,10.211009016314167
460.0,0.526087,0.0152174,0.1152174,0.0733945,0.8086957,0.0,0.6263158,0.0105263,0.0736842,0.0776699,0.0210526,0.9947368,0.4417476,0.0540541,0.0,10.774801838762809
91.0,0.5274725,0.0,0.1208791,0.0697674,0.9340659,0.0,0.8064516,0.0,0.0,0.0882353,0.0,1.0,0.2647059,0.3333333,0.0,9.61587214452889
249.0,0.4658635,0.3092369,0.1726908,0.1954887,0.8835341,0.0,0.6947368,0.0,0.0,0.1037736,0.2736842,1.0,0.1886792,0.0,0.0,10.056251557087757
336.0,0.4791667,0.0,0.1666667,0.1714286,0.860119,0.0,0.6888889,0.0074074,0.0222222,0.0425532,0.0,1.0,0.1347518,0.1,0.0,9.994287576862567
316.0,0.4968354,0.0506329,0.1265823,0.0440252,0.8607595,0.0,0.704918,0.0,0.057377,0.1812081,0.0327869,0.9672131,0.4295302,0.1,0.0,11.07753193632009
2024.0,0.4950593,0.4960474,0.041996,0.0391389,0.8838933,0.0,0.7464183,0.0143266,0.0530086,0.1487805,0.4756447,0.9613181,0.5560976,0.1158129,0.5,9.615805480084347
152.0,0.5065789,0.1513158,0.2236842,0.2,0.8157895,0.0,0.6307692,0.0,0.0615385,0.1666667,0.1384615,1.0,0.1794872,0.2222222,0.1428571,9.966509298952284
8894.0,0.4901057,0.0091073,0.0729705,0.0606395,0.9368113,0.0,0.8393588,0.0023874,0.0252387,0.0124621,0.0092087,0.9768076,0.0936342,0.1342105,0.1111111,11.298506245754995
174.0,0.4770115,0.0,0.1264368,0.0769231,0.8678161,0.0,0.6875,0.0,0.046875,0.2727273,0.0,1.0,0.2613636,0.1176471,1.0,10.440010162389305
434.0,0.483871,0.0,0.1497696,0.1160714,0.8732719,0.0,0.6962025,0.0,0.0443038,0.0760234,0.0,1.0,0.3274854,0.1408451,0.0,10.308985993422082
1269.0,0.4799054,0.0,0.2340426,0.1636364,0.8408195,0.0,0.6541219,0.0017921,0.0143369,0.2173913,0.0,0.9946237,0.3380084,0.1391304,0.8148148,9.841665338892785
2197.0,0.4542558,0.0,0.2976787,0.2176814,0.7683204,0.0659991,0.6299046,0.0021209,0.0116649,0.1388128,0.0,1.0,0.3013699,0.0700389,0.6896552,9.957075711706057
35.0,0.5142857,0.0,0.3714286,0.4117647,0.6,0.0,0.3913043,0.0,0.0,0.2068966,0.0,1.0,0.3793103,0.0,0.6666667,9.61587214452889
26017.0,0.4597763,0.0341315,0.1812277,0.152259,0.7888688,0.0522351,0.6530908,0.0034826,0.0384057,0.1227936,0.0280546,0.9861662,0.3310421,0.0864967,0.6283525,10.207325906555994
57546.0,0.4711361,0.0057519,0.1598026,0.1089899,0.7967365,0.0620199,0.6810188,0.0024257,0.04231,0.0420074,0.0040584,0.9954751,0.3004871,0.0572608,0.544,10.566201298475118
99616.0,0.4966471,0.0973137,0.063554,0.0579754,0.8847474,0.0069166,0.7494136,0.0046341,0.0446536,0.0971824,0.0937411,0.8493335,0.3774954,0.1309245,0.6226204,10.847412906506923
459.0,0.4727669,0.0,0.2614379,0.1818182,0.8605664,0.0,0.681592,0.0,0.0,0.0336538,0.0,0.9950249,0.2211538,0.1764706,0.0,10.268165387743457
8059.0,0.4804566,0.0006204,0.0662613,0.0630523,0.9743144,0.0,0.9056698,0.0015053,0.0070246,0.130833,0.0005018,0.0260913,0.5381596,0.3395445,0.4285714,9.729193687429403
2875.0,0.5074783,0.0041739,0.0730435,0.0409605,0.9001739,0.0,0.799609,0.0087977,0.0606061,0.0394366,0.0039101,0.9765396,0.1342723,0.0816327,0.3333333,11.390769130367211
229.0,0.4978166,0.0,0.1441048,0.1826087,0.8777293,0.0,0.7021277,0.0,0.0,0.0961538,0.0,1.0,0.2403846,0.1612903,0.0,9.918425424900335
1233.0,0.4841849,0.1094891,0.0308191,0.0393082,0.86618,0.0,0.732334,0.012848,0.0642398,0.1864111,0.0985011,0.9486081,0.5017422,0.0714286,0.2857143,10.640675541671662
12059.0,0.4673688,0.0024878,0.1557343,0.1306243,0.8385438,0.0286093,0.6980334,0.0031719,0.030239,0.0368635,0.0012688,0.9911186,0.3152749,0.0677644,0.2916667,10.594156665220533
20586.0,0.4802293,0.0015545,0.1436899,0.1108411,0.8828816,0.0096182,0.7488224,0.0017823,0.0250796,0.0277262,0.0005092,0.9901973,0.2169823,0.0490628,0.0877193,11.07443600653965
1145.0,0.5222707,0.0375546,0.3082969,0.1371115,0.7371179,0.0262009,0.613806,0.011194,0.0876866,0.3399015,0.0298507,0.9813433,0.6933498,0.0957447,0.5,10.889323003601277
1444.0,0.4930748,0.0020776,0.1149584,0.0915301,0.8954294,0.0,0.7468124,0.0018215,0.0163934,0.0955519,0.0018215,0.9908925,0.3179572,0.0924855,0.8695652,10.468829770273567
1050.0,0.4914286,0.0009524,0.0771429,0.0561798,0.96,0.0,0.8777778,0.0037037,0.0185185,0.0425532,0.0,0.1666667,0.3794326,0.3628319,1.0,11.620891583095712
447.0,0.4787472,0.0,0.1834452,0.1244635,0.8590604,0.0,0.7112299,0.0053476,0.0374332,0.0878049,0.0,0.9946524,0.2341463,0.0338983,0.5,9.923339198238729
14207.0,0.5039065,0.0268882,0.0605335,0.0614359,0.9179278,0.0,0.7904275,0.0069703,0.0381041,0.1066833,0.026487,0.5211431,0.5128684,0.2526709,0.6515152,10.308985993422082
298.0,0.4597315,0.0067114,0.1510067,0.1180124,0.8758389,0.0,0.7033898,0.0,0.0169492,0.1323529,0.0084746,1.0,0.3602941,0.0645161,1.0,9.781376414141157
372.0,0.4865591,0.0,0.1317204,0.0837696,0.8924731,0.0,0.7615385,0.0076923,0.0461538,0.0714286,0.0,1.0,0.0785714,0.1666667,0.0,10.376642461280849
1597.0,0.489042,0.0006262,0.183469,0.1446078,0.8609894,0.003757,0.6821192,0.0033113,0.0331126,0.1182482,0.0016556,0.8460265,0.3956204,0.1666667,0.7391304,10.236417809461043
115.0,0.5043478,0.0,0.3130435,0.1578947,0.8086957,0.0,0.6140351,0.0,0.0,0.25,0.0,1.0,0.2763158,0.0,0.5,9.615805480084347
61741.0,0.4693478,0.2362126,0.1534961,0.1255074,0.8277644,0.0195818,0.6709889,0.0036419,0.0388202,0.0832141,0.1906992,0.9932765,0.3539901,0.0851582,0.4433249,10.586609649448985
4965.0,0.46143,0.0132931,0.1738167,0.1563201,0.8213494,0.0431017,0.6899497,0.0035176,0.0221106,0.0586566,0.0115578,0.9949749,0.4030274,0.0640394,0.625,10.27163147557801
2263.0,0.4935926,0.0017676,0.1254971,0.0968586,0.894388,0.0101635,0.7580247,0.0037037,0.0197531,0.1801619,0.0012346,0.1530864,0.4068826,0.1302817,1.0,10.221977646629885
5062.0,0.4838009,0.0035559,0.1072699,0.0761577,0.8658633,0.0225207,0.7375768,0.0039084,0.0435511,0.0657277,0.0027917,0.8994975,0.3468962,0.0809595,0.3684211,10.942013616092948
2329.0,0.4693001,0.0047231,0.2211249,0.157767,0.8480034,0.0261915,0.7073171,0.0031813,0.0106045,0.1120527,0.0010604,0.9925769,0.2721281,0.1014493,0.6111111,10.077482875583607
1563.0,0.4728087,0.0012796,0.15611,0.1395631,0.8560461,0.0339091,0.7197898,0.0035026,0.0175131,0.0593081,0.0,0.9964974,0.2454695,0.119403,0.8333333,10.373522431293592
2311.0,0.5209866,0.006058,0.0575508,0.0569106,0.9567287,0.0025963,0.8646617,0.0018797,0.0150376,0.025641,0.0037594,0.3270677,0.5054945,0.5,0.0,10.725489582719506
5904.0,0.488313,0.0064363,0.1243225,0.1055942,0.8992209,0.0140583,0.7923004,0.0047529,0.0242395,0.035747,0.0047529,0.9871673,0.2043996,0.0580475,0.4444444,11.468984026707245
78.0,0.5,0.0,0.1794872,0.1025641,0.8846154,0.0,0.71875,0.0,0.0,0.0588235,0.0,0.96875,0.1764706,0.25,0.0,9.615805480084347
1128.0,0.4689716,0.0,0.1276596,0.1035058,0.9024823,0.0,0.7612293,0.0,0.0189125,0.0662252,0.0,0.9952719,0.1479029,0.1230769,0.8333333,10.21833478806055
8444.0,0.4622217,0.004145,0.1411653,0.1281656,0.8415443,0.030199,0.7125078,0.0040448,0.0398258,0.0533137,0.0028002,0.990977,0.3072165,0.0644172,0.3783784,10.835671318412196
1752.0,0.4908676,0.0142694,0.1952055,0.0751121,0.8984018,0.0114155,0.8172515,0.002924,0.0365497,0.1128405,0.0102339,0.9766082,0.3151751,0.1320755,0.4583333,10.985309671896763
329.0,0.4772036,0.5106383,0.2218845,0.1511628,0.9027356,0.0,0.7480315,0.0,0.0,0.1118881,0.4409449,0.9606299,0.2447552,0.2727273,1.0,9.615805480084347
690.0,0.5028986,0.0028986,0.0927536,0.0991254,0.8898551,0.0,0.7669173,0.0112782,0.0413534,0.1278689,0.0075188,0.9887218,0.3901639,0.0597015,0.0,10.650199196425806
1574.0,0.4752224,0.0006353,0.1531131,0.1089588,0.7668361,0.0,0.5853659,0.0086083,0.0789096,0.2732013,0.0014347,0.9942611,0.3691345,0.0348432,0.5714286,11.49171204297103
125.0,0.48,0.0,0.184,0.2307692,0.84,0.0,0.6415094,0.0,0.0188679,0.1846154,0.0,1.0,0.3076923,0.1428571,1.0,10.308985993422082
130.0,0.5230769,0.0,0.1538462,0.1774194,0.8307692,0.0,0.5849057,0.0,0.0,0.0701754,0.0,1.0,0.3684211,0.25,0.0,10.177362240256695
85.0,0.5058824,0.0,0.3882353,0.2380952,0.8352941,0.0,0.6666667,0.0,0.0,0.2631579,0.0,1.0,0.2807018,0.0,1.0,9.615805480084347
154.0,0.4935065,0.0,0.1233766,0.0641026,0.8766234,0.0,0.75,0.0,0.0666667,0.0322581,0.0,1.0,0.2580645,0.0,0.0,9.942756341456828
2535.0,0.4714004,0.0,0.1952663,0.1507463,0.8607495,0.0,0.6886342,0.0028653,0.0200573,0.0550542,0.0,0.9980898,0.2400722,0.0645161,0.75,10.146472946063877
3161.0,0.4903512,0.1841189,0.1075609,0.0751086,0.9126859,0.0,0.7885816,0.0071365,0.0276539,0.0634921,0.1570027,0.9955397,0.3015873,0.1219512,0.3333333,10.285376924115587
2428.0,0.4509885,0.0700165,0.1997529,0.1882971,0.8447282,0.0428336,0.7215909,0.0034091,0.0238636,0.1029562,0.0568182,0.9761364,0.3170234,0.0964286,0.8181818,10.55323128448846
16318.0,0.4982841,0.0424684,0.0417331,0.0352999,0.9165952,0.0,0.8152253,0.0038154,0.0499637,0.0564032,0.0417878,0.90625,0.1493228,0.0939005,0.3423423,11.304682841344873
10742.0,0.4872463,0.1826476,0.129771,0.1036674,0.861199,0.005027,0.7095263,0.0033837,0.0549193,0.0529948,0.1496616,0.9229568,0.3201873,0.1463259,0.6346154,11.613684409620816
1669.0,0.4457759,0.0029958,0.2354703,0.1816216,0.8292391,0.0,0.6355014,0.00271,0.0189702,0.1286895,0.001355,0.99729,0.3671783,0.0486891,0.8333333,9.770013301136158
512.0,0.4609375,0.0,0.1835938,0.1485507,0.8554688,0.0,0.6778846,0.0,0.0336538,0.1404959,0.0,0.9951923,0.2520661,0.2553191,1.0,10.21833478806055
4391.0,0.4916875,0.0724209,0.0598952,0.0707885,0.8920519,0.0425871,0.8300609,0.0033852,0.0189573,0.0580357,0.056872,0.9911984,0.3105867,0.0730479,0.425,10.77270764101727
5388.0,0.4548998,0.1390126,0.2553823,0.1886279,0.7050854,0.1445805,0.6423745,0.0033784,0.023166,0.1227773,0.1124517,0.9927606,0.3526672,0.0638298,0.3684211,10.77270764101727
1268.0,0.511041,0.0,0.0741325,0.0403226,0.9550473,0.0,0.8886139,0.0024752,0.0272277,0.0146341,0.0,0.9950495,0.097561,0.1458333,0.0,11.299744620670225
888.0,0.4853604,0.0,0.1644144,0.1531729,0.838964,0.0,0.6557377,0.0054645,0.0355191,0.0985222,0.0,1.0,0.3743842,0.0909091,0.6428571,10.407318772389159
298.0,0.4765101,0.0,0.3120805,0.2179487,0.8154362,0.0,0.6433566,0.0,0.027972,0.117284,0.0,1.0,0.308642,0.027027,1.0,9.615805480084347
1332.0,0.4459459,0.0,0.2897898,0.2235772,0.768018,0.0472973,0.6020583,0.0017153,0.0188679,0.0862069,0.0,0.9948542,0.2554859,0.0740741,0.625,9.615805480084347
5610.0,0.4973262,0.0122995,0.1201426,0.0861702,0.9229947,0.0244207,0.859687,0.0010793,0.012952,0.0048335,0.0021587,0.9875877,0.0912997,0.052356,0.6666667,12.21255657932543
1056.0,0.4157197,0.282197,0.1306818,0.1361426,0.7840909,0.1070076,0.7216216,0.0027027,0.0216216,0.0726817,0.1918919,1.0,0.3107769,0.1447368,0.7142857,9.898525260706313
1610.0,0.4962733,0.0,0.136646,0.0875462,0.9180124,0.0,0.7946578,0.0016694,0.0083472,0.0275974,0.0,0.9983306,0.0909091,0.1666667,0.6,10.63106031411106
1794.0,0.4671126,0.0189521,0.1677815,0.1328452,0.8717949,0.041806,0.7664,0.0032,0.0096,0.0740741,0.0256,1.0,0.2888889,0.08,0.5384615,10.367253014814716
5972.0,0.5058607,0.0031815,0.0741795,0.0491359,0.8946752,0.0,0.772298,0.0104932,0.0697796,0.1093458,0.0020986,0.9118573,0.3219626,0.1680328,0.0666667,11.718320437984499
389.0,0.4730077,0.0,0.1413882,0.1170732,0.840617,0.0,0.6578947,0.0065789,0.0526316,0.0731707,0.0,1.0,0.2682927,0.2,1.0,9.994287576862567
2360.0,0.4487288,0.0288136,0.2411017,0.1906226,0.7741525,0.0677966,0.6540816,0.0020408,0.0285714,0.0917516,0.0285714,0.9969388,0.3299351,0.0519031,0.7333333,10.594156665220533
864.0,0.4675926,0.0023148,0.1203704,0.0978261,0.9166667,0.0,0.7859425,0.0,0.0159744,0.0515152,0.0031949,1.0,0.2242424,0.1617647,1.0,9.873079890114703
37826.0,0.478454,0.055861,0.0960979,0.06985,0.8163168,0.0063713,0.6454384,0.0031482,0.0713583,0.0667197,0.054896,0.9850462,0.4131726,0.0341138,0.4452055,11.046132675457146
141.0,0.5035461,0.0,0.0992908,0.0571429,0.9432624,0.0,0.8653846,0.0,0.0192308,0.5737705,0.0,1.0,0.3688525,0.25,1.0,10.907807476583594
563.0,0.4777975,0.0017762,0.0692718,0.0578231,0.8987567,0.0,0.7849462,0.016129,0.0430108,0.0210526,0.0,0.9731183,0.3052632,0.1343284,0.0,10.742918838113225
819.0,0.4481074,0.4542125,0.1159951,0.1460177,0.8998779,0.0,0.7303754,0.0,0.0068259,0.101227,0.3788396,1.0,0.2699387,0.1917808,1.0,10.094149233605084
1232.0,0.4837662,0.0008117,0.1420455,0.1194969,0.875,0.0,0.7121212,0.008658,0.0324675,0.0628803,0.0021645,0.9978355,0.2454361,0.1139241,0.3333333,10.385944565501662
3712.0,0.4781789,0.0083513,0.1306573,0.0893134,0.8609914,0.012931,0.7282322,0.0013193,0.0310026,0.0380711,0.0085752,0.9967018,0.2893401,0.0335917,0.4166667,10.685126264117057
22224.0,0.6651368,0.2527448,0.0051296,0.0032249,0.5935475,0.4047426,0.9927746,0.000578,0.0017341,0.0206623,0.25,0.9083815,0.1845457,0.2411492,0.0,11.305913595583258
2115.0,0.4609929,0.0907801,0.2014184,0.1912281,0.8515366,0.0222222,0.7024504,0.0,0.0128355,0.0892667,0.084014,0.9953326,0.3379384,0.0897959,0.7777778,9.846970109700957
1895.0,0.4480211,0.0137203,0.2443272,0.208413,0.7952507,0.0358839,0.6219975,0.0050569,0.0151707,0.1558164,0.0101138,0.9911504,0.3810032,0.1045296,0.8181818,9.615805480084347
4634.0,0.5043159,0.0002158,0.0729391,0.0448411,0.9352611,0.0,0.8557152,0.0024984,0.0337289,0.027339,0.0,0.9981262,0.1075334,0.0764331,0.3888889,10.893047333337728
1651.0,0.4706239,0.0006057,0.2023016,0.1361556,0.8407026,0.0308904,0.6902516,0.0031447,0.0172956,0.0479042,0.0,1.0,0.260479,0.0769231,0.6666667,10.236417809461043
445.0,0.4808989,0.0,0.1640449,0.1341991,0.9370787,0.0,0.8333333,0.0,0.0,0.0918919,0.0,1.0,0.2648649,0.0588235,0.0,10.085850775128717
2692.0,0.4754829,0.0026003,0.2410847,0.1451841,0.8261516,0.0,0.6542688,0.0008453,0.0448014,0.8025371,0.0016906,0.9940828,0.2568853,0.0884521,0.8981481,11.73927188163082
540.0,0.5037037,0.0018519,0.112963,0.0410448,0.9314815,0.0,0.8277778,0.0,0.0277778,0.1176471,0.0055556,0.9888889,0.0294118,0.0,1.0,12.314931534737134
435.0,0.4850575,0.0022989,0.0712644,0.0714286,0.7563218,0.0413793,0.6049383,0.0,0.117284,0.2058824,0.0,0.9691358,0.6421569,0.0823529,0.0,12.47801017053037
1791.0,0.4505863,0.0,0.1725293,0.1565041,0.8252373,0.0067002,0.6409574,0.0039894,0.0212766,0.0750308,0.0,1.0,0.3751538,0.0625,0.4666667,10.460270761075149
19.0,0.4210526,0.0,0.1052632,0.0,0.9473684,0.0,0.8571429,0.0,0.0,0.3,0.0,1.0,0.1,0.0,0.0,9.615805480084347
3999.0,0.4826207,0.0012503,0.1735434,0.0541324,0.9539885,0.0195049,0.9168901,0.0017873,0.0089366,0.595883,0.0008937,0.3690795,0.7013362,0.4204545,0.5238095,9.680406499268875
2582.0,0.4860573,0.01433,0.1049574,0.0693293,0.9132455,0.0,0.7920168,0.0,0.0241597,0.0275792,0.0178571,0.9747899,0.0572012,0.0390625,0.4375,11.094390314766315
1571.0,0.3991088,0.059198,0.3399109,0.3082627,0.6982813,0.1642266,0.6602787,0.0017422,0.0243902,0.038526,0.0418118,0.9965157,0.5242881,0.0939227,0.0,10.165890277802454
157.0,0.4203822,0.9617834,0.1210191,0.1538462,0.8726115,0.0,0.6545455,0.0,0.0181818,0.0983607,0.9818182,0.9818182,0.3442623,0.125,0.0,9.615805480084347
4781.0,0.4676846,0.0071115,0.2453462,0.1752456,0.7996235,0.0238444,0.6334283,0.0023742,0.0242165,0.1559118,0.0047483,0.9957265,0.2841683,0.0687732,0.8764045,9.83633227734872
1785.0,0.4644258,0.0078431,0.1921569,0.1401674,0.8285714,0.0,0.6569149,0.0079787,0.0425532,0.0493047,0.0039894,0.9946809,0.2073325,0.0519031,0.5714286,11.034905792929415
4294.0,0.4934793,0.0027946,0.1006055,0.0878161,0.9189567,0.0,0.8031915,0.0046543,0.0279255,0.0738916,0.0026596,0.9853723,0.4064039,0.1390135,0.8,10.181157167204903
748.0,0.4719251,0.0,0.131016,0.0962025,0.8917112,0.0,0.7345455,0.0,0.0254545,0.0143369,0.0,0.9963636,0.1792115,0.0833333,0.0,10.474495347310453
40.0,0.55,0.0,0.2,0.0,0.95,0.0,0.8666667,0.0,0.0,0.2105263,0.0,1.0,0.3157895,0.0,1.0,9.615805480084347
2736.0,0.4788012,0.004386,0.1962719,0.1325386,0.8870614,0.0372807,0.8111546,0.0,0.0136986,0.056325,0.0039139,0.9980431,0.0812558,0.0618557,0.5625,10.925956465688445
63535.0,0.5037538,0.3007634,0.0396947,0.0438327,0.8803966,0.0053199,0.7485805,0.0044735,0.0482622,0.1206929,0.29452,0.8794735,0.5067514,0.0806819,0.3825858,10.75579427616868
781.0,0.4711908,0.0,0.1485275,0.1234867,0.8822023,0.0,0.7368421,0.0070175,0.045614,0.0206186,0.0,0.9824561,0.1752577,0.1666667,0.5,10.146472946063877
1808.0,0.5138274,0.0,0.1222345,0.0864619,0.8849558,0.0011062,0.7423313,0.0046012,0.041411,0.085554,0.0,0.9861963,0.368864,0.1470588,0.2857143,10.39821428171237
390.0,0.4846154,0.0025641,0.1435897,0.1542289,0.8692308,0.0,0.6842105,0.0,0.0197368,0.1555556,0.0065789,0.9868421,0.4444444,0.1071429,0.5,9.615805480084347
480.0,0.4854167,0.0,0.2,0.145749,0.85,0.0,0.6666667,0.0050505,0.0252525,0.1353712,0.0,0.9949495,0.3624454,0.078125,1.0,10.21833478806055
502.0,0.4701195,0.0876494,0.1593625,0.1503759,0.8944223,0.0,0.7360406,0.0,0.0050761,0.1617021,0.0609137,0.9796954,0.3914894,0.16,0.5454545,9.615805480084347
1235.0,0.4955466,0.0008097,0.2202429,0.1701445,0.7975709,0.0591093,0.6837607,0.0128205,0.0384615,0.0677291,0.0021368,0.982906,0.3585657,0.0769231,0.5,10.440010162389305
119.0,0.4705882,0.0,0.0336134,0.031746,0.9747899,0.0,0.9393939,0.0,0.030303,0.3653846,0.0,1.0,0.7115385,0.3333333,0.0,10.609081944147828
12646.0,0.4633086,0.1296062,0.1818757,0.1250921,0.7736043,0.0018188,0.5912587,0.0015007,0.0844119,0.0423927,0.1183643,0.9924967,0.2699838,0.037325,0.4230769,11.596356272699
201.0,0.4776119,0.0049751,0.0945274,0.152381,0.9154229,0.0,0.7794118,0.0,0.0147059,0.0285714,0.0147059,1.0,0.1714286,0.2608696,0.0,10.308985993422082
242.0,0.4586777,0.0,0.1487603,0.1145038,0.9049587,0.0,0.744186,0.0,0.0116279,0.1134021,0.0,1.0,0.1752577,0.25,0.0,10.118639253920785
6782.0,0.4391035,0.0002949,0.2260395,0.1774448,0.7885579,0.0467414,0.631016,0.0035651,0.0231729,0.0983607,0.0,0.997148,0.2722597,0.070922,0.7647059,10.214678610538817
6597.0,0.4902228,0.2388965,0.152342,0.1257806,0.7488252,0.0665454,0.5998431,0.0051,0.0619851,0.1623398,0.2036093,0.8713221,0.5524154,0.1008353,0.547619,11.104972264124868
314.0,0.5,0.0,0.2229299,0.1592357,0.888535,0.0,0.7213115,0.0,0.0081967,0.0542636,0.0,1.0,0.255814,0.0,0.6666667,10.025749432069084
23862.0,0.4954321,0.0836057,0.0210795,0.0268272,0.9030676,8.38e-05,0.7898694,0.005053,0.0585408,0.0440622,0.0809712,0.9678334,0.1151037,0.1291749,0.2215909,11.747214672056005
5092.0,0.4603299,0.9277298,0.0852317,0.0877001,0.9078947,0.0,0.7586416,0.0036386,0.0309278,0.1023408,0.8944815,0.9939357,0.3560152,0.15,0.6734694,10.214678610538817
495.0,0.5212121,0.0,0.1232323,0.0759494,0.9292929,0.0,0.7848101,0.0,0.0063291,0.0365854,0.0,1.0,0.2682927,0.2380952,0.0,10.573903321093981
1334.0,0.4947526,0.0029985,0.071964,0.0756677,0.8973013,0.0307346,0.7902813,0.0025575,0.0306905,0.2272727,0.0,0.9488491,0.4802372,0.2722222,0.5,10.142543822310387
872.0,0.4919725,0.0275229,0.103211,0.0970655,0.9426606,0.0,0.8605442,0.0,0.0272109,0.0607029,0.0272109,0.8911565,0.14377,0.1818182,0.2,11.125806040978839
34455.0,0.4590916,0.0299811,0.1974459,0.1289371,0.7414889,0.0414454,0.5919958,0.0013208,0.074891,0.0576301,0.0280016,0.9865936,0.346714,0.0168892,0.4690265,11.426288563310505
556.0,0.4694245,0.1654676,0.2176259,0.1559322,0.8794964,0.0,0.7292576,0.0043668,0.0174672,0.0614754,0.1484716,1.0,0.1393443,0.0789474,0.6,10.534785924769006
27.0,0.5185185,0.0,0.1481481,0.0,0.8518519,0.0,0.75,0.0,0.0833333,0.9601329,0.0,1.0,0.7740864,0.0,1.0,10.657282884047461
1422.0,0.4852321,0.0014065,0.173699,0.1407104,0.8277075,0.0246132,0.6701571,0.0017452,0.0314136,0.0481728,0.0,1.0,0.2292359,0.0805687,0.3333333,10.53212287826962
306.0,0.4901961,0.0,0.1960784,0.1858974,0.8823529,0.0,0.725,0.0,0.0166667,0.0163934,0.0,1.0,0.1229508,0.3,0.0,10.146472946063877
826.0,0.5048426,0.0,0.1210654,0.1051345,0.8886199,0.0,0.7152542,0.0,0.0237288,0.1595442,0.0,1.0,0.3304843,0.0666667,0.875,10.370392636243981
453.0,0.4922737,0.0022075,0.2538631,0.1434783,0.8278146,0.0,0.6553398,0.0048544,0.0291262,0.7338501,0.0,0.9951456,0.24677,0.0227273,1.0,11.050905878263567
77.0,0.5194805,0.0,0.1948052,0.1081081,0.8571429,0.0,0.7241379,0.0,0.0689655,0.1714286,0.0,1.0,0.3142857,0.0,0.0,9.942756341456828
4292.0,0.4506058,0.000699,0.2595527,0.197201,0.7977633,0.0295899,0.6372918,0.0053735,0.0263299,0.0827994,0.0005373,0.9994627,0.2410054,0.0662526,0.5714286,9.961803629358965
26028.0,0.4925081,0.2475795,0.0658522,0.0690438,0.9212771,0.004572,0.8161168,0.0063548,0.0462412,0.0391061,0.2205246,0.7805571,0.2550344,0.2428279,0.4098361,11.562677071567636
633.0,0.4533965,0.0,0.2812006,0.2398844,0.7661927,0.0758294,0.6374046,0.0038168,0.0076336,0.196319,0.0,0.9961832,0.2638037,0.1111111,0.6666667,9.615805480084347
686.0,0.4548105,0.0014577,0.2798834,0.2245989,0.7157434,0.1705539,0.6898148,0.0092593,0.0277778,0.2145455,0.0,1.0,0.4363636,0.1145833,1.0,10.211009016314167
49.0,0.5918367,0.0204082,0.1428571,0.15,0.6326531,0.0,0.4545455,0.0454545,0.1363636,0.4054054,0.0,1.0,0.7837838,0.0,1.0,10.102379394048045
230.0,0.4521739,1.0,0.1347826,0.1507937,0.8956522,0.0,0.6883117,0.0,0.0,0.125,1.0,0.987013,0.3863636,0.3333333,1.0,9.615805480084347
12871.0,0.4948333,0.0065263,0.1103255,0.0828976,0.8991531,0.0131303,0.7820255,0.0046948,0.0230271,0.0852761,0.0062598,0.8016991,0.3163599,0.153092,0.53125,10.422311107413181
247.0,0.4615385,0.0,0.2145749,0.1654135,0.8259109,0.0,0.6347826,0.0,0.0086957,0.1605839,0.0,1.0,0.4014599,0.1764706,0.75,9.615805480084347
109.0,0.4954128,0.0,0.4678899,0.1818182,0.8440367,0.0,0.68,0.0,0.02,0.1525424,0.0,1.0,0.3728814,0.0,0.0,9.615805480084347
2941.0,0.4767086,0.0027202,0.1781707,0.1384016,0.8293098,0.0224413,0.6754015,0.0016906,0.0312764,0.0815217,0.0008453,0.9247675,0.3253106,0.1253482,0.3,10.454523783963511
1351.0,0.453738,0.0,0.3330866,0.2249322,0.7875648,0.0303479,0.6208054,0.0050336,0.0218121,0.1675978,0.0,0.9983221,0.25,0.1092437,0.75,9.615805480084347
298.0,0.4966443,0.0,0.1208054,0.0933333,0.9060403,0.0,0.7592593,0.0,0.0185185,0.1147541,0.0,0.9814815,0.3196721,0.1914894,1.0,10.407318772389159
10667.0,0.4775476,0.0226868,0.1674323,0.1259645,0.8209431,0.0309365,0.6709371,0.003796,0.0367734,0.0742368,0.0218268,0.9717675,0.2886009,0.0938555,0.530303,10.098272780745283
160.0,0.45625,0.0,0.15625,0.1494253,0.8875,0.0,0.7,0.0,0.0,0.1304348,0.0,1.0,0.3768116,0.1111111,0.0,10.021315031649332
2927.0,0.4595149,0.0044414,0.1701401,0.1346397,0.8595832,0.0003416,0.6903553,0.001692,0.0329949,0.0865533,0.0059222,0.9966159,0.2148377,0.0698324,0.2222222,10.488520429241627
114.0,0.5350877,0.0,0.1666667,0.0188679,0.9473684,0.0,0.85,0.0,0.0,0.0697674,0.0,1.0,0.0232558,0.0,0.0,12.691583538230217
1262.0,0.5095087,0.0007924,0.0990491,0.0662359,0.911252,0.0,0.7811765,0.0,0.04,0.0406321,0.0,0.9952941,0.1986456,0.0319149,1.0,10.7706090484022
1786.0,0.4921613,0.031355,0.1108623,0.0815877,0.8840985,0.0,0.7496088,0.0046948,0.0469484,0.0533333,0.029734,0.9733959,0.2666667,0.0625,0.4,11.737675724836684
808.0,0.5086634,0.0,0.115099,0.1032746,0.9108911,0.0,0.759542,0.0,0.0343511,0.057554,0.0,0.980916,0.2841727,0.1944444,0.0,10.568775236216993
19859.0,0.4845158,0.0234151,0.160431,0.1467227,0.6812025,0.1299159,0.5999734,0.0045201,0.0672693,0.0991617,0.0159532,0.9957458,0.4243114,0.0517128,0.4583333,10.318935994253193
3298.0,0.4523954,0.1152213,0.2274106,0.2148394,0.7880534,0.0536689,0.6385542,0.0037651,0.0218373,0.1216931,0.1031627,0.9939759,0.4312169,0.0751748,0.7142857,9.741027444837728
567.0,0.5026455,0.0,0.0881834,0.0531915,0.9294533,0.0,0.8478261,0.0,0.0434783,0.0212766,0.0,0.9945652,0.0957447,0.1818182,0.0,11.322986972837104
445.0,0.4719101,0.305618,0.2089888,0.1957447,0.8629213,0.0,0.6939891,0.0,0.0273224,0.1367925,0.3169399,0.9945355,0.4150943,0.1071429,1.0,9.615805480084347
84985.0,0.4645761,0.0109196,0.1673354,0.1289805,0.7667118,0.0174031,0.5843377,0.0015976,0.0796569,0.0544366,0.0102865,0.9879197,0.4567476,0.0431761,0.4922481,11.795853756086931
210.0,0.4809524,0.0,0.1333333,0.1100917,0.8904762,0.0,0.7439024,0.0,0.0243902,0.0681818,0.0,1.0,0.3181818,0.1428571,0.0,9.87822102528824
1406.0,0.4722617,0.0014225,0.1699858,0.1415094,0.8677098,0.0,0.6790353,0.0018553,0.0204082,0.1046512,0.0,0.8497217,0.3936877,0.1760563,0.8,10.102379394048045
12663.0,0.496091,0.0330885,0.1440417,0.1045291,0.8496407,0.0077391,0.6729847,0.0058824,0.0474946,0.0373322,0.0407407,0.8361656,0.4318372,0.0932247,0.3492063,11.558863947911393
456.0,0.4780702,0.1162281,0.0921053,0.0966387,0.8947368,0.0,0.7594937,0.0063291,0.0253165,0.0813953,0.0949367,0.9620253,0.255814,0.34375,0.6666667,10.428245666832275
6700.0,0.4629851,0.1946269,0.1973134,0.1523068,0.85,0.0176119,0.6796267,0.0034992,0.0202177,0.1069444,0.1920684,0.7379471,0.3871528,0.1453287,0.8596491,9.933094897288786
1693.0,0.490254,0.0011813,0.1417602,0.1100811,0.8848198,0.0,0.7488,0.0032,0.0352,0.0384615,0.0,1.0,0.28,0.0878378,0.6,10.351405324899678
724.0,0.4696133,0.0621547,0.2223757,0.1432292,0.8646409,0.0,0.6866667,0.0,0.01,0.1549296,0.0666667,0.9633333,0.3971831,0.115942,0.4,9.615805480084347
218.0,0.5366972,0.0,0.1238532,0.1287129,0.8715596,0.0,0.7,0.0,0.05,0.1111111,0.0,1.0,0.1888889,0.0714286,1.0,9.615805480084347
10433.0,0.4715806,0.0044091,0.1512508,0.1233448,0.8594843,0.0159111,0.7199519,0.0040865,0.0266827,0.0332326,0.0038462,0.9959135,0.2842203,0.0426918,0.2631579,10.907807476583594
94.0,0.5212766,0.0,0.1808511,0.1555556,0.9255319,0.0,0.8125,0.0,0.03125,0.1351351,0.0,1.0,0.3243243,0.3333333,0.0,9.615805480084347
12649.0,0.4824887,0.0022927,0.1525022,0.1364192,0.869713,0.0020555,0.7057161,0.006303,0.0443382,0.0674909,0.0013041,0.9917409,0.2606405,0.1207888,0.7857143,10.716659698193956
39394.0,0.4842108,0.1097375,0.1592374,0.1060092,0.8471595,0.0034269,0.6959339,0.0042574,0.0480657,0.1086729,0.0929845,0.9784661,0.354507,0.0787931,0.4,10.881832472145556
1670.0,0.4826347,0.0137725,0.1658683,0.0752315,0.9269461,0.0,0.8202247,0.0,0.0144462,0.0341085,0.0160514,0.9983949,0.0620155,0.0886076,0.5454545,11.58432477200052
5328.0,0.475976,0.0065691,0.2027027,0.1156877,0.9177928,0.0,0.7944527,0.0004953,0.0099059,0.0146413,0.0064388,0.9856365,0.204002,0.0184758,0.125,12.245298166364206
181.0,0.4972376,0.0,0.2872928,0.1978022,0.8232044,0.0,0.6352941,0.0,0.0117647,0.212963,0.0,0.9882353,0.3333333,0.0,0.6,9.615805480084347
2170.0,0.5101382,0.0105991,0.097235,0.0592662,0.9138249,0.0,0.7985258,0.0036855,0.02457,0.2043011,0.0085995,0.982801,0.3646139,0.1180556,0.6666667,10.628641991731053
1837.0,0.4556342,0.0048993,0.2112139,0.177,0.7800762,0.0691345,0.6374101,0.0014388,0.0316547,0.1066838,0.0043165,0.9956835,0.3136247,0.0726644,0.5,10.214678610538817
7232.0,0.4534015,0.0027655,0.2027102,0.1441943,0.7818031,0.0461836,0.6280593,0.0068942,0.0406756,0.0482283,0.0013788,0.9965529,0.3704068,0.0515063,0.6153846,10.348205424565993
75.0,0.52,0.0,0.1733333,0.0833333,0.9333333,0.0,0.8148148,0.0,0.0,0.1818182,0.0,1.0,0.2727273,0.0,0.0,9.615805480084347
10935.0,0.4816644,0.0,0.1153178,0.1025053,0.8911751,0.0148148,0.7749491,0.0050916,0.0269857,0.0852352,0.0,0.9809063,0.3430368,0.128655,0.6521739,10.264687244346277
19.0,0.5263158,0.0,0.4736842,0.2222222,0.8947368,0.0,0.7777778,0.0,0.0,0.1,0.0,1.0,0.4,0.0,0.0,9.615805480084347
78.0,0.4487179,0.025641,0.1153846,0.0465116,0.8846154,0.0,0.7333333,0.0,0.0333333,0.0909091,0.0,1.0,0.3636364,0.1428571,0.0,9.615805480084347
18861.0,0.7040984,0.2772918,0.0008483,0.0034044,0.5505541,0.4449923,0.9708738,0.0003596,0.0007192,0.0595198,0.3113988,0.8942826,0.1981738,0.2702312,0.0,9.615805480084347
2234.0,0.5201432,0.0013429,0.1002686,0.0466418,0.8276634,0.0017905,0.673516,0.0068493,0.0878995,0.3486989,0.0011416,0.9714612,0.4795539,0.1220472,0.4,10.868587496017359
2318.0,0.4706644,0.0004314,0.271786,0.1898941,0.7907679,0.0612597,0.648913,0.0021739,0.0173913,0.1263058,0.0,1.0,0.2763533,0.0603015,0.7142857,9.642187721358466
3030.0,0.4973597,0.0056106,0.1290429,0.089954,0.9036304,0.0,0.767358,0.0018034,0.0225428,0.1226266,0.0045086,0.9891794,0.3757911,0.1282051,0.5405405,10.102379394048045
2599.0,0.4559446,0.0046172,0.2597153,0.1994342,0.7995383,0.0215467,0.6149228,0.0,0.0137221,0.1388479,0.0060034,0.990566,0.2939439,0.0905923,0.7777778,9.615805480084347
9140.0,0.7125821,0.3718818,0.0010941,0.003426,0.3606127,0.6364333,0.9697674,0.0,0.0011628,0.0216155,0.4453488,0.9127907,0.0648464,0.2890443,0.0,10.389026137075234
16029.0,0.4814399,0.0079855,0.1345062,0.0861405,0.8924449,0.0109801,0.7690222,0.0008473,0.0279614,0.055991,0.0074564,0.9889849,0.1287794,0.0571956,0.4140625,12.077676615757813
770.0,0.4766234,0.0103896,0.1142857,0.0719603,0.874026,0.0,0.7591241,0.0,0.0729927,0.1246006,0.0036496,0.9671533,0.14377,0.0634921,0.5454545,12.074259775399616
15648.0,0.5053042,0.0447342,0.0384075,0.0288076,0.6970859,0.0355317,0.5605563,0.0029692,0.1770589,0.0427823,0.0309423,0.987498,0.4631264,0.0245965,0.3666667,11.267037714175425
3214.0,0.5102676,0.1045426,0.0905414,0.0743329,0.921593,0.0189795,0.8300971,0.0009709,0.0145631,0.1726908,0.0873786,0.9951456,0.3638554,0.1758242,0.375,10.315630315397533
5394.0,0.4781238,0.0,0.2089359,0.1456483,0.8561364,0.004264,0.6931557,0.0022967,0.0353698,0.0341615,0.0,0.9747359,0.2440106,0.0527211,0.3076923,10.75579427616868
201.0,0.4676617,0.0,0.1343284,0.1308411,0.8358209,0.0,0.6363636,0.0,0.025974,0.3636364,0.0,0.8831169,0.338843,0.25,0.0,9.615805480084347
1288.0,0.4402174,0.0015528,0.302795,0.2385576,0.7492236,0.0520186,0.5888689,0.0,0.048474,0.0575296,0.0,1.0,0.2453469,0.0561798,0.1666667,10.30229722897745
3259.0,0.6259589,0.0171832,0.4789813,0.219032,0.4265112,0.436637,0.5653631,0.0011173,0.0547486,0.0867347,0.0022346,0.9061453,0.4408163,0.1015038,0.2631579,11.913049669142206
3498.0,0.4659806,0.0002859,0.200972,0.1766595,0.8047456,0.0385935,0.6552463,0.0035689,0.034975,0.0501695,0.0,0.9992862,0.3640678,0.0246407,0.625,11.151969943847991
4182.0,0.4476327,0.0007174,0.2259684,0.1675325,0.8142037,0.0064562,0.6231884,0.0037574,0.0187869,0.0638191,0.0,0.9962426,0.3889447,0.0856742,0.46875,9.893487720457795
165.0,0.5333333,0.0,0.1818182,0.1428571,0.8909091,0.0,0.7647059,0.0147059,0.0147059,0.1604938,0.0,0.9852941,0.308642,0.0,1.0,9.615805480084347
32505.0,0.4866328,0.0263036,0.1197047,0.0607059,0.9039225,0.0047685,0.7919026,0.0042889,0.0367988,0.0541176,0.0268485,0.8289587,0.2156592,0.1155,0.2269231,11.007103966325696
1136.0,0.4691901,0.0008803,0.1478873,0.1276949,0.8802817,0.0,0.6970443,0.0,0.0320197,0.184739,0.0024631,0.4310345,0.5060241,0.2177419,1.0,10.146472946063877
39.0,0.6666667,0.025641,0.2051282,0.0,0.7179487,0.0,0.5238095,0.0,0.047619,0.25,0.047619,1.0,0.8571429,0.0,0.0,9.615805480084347
832.0,0.4759615,0.0108173,0.1911058,0.0642202,0.96875,0.0,0.9182156,0.0,0.0111524,0.0253623,0.0,0.9851301,0.0108696,0.2,0.0,13.122367377396328
2228.0,0.4780072,0.0058348,0.2293537,0.155632,0.8280969,0.0008977,0.6344411,0.0020141,0.0161128,0.0847926,0.0060423,0.9828802,0.3299539,0.0371517,0.7777778,10.007892611890918
12967.0,0.4566978,0.2002776,0.2882702,0.1635202,0.8153004,0.0281484,0.676222,0.0049614,0.03767,0.1386515,0.1578464,0.9869533,0.4061412,0.0841424,0.4052288,10.736418414365376
94.0,0.4680851,0.0212766,0.0212766,0.04,0.9893617,0.0,0.9615385,0.0,0.0,0.2777778,0.0384615,0.9615385,0.4166667,0.5,1.0,10.077482875583607
1110.0,0.5063063,0.0351351,0.0648649,0.0273723,0.9522523,0.0,0.8979058,0.0026178,0.026178,0.0660147,0.026178,0.9816754,0.0611247,0.0625,0.6428571,11.258046118484
968.0,0.4700413,0.0082645,0.1849174,0.17154,0.8626033,0.0196281,0.7234043,0.0026596,0.018617,0.0761671,0.0106383,0.9973404,0.2678133,0.0740741,0.75,10.118639253920785
154.0,0.487013,0.0,0.2597403,0.2658228,0.7857143,0.0,0.6,0.0133333,0.0266667,0.2105263,0.0,0.9866667,0.4736842,0.0,0.0,10.034559673629849
32063.0,0.5106821,0.0064249,0.0860493,0.0560265,0.7204254,3.12e-05,0.5686106,0.0030732,0.158948,0.0478394,0.0054317,0.9621212,0.3469888,0.0192601,0.2126437,12.93988420819019
582.0,0.4725086,0.0,0.2113402,0.1726384,0.8436426,0.0051546,0.6653226,0.0,0.0120968,0.1358885,0.0,0.9959677,0.2996516,0.0147059,1.0,9.615805480084347
58282.0,0.4554236,0.351618,0.1586425,0.1373074,0.7284753,0.0700388,0.579395,0.0021576,0.0546865,0.0889124,0.3189494,0.991992,0.4125052,0.0727599,0.4803922,10.74937727911096
8179.0,0.4978604,0.0009781,0.0405918,0.0372535,0.9760362,0.0039125,0.9205405,0.0021622,0.007027,0.0556406,0.0010811,0.0383784,0.5283308,0.4070796,0.8,10.134638955251866
117.0,0.4957265,0.0,0.1367521,0.1525424,0.8547009,0.0,0.6521739,0.0,0.0217391,0.0612245,0.0,1.0,0.2857143,0.1666667,1.0,9.770013301136158
2271.0,0.4782034,0.0422721,0.1070013,0.0945148,0.9167768,0.0,0.7955665,0.0073892,0.020936,0.076223,0.0455665,0.9950739,0.2309443,0.0883978,0.4444444,10.591647316585027
1725.0,0.4689855,0.004058,0.2730435,0.1790393,0.7872464,0.035942,0.6290323,0.0053763,0.030914,0.1574179,0.0040323,0.9932796,0.3023783,0.0636364,0.875,10.060534035475412
2755.0,0.4678766,0.4562613,0.1662432,0.1582538,0.8744102,0.0268603,0.7457806,0.0042194,0.0221519,0.0945559,0.3966245,0.9947257,0.3447947,0.1304348,0.375,10.382853468483827
2783.0,0.4649659,0.0007186,0.228171,0.1826729,0.7944664,0.054258,0.6601249,0.0026762,0.029438,0.1159306,0.0017841,0.9982159,0.3170347,0.0491803,0.5217391,10.229223792606835
2449.0,0.5492038,0.1551654,0.1706819,0.2119565,0.4324214,0.3340139,0.4392638,0.002454,0.0920245,0.1589267,0.1546012,0.991411,0.4788442,0.0356436,0.4,10.566201298475118
1001.0,0.4985015,0.013986,0.1718282,0.0876494,0.9250749,0.0,0.8292683,0.0,0.0121951,0.0786517,0.0121951,1.0,0.0269663,0.0,1.0,12.336666603113574
53.0,0.4528302,0.0,0.2641509,0.1034483,0.8679245,0.0,0.75,0.0,0.0416667,0.1724138,0.0,1.0,0.3793103,0.1666667,0.0,11.19135563385109
1403.0,0.4825374,0.0007128,0.1211689,0.0936639,0.8332145,0.0,0.6684685,0.0054054,0.0756757,0.0496575,0.0,0.9927928,0.2688356,0.0666667,0.0,10.5506169722625
814.0,0.490172,0.0,0.1277641,0.086747,0.8894349,0.0,0.7456446,0.0069686,0.0418118,0.0590164,0.0,0.8536585,0.3606557,0.1442308,0.5,10.465984899076615
660.0,0.4575758,0.0,0.2818182,0.226257,0.7272727,0.0727273,0.5616438,0.0034247,0.0136986,0.2375979,0.0,0.9931507,0.3603133,0.125,0.8214286,10.021315031649332
2457.0,0.4481074,0.018315,0.2454212,0.1887906,0.7916158,0.0,0.5979021,0.0017483,0.0384615,0.0305085,0.0183566,0.9895105,0.4644068,0.0122449,0.375,11.288543647320601
617.0,0.4489465,0.5526742,0.1961102,0.2117647,0.815235,0.0583468,0.6607143,0.0,0.0089286,0.1146245,0.5178571,0.9955357,0.2924901,0.0727273,1.0,9.615805480084347
604.0,0.4602649,0.057947,0.1738411,0.1840491,0.8427152,0.0,0.664,0.004,0.024,0.0808824,0.06,0.992,0.2389706,0.0188679,0.5,10.401258331428318
173.0,0.4855491,0.0,0.300578,0.2022472,0.7976879,0.0,0.5903614,0.0,0.0120482,0.1170213,0.0,1.0,0.287234,0.0909091,1.0,9.615805480084347
259.0,0.4671815,0.0,0.1621622,0.1666667,0.8880309,0.0,0.71,0.0,0.0,0.1803279,0.0,1.0,0.352459,0.3076923,1.0,9.615805480084347
1478.0,0.4370771,0.485115,0.1562923,0.1478365,0.8836265,0.0,0.7234043,0.001773,0.0230496,0.1061807,0.4397163,1.0,0.199683,0.1949686,1.0,10.555838779903407
380.0,0.4921053,0.0,0.1368421,0.0880829,0.8631579,0.0,0.7021277,0.0070922,0.0283688,0.1019108,0.0,0.8865248,0.3757962,0.2352941,0.75,10.142543822310387
2968.0,0.4609164,0.0283019,0.1907008,0.169375,0.81469,0.046159,0.6750224,0.0062668,0.0286482,0.0581788,0.0196956,0.9811996,0.272344,0.0964467,0.6,10.518700218288165
197.0,0.4720812,0.0,0.2588832,0.1442308,0.8629442,0.0,0.7108434,0.0,0.0361446,0.0,0.0,1.0,0.0120482,0.0,0.0,11.736077016252437
1643.0,0.5069994,0.0060864,0.0961656,0.0740741,0.9391357,0.0,0.840678,0.0016949,0.0084746,0.1323529,0.0067797,0.9983051,0.2088235,0.1743119,0.5,10.471666571132038
2695.0,0.4730983,0.0,0.0990724,0.0739437,0.9313544,0.0,0.833002,0.0019881,0.0119284,0.0553991,0.0,0.999006,0.1915493,0.0280374,0.25,10.995427631436174
4195.0,0.4676996,0.0071514,0.1802145,0.1446485,0.8078665,0.0,0.6138996,0.0022063,0.0490899,0.0417548,0.0066189,0.992278,0.3372093,0.0325521,0.3846154,10.87806606028079
703.0,0.4637269,0.1308677,0.2091038,0.1909814,0.8691323,0.0,0.6933798,0.0,0.010453,0.0741935,0.1393728,0.9965157,0.1741935,0.0,0.375,10.229223792606835
34925.0,0.4888762,0.0466142,0.0686042,0.0519299,0.4801718,0.2668289,0.5205077,0.0033153,0.1847116,0.0327989,0.036374,0.9705409,0.4450756,0.0703807,0.3636364,11.028433383156079
1224.0,0.4705882,0.0,0.2001634,0.154321,0.8594771,0.0,0.6819085,0.0019881,0.0139165,0.1445578,0.0,0.9980119,0.2942177,0.0955882,0.5555556,10.21833478806055
1318.0,0.4438543,0.0,0.2359636,0.2278308,0.8110774,0.0455235,0.6697248,0.0018349,0.0110092,0.0886288,0.0,1.0,0.4113712,0.0585366,0.5333333,9.97119292889014
1456.0,0.4883242,0.0,0.1524725,0.114094,0.893544,0.0,0.7575758,0.0,0.0320856,0.0260417,0.0,0.9982175,0.2048611,0.0935252,0.5,10.853232402669228
2911.0,0.4465819,0.0185503,0.2404672,0.1675978,0.8110615,0.0796977,0.7333948,0.0009225,0.0221402,0.0295434,0.0175277,0.9944649,0.1638317,0.0191571,0.0,11.299744620670225
2160.0,0.5050926,0.0550926,0.0842593,0.0542563,0.9231481,0.0,0.8085106,0.0014184,0.0382979,0.0408163,0.0609929,0.9815603,0.1537415,0.1724138,1.0,11.133142723386813
14903.0,0.4518553,0.0088573,0.2749782,0.1858245,0.8155405,0.0092599,0.636336,0.0013694,0.0267803,0.0255042,0.0108034,0.9930006,0.2421412,0.017282,0.4130435,10.85516473308054
26302.0,0.4895065,0.0274504,0.080146,0.0522082,0.8964337,0.0173751,0.8049693,0.0011436,0.0339952,0.0774911,0.0234952,0.986589,0.1206483,0.0402567,0.3315217,11.885874268401459
1995.0,0.4796992,0.0390977,0.1568922,0.1416185,0.8385965,0.041604,0.7085987,0.0175159,0.044586,0.1277778,0.0525478,0.4856688,0.4763889,0.231405,0.6666667,9.615805480084347
1806.0,0.4518272,0.0011074,0.2918051,0.2161616,0.7624585,0.0321152,0.5903614,0.0060241,0.0289157,0.0928962,0.0012048,0.9987952,0.3071038,0.0492424,0.7692308,9.908524844053396
1404.0,0.5263533,0.02849,0.0790598,0.0526316,0.9095442,0.0327635,0.8646789,0.0045872,0.0412844,0.0417582,0.0137615,0.9931193,0.1252747,0.137931,0.8333333,11.346882686945893
23622.0,0.4541952,0.0249767,0.2005757,0.1600869,0.8401913,0.0121074,0.6776264,0.0016785,0.0191548,0.0810271,0.0238942,0.9983215,0.2939842,0.056679,0.5705521,10.33854382482173
900.0,0.4744444,0.0077778,0.21,0.1627907,0.8455556,0.0522222,0.7522936,0.0,0.0275229,0.1065574,0.0030581,0.9877676,0.2704918,0.0869565,0.875,10.55323128448846
4693.0,0.4647347,0.074153,0.209674,0.173965,0.7705093,0.0788408,0.6387689,0.0016199,0.0172786,0.0670025,0.0599352,0.9973002,0.3793451,0.0573643,0.8,10.344995251991222
2013.0,0.4570293,0.0,0.1231992,0.0896615,0.8961749,0.0,0.7615804,0.0095368,0.0286104,0.0859278,0.0,0.9945504,0.3001245,0.1328671,0.4705882,9.87822102528824
13.0,0.5384615,0.0,0.3846154,0.3333333,0.7692308,0.0,0.5714286,0.0,0.0,0.125,0.0,1.0,0.125,0.0,0.0,9.615805480084347
548.0,0.4452555,0.0,0.1733577,0.1480263,0.8594891,0.0018248,0.6844444,0.0,0.0222222,0.1444867,0.0,1.0,0.4106464,0.1369863,1.0,10.177362240256695
9965.0,0.4774711,0.0067235,0.1236327,0.0992894,0.785148,0.0915203,0.7085267,0.0040603,0.0472738,0.0432852,0.0078306,0.9953596,0.345172,0.0521739,0.4,11.839354580719126
2298.0,0.4939077,0.0047868,0.1583986,0.1040413,0.9064404,0.0078329,0.7842907,0.0011723,0.014068,0.0404949,0.003517,0.9953107,0.2215973,0.12,0.5714286,10.482933978579906
5028.0,0.4850835,0.0415672,0.1368337,0.1000386,0.8826571,0.0,0.7471853,0.0030706,0.0394063,0.0215323,0.0429887,0.9918117,0.2098147,0.0735632,0.25,11.346882686945893
260.0,0.5230769,0.0,0.1769231,0.1048387,0.85,0.0,0.6407767,0.0,0.0194175,0.0550459,0.0,1.0,0.3211009,0.2666667,0.0,9.975854724662028
5218.0,0.4821771,0.1197777,0.146033,0.1265729,0.8190878,0.0262553,0.6808623,0.0063091,0.0625657,0.0413306,0.0993691,0.9190326,0.3004032,0.1071429,0.4,11.357452244304588
935.0,0.4802139,0.0,0.3101604,0.1975309,0.8224599,0.0299465,0.6793349,0.0,0.0071259,0.1155462,0.0,0.9976247,0.2710084,0.0731707,0.8571429,10.085850775128717
185.0,0.4486486,0.0702703,0.2162162,0.1764706,0.827027,0.0,0.6235294,0.0,0.0,0.0957447,0.0705882,0.9647059,0.1595745,0.0833333,0.0,10.628641991731053
226.0,0.5132743,0.0,0.1902655,0.1181818,0.8849558,0.0,0.7222222,0.0,0.0111111,0.1089109,0.0,0.9888889,0.1584158,0.0769231,0.0,9.615805480084347
21161.0,0.492368,0.0030717,0.0991447,0.0874139,0.8885213,0.0,0.7434312,0.0039928,0.0391551,0.0269457,0.0028336,0.995492,0.2180724,0.0557103,0.4390244,10.900454637442037
1925.0,0.4831169,0.0088312,0.1262338,0.1085427,0.8316883,0.0,0.6691919,0.0088384,0.0606061,0.0548926,0.010101,0.9974747,0.323389,0.0539568,0.0,10.77270764101727
213.0,0.4835681,0.0,0.2300469,0.0909091,0.8779343,0.0,0.7380952,0.0,0.0357143,0.0666667,0.0,1.0,0.1,0.2857143,1.0,9.83097062169695
762.0,0.4343832,0.5656168,0.2375328,0.2552204,0.7519685,0.1706037,0.7373737,0.0050505,0.030303,0.0616114,0.5707071,1.0,0.464455,0.2364865,0.0,10.499600568082863
15445.0,0.50191,0.0031078,0.0984785,0.0796828,0.8564584,0.0358692,0.7488432,0.0038867,0.0446048,0.02596,0.0007403,0.9962984,0.2722192,0.064257,0.137931,11.149096419938578
2156.0,0.4962894,0.0023191,0.1168831,0.0948435,0.9188312,0.0,0.7821522,0.0,0.011811,0.2573099,0.003937,0.7493438,0.297271,0.2142857,0.6511628,9.615805480084347
2071.0,0.4925157,0.0154515,0.0492516,0.0475737,0.9478513,0.0,0.8639761,0.0029895,0.0164425,0.0429185,0.0074738,0.9955157,0.2060086,0.2135922,0.4285714,10.841559345471941
1818.0,0.4939494,0.0,0.040154,0.0228261,0.9812981,0.0,0.9382151,0.0,0.0091533,0.2974277,0.0,0.0846682,0.5771704,0.2413793,0.5,10.056251557087757
314.0,0.4617834,0.0031847,0.4235669,0.2071006,0.6974522,0.1464968,0.6439394,0.0,0.0151515,0.195122,0.0,1.0,0.304878,0.0322581,0.6,9.615805480084347
997.0,0.4824473,0.002006,0.2938816,0.2209302,0.7632899,0.0621866,0.6070588,0.0023529,0.0117647,0.1145833,0.0,1.0,0.2416667,0.0551181,0.8125,9.615805480084347
8266.0,0.4614082,0.2161868,0.1916284,0.1610512,0.8429712,0.0058069,0.6685829,0.0017246,0.0229951,0.0930657,0.193159,0.9936763,0.3415016,0.0825309,0.6,10.419330568113901
2278.0,0.4784899,0.0179982,0.1224759,0.1102694,0.8748903,0.0,0.7167043,0.0011287,0.030474,0.0431965,0.0146727,0.9988713,0.3509719,0.0897436,0.5,10.778977123006351
1127.0,0.4915705,0.0204082,0.1047028,0.1064572,0.9165927,0.0,0.7990196,0.002451,0.0220588,0.0727273,0.0147059,0.9803922,0.2613636,0.1307692,0.0,10.675931008412125
3231.0,0.4948932,0.190653,0.1012071,0.0790441,0.8808418,0.0099041,0.7488869,0.0017809,0.048976,0.2302947,0.1504898,0.9786287,0.2782728,0.162069,0.5714286,11.500863005142227
271.0,0.4907749,0.0,0.1697417,0.0869565,0.904059,0.0,0.7572816,0.0097087,0.0097087,0.1953125,0.0,0.9805825,0.234375,0.1428571,0.75,9.893487720457795
1383.0,0.4750542,0.0014461,0.1496746,0.1253444,0.8850325,0.0,0.7389706,0.0018382,0.0257353,0.1254019,0.0018382,0.9944853,0.2829582,0.0731707,0.75,9.615805480084347
2248.0,0.4817616,0.0,0.1281139,0.1184549,0.8896797,0.0,0.7405714,0.0011429,0.0194286,0.0591398,0.0,0.9942857,0.3236559,0.1230769,0.25,10.471666571132038
4972.0,0.498391,0.26428,0.0070394,0.010425,0.9738536,0.0,0.9194139,0.0007326,0.0124542,0.1272379,0.2622711,0.9516484,0.1969309,0.2615527,0.0,10.725489582719506
393.0,0.4427481,0.0,0.2061069,0.1643836,0.8498728,0.0,0.6508876,0.0,0.0,0.159204,0.0,0.9940828,0.3084577,0.0869565,1.0,9.615805480084347
319.0,0.5015674,0.0344828,0.2257053,0.1320755,0.8840125,0.0,0.7461538,0.0076923,0.0230769,0.0510949,0.0307692,1.0,0.2846715,0.1818182,0.0,9.615805480084347
5546.0,0.4926073,0.0533718,0.0943022,0.0671642,0.8211323,0.0,0.6602452,0.0083187,0.0748687,0.0979463,0.0477233,0.9881786,0.2476303,0.0605042,0.3928571,11.467938559235831
16968.0,0.4893918,0.0034771,0.1127416,0.0842567,0.8602074,0.0001768,0.7049305,0.003053,0.0563273,0.0377497,0.0032056,0.9337506,0.3714747,0.057801,0.32,12.430419472617638
1378.0,0.5,0.0,0.1103048,0.0754717,0.9034833,0.0007257,0.7677165,0.0059055,0.019685,0.1118881,0.0,0.9370079,0.2552448,0.0940171,0.6666667,10.5506169722625
658.0,0.5091185,0.0015198,0.0455927,0.0804954,0.9483283,0.0,0.8743961,0.0096618,0.0289855,0.0189573,0.0,0.9951691,0.1516588,0.15625,0.0,10.698762529141884
10955.0,0.4684619,0.374167,0.1205842,0.0954834,0.9149247,0.0,0.792517,0.0044479,0.026426,0.0301954,0.3649922,0.9939822,0.1522456,0.1918605,0.6363636,11.042937835596494
93.0,0.4731183,0.0,0.3655914,0.2040816,0.7956989,0.0,0.575,0.0,0.05,0.1489362,0.0,1.0,0.212766,0.0,0.0,9.615805480084347
2262.0,0.495137,0.0030946,0.1339523,0.0779335,0.9301503,0.0,0.8283208,0.0025063,0.0225564,0.0753187,0.0012531,0.6842105,0.1552723,0.2158273,0.3,10.510559281627845
711.0,0.4500703,0.0,0.3178622,0.2634271,0.7707454,0.0703235,0.6283784,0.0,0.0101351,0.2251309,0.0,1.0,0.382199,0.0759494,0.9090909,9.923339198238729
5424.0,0.473267,0.0125369,0.2205015,0.1589079,0.7605088,0.0781711,0.6535978,0.0027675,0.0419742,0.0966667,0.0013838,0.998155,0.2754167,0.0546282,0.6333333,10.177362240256695
13986.0,0.4862005,0.0619191,0.1179036,0.0935152,0.8747319,0.0395395,0.7712503,0.0025823,0.0208737,0.1208854,0.053583,0.7456423,0.3675747,0.1621418,0.4385965,10.188704088048116
43858.0,0.493707,0.0551097,0.0443477,0.037424,0.86226,0.0017329,0.7238585,0.002484,0.0648805,0.061084,0.0557724,0.9882304,0.2641604,0.0485859,0.2440318,11.359785940419789
292.0,0.4760274,0.0068493,0.2294521,0.2156863,0.7979452,0.0,0.576,0.008,0.048,0.21875,0.008,1.0,0.1875,0.1470588,1.0,10.75579427616868
1564.0,0.4667519,0.5939898,0.1841432,0.1570743,0.8401535,0.0242967,0.6678024,0.0017036,0.0272572,0.1038168,0.5366269,0.9982964,0.3526718,0.1625616,1.0,9.862717639992917
208.0,0.5,0.0,0.1346154,0.0865385,0.8461538,0.0,0.6470588,0.0,0.0235294,0.0229885,0.0,1.0,0.1494253,0.0,0.0,10.12667110305036
6614.0,0.4987904,0.004687,0.0721197,0.0582202,0.9374055,0.0,0.8477938,0.0019831,0.0391671,0.0146556,0.0044621,0.9945464,0.1001466,0.1345029,0.4,11.810070125585671
34213.0,0.4767486,0.0366527,0.1457048,0.1135069,0.8543244,0.0026306,0.6873785,0.0011216,0.0453118,0.0486556,0.0329744,0.9211156,0.4326362,0.0598113,0.4375,11.819681958463892
15180.0,0.4710804,0.0472332,0.1621212,0.1242994,0.7017128,0.1785244,0.7015267,0.0015267,0.0347328,0.0595836,0.0505725,0.9956107,0.3429648,0.0614948,0.3333333,10.628641991731053
721.0,0.4521498,0.0,0.2884882,0.235443,0.8016644,0.0402219,0.6485623,0.0,0.0127796,0.0821114,0.0,0.9936102,0.1906158,0.0615385,0.8333333,9.615805480084347
2141.0,0.5016348,0.0009341,0.13078,0.0740394,0.8608127,0.0,0.7317621,0.0044893,0.0572391,0.2065895,0.0,0.9955107,0.2511131,0.045045,0.2380952,11.05723491317159
3117.0,0.4959897,0.0019249,0.1196663,0.0725652,0.919153,0.0,0.8163445,0.0017575,0.0342707,0.020654,0.0017575,0.9973638,0.0981067,0.0662651,0.6666667,11.268315653289422
1033.0,0.4908035,0.0,0.1742498,0.1330798,0.8654405,0.0,0.7178841,0.0100756,0.0453401,0.0767442,0.0,0.9949622,0.1232558,0.1058824,0.8181818,9.97119292889014
1680.0,0.4642857,0.0017857,0.1017857,0.0877778,0.8785714,0.0017857,0.7189953,0.0031397,0.0266876,0.0808081,0.0,0.9968603,0.2813853,0.0681818,0.5,10.081675578048475
713.0,0.5189341,0.0,0.1332398,0.0524781,0.9467041,0.0,0.8692308,0.0,0.0153846,0.0188679,0.0,1.0,0.109434,0.2413793,0.5,11.0186455364637
815.0,0.4895706,0.0,0.0723926,0.0697115,0.9349693,0.0,0.8009259,0.0046296,0.0277778,0.0886076,0.0,0.9861111,0.6624473,0.2892562,0.0,9.615805480084347
689.0,0.4644412,0.0,0.1436865,0.1409214,0.892598,0.0,0.7327935,0.0080972,0.0202429,0.046332,0.0,0.9878543,0.2355212,0.1833333,0.0,9.741027444837728
201.0,0.4776119,0.0199005,0.1442786,0.1333333,0.8308458,0.0,0.6626506,0.0,0.060241,0.0348837,0.0120482,0.9518072,0.4534884,0.0,0.0,9.867912187022208
8769.0,0.4806705,0.0033071,0.149618,0.1148441,0.8400046,0.0164215,0.6810142,0.0050118,0.0403892,0.0590846,0.0035377,0.9339623,0.370319,0.0936228,0.325,10.643064971973882
487.0,0.4969199,0.0,0.0821355,0.0530612,0.9650924,0.0,0.8682171,0.0,0.0,0.1103448,0.0,1.0,0.137931,0.2727273,0.5,10.609081944147828
400.0,0.52,0.0025,0.0625,0.0260417,0.88,0.045,0.7890625,0.0,0.0234375,0.2849162,0.0,1.0,0.5307263,0.2222222,0.75,10.268165387743457
656.0,0.4664634,0.0030488,0.195122,0.1142857,0.9039634,0.0,0.7751938,0.003876,0.0155039,0.2181818,0.0,0.9922481,0.3424242,0.1333333,0.8421053,9.615805480084347
2645.0,0.5039698,0.0022684,0.0680529,0.0457317,0.9308129,0.0,0.8404494,0.005618,0.0348315,0.0305011,0.0011236,0.9921348,0.077342,0.0714286,0.5,11.473155000731508
8699.0,0.4893666,0.0009196,0.0873664,0.0787933,0.9022876,0.0135648,0.7943092,0.003771,0.0363387,0.0915603,0.0017141,0.996229,0.1999377,0.1492754,0.5142857,10.725489582719506
14073.0,0.4627301,0.085625,0.1891565,0.164264,0.7899524,0.0130747,0.6019868,0.0046358,0.0475166,0.0944528,0.0778146,0.9923841,0.3655172,0.0774306,0.4285714,10.633472802314019
4564.0,0.5017528,0.125986,0.0403155,0.0356201,0.9167397,0.0175285,0.8393919,0.0039656,0.0290813,0.2115685,0.118308,0.9398546,0.3199583,0.1238532,0.6081081,11.050905878263567
247.0,0.4736842,0.0202429,0.145749,0.1076923,0.9109312,0.0,0.7931034,0.0,0.045977,0.0744681,0.0229885,1.0,0.287234,0.2142857,0.0,10.638280388314705
387.0,0.4702842,0.0,0.0232558,0.0341463,0.9560724,0.0,0.8888889,0.010101,0.0505051,0.2016129,0.0,0.989899,0.2822581,0.1794872,0.0,10.370392636243981
774.0,0.4677003,0.0,0.1821705,0.1262136,0.874677,0.0,0.7169811,0.0031447,0.0157233,0.0563798,0.0,0.9968553,0.2433234,0.0731707,0.75,9.980494888896912
2604.0,0.4658218,0.0499232,0.1417051,0.1258088,0.8963134,0.0,0.7522124,0.0029499,0.0157325,0.0557103,0.0452311,0.9990167,0.3370474,0.0863787,0.8333333,10.250652418696085
136.0,0.5220588,0.1544118,0.2573529,0.1384615,0.8970588,0.0,0.7636364,0.0,0.0181818,0.375,0.1090909,0.9636364,0.4886364,0.2857143,0.0,9.615805480084347
30897.0,0.4822475,0.0299705,0.128362,0.0856411,0.8745509,0.0195488,0.7597765,0.0043762,0.0473929,0.0335643,0.0253259,0.8607076,0.2815621,0.1247208,0.3172414,12.173037959397275
101.0,0.4851485,0.0,0.0891089,0.0,0.7920792,0.0,0.5777778,0.0,0.0444444,0.4155844,0.0,1.0,0.5324675,0.0434783,0.0,10.221977646629885
6249.0,0.4888782,0.0030405,0.1816291,0.0907952,0.9355097,0.0054409,0.8506282,0.0004653,0.0176826,0.0124081,0.002792,0.9948813,0.0183824,0.1538462,0.7619048,11.465844339561734
207.0,0.5120773,0.0,0.0724638,0.1287129,0.9178744,0.0,0.7794118,0.0,0.0294118,0.0555556,0.0,1.0,0.25,0.2307692,1.0,9.787009914477434
1786.0,0.4820829,0.0005599,0.1842105,0.1491892,0.8393057,0.0173572,0.6662107,0.001368,0.0150479,0.0793451,0.0,1.0,0.4005038,0.0682731,0.2,9.90353755128617
295.0,0.4779661,0.0,0.1694915,0.1363636,0.9084746,0.0,0.7809524,0.0,0.0285714,0.1923077,0.0,1.0,0.1846154,0.1578947,0.3333333,10.542732775946709
3872.0,0.4940599,0.0121384,0.1887913,0.1510975,0.7634298,0.0671488,0.6201153,0.0032031,0.0294683,0.0499087,0.0006406,0.9974375,0.3225806,0.0283465,0.3571429,10.67130147767883
7359.0,0.461204,0.0081533,0.160212,0.1326608,0.826471,0.0063867,0.641497,0.0029547,0.0377544,0.040932,0.0078792,0.9927774,0.2496851,0.0404858,0.1666667,11.166214996056205
308.0,0.5194805,0.0324675,0.1785714,0.1216216,0.8961039,0.0,0.7545455,0.0090909,0.0090909,0.1603053,0.0454545,1.0,0.2442748,0.2857143,1.0,9.841665338892785
491.0,0.496945,0.0,0.0875764,0.097166,0.9144603,0.0,0.7844311,0.005988,0.0299401,0.0290698,0.0,1.0,0.2209302,0.1190476,0.0,10.563620718477313
74991.0,0.4820445,0.0101079,0.2199864,0.0982442,0.8818392,0.0071075,0.7801197,0.0047398,0.04881,0.1373891,0.0082358,0.9712922,0.2345879,0.0872384,0.297043,11.156264806643742
3152.0,0.481599,0.0076142,0.2369924,0.1095471,0.8826142,0.0,0.7706206,0.0031422,0.0463472,0.1196404,0.0062844,0.9921445,0.1286307,0.1179775,0.3333333,11.3350062038375
204.0,0.5245098,0.004902,0.2156863,0.1649485,0.754902,0.0,0.5425532,0.0106383,0.0638298,0.9276366,0.0106383,0.9893617,0.3679754,0.1463415,0.7714286,11.969090024509446
453.0,0.4613687,0.0,0.2958057,0.204918,0.807947,0.0,0.5990566,0.0,0.009434,0.120332,0.0,0.995283,0.2655602,0.1041667,0.7,9.615805480084347
39253.0,0.488141,0.009426,0.0894963,0.0727155,0.8505847,0.0051971,0.6945507,0.0017812,0.0570656,0.0437196,0.0091041,0.9756564,0.289824,0.0416217,0.147651,11.707677772181546
745.0,0.4550336,0.0,0.3248322,0.1896552,0.7986577,0.0469799,0.6466877,0.0031546,0.0063091,0.1095506,0.0,0.9968454,0.2780899,0.0677966,0.8,9.635673464721814
6652.0,0.4792544,0.0112748,0.1199639,0.067552,0.8502706,0.0,0.7136312,0.0053456,0.0706376,0.0360692,0.008782,0.9843452,0.2193596,0.0632411,0.3,11.134603622683905
3009.0,0.4263875,0.5383848,0.2276504,0.2288528,0.8205384,0.0252576,0.6358333,0.0025,0.0116667,0.0719258,0.4708333,0.9991667,0.3727765,0.1422319,0.8571429,10.2328272702548
106.0,0.490566,0.0,0.1886792,0.0740741,0.8867925,0.0,0.7317073,0.0,0.0243902,0.3050847,0.0,1.0,0.1525424,0.0,1.0,9.615805480084347
30354.0,0.4653423,0.0717204,0.1471635,0.1255777,0.8141596,0.0456612,0.6906469,0.003001,0.0349283,0.0807663,0.0661054,0.9889963,0.3986207,0.0591727,0.453125,10.633472802314019
700.0,0.5557143,0.0,0.0471429,0.0482315,0.9171429,0.0128571,0.8090909,0.0090909,0.0181818,0.1698113,0.0,1.0,0.4679245,0.1,1.0,10.762170357789895
3273.0,0.4949588,0.0235258,0.0711885,0.0671506,0.9477544,0.0030553,0.8626374,0.0054945,0.0263736,0.2301184,0.0285714,0.9835165,0.4763113,0.3038674,0.8,9.758519582283522
2226.0,0.4793351,0.0004492,0.2106918,0.1415013,0.8378257,0.0386343,0.7104019,0.0035461,0.0248227,0.0342466,0.0,1.0,0.2009132,0.0471204,0.5,10.668978650219241
2891.0,0.4808025,0.0013836,0.2037357,0.1499001,0.8066413,0.0567278,0.6788256,0.002669,0.0258007,0.1058075,0.0017794,0.9937722,0.3858393,0.0676056,0.4545455,10.351405324899678
7580.0,0.4431398,0.15,0.196438,0.1528074,0.8058047,0.0,0.6064842,0.0032719,0.0365854,0.0386045,0.1270077,0.9961333,0.429511,0.030303,0.3125,10.801634680173994
643.0,0.4758942,0.007776,0.1944012,0.1632047,0.8398134,0.0,0.6605166,0.0,0.0405904,0.1369427,0.0073801,0.99631,0.3057325,0.0217391,0.875,9.615805480084347
3569.0,0.4931353,0.004483,0.1613897,0.0713101,0.9153825,0.0064444,0.8305723,0.003012,0.0323795,0.1684408,0.0052711,0.9638554,0.2435817,0.1276596,0.2333333,11.575909653758895
91.0,0.5054945,0.0,0.1538462,0.0888889,0.8681319,0.0,0.7272727,0.0,0.0909091,0.1081081,0.0,1.0,0.3243243,0.1428571,1.0,9.615805480084347
1361.0,0.4386481,0.7053637,0.1146216,0.1361257,0.9184423,0.0022043,0.7674944,0.0,0.0090293,0.0995935,0.6388262,0.9977427,0.2804878,0.1742424,0.75,9.857495968685136
5429.0,0.4676736,0.3573402,0.1044391,0.1065744,0.8710628,0.0292872,0.7472944,0.0064935,0.0297619,0.1384615,0.3106061,0.9875541,0.4410256,0.1131498,0.35,10.448743588106625
2275.0,0.4584615,0.0026374,0.2443956,0.1988636,0.7947253,0.0474725,0.6405896,0.0068027,0.0328798,0.0485437,0.0011338,1.0,0.3311758,0.048583,0.3571429,10.480129006333248
883.0,0.4597961,0.6613817,0.1325028,0.1383648,0.9116648,0.0,0.739777,0.0,0.0260223,0.0627178,0.5613383,1.0,0.271777,0.2048193,1.0,10.288783966353765
2747.0,0.4623225,0.000364,0.2125956,0.1949898,0.8168912,0.0527849,0.6898445,0.0,0.0164684,0.0462478,0.0,0.9981702,0.2739965,0.0385965,0.6666667,10.401258331428318
465.0,0.4774194,0.0,0.1655914,0.090535,0.8666667,0.0236559,0.7222222,0.0061728,0.0308642,0.0181818,0.0,1.0,0.1636364,0.08,1.0,10.499600568082863
134.0,0.5671642,0.0,0.1567164,0.1724138,0.9029851,0.0,0.7346939,0.0,0.0,0.1551724,0.0,1.0,0.3275862,0.1818182,0.0,9.615805480084347
590.0,0.5101695,0.0,0.0762712,0.0657439,0.920339,0.0,0.8128342,0.0053476,0.0320856,0.0360825,0.0,0.9679144,0.128866,0.25,0.3333333,10.584081267024454
102.0,0.5490196,0.0,0.1862745,0.0869565,0.8921569,0.0,0.775,0.0,0.05,0.0909091,0.0,1.0,0.1590909,0.125,0.0,9.615805480084347
2327.0,0.4941985,0.0257843,0.0941126,0.0730671,0.8758058,0.0,0.7476303,0.0130332,0.0699052,0.0569832,0.0260664,0.9597156,0.3351955,0.0687023,0.4666667,11.412010608265987
207.0,0.4975845,0.0,0.1642512,0.1634615,0.8695652,0.0,0.7142857,0.0,0.0357143,0.1764706,0.0,1.0,0.3823529,0.0434783,1.0,9.615805480084347
3052.0,0.4714941,0.0006553,0.224443,0.1227526,0.9095675,0.0,0.7884927,0.0008104,0.0105348,0.0313972,0.0008104,0.9951378,0.1130298,0.0103093,0.25,11.43605521971203
2453.0,0.473298,0.003669,0.209947,0.1439628,0.8295964,0.0330208,0.6908359,0.0030211,0.0191339,0.1683417,0.0050352,0.998993,0.3149079,0.1045296,0.8,10.025749432069084
697.0,0.482066,0.0,0.1678623,0.1108033,0.8593974,0.0086083,0.6826568,0.0,0.0221402,0.0424028,0.0,1.0,0.2897527,0.0882353,0.0,10.247112717290387
578.0,0.4948097,0.0,0.1366782,0.0890411,0.9031142,0.0,0.7462687,0.0049751,0.0149254,0.0945946,0.0,0.9552239,0.2837838,0.1612903,1.0,10.31231367277647
3896.0,0.4558522,0.0654517,0.2474333,0.2113208,0.7741273,0.0521047,0.6244776,0.0035821,0.0238806,0.1156283,0.0626866,0.9946269,0.3674762,0.07393,0.625,9.615805480084347
3820.0,0.4842932,0.0007853,0.1431937,0.0994924,0.8753927,0.0028796,0.7292394,0.0027913,0.038381,0.0304465,0.0006978,0.9965108,0.2523681,0.0551181,0.5,10.571342565808699
7658.0,0.507182,0.0417864,0.093497,0.0670376,0.923087,0.0036563,0.8324105,0.0036914,0.0332226,0.0570832,0.0428202,0.9671465,0.2575705,0.1096606,0.6111111,11.020283511637867
1760.0,0.4636364,0.06875,0.1551136,0.1451271,0.8318182,0.00625,0.6666667,0.0099291,0.0553191,0.0649867,0.0695035,0.9716312,0.3156499,0.1012658,0.625,10.003378135350923
2637.0,0.4819871,0.015548,0.1323474,0.0812592,0.9264316,0.0,0.8257261,0.0020747,0.0186722,0.0330993,0.0155602,0.9885892,0.0581745,0.0769231,0.1666667,11.247670025080003
1030.0,0.4553398,0.0029126,0.1194175,0.0962567,0.8805825,0.0,0.7287671,0.0082192,0.0465753,0.0965347,0.0027397,0.9945205,0.2747525,0.0930233,1.0,10.645448706505872
1384.0,0.4739884,0.0,0.1763006,0.1442308,0.8793353,0.0361272,0.7574468,0.0021277,0.006383,0.0505051,0.0,0.9957447,0.220202,0.1313131,1.0,10.236417809461043
33.0,0.5151515,0.0,0.0909091,0.125,0.9090909,0.0,0.7272727,0.0,0.0,0.2142857,0.0,1.0,0.2857143,0.5,1.0,9.615805480084347
17727.0,0.5620804,0.4930896,0.1178992,0.1186397,0.5177977,0.3709596,0.6569647,0.003696,0.0764611,0.1116355,0.4081774,0.990067,0.3488611,0.1036889,0.55,10.609081944147828
1238.0,0.53958,0.0,0.0912763,0.0684211,0.8247173,0.0080775,0.6701681,0.0084034,0.0798319,0.0967742,0.0,0.9915966,0.5047438,0.0693642,0.3333333,11.026808713825016
39311.0,0.4898375,0.0111928,0.0328916,0.0244328,0.8578769,0.0038666,0.7326781,0.0022842,0.0876999,0.0621876,0.010452,0.9944625,0.2451152,0.0236895,0.3632653,11.500863005142227
1336.0,0.4782934,0.0082335,0.1811377,0.1348637,0.8113772,0.0613772,0.7188841,0.0085837,0.0493562,0.033195,0.0085837,0.9957082,0.2178423,0.0454545,1.0,10.687411927154141
16192.0,0.492836,0.0054348,0.1086957,0.079396,0.895998,0.0,0.7568785,0.003218,0.022687,0.0439932,0.0062751,0.9621883,0.2770343,0.0661108,0.5121951,10.468829770273567
330.0,0.4969697,0.0,0.0121212,0.0,0.9454545,0.0,0.8659794,0.0103093,0.0412371,0.2971014,0.0,0.9690722,0.0869565,0.2857143,0.975,10.114599007626499
1812.0,0.4790287,0.0783664,0.1501104,0.1504237,0.8785872,0.0,0.7350543,0.0054348,0.0203804,0.0742138,0.076087,0.9850543,0.4100629,0.0769231,0.3636364,10.038935856711177
1058.0,0.4810964,0.0028355,0.1729679,0.140255,0.9064272,0.0,0.7670886,0.0025316,0.0151899,0.0981735,0.0025316,0.9848101,0.2465753,0.1071429,0.8,10.239995502805316
3595.0,0.486509,0.0108484,0.1524339,0.1148429,0.8,0.0328234,0.6717557,0.0027759,0.0693963,0.0902778,0.0104094,0.9888966,0.2323232,0.0382514,0.755102,11.984808576881369
142.0,0.4577465,0.0,0.2464789,0.2727273,0.8098592,0.0,0.5846154,0.0,0.0,0.1216216,0.0,1.0,0.3243243,0.1111111,0.0,9.814710982145282
604.0,0.5,0.0,0.0910596,0.0364238,0.8261589,0.1225166,0.8534031,0.0,0.0157068,0.0591133,0.0,0.9947644,0.2561576,0.0632911,0.0,10.199918739620157
4139.0,0.4928727,0.0688572,0.0782798,0.0600286,0.8910365,0.0,0.7697283,0.0045278,0.0465718,0.0641646,0.0562743,0.9708926,0.1658596,0.1040724,0.4444444,10.904137815028022
1400.0,0.5035714,0.0007143,0.0357143,0.0244604,0.955,0.0,0.8840206,0.007732,0.0231959,0.0628019,0.0025773,0.7938144,0.2198068,0.2346939,0.6666667,10.529452721013085
5183.0,0.4659464,0.0316419,0.1115184,0.0979046,0.8579973,0.0136986,0.7085685,0.0041047,0.0410467,0.0478749,0.0302719,0.9912776,0.2276502,0.0633663,0.16,11.488643018250334
319.0,0.5172414,0.0,0.0721003,0.1168831,0.9247649,0.0,0.8035714,0.0,0.0178571,0.1384615,0.0,1.0,0.3076923,0.1785714,0.5,10.102379394048045
1767.0,0.4821732,0.0033956,0.1454443,0.1136612,0.8788908,0.0,0.7253731,0.0029851,0.0343284,0.0846995,0.0014925,0.9835821,0.2622951,0.0636364,0.7631579,11.499850357082506
4108.0,0.4515579,0.0133885,0.3483447,0.2059476,0.7592502,0.0,0.5683739,0.0024863,0.0517156,0.2853589,0.0114371,0.7608155,0.5934613,0.0450928,0.4025974,11.530775206233024
43779.0,0.4648576,0.1441787,0.2848169,0.1723579,0.7672857,0.0408872,0.6310211,0.0046102,0.0599332,0.1469963,0.1082084,0.9670394,0.4925191,0.0718179,0.4219653,10.905974329106854
627.0,0.4625199,0.0,0.3987241,0.2937685,0.7416268,0.0669856,0.5972222,0.0,0.0138889,0.1428571,0.0,1.0,0.2797619,0.0243902,0.7142857,9.615805480084347
28301.0,0.4647539,0.1705593,0.1507367,0.1274096,0.7627646,0.0502809,0.6240678,0.0048305,0.0611864,0.0709393,0.1425424,0.9935593,0.443036,0.0512053,0.4074074,10.721084386282662
977.0,0.4483112,0.0,0.185261,0.1521336,0.8546571,0.0,0.6683544,0.0025316,0.0202532,0.0595238,0.0,1.0,0.252381,0.1333333,0.2727273,10.2328272702548
357.0,0.4789916,0.0,0.1428571,0.1129032,0.9103641,0.0,0.7709924,0.0076336,0.0076336,0.0902778,0.0,0.9923664,0.3402778,0.1153846,0.0,9.6678285081515
6235.0,0.4997594,0.0016038,0.0859663,0.0686117,0.9392141,0.0019246,0.8336304,0.0065359,0.0261438,0.028291,0.0029709,0.5519905,0.4884527,0.3596059,0.3,10.661977618146238
713.0,0.5021038,0.0,0.1640954,0.1323944,0.8934081,0.0,0.739777,0.0,0.0185874,0.1180328,0.0,0.9962825,0.3442623,0.15,1.0,9.928228944424575
2190.0,0.5123288,0.0,0.0543379,0.0383895,0.9634703,0.0,0.8713235,0.0,0.0165441,0.0215827,0.0,0.9889706,0.1438849,0.2926829,0.4,10.954326659732555
1004.0,0.5099602,0.0039841,0.186255,0.0731707,0.9023904,0.0,0.7795276,0.0052493,0.0288714,0.0797101,0.0052493,0.9606299,0.2753623,0.1034483,0.8333333,10.675931008412125
3304.0,0.4603511,0.0012107,0.1464891,0.1144139,0.8441283,0.0199758,0.6996805,0.0071885,0.0447284,0.0256809,0.0015974,0.9960064,0.3035019,0.0586667,0.5454545,10.633472802314019
1885.0,0.4525199,0.004244,0.1395225,0.1094961,0.8758621,0.0254642,0.7596567,0.0,0.0228898,0.0502717,0.0028612,0.9871245,0.2282609,0.0714286,0.4,10.628641991731053
615.0,0.4504065,0.3560976,0.1804878,0.1627219,0.8764228,0.0,0.7142857,0.0084034,0.0252101,0.15,0.2941176,1.0,0.3214286,0.0833333,0.8333333,9.615805480084347
898.0,0.4565702,0.0,0.2828508,0.2110656,0.7828508,0.064588,0.6467391,0.0027174,0.0163043,0.1421911,0.0,1.0,0.3706294,0.0267857,1.0,9.883335864325275
513.0,0.4931774,0.0019493,0.0896686,0.05,0.9356725,0.0,0.84,0.0057143,0.0228571,0.0591398,0.0,1.0,0.2365591,0.2162162,0.8,10.39821428171237
8640.0,0.4981481,0.0236111,0.1655093,0.1439114,0.7523148,0.0756944,0.6221827,0.0050415,0.0492289,0.0517435,0.0017794,0.9940688,0.3413948,0.0572519,0.5666667,10.540090836284206
4509.0,0.50499,0.0022178,0.0869372,0.0757168,0.9024174,0.0,0.7759801,0.0043559,0.0398258,0.030175,0.0024891,0.9794648,0.2076041,0.0601504,0.2307692,11.49171204297103
3606.0,0.4772601,0.0024958,0.1167499,0.0870027,0.8632834,0.0141431,0.7258659,0.0,0.0442152,0.0251437,0.0014738,0.9933677,0.2234195,0.0175439,0.0,11.299744620670225
2918.0,0.523989,0.0017135,0.1172036,0.0856731,0.7714188,0.0041124,0.5644628,0.0024793,0.0900826,0.3591102,0.0024793,0.7429752,0.71875,0.1235955,0.7272727,12.521251930587761
17386.0,0.4970091,0.0409525,0.131025,0.0754717,0.9237893,0.0026458,0.818651,0.0039153,0.0348817,0.0253252,0.0460936,0.9111942,0.5571552,0.1711681,0.4,11.904298410001253
70.0,0.5,0.0,0.1142857,0.1142857,0.8714286,0.0,0.64,0.0,0.0,0.1666667,0.0,1.0,0.3333333,0.5,1.0,9.615805480084347
279.0,0.4516129,0.0,0.1039427,0.1045752,0.9498208,0.0,0.8645833,0.0,0.0104167,0.1192661,0.0,1.0,0.2293578,0.1111111,1.0,10.505094936455558
6496.0,0.4753695,0.0035406,0.1731835,0.122946,0.8633005,0.0,0.7088369,0.005287,0.0347432,0.0307467,0.0026435,0.9973565,0.2130307,0.0559085,0.5555556,10.5506169722625
2445.0,0.5705521,0.005726,0.1627812,0.1114286,0.6613497,0.20818,0.6599241,0.0063211,0.0467762,0.0928899,0.0,0.9974716,0.3394495,0.0590278,0.6153846,11.138973558699526
128.0,0.5078125,0.0,0.234375,0.047619,0.96875,0.0,0.9166667,0.0,0.0,0.0204082,0.0,1.0,0.0,0.0,0.0,11.938853113303086
1448.0,0.5276243,0.0110497,0.1125691,0.0438596,0.9274862,0.0165746,0.8538283,0.0069606,0.0324826,0.0443459,0.0116009,0.7703016,0.2394678,0.2738095,1.0,11.530775206233024
4535.0,0.49129,0.0136714,0.0615215,0.0528825,0.9131202,0.0041896,0.8040496,0.003919,0.0418027,0.0122581,0.0150229,0.988243,0.1954839,0.0787879,0.5,11.715057818961629
2030.0,0.4891626,0.0,0.0615764,0.0385728,0.9660099,0.0,0.8953488,0.0077519,0.0213178,0.0549451,0.0,0.1860465,0.4102564,0.2719298,0.0,9.952325334619427
103.0,0.4757282,0.0,0.2135922,0.2037037,0.7961165,0.0,0.5652174,0.0,0.0217391,0.1320755,0.0,1.0,0.2075472,0.0,0.0,9.615805480084347
3819.0,0.4857292,0.1581566,0.1427075,0.098778,0.8313695,0.0212097,0.6964029,0.0129496,0.0690647,0.1656663,0.128777,0.9611511,0.5414166,0.1523179,0.2916667,10.606609816118151
175.0,0.5028571,0.16,0.1771429,0.1149425,0.8742857,0.0,0.6911765,0.0,0.0147059,0.1707317,0.2058824,1.0,0.4634146,0.1666667,0.0,9.615805480084347
15392.0,0.4997401,0.04171,0.0543789,0.0463636,0.9304184,0.0001299,0.851298,0.0035306,0.0527518,0.0243161,0.0454829,0.8934579,0.2510638,0.1255028,0.1142857,12.451372913840931
8930.0,0.4908175,0.0030235,0.1022396,0.082472,0.9052632,0.0,0.7835052,0.0024257,0.031231,0.0864266,0.0021225,0.9866586,0.1036011,0.0625,0.3505155,11.964644189595829
156.0,0.4935897,0.0,0.1602564,0.0886076,0.9230769,0.0,0.7962963,0.0,0.0185185,0.3414634,0.0,1.0,0.195122,0.125,0.0,9.857495968685136
510.0,0.4470588,0.0,0.154902,0.1382979,0.854902,0.0,0.643617,0.0053191,0.0265957,0.0456853,0.0,1.0,0.3654822,0.0408163,0.6666667,9.942756341456828
56.0,0.5357143,0.0,0.125,0.0769231,0.7857143,0.0,0.5555556,0.0,0.0,0.25,0.0,0.962963,0.3055556,0.0,0.3333333,9.615805480084347
17737.0,0.5065118,0.0113886,0.14715,0.1067063,0.7620793,0.0394655,0.60913,0.0066602,0.0727071,0.0798008,0.0097128,0.9608714,0.4715271,0.0778575,0.2622951,10.401258331428318
2166.0,0.4755309,0.0484765,0.1412742,0.1135563,0.8781163,0.0,0.7291667,0.0073529,0.0318627,0.0411281,0.0453431,0.9754902,0.2984724,0.0930851,0.6666667,10.579005242826247
1753.0,0.4460924,0.0011409,0.184826,0.1410917,0.8282944,0.006275,0.6460055,0.0055096,0.0358127,0.0595855,0.0013774,0.9958678,0.3069948,0.0709677,0.3636364,10.69650269224425
1349.0,0.4796145,0.0014826,0.1549296,0.1225071,0.8280208,0.0,0.6521739,0.0052174,0.0504348,0.057377,0.0034783,0.9930435,0.3163934,0.0653061,0.3333333,10.524090921620362
2828.0,0.4759547,0.0038897,0.2305516,0.1740891,0.8267327,0.0212164,0.6600332,0.0016584,0.0157546,0.1373391,0.0033167,0.9958541,0.3054363,0.0588235,0.6666667,9.942756341456828
2278.0,0.5166813,0.0039508,0.0539947,0.0454133,0.8261633,0.0500439,0.7305236,0.0012771,0.0676884,0.1766562,0.0038314,0.9655172,0.3354364,0.0755396,0.6491228,10.657282884047461
2572.0,0.4747278,0.0143857,0.1543546,0.0969652,0.8763608,0.0,0.7383838,0.0010101,0.0525253,0.1160714,0.0111111,0.9868687,0.13125,0.0758621,0.4615385,11.869207331664223
899.0,0.4894327,0.0533927,0.1612903,0.087146,0.8820912,0.0,0.7638889,0.0,0.0416667,0.0769231,0.0444444,0.9944444,0.0897436,0.15625,0.4375,11.390769130367211
8173.0,0.4598067,0.1723969,0.2177903,0.1592299,0.8644317,0.0146825,0.7223917,0.0018304,0.0183038,0.058587,0.1348383,0.9972544,0.297243,0.0720222,0.4545455,10.192456296870509
1359.0,0.4856512,0.0022075,0.192053,0.1330472,0.879323,0.0,0.7305606,0.0,0.0271248,0.0465517,0.0036166,0.9927667,0.2068966,0.0240964,1.0,10.594156665220533
2712.0,0.4708702,0.0014749,0.1946903,0.1240418,0.8499263,0.0199115,0.7022684,0.0037807,0.0293006,0.0595556,0.0,0.9943289,0.4008889,0.118932,0.2631579,10.298935994257638
2366.0,0.4919696,0.0,0.1606086,0.0673877,0.9454776,0.0,0.8674833,0.0,0.0111359,0.0228509,0.0,0.9966592,0.0489663,0.0384615,0.3333333,11.3350062038375
1719.0,0.4840023,0.0040721,0.1303083,0.1071026,0.8743455,0.0,0.709531,0.0015129,0.03177,0.1675063,0.0045386,0.9924357,0.3224181,0.0925926,0.25,10.643064971973882
278.0,0.4568345,0.0,0.2625899,0.192053,0.8165468,0.0,0.6097561,0.0,0.0243902,0.2360248,0.0,0.9918699,0.4285714,0.0512821,0.0,9.615805480084347
568.0,0.4876761,0.0,0.1883803,0.1134021,0.8485915,0.0,0.6883117,0.008658,0.038961,0.1046512,0.0,1.0,0.2131783,0.0192308,0.0,10.090008612393838
395.0,0.4886076,0.0,0.2,0.1386139,0.8911392,0.0,0.7324841,0.0,0.0063694,0.1028571,0.0,0.9936306,0.1828571,0.125,0.5,9.918425424900335
1539.0,0.4437947,0.0045484,0.1975309,0.1565421,0.791423,0.0519818,0.6504854,0.0097087,0.02589,0.0978102,0.0113269,0.9983819,0.3445255,0.1011236,0.4444444,10.25769445336048
391.0,0.4808184,0.516624,0.1841432,0.1576355,0.8670077,0.0,0.6643836,0.0,0.0205479,0.1309524,0.4452055,1.0,0.4047619,0.1944444,0.5,9.615805480084347
1689.0,0.5476613,0.0988751,0.0438129,0.0431937,0.9253996,0.0,0.7948164,0.0086393,0.0431965,0.1280603,0.1490281,0.6241901,0.3013183,0.3867925,0.2758621,11.791322060504474
407.0,0.4717445,0.0,0.1228501,0.0418605,0.955774,0.0,0.8571429,0.0,0.0084034,0.0703125,0.0,0.9327731,0.2734375,0.3636364,0.6666667,10.434145214930487
1555.0,0.4630225,0.1524116,0.1639871,0.1892216,0.8508039,0.0231511,0.6971235,0.001692,0.0186125,0.212,0.1387479,0.9441624,0.416,0.109375,0.8888889,10.158168529848494
12750.0,0.491451,0.0249412,0.091451,0.0667798,0.8004706,0.0,0.6272578,0.0038314,0.0800949,0.0925497,0.0244481,0.6892903,0.502649,0.0338983,0.2993197,11.568369632551514
1286.0,0.4564541,0.0085537,0.2013997,0.1816881,0.7993779,0.007776,0.5855856,0.0,0.0252252,0.0946166,0.0072072,1.0,0.411093,0.0507614,0.8571429,10.298935994257638
5422.0,0.4964958,0.0568056,0.1163777,0.0831502,0.8177794,0.0,0.6573957,0.0029499,0.0602613,0.0549582,0.0522545,0.9734513,0.3584229,0.048048,0.5,10.795506083434564
1625.0,0.5027692,0.0123077,0.1033846,0.0816832,0.8381538,0.0744615,0.7669173,0.0093985,0.0206767,0.0779896,0.0037594,0.9981203,0.3674177,0.0986547,0.6,10.526775414924009
800.0,0.47125,0.0,0.1375,0.1111111,0.91125,0.0,0.795053,0.0106007,0.0318021,0.0598007,0.0,0.9964664,0.1561462,0.1,0.0,10.571342565808699
34879.0,0.4802603,0.059434,0.096419,0.0781112,0.7399295,0.007569,0.5607828,0.003564,0.1131415,0.0996499,0.0490539,0.93345,0.5094516,0.0449223,0.3474178,11.242441323346558
5940.0,0.5047138,0.0117845,0.1397306,0.1138681,0.6459596,0.003367,0.4745154,0.0068198,0.1586504,0.0805281,0.0082556,0.9447236,0.6191419,0.0490196,0.5882353,12.20407565286699
2706.0,0.4682188,0.0014782,0.1873614,0.1501042,0.7989653,0.0509978,0.6666667,0.0019324,0.0454106,0.0290807,0.0,0.9980676,0.3339587,0.0534125,0.6666667,10.718874489469398
645.0,0.475969,0.0,0.1922481,0.1153846,0.8899225,0.0,0.736,0.008,0.008,0.0458015,0.0,1.0,0.1755725,0.1489362,0.5,10.081675578048475
86.0,0.5116279,0.0,0.0,0.0238095,0.9302326,0.0,0.84,0.0,0.08,0.137931,0.0,1.0,0.7241379,0.0,1.0,9.615805480084347
4997.0,0.463278,0.0314189,0.1985191,0.1662938,0.7776666,0.0224134,0.6101695,0.0028249,0.0682674,0.075718,0.0254237,0.9797552,0.44604,0.0299667,0.2,11.52979241483
154.0,0.4675325,0.0909091,0.1558442,0.1219512,0.8831169,0.0,0.7192982,0.0,0.0350877,0.173913,0.122807,0.9649123,0.2173913,0.125,1.0,10.295563423525277
2730.0,0.4663004,0.0010989,0.1380952,0.1132464,0.8428571,0.0201465,0.7064632,0.0044883,0.0359066,0.0519149,0.0,0.991921,0.2953191,0.045283,0.5833333,10.32551474894327
717.0,0.474198,0.1199442,0.1994421,0.1883289,0.8828452,0.0,0.7243816,0.0035336,0.0106007,0.0929487,0.1378092,0.9964664,0.1891026,0.0740741,1.0,9.952325334619427
19208.0,0.4669929,0.0054144,0.1710746,0.1262942,0.8883278,0.0052062,0.7439437,0.0011268,0.0256338,0.0413179,0.0040845,0.9622535,0.3032676,0.0538421,0.699187,12.051761119434515
252.0,0.484127,0.0,0.0634921,0.0307692,0.9325397,0.0,0.8604651,0.0,0.0348837,0.0227273,0.0,1.0,0.0,0.0,0.0,11.07443600653965
171.0,0.4385965,0.1578947,0.2046784,0.2708333,0.8421053,0.0,0.6486486,0.0,0.0135135,0.1395349,0.2162162,1.0,0.1511628,0.0526316,0.6666667,10.034559673629849
2808.0,0.4757835,0.0202991,0.2054843,0.1277174,0.8757123,0.0,0.7267809,0.0054103,0.025248,0.2466033,0.0234445,0.9495041,0.4775815,0.1302083,0.8,10.250652418696085
5604.0,0.5392577,0.0001784,0.0612063,0.0619675,0.9414704,0.0053533,0.87471,0.0023202,0.0324826,0.0174772,0.0,0.2482599,0.5706687,0.512,0.0,10.680539205318292
1219.0,0.4987695,0.002461,0.2313372,0.1554828,0.8006563,0.0680886,0.7104677,0.0066815,0.0534521,0.072314,0.0,0.9888641,0.427686,0.0952381,0.4,10.494075844768336
1487.0,0.466039,0.2084734,0.205111,0.2027708,0.7794217,0.0793544,0.6597938,0.0,0.0206186,0.107362,0.1804124,1.0,0.3343558,0.1004785,0.8461538,10.318935994253193
5292.0,0.4397203,0.6005291,0.1955782,0.1875211,0.8461829,0.0468632,0.7129425,0.0027655,0.0210177,0.069001,0.5619469,0.9922566,0.3326468,0.1801802,0.5625,10.021315031649332
8119.0,0.4765365,0.003695,0.1803178,0.1258824,0.7606848,0.0862175,0.6524656,0.0046964,0.0506541,0.0936455,0.0023482,0.9694733,0.3356643,0.0705263,0.5833333,10.357774570341576
343.0,0.5218659,0.0,0.1282799,0.097561,0.9008746,0.0,0.7380952,0.0,0.0079365,0.0454545,0.0,0.968254,0.1363636,0.2222222,0.5,10.239995502805316
1263.0,0.4742676,0.0,0.1607284,0.123494,0.8677751,0.0110847,0.7063655,0.0020534,0.0164271,0.0318091,0.0,1.0,0.2803181,0.0615385,0.0,10.419330568113901
5866.0,0.5163655,0.0020457,0.0310263,0.0179767,0.9399932,0.0,0.8652678,0.0071784,0.0414136,0.053814,0.0016565,0.9558255,0.2340648,0.2007874,0.1666667,11.243751064074187
324.0,0.5,0.0,0.0802469,0.0740741,0.867284,0.0,0.7024793,0.0082645,0.0495868,0.2292994,0.0,0.9669421,0.3184713,0.2142857,1.0,9.814710982145282
248.0,0.4758065,0.0,0.1129032,0.0846154,0.9233871,0.0,0.7906977,0.0,0.0116279,0.0652174,0.0,1.0,0.25,0.0769231,0.0,10.328787967145063
2239.0,0.4796784,0.0013399,0.2206342,0.1613734,0.8401072,0.0241179,0.6815578,0.0011455,0.0206186,0.0490196,0.002291,0.997709,0.251634,0.0507614,0.75,10.404293143019792
2081.0,0.4704469,0.0019222,0.1172513,0.0907441,0.8683325,0.0,0.7031847,0.0012739,0.0433121,0.0391677,0.0038217,0.9936306,0.2154223,0.0730897,0.3333333,10.659633006160352
2630.0,0.4806084,0.0015209,0.1467681,0.1171303,0.8524715,0.0,0.6758294,0.0037915,0.0350711,0.0435177,0.0028436,0.9981043,0.2892112,0.0510949,0.5,10.664316745782925
374.0,0.4919786,0.0,0.2326203,0.1368421,0.815508,0.0,0.6202532,0.0126582,0.0379747,0.0867052,0.0,1.0,0.3179191,0.1698113,0.75,10.275085591132715
7284.0,0.4638935,0.8242724,0.078391,0.0737516,0.9066447,0.0089237,0.7786446,0.0063384,0.0502194,0.103192,0.8176499,0.8898098,0.5338872,0.2672673,0.6805556,10.606609816118151
447.0,0.4832215,0.0,0.0738255,0.0562771,0.9328859,0.0,0.8205128,0.0,0.0128205,0.1381215,0.0,0.9807692,0.2209945,0.2631579,0.5,10.376642461280849
5050.0,0.5023762,0.0150495,0.0536634,0.0445682,0.9366337,0.0,0.8399281,0.0029976,0.0239808,0.0419299,0.013789,0.9754197,0.1418725,0.2099237,0.4137931,10.526775414924009
100.0,0.5,0.0,0.26,0.22,0.86,0.0,0.6956522,0.0,0.0,0.4888889,0.0,1.0,0.6555556,0.0666667,0.875,9.923339198238729
272.0,0.4705882,0.0,0.3308824,0.1666667,0.8198529,0.0,0.637037,0.0,0.0,0.1768293,0.0,1.0,0.2682927,0.1764706,1.0,9.746892220313054
1210.0,0.4834711,0.0016529,0.1289256,0.088,0.846281,0.0,0.6806723,0.0042017,0.0588235,0.0305499,0.0,0.9936975,0.3441955,0.1076923,0.0,10.573903321093981
80.0,0.4625,0.0,0.1875,0.0,0.925,0.0,0.8076923,0.0,0.0384615,0.1333333,0.0,1.0,0.1,0.4285714,0.0,10.322230781590136
2345.0,0.4264392,0.6469083,0.1799574,0.1620818,0.8840085,0.0085288,0.7195829,0.0,0.0115875,0.0991649,0.608343,0.9988413,0.2484342,0.1286765,0.625,10.351405324899678
599.0,0.490818,0.0,0.0868114,0.0557377,0.9282137,0.0,0.8071066,0.0,0.0253807,0.0574163,0.0,0.9898477,0.1483254,0.1142857,0.0,10.214678610538817
3813.0,0.4626279,0.0364542,0.2347233,0.192777,0.7828482,0.0726462,0.6534129,0.0006627,0.0145792,0.2241645,0.0159046,0.9555997,0.3475578,0.1291139,0.8170732,9.615805480084347
5085.0,0.5775811,0.1610619,0.0013766,0.0041899,0.8141593,0.1830875,0.9876325,0.0,0.0,0.040678,0.1581272,0.9231449,0.3898305,0.2300885,0.0,10.868587496017359
134.0,0.4552239,0.0,0.1641791,0.1643836,0.8955224,0.0,0.74,0.0,0.02,0.2063492,0.0,1.0,0.2380952,0.0,0.6666667,9.792611856190192
4340.0,0.4845622,0.0013825,0.1407834,0.0894055,0.8813364,0.0,0.7557776,0.0099938,0.051218,0.0401679,0.0006246,0.9687695,0.396283,0.1196755,0.4666667,10.829748417047593
641.0,0.5132605,0.0015601,0.2277691,0.0801282,0.8876755,0.0046802,0.7330508,0.0,0.0211864,0.2507937,0.0042373,0.5720339,0.6412698,0.2857143,0.7272727,10.025749432069084
1388.0,0.4740634,0.1433718,0.0936599,0.0849315,0.7665706,0.0043228,0.5803723,0.0067682,0.1015228,0.0633914,0.142132,0.9763113,0.4183835,0.0381679,0.625,10.727684925086583
1003.0,0.5164506,0.0,0.1316052,0.1030928,0.9102692,0.0,0.78,0.0028571,0.0257143,0.0168539,0.0,0.9942857,0.241573,0.0631579,0.0,10.589131655274922
5248.0,0.4599848,0.0093369,0.1991235,0.1718419,0.789253,0.0247713,0.6190257,0.0036765,0.0519301,0.0418318,0.0073529,0.9908088,0.3143989,0.0555556,0.6428571,10.601647149919609
581.0,0.4802065,0.0,0.0740103,0.0397351,0.9449225,0.0,0.8608247,0.0,0.0257732,0.03,0.0,1.0,0.195,0.0810811,0.0,11.023551435004947
87.0,0.4827586,0.0,0.2528736,0.1333333,0.8390805,0.0,0.6410256,0.0,0.0,0.25,0.0,1.0,0.1923077,0.0,0.6666667,9.615805480084347
3206.0,0.4600749,0.0003119,0.2467249,0.1923744,0.8094198,0.0,0.6035088,0.0021053,0.0231579,0.0631164,0.0007018,0.9929825,0.287311,0.0551601,0.5882353,10.431199791458543
6009.0,0.4881012,0.0084873,0.1100017,0.0731469,0.7427193,0.027126,0.5732974,0.0023086,0.0931127,0.0531876,0.0088496,0.9884571,0.3887067,0.0134771,0.125,11.385103457032141
926.0,0.4686825,0.0032397,0.2008639,0.152439,0.8574514,0.0,0.6675978,0.0055866,0.0251397,0.2131868,0.0027933,0.603352,0.3692308,0.1304348,0.7058824,9.825580063659602
534.0,0.494382,0.0636704,0.1535581,0.0740741,0.9082397,0.0318352,0.8494624,0.0,0.0215054,0.0362694,0.0483871,0.9946237,0.015544,0.0,0.0,11.367911253546788
3583.0,0.4535306,0.0301423,0.1942506,0.1389173,0.8261234,0.0778677,0.7477329,0.0008244,0.0239077,0.0342357,0.0197857,0.9629019,0.2683121,0.0361011,0.6666667,12.179220327453931
12354.0,0.4603367,0.0020236,0.2246236,0.1649918,0.7901085,0.0414441,0.6421437,0.0038417,0.0330388,0.0589299,0.0011525,0.9936612,0.321222,0.0654258,0.5,10.196194479235656
57047.0,0.4936806,0.0204568,0.0483636,0.0428957,0.9033078,0.0002454,0.7759926,0.0029677,0.0479431,0.037668,0.0198526,0.9885387,0.2736718,0.0676163,0.2702703,11.416425577744599
5126.0,0.4748342,0.1065158,0.144167,0.1315007,0.8133047,0.0230199,0.6689792,0.0019822,0.0629336,0.0618317,0.1030723,0.9306244,0.3988842,0.0728324,0.5384615,11.642206587981981
579.0,0.402418,0.4490501,0.1295337,0.1040462,0.746114,0.164076,0.7377049,0.0,0.0163934,0.0895522,0.4153005,1.0,0.1890547,0.1730769,0.75,10.239995502805316
18482.0,0.4850666,0.0038957,0.0523212,0.0452874,0.8476896,0.0124986,0.7286856,0.0031083,0.0809651,0.0325075,0.0031083,0.9951155,0.3517113,0.0371936,0.1388889,11.026808713825016
1912.0,0.501046,0.0036611,0.0868201,0.0765199,0.9309623,0.0,0.7952218,0.0,0.0119454,0.0265781,0.003413,0.6211604,0.4501661,0.2462312,0.0,10.734242182303689
2184.0,0.4308608,0.0979853,0.2124542,0.2019308,0.8374542,0.0096154,0.6557203,0.0010593,0.0095339,0.0843841,0.0879237,0.9978814,0.3443259,0.0457516,0.5925926,9.862717639992917
3585.0,0.5099024,0.0273361,0.0892608,0.063745,0.8449093,0.0,0.6963124,0.0065076,0.0802603,0.0761523,0.0267534,0.9819234,0.3373413,0.0982143,0.8571429,11.810812786275873
1035.0,0.4483092,0.0,0.342029,0.1856392,0.8067633,0.0801932,0.7338308,0.0049751,0.0174129,0.0607477,0.0,1.0,0.228972,0.0909091,0.6,10.275085591132715
791.0,0.4323641,0.7547408,0.1694058,0.1492205,0.8735777,0.0,0.7128378,0.0135135,0.0304054,0.0948012,0.6655405,0.9932432,0.3088685,0.1531532,1.0,10.196194479235656
2370.0,0.5080169,0.0122363,0.0966245,0.0574614,0.9379747,0.0012658,0.8598015,0.0024814,0.0334988,0.0110429,0.0136476,0.9962779,0.0380368,0.2272727,0.3333333,11.214532906153606
17834.0,0.4785802,0.0079623,0.1277335,0.1083988,0.8650331,0.0233262,0.7478903,0.0040687,0.0373719,0.0303916,0.0063291,0.9968354,0.2508767,0.0616197,0.32,10.883710371704016
131.0,0.4732824,0.0,0.2442748,0.1884058,0.8854962,0.0,0.7368421,0.0,0.0,0.1617647,0.0,0.9649123,0.3235294,0.0,1.0,9.615805480084347
5038.0,0.4962287,0.0404923,0.0990472,0.0807723,0.9013497,0.0053593,0.760729,0.0041152,0.0293945,0.347025,0.0335097,0.7942387,0.5754319,0.2208481,0.6818182,10.76004951120163
964.0,0.4937759,0.0,0.2043568,0.1372951,0.8775934,0.0,0.7212276,0.0025575,0.0179028,0.08,0.0,1.0,0.2682353,0.0595238,0.25,10.199918739620157
128.0,0.484375,0.0,0.2109375,0.1212121,0.8984375,0.0,0.7346939,0.0,0.0,0.3,0.0,0.9183673,0.3857143,0.25,1.0,9.615805480084347
925.0,0.5081081,0.0021622,0.0940541,0.0681319,0.9459459,0.0,0.8606061,0.0,0.0121212,0.175,0.0,0.9878788,0.2775,0.0980392,1.0,10.077482875583607
14088.0,0.463586,0.052243,0.2369392,0.1613074,0.7906019,0.0673623,0.6914566,0.0010883,0.0455288,0.0468534,0.0429893,0.9923816,0.2652144,0.0314961,0.3513514,11.226589153242802
303.0,0.4719472,0.0,0.2409241,0.2,0.8448845,0.0,0.6518519,0.0,0.0,0.1290323,0.0,0.9925926,0.3419355,0.0625,0.8571429,9.62911649414402
5779.0,0.4531926,0.0339159,0.2514276,0.1629747,0.8254023,0.0406645,0.7098121,0.0012526,0.02881,0.0446749,0.0304802,0.9970772,0.1595533,0.017316,0.2307692,11.356283350762888
2189.0,0.4892645,0.0073093,0.1384194,0.0903399,0.8611238,0.0,0.7009569,0.0035885,0.0490431,0.0752212,0.0059809,0.9964115,0.3794248,0.0444444,0.375,11.58432477200052
1018.0,0.5039293,0.021611,0.1640472,0.1544554,0.8948919,0.0,0.7406417,0.0026738,0.0187166,0.0833333,0.0213904,0.9812834,0.3186275,0.1282051,0.6666667,9.746892220313054
561.0,0.5098039,0.0,0.1426025,0.1309091,0.8877005,0.0,0.7281553,0.0048544,0.0194175,0.2076923,0.0,1.0,0.4153846,0.212766,0.8666667,9.615805480084347
364.0,0.4423077,0.032967,0.1758242,0.1625616,0.8873626,0.0,0.7452229,0.0,0.0063694,0.1373626,0.044586,1.0,0.3516484,0.0810811,1.0,10.102379394048045
1566.0,0.4272031,0.1564496,0.2618135,0.2318841,0.7381865,0.0951469,0.6232339,0.0062794,0.0188383,0.1028169,0.1381476,0.9984301,0.3915493,0.0860656,0.6666667,10.457401400981889
10033.0,0.4649656,0.1117313,0.1785109,0.1469821,0.654839,0.2117014,0.6466803,0.0032173,0.0327581,0.0882667,0.1055864,0.9953203,0.3432,0.0660522,0.8674699,10.354595018522993
2220.0,0.4585586,0.0022523,0.2373874,0.202995,0.7792793,0.0657658,0.6534884,0.0046512,0.0418605,0.0682557,0.0,0.9965116,0.2546046,0.0658683,0.8888889,10.482933978579906
250.0,0.492,0.0,0.204,0.0472441,0.976,0.0,0.9368421,0.0,0.0,0.0104167,0.0,0.9789474,0.0,0.0,0.0,11.896151780740423
810.0,0.4506173,0.0,0.3296296,0.2561798,0.7617284,0.0851852,0.6299694,0.0,0.0091743,0.1041096,0.0,1.0,0.2931507,0.0759494,0.4285714,9.76428295481558
248.0,0.4395161,0.266129,0.2580645,0.2086331,0.8225806,0.0,0.6126126,0.0,0.009009,0.1328125,0.2252252,1.0,0.1875,0.030303,0.5,10.30229722897745
1292.0,0.4713622,0.0,0.1640867,0.1581259,0.8630031,0.0,0.7037736,0.0075472,0.0320755,0.0652557,0.0,1.0,0.3262787,0.0621118,0.7142857,10.521399202410167
776.0,0.4729381,0.0,0.2332474,0.190709,0.8389175,0.0,0.6548673,0.0,0.0235988,0.0557103,0.0,1.0,0.2869081,0.0434783,0.6666667,10.142543822310387
7419.0,0.4411646,0.0005392,0.2038011,0.1895803,0.8363661,0.0187357,0.6776167,0.0022544,0.0186795,0.0989553,0.0006441,0.9971014,0.3392339,0.0641667,0.6666667,10.221977646629885
374.0,0.5026738,0.0,0.2299465,0.1612903,0.842246,0.0,0.6564417,0.0,0.0184049,0.1375661,0.0,1.0,0.3174603,0.1086957,0.4,10.034559673629849
550.0,0.5054545,0.0090909,0.1709091,0.1029412,0.8472727,0.0872727,0.8369565,0.0,0.0326087,0.0707071,0.0054348,0.9891304,0.1414141,0.0967742,0.0,10.62135173563291
22814.0,0.4939511,0.0271763,0.0570702,0.05301,0.9245639,0.0039449,0.8242651,0.0032233,0.0273337,0.0362823,0.0259154,0.9538422,0.1515905,0.0953878,0.3539823,11.052491896264268
1049.0,0.4585319,0.0009533,0.2859867,0.2253521,0.7740705,0.0505243,0.6361656,0.0065359,0.0261438,0.0856574,0.0021786,1.0,0.2250996,0.046729,0.8571429,9.989711119284745
2342.0,0.4547395,0.001281,0.145602,0.119029,0.8701964,0.0098207,0.7197232,0.0046136,0.0288351,0.0493421,0.0011534,0.9769319,0.2028509,0.1190476,0.75,10.236417809461043
48.0,0.4791667,0.0,0.3125,0.28,0.7708333,0.0,0.56,0.0,0.0,0.4186047,0.0,1.0,0.3488372,0.0,0.0,9.615805480084347
909.0,0.4609461,0.0,0.2112211,0.1918367,0.8063806,0.0682068,0.6970588,0.0058824,0.0235294,0.039548,0.0,0.9911765,0.2288136,0.0705882,0.5,10.268165387743457
11676.0,0.4813292,0.029976,0.1040596,0.0899934,0.8167181,0.0342583,0.7165086,0.0038901,0.1062485,0.0387941,0.02407,0.9054218,0.4061697,0.1027837,0.3478261,12.377084656489986
4860.0,0.4925926,0.0734568,0.1893004,0.1561233,0.8,0.0555556,0.6705385,0.0052798,0.031679,0.0980952,0.063886,0.9957761,0.3409524,0.0948012,0.4651163,10.169728906753061
38901.0,0.5701653,0.2346726,0.0535976,0.0569942,0.7627567,0.1520012,0.7769007,0.0069542,0.0577013,0.0531233,0.2335307,0.8637346,0.4740167,0.190938,0.4285714,11.66822691098345
35710.0,0.4766732,0.0260991,0.1694763,0.1027397,0.7929151,0.0044525,0.6267121,0.0027008,0.0752363,0.0337393,0.023021,0.9928622,0.3748602,0.023518,0.4583333,11.219909190927746
1568.0,0.5082908,0.0006378,0.0880102,0.0726329,0.8960459,0.0,0.7624521,0.0114943,0.0517241,0.1241611,0.0,0.8927203,0.4161074,0.1833333,0.3333333,10.2328272702548
132.0,0.5530303,0.0,0.25,0.1355932,0.8409091,0.0,0.6964286,0.0178571,0.0535714,0.4814815,0.0,0.9821429,0.4166667,0.0,0.5,10.30229722897745
16234.0,0.4752372,0.0049895,0.1375508,0.0809954,0.6926204,0.0620919,0.566905,0.0061287,0.111484,0.0487229,0.0040858,0.9786955,0.4190727,0.0370705,0.1979167,11.340962076644454
804.0,0.5,0.0,0.1032338,0.0895522,0.9291045,0.0,0.8321429,0.0035714,0.025,0.1463415,0.0,1.0,0.2164634,0.25,0.3703704,10.146472946063877
1152.0,0.4887153,0.0008681,0.0911458,0.0730051,0.8784722,0.0,0.7196468,0.0,0.0286976,0.0402542,0.0,1.0,0.3177966,0.1290323,0.25,10.866680954096502
5423.0,0.4993546,0.0151208,0.1075051,0.0965009,0.9413609,0.0099576,0.8332208,0.0006752,0.0108035,0.1147639,0.021607,0.1715057,0.5026898,0.3207127,0.5,9.615805480084347
19489.0,0.4658525,0.0038996,0.0922059,0.0731988,0.9445328,0.0072862,0.8454253,0.0017049,0.0172381,0.0465956,0.003978,0.1272968,0.4529529,0.2847896,0.4705882,10.889323003601277
272.0,0.4889706,0.2904412,0.1764706,0.1726619,0.9080882,0.0,0.7572816,0.0,0.0,0.1344538,0.2427184,1.0,0.2605042,0.0434783,0.3333333,9.615805480084347
155.0,0.4709677,0.0,0.4,0.1097561,0.8322581,0.0,0.6285714,0.0,0.0,0.1139241,0.0,1.0,0.2911392,0.0,1.0,9.615805480084347
103.0,0.5145631,0.0,0.223301,0.2,0.8640777,0.0,0.6744186,0.0,0.0,0.122449,0.0,1.0,0.1428571,0.0,0.0,9.615805480084347
430.0,0.4651163,0.1604651,0.1348837,0.1130435,0.9023256,0.0,0.7515152,0.0,0.0060606,0.1032609,0.1515152,1.0,0.1576087,0.1212121,0.8,10.652566005416872
91.0,0.4615385,0.021978,0.1978022,0.2040816,0.8241758,0.0,0.625,0.0,0.025,0.0909091,0.025,1.0,0.4090909,0.2727273,0.0,9.615805480084347
1496.0,0.4491979,0.0013369,0.2413102,0.1820388,0.8168449,0.0474599,0.677643,0.0034662,0.0225303,0.044702,0.0,0.9913345,0.2268212,0.0872093,0.6666667,10.454523783963511
3782.0,0.4928609,0.0021153,0.1470122,0.0901981,0.8646219,0.0034373,0.7215529,0.0073628,0.0401606,0.3051163,0.0006693,0.9906292,0.2934884,0.0818182,0.675,10.428245666832275
6945.0,0.5023758,0.0053276,0.0593233,0.0399306,0.9461483,0.0,0.8855856,0.0018018,0.0351351,0.0381282,0.0040541,0.9837838,0.0264298,0.16,0.5,12.801609753558902
1211.0,0.5045417,0.0057803,0.0751445,0.0666667,0.877787,0.0,0.7371938,0.0066815,0.0445434,0.1398467,0.0066815,0.9821826,0.3141762,0.1777778,0.0,11.586185220346932
544.0,0.5,0.0,0.1176471,0.125,0.9025735,0.0,0.7761194,0.0049751,0.0298507,0.0779817,0.0,1.0,0.3211009,0.0740741,0.0,9.975854724662028
20935.0,0.4815381,0.0072128,0.0802006,0.0749954,0.8974445,0.0193934,0.7899931,0.0024674,0.0231666,0.0568843,0.0049349,0.9854695,0.205042,0.107013,0.4457831,10.718874489469398
451.0,0.4900222,0.0,0.2084257,0.1347826,0.8736142,0.0,0.7016575,0.0055249,0.0110497,0.1380952,0.0,0.961326,0.2571429,0.0769231,0.6666667,9.841665338892785
44685.0,0.4828466,0.0091082,0.1126553,0.084902,0.8562381,0.01571,0.7323859,0.0056606,0.0600988,0.0665018,0.0080694,0.9105745,0.307381,0.0917301,0.1272727,11.65789988570203
246.0,0.4837398,0.0,0.1504065,0.1023622,0.8617886,0.0691057,0.7894737,0.0,0.0131579,0.025641,0.0,1.0,0.0512821,0.1428571,0.0,10.537441898283253
918.0,0.4586057,0.0,0.2320261,0.195171,0.832244,0.037037,0.6878307,0.0,0.005291,0.1209302,0.0,0.9920635,0.3,0.07,1.0,9.62251624577579
2263.0,0.491825,0.0433053,0.1228458,0.0869565,0.9041096,0.0035351,0.7793765,0.0035971,0.0239808,0.13125,0.0431655,0.9976019,0.3697917,0.1518987,0.2,10.63106031411106
335.0,0.5253731,0.0089552,0.1432836,0.1069182,0.8447761,0.0,0.6950355,0.0141844,0.0425532,0.2209945,0.0070922,0.964539,0.2209945,0.0384615,0.9230769,11.256754979390998
684.0,0.497076,0.0,0.1549708,0.1104651,0.8918129,0.0,0.7310606,0.0,0.0113636,0.2166172,0.0,0.9772727,0.4302671,0.1111111,0.8571429,9.867912187022208
2546.0,0.4685782,0.0133543,0.0970149,0.0813008,0.8126473,0.0789474,0.7180043,0.0010846,0.016269,0.0243386,0.0032538,0.9978308,0.1206349,0.0666667,0.0,11.359785940419789
1354.0,0.4830133,0.0,0.1358936,0.0885714,0.901034,0.0,0.7576923,0.0,0.0153846,0.037037,0.0,0.9980769,0.2444444,0.0730337,1.0,10.915106645867503
9286.0,0.5219686,0.0109843,0.0750592,0.0720883,0.9325867,0.0115227,0.8314465,0.0041929,0.0255765,0.0265306,0.0138365,0.3815514,0.5910204,0.3349754,0.3,10.687411927154141
5363.0,0.4676487,0.0430729,0.1827335,0.1625219,0.8325564,0.0434458,0.7081206,0.0023202,0.0143852,0.0814152,0.0389791,0.9976798,0.216965,0.0650888,0.5925926,10.515993929932415
303.0,0.4719472,0.0066007,0.1749175,0.13125,0.8448845,0.0,0.6666667,0.0175439,0.0526316,0.1162791,0.0087719,1.0,0.4108527,0.1851852,1.0,9.615805480084347
131591.0,0.4880805,0.1896178,0.1317567,0.0998456,0.766177,0.0340373,0.5935576,0.0033467,0.0868942,0.0534206,0.1814777,0.8250364,0.5297368,0.1219413,0.3717949,12.141005984951518
1024.0,0.4814453,0.0,0.1416016,0.094162,0.9033203,0.0,0.7804233,0.0026455,0.0291005,0.043038,0.0,0.968254,0.2481013,0.09,0.0,10.793454842740767
185.0,0.4810811,0.0,0.2054054,0.0833333,0.8972973,0.0,0.7605634,0.0,0.028169,0.0779221,0.0,0.9859155,0.2597403,0.0,1.0,9.615805480084347
838.0,0.4570406,0.0023866,0.2589499,0.1692308,0.8114558,0.0680191,0.6865204,0.0,0.0031348,0.0617647,0.0,0.9529781,0.3,0.0843373,0.3333333,10.332050506334692
439.0,0.4510251,0.0,0.2300683,0.1618257,0.8701595,0.0,0.6961326,0.0,0.0110497,0.0572917,0.0,1.0,0.2239583,0.0,1.0,10.184937747111391
6073.0,0.4697843,0.2203194,0.2483122,0.1903727,0.7800099,0.0701466,0.6638384,0.0028283,0.0262626,0.0571429,0.2084848,0.9927273,0.2925714,0.0418455,0.5,10.63106031411106
153.0,0.4640523,0.0,0.1176471,0.195122,0.869281,0.0,0.7258065,0.0,0.0483871,0.1733333,0.0,1.0,0.2933333,0.25,0.0,10.077482875583607
1703.0,0.4920728,0.0005872,0.0487375,0.0416185,0.9019378,0.0,0.7777778,0.0052083,0.0520833,0.0204082,0.0017361,0.9982639,0.2482993,0.0648148,0.3333333,10.823790225800138
1481.0,0.4821067,0.1127616,0.1397704,0.1082138,0.8960162,0.0027009,0.7655955,0.0075614,0.0321361,0.0815972,0.1058601,0.9546314,0.2743056,0.2289157,0.4285714,10.589131655274922
2493.0,0.4685118,0.0108303,0.1083032,0.0966038,0.9013237,0.0124348,0.7743056,0.0046296,0.0127315,0.0990615,0.0104167,0.9791667,0.3274244,0.1478261,0.65,10.385944565501662
314.0,0.5159236,0.0,0.1305732,0.1118421,0.8917197,0.0,0.728972,0.0093458,0.0373832,0.0530973,0.0,1.0,0.2389381,0.1111111,1.0,10.39516093745751
74.0,0.4459459,0.0,0.1891892,0.1463415,0.8108108,0.0,0.5882353,0.0,0.0,0.2608696,0.0,1.0,0.2391304,0.0,0.0,9.615805480084347
383.0,0.4569191,0.0,0.1618799,0.1057692,0.8955614,0.0,0.7535211,0.0070423,0.0211268,0.1791908,0.0,1.0,0.3352601,0.1111111,0.3333333,9.615805480084347
532.0,0.4492481,0.0338346,0.2368421,0.2047782,0.8176692,0.0,0.6260504,0.0042017,0.0210084,0.1376812,0.0336134,0.9789916,0.192029,0.0714286,0.7142857,10.738589920723442
3759.0,0.4575685,0.0409683,0.2402235,0.1770476,0.8645916,0.0058526,0.7056136,0.0019582,0.0137076,0.0692588,0.0339426,0.9967363,0.2976914,0.0876827,0.7391304,10.357774570341576
998.0,0.4649299,0.0,0.2254509,0.1891386,0.8016032,0.0541082,0.6641026,0.0,0.0282051,0.0533981,0.0,0.9897436,0.3300971,0.0560748,0.5714286,10.357774570341576
8816.0,0.4655172,0.4392015,0.1093466,0.0840407,0.8500454,0.0,0.6781354,0.0030522,0.0385683,0.038677,0.4087125,0.9919534,0.2995465,0.0504528,0.1875,10.764286715905591
520.0,0.5096154,0.0,0.0826923,0.0705882,0.9307692,0.0,0.8128655,0.005848,0.0116959,0.0338983,0.0,0.994152,0.1638418,0.1666667,1.0,10.31231367277647
867.0,0.5040369,0.0,0.0346021,0.0651163,0.9573241,0.0092272,0.8731707,0.0,0.0146341,0.1493776,0.0,0.995122,0.4688797,0.4260355,0.0,9.615805480084347
4616.0,0.4501733,0.0006499,0.232669,0.2068558,0.7651646,0.0392114,0.5936728,0.0049432,0.0316362,0.0800364,0.0004943,0.9985171,0.3460664,0.0439394,0.7777778,9.893487720457795
1070.0,0.4448598,0.5037383,0.1794393,0.1632997,0.864486,0.0,0.6808511,0.0023641,0.0141844,0.0824295,0.43026,1.0,0.2646421,0.1102362,0.75,10.243560441877241
1135.0,0.5101322,0.0070485,0.1488987,0.1384892,0.8484581,0.0,0.6726457,0.0044843,0.0426009,0.0688935,0.0044843,0.9977578,0.4196242,0.0609137,0.4,11.3350062038375
795.0,0.4628931,0.0,0.2578616,0.1498829,0.8440252,0.0,0.6716418,0.0029851,0.0298507,0.0994624,0.0,0.9880597,0.3198925,0.0952381,0.6666667,9.723223876851618
1288.0,0.4976708,0.0,0.113354,0.1051005,0.8610248,0.0,0.6967213,0.0102459,0.0409836,0.0393701,0.0,0.9938525,0.3011811,0.0748663,0.0,10.860939421415225
1268.0,0.5126183,0.0252366,0.1222397,0.1003236,0.8391167,0.0457413,0.7358916,0.0022573,0.0609481,0.1104418,0.020316,0.9751693,0.2811245,0.128,0.3714286,11.52387529615648
233.0,0.4592275,0.0,0.3733906,0.2142857,0.8154506,0.0,0.6181818,0.0,0.0090909,0.1472868,0.0,1.0,0.3178295,0.1333333,0.6,9.615805480084347
651.0,0.4792627,0.0,0.1474654,0.1769912,0.8371736,0.0168971,0.6848249,0.0077821,0.0466926,0.0722022,0.0,1.0,0.3249097,0.0491803,1.0,9.61587214452889
186.0,0.4677419,0.0913978,0.1236559,0.0606061,0.9408602,0.0,0.8615385,0.0,0.0307692,0.109589,0.1230769,0.9692308,0.1917808,0.0,0.0,10.860939421415225
5897.0,0.4855011,0.0008479,0.0873325,0.0731707,0.8851959,0.0227234,0.7942058,0.0034965,0.0529471,0.0089109,0.0,0.995005,0.220297,0.0773406,0.0,11.189975390433117
488.0,0.4897541,0.0,0.1782787,0.1485944,0.8627049,0.0409836,0.7821229,0.0055866,0.027933,0.1138614,0.0,1.0,0.2376238,0.1621622,0.0,10.568775236216993
199.0,0.4773869,0.0502513,0.2261307,0.1923077,0.8743719,0.0,0.7594937,0.0126582,0.0506329,0.0125,0.0379747,1.0,0.4,0.0588235,0.0,10.012386799492118
36830.0,0.4785501,0.4236764,0.1915015,0.1271544,0.80429,0.0233777,0.6522475,0.0052925,0.0694376,0.1784928,0.3430245,0.958154,0.5649855,0.1589977,0.3256705,10.65492722584759
1935.0,0.473385,0.0010336,0.2180879,0.1609421,0.8346253,0.0315245,0.6878307,0.005291,0.0224868,0.0307692,0.0013228,0.9880952,0.2628205,0.0591716,0.7142857,10.488520429241627
6128.0,0.4965731,0.0016319,0.0618473,0.0538088,0.9208551,0.0,0.8035277,0.0034297,0.033317,0.0340748,0.0019598,0.9897109,0.1987695,0.0595238,0.3469388,11.374823643830945
945.0,0.4507937,0.0042328,0.2910053,0.1849711,0.8148148,0.0455026,0.6683805,0.0025707,0.0051414,0.1450549,0.0025707,0.9974293,0.2769231,0.0617284,0.7857143,10.085850775128717
21686.0,0.4715024,0.0121276,0.1655907,0.1076695,0.8714378,0.0530757,0.7960654,0.0005542,0.016348,0.0645412,0.0023552,0.9833749,0.1375065,0.0727802,0.2177419,12.633954607922337
294.0,0.4659864,0.0,0.1326531,0.1019108,0.9183673,0.0,0.7837838,0.0,0.0,0.0512821,0.0,0.9189189,0.1196581,0.1904762,1.0,10.142543822310387
3560.0,0.4803371,0.0039326,0.1648876,0.1189189,0.8949438,0.052809,0.8598832,0.000834,0.0125104,0.0291498,0.0041701,0.9966639,0.0323887,0.0337079,0.2,11.494771677590096
18167.0,0.4683217,0.0774481,0.1460891,0.1264106,0.8291958,0.0296692,0.6826936,0.0027319,0.027865,0.0749305,0.0730774,0.9922142,0.3713672,0.0505755,0.3302752,10.614007941153417
2409.0,0.4707347,0.0024907,0.2029888,0.1537255,0.8040681,0.0091324,0.6321839,0.0047893,0.0536398,0.0992235,0.0,0.9645594,0.433132,0.0778098,0.1176471,11.181653682515929
15637.0,0.4566093,0.865831,0.0953508,0.094857,0.886679,0.0056277,0.7304935,0.0043006,0.0530412,0.1147571,0.8206021,0.8701618,0.6763959,0.2594172,0.6315789,10.488520429241627
332943.0,0.4743785,0.1970247,0.135762,0.1088445,0.8114782,0.0174114,0.6444229,0.0040112,0.0589534,0.0790994,0.1773722,0.971868,0.2806684,0.0865681,0.5,10.428245666832275
1096.0,0.4790146,0.0465328,0.1359489,0.0928196,0.9242701,0.0,0.8125,0.0025,0.015,0.0566038,0.03,1.0,0.2193396,0.0689655,0.0,10.477316144080852
794.0,0.4282116,0.9748111,0.115869,0.1453744,0.8879093,0.0,0.6996466,0.0035336,0.0106007,0.1319018,0.9681979,1.0,0.3558282,0.1092437,0.0,10.150386692204734
309.0,0.4822006,0.0,0.2168285,0.1625,0.828479,0.0,0.625,0.0,0.0147059,0.2046784,0.0,1.0,0.3684211,0.0645161,0.5714286,9.615805480084347
354.0,0.5282486,0.0,0.0508475,0.0359281,0.9067797,0.0,0.7459016,0.0081967,0.0081967,0.2947977,0.0,1.0,0.6589595,0.1290323,1.0,10.2328272702548
761.0,0.4980289,0.0131406,0.1261498,0.117801,0.8975033,0.0,0.7509025,0.0036101,0.0252708,0.0918033,0.0144404,0.9963899,0.2098361,0.0344828,0.75,10.933124826700707
723.0,0.4204703,0.0013831,0.3900415,0.3412888,0.6735823,0.1327801,0.5791246,0.013468,0.03367,0.1391304,0.0,1.0,0.4521739,0.06,0.3333333,9.615805480084347
12541.0,0.5021131,0.0058209,0.0607607,0.0409994,0.8682721,0.0,0.741174,0.0055296,0.072735,0.0374616,0.0057422,0.9929817,0.3516888,0.0255639,0.3571429,11.19135563385109
17301.0,0.473383,0.0083232,0.2366337,0.1332455,0.90226,0.0020808,0.7825578,0.0007316,0.0204858,0.0164076,0.0067311,0.9875622,0.0758492,0.0616302,0.255814,11.546369912189585
7070.0,0.4589816,0.0205092,0.1128713,0.0781699,0.744413,0.188826,0.8098933,0.000485,0.0276431,0.0627273,0.0082444,0.9835112,0.1359091,0.0564263,0.2111111,12.610206868403342
7241.0,0.4736915,0.0019334,0.1813285,0.1403831,0.8091424,0.0299682,0.6515152,0.0070472,0.0422833,0.0682863,0.0014094,0.9809725,0.3923178,0.0940466,0.1944444,10.534785924769006
86.0,0.4767442,0.0,0.244186,0.1333333,0.8139535,0.0,0.6341463,0.0,0.0243902,0.0238095,0.0,1.0,0.5714286,0.2222222,1.0,9.615805480084347
5440.0,0.4832721,0.1422794,0.1408088,0.1067236,0.8724265,0.0,0.7137331,0.0029014,0.037234,0.0381395,0.1247582,0.9767892,0.2897674,0.0491803,0.1363636,11.235866764155578
3433.0,0.4698514,0.0332071,0.1377804,0.1164835,0.8983396,0.0,0.7616501,0.0022918,0.0213904,0.0548736,0.0282659,0.9977082,0.233213,0.1287129,0.3846154,10.445840912706414
1563.0,0.4478567,0.0070377,0.1746641,0.1622248,0.7658349,0.0,0.5728155,0.0027739,0.0679612,0.0256757,0.0069348,0.9944521,0.3864865,0.0441767,0.3333333,11.713422508992204
1498.0,0.465287,0.0040053,0.1248331,0.0923845,0.9365821,0.0,0.8333333,0.0,0.0113636,0.0364964,0.0018939,0.9962121,0.0364964,0.0,0.6666667,11.298506245754995
352.0,0.4829545,0.0,0.1505682,0.1593407,0.8892045,0.0,0.7571429,0.0142857,0.0142857,0.0604027,0.0,1.0,0.2214765,0.0344828,0.0,10.376642461280849
30745.0,0.471101,0.0105383,0.1377785,0.0913228,0.7964222,0.0667426,0.7085698,0.0038782,0.057132,0.0596816,0.0081347,0.8941544,0.3064129,0.1365652,0.2394366,10.885584751364705
5107.0,0.4877619,0.0103779,0.1580184,0.1020642,0.8964167,0.0,0.7520481,0.0005461,0.0360459,0.0192823,0.0131076,0.9579465,0.248527,0.0539419,0.3333333,12.045322738624144
268.0,0.488806,0.0,0.1156716,0.0948905,0.9253731,0.0,0.7674419,0.0,0.0,0.0947368,0.0,1.0,0.1157895,0.0,0.0,10.643064971973882
295.0,0.4847458,0.0,0.2745763,0.1710526,0.840678,0.0,0.6666667,0.0,0.0227273,0.2457143,0.0,1.0,0.28,0.12,1.0,9.615805480084347
665.0,0.4842105,0.0,0.0766917,0.0641399,0.8842105,0.0,0.7584746,0.0,0.0805085,0.0888031,0.0,0.9915254,0.1312741,0.0909091,0.5,11.3350062038375
2652.0,0.4562594,0.1131222,0.2435897,0.1705964,0.7918552,0.0490196,0.6459075,0.002669,0.0186833,0.1902017,0.1032028,0.9946619,0.4005764,0.08933,0.7027027,10.016860879703811
43726.0,0.4834881,0.2495083,0.0821479,0.0780164,0.8695284,0.0061748,0.7207703,0.0035883,0.0373183,0.0754727,0.2149393,0.9858262,0.3357846,0.1022284,0.4681818,10.67130147767883
13060.0,0.4866003,0.2114089,0.151608,0.1041014,0.9009188,0.0024502,0.7819549,0.0025063,0.0478469,0.0345359,0.1745272,0.9339257,0.225033,0.1251534,0.7088608,12.07824495582233
2208.0,0.4868659,0.0018116,0.1046196,0.1067961,0.8931159,0.0,0.7506297,0.0062972,0.0365239,0.0491018,0.0025189,0.9962217,0.3221557,0.0895522,0.75,10.547995807489514
126272.0,0.4642359,0.0952784,0.1715424,0.1348962,0.7850434,0.0337288,0.6257838,0.0041172,0.0455352,0.0900529,0.0837803,0.9950517,0.4331649,0.0551616,0.5555556,10.413342705547674
237.0,0.4852321,0.0,0.1687764,0.1065574,0.8945148,0.0,0.752809,0.0,0.0337079,0.3642857,0.0,0.7078652,0.4571429,0.0,0.8,9.615805480084347
4393.0,0.4723424,0.0086501,0.1365809,0.0841242,0.8775324,0.0152515,0.7477314,0.0030248,0.0248034,0.019573,0.0066546,0.9945554,0.1720047,0.0502901,0.1666667,10.997104049659168
707.0,0.4752475,0.0014144,0.0990099,0.0916442,0.8925035,0.0,0.7490196,0.0039216,0.0352941,0.0267176,0.0,1.0,0.2099237,0.1325301,0.0,10.098272780745283
575.0,0.453913,0.0,0.226087,0.2515924,0.8104348,0.0173913,0.6260504,0.0,0.0168067,0.0629921,0.0,0.9957983,0.2755906,0.0833333,1.0,9.615805480084347
5989.0,0.4915679,0.0333946,0.1193855,0.1064039,0.8368676,0.024378,0.6942149,0.0065246,0.0434972,0.05,0.0208786,0.9952153,0.4041322,0.0654362,0.3142857,10.647826772357497
865.0,0.4786127,0.0034682,0.1872832,0.1441242,0.8890173,0.0,0.7411765,0.0,0.0235294,0.1122715,0.0029412,0.9764706,0.3185379,0.1265823,0.75,10.114599007626499
2112.0,0.4758523,0.000947,0.2211174,0.1671183,0.84375,0.0317235,0.7097902,0.0,0.016317,0.0305085,0.0011655,1.0,0.2564972,0.0643777,0.25,10.434145214930487
272.0,0.4963235,0.0,0.3272059,0.270073,0.7720588,0.0,0.5714286,0.0,0.037594,0.1133333,0.0,1.0,0.4333333,0.0454545,0.25,9.615805480084347
377.0,0.469496,0.0,0.1034483,0.095,0.9602122,0.0,0.8387097,0.0,0.0,0.0210526,0.0,0.9247312,0.1578947,0.6,0.0,10.407318772389159
151.0,0.5231788,0.0,0.1655629,0.0555556,0.9205298,0.0,0.7931034,0.0,0.0,0.1076923,0.0,1.0,0.2153846,0.1666667,0.0,10.207325906555994
983.0,0.4547304,0.0732452,0.2329603,0.1604478,0.871821,0.0,0.7,0.0,0.0125,0.1266376,0.0625,0.8625,0.3384279,0.1733333,1.0,9.615805480084347
204.0,0.4362745,0.3480392,0.1764706,0.1304348,0.872549,0.0,0.7,0.0,0.025,0.1666667,0.375,1.0,0.375,0.1111111,0.0,11.110969193687714
1583.0,0.4586229,0.0018951,0.260897,0.1901984,0.8117498,0.0783323,0.7365854,0.001626,0.0162602,0.0420561,0.001626,0.998374,0.1728972,0.0701754,0.75,10.55323128448846
384.0,0.4973958,0.0416667,0.09375,0.0621762,0.9375,0.0,0.8402778,0.0,0.0069444,0.0588235,0.0277778,0.9930556,0.4313725,0.0652174,0.5,10.332050506334692
1104.0,0.4628623,0.0009058,0.1268116,0.1096121,0.7898551,0.0262681,0.6300448,0.0067265,0.0605381,0.1373308,0.0,1.0,0.3152805,0.0754717,0.5,10.611547975828369
49.0,0.4897959,0.0,0.2244898,0.08,0.877551,0.0,0.6666667,0.0,0.0,0.1428571,0.0,0.9444444,0.3333333,0.0,1.0,9.615805480084347
42.0,0.5,0.0,0.0952381,0.0952381,0.9285714,0.0,0.7857143,0.0,0.0,0.125,0.0,1.0,0.1875,0.25,0.0,10.221977646629885
490.0,0.4653061,0.0,0.1571429,0.129771,0.9122449,0.0,0.7783505,0.0,0.0,0.0849057,0.0,1.0,0.3066038,0.1521739,0.5,10.142543822310387
1335.0,0.471161,0.2,0.1745318,0.1303116,0.8554307,0.0,0.7137476,0.0056497,0.0414313,0.1,0.1544256,0.9868173,0.2491525,0.1351351,0.3333333,10.883710371704016
396.0,0.4621212,0.0429293,0.1969697,0.1596244,0.8510101,0.0,0.6604938,0.0,0.0246914,0.1518325,0.037037,1.0,0.4136126,0.0882353,0.75,9.615805480084347
254.0,0.484252,0.0,0.1377953,0.0992366,0.8622047,0.0,0.7476636,0.0186916,0.046729,0.0775862,0.0,0.9719626,0.2586207,0.1111111,0.0,10.510559281627845
5678.0,0.5077492,0.0001761,0.0880592,0.0669052,0.9388869,0.0015851,0.8320312,0.0058594,0.0266927,0.0309148,0.0,0.3632812,0.5470032,0.3494475,0.6,10.740756721857226
1506.0,0.4873838,0.0192563,0.1513944,0.115285,0.9163347,0.0,0.7996454,0.0035461,0.0141844,0.0631229,0.0106383,0.998227,0.1295681,0.1615385,0.4444444,10.5815464756746
6758.0,0.4573838,0.0411364,0.2148565,0.1690755,0.8144421,0.0264871,0.6673568,0.0037957,0.0310559,0.1362146,0.0372671,0.9962043,0.3672131,0.0565693,0.6,10.611547975828369
807.0,0.4770756,0.0198265,0.1425031,0.0995261,0.8971499,0.0,0.7744108,0.006734,0.030303,0.0230263,0.020202,0.996633,0.1348684,0.0784314,0.0,11.766023856597407
11069.0,0.4864035,0.0078598,0.1108501,0.1153914,0.8649381,0.0244828,0.7308909,0.0063258,0.0419083,0.0942946,0.0060622,0.9546653,0.4268322,0.1044487,0.7361111,11.413116179350727
1804.0,0.47949,0.0,0.1324834,0.0990415,0.9013304,0.0,0.7643505,0.0,0.0287009,0.0321637,0.0,0.9969789,0.1900585,0.0762712,0.5,10.53212287826962
3795.0,0.4980237,0.0044796,0.1222661,0.1065617,0.8756258,0.0226614,0.7316652,0.0051769,0.0379638,0.0373754,0.0043141,0.4918033,0.5390365,0.2259332,0.6666667,10.188704088048116
26506.0,0.4972459,0.1453633,0.0648155,0.0485517,0.874934,0.0,0.7546026,0.006394,0.0941462,0.0743878,0.1174071,0.9016646,0.3333673,0.1462141,0.359375,11.109473329472568
53648.0,0.4655905,0.1827468,0.1152513,0.0896756,0.7858075,0.0086676,0.5911443,0.0018578,0.0658203,0.0408977,0.1771133,0.9729287,0.3741038,0.0255631,0.390625,11.565527402710426
376.0,0.5398936,0.2659574,0.1090426,0.1387283,0.6968085,0.2021277,0.7256637,0.0,0.0530973,0.124031,0.300885,0.9646018,0.3643411,0.1764706,1.0,9.615805480084347
203.0,0.5123153,0.0049261,0.1576355,0.1111111,0.8719212,0.0,0.721519,0.0126582,0.0379747,0.1123596,0.0,1.0,0.2359551,0.1176471,1.0,9.928228944424575
189.0,0.4708995,0.0,0.1058201,0.13,0.9100529,0.0,0.7213115,0.0,0.0,0.0757576,0.0,1.0,0.1515152,0.2777778,0.0,10.177362240256695
26436.0,0.527803,0.1897413,0.0428961,0.047024,0.8450598,0.0880239,0.8328275,0.004173,0.0435003,0.0427309,0.183738,0.9095852,0.4520034,0.1747104,0.14,11.92371636583374
88.0,0.5340909,0.125,0.1931818,0.1463415,0.9204545,0.0,0.7666667,0.0,0.0,0.0909091,0.0666667,1.0,0.0909091,0.125,0.0,10.351405324899678
3745.0,0.4451268,0.0018692,0.2542056,0.180462,0.7935915,0.0536716,0.6509804,0.0006536,0.0176471,0.0693431,0.0006536,0.9928105,0.2597324,0.039604,0.6129032,10.328787967145063
1012.0,0.4782609,0.0009881,0.1590909,0.1193182,0.8577075,0.0,0.6862745,0.0073529,0.0269608,0.0577367,0.0,0.995098,0.2378753,0.0754717,0.8,10.114599007626499
637.0,0.4395604,0.0,0.3751962,0.280112,0.7095761,0.1193093,0.5976562,0.0039062,0.015625,0.1017544,0.0,1.0,0.3578947,0.0677966,0.6666667,9.615805480084347
18387.0,0.4765323,0.060967,0.1827378,0.1544935,0.7971393,0.065481,0.6751757,0.0035853,0.0291123,0.1392421,0.0526316,0.8977485,0.3788421,0.0968,0.7173913,9.957075711706057
538.0,0.4665428,0.0910781,0.1821561,0.1637631,0.8624535,0.0,0.685446,0.0093897,0.028169,0.1744186,0.0938967,0.9859155,0.255814,0.0909091,0.3333333,9.989711119284745
6066.0,0.4699967,0.0032971,0.1950214,0.1097978,0.8026706,0.0133531,0.6437524,0.001899,0.0550703,0.0291298,0.0034182,0.9848082,0.3023599,0.03125,0.1666667,11.590821254278314
211.0,0.4976303,0.0094787,0.2559242,0.1320755,0.8293839,0.056872,0.7012987,0.0,0.012987,0.0722892,0.0,1.0,0.1084337,0.1,1.0,9.787009914477434
198.0,0.6565657,0.0,0.0,0.0,0.7070707,0.2626263,0.8958333,0.0,0.0208333,0.0204082,0.0,1.0,0.4081633,0.0833333,0.0,0.0
362.0,0.4364641,0.0,0.2596685,0.2205882,0.8121547,0.0,0.6551724,0.0,0.0344828,0.1512195,0.0,0.9942529,0.3414634,0.0212766,1.0,9.893487720457795
6697.0,0.4555771,0.0564432,0.214275,0.1785518,0.8230551,0.027923,0.6683508,0.0032479,0.0220137,0.0809287,0.054493,0.9963912,0.359204,0.0675513,0.6326531,10.146472946063877
2635.0,0.4872865,0.0003795,0.1366224,0.1095485,0.8819734,0.0,0.7433712,0.0028409,0.0331439,0.0654867,0.0,0.9971591,0.3557522,0.0562249,0.7142857,10.524090921620362
381.0,0.4566929,0.0,0.1391076,0.1497585,0.9238845,0.0,0.8028169,0.0,0.0070423,0.0657895,0.0,1.0,0.2236842,0.0869565,1.0,10.32551474894327
4550.0,0.4953846,0.0030769,0.0793407,0.0505226,0.9215385,0.0,0.8196303,0.0031867,0.0395156,0.3045213,0.001912,0.9840663,0.2211879,0.0928962,0.6226415,11.670792089258995
563.0,0.4440497,0.0,0.1900533,0.1501597,0.8543517,0.0,0.6666667,0.0,0.017094,0.0859375,0.0,0.991453,0.171875,0.0612245,0.8333333,9.615805480084347
968.0,0.4566116,0.0,0.3202479,0.2224335,0.7747934,0.0485537,0.6105769,0.0024038,0.0192308,0.1440329,0.0,0.9951923,0.3641975,0.0819672,0.7222222,9.867912187022208
20710.0,0.4653308,0.003042,0.1543699,0.1100876,0.8038629,0.0428778,0.6828808,0.0037707,0.0652338,0.1209811,0.0018854,0.995098,0.3590763,0.0672063,0.4473684,11.35159406537374
29.0,0.6206897,0.0,0.2068966,0.0,0.9655172,0.0,0.9090909,0.0,0.0,0.45,0.0,1.0,0.25,0.0,0.0,9.615805480084347
256.0,0.453125,0.0,0.2382812,0.1857143,0.7890625,0.0,0.559633,0.0091743,0.0366972,0.0603448,0.0,1.0,0.25,0.12,0.0,10.047631185616188
54.0,0.3703704,0.0,0.1851852,0.1470588,0.8703704,0.0,0.6956522,0.0,0.0,0.1153846,0.0,1.0,0.3461538,0.0,0.5,9.615805480084347
165.0,0.5515152,0.0181818,0.1090909,0.0540541,0.8424242,0.0,0.7121212,0.0,0.0757576,0.0958904,0.030303,1.0,0.1643836,0.0,0.5,10.463131911491967
5385.0,0.4692665,0.5598886,0.0529248,0.0524843,0.7662024,0.0,0.6010009,0.0090992,0.1364877,0.1068671,0.5086442,0.9818016,0.4546932,0.0876258,0.2,11.007103966325696
1027.0,0.503408,0.0009737,0.1499513,0.0823529,0.8597858,0.0,0.6908213,0.0024155,0.0362319,0.4169014,0.0,0.9951691,0.228169,0.1052632,0.75,10.971657815702502
810.0,0.4679012,0.0037037,0.1259259,0.12529,0.9160494,0.0,0.7922535,0.0035211,0.0246479,0.0718954,0.0070423,0.9964789,0.1797386,0.1304348,0.4,10.069044362997353
418.0,0.5095694,0.0,0.1100478,0.0731707,0.8803828,0.0,0.74375,0.0,0.05,0.0184049,0.0,1.0,0.208589,0.0980392,0.0,10.74937727911096
1469.0,0.5112321,0.0006807,0.0932607,0.0710306,0.9223962,0.0,0.804878,0.0081301,0.0284553,0.1229947,0.0,0.9857724,0.4153298,0.1392405,0.8888889,10.521399202410167
33072.0,0.4747218,0.3509615,0.1256047,0.0997007,0.8844642,0.0181725,0.7537505,0.0042993,0.0348518,0.0592083,0.3097329,0.8923344,0.2530981,0.1720273,0.5102041,10.793454842740767
1435.0,0.471777,0.0905923,0.1756098,0.1306069,0.9135889,0.0,0.7903226,0.0,0.0125448,0.086743,0.0878136,0.9928315,0.1963993,0.0660377,0.8,10.275085591132715
3484.0,0.5275545,0.0008611,0.0714696,0.0552855,0.8036739,0.0226751,0.6650718,0.0095694,0.0988836,0.2463942,0.0023923,0.9098884,0.4122596,0.0962264,0.1904762,11.475233981948293
2469.0,0.4601053,0.018226,0.2106116,0.1635409,0.8513568,0.0137708,0.6769231,0.0020513,0.0092308,0.172326,0.0112821,0.9107692,0.393039,0.1636364,0.6551724,9.883335864325275
4961.0,0.4676477,0.0002016,0.1906874,0.1253313,0.8447894,0.0,0.6782568,0.0027816,0.0278164,0.0514512,0.0,0.9995364,0.3597186,0.0378973,0.4545455,10.609081944147828
22259.0,0.4593198,0.0110068,0.1144706,0.0805983,0.6766252,0.1265556,0.5836488,0.0013015,0.0748935,0.0591117,0.0050876,0.9831992,0.2161861,0.0274223,0.3203883,12.244817283839346
542.0,0.4538745,0.001845,0.1051661,0.0810811,0.9169742,0.0,0.8,0.0057143,0.0457143,0.0540541,0.0,0.9942857,0.1567568,0.0980392,1.0,10.513280297700861
7124.0,0.50379,0.2869175,0.155671,0.1578501,0.7756878,0.0908198,0.6706876,0.0048251,0.0333735,0.1236786,0.2553277,0.9521512,0.4675828,0.1235857,0.7575758,10.047631185616188
2649.0,0.4949037,0.0,0.1151378,0.0896861,0.8848622,0.0230276,0.7866379,0.0021552,0.0420259,0.0272537,0.0,0.9956897,0.1855346,0.1072961,0.1666667,11.203692838488003
1579.0,0.4699177,0.0006333,0.1747942,0.130227,0.8752375,0.0139329,0.7301325,0.0033113,0.0182119,0.0778626,0.0,0.9983444,0.3572519,0.1515152,0.8888889,9.841665338892785
191972.0,0.486149,0.0235191,0.109417,0.0798621,0.7484112,0.0560759,0.621575,0.003236,0.0904751,0.0464978,0.0194027,0.985133,0.3698833,0.0487905,0.32,10.778977123006351
3468.0,0.4342561,0.0060554,0.2231834,0.1992864,0.7900807,0.0412341,0.6190136,0.0042888,0.0293066,0.0765677,0.0050036,0.9971408,0.3181518,0.0319149,0.6363636,10.50783084142058
32371.0,0.4737574,0.0260727,0.1444812,0.1071911,0.8586698,0.0149208,0.7106655,0.0023684,0.0290519,0.0386308,0.0301571,0.9906845,0.2707954,0.0391315,0.5,10.668978650219241
1682.0,0.479786,0.1004756,0.1171225,0.1154286,0.8852556,0.010107,0.7562189,0.0049751,0.0414594,0.0835866,0.1011609,0.9917081,0.1732523,0.0576923,0.6,11.118415133585586
956.0,0.5146444,0.9843096,0.0648536,0.075431,0.9539749,0.0,0.8703704,0.0074074,0.0222222,0.0181818,0.9777778,0.9962963,0.1709091,0.2121212,0.0,10.465984899076615
7351.0,0.4939464,0.0500612,0.0754999,0.0768817,0.9427289,0.0013604,0.8572744,0.0027624,0.0326888,0.0189702,0.0423573,0.895488,0.1355014,0.1661538,0.0,11.671645688511857
1274.0,0.4835165,0.0,0.1083203,0.0987842,0.900314,0.0,0.7649573,0.0042735,0.0277778,0.064,0.0,0.9978632,0.198,0.0978261,0.5714286,11.005444242454628
358.0,0.5027933,0.0,0.0530726,0.0449438,0.9692737,0.0,0.8513514,0.0,0.0,0.1777778,0.0,1.0,0.8333333,0.2666667,0.0,9.615805480084347
131.0,0.4198473,0.1374046,0.221374,0.2236842,0.8549618,0.0,0.6909091,0.0,0.0363636,0.1129032,0.0909091,1.0,0.2096774,0.1111111,1.0,9.770013301136158
2690.0,0.4836431,0.0330855,0.0806691,0.0633549,0.9579926,0.0,0.8736111,0.0055556,0.0194444,0.0612777,0.0486111,0.3555556,0.4993481,0.3620072,0.5,10.611547975828369
358548.0,0.4831236,0.273902,0.1655204,0.1184514,0.817447,0.0207783,0.6452031,0.0044683,0.0655575,0.0989139,0.2400654,0.3669118,0.7607056,0.137992,0.2944744,11.002116507732017
321.0,0.517134,0.0,0.1401869,0.0516129,0.9127726,0.0,0.7747748,0.009009,0.027027,0.0901639,0.0,1.0,0.2213115,0.4,1.0,9.65509029374725
1535.0,0.4482085,0.0749186,0.1687296,0.1770956,0.8325733,0.0,0.6517028,0.0077399,0.0309598,0.0784593,0.0650155,0.996904,0.5435093,0.0784314,1.0,9.94755228369823
5706.0,0.4526814,0.0024536,0.1777077,0.1661864,0.797932,0.0348756,0.6360137,0.002994,0.0342173,0.0457143,0.0,0.9927288,0.3293878,0.0611413,0.1764706,10.594156665220533
141.0,0.4539007,0.0,0.1843972,0.0649351,0.8652482,0.0992908,0.8717949,0.0,0.0,0.0714286,0.0,1.0,0.2142857,0.3333333,0.0,9.746892220313054
193.0,0.4766839,0.0,0.3056995,0.1485149,0.8393782,0.0,0.6309524,0.0,0.0,0.2631579,0.0,1.0,0.3421053,0.2631579,0.8,9.615805480084347
820.0,0.4804878,0.0012195,0.2658537,0.1760563,0.8060976,0.0,0.6226415,0.0053908,0.0404313,0.0511509,0.0,0.9946092,0.2557545,0.0681818,0.3333333,10.295563423525277
1940.0,0.4886598,0.014433,0.2252577,0.0816532,0.9015464,0.0,0.7992472,0.0025094,0.033877,0.2599814,0.0125471,0.9473024,0.463324,0.1318681,0.2727273,10.891186902297498
488.0,0.522541,0.0020492,0.2151639,0.1030043,0.9221311,0.0,0.7770701,0.0,0.0191083,0.1822917,0.0,1.0,0.3229167,0.1333333,1.0,10.885584751364705
807.0,0.4869888,0.0,0.1598513,0.1086957,0.8624535,0.0,0.694864,0.0,0.0271903,0.102981,0.0,1.0,0.3197832,0.0884956,0.0,9.94755228369823
324.0,0.4907407,0.0895062,0.1666667,0.1393939,0.8919753,0.0,0.7538462,0.0,0.0153846,0.0714286,0.0692308,0.9923077,0.1285714,0.12,0.5,10.734242182303689
3940.0,0.4667513,0.0010152,0.2238579,0.184674,0.7543147,0.0540609,0.6031447,0.0025157,0.0628931,0.0862069,0.0,0.9974843,0.3126437,0.0675944,0.6774194,9.942756341456828
1278.0,0.4788732,0.0023474,0.2261346,0.1951952,0.7621283,0.0453834,0.5884544,0.0,0.0409683,0.0271739,0.0018622,1.0,0.3677536,0.0577778,1.0,10.360944044643913
1560.0,0.4846154,0.0269231,0.099359,0.0783582,0.874359,0.0,0.7312977,0.0076336,0.0244275,0.0367647,0.0229008,0.9938931,0.3073529,0.005848,0.375,10.841559345471941
1541.0,0.4639844,0.0006489,0.1823491,0.1150121,0.8754056,0.0,0.7255217,0.0032103,0.0272873,0.113798,0.0,0.9935795,0.2446657,0.0746269,0.7222222,10.34177474101152
111790.0,0.4766616,0.0183469,0.0990071,0.0677048,0.8417926,0.0056892,0.6880897,0.0020251,0.0563023,0.0646712,0.0175583,0.9850677,0.2541265,0.0360518,0.2669433,11.207771646606407
319.0,0.4388715,0.0031348,0.3009404,0.2793296,0.7210031,0.0940439,0.6111111,0.0238095,0.0396825,0.080292,0.0,1.0,0.3868613,0.0263158,0.0,10.214678610538817
838.0,0.4570406,0.00358,0.2243437,0.1758242,0.8305489,0.0,0.640884,0.0027624,0.0303867,0.101737,0.0,1.0,0.3300248,0.0636943,0.5,10.181157167204903
171.0,0.497076,0.0,0.2573099,0.1162791,0.8596491,0.0,0.6956522,0.0,0.0434783,0.1153846,0.0,1.0,0.2948718,0.1428571,0.0,9.674137279312397
1307.0,0.4575363,0.0007651,0.3580719,0.2637518,0.7505738,0.0719204,0.6042403,0.0,0.0123675,0.0503356,0.0,0.9929329,0.2600671,0.049505,0.8571429,9.781376414141157
17400.0,0.4781034,0.0636782,0.1392529,0.0962449,0.7487356,0.0987356,0.6691579,0.0031556,0.085534,0.0770999,0.0621159,0.8920445,0.4871245,0.0987124,0.1212121,11.627155529627064
133.0,0.5338346,0.0,0.1428571,0.016129,0.9323308,0.0,0.8163265,0.0,0.0,0.0576923,0.0,1.0,0.1538462,0.5,0.0,10.106469212026385
1339.0,0.4466019,0.3816281,0.1964152,0.1538462,0.8745332,0.0,0.7300178,0.0035524,0.0213144,0.0537815,0.294849,0.9982238,0.2890756,0.079602,0.6666667,10.474495347310453
3018.0,0.6709742,0.158383,0.0702452,0.0725076,0.4638834,0.4887343,0.7904192,0.005988,0.0439122,0.0773481,0.0339321,0.756487,0.46593,0.2242152,1.0,11.086762629082946
1133.0,0.4792586,0.0044131,0.0300088,0.0305085,0.9443954,0.0,0.8534031,0.0,0.0183246,0.040201,0.0052356,0.973822,0.1281407,0.2222222,0.5454545,10.778977123006351
121.0,0.4958678,0.0,0.322314,0.1967213,0.7024793,0.0,0.5217391,0.0,0.0434783,0.3030303,0.0,1.0,0.3737374,0.0,1.0,9.615805480084347
3853.0,0.4887101,0.0051908,0.1144563,0.084264,0.9288866,0.0,0.8303502,0.0031128,0.029572,0.0250379,0.0054475,0.981323,0.0591806,0.1392405,0.1666667,11.93689170019576
624.0,0.4727564,0.2163462,0.224359,0.1823708,0.838141,0.0320513,0.6937984,0.0,0.0077519,0.14,0.1627907,1.0,0.29,0.1632653,0.8571429,10.236417809461043
267.0,0.4831461,0.0,0.1385768,0.0797101,0.9101124,0.0,0.7755102,0.0,0.0204082,0.0392157,0.0,0.9591837,0.1568627,0.0833333,1.0,10.499600568082863
850.0,0.4694118,0.0,0.2858824,0.1884701,0.8011765,0.0635294,0.6884273,0.0029674,0.0237389,0.1037234,0.0,1.0,0.2712766,0.0352941,0.7,9.961803629358965
21128.0,0.4726429,0.0195949,0.1615865,0.1330102,0.8427206,0.0151458,0.6815761,0.0021299,0.0301739,0.0485251,0.0254408,0.9952668,0.2921639,0.0576662,0.5192308,10.485731104959568
934.0,0.4593148,0.0,0.111349,0.1049505,0.9014989,0.0010707,0.76,0.0061538,0.0276923,0.0384615,0.0,0.9907692,0.2485207,0.1041667,0.0,10.385944565501662
4002.0,0.5012494,0.2803598,0.11994,0.1237475,0.7781109,0.0907046,0.6982634,0.0057887,0.0629522,0.0907895,0.248191,0.9942113,0.5223684,0.1345794,0.7272727,9.937937287265354
184.0,0.451087,0.451087,0.326087,0.2079208,0.8152174,0.0,0.6235294,0.0,0.0235294,0.1904762,0.4705882,1.0,0.2952381,0.1666667,0.0,9.69898173460629
2916.0,0.4718793,0.0624143,0.1560357,0.1305195,0.8923182,0.0209191,0.7528796,0.0010471,0.0136126,0.1326067,0.0544503,0.5099476,0.4296094,0.1941392,1.0,9.615805480084347
3394.0,0.4555097,0.9546258,0.1249263,0.1222944,0.8691809,0.0002946,0.7057837,0.0016764,0.0569992,0.0941534,0.9362951,0.9932942,0.3287775,0.1742739,0.3333333,10.150386692204734
1440.0,0.4451389,0.0,0.21875,0.1664581,0.8430556,0.0340278,0.7076649,0.0,0.0213904,0.0863192,0.0,0.9982175,0.213355,0.1006289,0.8,9.69898173460629
73.0,0.4931507,0.0,0.1917808,0.1351351,0.8493151,0.0,0.6538462,0.0384615,0.0384615,0.5438596,0.0,1.0,0.5789474,0.5,0.0,9.615805480084347
1322.0,0.46823,0.0022693,0.172466,0.1038407,0.8055976,0.0,0.6069565,0.0069565,0.04,0.1738506,0.0017391,0.9930435,0.2816092,0.0541516,0.6666667,11.47937902264955
701.0,0.4835949,0.0,0.1669044,0.1685083,0.8830243,0.0,0.7282609,0.0036232,0.0217391,0.2459016,0.0,0.9891304,0.4918033,0.1403509,0.9166667,9.615805480084347
670.0,0.4761194,0.0089552,0.0985075,0.0598291,0.9686567,0.0,0.9110169,0.0,0.0,0.0084034,0.0084746,1.0,0.0084034,0.0,0.0,11.553116860704856
8869.0,0.4963356,0.0426204,0.0634795,0.0604433,0.9187056,0.0237907,0.85932,0.0074248,0.0398593,0.0708061,0.0394685,0.8561938,0.1808279,0.2568182,0.0314961,11.741661349996177
621.0,0.5088567,0.0032206,0.1095008,0.1016393,0.8808374,0.0,0.7217391,0.0130435,0.026087,0.0376569,0.0043478,0.9913043,0.2970711,0.1076923,0.0,10.416341118636355
2129.0,0.4819164,0.0526069,0.1183654,0.0915684,0.8478159,0.0122123,0.7118437,0.004884,0.0610501,0.448856,0.040293,0.981685,0.1594886,0.1011236,0.7727273,11.946660519211651
87535.0,0.4938253,0.0870052,0.0550294,0.0512323,0.9142629,0.0055064,0.8059504,0.0088308,0.0483608,0.1020318,0.091643,0.7168467,0.3625906,0.2023495,0.1459293,11.596356272699
78.0,0.5897436,0.0,0.0641026,0.0625,0.9102564,0.0,0.7391304,0.0,0.0434783,0.0416667,0.0,1.0,0.1666667,0.2,0.0,10.021315031649332
1056.0,0.4630682,0.0,0.1893939,0.1269841,0.8143939,0.0,0.6393805,0.0132743,0.0464602,0.2125436,0.0,1.0,0.4076655,0.0677966,0.7894737,10.069044362997353
834.0,0.4616307,0.001199,0.3045564,0.2048998,0.7757794,0.0551559,0.6260623,0.0,0.0226629,0.1654846,0.0,1.0,0.2553191,0.1029412,0.8461538,9.615805480084347
5811.0,0.5002581,0.0027534,0.0523146,0.0268595,0.9457925,0.0,0.8686297,0.006795,0.0322763,0.0365521,0.0028313,0.9881087,0.157665,0.1731844,0.4347826,10.793454842740767
5260.0,0.5003802,0.004943,0.1657795,0.1137747,0.8857414,0.0026616,0.7538299,0.0063391,0.0438457,0.0605459,0.0031696,0.9350238,0.4183623,0.1388175,0.59375,10.74937727911096
1289.0,0.4685803,0.3273856,0.1148177,0.1226277,0.8882855,0.0,0.7343413,0.0086393,0.0302376,0.179078,0.2980562,0.9848812,0.4343972,0.1287879,0.68,10.158168529848494
6940.0,0.4448127,0.1018732,0.2347262,0.1902414,0.8178674,0.0355908,0.6709166,0.0017229,0.0165403,0.0839646,0.0906272,0.9975879,0.3475379,0.0938865,0.5813953,9.942756341456828
2972.0,0.4825034,0.0026918,0.1514132,0.053316,0.9431359,0.0,0.8720602,0.0028222,0.0235183,0.0166512,0.0009407,0.9943556,0.0240518,0.0909091,0.3333333,12.511352710974496
928.0,0.4935345,0.0010776,0.1465517,0.1085106,0.8976293,0.0,0.7677054,0.0056657,0.0311615,0.0459459,0.0,0.9971671,0.1621622,0.0657895,0.25,10.357774570341576
8396.0,0.4848737,0.0069081,0.0832539,0.0635838,0.8394474,0.0005955,0.687787,0.0055096,0.0780533,0.032,0.0079584,0.9883685,0.3051852,0.0393097,0.3157895,11.456365695436427
305.0,0.4655738,0.0098361,0.2819672,0.1717791,0.8295082,0.0,0.673913,0.0072464,0.0362319,0.028169,0.0,1.0,0.0422535,0.0,0.5,11.408686542313973
2163.0,0.4576976,0.0023116,0.2547388,0.1781756,0.7887194,0.0226537,0.610582,0.0010582,0.0338624,0.1084906,0.0,1.0,0.3707547,0.0454545,0.3333333,10.515993929932415
5971.0,0.4845085,0.0582817,0.1636242,0.0795971,0.9187741,0.0,0.8249673,0.0034919,0.0261894,0.0325169,0.0567438,0.9550415,0.1161318,0.1403509,0.3846154,11.83065893676428
1154.0,0.4549393,0.0779896,0.2192374,0.154213,0.8830156,0.0,0.7288136,0.0021186,0.0127119,0.0616302,0.065678,0.9978814,0.2664016,0.106383,0.75,10.077482875583607
195.0,0.4923077,0.1128205,0.1230769,0.1313131,0.9128205,0.0,0.7619048,0.0,0.031746,0.1710526,0.0952381,0.8730159,0.4078947,0.3333333,0.0,9.615805480084347
2090.0,0.4712919,0.0181818,0.1521531,0.1176471,0.8172249,0.015311,0.6662546,0.0111248,0.0704574,0.0625724,0.0247219,0.9938195,0.2850521,0.0585366,0.6,11.265758139843117
930.0,0.5032258,0.0032258,0.1204301,0.0800866,0.9225806,0.0,0.813253,0.0060241,0.0180723,0.0828729,0.0060241,1.0,0.3121547,0.1320755,0.3333333,10.357774570341576
6696.0,0.4359319,0.4314516,0.2328256,0.1980408,0.8263142,0.016129,0.6503421,0.0021606,0.024847,0.0868135,0.3766655,0.996399,0.2505755,0.0935412,0.6875,10.65492722584759
281.0,0.4377224,0.0,0.252669,0.1898734,0.8576512,0.0,0.6854839,0.0,0.0080645,0.1564626,0.0,1.0,0.2789116,0.2173913,1.0,9.615805480084347
11390.0,0.504302,0.014223,0.0201932,0.0201913,0.8324846,0.000439,0.6865183,0.0030541,0.0881326,0.0741264,0.0152705,0.9075044,0.4649566,0.0306554,0.0631579,11.955050317440996
874.0,0.4565217,0.0,0.2414188,0.2021053,0.8398169,0.0,0.6478149,0.0,0.0077121,0.0803783,0.0,1.0,0.4160757,0.1061947,0.2,9.814710982145282
2826.0,0.4762916,0.9961076,0.079264,0.077027,0.9186129,0.0021231,0.7589617,0.0049444,0.0271941,0.1050885,0.9938195,0.9888752,0.5,0.2291667,0.6666667,10.499600568082863
6597.0,0.4726391,0.0069729,0.1591633,0.1172751,0.8135516,0.0615431,0.7106274,0.0038412,0.0465216,0.0579011,0.004268,0.9611609,0.3136309,0.0861678,0.5909091,10.491301994830229
1084.0,0.50369,0.0,0.0498155,0.0390335,0.9566421,0.0,0.875,0.0,0.0202703,0.0778816,0.0,0.5810811,0.1993769,0.3061224,0.2,10.694237736914808
371.0,0.5148248,0.0,0.1212938,0.0888889,0.9002695,0.0,0.7538462,0.0,0.0384615,0.1216216,0.0,0.9923077,0.3648649,0.2285714,0.6666667,10.102379394048045
217.0,0.5023041,0.0,0.2857143,0.2314815,0.8294931,0.0,0.6734694,0.0102041,0.0306122,0.1403509,0.0,1.0,0.3421053,0.1111111,1.0,9.615805480084347
323.0,0.5077399,0.0650155,0.0743034,0.0377358,0.9473684,0.0,0.8636364,0.0,0.0181818,0.009009,0.0545455,1.0,0.0,0.0,1.0,11.445727410406752
5672.0,0.4906559,0.0084626,0.1004937,0.0899965,0.8381523,0.0,0.6845943,0.0022789,0.0729262,0.0563441,0.0077484,0.8915223,0.4305376,0.0966767,0.5789474,12.178192583415596
1442.0,0.4743412,0.0006935,0.1775312,0.1477573,0.8224688,0.0,0.6291601,0.0047544,0.0301109,0.1449864,0.0015848,0.9904913,0.4281843,0.0697674,0.6666667,9.933094897288786
16433.0,0.4529909,0.5823648,0.1588268,0.1544109,0.8269336,0.0337127,0.6779744,0.0042201,0.0366824,0.1072308,0.5268625,0.9931829,0.3644399,0.1160399,0.5079365,10.328787967145063
1670.0,0.4371257,0.0275449,0.1431138,0.1159574,0.7592814,0.1305389,0.7022767,0.0017513,0.0210158,0.0305603,0.0,0.9912434,0.2903226,0.0662252,0.1666667,10.623787731088578
1322.0,0.4621785,0.01059,0.1006051,0.092827,0.9024206,0.0,0.7620968,0.0040323,0.016129,0.1477663,0.0080645,0.9959677,0.1958763,0.1505376,0.6206897,10.021315031649332
245.0,0.4938776,0.0,0.1469388,0.1693548,0.844898,0.0,0.6262626,0.0,0.010101,0.0660377,0.0,1.0,0.2075472,0.1052632,0.0,9.69898173460629
257.0,0.4980545,0.0,0.1789883,0.1705426,0.8599222,0.0,0.6728972,0.0,0.0093458,0.1370968,0.0,1.0,0.2983871,0.2272727,0.6666667,9.615805480084347
4686.0,0.4816475,0.0294494,0.0832266,0.0745163,0.8918054,0.0091763,0.7561905,0.0038095,0.0380952,0.131753,0.0336508,0.7949206,0.3925028,0.1431335,0.4545455,10.573903321093981
995.0,0.4954774,0.0060302,0.1266332,0.1115538,0.8773869,0.0,0.725641,0.0025641,0.0307692,0.1294643,0.0051282,0.9897436,0.3214286,0.0793651,0.5833333,10.169728906753061
102.0,0.5196078,0.0,0.0784314,0.0612245,0.8823529,0.0,0.7272727,0.030303,0.0606061,0.195122,0.0,1.0,0.2682927,0.1666667,0.6666667,9.90353755128617
1859.0,0.4384077,0.3722431,0.2436794,0.151341,0.8074233,0.0484131,0.6728838,0.0057389,0.0430416,0.1692491,0.3156385,0.9526542,0.3957092,0.1289062,0.5714286,10.275085591132715
4977.0,0.4850311,0.005224,0.1322082,0.113929,0.8706048,0.0056259,0.731441,0.0060044,0.0485808,0.0700508,0.0043668,0.9803493,0.3304569,0.0916179,0.4791667,11.576848171532921
9606.0,0.4800125,0.0451801,0.089111,0.0768769,0.8778888,0.0,0.7291779,0.001612,0.0405696,0.0345006,0.0408383,0.9959699,0.169131,0.0328185,0.1481481,11.151969943847991
900.0,0.5077778,0.0011111,0.1522222,0.0744921,0.9155556,0.0,0.8,0.0029412,0.0205882,0.525802,0.0,0.9970588,0.3514644,0.030303,1.0,10.540090836284206
1403.0,0.5003564,0.0007128,0.023521,0.0142653,0.9044904,0.0841055,0.9517241,0.0,0.0068966,0.2140921,0.0,0.0931034,0.5582656,0.4473684,0.0,9.615805480084347
2139.0,0.4749883,0.002805,0.1813932,0.1469279,0.8602151,0.0,0.6797688,0.0023121,0.0208092,0.1244939,0.0,0.9976879,0.2945344,0.0673077,0.7096774,9.615805480084347
112.0,0.4642857,0.0535714,0.2142857,0.0333333,0.9107143,0.0,0.7948718,0.0,0.0512821,0.1136364,0.025641,1.0,0.0681818,0.3333333,0.0,11.847975261832087
198.0,0.4494949,0.0,0.2373737,0.2018349,0.8484848,0.0,0.6547619,0.0,0.0119048,0.1428571,0.0,1.0,0.3673469,0.25,1.0,9.615805480084347
1150.0,0.5269565,0.0,0.0678261,0.0661765,0.9304348,0.0069565,0.8485915,0.0,0.0422535,0.0405405,0.0,0.1021127,0.4763514,0.4529915,0.0,10.668978650219241
1816.0,0.4449339,0.0715859,0.1855727,0.1636905,0.8325991,0.0,0.640625,0.0052083,0.0273438,0.1111111,0.0638021,1.0,0.3518519,0.0923077,0.6,10.214678610538817
243.0,0.4567901,0.0,0.2139918,0.1818182,0.8683128,0.0,0.6868687,0.0,0.010101,0.1081081,0.0,1.0,0.2252252,0.1428571,1.0,9.985113621416073
996.0,0.4889558,0.0090361,0.1034137,0.0530452,0.9246988,0.0,0.8357349,0.0086455,0.0403458,0.0414365,0.0115274,0.9942363,0.2127072,0.0560748,0.6,10.734242182303689
1144.0,0.4274476,0.0174825,0.3347902,0.2412214,0.5603147,0.2386364,0.5850515,0.007732,0.121134,0.0805687,0.0154639,0.9896907,0.3483412,0.0064935,0.4,11.375971077721223
67.0,0.5522388,0.0,0.1791045,0.1333333,0.8656716,0.0,0.7037037,0.0,0.037037,0.0689655,0.0,1.0,0.2758621,0.0,1.0,9.814710982145282
95802.0,0.4859398,0.1349659,0.1051231,0.0810794,0.549237,0.1464792,0.4460094,0.0019287,0.1305418,0.0613164,0.1146301,0.9521888,0.5710474,0.0476937,0.6823204,12.122696471358964
403.0,0.483871,0.0,0.133995,0.1875,0.8560794,0.0,0.6748466,0.006135,0.0245399,0.1092896,0.0,0.9877301,0.4153005,0.0882353,0.75,9.615805480084347
953.0,0.4847849,0.0,0.2528856,0.1568228,0.7439664,0.003148,0.5642105,0.0126316,0.0442105,0.3823147,0.0,0.9957895,0.4421326,0.0344828,0.7142857,10.33854382482173
5910.0,0.4257191,0.5641286,0.1580372,0.1632292,0.8707276,0.0042301,0.7033748,0.0035524,0.0235346,0.0785597,0.5084369,0.9968917,0.2978723,0.1339001,0.65,10.236417809461043
3191.0,0.4910686,0.0115951,0.0169226,0.0098522,0.9473519,0.0,0.8808594,0.0029297,0.0361328,0.2135177,0.0146484,0.9296875,0.1920123,0.0663507,0.0711462,12.447845587147512
462.0,0.4848485,0.0,0.2813853,0.1680672,0.8571429,0.0,0.6829268,0.0,0.004878,0.1350211,0.0,1.0,0.2447257,0.0487805,0.75,9.615805480084347
460.0,0.4804348,0.0,0.2956522,0.1966527,0.8413043,0.0,0.6570048,0.0,0.0096618,0.0960699,0.0,1.0,0.2358079,0.0322581,0.25,9.62911649414402
93.0,0.5268817,0.0,0.3978495,0.2045455,0.7956989,0.0,0.5777778,0.0,0.0,0.3181818,0.0,1.0,0.4242424,0.4,1.0,9.615805480084347
248.0,0.4677419,0.0403226,0.0927419,0.0454545,0.9032258,0.0,0.7708333,0.0,0.0208333,0.1351351,0.03125,1.0,0.3513514,0.0833333,0.6666667,10.448743588106625
40153.0,0.488108,0.0243568,0.0593231,0.0502579,0.9171668,0.0064005,0.8171336,0.005248,0.0341489,0.0503299,0.0229137,0.9880257,0.1743647,0.085752,0.2044444,11.049317340813348
2128.0,0.4981203,0.0625,0.0986842,0.071161,0.4534774,0.4487782,0.6510721,0.0,0.042885,0.0638686,0.0955166,0.9863548,0.2025547,0.0561224,1.0,10.540090836284206
359.0,0.4986072,0.0,0.1114206,0.0555556,0.9220056,0.0,0.8091603,0.0,0.0229008,0.0507246,0.0,1.0,0.2971014,0.1818182,0.0,9.75272280064639
566.0,0.4575972,0.0,0.3798587,0.267101,0.6996466,0.1201413,0.6068376,0.008547,0.025641,0.1169811,0.0,1.0,0.3849057,0.030303,0.5,9.83633227734872
26203.0,0.4934168,0.0060298,0.0728924,0.064035,0.9161165,0.000458,0.7899605,0.0021433,0.0324873,0.0213071,0.0083474,0.978229,0.2222345,0.0344119,0.2222222,11.360950749348124
2499.0,0.4693878,0.0028011,0.1880752,0.1334842,0.8083233,0.0756303,0.7108844,0.0022676,0.0385488,0.0464865,0.0,0.9954649,0.2508108,0.0860656,0.5,10.568775236216993
776.0,0.5064433,0.0025773,0.0953608,0.0652742,0.9059278,0.0,0.7896679,0.0073801,0.0369004,0.0655172,0.00369,0.9815498,0.1931034,0.2037037,0.6666667,10.154285180632154
9581.0,0.48377,0.0207703,0.0915353,0.0665184,0.8944787,0.0072018,0.7743325,0.0031582,0.0350273,0.0465371,0.0281367,0.7215045,0.2679989,0.057242,0.3333333,11.075985169527042
541.0,0.4510166,0.4842884,0.1515712,0.1515152,0.9001848,0.0,0.7333333,0.0,0.0102564,0.0758294,0.4717949,1.0,0.3886256,0.1325301,0.0,9.867912187022208
31309.0,0.4630298,0.6905043,0.1001948,0.0835713,0.8205628,0.0152033,0.6667529,0.0052609,0.080552,0.0411808,0.6894351,0.9343683,0.4856529,0.0878729,0.2702703,11.495789479023493
270.0,0.4851852,0.0,0.262963,0.1582734,0.8814815,0.0,0.7321429,0.0,0.0178571,0.0819672,0.0,0.9821429,0.2622951,0.0,1.0,9.820160289946374
2172.0,0.4834254,0.0018416,0.2058011,0.131016,0.8807551,0.0041436,0.7416851,0.0,0.0177384,0.0515247,0.0022173,0.9966741,0.2828601,0.0470588,0.7,10.295563423525277
619.0,0.4911147,0.0226171,0.1389338,0.0920635,0.8917609,0.0,0.7449393,0.0,0.0161943,0.0885609,0.0161943,1.0,0.2472325,0.046875,1.0,10.599156550639583
1304.0,0.4578221,0.0,0.2576687,0.2022631,0.7960123,0.0636503,0.6564299,0.0,0.0076775,0.1416804,0.0,0.9980806,0.3443163,0.0666667,0.7,9.97119292889014
13940.0,0.4903156,0.0047346,0.0950502,0.0638987,0.8992826,0.0154232,0.8088597,0.002461,0.042863,0.0617664,0.0053322,0.9885152,0.1310371,0.0674847,0.1118012,12.12595201815431
1001.0,0.4605395,0.00999,0.1848152,0.1388889,0.8721279,0.0,0.7097561,0.004878,0.0121951,0.1008772,0.004878,0.9804878,0.247807,0.0714286,0.0,10.211009016314167
677.0,0.5140325,0.0,0.0886263,0.0699088,0.929099,0.0,0.8309179,0.0,0.0144928,0.1038961,0.0,0.6763285,0.3549784,0.2622951,0.6666667,10.36410350510914
931.0,0.5209452,0.0010741,0.0827068,0.0672646,0.9602578,0.0,0.8803987,0.0,0.0033223,0.0878788,0.0033223,0.9933555,0.3151515,0.0980392,0.0,10.16203685698089
83.0,0.5301205,0.0,0.0240964,0.025641,0.9879518,0.0,0.9545455,0.0,0.0,0.6333333,0.0,0.0909091,0.8666667,0.1764706,0.0,9.65509029374725
14699.0,0.4907817,0.0105449,0.0657868,0.057849,0.940268,0.0076876,0.8575618,0.0018852,0.0138249,0.0455818,0.0096355,0.9824047,0.1217513,0.1204453,0.26,10.9525769086256
125.0,0.496,0.0,0.304,0.0952381,0.936,0.0,0.84,0.0,0.0,0.0384615,0.0,0.98,0.0192308,0.0,0.0,11.181653682515929
453.0,0.5121413,0.3598234,0.2759382,0.2941176,0.6622517,0.2450331,0.7058824,0.0,0.0147059,0.1552795,0.3308824,0.9926471,0.2919255,0.1428571,0.8333333,9.615805480084347
180.0,0.5055556,0.0,0.2333333,0.1235955,0.8555556,0.0,0.6756757,0.0,0.027027,0.3333333,0.0,1.0,0.3693694,0.1111111,0.0,10.064798252418377
683.0,0.4685212,0.0029283,0.1976574,0.1790634,0.8213763,0.0409956,0.7021277,0.0070922,0.0283688,0.1849711,0.0,1.0,0.367052,0.0483871,0.6,9.62251624577579
752.0,0.4773936,0.0,0.1183511,0.1170483,0.8882979,0.0,0.7237762,0.006993,0.0174825,0.0498339,0.0,0.993007,0.2890365,0.0972222,0.0,10.515993929932415
1248.0,0.4294872,0.6378205,0.2075321,0.2036517,0.818109,0.0592949,0.6788793,0.0,0.0086207,0.1439114,0.5818966,0.9892241,0.3284133,0.1361257,1.0,9.661479683575521
62.0,0.483871,0.0,0.0483871,0.03125,0.8387097,0.0,0.6153846,0.0,0.0,0.35,0.0,1.0,0.35,0.0,0.0,10.268165387743457
4351.0,0.4552976,0.0002298,0.2440818,0.1839662,0.7979775,0.0225236,0.6279698,0.0048596,0.0404968,0.0458527,0.00054,0.9946004,0.2879959,0.0628099,0.2380952,10.332050506334692
510.0,0.4803922,0.0058824,0.1431373,0.1132075,0.8960784,0.0,0.7487685,0.0,0.0098522,0.125,0.0049261,0.7192118,0.262931,0.1666667,0.75,10.34177474101152
38793.0,0.4781275,0.1037816,0.1334261,0.0954804,0.75841,0.0245663,0.5926018,0.0026599,0.0914265,0.0458596,0.10819,0.861252,0.5346161,0.0830435,0.2169811,12.47915237076039
298.0,0.4496644,0.0,0.1610738,0.1402439,0.852349,0.0,0.6864407,0.0169492,0.0338983,0.112782,0.0,1.0,0.3383459,0.1111111,1.0,9.717218213494077
6163.0,0.4301477,0.004381,0.6921954,0.3001139,0.7312997,0.0540321,0.6236658,0.0018298,0.0247027,0.1147408,0.0039646,0.9810918,0.2848272,0.0535714,0.5777778,10.491301994830229
22851.0,0.4919697,0.0832349,0.0545272,0.04798,0.8083235,0.0131285,0.6768293,0.0092683,0.1181707,0.0300449,0.077439,0.9223171,0.3278921,0.1088865,0.0909091,11.559818592808288
153.0,0.5228758,0.0,0.2222222,0.109589,0.9150327,0.0,0.779661,0.0,0.0,0.3854167,0.0,1.0,0.46875,0.1818182,1.0,9.933094897288786
3657.0,0.4782609,0.0057424,0.0918786,0.0665618,0.6242822,0.2797375,0.7151454,0.003009,0.0441324,0.03485,0.0,0.997994,0.2613746,0.0555556,0.6,10.84546552414626
607.0,0.4596376,0.0016474,0.2108731,0.1463415,0.8665568,0.0,0.7095436,0.0041494,0.033195,0.0585938,0.0,1.0,0.1757812,0.0377358,0.5,10.081675578048475
13983.0,0.4607023,0.3068011,0.1443896,0.1340671,0.8651934,0.0200243,0.7170292,0.0023516,0.0256712,0.1198689,0.2798354,0.9956888,0.3609865,0.1599402,0.7619048,10.177362240256695
130.0,0.4230769,0.0,0.3,0.2266667,0.7692308,0.0,0.5090909,0.0181818,0.0363636,0.2253521,0.0,0.9818182,0.3943662,0.0,0.6666667,9.615805480084347
418.0,0.4808612,0.0,0.1818182,0.0921659,0.9114833,0.0,0.7861635,0.0062893,0.0188679,0.0421687,0.0,1.0,0.1325301,0.1333333,0.0,10.499600568082863
1817.0,0.4859659,0.0005504,0.1816181,0.1509636,0.8651624,0.0429279,0.7756714,0.0047393,0.0268562,0.0438066,0.0,1.0,0.2054381,0.083871,0.0,10.521399202410167
21448.0,0.4516039,0.0038232,0.2500932,0.1857677,0.8129896,0.013288,0.6340967,0.0019264,0.0273973,0.0209556,0.0033176,0.9940068,0.3102473,0.0210922,0.25,11.107975224295076
2226.0,0.5148248,0.0053908,0.1091644,0.0796296,0.9380054,0.0,0.8297872,0.0028369,0.0212766,0.0395095,0.0028369,0.9843972,0.1348774,0.0789474,0.75,11.977922833779727
93643.0,0.4859947,0.017492,0.1452751,0.103775,0.7765022,0.0087033,0.5934309,0.0038447,0.0861871,0.0470934,0.0176448,0.8406111,0.5339189,0.0775579,0.3529412,12.252006352956359
1090.0,0.4733945,0.0201835,0.2284404,0.1567944,0.7944954,0.0697248,0.6642857,0.0,0.0166667,0.0889371,0.0095238,0.9761905,0.3449024,0.0977444,0.6,10.030164255362632
238.0,0.5084034,0.197479,0.1470588,0.0769231,0.9411765,0.0,0.872093,0.0,0.0116279,0.0114943,0.2093023,1.0,0.0,0.0,0.0,11.833565894429414
1219.0,0.5045119,0.0032814,0.1009024,0.0844371,0.9089418,0.0,0.7870813,0.0119617,0.0334928,0.0542986,0.0023923,0.992823,0.199095,0.1192661,0.7777778,10.55843949396453
8034.0,0.4952701,0.2164551,0.1945482,0.1605425,0.7114762,0.098581,0.5807888,0.0044529,0.0559796,0.1006865,0.1638041,0.9736005,0.3852975,0.0832145,0.7941176,10.993748398115178
8019.0,0.484225,0.0309265,0.1329343,0.0967118,0.9028557,0.0,0.7787641,0.0020485,0.0341413,0.0174438,0.0320929,0.990099,0.123113,0.0962099,0.2083333,11.359785940419789
388.0,0.4793814,0.0180412,0.121134,0.0742574,0.9123711,0.0,0.7806452,0.0,0.0,0.0988372,0.0193548,1.0,0.3488372,0.1034483,1.0,10.169728906753061
1238.0,0.4386107,0.0161551,0.2633279,0.2417266,0.7738288,0.0799677,0.6570248,0.0041322,0.0309917,0.1463845,0.0144628,0.8595041,0.4285714,0.0898204,0.8571429,10.513280297700861
3233.0,0.464584,0.0009279,0.2316734,0.181398,0.8580266,0.0037117,0.6875934,0.0,0.0209268,0.069541,0.0007474,0.9977578,0.1182197,0.05,0.8695652,9.873079890114703
1128.0,0.5097518,0.0,0.1515957,0.1573237,0.8058511,0.0398936,0.6407323,0.0045767,0.0297483,0.1563707,0.0,0.9702517,0.3590734,0.0748299,0.6666667,10.130662964963708
295.0,0.4644068,0.0711864,0.2067797,0.2088608,0.820339,0.0,0.6343284,0.0,0.0298507,0.0694444,0.0671642,0.9925373,0.2430556,0.0645161,0.0,9.957075711706057
454.0,0.5330396,0.4361233,0.154185,0.1603774,0.7356828,0.1431718,0.66875,0.0,0.00625,0.1061453,0.39375,0.99375,0.3407821,0.0338983,0.5,10.401258331428318
170.0,0.4647059,0.0058824,0.1176471,0.010989,0.9529412,0.0,0.8545455,0.0,0.0,0.0350877,0.0181818,0.9818182,0.1052632,0.1875,1.0,11.017004873924424
2160.0,0.5074074,0.0111111,0.1092593,0.0742481,0.9268519,0.0,0.8169761,0.0026525,0.0212202,0.0980861,0.0066313,0.9190981,0.2607656,0.1217391,0.6428571,10.736418414365376
485.0,0.4927835,0.014433,0.171134,0.1219512,0.8907216,0.0,0.745,0.0,0.01,0.1341991,0.015,1.0,0.3246753,0.1666667,0.2857143,9.918425424900335
71.0,0.5633803,0.0,0.1267606,0.1290323,0.8169014,0.0,0.6206897,0.0,0.0689655,0.1212121,0.0,1.0,0.3333333,0.0,0.0,9.615805480084347
8364.0,0.4961741,0.0028694,0.0848876,0.0697674,0.9147537,0.0172166,0.8228164,0.0032086,0.0199643,0.0350877,0.0010695,0.9868093,0.1850705,0.1530782,0.4545455,10.604131561522696
43.0,0.6511628,0.0,0.1627907,0.1333333,0.8139535,0.0,0.5,0.0,0.0,0.8431373,0.0,1.0,0.6470588,0.0,0.3333333,10.177362240256695
309.0,0.5048544,0.0,0.0711974,0.0261438,0.8705502,0.0,0.7372881,0.0084746,0.0423729,0.4354067,0.0,0.9915254,0.6602871,0.2380952,0.8,10.709985739582528
131.0,0.5419847,0.0,0.0992366,0.0666667,0.8931298,0.0,0.7555556,0.0222222,0.0222222,0.1,0.0,1.0,0.2,0.1111111,0.0,9.615805480084347
266.0,0.4887218,0.0150376,0.0977444,0.0882353,0.9398496,0.0,0.8351648,0.0,0.010989,0.125,0.021978,1.0,0.3173077,0.3333333,0.0,9.680406499268875
1748.0,0.4754005,0.0022883,0.0371854,0.040349,0.9570938,0.0,0.8727679,0.0044643,0.0334821,0.0912779,0.0022321,0.9933036,0.505071,0.3823529,0.25,9.787009914477434
196.0,0.5153061,0.0,0.1632653,0.1052632,0.8622449,0.0,0.6753247,0.0,0.012987,0.0722892,0.0,1.0,0.1927711,0.0,0.0,9.615805480084347
195.0,0.4461538,0.0,0.2820513,0.1759259,0.8461538,0.0,0.6470588,0.0,0.0,0.1237113,0.0,1.0,0.4123711,0.125,0.5,9.615805480084347
659.0,0.4491654,0.4203338,0.1259484,0.137741,0.8998483,0.0,0.7575758,0.012987,0.030303,0.0722892,0.3722944,0.995671,0.2570281,0.1343284,0.5,10.477316144080852
513.0,0.4853801,0.0,0.1267057,0.1174242,0.91423,0.0,0.7883598,0.0,0.021164,0.1042654,0.0,1.0,0.1800948,0.0666667,0.25,10.038935856711177
899.0,0.4694105,0.4260289,0.1423804,0.1446541,0.8754171,0.0100111,0.7198795,0.0,0.0271084,0.090411,0.3885542,0.996988,0.3068493,0.2072072,1.0,10.043292972227004
47.0,0.4893617,0.0,0.2765957,0.0416667,0.8297872,0.0,0.6363636,0.0,0.0,0.1538462,0.0,1.0,0.5384615,0.0,0.0,9.615805480084347
92.0,0.4021739,0.0,0.2065217,0.1090909,0.8695652,0.0,0.7142857,0.0,0.0285714,0.0789474,0.0,1.0,0.2894737,0.0,0.0,9.994287576862567
132.0,0.5227273,0.030303,0.1969697,0.1111111,0.8560606,0.0,0.7222222,0.0,0.0185185,0.2173913,0.0555556,0.8333333,0.4782609,0.2727273,0.0,9.615805480084347
392.0,0.4872449,0.0,0.1811224,0.0995025,0.8316327,0.0,0.652439,0.0060976,0.0365854,0.215311,0.0,0.9756098,0.3588517,0.0952381,1.0,10.261196961231647
260.0,0.5076923,0.0,0.1346154,0.15625,0.8730769,0.0,0.7128713,0.009901,0.029703,0.0648148,0.0,1.0,0.2407407,0.1111111,0.5,10.064798252418377
1273.0,0.4673998,0.0,0.197172,0.1548673,0.8397486,0.034564,0.7066381,0.006424,0.0364026,0.0697211,0.0,0.9957173,0.1932271,0.1698113,0.8571429,10.069044362997353
558.0,0.483871,0.0,0.1451613,0.1041667,0.8942652,0.0,0.7511521,0.0046083,0.0230415,0.125,0.0,0.9953917,0.266129,0.0980392,0.75,9.642187721358466
896.0,0.484375,0.0011161,0.1462054,0.0930736,0.8828125,0.0,0.728863,0.0058309,0.0262391,0.087766,0.0029155,1.0,0.3271277,0.1014493,0.4285714,10.060534035475412
1208.0,0.4801325,0.1076159,0.1043046,0.0652866,0.9188742,0.0,0.7934066,0.0,0.0087912,0.0560166,0.0945055,0.9956044,0.2178423,0.0746269,0.5,10.723289410218579
3448.0,0.4930394,0.00029,0.262181,0.1453089,0.8190255,0.0,0.6662278,0.0046083,0.0612245,0.162624,0.0,0.99605,0.4558986,0.0852273,0.5714286,10.949068194652432
3669.0,0.4633415,0.0008177,0.2594712,0.1838497,0.794767,0.037885,0.6343188,0.0032134,0.0250643,0.0575409,0.0006427,0.9967866,0.2495457,0.0552486,0.6666667,10.007892611890918
263.0,0.5019011,0.0,0.2281369,0.1145038,0.851711,0.0,0.6697248,0.0183486,0.0275229,0.0916667,0.0,1.0,0.2416667,0.0666667,0.0,10.633472802314019
3674.0,0.4569951,0.0149701,0.2389766,0.1854637,0.8271639,0.0315732,0.6728111,0.0013167,0.0131666,0.0816203,0.0105332,0.994075,0.3470375,0.0881057,0.6521739,10.165890277802454
2573.0,0.4566654,0.0,0.3272445,0.2103004,0.7613681,0.0664594,0.6175663,0.0027447,0.0201281,0.1164107,0.0,1.0,0.3807599,0.0484694,0.6470588,10.229223792606835
9504.0,0.4642256,0.0178872,0.1459386,0.0779654,0.6769781,0.0,0.4806458,0.002691,0.1039122,0.0778775,0.0186297,0.9766094,0.4134377,0.0169492,0.25,10.97679912709094
270.0,0.4592593,0.0074074,0.1444444,0.1506849,0.862963,0.0,0.682243,0.0093458,0.0093458,0.0614035,0.0093458,1.0,0.2017544,0.1578947,0.0,10.177362240256695
2232.0,0.4637097,0.250448,0.2096774,0.1938179,0.8490143,0.0353943,0.7102473,0.0011779,0.0106007,0.1109948,0.2226148,0.9976443,0.3287958,0.1462264,0.35,9.99884318585288
77.0,0.5194805,0.0,0.1038961,0.0810811,0.8831169,0.0,0.7,0.0,0.0,0.2307692,0.0,1.0,0.8717949,0.0,0.0,10.34177474101152
93.0,0.483871,0.0,0.1612903,0.0833333,0.8387097,0.0,0.6666667,0.0,0.0833333,0.0526316,0.0,1.0,0.1578947,0.0,1.0,9.615805480084347
51726.0,0.4969648,0.0308742,0.0909601,0.0549962,0.8343773,0.0007153,0.6922887,0.0060645,0.0943201,0.0878755,0.0309634,0.9456168,0.3804191,0.0470515,0.2150171,11.394153190178114
4206.0,0.5271041,0.0145031,0.0696624,0.066365,0.839515,0.0023776,0.713887,0.0062805,0.1165387,0.0311021,0.0111654,0.9127704,0.2292089,0.1618357,0.375,12.279327754099118
337.0,0.4599407,0.0029674,0.3353116,0.2142857,0.7566766,0.0,0.5808383,0.005988,0.0479042,0.2707424,0.0,0.988024,0.3624454,0.0,1.0,10.292179440058462
8984.0,0.4598175,0.0261576,0.1499332,0.1279621,0.5998442,0.2581256,0.6204861,0.0038194,0.0461806,0.0883191,0.0180556,0.9972222,0.3865147,0.0625,0.3666667,10.448743588106625
339.0,0.4955752,0.0176991,0.2713864,0.1169591,0.920354,0.0,0.7969925,0.0,0.0,0.2810811,0.0225564,0.7218045,0.2756757,0.25,1.0,10.016860879703811
1860.0,0.4956989,0.0005376,0.1096774,0.0351812,0.9709677,0.0,0.9255952,0.0,0.0059524,0.0653686,0.0014881,0.953869,0.0264256,0.0740741,0.3636364,12.005185815601541
14074.0,0.5182606,0.0267159,0.0376581,0.0432153,0.908839,0.0474634,0.8892031,0.007455,0.0329049,0.0174286,0.0151671,0.9115681,0.0348573,0.2923977,0.4615385,11.080618310893968
2082.0,0.4966378,0.0019212,0.1474544,0.0811069,0.8659942,0.0067243,0.7310427,0.0035545,0.0367299,0.130793,0.0011848,0.9668246,0.3583934,0.0477707,0.6,11.091346218718432
106.0,0.490566,0.0,0.1320755,0.0925926,0.8301887,0.0,0.6842105,0.0263158,0.0526316,0.1363636,0.0,1.0,0.4772727,0.2,0.0,9.615805480084347
17453.0,0.5033519,0.1172864,0.0775798,0.0706045,0.8674153,0.0038389,0.728004,0.0103905,0.0725658,0.0515021,0.1117815,0.8345902,0.44969,0.1735387,0.3538462,11.415323661400773
493.0,0.4401623,0.1419878,0.2150101,0.2065217,0.8377282,0.0,0.6605505,0.0045872,0.0183486,0.0603448,0.1146789,0.9954128,0.3663793,0.0540541,0.5,10.081675578048475
221.0,0.479638,0.0,0.3574661,0.2608696,0.7058824,0.0,0.4778761,0.0088496,0.0442478,0.2802548,0.0,1.0,0.2738854,0.0869565,0.0,9.615805480084347
11820.0,0.4477157,0.2192893,0.2192047,0.1901042,0.813621,0.0255499,0.6473135,0.0023617,0.0175162,0.1135729,0.1812635,0.995867,0.3244941,0.064752,0.6363636,10.165890277802454
2100.0,0.4814286,0.0014286,0.1457143,0.1404959,0.9080952,0.0,0.7801242,0.0012422,0.0173913,0.0650407,0.0,1.0,0.3217189,0.0641711,0.4705882,10.34177474101152
175795.0,0.4641031,0.339839,0.1255496,0.105076,0.7983788,0.0220655,0.6267345,0.0023287,0.0524437,0.1039817,0.2758739,0.9936202,0.3780604,0.0671113,0.4973822,10.69650269224425
3971.0,0.4784689,0.0012591,0.1382523,0.1028489,0.8418534,0.0125913,0.6696891,0.0032383,0.0375648,0.1232254,0.0012953,0.9656736,0.3844407,0.1155462,0.3333333,10.499600568082863
395.0,0.4582278,0.0,0.2860759,0.1962617,0.8202532,0.0,0.6458333,0.0,0.015625,0.0985915,0.0,0.9895833,0.1971831,0.0232558,1.0,9.615805480084347
144.0,0.5277778,0.0,0.2916667,0.2205882,0.8680556,0.0,0.6833333,0.0,0.0,0.2857143,0.0,1.0,0.297619,0.2727273,1.0,9.615805480084347
22865.0,0.4934179,0.0139515,0.0976602,0.0903911,0.9204461,0.0069539,0.8171566,0.0029143,0.0217942,0.0179194,0.0148251,0.9872022,0.12556,0.0911481,0.2903226,11.05407540279458
10978.0,0.4706686,0.0094735,0.1391875,0.1402512,0.8182729,0.0604846,0.7337125,0.0025853,0.0643744,0.0378109,0.0074974,0.9697518,0.2400498,0.0391349,0.3623188,11.932300052847731
982.0,0.5040733,0.0,0.2026477,0.1047228,0.8839104,0.0,0.7251908,0.0,0.0152672,0.0552885,0.0,1.0,0.2572115,0.1010101,0.5,10.33854382482173
2259.0,0.4524126,0.0314298,0.1961045,0.1576395,0.8251439,0.0283311,0.664437,0.0055741,0.025641,0.160898,0.0267559,0.9988852,0.3217961,0.1186944,0.7307692,9.814710982145282
3213.0,0.4780579,0.2704637,0.0943044,0.0840787,0.8783069,0.0018674,0.7275892,0.0087032,0.0478677,0.1161538,0.2280244,0.9895561,0.4184615,0.12,0.875,10.254179634797001
171.0,0.4444444,0.0,0.2105263,0.1789474,0.8187135,0.0,0.6385542,0.0,0.0120482,0.0978261,0.0,1.0,0.2717391,0.0,1.0,10.335302435967074
403.0,0.5012407,0.0024814,0.2059553,0.119403,0.91067,0.0,0.797619,0.0,0.0119048,0.0454545,0.0059524,1.0,0.0965909,0.0769231,0.4,10.889323003601277
1516.0,0.5092348,0.0257256,0.1108179,0.1169355,0.7572559,0.1358839,0.7232704,0.0125786,0.0398323,0.0421687,0.0083857,0.9958071,0.2971888,0.1232877,0.5,10.348205424565993
2491.0,0.4476114,0.0,0.2613408,0.1809593,0.8157367,0.0401445,0.6743075,0.0019102,0.0114613,0.0799649,0.0,0.9980898,0.2398946,0.0601852,0.7647059,10.173552856959743
925.0,0.467027,0.0627027,0.0648649,0.0872211,0.9362162,0.0,0.8326531,0.0122449,0.0326531,0.1058394,0.0816327,0.9959184,0.3138686,0.4329897,0.4,9.615805480084347
3823.0,0.4737117,0.020926,0.1098614,0.0849901,0.9275438,0.0,0.826087,0.0021739,0.0202899,0.0508941,0.0210145,0.9992754,0.2255846,0.1144414,0.7916667,10.611547975828369
231.0,0.4675325,0.0,0.2164502,0.1138211,0.8787879,0.0,0.7333333,0.0111111,0.0333333,0.0217391,0.0,1.0,0.1304348,0.0,1.0,9.615805480084347
33840.0,0.4741726,0.0124113,0.1454787,0.1021693,0.7443558,0.0177896,0.5709317,0.0062203,0.0836064,0.0613385,0.0115711,0.9790649,0.4299975,0.0420965,0.2,10.998777662206932
669.0,0.4798206,0.0,0.1883408,0.1781609,0.8624813,0.0,0.6813187,0.0,0.018315,0.1165049,0.0,1.0,0.4498382,0.043956,0.0,9.792611856190192
560.0,0.4946429,0.0,0.1035714,0.0706714,0.9178571,0.0,0.7783505,0.0,0.0154639,0.1300448,0.0,0.943299,0.3004484,0.1707317,0.75,9.966509298952284
3510.0,0.480057,0.0008547,0.1159544,0.0936986,0.8598291,0.0,0.7054492,0.0066274,0.056701,0.0621547,0.0014728,0.994109,0.3970994,0.0586735,0.7142857,10.893047333337728
261.0,0.4444444,0.0,0.2950192,0.2,0.835249,0.0,0.6528926,0.0,0.0082645,0.224359,0.0,1.0,0.3525641,0.1578947,1.0,9.615805480084347
1185.0,0.4649789,0.1248945,0.1839662,0.1624606,0.8582278,0.0,0.6708595,0.0,0.0230608,0.1117318,0.1069182,0.9706499,0.4022346,0.0882353,0.6363636,10.130662964963708
511.0,0.4990215,0.0,0.0978474,0.0585938,0.9471624,0.0,0.8407643,0.0,0.0127389,0.2189055,0.0,0.9681529,0.238806,0.3157895,0.8181818,10.529452721013085
1464.0,0.4979508,0.0218579,0.0689891,0.0503401,0.8442623,0.0,0.7,0.0084746,0.0627119,0.1399417,0.0220339,0.9779661,0.5612245,0.0539084,0.0,10.898607948952096
35943.0,0.4865203,0.0096542,0.1271458,0.1009428,0.8427788,0.0049245,0.6850575,0.0022989,0.0709677,0.043956,0.0109752,0.9807193,0.3278979,0.0571973,0.6106195,11.925703766372617
1027.0,0.4810127,0.0,0.1587147,0.0637899,0.8909445,0.0,0.7717647,0.0,0.0352941,0.0207373,0.0,0.9858824,0.0529954,0.1034483,0.25,11.196857635323791
3875.0,0.4683871,0.0002581,0.1442581,0.1140777,0.9052903,0.0,0.7709974,0.0,0.011811,0.0644567,0.0,0.9993438,0.2510743,0.0368272,0.4444444,10.410335274932896
3230.0,0.5099071,0.052322,0.1424149,0.0871762,0.8154799,0.1009288,0.7947368,0.0052632,0.0219298,0.050791,0.0324561,0.9964912,0.16403,0.0559701,0.0434783,10.918736348043124
1454.0,0.4642366,0.0,0.2668501,0.2041078,0.8156809,0.0433287,0.6672185,0.0,0.0066225,0.2643118,0.0,0.9735099,0.3130329,0.0819672,0.8518519,9.888424674859083
1236.0,0.4538835,0.0606796,0.27589,0.202963,0.829288,0.0307443,0.6825095,0.0,0.0114068,0.2066365,0.0798479,0.9885932,0.2986425,0.0916667,0.72,9.99884318585288
2591.0,0.4874566,0.0061752,0.094944,0.0670181,0.8440756,0.0,0.7066277,0.0019493,0.0818713,0.0455814,0.0048733,0.9912281,0.2055814,0.0652174,0.65,11.859355104555387
7883.0,0.4602309,0.0256248,0.1328175,0.1163337,0.8925536,0.0076113,0.7552471,0.0020311,0.0155721,0.0710692,0.02065,0.9966148,0.2720126,0.1223776,0.65,10.360944044643913
30491.0,0.5016562,0.0226952,0.1003575,0.0902929,0.8429373,0.0142009,0.6861052,0.0070833,0.0761692,0.041748,0.0223171,0.7858529,0.5523013,0.2082362,0.4018692,11.869207331664223
533.0,0.4709193,0.0,0.3883677,0.2836879,0.69606,0.1031895,0.5555556,0.0,0.0128205,0.1169811,0.0,1.0,0.2754717,0.0338983,0.5555556,9.615805480084347
813.0,0.4624846,0.0,0.196802,0.180778,0.8597786,0.0,0.6869565,0.0,0.0173913,0.1176471,0.0,0.9942029,0.3043478,0.0731707,0.6666667,10.389026137075234
981.0,0.4882773,0.0,0.1121305,0.0756972,0.90316,0.0,0.7621777,0.0028653,0.025788,0.022409,0.0,0.9942693,0.1792717,0.1410256,0.25,10.573903321093981
546.0,0.5054945,0.0018315,0.1391941,0.1,0.9010989,0.0,0.7575758,0.0,0.030303,0.038835,0.0050505,1.0,0.1504854,0.0,0.0,10.30229722897745
1138.0,0.4964851,0.0026362,0.0931459,0.0855148,0.9059754,0.0,0.7722772,0.0074257,0.0222772,0.1670103,0.0049505,0.9653465,0.3587629,0.1076923,0.3333333,10.568775236216993
2612.0,0.4575038,0.0313936,0.148928,0.1277347,0.8541348,0.0,0.6954128,0.0055046,0.0357798,0.0683761,0.0275229,0.9944954,0.3991453,0.0744186,0.75,10.43708198835482
133107.0,0.4911387,0.0145222,0.1194528,0.089026,0.8241866,0.0081363,0.6716716,0.003117,0.0758149,0.0420922,0.0149577,0.9220755,0.4314636,0.0653072,0.3357664,12.51686437103563
2015.0,0.4848635,0.0099256,0.1384615,0.1310212,0.857072,0.0,0.7052506,0.0095465,0.0334129,0.0719823,0.0095465,0.9928401,0.345515,0.0649351,0.8571429,10.39821428171237
465.0,0.4623656,0.1096774,0.1526882,0.156,0.8666667,0.0408602,0.7724551,0.0,0.0299401,0.0402299,0.1017964,1.0,0.2356322,0.1034483,0.5,10.31231367277647
269.0,0.4349442,0.3903346,0.1784387,0.1578947,0.8624535,0.0,0.7070707,0.020202,0.030303,0.1238938,0.3333333,0.989899,0.3362832,0.2,1.0,9.680406499268875
408.0,0.4509804,0.0,0.0980392,0.0669643,0.9289216,0.0,0.8137931,0.0,0.0137931,0.126506,0.0,0.9724138,0.2048193,0.0666667,0.5,9.846970109700957
1310.0,0.4778626,0.0,0.2091603,0.1564327,0.8694656,0.010687,0.7218935,0.0039448,0.0216963,0.0593692,0.0,1.0,0.1428571,0.1296296,1.0,10.038935856711177
977.0,0.4206755,0.5342886,0.3275333,0.295053,0.5322416,0.1555783,0.407173,0.0,0.0485232,0.0346232,0.592827,0.9831224,0.6191446,0.0057971,0.0,11.034905792929415
1182.0,0.4467005,0.1615905,0.2673435,0.2415902,0.785956,0.0736041,0.6551724,0.0,0.0107759,0.2135593,0.137931,0.9849138,0.4101695,0.1069182,0.8235294,9.908524844053396
8880.0,0.4724099,0.0060811,0.1216216,0.0975454,0.9261261,0.0154279,0.8071371,0.0024058,0.0100241,0.1212121,0.0068164,0.1908581,0.4425652,0.2552553,0.7857143,9.62911649414402
1805.0,0.4897507,0.0027701,0.200554,0.1530945,0.8720222,0.0,0.7132867,0.0013986,0.0307692,0.0629096,0.0013986,0.993007,0.1965924,0.125,0.2857143,10.97337452485014
2601.0,0.449827,0.0,0.2260669,0.1914745,0.8354479,0.0280661,0.6845124,0.0038241,0.0152964,0.1276063,0.0,0.9952199,0.2910759,0.1122449,0.5666667,9.809231816610408
1053.0,0.4510921,0.0,0.2032289,0.16609,0.8547009,0.0,0.6651054,0.0,0.0234192,0.0876068,0.0,1.0,0.1987179,0.0779221,0.5714286,10.134638955251866
4442.0,0.481765,0.0078793,0.1544349,0.1238054,0.8066186,0.0317425,0.6432648,0.0022831,0.0462329,0.084161,0.010274,0.9931507,0.3439624,0.0641975,0.7391304,10.738589920723442
10677.0,0.4523743,0.0793294,0.3167556,0.1978793,0.8237333,0.0534794,0.71037,0.0002284,0.0091366,0.0748098,0.0596163,0.9963454,0.1923077,0.0069822,0.3214286,11.72157244693173
37.0,0.5405405,0.0,0.1351351,0.1176471,0.8108108,0.0,0.5384615,0.0,0.0769231,0.1875,0.0,1.0,0.125,1.0,1.0,10.012386799492118
523.0,0.4455067,0.8680688,0.1567878,0.1758621,0.9043977,0.0,0.7292818,0.0,0.0055249,0.1039604,0.8342541,1.0,0.2673267,0.1578947,1.0,9.966509298952284
9026.0,0.4407268,0.0078662,0.2573676,0.211767,0.7842898,0.0245956,0.5970302,0.0028162,0.0325141,0.0200702,0.0066564,0.9918075,0.4089313,0.032,0.1111111,10.7706090484022
11194.0,0.4577452,0.0188494,0.2206539,0.1571664,0.8532249,0.00134,0.6935916,0.0020606,0.0239027,0.0647524,0.0150422,0.9969091,0.2222008,0.0506425,0.5696203,10.712215345197256
1220.0,0.4852459,0.0,0.2655738,0.1656051,0.7713115,0.0065574,0.5821678,0.0052448,0.0506993,0.1920904,0.0,0.8024476,0.519774,0.0634921,0.56,10.529452721013085
141865.0,0.5142495,0.0320164,0.0655905,0.0506741,0.7120713,0.0328058,0.5752251,0.0048614,0.1625315,0.0962052,0.0298344,0.9155564,0.4666732,0.0520171,0.3936592,11.207771646606407
4022.0,0.4641969,0.2605669,0.1762805,0.162877,0.8411238,0.0462456,0.7230047,0.0040241,0.0181087,0.0773515,0.2072435,0.9959759,0.3001238,0.1002132,0.5862069,10.442929787247998
3503.0,0.4453326,0.0062803,0.2449329,0.1796191,0.7767628,0.0679418,0.670564,0.0034388,0.0343879,0.0421607,0.0048143,0.9869326,0.1864295,0.0,0.2380952,11.785247676408115
3569.0,0.4561502,0.2967218,0.2213505,0.2045337,0.8198375,0.0428692,0.6619509,0.0022338,0.018615,0.1357786,0.2643336,0.9240506,0.4066924,0.1617647,0.65,10.118639253920785
1356.0,0.4896755,0.0612094,0.2787611,0.1546243,0.7485251,0.0,0.5655271,0.0,0.0512821,0.0871261,0.0584046,0.994302,0.10013,0.0131579,0.125,11.161962746590705
1533.0,0.4716243,0.0,0.1904762,0.1851852,0.7964775,0.0489237,0.6543624,0.0067114,0.0436242,0.0872894,0.0,0.9916107,0.2358346,0.0725389,0.6666667,10.196194479235656
119.0,0.5294118,0.0,0.1428571,0.1607143,0.8571429,0.0,0.6595745,0.0,0.0212766,0.1754386,0.0,1.0,0.4035088,0.0666667,1.0,9.615805480084347
535.0,0.4841121,0.0130841,0.1588785,0.1304348,0.8990654,0.0,0.7537688,0.0100503,0.0150754,0.0700935,0.0100503,1.0,0.2056075,0.0727273,0.0,9.792611856190192
4683.0,0.4689302,0.1556694,0.1953876,0.168074,0.8528721,0.0424941,0.7291049,0.0011855,0.0142264,0.1007463,0.1529342,0.877297,0.3182303,0.151277,0.7,10.122663242288953
4808.0,0.4569468,0.2689268,0.1919717,0.1731137,0.8244592,0.0376456,0.7009494,0.003692,0.032173,0.0646275,0.2457806,0.9736287,0.3275777,0.0876369,0.5238095,10.485731104959568
1779.0,0.4581225,0.3884205,0.1326588,0.1275934,0.8858909,0.0033727,0.7176656,0.0031546,0.0236593,0.1230982,0.351735,0.873817,0.4301521,0.1622807,0.9166667,9.615805480084347
156.0,0.4935897,0.0,0.1923077,0.1772152,0.8269231,0.0,0.625,0.0,0.0,0.0886076,0.0,0.9722222,0.2531646,0.0769231,0.0,10.221977646629885
2627.0,0.4914351,0.001142,0.1126761,0.1032934,0.9124477,0.0125619,0.8068303,0.0032017,0.0117396,0.0419223,0.0,0.9967983,0.1339468,0.0689655,0.5,10.666650414667744
119363.0,0.4990491,0.009735,0.0765899,0.0712769,0.8757153,0.00723,0.7341119,0.0063981,0.0494244,0.1155893,0.0086814,0.7841785,0.4270389,0.1415256,0.5306859,10.494075844768336
2751.0,0.4711014,0.002181,0.1606688,0.1340206,0.8389676,0.0428935,0.7296223,0.0059642,0.0427435,0.1672185,0.0019881,0.9930417,0.2822848,0.0639731,0.0625,10.62135173563291
43202.0,0.4723392,0.0200222,0.1598306,0.1074311,0.8272765,0.0056942,0.6511908,0.003066,0.0392554,0.0504289,0.0189433,0.9526417,0.3283598,0.0579844,0.5136612,10.515993929932415
1354.0,0.5155096,0.0036928,0.0834564,0.0579268,0.9446086,0.0,0.8675799,0.0068493,0.0251142,0.0580645,0.0045662,0.9794521,0.0666667,0.0816327,0.5555556,12.736115431123231
529.0,0.5009452,0.0,0.1172023,0.0757576,0.8979206,0.0,0.7435897,0.0,0.0205128,0.0801887,0.0,0.9948718,0.3537736,0.1590909,0.6666667,10.382853468483827
7196.0,0.4602557,0.209005,0.266398,0.1622039,0.7994719,0.0230684,0.6429725,0.0025848,0.0465267,0.1506586,0.1609047,0.9770598,0.4283754,0.0482315,0.5049505,10.74937727911096
1008.0,0.5039683,0.0287698,0.1289683,0.074,0.9186508,0.0,0.8044077,0.0,0.0275482,0.0739796,0.0220386,0.9972452,0.1173469,0.1323529,0.8,10.887455624298198
5877.0,0.4937893,0.0532585,0.1931257,0.1445378,0.7119279,0.004424,0.5080942,0.0051508,0.0930831,0.3009259,0.0419426,0.9805004,0.4614198,0.0452092,0.7222222,11.793590475326612
1209.0,0.4673284,0.0008271,0.1356493,0.0962733,0.8428453,0.0198511,0.727459,0.0061475,0.0471311,0.0487329,0.0020492,0.9959016,0.2807018,0.0338983,0.4,10.823790225800138
836.0,0.423445,0.5753589,0.2165072,0.1701245,0.8337321,0.0047847,0.6468843,0.0059347,0.0296736,0.1403061,0.4480712,1.0,0.3647959,0.0839695,0.0,9.846970109700957
388.0,0.4484536,0.0025773,0.2448454,0.1682243,0.8273196,0.0,0.6488095,0.0119048,0.0297619,0.106383,0.0,0.9940476,0.1808511,0.1020408,1.0,10.84546552414626
37708.0,0.4614936,0.1885011,0.1855044,0.1488723,0.8229023,0.0311075,0.667219,0.0031813,0.0257158,0.1463166,0.1712619,0.9901909,0.3160009,0.0917733,0.6405109,10.199918739620157
1446.0,0.4785615,0.0027663,0.0366528,0.0437666,0.9702628,0.0076072,0.904321,0.0,0.0030864,0.1024931,0.0030864,0.9969136,0.3268698,0.4012346,0.0,9.69898173460629
1151.0,0.4561251,0.0060817,0.1894005,0.1693291,0.7888792,0.0425717,0.6155556,0.0022222,0.0422222,0.1727941,0.0044444,0.9911111,0.4136029,0.1746988,0.6666667,9.615805480084347
209.0,0.5406699,0.0,0.1866029,0.0416667,0.9330144,0.0,0.825,0.0,0.0,0.0243902,0.0,0.975,0.1097561,0.1176471,0.0,9.841665338892785
193.0,0.507772,0.0,0.015544,0.0210526,0.9896373,0.0,0.962963,0.0,0.0,0.0181818,0.0,1.0,0.0545455,0.6,0.0,10.929547069355774
933.0,0.4705252,0.0760986,0.1446945,0.1538462,0.8767417,0.0064309,0.736413,0.0,0.0244565,0.0730479,0.0652174,1.0,0.395466,0.0661765,0.75,10.529452721013085
3354.0,0.4838998,0.0146094,0.1383423,0.0704795,0.9314252,0.0011926,0.833733,0.0,0.0119904,0.0302326,0.011191,0.9952038,0.0248062,0.0655738,0.3076923,11.997823864326225
2853.0,0.4237645,0.0042061,0.7805818,0.2676399,0.7981073,0.0,0.6644578,0.0,0.0108434,0.1094421,0.0048193,0.9927711,0.2081545,0.028169,0.5106383,11.675902789388996
1767.0,0.4714205,0.2161856,0.122807,0.1092077,0.9190719,0.0,0.792126,0.0015748,0.0125984,0.0606509,0.192126,1.0,0.2529586,0.1705426,0.8333333,10.510559281627845
737.0,0.4884668,0.0,0.1438263,0.0848806,0.9050204,0.0,0.7753623,0.0036232,0.0217391,0.0860927,0.0,0.9673913,0.3543046,0.1375,0.5,10.480129006333248
69.0,0.4927536,0.0,0.115942,0.1142857,0.884058,0.0,0.68,0.0,0.0,0.1071429,0.0,1.0,0.3214286,0.2,0.0,10.351405324899678
462.0,0.4632035,0.0,0.1558442,0.1129032,0.8679654,0.0,0.6954023,0.0057471,0.0402299,0.0984456,0.0,0.9942529,0.2124352,0.1081081,1.0,10.63106031411106
2091.0,0.4610234,0.0,0.1936872,0.1464064,0.8450502,0.0,0.6781609,0.008046,0.0344828,0.0655209,0.0,0.9954023,0.2803437,0.0856269,0.8,10.158168529848494
2182.0,0.4647113,0.0710357,0.208066,0.2071918,0.8130156,0.0595784,0.6965352,0.004779,0.0227001,0.0852459,0.0728793,0.9964158,0.1289617,0.0559441,0.6153846,10.39821428171237
1398.0,0.5157368,0.0035765,0.1709585,0.0856721,0.7553648,0.0121602,0.6021021,0.0,0.0810811,0.5212078,0.0015015,0.9954955,0.2918763,0.0223048,0.7931034,11.121378054821049
2147.0,0.4732184,0.0,0.2268281,0.1052166,0.8504891,0.0,0.7002075,0.0010373,0.030083,0.0703954,0.0,0.9917012,0.1581485,0.0269058,0.3333333,13.122367377396328
20125.0,0.4851677,0.0386087,0.1176646,0.0959367,0.8914286,0.011528,0.7710976,0.0053778,0.0273028,0.0716846,0.0348869,0.9897959,0.3006912,0.1245692,0.5762712,10.604131561522696
3023.0,0.4740324,0.0006616,0.1792921,0.172956,0.8359246,0.0334105,0.6926334,0.0016935,0.022862,0.0887346,0.0016935,0.9983065,0.4012346,0.0678392,0.4166667,10.445840912706414
408.0,0.4779412,0.0,0.2132353,0.1643192,0.8480392,0.0,0.6783626,0.0,0.0350877,0.0446927,0.0,1.0,0.2178771,0.0208333,0.75,10.203629181337648
528.0,0.4962121,0.0,0.1590909,0.1541353,0.8712121,0.0,0.6842105,0.0,0.0095694,0.05,0.0,0.9952153,0.2727273,0.1551724,1.0,10.30229722897745
4697.0,0.4881839,0.0023419,0.1417926,0.1019135,0.9037684,0.0,0.7740214,0.0029656,0.0326216,0.0469192,0.0023725,0.9982206,0.267948,0.0465116,0.4,11.562677071567636
33429.0,0.4913698,0.0078674,0.071764,0.0661648,0.8895271,0.0040683,0.755874,0.0019997,0.0444093,0.0333441,0.0079987,0.9725879,0.2466978,0.0565635,0.25,11.643962499267984
257.0,0.459144,0.0,0.2217899,0.1726619,0.8560311,0.0,0.6698113,0.0,0.0188679,0.045045,0.0,1.0,0.1711712,0.2857143,0.0,10.196194479235656
2703.0,0.4517203,0.00037,0.2504624,0.1862348,0.7983722,0.0303367,0.6362084,0.0068318,0.0239112,0.0735759,0.0,0.9871904,0.2452532,0.0450161,0.6818182,10.056251557087757
58.0,0.4655172,0.0517241,0.0344828,0.0,0.9655172,0.0,0.9473684,0.0,0.0526316,0.0,0.0526316,1.0,0.2105263,0.1111111,0.0,0.0
5881.0,0.5164088,0.0139432,0.0590036,0.0580169,0.9598708,0.0039109,0.8932462,0.0043573,0.0283224,0.0302817,0.0145243,0.2432825,0.6161972,0.425897,0.6,10.563620718477313
5588.0,0.480136,0.0055476,0.1361847,0.1091222,0.7045455,0.1193629,0.6150121,0.0014528,0.0682809,0.1148736,0.0038741,0.9859564,0.4106301,0.076087,0.65,10.146472946063877
346.0,0.4768786,0.017341,0.1560694,0.0662983,0.8930636,0.0,0.7664234,0.0,0.0364964,0.1045752,0.0072993,1.0,0.3464052,0.0357143,0.7142857,10.181157167204903
162.0,0.4938272,0.0,0.1111111,0.097561,0.9444444,0.0,0.8392857,0.0,0.0,0.2112676,0.0,1.0,0.1267606,0.1,0.0,10.034559673629849
2364.0,0.4928088,0.0076142,0.2258883,0.1034195,0.8498308,0.0,0.7083333,0.0009921,0.0515873,0.3971292,0.0059524,0.9960317,0.1429426,0.0444444,0.8333333,11.897514169490739
1150.0,0.4843478,0.006087,0.1382609,0.1231029,0.7930435,0.0086957,0.6190476,0.0062112,0.0869565,0.0397614,0.0041408,0.9937888,0.3479125,0.0243902,0.0,10.949068194652432
2157.0,0.4682429,0.0004636,0.2888271,0.2109852,0.6662031,0.216968,0.6793558,0.0073206,0.0307467,0.0228898,0.0,1.0,0.2346209,0.0531401,0.3333333,10.568775236216993
183.0,0.4863388,0.0218579,0.2896175,0.1595745,0.7704918,0.0,0.5795455,0.0113636,0.0340909,0.804878,0.0113636,1.0,0.4501109,0.0,0.9333333,11.091346218718432
1958.0,0.4494382,0.0025536,0.2706844,0.2189239,0.7921348,0.0342186,0.6332139,0.0059737,0.0179211,0.1048128,0.0,0.9976105,0.2716578,0.0649351,0.8571429,9.62251624577579
1161.0,0.4582257,0.002584,0.3023256,0.2225755,0.7484927,0.0697674,0.601227,0.00409,0.0265849,0.3746803,0.0,0.997955,0.3849105,0.0696203,0.6666667,10.335302435967074
32090.0,0.4657526,0.0104082,0.1874416,0.1254083,0.814771,0.0168588,0.6537678,0.0019612,0.0518217,0.062049,0.0113148,0.9851399,0.412339,0.0255887,0.3057851,11.575909653758895
769.0,0.5136541,0.0,0.0286086,0.0213904,0.9856957,0.0,0.9503106,0.0062112,0.0124224,0.0122699,0.0,0.9751553,0.0429448,0.6153846,1.0,11.071330462204312
3250.0,0.4855385,0.0052308,0.3076923,0.1184211,0.8556923,0.0,0.7150838,0.0013966,0.0370112,0.1664726,0.0048883,0.9916201,0.3207218,0.0528302,0.4482759,11.452123952509567
2053.0,0.4870921,0.0019484,0.0930346,0.0645774,0.9293717,0.0082806,0.8144144,0.0054054,0.0216216,0.0672269,0.0018018,0.4234234,0.5008403,0.3544304,0.6666667,10.142543822310387
792.0,0.4987374,0.0012626,0.270202,0.1586902,0.7828283,0.040404,0.6371681,0.0029499,0.0471976,0.4863636,0.0,0.9941003,0.5409091,0.040404,0.8571429,10.540090836284206
18400.0,0.4831522,0.0032065,0.145,0.1073607,0.8331522,0.0357065,0.6998359,0.0056691,0.041474,0.0600196,0.0035805,0.8584216,0.40359,0.1233411,0.4495413,10.515993929932415
71742.0,0.473098,0.0140085,0.2091801,0.1470331,0.8369992,0.0132698,0.6795909,0.0017217,0.0389449,0.0319344,0.010709,0.9502772,0.3344445,0.0563219,0.5371429,11.980432229642377
4114.0,0.4975693,0.0243072,0.0741371,0.0590227,0.9346135,0.0,0.8395496,0.0035186,0.0225194,0.1162935,0.0211119,0.992259,0.2754975,0.1182109,0.7037037,10.460270761075149
1547.0,0.479638,0.0226244,0.1842275,0.1291925,0.8875242,0.0,0.7359736,0.0016502,0.0181518,0.1204644,0.019802,0.9867987,0.2685051,0.1238938,0.952381,10.034559673629849
36326.0,0.4878324,0.0264549,0.0752904,0.0600914,0.7955184,0.0181137,0.6618689,0.0064882,0.1177567,0.0363636,0.025207,0.9303453,0.3826087,0.0851208,0.2376238,11.942764435686394
8428.0,0.4953726,0.086972,0.0971761,0.0780625,0.8739915,0.0188657,0.7387815,0.0076614,0.0437796,0.0561295,0.0871945,0.6256841,0.4665978,0.1832979,0.7068966,10.929547069355774
24488.0,0.4656158,0.0101682,0.2067952,0.1535228,0.8132146,0.0270336,0.6642023,0.0039883,0.0346304,0.0579179,0.0088521,0.9947471,0.3607955,0.0540831,0.5714286,9.674137279312397
2124.0,0.5004708,0.0258945,0.1473635,0.0904807,0.9119586,0.0,0.7981771,0.0078125,0.0234375,0.030303,0.0195312,0.9960938,0.1363636,0.1041667,0.8,10.5506169722625
1051.0,0.4814462,0.0019029,0.1427212,0.0880734,0.9010466,0.0,0.7823961,0.00489,0.0342298,0.0443925,0.002445,1.0,0.2803738,0.0660377,0.6666667,10.292179440058462
350.0,0.5057143,0.0,0.1514286,0.0867052,0.8514286,0.0057143,0.6870748,0.0,0.0272109,0.1352941,0.0,0.9727891,0.3235294,0.0344828,0.0,10.12667110305036
2994.0,0.4582498,0.0654643,0.1693387,0.149815,0.7160989,0.0811623,0.6242869,0.002445,0.1092095,0.1223176,0.0603097,0.9388753,0.3426323,0.030837,0.1904762,11.269591961359195
498.0,0.4477912,0.0401606,0.1365462,0.1054545,0.9016064,0.0,0.7650273,0.0054645,0.0163934,0.1201923,0.0601093,1.0,0.125,0.12,0.125,10.122663242288953
9519.0,0.4974262,0.0049375,0.1112512,0.069607,0.9430612,0.0,0.8526475,0.0018154,0.0130106,0.0201601,0.0048411,0.9972769,0.1277794,0.0625,0.5,10.868587496017359
62.0,0.483871,0.0,0.1451613,0.09375,0.8709677,0.0,0.7083333,0.0,0.0416667,0.2,0.0,1.0,0.3666667,0.0,0.0,9.615805480084347
4626.0,0.4900562,0.0038911,0.1115435,0.0750318,0.8834847,0.0,0.7466196,0.0082305,0.0505585,0.0416901,0.0035273,0.989418,0.2980282,0.1025641,0.25,10.727684925086583
1423.0,0.4694308,0.002811,0.2164441,0.1549669,0.8222066,0.0330288,0.6767318,0.0017762,0.0390764,0.0569514,0.0035524,0.9964476,0.2964824,0.05625,0.4,10.056251557087757
7848.0,0.4885321,0.0331295,0.1130224,0.0936721,0.8346075,0.040265,0.7255587,0.0045391,0.0555168,0.1005025,0.0296788,0.9601955,0.4965452,0.053316,0.3283582,11.578722568760277
1457.0,0.4516129,0.7632121,0.136582,0.1439299,0.9100892,0.0,0.7442827,0.0,0.016632,0.0890152,0.7172557,1.0,0.3219697,0.2094595,1.0,9.90353755128617
3784.0,0.4899577,0.0216702,0.0917019,0.0632124,0.8776427,0.0,0.7469708,0.0014255,0.06201,0.0324138,0.0199572,0.9885959,0.2558621,0.0296443,0.6666667,11.493752839181418
1250.0,0.4632,0.0,0.248,0.2146051,0.7992,0.0376,0.6294896,0.0018904,0.0113422,0.1508828,0.0,0.9981096,0.4638844,0.0674847,0.8461538,9.615805480084347
775.0,0.4722581,0.0,0.2709677,0.1369193,0.76,0.0477419,0.6239782,0.0,0.0299728,0.5594238,0.0,1.0,0.4129652,0.0114943,0.9090909,10.992066340225865
221.0,0.438914,0.0,0.1809955,0.1774194,0.8823529,0.0,0.7045455,0.0,0.0,0.1020408,0.0,1.0,0.255102,0.25,0.0,9.615805480084347
5928.0,0.4495614,0.1442308,0.2842443,0.2077842,0.8237179,0.011471,0.6429409,0.0027376,0.0195542,0.1352722,0.1321862,0.9730153,0.3605005,0.06621,0.9019608,9.717218213494077
622.0,0.5016077,0.0016077,0.233119,0.1290323,0.778135,0.0,0.6066667,0.0,0.0633333,0.389002,0.0033333,0.9866667,0.1832994,0.046875,1.0,11.221248757912162
1682.0,0.4988109,0.0029727,0.1200951,0.0782918,0.8995244,0.0,0.7616747,0.0032206,0.0225443,0.0312012,0.0,0.9855072,0.1856474,0.0526316,0.0,11.258046118484
691.0,0.4761216,0.0,0.1837916,0.1574586,0.8683068,0.0,0.6866197,0.0,0.0070423,0.2044818,0.0,0.9894366,0.3865546,0.0638298,0.7777778,10.27163147557801
3237.0,0.4584492,0.0046339,0.1553908,0.1289218,0.8489342,0.0117393,0.6853583,0.0046729,0.0280374,0.0280091,0.0038941,0.9992212,0.3118849,0.0657371,0.5,10.703266939811954
79.0,0.5822785,0.0,0.0886076,0.0909091,0.7848101,0.0,0.5517241,0.0,0.137931,0.4821429,0.0,1.0,0.75,0.1,1.0,9.615805480084347
568.0,0.4647887,0.0,0.193662,0.1480263,0.8732394,0.0,0.7125,0.0,0.0125,0.0513834,0.0,1.0,0.2252964,0.0,1.0,10.360944044643913
369.0,0.5338753,0.0,0.0623306,0.0697674,0.9295393,0.0,0.7777778,0.010101,0.030303,0.0571429,0.0,0.989899,0.2952381,0.1111111,1.0,11.234546649377918
132.0,0.469697,0.0,0.1439394,0.1,0.9318182,0.0,0.8333333,0.0,0.0208333,0.2,0.0,1.0,0.35,0.0,0.0,10.819798284210286
3271.0,0.4977071,0.0012229,0.0941608,0.0925137,0.9217365,0.0,0.7825679,0.0028116,0.0149953,0.1842508,0.0018744,0.3345829,0.4678899,0.2290909,0.7777778,9.615805480084347
1456.0,0.5309066,0.0350275,0.021978,0.0234261,0.8379121,0.0,0.6595745,0.0035461,0.0620567,0.1349693,0.0478723,0.9592199,0.5490798,0.0725552,0.5789474,11.021918808236205
293742.0,0.5324196,0.0261624,0.0562466,0.0562076,0.8835168,0.0255769,0.7593107,0.0071078,0.0746673,0.0448428,0.0346734,0.521945,0.6040575,0.3911752,0.2205029,11.942113610091182
143.0,0.4615385,0.0,0.3286713,0.1558442,0.8251748,0.0,0.6212121,0.0,0.0,0.12,0.0,1.0,0.2533333,0.0,1.0,9.615805480084347
179.0,0.4972067,0.0335196,0.0558659,0.0888889,0.9664804,0.0,0.9090909,0.0,0.0,0.0294118,0.030303,1.0,0.0,0.0,1.0,11.438212694578302
3529.0,0.4817229,0.0014168,0.1224143,0.1033352,0.8906206,0.0104846,0.763466,0.0015613,0.0320062,0.0273349,0.0015613,0.9789227,0.2710706,0.0815348,0.25,10.916923143796645
2001.0,0.4627686,0.025987,0.1504248,0.1469767,0.8690655,0.0,0.6884154,0.0053262,0.0292943,0.1027479,0.0213049,1.0,0.2580645,0.1417004,0.6,9.75272280064639
639.0,0.4413146,0.3176839,0.2456964,0.1820728,0.8388106,0.0,0.655914,0.0035842,0.0179211,0.1889535,0.2724014,1.0,0.4186047,0.1176471,0.0,9.615805480084347
467.0,0.48394,0.0,0.1670236,0.120332,0.869379,0.0,0.6966292,0.0,0.0393258,0.0680628,0.0,0.994382,0.1989529,0.1568627,0.0,10.601647149919609
4130.0,0.4946731,0.0029056,0.0878935,0.0747484,0.9418886,0.0,0.8511111,0.0014815,0.0244444,0.0432318,0.0014815,0.9888889,0.0616584,0.12,0.3636364,11.921060339411943
2442.0,0.4873055,0.0,0.1674857,0.1373802,0.8284193,0.027846,0.6877593,0.0020747,0.0487552,0.1040892,0.0,0.9948133,0.3996283,0.0669145,0.7777778,10.308985993422082
1771.0,0.4630152,0.0186335,0.1518916,0.1314406,0.8831169,0.0,0.7372061,0.0041494,0.02213,0.0585938,0.0165975,0.9972337,0.34375,0.0921659,0.6,10.332050506334692
975.0,0.4687179,0.0051282,0.1579487,0.0965251,0.9107692,0.0,0.7730871,0.0,0.0026385,0.1247113,0.005277,0.9920844,0.3002309,0.1333333,0.0,10.332050506334692
786.0,0.4631043,0.0012723,0.2811705,0.1563981,0.8409669,0.0,0.6715543,0.0087977,0.0234604,0.0906667,0.0029326,0.9970674,0.4426667,0.05,0.3,10.27163147557801
9256.0,0.4542999,0.2525929,0.2189931,0.1787765,0.8316768,0.0242005,0.6710115,0.0020855,0.0148592,0.0961357,0.2309698,0.9979145,0.3451932,0.0790323,0.6315789,10.134638955251866
129.0,0.4186047,0.0542636,0.248062,0.2,0.8294574,0.0,0.6271186,0.0,0.0,0.0634921,0.0508475,1.0,0.3650794,0.0,0.0,9.615805480084347
3007.0,0.3890921,0.0162953,0.1273695,0.0860098,0.5653475,0.2889924,0.597861,0.0042781,0.0481283,0.0603015,0.0032086,0.9946524,0.3025126,0.0292553,0.4444444,11.248972939884327
434.0,0.4930876,0.0,0.1751152,0.1318182,0.8686636,0.0,0.7277778,0.0,0.0444444,0.2173913,0.0,0.9555556,0.4652174,0.0465116,0.875,10.038935856711177
399.0,0.4837093,0.0050125,0.1754386,0.1699029,0.8421053,0.0,0.6848485,0.0060606,0.0545455,0.0236686,0.0060606,1.0,0.0177515,0.0909091,0.0,11.19822841866684
1149.0,0.5073977,0.0034813,0.1888599,0.04947,0.9086162,0.0,0.7932584,0.0044944,0.0247191,0.1938406,0.0044944,0.9505618,0.298913,0.1355932,0.4761905,10.70551155928146
1028.0,0.4678988,0.0,0.2626459,0.1700183,0.8151751,0.0398833,0.6806527,0.004662,0.02331,0.089172,0.0,1.0,0.2229299,0.0487805,0.8333333,9.83097062169695
26207.0,0.489831,0.0041974,0.1320258,0.0886313,0.9475331,0.0098829,0.8852401,0.0008239,0.0121234,0.0118632,0.0025895,0.9835217,0.0517562,0.1156069,0.3783784,12.179220327453931
9482.0,0.4572875,0.0025311,0.1847711,0.1597357,0.7588062,0.0337482,0.5899209,0.0032115,0.0674407,0.0631798,0.0007411,0.9780138,0.4117103,0.0427679,0.4736842,11.103467395592086
3607.0,0.4654838,0.2755753,0.1674522,0.1768672,0.7917937,0.085944,0.6953542,0.0060929,0.0205636,0.0837404,0.219345,0.9969535,0.3517097,0.1045752,0.6538462,10.21833478806055
13153.0,0.486581,0.0202996,0.1169315,0.0972901,0.8213335,0.0122406,0.6629936,0.0045914,0.0521579,0.066358,0.0170799,0.9948577,0.3237311,0.0330265,0.2195122,11.109473329472568
8987.0,0.4587738,0.0070101,0.2118616,0.176398,0.8140648,0.0257038,0.6505864,0.0029318,0.0277186,0.0959036,0.0066631,0.9984009,0.3014458,0.0759931,0.6666667,9.97119292889014
59459.0,0.4672968,0.1419802,0.1612708,0.124708,0.8018467,0.0330312,0.6512278,0.0053062,0.0406812,0.0778014,0.1208918,0.9950228,0.361619,0.0785584,0.5783133,10.177362240256695
139.0,0.5323741,0.0,0.2230216,0.1230769,0.8633094,0.0,0.6545455,0.0,0.0,0.1791045,0.0,1.0,0.2985075,0.1,1.0,9.615805480084347
55530.0,0.4529083,0.3388259,0.1588691,0.135023,0.7435981,0.0399964,0.5901855,0.0027593,0.0814195,0.1100155,0.2994864,0.9928259,0.4203786,0.0637341,0.5124224,10.640675541671662
1730.0,0.4890173,0.249711,0.0583815,0.0622172,0.8202312,0.0190751,0.6541245,0.0028944,0.0506512,0.1946387,0.2503618,0.9493488,0.5664336,0.0833333,0.3333333,10.853232402669228
88680.0,0.4911367,0.0556495,0.1067997,0.0868679,0.864682,0.0219779,0.7518492,0.0017941,0.0527525,0.032316,0.0508955,0.9632369,0.3100024,0.0614244,0.3872832,11.942764435686394
1158.0,0.4861831,0.0,0.2512953,0.1495798,0.8074266,0.0379965,0.6975806,0.0120968,0.0383065,0.1433506,0.0,0.9657258,0.3091537,0.0731707,0.625,11.281006017883909
409.0,0.4572127,0.007335,0.1711491,0.1351351,0.9046455,0.0,0.7592593,0.0,0.0,0.0689655,0.0061728,1.0,0.1954023,0.1315789,1.0,10.130662964963708
5270.0,0.4770398,0.0001898,0.1772296,0.1418723,0.8288425,0.0225806,0.6771578,0.0081068,0.0376729,0.0786467,0.0,0.9971388,0.3044815,0.0836364,0.5714286,9.809231816610408
255.0,0.5098039,0.0078431,0.172549,0.136,0.9254902,0.0,0.7977528,0.0,0.011236,0.021978,0.0,1.0,0.1208791,0.0909091,0.0,10.75579427616868
101.0,0.5148515,0.0,0.1980198,0.0612245,0.8118812,0.0,0.6829268,0.0487805,0.0731707,0.1632653,0.0,0.9512195,0.1632653,0.0,0.0,9.615805480084347
170.0,0.5117647,0.9823529,0.2411765,0.1566265,0.7823529,0.0,0.5671642,0.0298507,0.0746269,0.1829268,0.9850746,1.0,0.3658537,0.2,1.0,9.615805480084347
144864.0,0.4862423,0.0072275,0.1487947,0.1159825,0.8710653,0.009471,0.7333065,0.0037361,0.0394125,0.028244,0.0098531,0.990678,0.2385698,0.0709752,0.2868852,10.809748150372926
129.0,0.5193798,0.0,0.1705426,0.0645161,0.8604651,0.0,0.755102,0.0408163,0.0408163,0.125,0.0,1.0,0.3928571,0.0,1.0,9.615805480084347
10218.0,0.4924643,0.0223136,0.0645919,0.0497493,0.8732629,0.0071443,0.7473014,0.0102408,0.0606144,0.1268729,0.0218655,0.7985054,0.300145,0.1301558,0.751269,10.934908916663861
451.0,0.5055432,0.2084257,0.1263858,0.103139,0.886918,0.0,0.75,0.0059524,0.0297619,0.308642,0.1964286,0.9821429,0.4444444,0.1594203,0.5,9.989711119284745
57.0,0.5087719,0.0,0.2631579,0.1428571,0.8596491,0.0,0.6521739,0.0,0.0,0.2580645,0.0,1.0,0.3225806,0.5,1.0,9.615805480084347
5255.0,0.5075167,0.0725024,0.1347288,0.1410355,0.7558516,0.1196955,0.6976351,0.0050676,0.0467342,0.0538093,0.0399775,0.9786036,0.3473628,0.0672269,0.28,11.698583117470207
28365.0,0.4790411,0.0026441,0.1642517,0.1190363,0.8083554,0.060074,0.6921571,0.0046999,0.0413199,0.0508364,0.0021541,0.9094292,0.4087361,0.1164928,0.36,10.494075844768336
348.0,0.4913793,0.6178161,0.1925287,0.1864407,0.9051724,0.0,0.7631579,0.0087719,0.0350877,0.0338983,0.5614035,1.0,0.3389831,0.3030303,0.0,9.6678285081515
4617.0,0.4745506,0.0006498,0.1451159,0.1117065,0.8754603,0.0,0.7084296,0.0028868,0.0329099,0.0561308,0.0005774,0.9809469,0.2784741,0.0911765,0.1818182,10.689692377847104
1578.0,0.508872,0.0006337,0.0747782,0.0490323,0.9435995,0.0,0.8539741,0.0,0.0184843,0.1057851,0.0018484,0.9963031,0.1454545,0.1057692,0.5,10.975088291957388
46380.0,0.4776197,0.0226391,0.1634541,0.1249381,0.7331824,0.0381414,0.5686761,0.0084914,0.0742874,0.0421879,0.0167345,0.9788956,0.4852319,0.0578166,0.2291667,10.76004951120163
3212.0,0.4704234,0.0298879,0.1460149,0.1269841,0.8107098,0.0660025,0.7341991,0.0069264,0.0588745,0.0525021,0.0251082,0.9948052,0.2977851,0.0454545,0.7058824,11.73687669002817
9765.0,0.4841782,0.0047107,0.1369176,0.1111773,0.8505888,0.0182284,0.6881954,0.0046133,0.027137,0.1029698,0.0056988,0.9503392,0.3488315,0.0921474,0.55,10.376642461280849
114.0,0.5,0.0,0.0964912,0.122807,0.8947368,0.0,0.7209302,0.0,0.0,0.122449,0.0,1.0,0.244898,0.0,0.0,9.615805480084347
1570.0,0.5012739,0.2433121,0.1184713,0.0893997,0.8700637,0.0044586,0.7228916,0.010327,0.0533563,0.0444079,0.222031,0.939759,0.2927632,0.105042,0.4444444,10.920546270529568
247.0,0.4453441,0.0,0.1902834,0.1386861,0.8825911,0.0,0.7021277,0.0,0.0106383,0.1607143,0.0,1.0,0.1875,0.05,0.6666667,9.966509298952284
629.0,0.4594595,0.0,0.2416534,0.1941176,0.8330684,0.0,0.6448276,0.0,0.0068966,0.0851735,0.0,1.0,0.4164038,0.0958904,0.5,9.615805480084347
1004.0,0.4880478,0.3486056,0.1762948,0.1342412,0.8974104,0.0,0.742268,0.0,0.007732,0.099768,0.2809278,1.0,0.3039443,0.15,0.6,10.211009016314167
357.0,0.4817927,0.0,0.1736695,0.1567568,0.837535,0.0,0.6363636,0.013986,0.027972,0.2777778,0.0,1.0,0.3282828,0.1818182,1.0,9.615805480084347
1897.0,0.4797048,0.0706378,0.1518187,0.1175279,0.8639958,0.0,0.707989,0.0096419,0.0440771,0.0620155,0.0716253,0.9944904,0.2674419,0.1102041,0.5,10.025749432069084
313.0,0.485623,0.0,0.1309904,0.1180124,0.942492,0.0,0.8301887,0.0,0.0,0.0535714,0.0,1.0,0.1339286,0.3076923,1.0,10.016860879703811
4837.0,0.4808766,0.1689063,0.1360347,0.1051374,0.8513541,0.0,0.6880978,0.0058448,0.054729,0.0618146,0.1434644,0.9899044,0.1894317,0.0818363,0.6153846,11.195484970354173
693.0,0.4646465,0.001443,0.3448773,0.2991914,0.7330447,0.0721501,0.5742574,0.0,0.009901,0.1242775,0.0,1.0,0.3439306,0.1348315,0.5,9.615805480084347
155.0,0.4709677,0.0,0.2645161,0.097561,0.916129,0.0,0.8225806,0.0,0.0322581,0.0882353,0.0,1.0,0.2058824,0.3333333,0.0,9.615805480084347
64.0,0.484375,0.0,0.078125,0.0,0.953125,0.0,0.8571429,0.0,0.0,0.2222222,0.0,1.0,0.4444444,0.3333333,0.0,9.615805480084347
679.0,0.4801178,0.0,0.2901325,0.2294618,0.7967599,0.0795287,0.6985294,0.0,0.0073529,0.0652921,0.0,0.9926471,0.1993127,0.106383,0.0,9.913487387114461
1264.0,0.4936709,0.0007911,0.1431962,0.1078125,0.8892405,0.0,0.7484663,0.00409,0.0265849,0.0523256,0.0,0.99591,0.1782946,0.1203704,0.5555556,10.389026137075234
10822.0,0.4856773,0.0142303,0.1397154,0.0892921,0.9199778,0.0,0.8208723,0.0020768,0.0298546,0.0257967,0.0124611,0.9906542,0.0571573,0.0767045,0.4615385,11.581527593460411
1594.0,0.4880803,0.0,0.129862,0.1151961,0.8939774,0.0,0.7452991,0.0034188,0.0273504,0.1333333,0.0,0.9880342,0.2251852,0.125,0.8823529,11.671645688511857
25295.0,0.4408776,0.5777822,0.164578,0.1496854,0.8073928,0.0450682,0.658456,0.0022029,0.0258336,0.0774986,0.534595,0.9963953,0.3684648,0.1021472,0.4134615,10.494075844768336
6556.0,0.488255,0.0001525,0.0733679,0.0384501,0.9646126,0.0,0.9048072,0.0009519,0.0123751,0.0454339,0.0,0.9785816,0.0331667,0.2037037,0.3636364,11.320565693461432
369.0,0.4878049,0.0,0.1761518,0.1746032,0.8617886,0.0,0.6616541,0.0,0.037594,0.0291971,0.0,1.0,0.2408759,0.0,1.0,9.94755228369823
8900.0,0.4597753,0.1495506,0.3244944,0.2063228,0.7457303,0.0470787,0.5894605,0.0037641,0.0416562,0.2028406,0.1091593,0.9585947,0.5211042,0.0674293,0.5446429,10.422311107413181
4571.0,0.4896084,0.0115948,0.1196675,0.0574368,0.8063881,0.0,0.6490135,0.0036345,0.0934579,0.246184,0.0114226,0.9132918,0.3843444,0.027027,0.1509434,11.915727028992151
285.0,0.5368421,0.0,0.0315789,0.0227273,0.9157895,0.0,0.7979798,0.010101,0.030303,0.2928571,0.0,1.0,0.5285714,0.0,0.0,10.990381448250039
190.0,0.4368421,0.0,0.1789474,0.1588785,0.9,0.0,0.7230769,0.0,0.0153846,0.0298507,0.0,0.9846154,0.1940299,0.1428571,0.0,9.758519582283522
259.0,0.4903475,0.0,0.1274131,0.0909091,0.9073359,0.0,0.7765957,0.0,0.0319149,0.0208333,0.0,1.0,0.2083333,0.15,0.0,10.389026137075234
66692.0,0.4897889,0.010511,0.097358,0.0768213,0.8475979,0.0091315,0.7070576,0.0047496,0.067279,0.0389679,0.0088318,0.9822971,0.2618733,0.0493719,0.2771084,11.023551435004947
1181.0,0.4801016,0.0,0.2099915,0.1872964,0.7561389,0.0702794,0.6348548,0.0082988,0.0394191,0.2708018,0.0,0.9854772,0.3842663,0.0943396,0.6923077,10.78727575364831
1001.0,0.5084915,0.003996,0.040959,0.0284553,0.952048,0.0,0.8794788,0.0032573,0.0260586,0.022293,0.0032573,1.0,0.0509554,0.1538462,0.1666667,11.19135563385109
1966.0,0.4435402,0.0061038,0.1810783,0.142596,0.8494405,0.0055951,0.6759848,0.0038119,0.0304956,0.0597372,0.0063532,1.0,0.2640382,0.1065574,0.5714286,10.335302435967074
686.0,0.4752187,0.5276968,0.1399417,0.1222222,0.8848397,0.0,0.696,0.004,0.008,0.1071429,0.464,1.0,0.2321429,0.2413793,0.5,9.6678285081515
2084.0,0.4760077,0.0004798,0.2192898,0.1648352,0.8416507,0.0278311,0.6864198,0.0012346,0.0209877,0.0436836,0.0012346,0.9975309,0.270366,0.0432432,0.2222222,10.410335274932896
963.0,0.5025961,0.0,0.105919,0.0521921,0.9241952,0.0,0.8300283,0.0,0.0339943,0.0355191,0.0,0.9660057,0.2021858,0.0833333,0.4,11.008760940077243
9708.0,0.5512979,0.0059745,0.1191801,0.1039945,0.5311084,0.236815,0.554862,0.0036137,0.1514455,0.0367089,0.0045992,0.9940867,0.3705696,0.0573248,0.2727273,10.576457535657255
3253.0,0.4491239,0.027052,0.1924377,0.1863839,0.8054104,0.0513372,0.6876457,0.006216,0.039627,0.0578331,0.026418,0.996892,0.4019034,0.0605428,0.5384615,10.431199791458543
1138.0,0.5105448,0.0140598,0.1098418,0.0664273,0.8822496,0.0,0.744898,0.005102,0.0739796,0.1327434,0.0204082,0.9566327,0.5442478,0.0979021,0.0,12.122696471358964
20459.0,0.4823794,0.0297669,0.0978542,0.0733711,0.8191994,0.0700914,0.737561,0.0041812,0.0401394,0.0614781,0.0277352,0.989547,0.2654022,0.072935,0.3505155,10.998777662206932
239.0,0.4560669,0.1129707,0.1631799,0.1384615,0.9079498,0.0,0.7582418,0.0,0.0,0.1801802,0.0879121,0.978022,0.3243243,0.1,0.7272727,9.723223876851618
15085.0,0.464236,0.1537289,0.1826318,0.1502103,0.7455088,0.0977793,0.6541005,0.0034722,0.0375331,0.0777676,0.1332672,0.9958664,0.3831961,0.0442149,0.776,10.594156665220533
1738.0,0.4706559,0.1196778,0.1662831,0.1586957,0.8964327,0.0,0.75,0.0029586,0.0147929,0.0714286,0.1183432,0.9940828,0.3035714,0.0864865,0.6666667,9.888424674859083
298.0,0.4932886,0.0,0.2449664,0.192053,0.8456376,0.0,0.6865672,0.0,0.0298507,0.0694444,0.0,1.0,0.1944444,0.0,1.0,9.61587214452889
273.0,0.5824176,0.003663,0.0842491,0.0789474,0.7802198,0.0622711,0.6504854,0.0,0.038835,0.3522013,0.0,0.9708738,0.3710692,0.1944444,0.0,10.643064971973882
131.0,0.4656489,0.0,0.1755725,0.1714286,0.8473282,0.0,0.6785714,0.0,0.0357143,0.1515152,0.0,0.9821429,0.4242424,0.0769231,0.0,10.077482875583607
1043.0,0.4813039,0.0009588,0.0172579,0.025878,0.8063279,0.1649089,0.8701923,0.0,0.0144231,0.3224756,0.0,1.0,0.5863192,0.4365079,0.0,9.615805480084347
4999.0,0.455091,0.0006001,0.180036,0.150514,0.809762,0.0408082,0.6745745,0.0061888,0.0422898,0.124605,0.0015472,0.9979371,0.2911964,0.0625832,0.8064516,10.184937747111391
1251.0,0.4868106,0.0207834,0.1758593,0.1277259,0.7306155,0.0,0.5267423,0.0032415,0.0648298,0.0992701,0.0162075,0.993517,0.420438,0.0247934,0.3333333,10.725489582719506
257.0,0.4941634,0.0,0.0544747,0.0692308,0.8521401,0.0,0.7272727,0.0227273,0.1136364,0.0833333,0.0,1.0,0.25,0.0769231,0.0,10.67130147767883
1757.0,0.4632897,0.0165054,0.1935117,0.164369,0.8309619,0.03358,0.6800595,0.0044643,0.0267857,0.0561798,0.014881,0.9955357,0.3019663,0.085,0.8,10.518700218288165
1166.0,0.5145798,0.0008576,0.0849057,0.0830389,0.8893654,0.0,0.7614679,0.0068807,0.0412844,0.0762712,0.0022936,0.9931193,0.2860169,0.0746269,0.2,10.537441898283253
182.0,0.5164835,0.0,0.1978022,0.1022727,0.8736264,0.0,0.6891892,0.0,0.0,0.1494253,0.0,1.0,0.2528736,0.0,1.0,9.615805480084347
2786.0,0.4856425,0.0061019,0.1927495,0.094208,0.8837042,0.0107681,0.7721402,0.0,0.0369004,0.159038,0.001845,0.9889299,0.2521334,0.040404,0.8076923,12.556733038263905
319.0,0.4169279,0.9937304,0.153605,0.1935484,0.8840125,0.0,0.6886792,0.009434,0.009434,0.1092437,1.0,1.0,0.3445378,0.3703704,1.0,9.615805480084347
189.0,0.5238095,0.0,0.1216931,0.0111111,0.952381,0.0,0.8269231,0.0,0.0,0.3333333,0.0,1.0,0.2564103,0.1666667,1.0,10.214678610538817
752.0,0.4920213,0.0,0.0518617,0.0732984,0.9507979,0.0,0.8448276,0.0057471,0.0574713,0.2334802,0.0,0.9770115,0.5506608,0.2307692,1.0,9.615805480084347
120.0,0.4916667,0.0,0.1416667,0.0983607,0.875,0.0,0.7083333,0.0,0.0208333,0.0588235,0.0,1.0,0.2352941,0.0666667,0.0,9.61587214452889
2709.0,0.5094131,0.0099668,0.1077889,0.0549285,0.9228498,0.0,0.8341658,0.001998,0.034965,0.0195886,0.010989,0.999001,0.1253673,0.0695652,0.0,11.05881093278828
37670.0,0.494558,0.052137,0.0740908,0.065021,0.8655163,0.0038758,0.7327586,0.0042729,0.0793103,0.0291121,0.0491004,0.8938531,0.3196507,0.0887587,0.1769231,12.318959268856462
1153.0,0.4830876,0.0017346,0.2957502,0.1325503,0.876843,0.0,0.7494692,0.0106157,0.0382166,0.1482821,0.0021231,0.9766454,0.3273056,0.1648352,0.3846154,11.233224789593368
522.0,0.4731801,0.0019157,0.1743295,0.1527273,0.8333333,0.0,0.6439024,0.004878,0.0487805,0.1048035,0.0,0.995122,0.349345,0.1222222,0.5,10.236417809461043
164.0,0.4756098,0.0,0.1158537,0.1162791,0.7865854,0.0,0.6081081,0.0,0.0810811,0.1956522,0.0,1.0,0.4456522,0.1052632,1.0,11.481445117743048
3616.0,0.4220133,0.0027655,0.4811947,0.2942584,0.673396,0.0688606,0.5276409,0.001642,0.0328407,0.0645161,0.0021894,0.9890531,0.5432668,0.0264106,0.1333333,10.981914140544825
2268.0,0.4748677,0.0013228,0.1516755,0.093199,0.9215168,0.005291,0.7769784,0.0028777,0.0086331,0.2038946,0.0014388,0.9870504,0.2325315,0.2212389,0.7333333,10.510559281627845
4826.0,0.4979279,0.011811,0.0532532,0.0359059,0.9676751,0.0022793,0.9237401,0.0006631,0.0139257,0.0226831,0.0106101,0.9655172,0.0246273,0.247191,0.5625,11.40646434386837
1359.0,0.4289919,0.4738779,0.1479029,0.1469072,0.8153054,0.0816777,0.7452632,0.0063158,0.0294737,0.0865385,0.4757895,0.9978947,0.5057692,0.1004184,1.0,10.628641991731053
767.0,0.4863103,0.0,0.1590613,0.1218274,0.8474576,0.0,0.6633663,0.009901,0.0330033,0.0705521,0.0,1.0,0.2453988,0.0449438,0.75,10.370392636243981
2251.0,0.4980009,0.0008885,0.0906264,0.0725664,0.9147046,0.0,0.7920299,0.0,0.0311333,0.0417661,0.0,0.9937733,0.1431981,0.046875,0.7777778,11.32781201446548
3784.0,0.4516385,0.0240486,0.256871,0.1995181,0.804704,0.0221987,0.6254613,0.001845,0.0258303,0.0740319,0.0246002,0.99754,0.309795,0.0644007,0.6363636,10.184937747111391
4480.0,0.4676339,0.4988839,0.1220982,0.0884696,0.7660714,0.0401786,0.6085985,0.001675,0.065885,0.0729814,0.4924623,0.9927415,0.4296066,0.0410783,0.4516129,10.63106031411106
12505.0,0.4858057,0.0141543,0.1584966,0.140591,0.8582167,0.0368653,0.7365184,0.0026017,0.037843,0.0267035,0.0193945,0.8789026,0.322744,0.0948905,0.5357143,11.273411140805074
297.0,0.4949495,0.0,0.2861953,0.18,0.8383838,0.0,0.6796875,0.0078125,0.03125,0.0921986,0.0,1.0,0.3900709,0.0384615,1.0,10.077482875583607
320.0,0.459375,0.0,0.215625,0.1560694,0.878125,0.0,0.704,0.0,0.016,0.2378049,0.0,0.992,0.2621951,0.1851852,0.7777778,9.615805480084347
3551.0,0.4764855,0.0053506,0.1284145,0.1005917,0.9081949,0.0,0.7792109,0.0030349,0.0189681,0.0672328,0.0045524,0.9992413,0.2653928,0.1241611,0.4166667,9.898525260706313
5938.0,0.5646682,0.0842034,0.0010104,0.0030948,0.8374874,0.1584709,0.985159,0.0007067,0.0014134,0.0541444,0.0890459,0.9519435,0.1296791,0.1728302,0.0,10.389026137075234
4206.0,0.4614836,0.0011888,0.1509748,0.1364238,0.8751783,0.0290062,0.7614379,0.0019608,0.0196078,0.0425532,0.0006536,0.9960784,0.3028786,0.1064639,0.6666667,10.460270761075149
147.0,0.4489796,0.6734694,0.2040816,0.2469136,0.7959184,0.0,0.557377,0.0,0.0491803,0.1756757,0.6885246,1.0,0.3783784,0.2727273,0.0,9.615805480084347
418.0,0.4497608,0.0478469,0.1770335,0.1347826,0.8803828,0.0,0.7300613,0.0,0.0368098,0.0842697,0.0306748,0.9815951,0.2134831,0.0877193,0.125,10.764286715905591
9187.0,0.4539023,0.0524654,0.1971264,0.168228,0.7842604,0.066507,0.6590538,0.0040783,0.0236542,0.068153,0.0437738,0.9942904,0.3265771,0.0670597,0.4533333,10.404293143019792
22.0,0.4545455,0.0,0.2727273,0.0,0.9090909,0.0,0.7777778,0.0,0.0,0.0,0.0,1.0,0.5555556,0.1111111,0.0,0.0
2954.0,0.4688558,0.133717,0.2322275,0.1841938,0.77522,0.0876777,0.6724771,0.0018349,0.0357798,0.0683761,0.1357798,0.9963303,0.3102564,0.1092233,0.6666667,9.97119292889014
3105.0,0.499839,0.0022544,0.1201288,0.0631037,0.863124,0.0,0.7110016,0.0049261,0.0484401,0.0896861,0.001642,0.9885057,0.348281,0.0733591,0.2,10.975088291957388
1460.0,0.4945205,0.0027397,0.1369863,0.104336,0.9027397,0.0,0.7673993,0.0054945,0.021978,0.0336283,0.0018315,0.996337,0.2230088,0.1075269,0.2,10.566201298475118
380.0,0.4921053,0.0,0.1789474,0.1398964,0.8710526,0.0,0.7058824,0.0065359,0.0196078,0.172973,0.0,1.0,0.2864865,0.1363636,1.0,9.615805480084347
127.0,0.511811,0.0,0.1811024,0.0806452,0.9055118,0.0,0.7391304,0.0,0.0,0.0212766,0.0,1.0,0.1702128,0.1111111,0.0,10.488520429241627
108.0,0.4074074,0.0,0.2962963,0.265625,0.8425926,0.0,0.6595745,0.0,0.0212766,0.1454545,0.0,1.0,0.2727273,0.0,0.0,9.615805480084347
1709.0,0.4792276,0.0,0.2264482,0.147191,0.8355764,0.0117028,0.6911765,0.0102941,0.0485294,0.0659341,0.0,0.9205882,0.4821429,0.220339,0.4285714,10.727684925086583
25042.0,0.4782366,0.0105822,0.1294226,0.0996479,0.74407,0.0243191,0.6048333,0.0036733,0.117738,0.08508,0.0105365,0.9915901,0.4479526,0.0455868,0.5147059,11.494771677590096
118.0,0.4830508,0.0,0.1949153,0.1803279,0.8220339,0.0,0.6078431,0.0,0.0196078,0.1904762,0.0,1.0,0.2698413,0.0,1.0,9.615805480084347
16.0,0.375,0.0,0.1875,0.3,0.8125,0.0,0.5714286,0.0,0.0,0.3636364,0.0,1.0,0.5454545,0.0,0.0,9.615805480084347
8982.0,0.4771766,0.006346,0.1852594,0.1375639,0.821532,0.0376308,0.6883788,0.0037303,0.0430416,0.0386207,0.004878,0.9916786,0.3224828,0.0448301,0.2941176,11.348062614163295
9835.0,0.4708693,0.2346721,0.1847483,0.1450807,0.8456533,0.0075241,0.6760417,0.0028646,0.0403646,0.0532544,0.2046875,0.9848958,0.2672584,0.0918288,0.3428571,11.255462171102444
8003.0,0.4904411,0.0124953,0.0768462,0.0681707,0.9353992,0.0017493,0.8471892,0.0019794,0.0352336,0.0413662,0.0106888,0.9647664,0.1529412,0.0896226,0.6086957,12.142605550210915
91.0,0.5604396,0.0,0.1978022,0.2,0.8241758,0.0,0.6153846,0.0,0.025641,0.2777778,0.0,1.0,0.3148148,0.0,0.6666667,9.615805480084347
847.0,0.4781582,0.0791027,0.231405,0.158371,0.8783943,0.0,0.7113095,0.0029762,0.0119048,0.1111111,0.0654762,0.9821429,0.3121693,0.1212121,0.6666667,9.867912187022208
1284.0,0.478972,0.0038941,0.232866,0.142003,0.8956386,0.0,0.7686424,0.0,0.0152964,0.0576577,0.0038241,0.9961759,0.1603604,0.0597015,0.7142857,10.623787731088578
587.0,0.4361158,0.0596252,0.2981261,0.2567976,0.7495741,0.1516184,0.7277228,0.0,0.0148515,0.1583333,0.0445545,0.9851485,0.3375,0.0454545,1.0,10.030164255362632
66643.0,0.4936452,0.0034512,0.1547799,0.0878945,0.6781357,0.0105337,0.5346079,0.0031432,0.1468892,0.1147701,0.0031756,0.9682437,0.3912395,0.0190434,0.2402597,12.940124217215681
206.0,0.5048544,0.0,0.0970874,0.0784314,0.8446602,0.0,0.7368421,0.0131579,0.1315789,0.3613445,0.0,1.0,0.0504202,0.1176471,0.25,11.294781892900653
870.0,0.4827586,0.0,0.1850575,0.1111111,0.7448276,0.008046,0.5913462,0.0072115,0.0817308,0.3417722,0.0,0.9903846,0.5268987,0.0432432,0.5,11.089820688682373
760.0,0.4723684,0.1618421,0.1157895,0.117207,0.9065789,0.0,0.7773585,0.0037736,0.0415094,0.1533546,0.1471698,0.9962264,0.4376997,0.1445783,0.0,9.803722464346553
649.0,0.4714946,0.0,0.1956857,0.1107872,0.8567026,0.0,0.6834532,0.0035971,0.0143885,0.1701493,0.0,0.9964029,0.3074627,0.1176471,0.8333333,10.250652418696085
16889.0,0.4968323,0.0046776,0.1560779,0.1047305,0.8946652,0.0220262,0.7817421,0.0053817,0.0406618,0.0231698,0.0045844,0.9308352,0.5097352,0.1762115,0.25,11.888625282853006
11663.0,0.5027866,0.0017148,0.0515305,0.0389722,0.9356941,0.0,0.8433548,0.0012903,0.032,0.0251572,0.0018065,0.984,0.1049057,0.0609756,0.2777778,11.60733523953139
249.0,0.4939759,0.0,0.184739,0.1111111,0.8795181,0.0,0.755102,0.0,0.0408163,0.0392157,0.0,1.0,0.1568627,0.1666667,0.0,10.181157167204903
5294.0,0.4967888,0.086513,0.093691,0.0833333,0.860408,0.0098224,0.7259858,0.0030334,0.0631951,0.0416667,0.0692619,0.9757331,0.3372093,0.0625832,0.6428571,11.678448377988165
1674.0,0.4982079,0.0,0.1314217,0.0857143,0.8655914,0.0041816,0.711838,0.0062305,0.0420561,0.0446429,0.0,0.9875389,0.2827381,0.0973451,1.0,10.633472802314019
1703.0,0.4726952,0.0,0.1015854,0.096882,0.9195537,0.0,0.7763158,0.0037594,0.0244361,0.1648352,0.0,0.9680451,0.5070644,0.2941176,0.0,10.138599199626192
164.0,0.5121951,0.0,0.152439,0.15,0.847561,0.0,0.6527778,0.0,0.0,0.0769231,0.0,1.0,0.4487179,0.08,0.6666667,9.615805480084347
287.0,0.4599303,0.0,0.1254355,0.1870968,0.912892,0.0,0.7863248,0.0,0.0,0.0330579,0.0,1.0,0.3719008,0.0434783,0.0,10.192456296870509
875.0,0.4617143,0.3782857,0.1805714,0.1613588,0.8148571,0.0,0.6121372,0.0026385,0.0395778,0.1778742,0.3060686,0.994723,0.4685466,0.0549451,0.2,10.50783084142058
238629.0,0.4644197,0.1958102,0.2218716,0.1609874,0.7530015,0.027767,0.5829541,0.0039734,0.0655516,0.1574228,0.1569965,0.9782504,0.4645123,0.0538772,0.4849284,10.768506042432708
9389.0,0.4511663,0.0022367,0.2134413,0.166699,0.8575993,0.0020236,0.678834,0.0015756,0.0181197,0.0548523,0.0021008,0.9973739,0.2551502,0.0741002,0.6666667,10.482933978579906
522.0,0.4904215,0.0,0.2279693,0.112782,0.8505747,0.0095785,0.6962617,0.0046729,0.0280374,0.0932203,0.0,1.0,0.25,0.0487805,0.6666667,9.942756341456828
1713.0,0.4010508,0.0,0.3076474,0.2748538,0.7589025,0.0227671,0.5627329,0.0062112,0.0186335,0.1104972,0.0,0.9950311,0.3944751,0.088685,0.2916667,9.867912187022208
204.0,0.4705882,0.0,0.1470588,0.1111111,0.8529412,0.0,0.686747,0.0240964,0.0361446,0.0674157,0.0,1.0,0.3932584,0.0967742,1.0,9.893487720457795
1731.0,0.4737146,0.0011554,0.1282496,0.1031833,0.5696129,0.2940497,0.6204239,0.0057803,0.0558767,0.0942408,0.0,0.9980732,0.3315881,0.0358744,0.0,11.046132675457146
320.0,0.50625,0.0,0.053125,0.0253165,0.978125,0.0,0.890625,0.0,0.0,0.1898734,0.0,0.984375,0.6835443,0.25,0.0,11.1447705923684
245.0,0.4612245,0.3469388,0.1755102,0.1666667,0.8653061,0.0,0.6631579,0.0,0.0105263,0.1880342,0.2526316,1.0,0.3418803,0.2857143,0.0,9.770013301136158
92.0,0.5,0.9130435,0.173913,0.173913,0.8586957,0.0,0.6486486,0.0,0.0,0.1190476,0.9189189,1.0,0.5,0.1,0.0,9.615805480084347
8361.0,0.4922856,0.0182992,0.1199617,0.0840989,0.8612606,0.0142327,0.7556547,0.0041414,0.074546,0.104933,0.0140172,0.9659127,0.28714,0.0645161,0.4533333,11.021918808236205
583.0,0.4699828,0.0017153,0.1629503,0.1294498,0.890223,0.0,0.7389381,0.0,0.0176991,0.1102362,0.0,0.9955752,0.1181102,0.1521739,0.2857143,9.90353755128617
1246.0,0.4622793,0.0008026,0.2423756,0.2029851,0.8162119,0.0441413,0.6757812,0.0019531,0.0136719,0.1974922,0.0,0.9941406,0.3025078,0.1300813,0.6923077,9.803722464346553
3172.0,0.4672131,0.0047289,0.1623581,0.1236686,0.8852459,0.0,0.7260163,0.000813,0.0186992,0.0238095,0.001626,0.9626016,0.2230159,0.090566,0.25,10.596659732783579
71.0,0.5211268,0.0,0.084507,0.1470588,0.8309859,0.0,0.6129032,0.0,0.0,0.2619048,0.0,0.9677419,0.3333333,0.0,0.0,9.615805480084347
5055.0,0.4579624,0.0605341,0.2425321,0.1927007,0.8320475,0.0237389,0.6682532,0.0023798,0.0123751,0.1666006,0.0571157,0.9000476,0.3661246,0.0960854,0.7272727,9.674137279312397
42.0,0.547619,0.0,0.047619,0.0526316,0.8571429,0.0,0.6666667,0.0,0.0666667,0.2857143,0.0,1.0,1.0,0.0,0.0,9.615805480084347
1266.0,0.4747235,0.0,0.2764613,0.2180451,0.8048973,0.0513428,0.6699411,0.0039293,0.0157171,0.0728597,0.0,0.9980354,0.2240437,0.0967742,0.8,9.898525260706313
9129.0,0.4378355,0.3456019,0.2546829,0.1683554,0.7743455,0.0363676,0.6129522,0.0015178,0.0417405,0.1092835,0.293954,0.9951935,0.3742677,0.0558859,0.3428571,10.847412906506923
10426.0,0.4646077,0.1604642,0.1690006,0.1404515,0.8152695,0.0414349,0.688345,0.0032634,0.0314685,0.0502546,0.1407925,0.9920746,0.3827762,0.0548599,0.5555556,10.736418414365376
1299.0,0.5142417,0.0007698,0.073903,0.0522979,0.939184,0.0,0.8393285,0.0047962,0.0167866,0.0188235,0.0,0.9952038,0.1482353,0.1153846,1.0,11.092869425057021
1001.0,0.4685315,0.0,0.1598402,0.1184211,0.8551449,0.0,0.6582915,0.0025126,0.0226131,0.0613208,0.0,0.9924623,0.25,0.1145038,0.25,10.36410350510914
6305.0,0.4505948,0.1375099,0.20682,0.1786952,0.8274385,0.0445678,0.703163,0.0036496,0.0239254,0.0605714,0.122871,0.9963504,0.2990476,0.0787208,0.4545455,10.351405324899678
129.0,0.5426357,0.0,0.0697674,0.0677966,0.9379845,0.0,0.8333333,0.0,0.0555556,0.4545455,0.0,0.9722222,0.469697,0.3,0.0,10.389026137075234
69.0,0.5797101,0.0,0.1449275,0.0689655,0.7681159,0.0,0.5517241,0.0344828,0.0689655,0.1212121,0.0,1.0,0.1515152,0.2,0.0,9.615805480084347
1048.0,0.4618321,0.0019084,0.2194656,0.1719858,0.8311069,0.0419847,0.6932668,0.0,0.0199501,0.0823799,0.0024938,0.9975062,0.1990847,0.0430108,0.8333333,10.173552856959743
1654.0,0.4498186,0.0012092,0.1638452,0.1637363,0.7339782,0.0562273,0.5967262,0.0104167,0.0848214,0.1971326,0.0,0.9940476,0.39546,0.028777,0.3636364,11.324195417595107
4764.0,0.5062972,0.02267,0.1188077,0.0820578,0.8690176,0.054576,0.8149867,0.0006631,0.0364721,0.0195059,0.0026525,0.9834218,0.1079324,0.0784314,0.3846154,12.28765724080691
3610.0,0.4587258,0.001108,0.2238227,0.1837257,0.8132964,0.0288089,0.6577896,0.0046605,0.0299601,0.0841463,0.0006658,0.994008,0.3335366,0.0945946,0.6666667,10.146472946063877
11766.0,0.4803672,0.0074792,0.1498385,0.1104024,0.7590515,0.0498045,0.6246227,0.0062527,0.0860285,0.05655,0.0084088,0.9825356,0.4489422,0.0671016,0.4285714,10.39821428171237
289.0,0.4913495,0.0,0.1245675,0.0884354,0.9134948,0.0,0.7941176,0.0,0.0392157,0.0810811,0.0,0.9705882,0.1261261,0.15,0.6666667,10.196194479235656
660.0,0.4818182,0.0,0.1272727,0.1432749,0.8681818,0.0,0.6956522,0.0039526,0.0316206,0.0155642,0.0,0.9960474,0.2957198,0.0410959,0.0,10.831726617926124
164.0,0.5121951,0.0,0.1585366,0.1,0.9146341,0.0,0.7741935,0.0,0.0,0.03125,0.0,1.0,0.078125,0.0,0.0,10.16203685698089
4196.0,0.4911821,0.0507626,0.115348,0.09274,0.913489,0.0014299,0.7804878,0.0066519,0.0266075,0.0458392,0.0480414,0.7006652,0.3638928,0.2520492,0.4545455,10.887455624298198
6031.0,0.4806831,0.0004974,0.1601724,0.1037676,0.8598906,0.0018239,0.6990662,0.0063667,0.0428693,0.0461538,0.0004244,0.9673175,0.3809717,0.1101224,0.2380952,10.74937727911096
17384.0,0.4606535,0.0409572,0.2952715,0.1822739,0.7605269,0.0763921,0.6394453,0.0029416,0.0288556,0.1414311,0.0364197,0.8449363,0.4282622,0.0827489,0.673913,10.635879484421974
139.0,0.5539568,0.0,0.0719424,0.1290323,0.8848921,0.0,0.6666667,0.0,0.047619,0.1428571,0.0,0.9761905,0.8571429,0.3,0.0,9.615805480084347
7831.0,0.4543481,0.0011493,0.2497765,0.169904,0.8198187,0.0112374,0.6523987,0.0014364,0.0290147,0.0300919,0.0008618,0.9962654,0.1850098,0.02407,0.3076923,11.256754979390998
1746.0,0.4421535,0.0011455,0.2182131,0.1889117,0.8075601,0.0286369,0.633515,0.006812,0.0177112,0.1135266,0.0,0.9972752,0.4275362,0.1219512,0.8235294,9.615805480084347
1486.0,0.4730821,0.1305518,0.0746972,0.0727969,0.9179004,0.0,0.8004202,0.0105042,0.0315126,0.0916031,0.1323529,0.9894958,0.2729008,0.2040816,0.5555556,10.077482875583607
5418.0,0.4449982,0.0812108,0.2491694,0.165281,0.766519,0.071244,0.6480496,0.0035461,0.0319149,0.1044065,0.0656028,0.9951241,0.3767368,0.0394558,0.4444444,10.661977618146238
1047.0,0.4479465,0.0592168,0.1174785,0.0968858,0.7239733,0.0,0.532,0.0,0.082,0.0791897,0.042,0.96,0.4475138,0.0220588,1.0,12.118884889350285
261.0,0.4789272,0.0,0.0804598,0.0441176,0.9616858,0.0,0.8591549,0.0,0.0,0.2755102,0.0,1.0,0.1530612,0.2222222,1.0,10.515993929932415
14359.0,0.4778884,0.0004875,0.2112961,0.1343204,0.9254823,0.0009054,0.8137353,0.0005989,0.0181673,0.0137822,0.0003993,0.9764424,0.0748179,0.0946372,0.6818182,12.198045514142787
2342.0,0.4551665,0.0324509,0.2040991,0.1590909,0.8505551,0.0149445,0.6824034,0.0042918,0.0150215,0.2271973,0.02897,0.9892704,0.3507463,0.1264822,0.6666667,9.70509758756311
565.0,0.5061947,0.0,0.1097345,0.0573477,0.9238938,0.0,0.8,0.0051282,0.0153846,0.0346535,0.0,1.0,0.2425743,0.1020408,0.6666667,10.318935994253193
34.0,0.6764706,0.0,0.1176471,0.0909091,0.8235294,0.0,0.6153846,0.0,0.0769231,0.0,0.0,1.0,0.0769231,0.0,0.0,10.566201298475118
1143.0,0.4925634,0.0,0.1137358,0.0862069,0.8827647,0.0,0.7439024,0.0170732,0.0439024,0.0398126,0.0,0.9829268,0.3981265,0.152439,1.0,10.457401400981889
2271.0,0.4892118,0.002642,0.110524,0.0827586,0.897402,0.0,0.7740864,0.0011074,0.0265781,0.0484721,0.0011074,0.9966777,0.3256059,0.0487805,0.75,10.659633006160352
201.0,0.4527363,0.0,0.1243781,0.1181818,0.8606965,0.0,0.65,0.0,0.0,0.0697674,0.0,1.0,0.2209302,0.1428571,0.0,10.221977646629885
5483.0,0.5761444,0.1207368,0.0012767,0.0034423,0.8079519,0.1853,0.9729312,0.0,0.0015468,0.0300075,0.1183295,0.9605568,0.3570893,0.1777085,0.0,10.768506042432708
919.0,0.4755169,0.0,0.1479869,0.0809129,0.914037,0.0,0.8050139,0.0,0.0222841,0.0651042,0.0,0.9916435,0.3645833,0.0434783,0.5,10.181157167204903
3329.0,0.481526,0.0006008,0.1841394,0.131518,0.8377891,0.0114148,0.6664217,0.0036738,0.0286554,0.1116188,0.0007348,0.9985305,0.3746736,0.071599,0.5,10.431199791458543
174820.0,0.4857568,0.0944343,0.0915113,0.0725918,0.8526942,0.0169832,0.7116237,0.0060672,0.0585269,0.0560332,0.0882226,0.8472473,0.3816245,0.1251917,0.3055556,11.195484970354173
650.0,0.4892308,0.0015385,0.2261538,0.1506024,0.8815385,0.0,0.7220077,0.0,0.019305,0.0371747,0.0,0.996139,0.2193309,0.0185185,1.0,10.563620718477313
562.0,0.5,0.0,0.158363,0.1067616,0.8683274,0.0,0.6986301,0.0,0.0365297,0.0179372,0.0,1.0,0.2286996,0.06,0.0,10.547995807489514
8526.0,0.4475721,0.7322308,0.1475487,0.15138,0.8615998,0.0228712,0.6947332,0.003465,0.030492,0.1095341,0.6749827,0.9948025,0.3668621,0.2208122,0.7291667,9.615805480084347
8080.0,0.4913366,0.0059406,0.1415842,0.0759124,0.8294554,0.0143564,0.7040573,0.0047733,0.0671241,0.5388637,0.0047733,0.9910501,0.5241436,0.0632447,0.1150442,11.143324481431074
24850.0,0.4678471,0.3946881,0.1397988,0.104507,0.8598793,0.0086519,0.7058299,0.0020065,0.0494928,0.0467538,0.3682978,0.8900903,0.3572415,0.1093661,0.3832335,12.014312686825066
12001.0,0.4879593,0.1064078,0.1998167,0.1697315,0.8008499,0.0647446,0.6740838,0.0034904,0.0220332,0.147797,0.0818063,0.895288,0.3852017,0.0987492,0.7089552,9.961803629358965
4535.0,0.4866593,0.0052922,0.1232635,0.0764605,0.7431092,0.0039691,0.5537037,0.0046296,0.0717593,0.1442155,0.0060185,0.9685185,0.481775,0.0261569,0.7111111,11.131679686740132
228.0,0.4692982,0.0,0.1666667,0.1818182,0.8157895,0.0,0.6082474,0.0103093,0.0206186,0.0934579,0.0,0.9793814,0.1682243,0.0769231,1.0,10.27163147557801
569.0,0.4850615,0.0035149,0.2144112,0.1399317,0.8066784,0.0,0.6374502,0.0119522,0.0358566,0.0528302,0.0039841,0.9880478,0.2226415,0.0408163,0.0,10.196194479235656
132.0,0.5151515,0.0,0.2878788,0.09375,0.8560606,0.0,0.7090909,0.0,0.0545455,0.1791045,0.0,1.0,0.2985075,0.1818182,1.0,9.615805480084347
6696.0,0.5044803,0.0141876,0.1048387,0.0931284,0.8617085,0.0,0.7136259,0.0050038,0.0561971,0.0342007,0.0153965,0.9861432,0.3356877,0.0231156,0.6666667,11.55503622867061
89.0,0.4719101,0.0,0.2808989,0.1702128,0.8202247,0.0,0.6666667,0.0,0.047619,0.3333333,0.0,1.0,0.2539683,0.0,1.0,9.615805480084347
766.0,0.4582245,0.0,0.232376,0.2024096,0.8146214,0.0,0.5981873,0.0030211,0.021148,0.075419,0.0,0.9939577,0.3324022,0.115942,1.0,9.758519582283522
1329.0,0.5063958,0.0022573,0.0413845,0.0335366,0.9533484,0.0,0.8802661,0.0,0.0177384,0.0485232,0.0022173,0.9933481,0.0675105,0.04,0.1,11.405351390085748
1818.0,0.4862486,0.0,0.1628163,0.1284797,0.8586359,0.0143014,0.6997207,0.0041899,0.0195531,0.2415254,0.0,0.9972067,0.3315678,0.0864865,0.8169014,10.047631185616188
31117.0,0.4735675,0.0126298,0.3346402,0.1249008,0.8924061,0.0038564,0.7903005,0.0020492,0.0292957,0.1135033,0.0108531,0.9674408,0.225661,0.0894226,0.4444444,10.887455624298198
1586.0,0.4546028,0.1191677,0.2616646,0.2427746,0.7553594,0.1027743,0.6476346,0.0016313,0.0114192,0.0823353,0.1044046,0.9967374,0.3712575,0.0807175,0.5,9.857495968685136
277.0,0.4440433,0.0,0.3104693,0.1948052,0.7942238,0.0,0.5984252,0.0,0.0472441,0.1241379,0.0,1.0,0.2413793,0.030303,1.0,9.615805480084347
745.0,0.4657718,0.0080537,0.1355705,0.0653266,0.8926174,0.0,0.7472119,0.0037175,0.0297398,0.0358423,0.0074349,0.9814126,0.2150538,0.0638298,0.6666667,10.725489582719506
1710.0,0.4461988,0.5356725,0.1947368,0.2027455,0.8128655,0.0444444,0.6641679,0.0014993,0.0209895,0.08,0.5037481,0.9970015,0.32,0.1156463,0.3333333,10.32551474894327
374.0,0.4973262,0.0,0.3262032,0.1968085,0.8342246,0.0,0.6529412,0.0058824,0.0117647,0.1099476,0.0,0.9823529,0.2408377,0.1111111,0.0,9.787009914477434
581.0,0.4526678,0.0017212,0.1686747,0.1415094,0.8519793,0.0086059,0.6605505,0.0,0.0275229,0.0224215,0.0045872,0.9954128,0.2869955,0.0555556,0.0,10.77270764101727
802.0,0.5386534,0.2094763,0.1284289,0.127027,0.6109726,0.053616,0.4253731,0.0049751,0.079602,0.1536842,0.2462687,0.9950249,0.5726316,0.0355731,0.7,10.872389709681492
259.0,0.4517375,0.3127413,0.1698842,0.1478873,0.8610039,0.0,0.7326733,0.009901,0.049505,0.1061947,0.2376238,1.0,0.2300885,0.1304348,1.0,10.389026137075234
15209.0,0.4819515,0.0377408,0.1341969,0.0934129,0.8099809,0.0193964,0.6591411,0.0017367,0.0577834,0.0356273,0.0326808,0.9940006,0.2455847,0.0269608,0.6575342,11.578722568760277
396.0,0.4671717,0.0,0.2070707,0.1374408,0.8712121,0.0,0.7083333,0.0,0.0119048,0.1384615,0.0,1.0,0.4205128,0.1590909,0.75,9.615805480084347
207951.0,0.4849604,0.2758054,0.0881554,0.0773461,0.6899318,0.0659819,0.5622451,0.0031344,0.1154949,0.0736267,0.2392277,0.9889422,0.4390618,0.0440696,0.3711968,11.19135563385109
662.0,0.4380665,0.0,0.265861,0.1908602,0.8202417,0.0302115,0.665493,0.0,0.0140845,0.1977401,0.0,0.9260563,0.3841808,0.1492537,0.0,9.70509758756311
893.0,0.5016797,0.0,0.1478163,0.0876404,0.8969765,0.0,0.7740964,0.003012,0.0361446,0.0541311,0.0,0.9879518,0.3219373,0.0597015,0.7142857,10.566201298475118
242.0,0.4834711,0.0,0.2190083,0.144,0.8677686,0.0,0.69,0.0,0.01,0.2063492,0.0,1.0,0.2777778,0.0555556,1.0,9.746892220313054
288.0,0.4791667,0.0,0.1215278,0.06,0.9548611,0.0,0.8452381,0.0,0.0,0.106383,0.0,0.9761905,0.212766,0.3,1.0,10.199918739620157
935933.0,0.4815462,0.0703939,0.1050983,0.0831674,0.8558027,0.0221704,0.7057268,0.0033113,0.0440322,0.1057787,0.0750273,0.5370225,0.43162,0.1269198,0.5609215,10.482933978579906
5229.0,0.4815452,0.2558807,0.1111111,0.0770933,0.9288583,0.0,0.8229847,0.0021786,0.0185185,0.0442478,0.1960784,0.995098,0.2056221,0.1780303,0.6222222,10.821796246953596
5346.0,0.4940142,0.0243172,0.0319865,0.0292052,0.9457538,0.0,0.8775043,0.0057241,0.0326274,0.0761502,0.0206068,0.9639382,0.1433104,0.119186,0.4666667,11.16903981679311
11578.0,0.6692866,0.2590257,0.0010364,0.0007835,0.6147867,0.3832268,0.9913321,0.0004562,0.0018248,0.0373298,0.2440693,0.9010036,0.1963109,0.1215722,0.0,11.305913595583258
3001.0,0.5014995,0.0156614,0.1646118,0.1049465,0.7700766,0.0413196,0.638195,0.004029,0.0684932,0.6894394,0.008058,0.9403707,0.4504505,0.0487106,0.816092,12.083910661257521
827.0,0.4461911,0.0012092,0.3736397,0.2554585,0.7533253,0.0592503,0.6118598,0.0053908,0.0269542,0.0413437,0.0,0.9973046,0.2273902,0.0526316,0.7142857,9.61587214452889
643.0,0.4774495,0.0062208,0.0808709,0.0565476,0.9237947,0.0,0.8035714,0.0044643,0.0089286,0.0931174,0.0044643,0.9732143,0.2834008,0.1034483,1.0,10.16203685698089
61815.0,0.4911106,0.0626709,0.1083394,0.0876117,0.8347003,0.0111462,0.6761406,0.0065488,0.0705959,0.050255,0.0587645,0.8227461,0.6075383,0.1142093,0.2891566,11.983560145061489
71.0,0.4647887,0.0,0.2535211,0.1842105,0.8591549,0.0,0.6774194,0.0,0.0,0.326087,0.0,1.0,0.4565217,0.0,1.0,9.615805480084347
471.0,0.477707,0.0,0.1698514,0.1300813,0.85138,0.0,0.7025641,0.0102564,0.0358974,0.0801887,0.0,1.0,0.2641509,0.0384615,0.0,9.966509298952284
2904.0,0.4438705,0.0581956,0.3040634,0.2520124,0.7988981,0.030303,0.6245121,0.0,0.010929,0.1201923,0.0562061,0.989071,0.3468407,0.0990991,0.5,10.134638955251866
55386.0,0.5145885,0.0057054,0.0912686,0.0659847,0.7649767,0.03407,0.6381965,0.0058223,0.1289578,0.0606156,0.005293,0.923299,0.3588121,0.0841428,0.2086957,12.27560337234701
19154.0,0.4814138,0.0116425,0.076642,0.0712776,0.8814347,0.0261564,0.7582205,0.0049968,0.0330432,0.0748583,0.016441,0.6710187,0.419326,0.1739486,0.4166667,10.881832472145556
1922.0,0.4823101,0.0015609,0.16077,0.1276382,0.883975,0.0171696,0.7503448,0.0013793,0.0110345,0.1071429,0.0027586,0.9958621,0.3571429,0.1479592,0.9285714,10.243560441877241
2978.0,0.480188,0.0043653,0.1705843,0.130491,0.825722,0.0013432,0.6496,0.004,0.0488,0.0650711,0.0048,0.9992,0.3268512,0.0637066,1.0,10.766398604507042
1782.0,0.4584736,0.037037,0.137486,0.1160622,0.8855219,0.0,0.7338028,0.0014085,0.015493,0.073107,0.0267606,0.9957746,0.3877285,0.0880282,0.5,10.354595018522993
281.0,0.4483986,0.1281139,0.1708185,0.1548387,0.8576512,0.0,0.6916667,0.0,0.025,0.0769231,0.125,1.0,0.3538462,0.0540541,0.0,10.090008612393838
6695.0,0.5454817,0.0008962,0.0446602,0.0377917,0.6743839,0.0246453,0.5451517,0.0025907,0.2005922,0.4944808,0.0007402,0.9811251,0.5786717,0.0397141,0.1555556,11.39302644219128
86.0,0.4418605,0.0,0.1744186,0.125,0.7674419,0.0,0.5813953,0.0,0.0465116,0.0,0.0,0.9767442,0.1395349,0.0,0.0,9.615805480084347
626.0,0.4632588,0.0,0.0495208,0.077381,0.9632588,0.0,0.869281,0.0065359,0.0065359,0.172973,0.0,1.0,0.8378378,0.4166667,0.0,9.615805480084347
496.0,0.4435484,0.0020161,0.2399194,0.1376812,0.8770161,0.0,0.7330317,0.0,0.0090498,0.0307018,0.0,1.0,0.0263158,0.0,0.0,11.028433383156079
825.0,0.5054545,0.0,0.1515152,0.1053922,0.8751515,0.0169697,0.75,0.0032051,0.0288462,0.1034483,0.0,0.9903846,0.2902299,0.1304348,0.5555556,10.288783966353765
824.0,0.5012136,0.0024272,0.1614078,0.1143552,0.8665049,0.0,0.7269939,0.006135,0.0460123,0.8164414,0.0030675,0.9815951,0.152027,0.0547945,0.75,11.461642696843066
1650.0,0.4836364,0.0006061,0.0448485,0.0446009,0.9454545,0.0,0.8615984,0.005848,0.0272904,0.0302457,0.0,0.9512671,0.2041588,0.1972789,0.125,10.571342565808699
178.0,0.5168539,0.0,0.1966292,0.127907,0.8707865,0.0,0.7142857,0.0,0.0142857,0.1566265,0.0,1.0,0.1807229,0.0909091,1.0,9.994287576862567
1555.0,0.4437299,0.0720257,0.2572347,0.2208092,0.8096463,0.0527331,0.6627713,0.0016694,0.0166945,0.1479374,0.0617696,0.9398998,0.3997155,0.130719,0.6111111,9.841665338892785
495.0,0.4222222,0.0,0.3212121,0.3041958,0.7131313,0.0141414,0.480315,0.0,0.011811,0.147651,0.0,0.992126,0.4865772,0.0666667,0.6666667,9.661479683575521
2271.0,0.4861295,0.0515192,0.1549978,0.1371037,0.8670189,0.0,0.6831228,0.0034443,0.0229621,0.0449561,0.0470723,0.989667,0.2817982,0.0714286,0.7222222,10.815790343132422
9753.0,0.4861068,0.0096381,0.1231416,0.0929769,0.9288424,0.0256331,0.8761199,0.0003089,0.0111214,0.0649913,0.0089589,0.9944393,0.0453495,0.0873786,0.1515152,11.688566422839942
1135.0,0.4669604,0.030837,0.0872247,0.0644628,0.8757709,0.0,0.7283105,0.0091324,0.0342466,0.0179372,0.0342466,0.9931507,0.2286996,0.0378788,0.25,11.1154434073529
41711.0,0.4746949,0.2957733,0.0934046,0.0751677,0.5768263,0.1780106,0.5474786,0.0041696,0.1696955,0.062334,0.2992684,0.8453308,0.5199911,0.1431229,0.4583333,11.467938559235831
1808.0,0.4701327,0.3473451,0.170354,0.1837161,0.8196903,0.0768805,0.7223975,0.0047319,0.0126183,0.1157601,0.3059937,0.9905363,0.3277545,0.0748299,0.625,9.83633227734872
1178.0,0.4584041,0.0,0.188455,0.19279,0.8047538,0.0186757,0.620155,0.005814,0.0155039,0.1962617,0.0,0.9883721,0.4299065,0.0852713,0.25,10.633472802314019
1446.0,0.4681881,0.0006916,0.1791148,0.1625488,0.8374827,0.0449516,0.7320755,0.0075472,0.0377358,0.0669014,0.0,0.9981132,0.2271127,0.0735294,0.0,10.63106031411106
439.0,0.476082,0.0045558,0.1617312,0.1173913,0.9020501,0.0,0.7515152,0.0,0.0121212,0.0350877,0.0,0.9939394,0.2105263,0.1090909,1.0,10.154285180632154
123.0,0.5365854,0.0,0.1788618,0.0877193,0.9186992,0.0,0.7826087,0.0,0.0,0.3783784,0.0,1.0,0.4054054,0.25,0.0,9.615805480084347
1248.0,0.4791667,0.0,0.1466346,0.1184615,0.8501603,0.0,0.6700611,0.01222,0.0305499,0.0611855,0.0,0.9613035,0.2543021,0.1,1.0,10.247112717290387
1196.0,0.5041806,0.0025084,0.1036789,0.0556492,0.8913043,0.0,0.7565012,0.0094563,0.0449173,0.2681661,0.0070922,0.9716312,0.3408304,0.125,0.8461538,10.736418414365376
19.0,0.4210526,0.0,0.3684211,0.0909091,0.8947368,0.0,0.8,0.0,0.0,0.4444444,0.0,1.0,0.0555556,0.0,0.0,11.959538914341756
541.0,0.4916821,0.0,0.1349353,0.1018182,0.8817006,0.0,0.745,0.01,0.045,0.0740741,0.0,0.995,0.2453704,0.0666667,0.4,10.073272520325904
659.0,0.4415781,0.0,0.1820941,0.1494565,0.8770865,0.0,0.7121771,0.0,0.0110701,0.1314103,0.0,1.0,0.3141026,0.1111111,1.0,10.173552856959743
239.0,0.4769874,0.0167364,0.2175732,0.2,0.8368201,0.0,0.6435644,0.0,0.029703,0.1652893,0.029703,0.980198,0.2809917,0.0892857,0.5,10.925956465688445
144.0,0.4930556,0.0,0.1666667,0.109589,0.9027778,0.0,0.7704918,0.0,0.0,0.0757576,0.0,1.0,0.1363636,0.0,1.0,9.841665338892785
449.0,0.4654788,0.0311804,0.1291759,0.0875,0.9042316,0.0,0.7757576,0.0060606,0.0242424,0.2105263,0.030303,0.9818182,0.3205742,0.1142857,1.0,10.537441898283253
6157.0,0.4792919,0.0422284,0.1490986,0.0907673,0.6607114,0.2085431,0.6663371,0.0014829,0.0474543,0.0434988,0.0286703,0.9950568,0.2293144,0.0288625,0.2142857,11.98168457011701
25.0,0.48,0.0,0.4,0.1538462,0.88,0.0,0.75,0.0,0.0,0.0769231,0.0,1.0,0.2307692,0.0,0.0,9.615805480084347
7949.0,0.4526356,0.5834696,0.1164926,0.1052632,0.9050195,0.0154736,0.7794574,0.0034884,0.0186047,0.090268,0.5124031,0.9872093,0.4002116,0.2019704,0.72,10.545367754151743
337.0,0.4896142,0.0059347,0.1513353,0.1046512,0.8664688,0.0,0.7122302,0.0,0.028777,0.0671141,0.0071942,1.0,0.261745,0.0454545,0.0,10.214678610538817
499.0,0.4609218,0.0,0.2084168,0.1895911,0.8537074,0.0,0.6869159,0.0,0.0233645,0.1607843,0.0,1.0,0.3215686,0.08,0.6666667,9.615805480084347
331.0,0.4833837,0.0,0.1480363,0.1169591,0.897281,0.0,0.751938,0.0,0.0155039,0.1041667,0.0,1.0,0.1736111,0.0769231,1.0,9.615805480084347
128.0,0.453125,0.0,0.2578125,0.1857143,0.8203125,0.0,0.6271186,0.0,0.0169492,0.2891566,0.0,1.0,0.2409639,0.25,1.0,9.615805480084347
3012.0,0.4800797,0.002324,0.1394422,0.0842912,0.8569057,0.0036521,0.7076526,0.0060189,0.0584695,0.0651125,0.0017197,0.950129,0.5088424,0.1025641,0.5,10.894904309600681
7983.0,0.4876613,0.008017,0.1342854,0.1141809,0.9027934,0.0,0.7645039,0.0010299,0.0264332,0.027379,0.0102987,0.9739101,0.290818,0.0769231,0.3461538,11.751950239425476
1452.0,0.4944904,0.0020661,0.1287879,0.099455,0.8595041,0.0,0.7081081,0.0036036,0.0558559,0.0228873,0.0018018,0.9981982,0.25,0.0254777,0.0,10.471666571132038
4423.0,0.492426,0.0029392,0.0592358,0.0405345,0.9149898,0.0038435,0.8131213,0.0053015,0.0390987,0.0394653,0.0033135,0.9927104,0.2507957,0.0762712,0.5625,10.862856930775358
415.0,0.460241,0.0024096,0.2506024,0.2410714,0.7614458,0.1325301,0.7101449,0.0,0.0289855,0.0547945,0.0,1.0,0.130137,0.16,0.75,9.913487387114461
469.0,0.4946695,0.0,0.1172708,0.1181435,0.8891258,0.0,0.7329545,0.0056818,0.0170455,0.0880829,0.0,1.0,0.2435233,0.16,1.0,10.2328272702548
197.0,0.5076142,0.0,0.2284264,0.1237113,0.8324873,0.0,0.6588235,0.0117647,0.0352941,0.1326531,0.0,1.0,0.2346939,0.0,1.0,9.615805480084347
2517.0,0.4509337,0.0007946,0.3571712,0.2402315,0.7441398,0.0826381,0.6177536,0.0,0.0117754,0.1238095,0.0009058,0.9981884,0.3047619,0.0902778,0.7272727,9.615805480084347
674.0,0.4643917,0.3694362,0.2284866,0.1828255,0.7982196,0.1038576,0.7297297,0.0045045,0.018018,0.1012146,0.3063063,0.990991,0.2712551,0.1666667,0.0,9.787009914477434
509.0,0.5500982,0.0019646,0.1218075,0.0786026,0.8447937,0.0707269,0.7908497,0.0196078,0.0392157,0.0254777,0.0065359,1.0,0.1273885,0.2580645,0.0,10.370392636243981
1847.0,0.4547916,0.0211153,0.1970763,0.16286,0.8630211,0.0,0.697318,0.0025543,0.0166028,0.0700713,0.0178799,0.9948914,0.3657957,0.0889831,0.5,9.76428295481558
3046.0,0.5101773,0.0019698,0.0728825,0.0495979,0.880499,0.0,0.738476,0.0159925,0.0555033,0.1357724,0.0028222,0.8852305,0.4292683,0.1597096,0.4705882,10.322230781590136
19987.0,0.4834142,0.4555961,0.0879572,0.0869734,0.9024866,0.0263671,0.831024,0.0057334,0.0377449,0.0155221,0.4134416,0.9824813,0.0793352,0.1673203,0.3529412,11.595435894542709
1274.0,0.4960754,0.0,0.1216641,0.0934579,0.810832,0.0259027,0.6560636,0.0,0.0616302,0.0598131,0.0,0.9960239,0.3383178,0.039823,0.0,10.85516473308054
1128.0,0.4946809,0.0008865,0.1524823,0.1140351,0.8882979,0.0,0.7315914,0.0023753,0.023753,0.3285486,0.0,0.5154394,0.4066986,0.2105263,1.0,9.642187721358466
2152.0,0.4800186,0.2007435,0.1296468,0.0848972,0.8884758,0.0046468,0.7650677,0.00246,0.0381304,0.0568445,0.1623616,0.9938499,0.4489559,0.1058824,0.6666667,10.410335274932896
775.0,0.4580645,0.0,0.196129,0.1690476,0.8683871,0.0,0.6938111,0.0,0.0260586,0.0611621,0.0,0.9967427,0.3761468,0.0895522,0.5,9.680406499268875
1452.0,0.4979339,0.0006887,0.112259,0.085048,0.9152893,0.0,0.7919708,0.0,0.0164234,0.0632479,0.0,0.9781022,0.2017094,0.0545455,0.5384615,10.318935994253193
105.0,0.5619048,0.0,0.1333333,0.0652174,0.9047619,0.0,0.7692308,0.0,0.025641,0.2641509,0.0,0.9230769,0.4528302,0.2666667,0.0,9.615805480084347
21325.0,0.4715123,0.0031887,0.1720516,0.1335404,0.7582649,0.0492849,0.6120145,0.0047425,0.0633469,0.0748015,0.0024842,0.9951445,0.4335562,0.0359375,0.6119403,11.05723491317159
443.0,0.4717833,0.0,0.227991,0.1324786,0.7832957,0.0,0.5867347,0.005102,0.0612245,0.2222222,0.0,1.0,0.4761905,0.0645161,1.0,10.192456296870509
1412.0,0.48017,0.2096317,0.1565156,0.1280654,0.8873938,0.0,0.7276051,0.0,0.0182815,0.0988468,0.1572212,0.9981718,0.3047776,0.1192053,0.5,10.318935994253193
17635.0,0.5030904,0.0018146,0.0449674,0.0434783,0.8662886,0.0155373,0.7282487,0.0054478,0.0512738,0.1182537,0.0014421,0.9743631,0.3272111,0.0782269,0.5815603,10.883710371704016
515.0,0.4368932,0.2563107,0.192233,0.1482759,0.815534,0.0,0.6136364,0.0045455,0.0318182,0.1056911,0.2545455,0.9818182,0.2398374,0.125,0.5,10.203629181337648
28086.0,0.4768568,0.0296233,0.147618,0.1076703,0.8779463,0.0017446,0.7291609,0.0025733,0.0328095,0.0270923,0.0345556,0.9795056,0.2837983,0.0337308,0.1428571,11.05881093278828
2439.0,0.4518245,0.0,0.2603526,0.197457,0.7933579,0.0459205,0.6510067,0.0057526,0.021093,0.1100683,0.0,0.9980825,0.4325939,0.0625,0.6666667,10.278527816830314
77.0,0.3766234,0.2077922,0.1298701,0.2083333,0.8181818,0.0,0.6060606,0.0,0.030303,0.1538462,0.1818182,1.0,0.2564103,0.0,0.0,10.451637862362272
779.0,0.4338896,0.0,0.3350449,0.2154195,0.732991,0.0,0.5235732,0.0,0.0272953,0.4626667,0.0,0.9975186,0.52,0.0214286,0.8333333,10.596659732783579
30771.0,0.4850996,0.0117643,0.1345098,0.1122191,0.8512236,0.0085795,0.6912929,0.0028034,0.0393305,0.0300704,0.0148417,0.9771603,0.3261356,0.0290939,0.3333333,10.757924157061597
1804.0,0.4695122,0.0,0.2350333,0.1703239,0.8658537,0.0,0.6925099,0.0,0.0105125,0.0581683,0.0,0.9986859,0.2487624,0.0896552,0.5555556,10.077482875583607
1446.0,0.4771784,0.0034578,0.1244813,0.1111111,0.8533887,0.0,0.7027027,0.0118243,0.0337838,0.0588235,0.0033784,0.9966216,0.3529412,0.0486111,0.125,10.382853468483827
9873.0,0.4981262,0.0043553,0.0883217,0.0508577,0.9636382,0.0,0.9088831,0.0009798,0.0192685,0.034374,0.0022861,0.988243,0.0280669,0.1467391,0.1851852,12.846085364109054
20319.0,0.5251735,0.0554653,0.0990698,0.0768035,0.805453,0.0566465,0.6953357,0.0074272,0.0809566,0.1001203,0.0470885,0.7942662,0.4717284,0.1854658,0.2641509,11.977294499661248
550.0,0.4272727,0.0036364,0.2163636,0.1968254,0.8090909,0.0,0.625,0.0080645,0.0403226,0.0915751,0.0040323,1.0,0.3150183,0.0625,1.0,10.440010162389305
2500.0,0.4912,0.0176,0.17,0.0935535,0.888,0.0,0.7608696,0.0039526,0.0306324,0.2215385,0.0177866,0.9901186,0.4561538,0.0896226,0.6,10.505094936455558
875.0,0.4834286,0.0,0.1771429,0.1504425,0.8342857,0.0,0.655914,0.0026882,0.0403226,0.3961039,0.0,0.9973118,0.3538961,0.0483871,0.8,10.460270761075149
6556.0,0.4516473,0.0193716,0.2130872,0.1738526,0.8133008,0.0053386,0.6193952,0.0010428,0.0285019,0.0619498,0.0118179,0.9972193,0.411477,0.0454545,0.5806452,10.114599007626499
4990.0,0.4655311,0.0044088,0.250501,0.1556055,0.792986,0.0102204,0.6141254,0.0023386,0.0570627,0.0956007,0.0037418,0.8779233,0.3697124,0.1084906,0.6923077,12.047668766996187
890.0,0.4988764,0.0,0.1460674,0.1008969,0.8955056,0.0,0.7657658,0.003003,0.027027,0.1024259,0.0,0.978979,0.2857143,0.15625,0.5,10.370392636243981
2887.0,0.4450987,0.0010391,0.2563214,0.1729089,0.8070662,0.0152407,0.6436421,0.0062794,0.032967,0.1936709,0.0007849,0.9968603,0.3765823,0.0462287,0.75,10.53212287826962
669.0,0.5082212,0.0089686,0.1285501,0.1033435,0.8624813,0.0,0.7076923,0.0038462,0.0538462,0.0334572,0.0076923,1.0,0.3011152,0.0833333,0.5,10.491301994830229
4279.0,0.4783828,0.1829867,0.1455948,0.1267921,0.8443562,0.0266417,0.718638,0.0029869,0.0406213,0.0817334,0.1786141,0.9958184,0.3093801,0.0700809,0.6666667,10.640675541671662
16849.0,0.5095851,0.0038578,0.0261143,0.0211787,0.9283044,0.0,0.843629,0.0068228,0.0497879,0.0197035,0.0038724,0.9933616,0.1498554,0.0683507,0.5686275,11.270866642542865
787.0,0.4993647,0.3189327,0.0800508,0.0888325,0.9021601,0.0,0.7509025,0.0,0.0288809,0.0918033,0.2707581,1.0,0.4163934,0.1041667,1.0,10.077482875583607
26184.0,0.4422548,0.3426138,0.199091,0.1730348,0.7825771,0.0521311,0.6323152,0.0028547,0.0349224,0.0864122,0.2925112,0.9966695,0.4074589,0.1008571,0.5576923,10.434145214930487
1916.0,0.4665971,0.0120042,0.3121086,0.1956947,0.6899791,0.0553236,0.5359116,0.0022099,0.0552486,0.4875425,0.0022099,0.9933702,0.2599094,0.0433213,0.8461538,11.904298410001253
483.0,0.4989648,0.0,0.1614907,0.0867769,0.9192547,0.0,0.8042328,0.0,0.010582,0.0257732,0.0,0.989418,0.0051546,0.0,0.0,11.548302261270587
584.0,0.5017123,0.0017123,0.1746575,0.1202749,0.8715753,0.0,0.7198276,0.0,0.0387931,0.0569106,0.0,1.0,0.1585366,0.0465116,0.6666667,10.106469212026385
538.0,0.4888476,0.0,0.1765799,0.12,0.8289963,0.0037175,0.6577778,0.0088889,0.0444444,0.0816327,0.0,0.9866667,0.4653061,0.0983607,1.0,10.254179634797001
1138.0,0.4622144,0.0096661,0.2425308,0.2320261,0.7478032,0.1344464,0.6960784,0.0,0.0196078,0.0810811,0.002451,1.0,0.4121622,0.0451128,1.0,10.165890277802454
8834.0,0.4612859,0.0012452,0.2390763,0.167262,0.8763867,0.0,0.7132983,0.0011059,0.0118883,0.0476567,0.0008294,0.9988941,0.2351237,0.0542299,0.5357143,10.831726617926124
311.0,0.437299,0.2154341,0.1575563,0.1657143,0.9003215,0.0,0.7520661,0.0,0.0082645,0.1037037,0.1818182,1.0,0.2888889,0.125,1.0,10.146472946063877
78.0,0.5128205,0.0,0.2435897,0.1578947,0.8333333,0.0,0.6363636,0.0,0.030303,0.0294118,0.0,1.0,0.2058824,0.0,0.0,9.792611856190192
213.0,0.5446009,0.0,0.084507,0.0824742,0.8403756,0.0,0.6506024,0.0,0.060241,0.2314815,0.0,1.0,0.5185185,0.1333333,0.6666667,10.268165387743457
111.0,0.4324324,0.0,0.2972973,0.1746032,0.9009009,0.0,0.75,0.0,0.0,0.0222222,0.0,0.9772727,0.2,0.125,0.0,9.615805480084347
8626.0,0.5003478,0.0184326,0.0864827,0.0640371,0.9320658,0.0033619,0.826968,0.0058457,0.0315666,0.0506844,0.0183164,0.6262666,0.3644099,0.3432099,0.3064516,11.549267037372665
2513.0,0.4667728,0.0027855,0.2132909,0.1723881,0.7918822,0.0159172,0.59045,0.0045914,0.0275482,0.107377,0.0018365,1.0,0.3147541,0.0448718,0.7,10.322230781590136
1097.0,0.5250684,0.4685506,0.1567912,0.168906,0.7566089,0.1485871,0.755618,0.0,0.0421348,0.0777202,0.4129213,0.994382,0.2642487,0.1515152,0.75,10.518700218288165
600.0,0.505,0.0,0.0766667,0.0841751,0.8983333,0.0,0.7437186,0.0,0.0201005,0.0386473,0.0,0.9899497,0.2801932,0.2790698,1.0,10.434145214930487
1922.0,0.4698231,0.0,0.2174818,0.1844946,0.8012487,0.0,0.5882353,0.0023068,0.0230681,0.1483301,0.0,0.9965398,0.3565815,0.0649819,0.48,9.942756341456828
288.0,0.4652778,0.1944444,0.1493056,0.1233766,0.8993056,0.0,0.7614679,0.0,0.0275229,0.0762712,0.146789,1.0,0.3220339,0.1875,0.3333333,10.177362240256695
6243.0,0.4813391,0.0115329,0.1135672,0.0926498,0.8734583,0.0,0.7356924,0.003495,0.0602883,0.0280255,0.0126693,0.9654871,0.2267516,0.0668486,0.1818182,11.914389245098882
1667.0,0.475105,0.0011998,0.1919616,0.1542857,0.8458308,0.055189,0.7504188,0.001675,0.0251256,0.0463259,0.0,0.9899497,0.2507987,0.0878378,0.6363636,10.77270764101727
13038.0,0.4581991,0.0140359,0.1429667,0.0979615,0.7117656,0.0117349,0.5424013,0.0025189,0.1172124,0.0299723,0.0089001,0.9778338,0.345496,0.0323359,0.3207547,12.695269034768275
4707.0,0.4671765,0.0004249,0.1151477,0.0861244,0.8997238,0.001912,0.7690172,0.0016657,0.0233204,0.0516061,0.0,0.9944475,0.2280147,0.0774487,0.1935484,10.652566005416872
15786.0,0.507665,0.0127328,0.0513113,0.0414308,0.9416572,0.0015837,0.8630385,0.0061224,0.0439909,0.0358548,0.0120181,0.8020408,0.1978575,0.299639,0.2093023,11.706030338921243
1037.0,0.4860174,0.0009643,0.0568949,0.0375235,0.8871745,0.0,0.7342466,0.0027397,0.0438356,0.0920398,0.0027397,0.4630137,0.318408,0.1149425,0.6666667,11.256754979390998
1557.0,0.5337187,0.0038536,0.0796403,0.0495868,0.9415543,0.0083494,0.861461,0.0075567,0.02267,0.0502392,0.0075567,0.3627204,0.6626794,0.3908046,1.0,10.39821428171237
1061.0,0.4731385,0.0546654,0.1121583,0.0840787,0.860509,0.0,0.7065728,0.0046948,0.0422535,0.0657895,0.0516432,0.9976526,0.3114035,0.0597826,0.8,11.08523008522044
430.0,0.4627907,0.0,0.2465116,0.2121212,0.8139535,0.0,0.6021505,0.0053763,0.016129,0.0461538,0.0,1.0,0.1897436,0.0285714,1.0,9.635673464721814
476.0,0.5084034,0.0,0.1533613,0.1111111,0.8928571,0.0,0.7403315,0.0055249,0.0110497,0.0858586,0.0,0.9944751,0.1818182,0.0434783,1.0,10.158168529848494
4372.0,0.4821592,0.0102928,0.2069991,0.1316254,0.8426349,0.0027447,0.6844469,0.0022459,0.048849,0.4033501,0.0067378,0.9876474,0.2137353,0.1083333,0.7464789,11.888625282853006
4153.0,0.4671322,0.0021671,0.2082832,0.141437,0.7117746,0.0353961,0.5484864,0.0056439,0.0718317,0.0647793,0.0010262,0.9271421,0.543666,0.0351328,0.5454545,11.300981463909618
36006.0,0.4850858,0.0062767,0.1403933,0.1068501,0.7410987,0.0704049,0.617494,0.0044298,0.0786809,0.093967,0.0035157,0.9938124,0.4493852,0.041009,0.6380952,11.405351390085748
977.0,0.7195496,0.19652,0.0644831,0.0985401,0.4790174,0.4503582,0.7055838,0.0101523,0.0406091,0.1004566,0.0050761,0.9137056,0.3287671,0.147541,0.6666667,10.192456296870509
380.0,0.5105263,0.0184211,0.1631579,0.0698925,0.8973684,0.0,0.7883212,0.0,0.0364964,0.154321,0.0145985,1.0,0.0987654,0.0714286,0.0,12.242409396366712
48.0,0.5416667,0.0,0.1041667,0.0,0.9166667,0.0,0.7777778,0.0,0.0,0.25,0.0,0.8888889,0.3333333,0.2,0.0,9.615805480084347
10026.0,0.4463395,0.454219,0.1582885,0.1610521,0.8520846,0.0258328,0.7027991,0.0035675,0.0293633,0.0687452,0.3959934,0.9939627,0.3723486,0.1301939,0.4680851,10.666650414667744
1515.0,0.490429,0.0039604,0.0924092,0.0647668,0.9207921,0.0,0.7950192,0.0019157,0.0210728,0.0628366,0.0019157,0.7164751,0.2800718,0.1355932,0.6363636,10.785207543360087
1163.0,0.5021496,0.0128977,0.1195185,0.0656304,0.9475494,0.0060189,0.8899522,0.0023923,0.0143541,0.0301624,0.0095694,0.9952153,0.0208817,0.0714286,0.8,11.31813853725963
3086.0,0.455606,0.0505509,0.1231367,0.1089286,0.5090732,0.3839922,0.6499356,0.001287,0.0566281,0.1269663,0.0514801,0.971686,0.4033708,0.0923077,0.3333333,10.866680954096502
739.0,0.5047361,0.0,0.1244926,0.0928962,0.8809202,0.0,0.7142857,0.0,0.0413534,0.0567376,0.0,0.9962406,0.2446809,0.15625,0.1666667,10.27163147557801
3768.0,0.5031847,0.0031847,0.0525478,0.0224359,0.962845,0.0,0.8917794,0.0020812,0.0260146,0.0243655,0.0041623,0.9927159,0.1248731,0.2239583,0.4444444,11.103467395592086
338.0,0.4585799,0.0,0.2573964,0.2404372,0.8136095,0.0,0.6013072,0.0,0.0130719,0.1639344,0.0,0.9934641,0.3278689,0.0789474,1.0,9.615805480084347
26840.0,0.4926602,0.0027943,0.1165797,0.084747,0.9014158,0.0087556,0.7913823,0.0025466,0.0294387,0.0225032,0.0019354,0.9959254,0.1827143,0.0514486,0.4807692,11.234546649377918
5027.0,0.4819972,0.0035807,0.1360652,0.0994624,0.8374776,0.0113388,0.6755906,0.0120735,0.0530184,0.0320122,0.0026247,0.9238845,0.492378,0.1089808,0.6363636,11.098939154318382
1541.0,0.4899416,0.0019468,0.0856587,0.0572519,0.9493835,0.0,0.8685714,0.0,0.0152381,0.0471869,0.0019048,0.9885714,0.0381125,0.0,0.1111111,12.277001641517879
1559.0,0.4951892,0.0006414,0.1173829,0.0800508,0.8973701,0.0,0.7802385,0.0068143,0.0408859,0.0167504,0.0017036,0.9965928,0.2194305,0.0516129,0.0,11.03973275601109
610.0,0.5114754,0.0,0.1065574,0.0637584,0.895082,0.0,0.760181,0.0,0.0452489,0.0264317,0.0,0.9954751,0.2951542,0.0810811,0.0,10.659633006160352
5433.0,0.475612,0.0001841,0.1722805,0.1260091,0.8814651,0.0,0.713615,0.0014085,0.0140845,0.0322581,0.0,0.9953052,0.1871876,0.0396825,0.4444444,11.282266241614355
2909.0,0.4575455,0.0003438,0.3179787,0.2325729,0.7507735,0.0756274,0.605542,0.00163,0.0130399,0.1037253,0.0,1.0,0.3411249,0.0493827,0.6666667,10.056251557087757
2210.0,0.4755656,0.0,0.1108597,0.1035375,0.8936652,0.0,0.7420925,0.0036496,0.0243309,0.0659091,0.0,1.0,0.3034091,0.1130435,0.5,10.49684202174171
9670.0,0.4554292,0.3422958,0.2259566,0.1726168,0.817787,0.0337125,0.6698337,0.0031671,0.0390604,0.1053129,0.3037741,0.9717604,0.5053129,0.1083744,0.52,10.545367754151743
6127.0,0.4628693,0.0127305,0.162396,0.1327864,0.8622491,0.0,0.6988048,0.0031873,0.0270916,0.0644801,0.010757,0.9984064,0.2910921,0.0610212,0.6315789,10.211009016314167
511.0,0.4794521,0.0,0.0450098,0.0338346,0.9354207,0.0,0.845679,0.0061728,0.037037,0.0181818,0.0,0.9876543,0.1454545,0.0952381,1.0,10.659633006160352
2350.0,0.5055319,0.0595745,0.1034043,0.0688468,0.9293617,0.0,0.8292383,0.004914,0.019656,0.2815534,0.0454545,0.9422604,0.09797,0.1810345,0.6666667,10.70101727068921
869.0,0.3970081,0.0126582,0.4027618,0.3530534,0.6444189,0.2543153,0.6895307,0.0,0.0072202,0.0704698,0.0,0.9963899,0.3020134,0.0684932,0.5,10.118639253920785
218.0,0.4724771,0.0,0.1880734,0.0695652,0.9082569,0.0,0.7840909,0.0,0.0113636,0.2280702,0.0,0.9545455,0.3947368,0.2,0.75,9.615805480084347
15576.0,0.4679635,0.007961,0.1506805,0.1233257,0.8498973,0.0184258,0.7082853,0.0056004,0.0334377,0.0490288,0.00873,0.9967056,0.329104,0.0809674,0.402439,10.376642461280849
30872.0,0.4738922,0.2247344,0.108383,0.0948159,0.6145051,0.1419085,0.5383867,0.0034495,0.153989,0.0772872,0.2166106,0.9635592,0.5035502,0.0625759,0.5258621,10.524090921620362
556.0,0.4946043,0.0017986,0.0989209,0.0462633,0.8794964,0.0,0.7562189,0.0099502,0.0597015,0.0289855,0.0,0.9751244,0.3816425,0.1607143,0.0,10.542732775946709
881.0,0.5062429,0.0045403,0.1169126,0.1126437,0.8558456,0.0034052,0.6786787,0.006006,0.039039,0.1461538,0.0,0.993994,0.4153846,0.1415929,0.8333333,10.043292972227004
31499.0,0.4827455,0.005397,0.1554335,0.1117044,0.8136131,0.0207308,0.6584854,0.007068,0.0496311,0.04211,0.0048155,0.9861748,0.3983335,0.0728789,0.3466667,10.742918838113225
3656.0,0.5054705,0.0071116,0.0506018,0.0248894,0.9592451,0.0,0.8938053,0.0026549,0.020354,0.0283749,0.0079646,0.9654867,0.0730868,0.1692308,0.3571429,10.961295207644392
311.0,0.4758842,0.0,0.1864952,0.1533742,0.829582,0.0,0.619403,0.0,0.0149254,0.124183,0.0,1.0,0.3529412,0.0,1.0,9.615805480084347
4227.0,0.4714928,0.0026023,0.1719896,0.1311549,0.8601845,0.0,0.7002985,0.0,0.041791,0.041762,0.0023881,0.9802985,0.2843249,0.0528109,0.4,11.875490030985144
591.0,0.4839255,0.0,0.1049069,0.0327869,0.9170897,0.0,0.8365385,0.0096154,0.0480769,0.0234742,0.0,0.9855769,0.2253521,0.0384615,0.0,11.455306945297822
110.0,0.4636364,0.0,0.0909091,0.1186441,0.9454545,0.0,0.8181818,0.0,0.0,0.0,0.0,0.969697,0.1212121,0.25,0.0,10.657282884047461
109.0,0.587156,0.0,0.0733945,0.1111111,0.8256881,0.0,0.6,0.025,0.05,0.0697674,0.0,0.975,0.8837209,0.0,0.0,9.615805480084347
250.0,0.444,0.0,0.192,0.1582734,0.904,0.0,0.7419355,0.0,0.0,0.2377049,0.0,0.9892473,0.1967213,0.0,1.0,10.410335274932896
539.0,0.5046382,0.0092764,0.1280148,0.1123596,0.8237477,0.0,0.6531532,0.0135135,0.0540541,0.0347826,0.0,0.9864865,0.2869565,0.0422535,0.0,10.896757843893464
5016.0,0.4690989,0.0452552,0.1078549,0.0837401,0.8819777,0.0,0.7414562,0.0004953,0.030213,0.0413105,0.0416048,0.9886082,0.2041785,0.048474,0.3,11.07753193632009
346.0,0.5057803,0.0028902,0.2514451,0.0877193,0.783237,0.0,0.6256983,0.0055866,0.0335196,0.8206413,0.0055866,0.9944134,0.3326653,0.0232558,0.28125,11.516927446349527
282.0,0.5319149,0.0,0.0673759,0.0454545,0.9113475,0.0,0.78125,0.0,0.0416667,0.04,0.0,0.96875,0.11,0.3333333,0.0,10.43708198835482
156.0,0.4679487,0.1474359,0.275641,0.1566265,0.8653846,0.0,0.6769231,0.0,0.0,0.2073171,0.1384615,1.0,0.304878,0.0,0.0,10.50783084142058
4410.0,0.4492063,0.7376417,0.1326531,0.1309181,0.8721088,0.0122449,0.7088123,0.0057471,0.0249042,0.0777385,0.6756066,0.9974457,0.3027091,0.1545293,0.6,10.146472946063877
4734.0,0.4727503,0.0040135,0.1007605,0.0981571,0.8795944,0.016899,0.7539016,0.0048019,0.0414166,0.0285714,0.0048019,0.9981993,0.2886297,0.0552632,0.0,10.981914140544825
148.0,0.5337838,0.0,0.2162162,0.1884058,0.7837838,0.0,0.6056338,0.0,0.056338,0.3238095,0.0,1.0,0.4380952,0.0,1.0,9.615805480084347
22951.0,0.4984097,0.0291926,0.2804671,0.1228284,0.776001,0.0364254,0.6682763,0.0056174,0.0749975,0.3068516,0.0152755,0.9423475,0.5085047,0.0728247,0.4851064,11.150534214035387
1352.0,0.4889053,0.0007396,0.2818047,0.1808973,0.7899408,0.0,0.6117103,0.0015408,0.0385208,0.6885797,0.0015408,0.9799692,0.371881,0.0470588,0.9224138,11.98854454800156
448.0,0.5,0.0,0.15625,0.1294643,0.8504464,0.0,0.6861702,0.0053191,0.037234,0.0873786,0.0,0.9680851,0.407767,0.0597015,1.0,10.192456296870509
4310.0,0.4716937,0.0023202,0.1828306,0.1291173,0.8733179,0.0278422,0.7614852,0.0012587,0.0239144,0.0257511,0.0,0.9968534,0.1134273,0.1191336,1.0,10.463131911491967
1840.0,0.4831522,0.0043478,0.2,0.1230284,0.8646739,0.0271739,0.7434641,0.003268,0.0473856,0.0407524,0.0065359,0.9558824,0.460815,0.1550633,0.6666667,11.581527593460411
9126.0,0.4970414,0.0032873,0.0794433,0.0568627,0.7911462,0.0527066,0.6758906,0.0057252,0.101145,0.1591335,0.0041349,0.9287532,0.6616742,0.1265823,0.0833333,11.729656499978892
4280.0,0.478271,0.1079439,0.1507009,0.1083744,0.8254673,0.0228972,0.6685049,0.0061275,0.0496324,0.0684932,0.0906863,0.9810049,0.3133562,0.0889571,0.8461538,10.499600568082863
4295.0,0.3636787,0.0277066,0.6854482,0.4394438,0.6037253,0.019092,0.4028614,0.0,0.0128012,0.1271771,0.0120482,0.9823042,0.7748932,0.0283019,0.6842105,10.872389709681492
574283.0,0.4805505,0.2558756,0.1148389,0.0946093,0.6677823,0.0572,0.5074191,0.0023067,0.1371113,0.0892878,0.2192862,0.9194184,0.5488374,0.0833967,0.5386625,11.785247676408115
1216.0,0.4564145,0.0205592,0.2738487,0.2057489,0.7105263,0.1546053,0.6517647,0.0070588,0.0305882,0.0899358,0.0117647,1.0,0.2912206,0.0529412,0.5,10.425282789490705
441.0,0.4761905,0.0022676,0.2086168,0.1471861,0.8707483,0.0,0.6989247,0.0,0.0053763,0.2677165,0.0,0.9731183,0.2480315,0.0769231,1.0,10.021315031649332
547.0,0.4808044,0.2468007,0.1279707,0.1126761,0.8555759,0.0,0.6869159,0.0140187,0.0420561,0.1229508,0.182243,1.0,0.3114754,0.1034483,1.0,10.434145214930487
236.0,0.4745763,0.0,0.190678,0.0887097,0.9237288,0.0,0.7977528,0.0,0.0,0.2327586,0.0,1.0,0.2931034,0.0555556,1.0,9.615805480084347
566.0,0.4664311,0.0123675,0.1484099,0.0993377,0.8727915,0.0,0.7323944,0.0093897,0.0516432,0.0575221,0.0093897,0.9812207,0.2522124,0.0508475,0.0,10.385944565501662
317.0,0.4858044,0.0,0.2902208,0.2269939,0.8012618,0.0,0.5890411,0.0,0.0205479,0.1411765,0.0,1.0,0.3294118,0.0714286,0.875,9.615805480084347
1515.0,0.4844884,0.0112211,0.139934,0.0832266,0.8838284,0.0125413,0.7797513,0.0106572,0.0373002,0.0948553,0.008881,0.973357,0.2797428,0.0853659,0.375,10.753659849198824
912.0,0.4890351,0.0010965,0.1666667,0.1158798,0.8300439,0.0,0.6763926,0.0079576,0.0636605,0.0668317,0.0,0.994695,0.1806931,0.0510204,0.2857143,11.477308649967686
2988.0,0.4698795,0.2392905,0.1777108,0.1306818,0.8955823,0.0046854,0.7616126,0.0026293,0.0184049,0.2098338,0.2147239,0.9842244,0.4536011,0.202381,0.4814815,10.32551474894327
120.0,0.4833333,0.0,0.1833333,0.0322581,0.9166667,0.0,0.8333333,0.0,0.047619,0.125,0.0,1.0,0.1458333,0.0,0.5,9.985113621416073
2085.0,0.4551559,0.0004796,0.2623501,0.2191901,0.7947242,0.0431655,0.6417234,0.0034014,0.0147392,0.0897833,0.0,0.9977324,0.2332301,0.0756757,0.5,10.056251557087757
57.0,0.4385965,0.0,0.245614,0.28125,0.8245614,0.0,0.5833333,0.0,0.0,0.4893617,0.0,1.0,0.2765957,0.0,1.0,9.90353755128617
3118.0,0.4438743,0.0003207,0.1921103,0.1430219,0.7921745,0.0,0.5994532,0.0020506,0.038961,0.0304838,0.0,0.9972659,0.2100729,0.0123023,0.5,11.421917019425596
431.0,0.5011601,0.0023202,0.0765661,0.0837209,0.9164733,0.0,0.8066667,0.0133333,0.0333333,0.068323,0.0066667,1.0,0.1242236,0.1818182,1.0,10.623787731088578
3450.0,0.4695652,0.0243478,0.2014493,0.1486339,0.8202899,0.0037681,0.6434426,0.0047814,0.045082,0.0518135,0.0150273,0.9863388,0.3931347,0.0729295,0.5,11.661354090741
17592.0,0.476694,0.0006821,0.170191,0.1313274,0.8136653,0.0228513,0.6451796,0.0022718,0.0431634,0.0770541,0.000426,0.9978702,0.3759665,0.0572325,0.3076923,10.502351525774941
1126.0,0.4609236,0.0,0.2735346,0.1812191,0.7833037,0.0044405,0.6026616,0.0038023,0.0456274,0.0739437,0.0,0.9714829,0.5915493,0.0519481,0.6666667,10.65492722584759
1001.0,0.4785215,0.1678322,0.1538462,0.1168582,0.8741259,0.0,0.7,0.0026316,0.0263158,0.1498881,0.1631579,0.8710526,0.2997763,0.127451,0.75,10.16203685698089
19460.0,0.4496917,0.5033916,0.1774409,0.1473527,0.8410586,0.0201953,0.6749347,0.0018277,0.0210183,0.1154734,0.4634465,0.9951697,0.3190531,0.1113424,0.5424837,10.348205424565993
771.0,0.4811933,0.0051881,0.1348898,0.1175,0.8352789,0.0285344,0.693662,0.0140845,0.0387324,0.0688525,0.0,0.9964789,0.2885246,0.09375,0.8333333,10.442929787247998
220.0,0.4954545,0.5181818,0.1909091,0.1621622,0.9090909,0.0,0.75,0.0,0.0131579,0.0952381,0.4473684,1.0,0.2142857,0.1176471,0.0,9.883335864325275
113313.0,0.4778093,0.0179238,0.1630175,0.1023136,0.7879414,0.0144467,0.6338059,0.0061696,0.091472,0.042283,0.0134112,0.9405575,0.3768177,0.0922166,0.1901042,11.97603664577121
3961.0,0.4377682,0.0855844,0.1699066,0.1629996,0.849028,0.0340823,0.7114997,0.0020175,0.0181574,0.1004235,0.0773369,0.9804976,0.4277072,0.1401869,0.7222222,9.792611856190192
5937.0,0.4613441,0.0006737,0.5405087,0.1785491,0.7936668,0.0,0.6655364,0.0006165,0.040074,0.540965,0.0003083,0.9950678,0.5229942,0.0094563,0.3870968,11.841516728140565
312.0,0.4583333,0.0,0.0160256,0.0473373,0.9807692,0.0,0.915493,0.0,0.0,0.183908,0.0,1.0,0.3678161,0.5,1.0,9.615805480084347
313.0,0.456869,0.9808307,0.1182109,0.1117647,0.8945687,0.0,0.6808511,0.0,0.0319149,0.1376147,0.9787234,1.0,0.2477064,0.3125,1.0,9.615805480084347
2241.0,0.4631861,0.0008925,0.2449799,0.2061513,0.8023204,0.0258813,0.6197917,0.0010417,0.0177083,0.1343553,0.0,0.9989583,0.3246168,0.0449438,0.7142857,10.360944044643913
12727.0,0.4700244,0.0011,0.1796967,0.1401038,0.7627092,0.0634085,0.621913,0.003528,0.0464524,0.0442113,0.001372,0.997452,0.3671787,0.0446981,0.5263158,10.434145214930487
4.0,0.5,0.0,0.0,0.0,0.5,0.0,0.5,0.0,0.5,0.6,0.0,0.5,0.6,0.0,0.0,0.0
675.0,0.4533333,0.0059259,0.1096296,0.0867209,0.8874074,0.0,0.7509294,0.0037175,0.0260223,0.0627178,0.0037175,1.0,0.2926829,0.0,0.0,10.594156665220533
282.0,0.5567376,0.0,0.1241135,0.064,0.9503546,0.0,0.8414634,0.0,0.0121951,0.2743363,0.0,1.0,0.1769912,0.25,1.0,10.666650414667744
1072.0,0.4850746,0.068097,0.130597,0.0851449,0.6660448,0.0,0.4758621,0.0017241,0.0862069,0.3763441,0.0534483,0.9931034,0.5322581,0.0121065,0.0,11.170449240431308
2862.0,0.5506639,0.022362,0.0747729,0.0746501,0.7638015,0.0988819,0.6878252,0.0176899,0.069719,0.0777351,0.0020812,0.9583767,0.4174664,0.1113689,0.1428571,10.63106031411106
10.0,0.6,0.0,0.5,0.0,0.8,0.0,0.6666667,0.0,0.0,0.25,0.0,1.0,0.375,0.0,0.0,9.615805480084347
2863.0,0.4488299,0.0003493,0.2871114,0.2382763,0.7383863,0.0495983,0.5624013,0.0039494,0.0315956,0.1140658,0.0,0.9984202,0.4835549,0.0391061,0.4782609,10.207325906555994
541.0,0.4768946,0.0,0.1700555,0.0777385,0.8373383,0.0,0.6651584,0.0,0.0633484,0.0867769,0.0,0.9909502,0.2975207,0.0769231,0.5,11.278480795900865
241.0,0.473029,0.0,0.3526971,0.2125984,0.8298755,0.0,0.6465517,0.0,0.0,0.1714286,0.0,1.0,0.2571429,0.0526316,0.6666667,9.615805480084347
547.0,0.5009141,0.0109689,0.1115174,0.0879121,0.9414991,0.0,0.8248588,0.0,0.0056497,0.1650943,0.0112994,0.4915254,0.3773585,0.2972973,1.0,9.87822102528824
1726.0,0.4611819,0.0005794,0.1512167,0.1666667,0.8800695,0.0,0.7155689,0.002994,0.0179641,0.0578279,0.0,1.0,0.3497884,0.0530973,0.375,10.181157167204903
12743.0,0.5022365,0.0023542,0.1194381,0.100268,0.8917052,0.0290355,0.7931958,0.0050897,0.0275917,0.0268509,0.0010715,0.5322797,0.4298749,0.2782895,0.5882353,10.885584751364705
2609.0,0.4683787,0.0003833,0.1816788,0.1593367,0.8194711,0.0118819,0.6502283,0.0073059,0.0401826,0.0664962,0.0009132,0.996347,0.3768116,0.0730994,0.6666667,10.354595018522993
1986.0,0.4556898,0.001007,0.2421954,0.1813136,0.8106747,0.0684794,0.7085492,0.003886,0.0194301,0.0539216,0.0,0.9974093,0.2401961,0.0645161,0.6666667,10.31231367277647
261.0,0.4636015,0.0,0.6360153,0.1928571,0.7662835,0.0,0.6242038,0.0,0.0127389,0.6762887,0.0,0.9936306,0.6762887,0.0,0.2222222,11.174665631549477
63221.0,0.4730707,0.0030211,0.1793866,0.1333714,0.7985638,0.016387,0.6280927,0.0029854,0.0546703,0.0256345,0.0019032,0.9892898,0.3893899,0.0317125,0.2345679,10.887455624298198
2072.0,0.4686293,0.3291506,0.1800193,0.181653,0.8262548,0.0130309,0.6393443,0.0058548,0.0210773,0.0943796,0.2985948,0.998829,0.3753977,0.1063218,0.7857143,9.893487720457795
4872.0,0.5067734,0.0024631,0.0603448,0.0503537,0.9326765,0.0127258,0.860625,0.0025,0.0225,0.0349819,0.001875,0.996875,0.2364294,0.1129412,0.0,10.821796246953596
4587.0,0.4599956,0.0610421,0.2158273,0.1792491,0.8179638,0.0433835,0.6912243,0.0027086,0.0314193,0.0829608,0.0492958,0.9978332,0.249379,0.0501792,0.4782609,10.811766273800105
796.0,0.5125628,0.0,0.0603015,0.0412371,0.9070352,0.0,0.7821429,0.0035714,0.0392857,0.0175439,0.0,0.9964286,0.2280702,0.0657895,1.0,10.725489582719506
21947.0,0.4782886,0.1001959,0.1524126,0.1310044,0.7553196,0.0442885,0.6049097,0.0069353,0.0690225,0.0738173,0.0821224,0.9924042,0.3682708,0.0691254,0.3064516,11.101960259016467
657.0,0.5129376,0.0,0.1613394,0.096875,0.913242,0.0,0.7826087,0.0,0.0079051,0.0416667,0.0,1.0,0.1780303,0.03125,1.0,10.31231367277647
472.0,0.4809322,0.0,0.0762712,0.044898,0.9110169,0.0,0.8089172,0.0127389,0.0509554,0.0426829,0.0,1.0,0.1585366,0.1190476,1.0,10.422311107413181
1165.0,0.4652361,0.0008584,0.1424893,0.1011236,0.8849785,0.0,0.7352941,0.0067873,0.0294118,0.0675105,0.0,0.9909502,0.2995781,0.1111111,0.0,10.36410350510914
11732.0,0.5130413,0.0023866,0.0385271,0.0246806,0.9122912,0.0013638,0.81499,0.002739,0.0537849,0.0548364,0.002739,0.9935259,0.1494469,0.037415,0.3809524,11.503894811084523
25089.0,0.4759855,0.0204472,0.1503049,0.0993383,0.7694209,0.0132727,0.5998908,0.0055495,0.0798763,0.0337553,0.0191958,0.9711608,0.4302918,0.0420588,0.2619048,11.338583982516495
1642.0,0.4628502,0.001827,0.2308161,0.1507937,0.8453106,0.0,0.6859624,0.0086831,0.0361795,0.0455801,0.0014472,0.9884226,0.230663,0.0518519,1.0,11.091346218718432
409.0,0.5036675,0.0,0.1662592,0.0837438,0.8875306,0.0,0.7272727,0.0064935,0.0194805,0.0994152,0.0,1.0,0.1988304,0.1304348,0.3333333,10.090008612393838
1530.0,0.4928105,0.0,0.2163399,0.1378866,0.7986928,0.0673203,0.6883562,0.0017123,0.0325342,0.0473083,0.0,0.9965753,0.2137031,0.057971,0.2,10.278527816830314
196.0,0.505102,0.0,0.4030612,0.2886598,0.7857143,0.0,0.5757576,0.0,0.0,0.2142857,0.0,1.0,0.3174603,0.0909091,0.0,9.615805480084347
1626.0,0.4243542,0.0664207,0.3118081,0.2724359,0.7509225,0.1051661,0.6461295,0.0015798,0.014218,0.1638045,0.0647709,0.985782,0.3963012,0.1179245,0.6842105,10.118639253920785
23451.0,0.5100422,0.4294486,0.0560317,0.0602263,0.8557844,0.0179523,0.6755357,0.004027,0.0726305,0.0541423,0.4711635,0.7658565,0.6498436,0.2205774,0.5846154,11.769124610238766
459.0,0.4640523,0.0,0.1285403,0.1382114,0.9019608,0.0,0.7616279,0.0,0.0232558,0.0899471,0.0,0.994186,0.1798942,0.16,1.0,10.056251557087757
1450.0,0.4696552,0.3896552,0.1158621,0.1014304,0.88,0.0,0.721374,0.0057252,0.0419847,0.1310116,0.3778626,0.9961832,0.384743,0.1629213,0.5,10.31231367277647
1068.0,0.4616105,0.082397,0.1685393,0.1217391,0.8960674,0.0,0.7402913,0.0,0.0097087,0.0741573,0.0728155,0.9951456,0.3438202,0.1166667,0.8333333,10.221977646629885
8971.0,0.4789878,0.0172779,0.1015494,0.0665383,0.7641289,0.0,0.5843157,0.0025628,0.1055869,0.0438618,0.0151205,0.9912865,0.4913012,0.0135048,0.4090909,11.314486721293981
846.0,0.5260047,0.0,0.1347518,0.0947631,0.8014184,0.0,0.625,0.0096154,0.0929487,0.1875,0.0,0.9519231,0.4088542,0.1349206,0.8571429,10.518700218288165
141.0,0.5035461,0.0,0.141844,0.1857143,0.8368794,0.0,0.6101695,0.0,0.0,0.1805556,0.0,1.0,0.3611111,0.15,0.0,9.867912187022208
2456.0,0.4833062,0.0158795,0.105456,0.0567376,0.8973941,0.0,0.7823661,0.0033482,0.0535714,0.0386266,0.0100446,0.9854911,0.3240343,0.0965517,0.5555556,10.65492722584759
541.0,0.4731978,0.3955638,0.1460259,0.122807,0.9038817,0.0,0.7419355,0.0053763,0.016129,0.0970874,0.327957,0.9731183,0.2961165,0.1875,0.7142857,9.615805480084347
2925.0,0.485812,0.0017094,0.1364103,0.0897606,0.8618803,0.0,0.7217538,0.0042159,0.0539629,0.1298606,0.0008432,0.9620573,0.352898,0.0931174,0.5,11.588969419043872
26540.0,0.6573097,0.0685381,0.1301809,0.1062122,0.4977016,0.3715524,0.6324553,0.0012283,0.0831172,0.1987972,0.0069606,0.9503207,0.4143248,0.0684556,0.2598425,12.729323752253295
1388.0,0.4654179,0.0028818,0.1520173,0.1603774,0.8623919,0.0396254,0.7515275,0.0020367,0.0224033,0.0974265,0.0020367,0.9185336,0.2794118,0.1491228,0.0,10.568775236216993
835.0,0.5101796,0.0023952,0.0203593,0.0171149,0.9473054,0.0,0.8795181,0.0040161,0.0481928,0.1443299,0.0080321,0.9598394,0.1443299,0.2571429,0.8,10.460270761075149
1107.0,0.464318,0.00271,0.2339657,0.143339,0.8608853,0.0243902,0.7115385,0.0024038,0.0096154,0.2030651,0.0,0.9831731,0.3045977,0.0921053,0.8461538,9.99884318585288
6264.0,0.451788,0.0003193,0.2407407,0.1668608,0.7913474,0.0309706,0.6343888,0.0051546,0.0346097,0.0669873,0.0003682,0.9952135,0.2779114,0.0408163,0.6,10.25769445336048
1906.0,0.4622246,0.0078699,0.1998951,0.182439,0.7917104,0.0362015,0.6205534,0.002635,0.0434783,0.08,0.0105402,0.9934124,0.2824242,0.0384615,0.5,10.987003123724813
80.0,0.4,0.0,0.325,0.2916667,0.75,0.0,0.55,0.0,0.05,0.1836735,0.0,1.0,0.3673469,0.0,1.0,9.615805480084347
476.0,0.4726891,0.0,0.0714286,0.0876494,0.9663866,0.0,0.8717949,0.0,0.008547,0.1642857,0.0,0.991453,0.4142857,0.4,1.0,9.99884318585288
4425.0,0.4858757,0.0088136,0.1077966,0.0923077,0.8623729,0.0131073,0.7219215,0.0067659,0.0514208,0.0396361,0.0094723,0.8308525,0.3723197,0.2003745,0.1428571,10.499600568082863
310.0,0.483871,0.0,0.2645161,0.125,0.8967742,0.0,0.7438017,0.0,0.0082645,0.1037037,0.0,1.0,0.237037,0.1,0.25,10.25769445336048
1133.0,0.4721977,0.0008826,0.2418358,0.1973244,0.8111209,0.0538394,0.6835165,0.0021978,0.0131868,0.1447368,0.0021978,0.9934066,0.4229323,0.0992908,1.0,9.615805480084347
9454.0,0.4763063,0.1719907,0.1061984,0.0850333,0.8890417,0.0044426,0.7542135,0.0016854,0.030618,0.0486371,0.1370787,0.994382,0.1686264,0.063197,0.1290323,10.920546270529568
100.0,0.43,0.0,0.37,0.2105263,0.76,0.0,0.5306122,0.0,0.0204082,0.2575758,0.0,0.9387755,0.3030303,0.2,1.0,9.615805480084347
2602.0,0.4592621,0.0042275,0.2694081,0.1535181,0.829362,0.0265181,0.7045245,0.0027701,0.0461681,0.0829805,0.0009234,0.9704524,0.442845,0.0935829,0.2,11.371373421319406
16901.0,0.4689072,0.1799302,0.1531862,0.1495098,0.849713,0.0273948,0.7060943,0.0006004,0.0151606,0.0837574,0.1532573,0.9963975,0.3166002,0.0682649,0.3506494,10.664316745782925
1554.0,0.472973,0.001287,0.1743887,0.1452991,0.8803089,0.0,0.7241379,0.0,0.0125392,0.0753623,0.0015674,0.9952978,0.2666667,0.0935673,0.5789474,10.254179634797001
1699.0,0.4626251,0.2065921,0.1718658,0.1599124,0.8746321,0.0288405,0.7354949,0.003413,0.0102389,0.1227545,0.1723549,0.9453925,0.251497,0.1854839,0.6,10.39516093745751
3523.0,0.4938972,0.3678683,0.1038887,0.0936624,0.9242123,0.0002838,0.7980514,0.0053144,0.0230292,0.1039683,0.3144376,0.9902569,0.334127,0.2049689,0.3478261,10.367253014814716
159.0,0.4779874,0.0,0.2830189,0.1325301,0.8679245,0.0,0.7222222,0.0,0.0138889,0.1529412,0.0,1.0,0.1529412,0.0,1.0,9.615805480084347
1183.0,0.5147929,0.0135249,0.2155537,0.1324042,0.8038884,0.0617075,0.6643836,0.0,0.0251142,0.1813084,0.0251142,0.7442922,0.7719626,0.1644737,0.25,10.221977646629885
8594.0,0.4998836,0.0066325,0.0842448,0.0523499,0.8764254,0.0,0.7507127,0.0076022,0.063668,0.5206499,0.0063351,0.9433006,0.4228667,0.1466822,0.2795031,11.38054769238444
263.0,0.5475285,0.0,0.1673004,0.1428571,0.8403042,0.0152091,0.6415094,0.0,0.0,0.1311475,0.0,1.0,0.3442623,0.0952381,0.75,9.615805480084347
267.0,0.494382,0.0,0.2284644,0.2,0.7865169,0.0,0.559322,0.0084746,0.0254237,0.1449275,0.0,1.0,0.3043478,0.0869565,0.0,9.615805480084347
22027.0,0.4838153,0.0483044,0.0976983,0.0766931,0.9054342,0.0,0.796696,0.0027734,0.039672,0.0371531,0.0441336,0.9946943,0.1376988,0.0459219,0.4081633,11.243751064074187
620.0,0.4451613,0.1435484,0.2096774,0.1773256,0.8774194,0.0,0.7095436,0.0041494,0.0207469,0.1939799,0.153527,0.9958506,0.187291,0.1206897,1.0,9.615805480084347
26266.0,0.4972969,0.0089089,0.0959415,0.065359,0.877903,0.0057869,0.7588154,0.0078832,0.0602962,0.0346565,0.007031,0.9546181,0.2262443,0.1021583,0.1111111,11.61549107852535
706.0,0.4475921,0.131728,0.2053824,0.1820513,0.8597734,0.0,0.6666667,0.0034722,0.0069444,0.1028037,0.1145833,0.9965278,0.3489097,0.0930233,1.0,9.69898173460629
429433.0,0.504584,0.1368339,0.1081962,0.088438,0.7663081,0.0331064,0.5907407,0.004768,0.1009844,0.0669824,0.1271898,0.8441076,0.617074,0.1524644,0.2604074,12.035883196198768
14736.0,0.4910423,0.0209691,0.0915445,0.0457333,0.867671,0.0,0.7462267,0.00351,0.0698491,0.0392851,0.018252,0.982801,0.1852976,0.0626276,0.0547945,11.80560254159177
1511.0,0.50364,0.1654533,0.0853739,0.096,0.851092,0.0,0.6274131,0.007722,0.0501931,0.1145299,0.1640927,0.6776062,0.7435897,0.1811847,0.6666667,10.485731104959568
13096.0,0.4732743,0.1437844,0.1587508,0.1003189,0.9040929,0.0134392,0.7965141,0.00126,0.0178496,0.0235801,0.1226375,0.9937001,0.0797621,0.1081831,0.2941176,11.000448478455008
1573.0,0.4373808,0.2237762,0.1710108,0.1762712,0.8671329,0.0,0.6935229,0.0015798,0.0157978,0.172549,0.1943128,0.9921011,0.3254902,0.1153846,0.8076923,9.873079890114703
13002.0,0.4836948,0.0255345,0.0659129,0.0561597,0.829257,0.0090755,0.6843305,0.0026591,0.0721747,0.1056565,0.020133,0.9868946,0.2656701,0.039311,0.248731,11.38054769238444
429.0,0.4801865,0.0,0.1351981,0.0986547,0.8834499,0.0,0.7300613,0.006135,0.0245399,0.0578035,0.0,1.0,0.1907514,0.0540541,0.0,9.957075711706057
117.0,0.5042735,0.0,0.1367521,0.0689655,0.9230769,0.0,0.8181818,0.0,0.0227273,0.1698113,0.0,0.9545455,0.3584906,0.2,0.0,9.933094897288786
482.0,0.4813278,0.0103734,0.1576763,0.068,0.9211618,0.0,0.8186813,0.0,0.021978,0.1078431,0.0054945,0.989011,0.1911765,0.2727273,0.25,10.480129006333248
255.0,0.4823529,0.0,0.1568627,0.1136364,0.8392157,0.0,0.631068,0.0,0.0194175,0.0803571,0.0,1.0,0.3839286,0.1111111,1.0,9.6678285081515
5245.0,0.5079123,0.0312679,0.042898,0.0220845,0.9624404,0.0,0.9101198,0.0066578,0.0219707,0.0214984,0.0346205,0.7316911,0.1205212,0.3263158,0.3571429,11.133142723386813
6483.0,0.460435,0.0013882,0.2040722,0.1603774,0.8240012,0.0248342,0.664684,0.002974,0.0241636,0.0561404,0.0018587,0.994052,0.3066667,0.0625,0.3870968,10.003378135350923
1889.0,0.4499735,0.0037057,0.1979884,0.172281,0.7739545,0.05982,0.6329285,0.0053981,0.0458839,0.0690955,0.0013495,0.9905533,0.3492462,0.045584,0.8,10.975088291957388
2009.0,0.5012444,0.0114485,0.147337,0.1097804,0.8745645,0.0,0.7225,0.0025,0.0275,0.0621336,0.0125,0.98875,0.3200469,0.0794979,0.6,10.809748150372926
5559.0,0.4770642,0.0996582,0.1658572,0.1437908,0.8872099,0.0,0.7368188,0.0008861,0.013735,0.0654244,0.087284,0.9991139,0.1813665,0.1046229,0.3846154,10.465984899076615
5398.0,0.48907,0.0038903,0.1067062,0.0783176,0.8640237,0.0135235,0.7209068,0.0025189,0.0443325,0.0350024,0.0015113,0.9556675,0.3359261,0.0861373,0.25,11.06977406588073
26630.0,0.4855802,0.0031919,0.1275253,0.0961384,0.8525347,0.0113781,0.7173466,0.006653,0.0572351,0.0771939,0.0032286,0.9949124,0.400325,0.070347,0.5330189,11.345701365855424
3705.0,0.4701754,0.0002699,0.1797571,0.1538462,0.8361673,0.0307692,0.6817865,0.0027913,0.0209351,0.0572368,0.0,0.9965108,0.3427632,0.0826772,0.2666667,10.169728906753061
876.0,0.4737443,0.0353881,0.1244292,0.1106291,0.8961187,0.0,0.748538,0.0,0.0146199,0.0681199,0.0409357,0.997076,0.1798365,0.0895522,0.3333333,10.742918838113225
535.0,0.4672897,0.1084112,0.1738318,0.1649123,0.9046729,0.0,0.759434,0.0,0.0,0.1092437,0.0754717,0.995283,0.3277311,0.2272727,0.0,10.177362240256695
980.0,0.4867347,0.0112245,0.1489796,0.1371769,0.8632653,0.0,0.7189055,0.0049751,0.039801,0.058548,0.0074627,0.9975124,0.3114754,0.0526316,0.5,10.664316745782925
20183.0,0.4879849,0.0784819,0.1002329,0.0898007,0.8963484,0.0077788,0.7589653,0.0042622,0.0285126,0.0830189,0.0808348,0.6509406,0.4357143,0.1769534,0.5842697,10.555838779903407
5486.0,0.535545,0.0021874,0.0902297,0.0549451,0.9422166,0.0041925,0.8731454,0.0051929,0.0311573,0.0364546,0.0,0.384273,0.5225161,0.4579256,0.6666667,10.825780236605917
365.0,0.4712329,0.0027397,0.2054795,0.1398964,0.890411,0.0,0.7464789,0.0070423,0.0211268,0.3106796,0.0,0.9859155,0.4223301,0.1764706,0.9285714,9.615805480084347
17916.0,0.4945858,0.0242242,0.1029248,0.0856985,0.8797723,0.0021768,0.7309291,0.0031167,0.0366578,0.0254556,0.03458,0.9584446,0.312265,0.0330544,0.2666667,10.885584751364705
1502.0,0.4647137,0.6191744,0.1478029,0.1641791,0.8981358,0.0,0.7470817,0.0058366,0.0194553,0.0463822,0.5272374,0.9941634,0.2820037,0.1772152,0.25,10.315630315397533
121.0,0.4545455,0.0,0.2396694,0.1515152,0.9090909,0.0,0.8095238,0.0,0.0714286,0.0454545,0.0,1.0,0.1818182,0.2307692,0.0,9.933094897288786
4784.0,0.4715719,0.0376254,0.1939799,0.1483386,0.8413462,0.0374164,0.7208803,0.0032206,0.0225443,0.1111641,0.037037,0.9774557,0.3091603,0.1029412,0.6285714,10.203629181337648
603.0,0.4676617,0.0,0.2321725,0.1464174,0.8325041,0.0,0.6420664,0.00369,0.0073801,0.0844595,0.0,0.9852399,0.2702703,0.0327869,0.3333333,9.615805480084347
8.0,0.125,0.0,0.25,0.4285714,0.75,0.0,0.5,0.0,0.0,0.0,0.0,1.0,0.0,0.0,0.0,9.615805480084347
2700.0,0.4885185,0.0218519,0.077037,0.0535844,0.7548148,0.0,0.5951973,0.0034305,0.1295026,0.0458265,0.0197256,0.9854202,0.5695581,0.038206,0.5,11.050905878263567
125.0,0.456,0.0,0.136,0.1029412,0.912,0.0,0.7708333,0.0,0.0,0.04,0.0,1.0,0.14,0.1428571,0.0,10.308985993422082
1057.0,0.4673605,0.0009461,0.1788079,0.1634103,0.781457,0.0,0.6008493,0.0042463,0.0785563,0.1405109,0.0021231,1.0,0.3759124,0.0193237,0.5,11.261909563554315
147.0,0.462585,0.0,0.2789116,0.1518987,0.7823129,0.0,0.5714286,0.0,0.0285714,0.2222222,0.0,1.0,0.3222222,0.1111111,0.0,9.615805480084347
11163.0,0.4651079,0.1943922,0.1431515,0.1304639,0.8462779,0.0118248,0.7034949,0.0029312,0.0500564,0.0605804,0.1600902,0.9921082,0.2342724,0.0921053,0.557377,10.732061203925053
155.0,0.4580645,0.0,0.3935484,0.2261905,0.8258065,0.0,0.625,0.0,0.0,0.1428571,0.0,1.0,0.25,0.0,1.0,9.933094897288786
242.0,0.4958678,0.0,0.1487603,0.0983607,0.8842975,0.0,0.7032967,0.0,0.010989,0.1574074,0.0,0.978022,0.4166667,0.1785714,0.8,9.770013301136158
7765.0,0.4678686,0.0150676,0.1571153,0.0992256,0.9023825,0.021378,0.8149232,0.0018288,0.0223116,0.0356261,0.0117045,0.9634236,0.1470899,0.0825243,0.3181818,12.532137339650044
4698.0,0.467433,0.0536398,0.192848,0.1566747,0.7607493,0.0932312,0.6579694,0.0051049,0.031764,0.0681818,0.0476461,0.9892229,0.2965116,0.06231,0.375,10.379752786950895
7706.0,0.489878,0.0590449,0.1327537,0.0925973,0.890994,0.0048015,0.7747616,0.0073368,0.0491563,0.0458523,0.0531915,0.9200293,0.2583129,0.241791,0.3414634,11.576848171532921
312.0,0.4807692,0.0032051,0.1826923,0.1111111,0.8846154,0.0,0.7522124,0.0088496,0.0530973,0.0504202,0.0,1.0,0.2689076,0.0294118,0.5,10.188704088048116
7579.0,0.4715662,0.0027708,0.1128117,0.0853933,0.843515,0.0,0.6751717,0.005561,0.0487406,0.0350379,0.0019627,0.9885509,0.3191288,0.0411449,0.4210526,10.797553125151618
339.0,0.4896755,0.0,0.1887906,0.1213873,0.879056,0.0,0.7101449,0.0,0.0072464,0.2114286,0.0,0.9565217,0.28,0.1395349,0.8,9.83097062169695
5563.0,0.4562287,0.1511774,0.1840733,0.1570248,0.7999281,0.0411648,0.6459286,0.0032022,0.0388838,0.2245477,0.1331199,0.9922232,0.3121674,0.0935601,0.54,10.482933978579906
236.0,0.5042373,0.0,0.1355932,0.0769231,0.9279661,0.0,0.8101266,0.0126582,0.0126582,0.1318681,0.0,1.0,0.1538462,0.0714286,0.0,10.016860879703811
4044.0,0.4930762,0.0029674,0.1953511,0.0517073,0.9075173,0.0,0.812687,0.0017953,0.0311191,0.2602922,0.0023938,0.9808498,0.1013723,0.0842333,0.35,11.723194494148304
493.0,0.484787,0.0,0.137931,0.0748031,0.9310345,0.0,0.7870968,0.0,0.0064516,0.1666667,0.0,0.9741935,0.2258065,0.1333333,1.0,10.55323128448846
1063.0,0.4760113,0.0253998,0.1467545,0.1615799,0.8955786,0.0,0.7233503,0.0,0.0050761,0.1244444,0.0304569,0.9923858,0.3488889,0.1351351,0.0,9.711176264112805
334.0,0.5179641,0.0,0.1437126,0.136646,0.9041916,0.0,0.7460317,0.0,0.0,0.0597015,0.0,1.0,0.2761194,0.037037,0.0,9.615805480084347
9611.0,0.4865259,0.1274581,0.100822,0.0719352,0.9069816,0.0,0.7810811,0.0010811,0.02,0.0359562,0.1097297,0.9956757,0.2149557,0.0486542,0.2888889,10.652566005416872
269.0,0.4832714,0.0,0.1449814,0.0863309,0.9070632,0.0,0.8019802,0.0,0.049505,0.0288462,0.0,1.0,0.375,0.0,0.0,10.463131911491967
3154.0,0.4556119,0.1188966,0.2130628,0.1700641,0.8046925,0.0402663,0.6593579,0.0007831,0.0352388,0.0519673,0.110415,0.9937353,0.3199703,0.0436508,0.4545455,11.141876276228
1371.0,0.5127644,0.0021882,0.0736689,0.0508982,0.9153902,0.0,0.8178054,0.0020704,0.0414079,0.020284,0.0020704,0.9751553,0.1075051,0.0810811,0.3333333,11.513934955263402
293.0,0.5221843,0.003413,0.1023891,0.1285714,0.9078498,0.0,0.7263158,0.0,0.0105263,0.1121495,0.0105263,0.9684211,0.271028,0.2,0.6,10.203629181337648
4061.0,0.4740212,0.1154888,0.1989658,0.1783708,0.8512682,0.0017237,0.6800229,0.0011448,0.0188895,0.0761502,0.0898683,0.9908414,0.306716,0.056338,0.5925926,10.150386692204734
10398.0,0.4568186,0.025101,0.1480092,0.1248229,0.7195615,0.0869398,0.6139625,0.0041352,0.0790562,0.1022057,0.0206762,0.9885673,0.4782704,0.0577756,0.5294118,10.413342705547674
559.0,0.4830054,0.0,0.1538462,0.0899654,0.8837209,0.0,0.7230047,0.0046948,0.0234742,0.044843,0.0,0.9953052,0.1434978,0.0833333,0.6666667,9.75272280064639
148.0,0.4662162,0.0,0.4054054,0.1772152,0.8108108,0.0,0.6891892,0.0,0.0540541,0.912426,0.0,0.972973,0.0970414,0.0,0.2857143,11.979178318844294
24927.0,0.4630722,0.0015646,0.1577005,0.1157352,0.7648333,0.0593734,0.6281256,0.0025005,0.0521104,0.0646459,0.0009002,0.9972995,0.4163158,0.0426759,0.65625,10.434145214930487
444719.0,0.4822506,0.1597953,0.1186794,0.0944266,0.8149663,0.0210695,0.6511122,0.0037333,0.0486393,0.1587111,0.1376454,0.9660364,0.3744132,0.087275,0.6376785,10.485731104959568
730.0,0.4547945,0.2520548,0.1684932,0.1909548,0.860274,0.0,0.7006803,0.0068027,0.0340136,0.0666667,0.2176871,0.9727891,0.3396825,0.1111111,0.6,10.335302435967074
7593.0,0.6118794,0.1881997,0.0019755,0.0040719,0.730673,0.2655077,0.9829284,0.0006566,0.0006566,0.0193175,0.1825345,0.9323703,0.1113973,0.2360923,1.0,10.047631185616188
8547.0,0.5082485,0.007722,0.1082251,0.0887461,0.9048789,0.000468,0.7700811,0.0070007,0.0482682,0.0362216,0.0066323,0.7634488,0.4865057,0.2331155,0.4210526,10.729875458480967
5351.0,0.5114932,0.0123341,0.065969,0.0359602,0.8884321,0.0,0.8,0.0038369,0.0719424,0.2120181,0.0129496,0.9539568,0.0676493,0.0886076,0.117284,12.453717571637778
333.0,0.5075075,0.0,0.1471471,0.054878,0.9189189,0.0,0.7815126,0.0,0.0084034,0.0775194,0.0,0.9747899,0.2403101,0.1111111,0.5,10.422311107413181
858.0,0.4825175,0.037296,0.1398601,0.1396396,0.8869464,0.0,0.7306502,0.006192,0.0154799,0.0471976,0.0309598,0.996904,0.3716814,0.1111111,0.3333333,10.247112717290387
33592.0,0.4986009,0.0023815,0.0848119,0.0538503,0.9187009,0.0048821,0.8248824,0.0017101,0.0380504,0.0336308,0.0017101,0.9933305,0.1546025,0.0328142,0.2580645,11.302216779257382
9338.0,0.4905761,0.001178,0.118655,0.0830355,0.8789891,0.0094239,0.7503612,0.0046229,0.0430511,0.0283549,0.0005779,0.9959549,0.2599663,0.0436573,0.2666667,11.07443600653965
1335.0,0.4726592,0.0,0.0973783,0.0894886,0.9595506,0.0,0.8606557,0.0,0.0054645,0.1327014,0.0,0.0054645,0.4763033,0.4333333,1.0,9.615805480084347
248.0,0.5322581,0.0,0.233871,0.137931,0.8508065,0.0,0.6633663,0.0,0.029703,0.1217391,0.0,0.980198,0.2608696,0.1818182,0.2,9.615805480084347
1283.0,0.4684334,0.0,0.2587685,0.1994135,0.8371005,0.0,0.6538462,0.0018315,0.029304,0.0915141,0.0,1.0,0.1314476,0.0620155,0.8333333,9.99884318585288
1905.0,0.4829396,0.1170604,0.1511811,0.1482234,0.9076115,0.0010499,0.7680945,0.0014771,0.0206795,0.1033113,0.11226,0.9970458,0.2649007,0.1557377,0.6,9.87822102528824
74.0,0.5135135,0.0,0.0675676,0.0277778,0.8648649,0.0,0.68,0.0,0.08,0.21875,0.0,1.0,0.28125,0.0,1.0,10.021315031649332
1102.0,0.4845735,0.1315789,0.1896552,0.1179577,0.8584392,0.0,0.6902655,0.0022124,0.0309735,0.1274131,0.1084071,0.9977876,0.3590734,0.0606061,0.8461538,9.680406499268875
82.0,0.5121951,0.0,0.1585366,0.125,0.9146341,0.0,0.7741935,0.0,0.0,0.03125,0.0,1.0,0.1875,0.0,0.0,9.615805480084347
302.0,0.4602649,0.0,0.2549669,0.1595092,0.884106,0.0,0.7166667,0.0,0.0083333,0.1428571,0.0,0.9916667,0.2142857,0.0,0.2857143,9.615805480084347
2340.0,0.4615385,0.0008547,0.2004274,0.1746032,0.8081197,0.0282051,0.6505263,0.0052632,0.0336842,0.1695804,0.0010526,0.9968421,0.3732517,0.0732394,0.5384615,10.379752786950895
3210.0,0.4529595,0.0361371,0.0598131,0.0427107,0.4464174,0.4542056,0.6716642,0.0,0.095952,0.037518,0.0614693,1.0,0.3275613,0.0521472,1.0,10.542732775946709
1955.0,0.4618926,0.0046036,0.1662404,0.1273764,0.8578005,0.0005115,0.6947236,0.0062814,0.031407,0.0787037,0.0050251,0.9874372,0.3391204,0.0865385,0.6666667,9.99884318585288
1301.0,0.5049962,0.1152959,0.1014604,0.0854037,0.9192929,0.0,0.7947368,0.0052632,0.0315789,0.0663391,0.1131579,0.5894737,0.3931204,0.4363636,0.75,10.893047333337728
3191.0,0.4995299,0.0103416,0.1209652,0.1051972,0.8392353,0.0382325,0.7244898,0.005102,0.045068,0.059952,0.0102041,0.9821429,0.3453237,0.0774818,0.25,10.819798284210286
774.0,0.4870801,0.002584,0.1731266,0.1335013,0.870801,0.0,0.7022654,0.0,0.02589,0.2275,0.0,0.4530744,0.41,0.097561,0.8571429,10.025749432069084
667.0,0.4482759,0.8905547,0.1109445,0.125,0.9055472,0.0,0.7255814,0.0,0.0186047,0.1115702,0.8418605,1.0,0.3884298,0.1333333,1.0,9.615805480084347
106.0,0.5471698,0.0,0.1132075,0.0,0.9056604,0.0,0.7142857,0.0,0.0,0.3396226,0.0,1.0,0.6415094,0.0,1.0,9.615805480084347
657.0,0.4505327,0.0958904,0.1582953,0.1385042,0.8584475,0.0,0.6867925,0.0075472,0.0264151,0.1107383,0.0641509,0.9962264,0.2281879,0.1147541,1.0,10.214678610538817
854.0,0.4765808,0.0,0.1522248,0.114094,0.8946136,0.0,0.740625,0.0,0.021875,0.0778098,0.0,1.0,0.1959654,0.0882353,1.0,10.16203685698089
5969.0,0.4662423,0.0026805,0.1886413,0.148462,0.8175574,0.0112247,0.6442533,0.0043002,0.0344019,0.1263661,0.0011728,0.9988272,0.3271858,0.0678788,0.6857143,10.367253014814716
703.0,0.5021337,0.0014225,0.2019915,0.0571429,0.8577525,0.0,0.7473684,0.0070175,0.0701754,0.0894569,0.0035088,0.9964912,0.2971246,0.0434783,0.0,11.638685488579059
358.0,0.4497207,0.2178771,0.2318436,0.1624365,0.8212291,0.0,0.6242038,0.0,0.0318471,0.1736842,0.2165605,1.0,0.3947368,0.0571429,0.5,9.77571099759397
2569.0,0.5017517,0.0179058,0.0704554,0.0351562,0.9213702,0.001557,0.8255578,0.0030426,0.0182556,0.0295276,0.0212982,0.9918864,0.2627953,0.0515152,0.4285714,10.831726617926124
822.0,0.4902676,0.0,0.1776156,0.1121718,0.8442822,0.026764,0.7053292,0.0,0.0250784,0.0963173,0.0,0.9968652,0.2266289,0.1090909,0.6666667,10.360944044643913
508.0,0.511811,0.0,0.1397638,0.0524194,0.9251969,0.0,0.8196721,0.0054645,0.0163934,0.0213904,0.0,1.0,0.1122995,0.0,1.0,10.668978650219241
2962.0,0.4604997,0.0050641,0.2602971,0.2102628,0.7916948,0.0506415,0.6531792,0.0033031,0.0289017,0.1572721,0.0049546,0.9446738,0.4098817,0.08,0.6,10.31231367277647
2909.0,0.4994844,0.0017188,0.1100034,0.0913462,0.8783087,0.0,0.7236084,0.0134357,0.0431862,0.0449129,0.0009597,0.9932821,0.2740605,0.0613027,0.1481481,10.971657815702502
440.0,0.4704545,0.0022727,0.1613636,0.1158798,0.9113636,0.0,0.7878788,0.0,0.0242424,0.0350877,0.0,1.0,0.1637427,0.1153846,1.0,10.783135046711445
3004.0,0.5049933,0.0019973,0.0396138,0.0235373,0.9700399,0.0,0.8937824,0.0012953,0.007772,0.0289308,0.0025907,0.9689119,0.1421384,0.125,0.3636364,11.021918808236205
419.0,0.4844869,0.0,0.1957041,0.1157407,0.8711217,0.0,0.7073171,0.0060976,0.0304878,0.0989011,0.0,0.9878049,0.2362637,0.1111111,0.5,9.615805480084347
20241.0,0.4835235,0.7090559,0.0801838,0.0670557,0.9294007,0.0051381,0.8271132,0.0039872,0.0274322,0.0450807,0.6564593,0.9570973,0.2444411,0.1558157,0.4594595,11.06665398721974
409.0,0.4596577,0.002445,0.1833741,0.1131222,0.8459658,0.0,0.6646707,0.005988,0.0299401,0.0670391,0.0,1.0,0.2011173,0.1276596,0.0,10.090008612393838
40.0,0.45,0.0,0.15,0.0909091,0.95,0.0,0.8666667,0.0,0.0,0.0625,0.0,1.0,0.125,0.0,0.0,9.615805480084347
3902.0,0.5066632,0.0940543,0.0684264,0.0607792,0.924654,0.0,0.8184524,0.0044643,0.030506,0.1300971,0.0766369,0.9895833,0.3048544,0.1535836,0.6,10.488520429241627
1926.0,0.4537902,0.0015576,0.2030114,0.1720532,0.8302181,0.0519211,0.7279793,0.003886,0.015544,0.0515971,0.0025907,0.996114,0.2248157,0.0571429,0.625,10.451637862362272
343.0,0.4285714,0.5830904,0.1778426,0.2193878,0.8250729,0.0,0.5877863,0.0,0.0458015,0.070922,0.4961832,1.0,0.3758865,0.2173913,0.3333333,9.648659816955295
1445.0,0.4484429,0.0456747,0.2089965,0.1643664,0.8138408,0.0,0.6133122,0.0015848,0.0269414,0.0706922,0.0316957,0.9952456,0.4079529,0.0526316,1.0,10.518700218288165
13192.0,0.4839297,0.0859612,0.177077,0.1323443,0.7656913,0.0163736,0.6044936,0.0055278,0.0880884,0.0797506,0.0586662,0.9568474,0.3619954,0.0900783,0.3061224,10.997104049659168
269.0,0.464684,0.0,0.2750929,0.1944444,0.8513011,0.0,0.6608696,0.0,0.0086957,0.2333333,0.0,0.9478261,0.3933333,0.1666667,0.6666667,9.615805480084347
3439.0,0.4600174,0.0,0.280314,0.1847065,0.7941262,0.0375109,0.6385942,0.0013263,0.0218833,0.0539523,0.0,0.9966844,0.2396487,0.0504451,0.6,10.098272780745283
1935.0,0.4687339,0.0010336,0.1824289,0.1410506,0.8108527,0.0,0.6182927,0.0073171,0.054878,0.0929204,0.0012195,0.9890244,0.3683628,0.0436047,0.7692308,10.6782377612977
2204.0,0.4696007,0.0095281,0.1674229,0.1214713,0.8965517,0.0049909,0.757177,0.0011962,0.0143541,0.0700779,0.0059809,0.9988038,0.2625139,0.0837989,0.6875,10.199918739620157
1006.0,0.4741551,0.0,0.193837,0.1172023,0.8926441,0.0,0.761039,0.0051948,0.0233766,0.0302267,0.0,0.9922078,0.2392947,0.1123596,1.0,10.122663242288953
1210.0,0.4876033,0.0066116,0.4239669,0.0903226,0.9024793,0.0,0.8247078,0.0,0.0217028,0.2379135,0.0033389,0.9983306,0.216285,0.0,0.8181818,11.49782197939291
258.0,0.5077519,0.0,0.127907,0.0708661,0.8023256,0.0,0.6,0.0086957,0.026087,0.6383648,0.0,0.973913,0.3301887,0.137931,0.9090909,10.016860879703811
136.0,0.4926471,0.0,0.125,0.0289855,0.9191176,0.0,0.8163265,0.0,0.0408163,0.1403509,0.0,1.0,0.1929825,0.1666667,0.6666667,9.69898173460629
3311.0,0.4913923,0.0120809,0.115977,0.0932304,0.8619752,0.0,0.7169374,0.0023202,0.0603248,0.0737822,0.0100541,0.9690642,0.4383954,0.0597484,0.5555556,11.760574294255605
6930.0,0.4556999,0.0002886,0.1842713,0.1598621,0.8121212,0.0386724,0.670074,0.0035249,0.0292563,0.0710544,0.0,0.9975326,0.4073346,0.0760369,0.4358974,10.328787967145063
475.0,0.4905263,0.0021053,0.1915789,0.1570248,0.8863158,0.0,0.7065217,0.0,0.0,0.1320755,0.0,1.0,0.25,0.0545455,0.5,9.76428295481558
242.0,0.5165289,0.0371901,0.0743802,0.0769231,0.9214876,0.0,0.7820513,0.0,0.025641,0.0930233,0.025641,1.0,0.2093023,0.25,1.0,10.515993929932415
7169.0,0.4519459,0.1411633,0.2071419,0.1898702,0.7991352,0.0231553,0.6217617,0.0035622,0.0262306,0.0795827,0.1146373,0.9970855,0.3615499,0.0726216,0.7,10.154285180632154
1485.0,0.4868687,0.0006734,0.1313131,0.0971129,0.8895623,0.0,0.7463504,0.0018248,0.040146,0.0300885,0.0,0.9890511,0.1628319,0.0636364,0.5,10.987003123724813
2777.0,0.4681311,0.0028808,0.1656464,0.1211916,0.8692834,0.0151242,0.7329599,0.0028011,0.0270775,0.0411817,0.0018674,0.9971989,0.2220233,0.0734694,0.3076923,10.526775414924009
31933.0,0.4716438,0.0671093,0.1499703,0.1179469,0.760248,0.0455328,0.6143152,0.0061964,0.0723705,0.0553805,0.0558468,0.9944391,0.3265046,0.0795606,0.5423729,10.382853468483827
537.0,0.5214153,0.0055866,0.0856611,0.0194553,0.8137803,0.0,0.7051793,0.0039841,0.0956175,0.430839,0.0079681,0.9760956,0.2993197,0.0392157,0.2272727,11.456365695436427
984.0,0.4715447,0.0,0.1392276,0.1096154,0.9146341,0.0,0.7833333,0.0,0.0166667,0.0886076,0.0,0.9916667,0.3721519,0.1648352,0.4285714,9.957075711706057
365.0,0.4575342,0.0,0.1890411,0.1565657,0.8712329,0.0,0.6933333,0.0,0.0066667,0.1017964,0.0,1.0,0.1976048,0.0277778,1.0,10.150386692204734
1131.0,0.4854111,0.5384615,0.1609195,0.1546392,0.8974359,0.0,0.729798,0.0,0.0227273,0.1121076,0.4772727,0.9949495,0.2421525,0.2058824,0.1666667,9.615805480084347
527.0,0.4781784,0.313093,0.227704,0.2,0.9032258,0.0,0.744898,0.0,0.005102,0.1729958,0.2908163,0.994898,0.2869198,0.2820513,0.6666667,9.65509029374725
8.0,0.375,0.0,0.0,0.0,0.875,0.0,0.6666667,0.0,0.0,0.0,0.0,1.0,0.0,1.0,0.0,11.785247676408115
1135.0,0.507489,0.0519824,0.0731278,0.0805009,0.8801762,0.0,0.7363636,0.0090909,0.0272727,0.1182365,0.0590909,0.9795455,0.3847695,0.0736196,0.8,10.647826772357497
838.0,0.5119332,0.0023866,0.0477327,0.0317848,0.898568,0.0,0.7740741,0.0148148,0.062963,0.260274,0.0037037,0.9851852,0.4410959,0.1551724,0.6153846,10.795506083434564
1831.0,0.448935,0.0032769,0.1731294,0.1665015,0.8558165,0.025669,0.721519,0.0056259,0.0168776,0.0884615,0.0028129,0.9971871,0.3512821,0.1145374,0.4285714,10.181157167204903
5458.0,0.5098937,0.0038476,0.0445218,0.0456075,0.9609747,0.0047636,0.9,0.0070175,0.0342105,0.0264731,0.0035088,0.2385965,0.5243382,0.4282116,0.6666667,9.723223876851618
420.0,0.4428571,0.0047619,0.3,0.2521368,0.7571429,0.1190476,0.6862745,0.0065359,0.0130719,0.1989529,0.0,0.9738562,0.2722513,0.1875,0.5,9.615805480084347
41882.0,0.4580727,0.4043264,0.1274294,0.1225272,0.6921589,0.103911,0.5773993,0.0021997,0.0886179,0.099802,0.3373767,0.990384,0.4401697,0.0688528,0.5814978,10.344995251991222
1191.0,0.456759,0.0008396,0.2065491,0.1700155,0.8371117,0.0,0.6570881,0.0038314,0.0210728,0.1122449,0.0,0.9980843,0.4183673,0.0721649,0.8333333,9.723223876851618
3678.0,0.4575856,0.0459489,0.1571506,0.1458647,0.8689505,0.0,0.699793,0.005521,0.0220842,0.0615285,0.0427881,0.9972395,0.2849741,0.115903,0.6666667,10.169728906753061
2461.0,0.4798862,0.0004063,0.2190167,0.1289062,0.8650955,0.0,0.7056492,0.0009911,0.0317146,0.090991,0.0,0.9970268,0.3792793,0.0175439,0.7777778,10.949068194652432
285.0,0.4842105,0.0,0.1614035,0.0952381,0.9403509,0.0,0.8380952,0.0,0.0,0.0948276,0.0,1.0,0.1465517,0.08,0.5,10.211009016314167
100.0,0.46,0.0,0.17,0.2037037,0.88,0.0,0.7272727,0.0,0.0,0.0222222,0.0,1.0,0.1555556,0.2,0.0,9.918425424900335
531.0,0.4745763,0.6384181,0.1902072,0.1756272,0.8832392,0.0,0.7184466,0.0048544,0.0097087,0.1004367,0.5728155,1.0,0.2445415,0.0357143,1.0,10.056251557087757
1341.0,0.458613,0.0380313,0.2811335,0.2369146,0.7665921,0.0708427,0.6471631,0.0070922,0.0195035,0.0708402,0.035461,0.9964539,0.2965404,0.0382514,0.5,10.440010162389305
1990.0,0.441206,0.0070352,0.2145729,0.2131295,0.8080402,0.0557789,0.6754057,0.0012484,0.011236,0.1284004,0.0099875,0.9962547,0.383025,0.0716113,0.7272727,10.229223792606835
11343.0,0.466984,0.0026448,0.3283964,0.1824347,0.7782774,0.0,0.6067254,0.0007193,0.0535875,0.1799145,0.0012588,0.9832764,0.4415278,0.0192462,0.3285714,11.455306945297822
891.0,0.4803591,0.0011223,0.0942761,0.0734341,0.9001122,0.0,0.7608696,0.0,0.0372671,0.1030641,0.0,0.9875776,0.2479109,0.1282051,0.8181818,10.214678610538817
471.0,0.4734607,0.0,0.2441614,0.1491935,0.8259023,0.0,0.6256158,0.0049261,0.0197044,0.0772727,0.0,0.9901478,0.1454545,0.1428571,0.3333333,9.615805480084347
20859.0,0.4937437,0.0088211,0.1503428,0.1167614,0.8545951,0.0142385,0.6924808,0.0030447,0.0413026,0.0368481,0.0087371,0.7895155,0.4446003,0.1260652,0.3870968,11.299744620670225
2477.0,0.4965684,0.0020186,0.1057731,0.0842021,0.8974566,0.0064594,0.766323,0.0080183,0.0263459,0.0256696,0.0,0.997709,0.171875,0.1021898,1.0,10.978507040265917
790.0,0.4594937,0.0050633,0.0772152,0.0515222,0.8797468,0.0,0.7601351,0.0033784,0.0743243,0.0573248,0.0067568,0.9966216,0.3757962,0.0314961,0.0,11.05881093278828
981.0,0.4566769,0.0,0.3261978,0.2420263,0.7737003,0.0448522,0.5924171,0.0023697,0.0118483,0.0865801,0.0,1.0,0.2878788,0.0412371,0.5,9.770013301136158
3033.0,0.4668645,0.0530828,0.1684801,0.1471861,0.8278932,0.0263765,0.6727562,0.0031771,0.0190627,0.063244,0.0532168,0.9960286,0.3355655,0.0721925,0.7368421,10.318935994253193
877.0,0.5108324,0.0034208,0.1527936,0.0815851,0.8631699,0.009122,0.713881,0.0028329,0.0254958,0.2615063,0.0,0.9915014,0.3807531,0.0818182,0.6666667,10.604131561522696
1018.0,0.4361493,0.0658153,0.2632613,0.2317073,0.827112,0.0559921,0.7093596,0.0,0.0024631,0.0876404,0.0788177,1.0,0.3146067,0.0704225,0.6,9.99884318585288
228.0,0.4780702,0.25,0.1447368,0.1344538,0.9298246,0.0,0.8148148,0.0,0.0123457,0.1,0.2469136,1.0,0.2111111,0.0625,0.0,10.360944044643913
7238.0,0.4765128,0.0087041,0.1906604,0.0973872,0.8719259,0.023349,0.7591549,0.0017606,0.0232394,0.036635,0.0084507,0.9957746,0.1451832,0.0168269,0.3333333,11.558863947911393
415.0,0.4915663,0.0,0.1084337,0.0758294,0.9156627,0.0,0.7852349,0.0,0.0201342,0.056962,0.0,0.9731544,0.2025316,0.195122,0.0,10.85516473308054
926.0,0.4805616,0.0,0.1814255,0.1164241,0.8758099,0.0388769,0.7886905,0.0,0.0208333,0.0232558,0.0,1.0,0.2354651,0.0151515,0.5,10.510559281627845
513.0,0.4307992,0.9902534,0.1423002,0.1472603,0.8966862,0.0,0.6946108,0.0,0.011976,0.0923913,1.0,1.0,0.4021739,0.2105263,0.0,9.615805480084347
128.0,0.5,0.0,0.1796875,0.078125,0.921875,0.0,0.7916667,0.0,0.0,0.1111111,0.0,0.9791667,0.2407407,0.0,1.0,9.69898173460629
529.0,0.4763705,0.0018904,0.1531191,0.1588448,0.9149338,0.0,0.7783505,0.0,0.0103093,0.0582524,0.0051546,0.9948454,0.1893204,0.1,1.0,9.781376414141157
1853.0,0.4630329,0.9692391,0.1009174,0.1115578,0.9001619,0.0021587,0.724026,0.0,0.0178571,0.1007299,0.9496753,0.9983766,0.3138686,0.2057416,0.7,10.199918739620157
2694.0,0.501856,0.1221232,0.0404603,0.0402385,0.9376392,0.0,0.8461538,0.0034443,0.032147,0.0511983,0.1239954,0.9827784,0.1350763,0.127551,0.1304348,11.300981463909618
61921.0,0.4933706,0.3071656,0.2137885,0.1674158,0.6448055,0.0654059,0.5030494,0.0063167,0.1205257,0.1436565,0.2265302,0.9773107,0.5547611,0.0506796,0.3617694,10.716659698193956
2893.0,0.4590391,0.098168,0.1894227,0.1827476,0.8513654,0.0262703,0.7129228,0.0017346,0.0147441,0.0805423,0.0823938,0.9939289,0.3062201,0.0927152,0.6666667,10.416341118636355
398.0,0.459799,0.0,0.3165829,0.1860465,0.8165829,0.0,0.6235955,0.005618,0.0224719,0.0430108,0.0,1.0,0.2204301,0.047619,1.0,9.615805480084347
3440.0,0.4630814,0.0002907,0.1831395,0.1277748,0.8625,0.0305233,0.7329193,0.0007764,0.0147516,0.0409531,0.0,0.9309006,0.2055101,0.0703812,0.5,10.849356503939038
2929.0,0.4810516,0.0027313,0.1082281,0.1046053,0.8357801,0.0075111,0.6629018,0.0026064,0.0477845,0.034396,0.0008688,0.9904431,0.363255,0.0377358,0.2,10.988693712621323
58.0,0.4827586,0.0,0.4137931,0.1666667,0.8965517,0.0,0.8,0.0,0.0,0.4230769,0.0,1.0,0.1346154,0.0,0.3333333,11.036517370851499
447.0,0.4608501,0.0,0.2662192,0.1825726,0.8434004,0.0,0.6391753,0.0,0.0,0.0934579,0.0,1.0,0.2056075,0.1428571,1.0,9.615805480084347
128.0,0.5234375,0.0,0.3203125,0.147541,0.8515625,0.0,0.6481481,0.0,0.0,0.1692308,0.0,0.962963,0.4769231,0.2,1.0,9.615805480084347
861.0,0.4994193,0.0034843,0.1300813,0.0904872,0.9082462,0.0,0.7565789,0.0,0.0164474,0.2779097,0.0,0.4375,0.3515439,0.1578947,0.8333333,9.62251624577579
1220.0,0.4885246,0.0057377,0.1590164,0.1073718,0.902459,0.0,0.7777778,0.0020964,0.0230608,0.0610236,0.0020964,0.9979036,0.3326772,0.0882353,0.5,10.31231367277647
8957.0,0.4693536,0.003461,0.1663503,0.0932043,0.8738417,0.0,0.7129226,0.0,0.0201745,0.040293,0.0019084,0.9940022,0.0894819,0.0256822,0.3181818,11.431726255472853
4361.0,0.4870443,0.0495299,0.0935565,0.1050514,0.8695253,0.0284338,0.7693824,0.0059133,0.0492773,0.0786925,0.0512484,0.9954008,0.2136804,0.1019231,0.2142857,11.125806040978839
379.0,0.4907652,0.0,0.3113456,0.2435233,0.7994723,0.0,0.6035503,0.0059172,0.0295858,0.0611111,0.0,1.0,0.3111111,0.125,1.0,9.711176264112805
388.0,0.4974227,0.371134,0.1494845,0.1589744,0.8891753,0.0,0.7361111,0.0,0.0277778,0.0526316,0.2708333,0.9930556,0.2697368,0.0714286,0.0,10.038935856711177
7448.0,0.4714017,0.6389635,0.1006982,0.0937262,0.9013158,0.0112782,0.7847769,0.0052493,0.0472441,0.1017682,0.6329834,0.8897638,0.4715128,0.1810219,0.375,10.742918838113225
2529.0,0.4590747,0.0003954,0.1984974,0.1652047,0.8260182,0.0051404,0.6299357,0.0018365,0.0156107,0.0480769,0.0,0.9990817,0.3627622,0.0744417,0.5,10.460270761075149
3572.0,0.4804031,0.0109183,0.212206,0.1659483,0.8096305,0.0008399,0.6440778,0.0041249,0.0365351,0.4641617,0.010607,0.9958751,0.4120619,0.0508982,0.768595,11.010415172807951
14096.0,0.4557321,0.1736663,0.1828178,0.1643639,0.8083144,0.0237656,0.6419481,0.0033939,0.0354658,0.1046794,0.1462752,0.9932123,0.4065634,0.0896099,0.6341463,10.292179440058462
383.0,0.4516971,0.002611,0.2715405,0.1666667,0.8616188,0.0,0.6941176,0.0,0.0058824,0.1542289,0.0058824,1.0,0.1243781,0.08,0.75,9.615805480084347
6321.0,0.4657491,0.0,0.1572536,0.132366,0.8747034,0.0102832,0.7364969,0.0011574,0.0146605,0.0557377,0.0,0.9965278,0.228051,0.0592784,0.3225806,10.689692377847104
2160.0,0.462963,0.0365741,0.174537,0.1439655,0.8328704,0.0050926,0.654102,0.0022173,0.0365854,0.1624884,0.0199557,0.981153,0.3351903,0.091133,0.6666667,10.778977123006351
283.0,0.4876325,0.0,0.1060071,0.0344828,0.9469965,0.0,0.8556701,0.0,0.0103093,0.020202,0.0,1.0,0.1414141,0.2,0.0,10.623787731088578
2403.0,0.491469,0.031211,0.0911361,0.0744681,0.8655847,0.0,0.7260428,0.0067644,0.0710259,0.1269685,0.0259301,0.988726,0.1722441,0.1218487,0.4722222,11.477308649967686
20.0,0.45,0.0,0.3,0.1818182,0.9,0.0,0.7777778,0.0,0.0,0.1818182,0.0,1.0,0.3636364,0.0,1.0,9.615805480084347
124.0,0.5322581,0.0,0.1774194,0.137931,0.7903226,0.0,0.5833333,0.0208333,0.0625,0.0943396,0.0,1.0,0.0566038,0.0,0.0,9.846970109700957
256.0,0.4882812,0.0,0.125,0.0458015,0.9023438,0.0,0.7526882,0.0,0.0215054,0.0412371,0.0,0.9677419,0.371134,0.0,0.0,10.604131561522696
235.0,0.4680851,0.0,0.1957447,0.136,0.8,0.0,0.5643564,0.0,0.029703,0.0471698,0.0,0.990099,0.4528302,0.04,1.0,11.243751064074187
1625.0,0.8553846,0.6707692,0.0504615,0.1617021,0.232,0.7390769,0.7142857,0.0,0.0062112,0.1153846,0.4720497,1.0,0.1373626,0.0952381,0.6666667,10.534785924769006
2789.0,0.4646827,0.0397992,0.1721047,0.1513731,0.8304052,0.0035855,0.6518325,0.004363,0.0462478,0.0795181,0.0375218,0.9808028,0.3534137,0.0359551,0.5454545,11.094390314766315
133.0,0.4661654,0.0,0.2481203,0.2394366,0.8120301,0.0,0.6440678,0.0169492,0.0169492,0.2716049,0.0,1.0,0.1975309,0.0,1.0,9.615805480084347
1348.0,0.4836795,0.0,0.0808605,0.0718391,0.9280415,0.0,0.8181818,0.004329,0.0238095,0.0354906,0.0,0.9978355,0.2651357,0.0779221,0.5,10.351405324899678
802.0,0.4763092,0.3902743,0.1072319,0.1,0.9276808,0.0,0.8178439,0.0037175,0.0260223,0.1266234,0.330855,0.9962825,0.262987,0.220339,1.0,10.285376924115587
14683.0,0.4797385,0.0130082,0.1479262,0.1093075,0.7458966,0.0758019,0.6329984,0.0037017,0.0690992,0.0407508,0.010929,0.9924202,0.3956713,0.0634146,0.2105263,11.377117196515812
307.0,0.4788274,0.0,0.1693811,0.10625,0.8762215,0.0065147,0.7413793,0.0086207,0.0258621,0.1145038,0.0,0.9913793,0.1679389,0.0952381,1.0,10.31231367277647
298.0,0.4731544,0.0,0.2550336,0.1464968,0.8422819,0.0,0.6412214,0.0,0.0,0.1027397,0.0,0.9847328,0.3767123,0.0512821,0.75,9.918425424900335
16581.0,0.4598034,0.2964839,0.1689886,0.1354248,0.8310114,0.006031,0.6648533,0.006156,0.0405154,0.0669249,0.2735863,0.9939871,0.4142399,0.0842448,0.5797101,10.39516093745751
78.0,0.5384615,0.0,0.1410256,0.0833333,0.8846154,0.0,0.7333333,0.0,0.0333333,0.2307692,0.0,1.0,0.1282051,0.5,0.6666667,9.648659816955295
23500.0,0.4838298,0.0097447,0.0758298,0.0567189,0.8604255,0.0065957,0.7307223,0.0036614,0.0659048,0.0304432,0.0098746,0.9941196,0.2551635,0.031715,0.1410256,11.154835234271214
69496.0,0.4633072,0.3018879,0.1410009,0.1250469,0.8270404,0.0267066,0.6864761,0.0033419,0.0434451,0.0638942,0.2649206,0.9936067,0.3703414,0.0781499,0.3719008,10.725489582719506
225366.0,0.47816,0.1337513,0.0990034,0.0831852,0.7577097,0.0550793,0.6300975,0.0030158,0.0786784,0.0840273,0.1230774,0.9925722,0.3862618,0.0511541,0.3965107,10.947309210188068
68235.0,0.4853374,0.0108449,0.1003737,0.0808133,0.8421338,0.011138,0.7032484,0.0069636,0.0719704,0.0471866,0.0096479,0.976347,0.3343094,0.0697805,0.304,10.985309671896763
475.0,0.4778947,0.0,0.2505263,0.1612903,0.84,0.0,0.6764706,0.0098039,0.0245098,0.0555556,0.0,1.0,0.3333333,0.0392157,0.8333333,10.34177474101152
23285.0,0.455744,0.0231479,0.0711617,0.0635209,0.4034786,0.2697445,0.4634439,0.0030026,0.2712806,0.0579833,0.0231197,0.9863384,0.4256824,0.0877235,0.275,10.67130147767883
346.0,0.4682081,0.0028902,0.2080925,0.2391304,0.8034682,0.0,0.5844156,0.0064935,0.012987,0.1979167,0.0,0.9935065,0.4583333,0.0222222,1.0,9.615805480084347
956.0,0.4905858,0.0020921,0.1192469,0.0718686,0.9215481,0.0,0.8111111,0.0083333,0.0111111,0.0769231,0.0027778,0.8861111,0.2564103,0.1410256,1.0,10.389026137075234
788.0,0.4860406,0.0,0.1167513,0.0617284,0.9314721,0.0,0.8060837,0.0,0.0114068,0.0186567,0.0,0.9847909,0.1529851,0.0888889,0.0,10.542732775946709
194.0,0.5051546,0.0,0.257732,0.2395833,0.814433,0.0,0.6179775,0.0,0.011236,0.0824742,0.0,1.0,0.2886598,0.0,0.0,9.615805480084347
245.0,0.4489796,0.0,0.3102041,0.2148148,0.7959184,0.0,0.5982906,0.0,0.025641,0.3076923,0.0,1.0,0.443787,0.0638298,1.0,10.211009016314167
19513.0,0.4957208,0.0072772,0.0815866,0.0697154,0.8844873,0.0027674,0.7476345,0.0040955,0.0490044,0.0250585,0.007626,0.9764158,0.2858323,0.05274,0.3846154,11.125806040978839
351.0,0.4729345,0.0,0.1823362,0.1189189,0.8860399,0.0,0.7463768,0.0,0.0289855,0.0416667,0.0,0.9927536,0.0902778,0.1428571,0.2,10.847412906506923
19976.0,0.4873849,0.1421706,0.0445034,0.040918,0.9244093,0.0107629,0.8412723,0.0036524,0.0299802,0.0666193,0.1345305,0.9376046,0.16875,0.1288433,0.3520408,11.098939154318382
89.0,0.4606742,0.0,0.1573034,0.125,0.8202247,0.0,0.6285714,0.0285714,0.0285714,0.0277778,0.0,1.0,0.1944444,0.1,0.0,10.003378135350923
1661.0,0.5105358,0.013245,0.0620108,0.0221402,0.962071,0.0,0.9104205,0.0018282,0.0219378,0.0519931,0.0127971,0.9780622,0.0155979,0.06,0.375,11.763691965388299
14044.0,0.4478069,0.0047707,0.3291085,0.2128949,0.7439476,0.0375249,0.595183,0.0072564,0.0568164,0.1721626,0.004323,0.9851783,0.5168712,0.0534853,0.4553991,10.604131561522696
1194.0,0.5134003,0.0,0.001675,0.010327,0.961474,0.0,0.893617,0.006079,0.0273556,0.0573066,0.0,0.993921,0.0229226,0.5333333,0.7272727,10.969938154395841
199.0,0.5577889,0.0,0.2110553,0.1022727,0.9145729,0.0,0.7857143,0.0,0.0285714,0.5035461,0.0,1.0,0.1134752,0.2857143,0.0,10.628641991731053
4088.0,0.4987769,0.0002446,0.0719178,0.0614934,0.8857632,0.0,0.7647059,0.0145406,0.0442829,0.0531915,0.0,0.9953734,0.3817272,0.1006865,0.375,10.606609816118151
538.0,0.6765799,0.0018587,0.1133829,0.1206897,0.5613383,0.3791822,0.7419355,0.0,0.0,0.0814815,0.0,1.0,0.1777778,0.0769231,1.0,10.322230781590136
920.0,0.4967391,0.0184783,0.1065217,0.0799136,0.9032609,0.0,0.7597598,0.0,0.024024,0.075,0.015015,0.993994,0.2194444,0.1428571,0.3333333,10.2328272702548
1848.0,0.4843074,0.0010823,0.1991342,0.1752361,0.8387446,0.0768398,0.7863636,0.0015152,0.0181818,0.04209,0.0,0.9984848,0.1364296,0.0816327,0.75,10.609081944147828
593.0,0.4940978,0.0016863,0.1264755,0.0966667,0.836425,0.0,0.665272,0.0167364,0.0543933,0.0981132,0.0041841,1.0,0.2943396,0.0126582,0.5,10.673618922112436
10857.0,0.4574008,0.0045132,0.2247398,0.178238,0.814866,0.0280925,0.6582805,0.0026252,0.0242835,0.074509,0.0032816,0.9973748,0.4150638,0.0677043,0.6759259,10.110542371500753
2044.0,0.4877691,0.0009785,0.1810176,0.0964661,0.898728,0.0,0.7772277,0.0024752,0.0309406,0.2587156,0.0024752,0.9975248,0.066055,0.119403,0.375,11.481445117743048
1010.0,0.4940594,0.0,0.1207921,0.0919765,0.8950495,0.0,0.7804233,0.005291,0.0555556,0.0381679,0.0,0.9867725,0.3282443,0.1632653,0.0,10.134638955251866
815.0,0.4723926,0.003681,0.198773,0.1604651,0.8503067,0.0,0.6726727,0.003003,0.039039,0.1282723,0.0,1.0,0.2931937,0.0330579,1.0,10.142543822310387
2395.0,0.4722338,0.0012526,0.2242171,0.1732595,0.7966597,0.0713987,0.6971366,0.0066079,0.034141,0.0411827,0.0,0.9977974,0.3051742,0.0805085,0.4285714,10.192456296870509
50452.0,0.4860065,0.0839412,0.1557124,0.1063165,0.8055974,0.0200785,0.6588507,0.0041292,0.0721624,0.0437623,0.0734405,0.956152,0.3828617,0.0520947,0.3803681,11.745631152988125
618.0,0.4708738,0.0,0.184466,0.1590214,0.8300971,0.0,0.6203008,0.0,0.0150376,0.0731707,0.0,1.0,0.3554007,0.0681818,1.0,9.615805480084347
2176.0,0.4517463,0.1488971,0.1875,0.1533948,0.8690257,0.0,0.713969,0.0066519,0.0199557,0.0662526,0.1441242,0.9944568,0.3706004,0.0782313,0.9,10.281958234245314
571.0,0.5096322,0.1225919,0.1243433,0.0857143,0.8791594,0.0,0.7307692,0.0048077,0.0528846,0.1544715,0.1346154,0.9519231,0.3130081,0.0727273,0.7777778,10.416341118636355
7332.0,0.454719,0.422395,0.1958538,0.1758379,0.8040098,0.0375068,0.6549669,0.0016556,0.0301325,0.0547731,0.3692053,0.9953642,0.456338,0.0880503,0.5,10.379752786950895
197.0,0.5329949,0.0,0.1319797,0.1086957,0.8832487,0.0,0.7464789,0.028169,0.056338,0.0897436,0.0,1.0,0.2307692,0.3333333,0.6666667,10.158168529848494
4360.0,0.4612385,0.0013761,0.1412844,0.0996169,0.9243119,0.0020642,0.7877013,0.0029283,0.0175695,0.1304901,0.0021962,0.2789165,0.4958625,0.2278177,0.4324324,9.942756341456828
260.0,0.45,0.0,0.2115385,0.1538462,0.8461538,0.0,0.6782609,0.0,0.026087,0.017094,0.0,1.0,0.3418803,0.0,0.0,10.098272780745283
6494.0,0.4972282,0.2311364,0.0696027,0.0713629,0.8270711,0.0346474,0.7158562,0.0042283,0.0718816,0.0847523,0.2008457,0.982241,0.2298762,0.0858639,0.2,11.08523008522044
1073.0,0.4827586,0.000932,0.082945,0.0630631,0.8918919,0.0,0.7544304,0.0025316,0.0455696,0.0504808,0.0025316,0.9974684,0.1538462,0.1132075,0.2,11.9601785009348
1581.0,0.4775459,0.0,0.2188488,0.2033898,0.8134092,0.0347881,0.6418605,0.0015504,0.0124031,0.1054092,0.0,0.924031,0.3550624,0.1189189,0.5454545,9.933094897288786
3760.0,0.4617021,0.0167553,0.2196809,0.1828063,0.8154255,0.0396277,0.671224,0.0026042,0.0221354,0.0884273,0.0136719,0.9954427,0.315727,0.0778947,0.35,10.094149233605084
439.0,0.4897494,0.0068337,0.1845103,0.1026786,0.8633257,0.0,0.7409639,0.0,0.0722892,0.1902439,0.0120482,0.9819277,0.097561,0.0588235,1.0,13.057080045630833
579.0,0.4939551,0.0,0.1416235,0.1228669,0.8791019,0.0,0.6933333,0.0,0.0044444,0.127907,0.0,0.8133333,0.2713178,0.0566038,1.0,9.942756341456828
902.0,0.4900222,0.1119734,0.1529933,0.15,0.8713969,0.0,0.7142857,0.0084034,0.0196078,0.1007557,0.0980392,0.9971989,0.3350126,0.1411765,0.6666667,9.615805480084347
1697.0,0.4631703,0.5173836,0.1060695,0.1273326,0.9051267,0.0,0.7524272,0.0016181,0.0080906,0.0734633,0.487055,0.9967638,0.3133433,0.1641791,0.5,10.534785924769006
503.0,0.4671968,0.3658052,0.1630219,0.1380597,0.9085487,0.0,0.7555556,0.0,0.0111111,0.1,0.2888889,0.9944444,0.31,0.2272727,0.5,10.021315031649332
3345.0,0.4571001,0.606278,0.1760837,0.1470264,0.8281016,0.0325859,0.6688155,0.0016116,0.0370669,0.0724963,0.5398872,0.9943594,0.377429,0.1431127,0.4444444,10.177362240256695
775.0,0.4722581,0.0,0.1264516,0.0806846,0.8980645,0.0,0.7610922,0.003413,0.0204778,0.0517799,0.0,0.9931741,0.3139159,0.12,0.5,10.225607282932941
72884.0,0.4899292,0.0134872,0.0841611,0.0664945,0.8899759,0.0002332,0.7486911,0.0012993,0.0463179,0.0378718,0.0147896,0.9897199,0.214509,0.0350506,0.2666667,11.511934974596555
1756.0,0.498861,0.0068337,0.131549,0.075,0.9487472,0.0,0.8687708,0.0,0.0182724,0.0098684,0.0066445,0.9983389,0.0049342,0.1176471,0.0,11.265758139843117
1487.0,0.4983188,0.2232683,0.0961668,0.0924933,0.8749159,0.0383322,0.7772727,0.0022727,0.0522727,0.0618337,0.2136364,0.7522727,0.196162,0.2272727,0.8571429,10.898607948952096
32.0,0.5625,0.0,0.1875,0.0,0.90625,0.0,0.7692308,0.0,0.0,0.1333333,0.0,1.0,0.1333333,0.3333333,1.0,9.615805480084347
2596.0,0.5034669,0.0007704,0.0489214,0.0636152,0.9364407,0.0227273,0.8525424,0.0050847,0.0254237,0.1498559,0.0016949,0.9779661,0.6613833,0.4543269,0.8,9.615805480084347
459.0,0.5185185,0.0,0.0522876,0.0678733,0.9542484,0.0,0.887931,0.0172414,0.0258621,0.0645161,0.0,1.0,0.3467742,0.3333333,0.0,9.758519582283522
1078.0,0.4888683,0.0621521,0.1131725,0.092559,0.9025974,0.0,0.7576602,0.0083565,0.0334262,0.0527704,0.0668524,0.9777159,0.23219,0.1477273,0.5714286,11.342149006315793
745.0,0.4805369,0.2899329,0.2040268,0.1860465,0.833557,0.0,0.6075085,0.0068259,0.0204778,0.2800983,0.3174061,0.5836177,0.3882064,0.1894737,0.6666667,9.615805480084347
697.0,0.5050215,0.0659971,0.0588235,0.0985507,0.9196557,0.0,0.8008658,0.0,0.04329,0.1315789,0.04329,0.995671,0.3421053,0.1315789,1.0,10.53212287826962
547.0,0.4789762,0.0,0.179159,0.154386,0.8537477,0.0,0.67713,0.0,0.0358744,0.0708333,0.0,1.0,0.3291667,0.0517241,1.0,9.97119292889014
3777.0,0.4609478,0.0007943,0.2599947,0.2043222,0.8189039,0.024358,0.6634731,0.0011976,0.0161677,0.0602138,0.0,0.9964072,0.3736635,0.0626305,0.3636364,9.975854724662028
1692.0,0.5112293,0.000591,0.0732861,0.0314389,0.9343972,0.0,0.8456014,0.0017953,0.0394973,0.0429553,0.0,0.9443447,0.1907216,0.1439394,0.5714286,11.119897691565697
8347.0,0.4979034,0.1903678,0.0009584,0.0026247,0.9959267,0.0,0.9864924,0.0,0.0013072,0.028777,0.1891068,0.946841,0.1832416,0.1983289,0.0,10.915106645867503
7242.0,0.4863297,0.0063518,0.1362883,0.0626344,0.9059652,0.0024855,0.8111572,0.0033924,0.0452318,0.0111815,0.005277,0.9894459,0.1203876,0.0727273,0.2,11.968456114085114
402.0,0.4950249,0.0124378,0.1069652,0.08867,0.9129353,0.0,0.7902098,0.006993,0.020979,0.0592105,0.006993,0.993007,0.4013158,0.1052632,1.0,10.762170357789895
3963.0,0.4776684,0.0012617,0.1834469,0.1478261,0.7996467,0.0527378,0.6816406,0.0071615,0.046224,0.1336717,0.0026042,0.9973958,0.3237451,0.043659,0.7307692,10.477316144080852
3306.0,0.4891107,0.0003025,0.0266183,0.0503256,0.9373866,0.0205687,0.8697183,0.0046948,0.0187793,0.1393939,0.0011737,0.991784,0.5878788,0.2828283,0.5,10.254179634797001
1942.0,0.5118435,0.0066941,0.0870237,0.0516878,0.9629248,0.0,0.9065282,0.0014837,0.0118694,0.024602,0.004451,0.9970326,0.0303907,0.1904762,0.25,11.231901180182515
2132.0,0.5032833,0.1106942,0.0797373,0.0727101,0.9272983,0.0,0.8293011,0.0013441,0.0282258,0.0437018,0.077957,0.9973118,0.1092545,0.137931,0.25,10.811766273800105
164.0,0.445122,0.0,0.2621951,0.1208791,0.8658537,0.0,0.6865672,0.0,0.0149254,0.3020833,0.0,0.238806,0.5729167,0.1,0.0,9.615805480084347
301.0,0.4750831,0.0,0.10299,0.0886076,0.8903654,0.0,0.7256637,0.0,0.0176991,0.096,0.0,0.9911504,0.216,0.1515152,0.6666667,9.615805480084347
225.0,0.5155556,0.0088889,0.16,0.1100917,0.9244444,0.0,0.7974684,0.0,0.0126582,0.1022727,0.0,0.5063291,0.3522727,0.2105263,0.75,9.615805480084347
514.0,0.4805447,0.0,0.3657588,0.2397004,0.7879377,0.0,0.5836576,0.0,0.0077821,0.0918728,0.0,0.9922179,0.2508834,0.0625,1.0,9.615805480084347
2798.0,0.4739099,0.4571122,0.1422445,0.125,0.8766976,0.0114367,0.7246377,0.0038647,0.0183575,0.0913082,0.3835749,1.0,0.3064091,0.0609756,0.8,10.502351525774941
1601.0,0.4503435,0.0006246,0.1380387,0.1238636,0.8475953,0.0568395,0.7426087,0.0,0.0086957,0.0527183,0.0,1.0,0.3640857,0.1178707,0.75,10.650199196425806
1557.0,0.4637123,0.0,0.2793834,0.1952096,0.7874117,0.0327553,0.5991058,0.0,0.0163934,0.1297017,0.0,1.0,0.3696498,0.0959596,0.5714286,10.434145214930487
2543.0,0.4679512,0.0027527,0.2060558,0.1810791,0.8694455,0.0,0.7033493,0.0,0.0210526,0.1006885,0.0038278,0.9885167,0.2633391,0.063197,0.7567568,10.515993929932415
4921.0,0.4649461,0.0087381,0.1389961,0.0896316,0.8831538,0.0,0.7471443,0.0036345,0.0384216,0.0148338,0.0062305,0.9911734,0.1831202,0.0789474,0.0,10.881832472145556
278.0,0.5071942,0.0,0.1510791,0.0510949,0.9208633,0.0,0.8061224,0.0102041,0.0204082,0.0841121,0.0,0.9795918,0.2803738,0.1923077,0.5,10.278527816830314
207.0,0.5120773,0.0,0.0483092,0.019802,0.9082126,0.0,0.7096774,0.0,0.016129,0.2705882,0.0,1.0,0.9294118,0.2222222,0.0,9.615805480084347
2412.0,0.4805141,0.1898839,0.1140133,0.094174,0.9369818,0.0,0.8222222,0.0,0.0098765,0.0689655,0.145679,0.9888889,0.2873563,0.1759259,0.8571429,10.63106031411106
164693.0,0.503124,0.2690035,0.1138785,0.097138,0.6858458,0.0860814,0.5609637,0.0050835,0.1092644,0.1051685,0.2075704,0.925285,0.5253252,0.0650646,0.2705479,10.987003123724813
745.0,0.4899329,0.0,0.2456376,0.1026316,0.8912752,0.0,0.7402597,0.0,0.0032468,0.2853828,0.0,1.0,0.1809745,0.0816327,0.5,10.938467575959383
2561.0,0.4588052,0.2237407,0.1600937,0.1457431,0.7313549,0.1651699,0.7061611,0.0035545,0.0154028,0.0875676,0.1966825,0.9952607,0.2994595,0.1022727,0.6,10.425282789490705
10099.0,0.4846024,0.0023765,0.1172393,0.0741595,0.8835528,0.0114863,0.7592934,0.0029001,0.0321645,0.0281834,0.0021091,0.996309,0.2490392,0.0446927,0.2666667,10.614007941153417
11060.0,0.468264,0.0033454,0.19566,0.13059,0.8225136,0.0135624,0.6607968,0.0050627,0.0449042,0.0619451,0.0041823,0.9634603,0.358662,0.0928339,0.4772727,10.515993929932415
826.0,0.4430993,0.4951574,0.2033898,0.176087,0.8837772,0.0,0.7047619,0.0,0.0095238,0.0948276,0.4,1.0,0.3247126,0.1647059,0.6666667,9.809231816610408
3177.0,0.4907145,0.0025181,0.3887315,0.1396786,0.8199559,0.0434372,0.7414871,0.0020848,0.0375261,0.5657815,0.0006949,0.9770674,0.6940253,0.0849673,0.3219512,11.055656405795794
9828.0,0.4912495,0.000814,0.1578144,0.136,0.8309931,0.007326,0.6614253,0.0038042,0.0522445,0.0228005,0.0007608,0.9584073,0.3744734,0.0555193,0.5,11.255462171102444
1380.0,0.5043478,0.0007246,0.1123188,0.0935673,0.8768116,0.0,0.7231969,0.0019493,0.0448343,0.1200686,0.0019493,0.9902534,0.3156089,0.0697674,0.5,10.881832472145556
230.0,0.4869565,0.0,0.2434783,0.1610169,0.8652174,0.0,0.6774194,0.0,0.0107527,0.1142857,0.0,1.0,0.2,0.1666667,0.5,9.615805480084347
1267.0,0.4585635,0.0,0.2091555,0.164723,0.7671665,0.0,0.5787671,0.0034247,0.0702055,0.2851897,0.0,0.9982877,0.380661,0.0217391,0.9230769,11.268315653289422
10749.0,0.5007908,0.0038143,0.0948925,0.0683936,0.8517071,0.0030701,0.7189526,0.0052369,0.0825436,0.0493125,0.0022444,0.9750623,0.3947368,0.1097473,0.08,11.156264806643742
5528.0,0.4752171,0.336288,0.0587916,0.0634264,0.9193198,0.0059696,0.8208791,0.0032967,0.0357143,0.0421053,0.2961538,0.9906593,0.2052632,0.185907,0.5,10.829748417047593
7137.0,0.4670029,0.5924058,0.1368923,0.1301262,0.8537201,0.042735,0.7246438,0.003772,0.0251467,0.0938093,0.5360436,0.9861693,0.4272693,0.1532067,0.9069767,10.21833478806055
215.0,0.5023256,0.0,0.3813953,0.1214953,0.8093023,0.0,0.6952381,0.0095238,0.0761905,0.3092105,0.0,1.0,0.3815789,0.0,0.0,11.017004873924424
62.0,0.5806452,0.0,0.1935484,0.1923077,0.7419355,0.0,0.5483871,0.0322581,0.0645161,0.0,0.0,1.0,0.3225806,0.0,0.0,9.615805480084347
464.0,0.4525862,0.5689655,0.1573276,0.1968504,0.9073276,0.0,0.7405063,0.0,0.0126582,0.1770833,0.5189873,0.9936709,0.1614583,0.2162162,0.6666667,10.077482875583607
118.0,0.5847458,0.0,0.0932203,0.122449,0.8559322,0.0,0.7631579,0.0526316,0.0526316,0.025641,0.0,0.9473684,0.2051282,0.3333333,0.0,10.616461869895815
507.0,0.4457594,0.0039448,0.183432,0.1174377,0.8915187,0.0,0.757732,0.0051546,0.0309278,0.0805687,0.0103093,1.0,0.2985782,0.0652174,0.0,10.025749432069084
121.0,0.4545455,0.0,0.1818182,0.1515152,0.8677686,0.0,0.7083333,0.0208333,0.0208333,0.1724138,0.0,1.0,0.2241379,0.0,1.0,9.615805480084347
4026.0,0.5034774,0.0014903,0.0881769,0.0745373,0.9056135,0.0,0.7850907,0.0040296,0.02955,0.065872,0.0013432,0.9731363,0.2942284,0.0863787,0.6086957,10.502351525774941
704.0,0.4630682,0.0,0.2045455,0.1560847,0.8096591,0.0,0.6148867,0.0032362,0.038835,0.0803571,0.0,1.0,0.4077381,0.0300752,0.3333333,10.596659732783579
80561.0,0.486923,0.1933318,0.0917317,0.0795471,0.8660518,0.0230633,0.7446391,0.0045999,0.0359873,0.1460343,0.1797673,0.9472705,0.3567385,0.0970928,0.5474083,10.628641991731053
696.0,0.4856322,0.0014368,0.1321839,0.0865922,0.9166667,0.0,0.8,0.0,0.0230769,0.0334572,0.0038462,0.9923077,0.2453532,0.0925926,0.6666667,10.69650269224425
239.0,0.5146444,0.0,0.1464435,0.0862069,0.916318,0.0,0.7777778,0.0,0.0,0.2105263,0.0,1.0,0.3245614,0.0,0.6666667,9.615805480084347
5918.0,0.4633322,0.0023657,0.2500845,0.1533375,0.8058466,0.0202771,0.638535,0.0039809,0.0398089,0.0924855,0.0027866,0.9104299,0.5567197,0.0824373,0.3170732,10.76004951120163
277.0,0.4801444,0.9855596,0.198556,0.2291667,0.8555957,0.0,0.6530612,0.0102041,0.0204082,0.1327434,0.9897959,0.9897959,0.5044248,0.1818182,0.5,9.615805480084347
16317.0,0.4709199,0.0050254,0.1415089,0.1109695,0.7872771,0.0195502,0.6178561,0.002517,0.0731418,0.0872973,0.004886,0.9955582,0.3431081,0.0375734,0.4495413,11.866402300407264
1515.0,0.4950495,0.0039604,0.1042904,0.0745098,0.8679868,0.0,0.7084806,0.0,0.0565371,0.100159,0.0053004,0.9893993,0.2941176,0.0478723,0.8571429,11.712603850073448
466.0,0.4678112,0.0,0.3412017,0.2096774,0.7660944,0.1287554,0.7098765,0.0,0.0123457,0.0742857,0.0,1.0,0.16,0.1578947,0.25,9.857495968685136
22355.0,0.4726907,0.0288973,0.1641244,0.1188497,0.8356072,0.007202,0.6659233,0.0014496,0.0486173,0.0532095,0.030107,0.9271855,0.5713682,0.0618455,0.4489796,11.926365356462313
4214.0,0.5004746,0.0009492,0.0714286,0.0422803,0.9451827,0.0,0.8563649,0.0013615,0.0115725,0.0696643,0.0013615,0.9863853,0.1868271,0.147619,0.5833333,10.785207543360087
11748.0,0.4466292,0.0411985,0.1810521,0.1525919,0.8099251,0.0093633,0.6187475,0.0031508,0.0313115,0.1199307,0.0387948,0.9960614,0.3611785,0.0789474,0.6953642,10.102379394048045
1821.0,0.457441,0.0120813,0.2553542,0.1902834,0.8028556,0.0,0.6016647,0.0,0.0261593,0.09375,0.0083234,0.9928656,0.4299569,0.0269542,0.6923077,10.184937747111391
96.0,0.53125,0.0,0.09375,0.0666667,0.6770833,0.0,0.5,0.0,0.1521739,0.6,0.0,1.0,0.8956522,0.0,1.0,10.102379394048045
10916.0,0.4938622,0.0388421,0.0909674,0.0774661,0.9376145,0.008428,0.8760929,0.0024118,0.033464,0.0206673,0.0355743,0.9707567,0.0655447,0.1827957,0.375,12.07083122020422
282.0,0.4858156,0.0,0.2375887,0.1310345,0.858156,0.0,0.6779661,0.0,0.0169492,0.1060606,0.0,1.0,0.1515152,0.1904762,0.0,9.615805480084347
443.0,0.4943567,0.0,0.1557562,0.1026786,0.8781038,0.0,0.7093023,0.0,0.0232558,0.2554113,0.0,1.0,0.3506494,0.1190476,1.0,9.615805480084347
881.0,0.4790011,0.0,0.2077185,0.1394336,0.8626561,0.0,0.7167139,0.0084986,0.0311615,0.294,0.0,1.0,0.434,0.0857143,0.5,10.682835364853922
3519.0,0.4600739,0.0275646,0.2517761,0.2042105,0.8209719,0.0366581,0.6721992,0.0020747,0.0145228,0.1935304,0.0228216,0.917704,0.3892917,0.0869565,0.7647059,9.781376414141157
63909.0,0.4883663,0.0272419,0.1460201,0.1028809,0.8197906,0.0248322,0.662156,0.0061884,0.049837,0.1086637,0.0266513,0.9083296,0.426675,0.0987679,0.6158445,10.626217806887722
1460.0,0.4582192,0.0,0.2068493,0.1580278,0.8630137,0.0,0.6852459,0.0,0.0131148,0.098966,0.0,0.9918033,0.3559823,0.1764706,0.5,10.21833478806055
6709.0,0.4969444,0.0078998,0.1621702,0.0637037,0.9047548,0.0,0.7933852,0.0015564,0.0385214,0.02207,0.0077821,0.988716,0.1571537,0.0470085,0.0,11.944714374881176
610.0,0.4885246,0.0,0.0885246,0.0737179,0.9311475,0.0,0.8214286,0.0,0.0357143,0.0576923,0.0,0.9846939,0.1778846,0.2692308,0.5,10.482933978579906
341.0,0.5190616,0.0,0.1583578,0.1219512,0.8973607,0.0,0.7651515,0.0,0.030303,0.0364964,0.0,0.9924242,0.1605839,0.08,1.0,10.211009016314167
174.0,0.4827586,0.0,0.1149425,0.0666667,0.8735632,0.0,0.6969697,0.0151515,0.030303,0.0434783,0.0,0.9848485,0.2028986,0.0,1.0,9.893487720457795
651.0,0.4884793,0.0,0.093702,0.0870871,0.906298,0.0,0.7826087,0.0043478,0.0391304,0.0612245,0.0,0.9913043,0.3836735,0.1803279,1.0,10.385944565501662
5947.0,0.4975618,0.1906844,0.0709601,0.0793173,0.8350429,0.003363,0.6884247,0.0060923,0.0796345,0.1664853,0.1766754,0.9599652,0.3460283,0.0900474,0.1111111,11.154835234271214
455.0,0.4835165,0.010989,0.1340659,0.0765957,0.8043956,0.0,0.5990338,0.0,0.0289855,0.0633484,0.0096618,0.9951691,0.4524887,0.030303,0.0,11.246365410473757
297.0,0.4579125,0.0,0.1784512,0.1180124,0.9292929,0.0,0.8181818,0.0,0.0090909,0.0265487,0.0,0.9727273,0.0,0.0,1.0,12.130276325842603
4325.0,0.5276301,0.0046243,0.2291329,0.1732746,0.6971098,0.1384971,0.6044686,0.0042271,0.0277778,0.1153846,0.0018116,0.9885266,0.457265,0.0567376,0.9666667,10.081675578048475
75883.0,0.4878036,0.1847581,0.0465585,0.0464662,0.8478579,0.0039535,0.7048372,0.0030079,0.074429,0.0672082,0.1788675,0.9800986,0.2322273,0.0670477,0.1710526,11.722383799419628
3271.0,0.4500153,0.0547233,0.1990217,0.1712062,0.8343014,0.0278202,0.6855863,0.0014937,0.017177,0.0543785,0.0455564,0.9977595,0.4159605,0.0575397,0.5714286,10.318935994253193
2880.0,0.4375,0.3559028,0.2190972,0.1820988,0.796875,0.0364583,0.6354256,0.0051591,0.033534,0.1115355,0.3181427,0.9982803,0.3475936,0.0948419,0.7096774,10.448743588106625
53691.0,0.4976067,0.0094988,0.0725261,0.0600949,0.9026653,0.0057738,0.803872,0.0039065,0.0609525,0.0339641,0.0099385,0.9355432,0.2353072,0.1255201,0.2561983,12.404927602627597
296.0,0.4797297,0.0574324,0.1891892,0.1233766,0.8614865,0.0,0.6859504,0.0,0.0247934,0.1102941,0.0330579,0.9917355,0.4632353,0.1333333,0.0,9.803722464346553
10257.0,0.4881544,0.6572097,0.0854051,0.0845714,0.9066004,0.0160866,0.8180062,0.0085008,0.0556414,0.0204391,0.6429675,0.8666924,0.2407267,0.3835125,0.4166667,11.801114908687438
272.0,0.4852941,0.0,0.2867647,0.1928571,0.8676471,0.0,0.6902655,0.0,0.0088496,0.0813008,0.0,1.0,0.2357724,0.1538462,1.0,9.615805480084347
1657.0,0.4912492,0.002414,0.2305371,0.13879,0.6916113,0.0,0.5304659,0.0095579,0.1170848,0.5159051,0.0023895,0.9904421,0.7744361,0.0415648,0.2,11.072884439922198
148.0,0.5337838,0.0067568,0.1824324,0.0289855,0.8851351,0.0,0.7735849,0.0188679,0.0377358,0.2318841,0.0188679,1.0,0.173913,0.0,0.0,9.615805480084347
456.0,0.5109649,0.0,0.0614035,0.0313901,0.9517544,0.0,0.8639456,0.0,0.0136054,0.0264901,0.0,0.9387755,0.1788079,0.25,0.5,10.995427631436174
4187.0,0.4728923,0.0124194,0.1867686,0.1359311,0.8844041,0.0021495,0.7479142,0.0041716,0.023242,0.0583614,0.0101311,0.9940405,0.295174,0.0811359,0.3125,10.31231367277647
560.0,0.4714286,0.0,0.2285714,0.1689189,0.8232143,0.0,0.6269841,0.0039683,0.015873,0.0735294,0.0,1.0,0.2169118,0.0566038,0.6666667,9.615805480084347
13713.0,0.5032451,0.0285131,0.0654853,0.0565179,0.9348064,0.0016772,0.8529179,0.00845,0.0483232,0.01942,0.0261421,0.6432532,0.2566028,0.3660287,0.36,11.813037464800539
188.0,0.5,0.0,0.2712766,0.1489362,0.8404255,0.0,0.6385542,0.0,0.0,0.3464567,0.0,1.0,0.5433071,0.1052632,0.5,9.615805480084347
137.0,0.4963504,0.0,0.189781,0.1304348,0.8832117,0.0,0.7368421,0.0,0.0175439,0.0338983,0.0,1.0,0.2542373,0.0,0.0,10.275085591132715
886.0,0.4638826,0.0124153,0.4243792,0.1936842,0.8284424,0.0,0.6898876,0.0022472,0.0247191,0.7301395,0.0067416,0.9955056,0.3020012,0.0666667,0.6190476,10.410335274932896
275.0,0.4763636,0.0,0.2145455,0.1666667,0.8581818,0.0,0.7008547,0.0,0.034188,0.1397059,0.0,1.0,0.3014706,0.0,0.2,9.615805480084347
1707.0,0.5161101,0.0011716,0.1036907,0.0786925,0.9185706,0.0,0.787931,0.0017241,0.0241379,0.2467532,0.0,0.1689655,0.4,0.1496063,0.8181818,10.62135173563291
571.0,0.4238179,0.0,0.2329247,0.1975684,0.8143608,0.0,0.5936255,0.0039841,0.0079681,0.1130742,0.0,1.0,0.3639576,0.1044776,0.5555556,9.820160289946374
20958.0,0.4837294,0.0032446,0.1472469,0.1058226,0.8523714,0.0099723,0.7051454,0.0040141,0.0448851,0.024561,0.0021895,0.9861331,0.3259374,0.0478873,0.3,10.947309210188068
6740.0,0.4596439,0.0068249,0.2160237,0.1746293,0.811276,0.0274481,0.6528983,0.003471,0.02395,0.0923125,0.0048594,0.9979174,0.305293,0.0560292,0.5362319,10.165890277802454
2048.0,0.6005859,0.3945312,0.1435547,0.198044,0.5498047,0.3164062,0.6084906,0.0015723,0.0361635,0.0901288,0.2327044,0.9921384,0.3719599,0.0496183,0.5714286,10.5815464756746
1688.0,0.4988152,0.014218,0.1143365,0.0839243,0.9004739,0.0,0.7770383,0.0049917,0.0449251,0.0962406,0.0116473,0.9866889,0.1759398,0.0779221,0.6666667,11.374823643830945
297.0,0.4444444,0.0,0.2592593,0.2121212,0.7710438,0.0,0.5578231,0.0068027,0.0136054,0.1967213,0.0,1.0,0.420765,0.0,1.0,9.615805480084347
81.0,0.4691358,0.3703704,0.1851852,0.1162791,0.9135802,0.0,0.7878788,0.0,0.0,0.195122,0.4242424,1.0,0.4634146,0.1,0.0,9.615805480084347
425.0,0.4917647,0.0,0.1317647,0.0509259,0.8423529,0.0,0.6932515,0.006135,0.0858896,0.1421053,0.0,0.9325153,0.3263158,0.1176471,1.0,10.936689829317784
133.0,0.4736842,0.0,0.1203008,0.0857143,0.924812,0.0,0.7674419,0.0,0.0,0.2586207,0.0,1.0,0.2413793,0.3846154,0.3333333,9.615805480084347
7852.0,0.5196128,0.0183393,0.0324758,0.0304878,0.8931482,0.0291645,0.8334016,0.0114613,0.0573066,0.0263053,0.0094147,0.9856734,0.1470705,0.1095008,0.2352941,11.028433383156079
686.0,0.483965,0.6005831,0.1705539,0.1666667,0.8921283,0.0014577,0.7233202,0.0039526,0.0039526,0.0964286,0.5059289,1.0,0.2285714,0.0294118,0.0,10.043292972227004
230.0,0.4608696,0.3130435,0.1652174,0.1612903,0.8130435,0.0652174,0.6785714,0.0,0.0119048,0.125,0.2738095,1.0,0.3125,0.1111111,1.0,10.781058245898533
8429.0,0.4918733,0.0010677,0.0978764,0.0693439,0.9196821,0.0002373,0.8049268,0.0039947,0.0219707,0.0597809,0.0009987,0.9320905,0.2917058,0.1409091,0.4545455,10.727684925086583
2760.0,0.4807971,0.0,0.1728261,0.1444522,0.8637681,0.0057971,0.7083333,0.0028409,0.0407197,0.0728709,0.0,0.999053,0.3125549,0.0860759,0.5454545,10.736418414365376
6779.0,0.4898953,0.005458,0.1109308,0.0561018,0.8687122,0.004868,0.7472784,0.0042768,0.0660964,0.0402985,0.0054432,0.9537325,0.266791,0.0760719,0.2173913,12.23660670021376
224.0,0.4419643,0.0580357,0.1696429,0.136,0.90625,0.0,0.7906977,0.0,0.0232558,0.1041667,0.0465116,1.0,0.28125,0.0434783,0.0,10.853232402669228
17728.0,0.4790727,0.0146097,0.1547834,0.122902,0.8517035,0.0435469,0.741503,0.0018709,0.025725,0.023447,0.0003118,0.9817587,0.2484775,0.0472527,0.2307692,11.046132675457146
1322.0,0.5022693,0.0030257,0.0688351,0.0531915,0.8555219,0.0,0.7101449,0.0062112,0.0828157,0.0988806,0.0020704,0.9792961,0.3563433,0.0374332,0.0,11.000448478455008
3839.0,0.4915343,0.0250065,0.1643657,0.1019467,0.8687158,0.0411566,0.8004172,0.0034771,0.0375522,0.0710594,0.0097357,0.9860918,0.2125323,0.0859375,0.4782609,10.943781931879723
13425.0,0.495121,0.0057356,0.141527,0.1217173,0.8407449,0.0201862,0.7027583,0.0030877,0.0518732,0.0511719,0.0055578,0.7494854,0.4755859,0.1090516,0.0833333,11.591745887495987
1108.0,0.4557762,0.0009025,0.1976534,0.0878939,0.7942238,0.0830325,0.6924939,0.0,0.0217918,0.1359833,0.0024213,1.0,0.290795,0.0909091,0.8,10.373522431293592
9984.0,0.4978966,0.1058694,0.0410657,0.036904,0.9245793,0.0014022,0.825489,0.007335,0.0348411,0.1364476,0.1029951,0.8878362,0.3462655,0.16655,0.7643312,10.87806606028079
296.0,0.4864865,0.0,0.2331081,0.1644737,0.8310811,0.0,0.6377953,0.007874,0.023622,0.1910828,0.0,0.992126,0.3248408,0.1428571,0.8333333,9.615805480084347
29563.0,0.4796536,0.0097419,0.1277949,0.1013456,0.8452457,0.0488448,0.7350303,0.0065721,0.0401627,0.0483471,0.0079282,0.7377425,0.4366127,0.2057652,0.2553191,10.945547126244623
614.0,0.4869707,0.0,0.1791531,0.0888889,0.8648208,0.0,0.7161017,0.0084746,0.0423729,0.0634921,0.0,0.9957627,0.2380952,0.0943396,1.0,9.994287576862567
15427.0,0.4750113,0.0150386,0.1708044,0.1256945,0.8226486,0.0241784,0.6670361,0.0041165,0.029924,0.1041135,0.0159911,0.9762508,0.3391489,0.0815765,0.6271186,10.243560441877241
2895.0,0.474266,0.0003454,0.1951641,0.1727989,0.8694301,0.0034542,0.7094308,0.0016992,0.0186916,0.0746855,0.0,0.9983008,0.1383648,0.0598802,0.9,9.65509029374725
19810.0,0.4670369,0.0019182,0.1610803,0.0891267,0.8904594,0.0001514,0.7463142,0.0001271,0.0200813,0.0318691,0.0011439,0.9945348,0.0984373,0.0188537,0.447619,11.860768522363712
4506.0,0.4409676,0.6602308,0.1431425,0.1544264,0.8806036,0.0197514,0.7372774,0.0025445,0.0197201,0.0780059,0.6087786,0.9955471,0.3307918,0.1714771,0.75,10.085850775128717
1423.0,0.4961349,0.0,0.0744905,0.0725244,0.9255095,0.0,0.798627,0.0,0.0411899,0.3338415,0.0,1.0,0.3033537,0.267148,0.0,10.370392636243981
303.0,0.5082508,0.0,0.1386139,0.1006711,0.8514851,0.0,0.6491228,0.0087719,0.0350877,0.0655738,0.0,1.0,0.295082,0.1304348,0.0,9.615805480084347
2677.0,0.4322002,0.0003736,0.3044453,0.2486842,0.775495,0.0190512,0.5861801,0.0015528,0.0108696,0.118412,0.0,0.9984472,0.4134155,0.0471464,0.8214286,9.723223876851618
1656.0,0.4903382,0.0,0.0929952,0.0864929,0.8762077,0.0060386,0.7567114,0.0050336,0.0704698,0.0614173,0.0,1.0,0.1826772,0.057971,0.6666667,11.265758139843117
4040.0,0.480198,0.2311881,0.2126238,0.167619,0.8123762,0.0425743,0.6713759,0.0030713,0.022113,0.0616715,0.1990172,0.997543,0.3463977,0.0861057,0.4761905,10.038935856711177
790.0,0.456962,0.0,0.178481,0.1468531,0.8848101,0.0,0.7408537,0.0030488,0.0152439,0.0492754,0.0,0.9969512,0.4637681,0.1,0.0,10.485731104959568
2149.0,0.4541647,0.3094463,0.221033,0.2054561,0.7868776,0.0879479,0.6902107,0.0024783,0.0173482,0.0438389,0.291202,0.9975217,0.3661137,0.066092,0.5,9.989711119284745
306.0,0.4934641,0.0,0.1993464,0.1935484,0.8888889,0.0,0.75,0.0083333,0.0083333,0.0163934,0.0,1.0,0.1721311,0.1,0.0,9.635673464721814
82106.0,0.4762624,0.0200107,0.1296738,0.1036696,0.8326066,0.0252113,0.6844435,0.0043557,0.0701866,0.0461086,0.0220971,0.6762987,0.6007972,0.1493801,0.2886598,12.09066740567538
1287.0,0.4747475,0.013209,0.1926962,0.1730769,0.8391608,0.0707071,0.7640449,0.0022472,0.0157303,0.0089087,0.011236,0.9955056,0.1514477,0.0588235,1.0,10.766398604507042
2059.0,0.4536183,0.001457,0.2957746,0.2195556,0.7775619,0.0568237,0.6295872,0.0022936,0.0183486,0.1156187,0.0,0.9965596,0.2707911,0.0434783,0.7619048,9.635673464721814
76.0,0.5,0.0,0.1973684,0.0789474,0.9078947,0.0,0.7741935,0.0,0.0,0.1142857,0.0,1.0,0.0571429,0.0,1.0,9.857495968685136
356.0,0.4859551,0.0,0.1769663,0.147541,0.8258427,0.0,0.630137,0.0068493,0.0342466,0.1461988,0.0,0.9863014,0.3859649,0.1025641,0.75,10.102379394048045
56.0,0.4821429,0.0,0.3035714,0.2068966,0.875,0.0,0.7083333,0.0,0.0,0.2727273,0.0,1.0,0.6060606,0.0,1.0,9.615805480084347
1991.0,0.443998,0.357107,0.2209945,0.2122855,0.8161728,0.048217,0.676129,0.0,0.0232258,0.1009281,0.3083871,0.9974194,0.324826,0.0877863,0.6428571,10.130662964963708
400.0,0.47,0.0,0.205,0.1415094,0.8825,0.0,0.7421384,0.0,0.0377358,0.0185185,0.0,1.0,0.0185185,0.0,0.5,11.502885230075814
317.0,0.4353312,0.0,0.0946372,0.0335196,0.9116719,0.0,0.7857143,0.0089286,0.0357143,0.0175439,0.0,1.0,0.245614,0.097561,0.0,10.945547126244623
308.0,0.5097403,0.0,0.1818182,0.1059603,0.8928571,0.0,0.7642276,0.0,0.0325203,0.0820896,0.0,0.9918699,0.4179104,0.2,1.0,10.335302435967074
496.0,0.453629,0.0,0.1209677,0.0590406,0.9133065,0.0,0.8238636,0.0056818,0.0397727,0.0537634,0.0,1.0,0.0430108,0.0833333,1.0,12.017336559562407
451.0,0.4900222,0.0088692,0.2372506,0.173913,0.8514412,0.0,0.7037037,0.0,0.021164,0.0780488,0.015873,1.0,0.4829268,0.0625,0.5,10.154285180632154
50.0,0.48,0.0,0.22,0.1153846,0.92,0.0,0.8888889,0.0,0.1111111,0.0526316,0.0,1.0,0.0,0.0,0.0,11.785247676408115
16318.0,0.4448462,0.0401397,0.1904645,0.1375428,0.7589778,0.0538669,0.6080654,0.0015786,0.0394661,0.0773305,0.0304248,0.9954076,0.3850636,0.0380756,0.6907216,10.626217806887722
27557.0,0.4695722,0.0065682,0.1680154,0.1124718,0.8724825,0.0109228,0.7445866,0.0008858,0.0438976,0.0235464,0.0056102,0.9930118,0.1624219,0.0523509,0.2857143,12.277932735946903
1292.0,0.4643963,0.0,0.3026316,0.2095376,0.7987616,0.0340557,0.6449912,0.0017575,0.0175747,0.0982567,0.0,0.9964851,0.3026941,0.0506329,0.7142857,9.615805480084347
1104.0,0.5335145,0.0,0.057971,0.0466019,0.8922101,0.0,0.7650794,0.0126984,0.0666667,0.0366972,0.0,0.5111111,0.5107034,0.4081633,0.5,10.518700218288165
1750.0,0.5028571,0.0017143,0.1777143,0.0965517,0.8708571,0.0,0.7368421,0.002845,0.0398293,0.3128055,0.002845,0.9502134,0.6050831,0.0729927,0.25,10.315630315397533
5580.0,0.4664875,0.2335125,0.2125448,0.1803829,0.8370968,0.0218638,0.6679139,0.0042095,0.0177736,0.1287694,0.2193639,0.868101,0.3508557,0.1562914,0.75,10.077482875583607
553.0,0.4520796,0.7920434,0.1410488,0.1122112,0.9132007,0.0,0.740113,0.0,0.0112994,0.1954545,0.700565,0.9943503,0.45,0.173913,0.2857143,9.615805480084347
2177.0,0.4768029,0.0036748,0.1952228,0.1237928,0.7827285,0.001378,0.6071429,0.005102,0.0673469,0.0675547,0.0030612,0.9612245,0.4462417,0.0587045,0.0,11.282266241614355
1589.0,0.4669604,0.027061,0.0912524,0.0637544,0.8703587,0.0075519,0.745,0.0033333,0.06,0.1071429,0.0233333,0.9833333,0.25,0.0416667,0.55,12.225880174775122
9781.0,0.4976996,0.0008179,0.0959002,0.0578058,0.9250588,0.0,0.8223046,0.0011409,0.0253851,0.0346916,0.0,0.9897319,0.0735132,0.076087,0.1724138,11.588042213851855
1639.0,0.471629,0.0012203,0.2165955,0.1847575,0.8377059,0.0329469,0.6950673,0.0014948,0.0119581,0.1740741,0.0,0.9955157,0.4407407,0.0584795,0.8823529,9.615805480084347
1212.0,0.4793729,0.0016502,0.120462,0.0935024,0.9075908,0.0231023,0.8139535,0.0023256,0.0069767,0.0772532,0.0,1.0,0.2682403,0.0972222,0.5384615,10.460270761075149
5330.0,0.4662289,0.0003752,0.2026266,0.1616872,0.804878,0.027955,0.6377737,0.0027372,0.0360401,0.0703986,0.0004562,0.9945255,0.4062765,0.064693,0.5263158,10.468829770273567
1398.0,0.4864092,0.0028612,0.1030043,0.0779944,0.9220315,0.0,0.7951318,0.0020284,0.0141988,0.0314342,0.0,0.9959432,0.1925344,0.0493827,0.4,10.860939421415225
81.0,0.4938272,0.0,0.2345679,0.0243902,0.9506173,0.0,0.8846154,0.0,0.0384615,0.1612903,0.0,1.0,0.1612903,0.3333333,0.0,9.615805480084347
362.0,0.5552486,0.0,0.2624309,0.1614907,0.8563536,0.0,0.6622517,0.0,0.0066225,0.2877358,0.0,0.4701987,0.3962264,0.1538462,1.0,9.615805480084347
29387.0,0.4806547,0.0121482,0.1586416,0.1139431,0.7488345,0.0133733,0.5645186,0.0064896,0.0765922,0.1110813,0.010489,0.9388772,0.455326,0.048089,0.5423729,11.031674824544641
846.0,0.4255319,0.0023641,0.1926714,0.1378601,0.8699764,0.0,0.6994048,0.0029762,0.0238095,0.0588235,0.0,0.9970238,0.2969188,0.0930233,0.6666667,10.225607282932941
1140.0,0.4938596,0.0254386,0.1447368,0.0831889,0.8780702,0.0,0.7524752,0.0074257,0.0742574,0.0859729,0.0173267,0.9876238,0.2579186,0.0990099,0.6666667,11.500863005142227
5567.0,0.4837435,0.0019759,0.1674151,0.1412665,0.8311478,0.0371834,0.6946165,0.0042878,0.034302,0.0273401,0.0014293,0.9757027,0.323911,0.0695266,0.1875,11.017004873924424
169759.0,0.4763636,0.0451758,0.1607396,0.1166472,0.7485965,0.0735572,0.6274498,0.0031776,0.0720212,0.0786316,0.0388673,0.9291841,0.363462,0.0852655,0.6337308,11.58989576532275
227.0,0.4493392,0.0396476,0.1189427,0.096,0.8325991,0.0,0.6588235,0.0117647,0.0823529,0.0860215,0.0352941,1.0,0.172043,0.0833333,0.0,10.604131561522696
295.0,0.4745763,0.1084746,0.1220339,0.1483871,0.8983051,0.0,0.7431193,0.0,0.0183486,0.0353982,0.1100917,1.0,0.2566372,0.2105263,1.0,10.36410350510914
1101.0,0.4904632,0.0009083,0.1162579,0.083779,0.9455041,0.0,0.8389831,0.0,0.0084746,0.0139276,0.0,0.9717514,0.0194986,0.2142857,0.25,12.380030154325457
158.0,0.4810127,0.0,0.1012658,0.1463415,0.8860759,0.0,0.6851852,0.0,0.0185185,0.1147541,0.0,1.0,0.2295082,0.3333333,1.0,9.615805480084347
2732.0,0.5237921,0.0442899,0.0384334,0.0284397,0.875549,0.0,0.7234886,0.0029732,0.0515362,0.2036306,0.0426165,0.8850347,0.4427782,0.0460526,0.125,10.837637848711049
1776.0,0.3125,0.0022523,0.0050676,0.000819,0.2702703,0.0,0.2369077,0.0374065,0.7057357,0.0564706,0.0049875,0.925187,0.2823529,0.5089514,0.0,0.0
506.0,0.5079051,0.0,0.1462451,0.1124498,0.8418972,0.0,0.6965174,0.0049751,0.079602,0.0382775,0.0,0.9850746,0.277512,0.0444444,0.0,9.975854724662028
1188.0,0.4924242,0.1069024,0.1346801,0.0961857,0.8956229,0.0,0.7494305,0.0,0.0296128,0.0477223,0.1047836,1.0,0.2494577,0.1290323,0.6,10.407318772389159
106.0,0.4811321,0.0,0.3301887,0.1090909,0.8396226,0.0,0.6875,0.0,0.0416667,0.0588235,0.0,0.9791667,0.4313725,0.0,0.0,9.615805480084347
6640.0,0.4876506,0.0003012,0.0739458,0.0587889,0.9308735,0.0,0.820902,0.0026019,0.0147441,0.0541427,0.0008673,0.9861232,0.2748154,0.1156069,0.6,10.825780236605917
118.0,0.5254237,0.0169492,0.1949153,0.1785714,0.9237288,0.0,0.8125,0.0,0.0,0.1578947,0.0208333,1.0,0.2105263,0.0,1.0,9.615805480084347
206.0,0.5728155,0.0,0.1067961,0.1136364,0.8883495,0.0,0.7662338,0.012987,0.038961,0.1149425,0.0,1.0,0.2528736,0.2222222,1.0,9.615805480084347
8919.0,0.4935531,0.0038121,0.1543895,0.0765995,0.7990806,0.0,0.664909,0.0039547,0.1067756,0.1718341,0.0031637,0.9636172,0.2237991,0.0613811,0.3333333,12.449022745701502
1317.0,0.4639332,0.0,0.229309,0.1926346,0.8329537,0.0,0.6407599,0.0034542,0.0172712,0.229028,0.0,0.9948187,0.3701731,0.1006711,0.6428571,9.615805480084347
5045.0,0.4556987,0.0009911,0.1861249,0.1613256,0.8231913,0.0346878,0.6730867,0.0040547,0.0248353,0.0586832,0.0010137,0.9913837,0.2867366,0.0888252,0.5,10.422311107413181
38596.0,0.4684682,0.010597,0.1927661,0.1278089,0.8555032,0.014017,0.7005646,0.0011549,0.0204029,0.0289097,0.011228,0.9924933,0.2296573,0.0201908,0.4285714,10.827766295132466
12351.0,0.4457129,0.0868756,0.2039511,0.1811277,0.8060076,0.0508461,0.6694594,0.0025933,0.0169559,0.0708063,0.0807899,0.9970078,0.3325301,0.0640842,0.5084746,10.31231367277647
1160.0,0.4724138,0.0017241,0.1431034,0.1078431,0.8163793,0.0715517,0.7028302,0.0,0.009434,0.0822511,0.0023585,0.9976415,0.1580087,0.0606061,0.4,10.640675541671662
697.0,0.4849354,0.0043042,0.1004304,0.0724234,0.9268293,0.0,0.8130435,0.0043478,0.0304348,0.017094,0.0,1.0,0.1623932,0.0263158,0.0,10.776891660007811
70487.0,0.4659157,0.1737909,0.153546,0.1266536,0.7979202,0.0435541,0.6582743,0.0048813,0.0469776,0.07831,0.1683488,0.9955224,0.3045125,0.0964796,0.4375,10.351405324899678
2947.0,0.4950797,0.0027146,0.0939939,0.0732527,0.8870037,0.0071259,0.782814,0.0075543,0.0585458,0.041629,0.0028329,0.97356,0.2542986,0.0850202,0.2,11.31204474745499
20457.0,0.4723078,0.7445373,0.0713692,0.0757758,0.7909273,0.0061593,0.600744,0.0080595,0.0896466,0.1996626,0.7185369,0.9843769,0.5426218,0.1097114,0.2653061,10.874285408908944
2406.0,0.5149626,0.0045719,0.0482128,0.0462725,0.9413965,0.0,0.862363,0.0048721,0.0243605,0.0497685,0.0048721,0.9914738,0.1643519,0.1194969,0.4285714,11.092869425057021
3479.0,0.4831848,0.0244323,0.0747341,0.0756396,0.8867491,0.0,0.7511278,0.0022556,0.0406015,0.0169993,0.0225564,0.9992481,0.2261641,0.0545455,0.6666667,10.774801838762809
1077.0,0.4447539,0.0009285,0.1922006,0.1638796,0.8430826,0.0,0.6630197,0.0043764,0.02407,0.1091618,0.0021882,0.9934354,0.4015595,0.0656934,0.5,9.989711119284745
12107.0,0.7563393,0.3440985,0.0005782,0.0020339,0.4306599,0.5668621,0.9785503,0.0007396,0.0007396,0.0145773,0.3446746,0.8912722,0.2973761,0.2732036,0.0,10.835671318412196
5054.0,0.4887218,0.0182034,0.1551247,0.0959752,0.8185596,0.0132568,0.6757301,0.0015106,0.0740181,0.0387222,0.009567,0.9697885,0.2303969,0.0455342,0.4444444,12.302750072044772
2854.0,0.4519972,0.0007008,0.2102313,0.1694373,0.779958,0.0585144,0.6352201,0.0062893,0.0413297,0.1074579,0.0,0.9946092,0.2886929,0.0564103,0.6,10.477316144080852
409.0,0.4498778,0.00978,0.2518337,0.2266667,0.8459658,0.0,0.6804124,0.0,0.0051546,0.0673077,0.0103093,0.9896907,0.1009615,0.0434783,1.0,10.477316144080852
4528.0,0.4785777,0.0002208,0.1936837,0.1003812,0.8900177,0.0015459,0.7810514,0.0080878,0.0450607,0.0571895,0.0,0.9849798,0.1247277,0.1204188,0.4615385,11.140425970684525
275.0,0.5236364,0.0,0.0436364,0.0458015,0.7781818,0.0,0.5575221,0.0,0.0884956,0.2662338,0.0,0.9911504,0.6688312,0.0714286,0.0,10.596659732783579
7423.0,0.5066685,0.1146437,0.0021555,0.0057346,0.9831604,0.00714,0.9691479,0.0,0.0029383,0.0308495,0.1243879,0.9382958,0.1172283,0.2102151,0.0,0.0
1609.0,0.4822871,0.0,0.1547545,0.1092437,0.8713487,0.0248602,0.7590164,0.0,0.0327869,0.0423862,0.0,0.995082,0.2087912,0.0617284,0.3,11.143324481431074
128.0,0.5234375,0.0,0.2421875,0.147541,0.8125,0.0,0.6071429,0.0,0.0357143,0.0819672,0.0,1.0,0.295082,0.0909091,1.0,9.615805480084347
1585577.0,0.4652962,0.3985527,0.1518148,0.130301,0.8001415,0.0280983,0.6268623,0.003575,0.0572085,0.1064218,0.364162,0.9572939,0.3247167,0.0934267,0.6065831,10.236417809461043
14918.0,0.469634,0.1301783,0.1616839,0.1282861,0.6832015,0.0096528,0.4684733,0.0021465,0.0735176,0.0464373,0.1440837,0.9661926,0.5559678,0.0235675,0.4358974,11.260623406285792
2349.0,0.4427416,0.8386547,0.1353768,0.1222307,0.9178374,0.0,0.7527322,0.0013661,0.0150273,0.0530401,0.7745902,0.9945355,0.3376455,0.2447552,0.6666667,9.6678285081515
2110.0,0.4758294,0.0090047,0.1184834,0.1292948,0.9085308,0.0,0.7797834,0.0012034,0.009627,0.0546075,0.0108303,1.0,0.2343572,0.0892857,0.6666667,10.623787731088578
1035.0,0.4917874,0.0,0.1468599,0.0760456,0.9149758,0.0,0.7859008,0.0,0.0130548,0.0279188,0.0,1.0,0.1091371,0.0508475,0.25,10.471666571132038
373.0,0.4772118,0.0,0.0938338,0.0871795,0.8284182,0.0,0.6644737,0.0065789,0.0657895,0.0559006,0.0,0.9934211,0.3540373,0.0566038,1.0,10.718874489469398
190.0,0.4526316,0.0,0.1,0.0576923,0.9210526,0.0,0.8548387,0.016129,0.0645161,0.2790698,0.0,1.0,0.3023256,0.375,0.0,9.642187721358466
448.0,0.4821429,0.3571429,0.1517857,0.1293103,0.890625,0.0,0.7411765,0.0058824,0.0235294,0.0909091,0.2823529,0.9882353,0.2459893,0.1304348,1.0,9.985113621416073
393.0,0.5165394,0.0,0.1450382,0.1,0.8931298,0.0,0.7426471,0.0073529,0.0441176,0.0748299,0.0,0.9926471,0.3537415,0.1666667,0.0,10.566201298475118
373.0,0.4879357,0.0,0.2225201,0.1465969,0.8176944,0.0,0.6204819,0.0,0.0301205,0.1782178,0.0,1.0,0.2524752,0.1020408,0.3333333,10.422311107413181
5270.0,0.4815939,0.0571157,0.1273245,0.0812592,0.9220114,0.0,0.8139905,0.0021198,0.0238474,0.0406711,0.0535241,0.9920509,0.0513472,0.1153846,0.6923077,12.04414765726144
750.0,0.492,0.0053333,0.092,0.0393701,0.956,0.0,0.8892857,0.0,0.0071429,0.0277778,0.0035714,0.9857143,0.0381944,0.1538462,0.6666667,11.25416768929685
3584.0,0.4916295,0.0058594,0.077846,0.0664105,0.9249442,0.0,0.8058091,0.0024896,0.0224066,0.0444092,0.006639,0.9892116,0.2196669,0.1187215,0.75,10.747229096720554
8187.0,0.4599976,0.3297911,0.1508489,0.1354897,0.8690607,0.0340784,0.7455048,0.0024205,0.0148686,0.060734,0.2742047,0.9937759,0.3104904,0.1213018,0.5,10.328787967145063
5281.0,0.4610869,0.002651,0.1213785,0.1124385,0.8808938,0.0405226,0.7998909,0.0027263,0.0223555,0.0462819,0.0027263,0.9956379,0.1372855,0.0550239,0.1764706,11.548302261270587
147.0,0.537415,0.0068027,0.0884354,0.0441176,0.8367347,0.0,0.6774194,0.0,0.0645161,0.2705882,0.016129,1.0,0.5411765,0.05,1.0,10.351405324899678
115.0,0.4695652,0.0,0.1652174,0.1639344,0.8956522,0.0,0.7073171,0.0,0.0,0.0681818,0.0,1.0,0.2954545,0.5,0.0,10.12667110305036
303.0,0.4917492,0.0033003,0.0891089,0.0779221,0.9141914,0.0,0.8130841,0.0093458,0.0373832,0.0854701,0.0093458,0.9813084,0.1965812,0.2307692,0.0,10.981914140544825
895.0,0.4648045,0.0044693,0.2916201,0.2025052,0.7977654,0.0078212,0.604878,0.004878,0.0195122,0.0617849,0.002439,0.997561,0.3043478,0.049505,0.0,9.928228944424575
157.0,0.4904459,0.0,0.2101911,0.1125,0.8980892,0.0,0.7627119,0.0,0.0338983,0.3723404,0.0,1.0,0.3404255,0.1764706,1.0,9.966509298952284
8668.0,0.4897323,0.0088832,0.1320951,0.0902103,0.8735579,0.0070374,0.740624,0.0034668,0.0564135,0.246855,0.0072487,0.9848724,0.2796107,0.0979444,0.6,11.504903373867316
1959.0,0.4696274,0.0015314,0.165901,0.1212705,0.8953548,0.0,0.7380319,0.0,0.0106383,0.0468948,0.0026596,0.9135638,0.2737643,0.0925926,0.3076923,10.811766273800105
104352.0,0.4960039,0.0121703,0.0903385,0.0666248,0.8657141,0.0158789,0.7602381,0.0044985,0.0678333,0.0346352,0.0114656,0.9354856,0.22595,0.1170645,0.3266332,12.378348075215978
3841.0,0.4623796,0.2108826,0.1913564,0.1554479,0.8721687,0.0,0.7076244,0.0025205,0.0132325,0.0670194,0.1890359,0.9955892,0.3586126,0.0706638,0.7777778,10.214678610538817
326.0,0.4815951,0.0,0.3496933,0.1183432,0.797546,0.0,0.6402439,0.0,0.0365854,0.9206196,0.0,0.9939024,0.1030978,0.0769231,0.6086957,11.679295469550114
3411.0,0.4910583,0.0008795,0.055409,0.0455069,0.8950454,0.0,0.7673841,0.0049669,0.0488411,0.0635659,0.0,0.9875828,0.3403101,0.0943396,0.1818182,10.742918838113225
7.0,0.2857143,0.0,0.1428571,0.0,1.0,0.0,1.0,0.0,0.0,0.3333333,0.0,1.0,0.3333333,0.0,0.0,0.0
2335.0,0.4809422,0.1704497,0.2985011,0.1171617,0.8706638,0.0,0.7348643,0.0041754,0.0375783,0.169844,0.1231733,0.9780793,0.3890815,0.147929,0.3928571,10.410335274932896
23680.0,0.4716216,0.0026605,0.1707348,0.1234015,0.8130068,0.0382179,0.6743397,0.0033945,0.0391429,0.0429442,0.0014851,0.9952265,0.3332995,0.0656314,0.3139535,10.410335274932896
101.0,0.5940594,0.0,0.1980198,0.0,0.9306931,0.0,0.8684211,0.0,0.0526316,0.2244898,0.0,1.0,0.2244898,0.0,0.0,9.615805480084347
6561.0,0.4948941,0.0025911,0.1170553,0.0974653,0.7500381,0.0283493,0.5975833,0.0047602,0.0992311,0.0523942,0.0018308,0.9696082,0.4541985,0.0454183,0.0909091,11.326607934898927
117.0,0.4615385,0.0,0.2735043,0.2380952,0.7350427,0.0,0.5081967,0.0,0.0163934,0.3222222,0.0,1.0,0.3777778,0.0588235,1.0,9.615805480084347
3864.0,0.5209627,0.0429607,0.0838509,0.0545651,0.7272257,0.0031056,0.5429553,0.0045819,0.1219931,0.1886617,0.0383734,0.9495991,0.6979554,0.0397974,0.5,11.133142723386813
9740.0,0.4531828,0.3701232,0.1539014,0.1220428,0.8468172,0.0537988,0.7682466,0.004071,0.0346031,0.0318131,0.3370166,0.9936028,0.1618806,0.14375,0.4210526,10.376642461280849
99.0,0.5656566,0.0,0.0808081,0.0,0.9393939,0.0,0.8387097,0.0,0.0322581,0.4745763,0.0,0.9677419,0.1355932,0.375,0.6666667,9.90353755128617
145.0,0.4965517,0.0,0.1310345,0.0684932,0.9241379,0.0,0.7962963,0.0,0.0,0.0526316,0.0,0.9814815,0.1578947,0.1111111,0.0,10.351405324899678
12183.0,0.4452105,0.3894771,0.1979808,0.1705874,0.8235246,0.0174013,0.6586862,0.0033637,0.0316581,0.0586701,0.3502176,0.9964385,0.3652449,0.0874704,0.7258065,10.442929787247998
2591.0,0.4689309,0.0030876,0.2122733,0.1925872,0.793902,0.0227711,0.6159355,0.0053715,0.0313339,0.1744272,0.0008953,0.9847807,0.4611973,0.0882957,0.5714286,9.994287576862567
8859.0,0.4895586,0.6293035,0.0526019,0.0530739,0.9302404,0.0014674,0.815507,0.0035785,0.0349901,0.0484298,0.711332,0.7741551,0.4998108,0.3113553,0.5,11.7085004721646
146.0,0.5,0.0,0.1027397,0.0821918,0.9726027,0.0,0.9259259,0.0,0.0,0.0,0.0,1.0,0.0,0.5,0.0,11.61549107852535
10923.0,0.4869541,0.0057676,0.0909091,0.0838687,0.9153163,0.0334157,0.8610785,0.0032239,0.0199297,0.0141578,0.0017585,0.9689332,0.1123953,0.0746667,0.2666667,11.166214996056205
573.0,0.486911,0.2076789,0.2879581,0.2040816,0.8726003,0.0,0.7196653,0.0041841,0.0167364,0.0590551,0.1757322,0.9916318,0.3503937,0.1875,1.0,10.047631185616188
2580.0,0.4744186,0.001938,0.1310078,0.1032448,0.8523256,0.0337209,0.7269737,0.0109649,0.0339912,0.0607621,0.0010965,0.9901316,0.2100927,0.1368421,0.625,10.142543822310387
11032.0,0.4730783,0.9072698,0.0515772,0.066919,0.9001994,0.0001813,0.7646228,0.0073467,0.0471885,0.0941899,0.886126,0.9923707,0.3514205,0.1544819,0.5227273,11.121378054821049
1847.0,0.4861938,0.0,0.1732539,0.0958904,0.8754737,0.0,0.7196133,0.0013812,0.031768,0.0972569,0.0,0.9958564,0.3216958,0.1372549,0.5,10.188704088048116
3846.0,0.4932397,0.0915237,0.050702,0.0497691,0.9144566,0.0,0.7924388,0.0029652,0.0289103,0.1424031,0.0756116,0.9873981,0.3235855,0.1082474,0.1904762,10.766398604507042
1100.0,0.4663636,0.0009091,0.2263636,0.1396934,0.77,0.0,0.6038462,0.0,0.0730769,0.3324775,0.0,1.0,0.2169448,0.03125,0.7222222,11.888625282853006
1047.0,0.5148042,0.0009551,0.1203438,0.0826772,0.8739255,0.0,0.7317708,0.0078125,0.046875,0.0153846,0.0026042,0.9921875,0.1692308,0.0315789,0.0,11.595435894542709
5450.0,0.4948624,0.006789,0.0229358,0.019615,0.9062385,0.0,0.8039419,0.003112,0.0544606,0.0797136,0.0062241,0.971473,0.1637232,0.074928,0.5535714,11.124332223082254
309.0,0.4789644,0.0,0.1650485,0.068323,0.9190939,0.0,0.8264463,0.0,0.0330579,0.0546875,0.0,1.0,0.109375,0.0952381,0.75,10.165890277802454
32772.0,0.4882827,0.5521787,0.0959966,0.0892069,0.9141645,0.0216953,0.7994368,0.0061222,0.0298763,0.0434528,0.69389,0.6945023,0.5337316,0.3733739,0.3768116,11.2922912626048
9140.0,0.492779,0.0030635,0.2020788,0.1389129,0.8095186,0.0326039,0.6670264,0.0091743,0.0404749,0.0853899,0.0018888,0.9867782,0.3672261,0.0855316,0.5833333,10.305647203635566
57.0,0.5087719,0.0,0.1929825,0.1071429,0.9473684,0.0,0.8333333,0.0,0.0,0.0526316,0.0,0.9444444,0.0526316,0.0,0.0,9.615805480084347
4423.0,0.5136785,0.0115306,0.0339136,0.0288238,0.9791996,0.0,0.9466056,0.0015256,0.0144928,0.0142857,0.0106789,0.9961861,0.0105263,0.0526316,0.25,12.428419879868164
180.0,0.5166667,0.0,0.0333333,0.0114943,0.8611111,0.0,0.7288136,0.0169492,0.0508475,0.2716049,0.0,0.9830508,0.3580247,0.3846154,1.0,10.53212287826962
2650.0,0.4826415,0.0041509,0.1154717,0.0714807,0.9101887,0.0101887,0.8275488,0.0032538,0.037961,0.033543,0.0021692,0.994577,0.1111111,0.0925926,0.4166667,11.922389234432126
465.0,0.4795699,0.7268817,0.1376344,0.1404959,0.9311828,0.0,0.7972028,0.0,0.020979,0.1280488,0.6503497,1.0,0.2378049,0.4722222,0.0,9.615805480084347
2660.0,0.4785714,0.093985,0.2026316,0.1355443,0.8631579,0.0030075,0.7068311,0.0028463,0.0303605,0.0276753,0.0882353,0.9743833,0.1964945,0.0672646,0.5555556,10.640675541671662
200.0,0.46,0.515,0.185,0.1481481,0.88,0.0,0.7142857,0.0142857,0.0285714,0.0277778,0.4714286,1.0,0.2222222,0.25,0.0,10.12667110305036
1150.0,0.4495652,0.0026087,0.2234783,0.2274882,0.78,0.0756522,0.6644295,0.0022371,0.0290828,0.0726141,0.0022371,0.9955257,0.379668,0.0891089,0.5,9.913487387114461
23984.0,0.4809456,0.0800534,0.1382588,0.0984015,0.8376418,0.0281021,0.7180832,0.007629,0.0691382,0.0288261,0.0787937,0.8457504,0.4102802,0.1254135,0.1875,11.632493573102964
233.0,0.4806867,0.0,0.1974249,0.1487603,0.8841202,0.0,0.6904762,0.0,0.0119048,0.0967742,0.0,1.0,0.1612903,0.1,0.3333333,9.918425424900335
88.0,0.4659091,0.0,0.1477273,0.0851064,0.9545455,0.0,0.862069,0.0,0.0,0.1470588,0.0,1.0,0.2941176,0.1666667,0.0,9.615805480084347
2700.0,0.4614815,0.1481481,0.1781481,0.1581843,0.8314815,0.0077778,0.669844,0.0034662,0.0389948,0.0686037,0.1282496,0.992201,0.2962066,0.0572289,0.5294118,10.714439990727769
1044.0,0.4856322,0.0,0.2030651,0.1452514,0.8611111,0.0,0.6909976,0.0097324,0.0316302,0.0967033,0.0,0.9975669,0.1340659,0.0818182,1.0,10.236417809461043
1042.0,0.5019194,0.049904,0.0988484,0.0867052,0.9107486,0.0,0.7817259,0.0,0.0177665,0.1244444,0.035533,1.0,0.28,0.0833333,0.5333333,10.547995807489514
482.0,0.5186722,0.0020747,0.0871369,0.0560345,0.9273859,0.0,0.8143713,0.005988,0.0179641,0.0290698,0.0,0.994012,0.0813953,0.16,0.0,10.305647203635566
304.0,0.4572368,0.0098684,0.1940789,0.1757576,0.8782895,0.0,0.7580645,0.0080645,0.0483871,0.2790698,0.0,0.9919355,0.3953488,0.0625,0.6,10.090008612393838
230.0,0.5130435,0.0,0.2130435,0.1428571,0.8391304,0.0,0.6470588,0.0,0.0098039,0.1904762,0.0,1.0,0.3174603,0.1071429,0.8,9.61587214452889
1410.0,0.5014184,0.0014184,0.1624113,0.1223329,0.8794326,0.0078014,0.7440147,0.0018416,0.0349908,0.0198556,0.0036832,0.9944751,0.1750903,0.0162602,0.0,10.643064971973882
2084.0,0.4904031,0.0321497,0.1324376,0.086629,0.8454894,0.0465451,0.7533512,0.0013405,0.0455764,0.0336788,0.0187668,0.9745308,0.126943,0.1284404,0.875,12.1709686470671
69.0,0.4927536,0.0289855,0.2028986,0.0857143,0.9130435,0.0,0.75,0.0,0.0,0.1724138,0.0416667,1.0,0.1724138,0.5,1.0,9.615805480084347
378.0,0.5343915,0.0079365,0.2142857,0.1193182,0.8148148,0.0,0.6484848,0.0060606,0.0606061,0.4329897,0.0,0.9939394,0.2749141,0.0,0.5,11.10045084755119
8771.0,0.4870596,0.1437692,0.1088815,0.1066904,0.8611333,0.0133394,0.7204664,0.0049095,0.0460264,0.1119891,0.1261123,0.9846579,0.3841962,0.1031866,0.5641026,10.811766273800105
692.0,0.4884393,0.0,0.2138728,0.1384181,0.8265896,0.0216763,0.6595745,0.0,0.0283688,0.210084,0.0,0.929078,0.3893557,0.08,0.6666667,9.75272280064639
1900.0,0.4489474,0.0,0.2452632,0.182426,0.7115789,0.0473684,0.5544332,0.003367,0.0617284,0.1407907,0.0,0.993266,0.4001929,0.0409556,0.7307692,10.61890979160975
1141.0,0.4653812,0.0,0.2576687,0.2098361,0.8106924,0.0403155,0.6596195,0.0021142,0.012685,0.0815534,0.0,0.9978858,0.2563107,0.0441176,0.7,9.729193687429403
6403.0,0.4569733,0.3788849,0.16258,0.1538683,0.8236764,0.0718413,0.722973,0.0031532,0.0171171,0.047619,0.2941441,0.9963964,0.2694123,0.1619497,0.6666667,10.425282789490705
626.0,0.4536741,0.2412141,0.186901,0.2134503,0.8594249,0.0,0.6793893,0.0038168,0.0152672,0.0902778,0.2557252,0.9961832,0.21875,0.1090909,0.6666667,10.043292972227004
75.0,0.5333333,0.0,0.16,0.1714286,0.8666667,0.0,0.6551724,0.0,0.0,0.0333333,0.0,1.0,0.3666667,0.0,0.0,9.615805480084347
170.0,0.5058824,0.0,0.3,0.202381,0.7705882,0.0,0.5479452,0.0273973,0.0410959,0.2843137,0.0,1.0,0.245098,0.1333333,1.0,9.615805480084347
642.0,0.4735202,0.0436137,0.1915888,0.1508876,0.8551402,0.0,0.6804511,0.0,0.0263158,0.1865443,0.0526316,0.9962406,0.4281346,0.1666667,0.6,9.615805480084347
438.0,0.4726027,0.1461187,0.1255708,0.1038961,0.9086758,0.0,0.7592593,0.0,0.0061728,0.0526316,0.0864198,0.9876543,0.2339181,0.2181818,0.0,9.966509298952284
549.0,0.4808743,0.0018215,0.2131148,0.1684211,0.8779599,0.0,0.6898148,0.0,0.0,0.0729614,0.0,1.0,0.2145923,0.1333333,0.6,9.615805480084347
17965.0,0.4932925,0.0891177,0.0417478,0.0403164,0.9029223,0.0058447,0.8098936,0.0052338,0.0592605,0.050497,0.079014,0.9670775,0.1033985,0.1454155,0.2258065,11.913719681428494
20197.0,0.478685,0.0043076,0.1424964,0.105708,0.8461158,0.0074764,0.6876422,0.0044225,0.0481425,0.0458163,0.0029062,0.983068,0.3400048,0.0553037,0.4081633,11.042937835596494
241.0,0.5394191,0.0,0.1161826,0.0540541,0.9502075,0.0,0.8441558,0.0,0.0,0.0941176,0.0,1.0,0.0705882,0.4,0.5,9.908524844053396
55002.0,0.4955456,0.1718483,0.0977601,0.0871477,0.8013163,0.0171448,0.6469935,0.0040087,0.0978991,0.1000565,0.1471142,0.8587298,0.4376494,0.1010082,0.5340909,10.611547975828369
498.0,0.5120482,0.0,0.1646586,0.0987654,0.8995984,0.0,0.7606383,0.0,0.0212766,0.1214953,0.0,0.9893617,0.3691589,0.137931,0.625,9.928228944424575
179.0,0.5586592,0.0,0.122905,0.0379747,0.8826816,0.0,0.6956522,0.0,0.0,0.1375,0.0,0.9710145,0.45,0.08,0.8,10.55323128448846
273.0,0.4505495,0.0,0.2161172,0.1933333,0.8131868,0.0,0.6111111,0.0,0.015873,0.1369863,0.0,1.0,0.3493151,0.0416667,1.0,9.615805480084347
120.0,0.525,0.0333333,0.175,0.0701754,0.9083333,0.0,0.7608696,0.0,0.0,0.0612245,0.0217391,1.0,0.1632653,0.0,0.0,10.868587496017359
4.0,0.5,0.0,0.0,0.0,1.0,0.0,1.0,0.0,0.0,0.5,0.0,1.0,0.0,0.0,0.0,0.0
243.0,0.4691358,0.0,0.1440329,0.124031,0.8765432,0.0,0.7263158,0.0,0.0315789,0.0952381,0.0,0.9789474,0.2285714,0.1176471,0.25,10.043292972227004
855.0,0.4584795,0.0081871,0.1964912,0.1447084,0.8152047,0.0339181,0.6735294,0.0088235,0.0382353,0.0735695,0.0088235,1.0,0.2861035,0.0298507,1.0,10.92775337907558
595.0,0.4655462,0.0,0.1613445,0.1320755,0.9008403,0.0,0.7572016,0.0,0.0,0.0898876,0.0,0.9958848,0.411985,0.127907,1.0,9.770013301136158
1803.0,0.4725458,0.0199667,0.1264559,0.1125131,0.8779811,0.0,0.7107914,0.0,0.0258993,0.0770252,0.0215827,0.9956835,0.2934927,0.0765957,0.3636364,10.335302435967074
16813.0,0.4996134,0.0007732,0.0876703,0.0665637,0.9312437,0.0067805,0.8513392,0.0030559,0.0293007,0.0340337,0.0005393,0.9940679,0.150026,0.0862884,0.1935484,11.250274159310356
279.0,0.5017921,0.4086022,0.1362007,0.0863309,0.8602151,0.0645161,0.8041237,0.0,0.0206186,0.0490196,0.3608247,0.9896907,0.2941176,0.2,1.0,9.841665338892785
2558.0,0.4816263,0.0039093,0.1352619,0.0987934,0.8964034,0.0027365,0.7464789,0.0054171,0.020585,0.0494336,0.0032503,0.9978332,0.1987642,0.0651163,0.375,10.885584751364705
514.0,0.5019455,0.0,0.2412451,0.1132812,0.8793774,0.0,0.718894,0.0,0.0046083,0.0726496,0.0,1.0,0.2649573,0.0697674,1.0,9.615805480084347
472.0,0.4194915,0.0,0.4661017,0.3248175,0.6864407,0.1631356,0.6290323,0.0,0.0107527,0.0653266,0.0,1.0,0.2462312,0.0454545,0.8333333,9.615805480084347
2055.0,0.443309,0.1445255,0.1717762,0.1617133,0.8593674,0.0,0.6888889,0.0046784,0.0222222,0.0756757,0.1403509,0.9988304,0.3459459,0.0798611,0.75,10.281958234245314
419.0,0.4821002,0.0023866,0.1217184,0.0967742,0.8830549,0.0,0.7643312,0.0,0.0318471,0.0977011,0.0,1.0,0.2298851,0.1730769,1.0,10.547995807489514
11340.0,0.4683422,0.0028219,0.145679,0.1111295,0.7782187,0.0912698,0.698987,0.0043415,0.0402798,0.03671,0.0007236,0.9971056,0.3578067,0.0376735,0.24,10.83370091325064
2131.0,0.4697325,0.2829657,0.1313937,0.1345133,0.8981699,0.0,0.7603627,0.007772,0.0220207,0.079857,0.2409326,1.0,0.3647199,0.1457627,0.1538462,10.278527816830314
623.0,0.4719101,0.0,0.2295345,0.1671733,0.8571429,0.0,0.6730769,0.0,0.0153846,0.0262172,0.0,0.9884615,0.1985019,0.1363636,1.0,9.99884318585288
102.0,0.5686275,0.0,0.0686275,0.0681818,0.6176471,0.0,0.4651163,0.0,0.255814,0.0227273,0.0,0.9534884,0.0227273,0.0769231,0.0,11.83138646878959
26.0,0.4615385,0.0,0.1153846,0.0714286,1.0,0.0,1.0,0.0,0.0,0.0,0.0,1.0,0.0,0.0,0.0,10.781058245898533
289.0,0.5224913,0.1418685,0.2283737,0.1521739,0.8823529,0.0,0.7130435,0.0,0.0086957,0.1785714,0.1304348,0.9913043,0.2285714,0.2,0.0,9.615805480084347
13142.0,0.4568559,0.0136205,0.2120682,0.1609695,0.7628215,0.0801248,0.6473956,0.0018471,0.0241965,0.0994677,0.0005541,0.9931659,0.3098802,0.0651429,0.6511628,9.952325334619427
140.0,0.4928571,0.0071429,0.3142857,0.2394366,0.6857143,0.0,0.5072464,0.0,0.115942,0.2580645,0.0,1.0,0.2258065,0.0,0.0,10.596659732783579
3502.0,0.4548829,0.0005711,0.1716162,0.167627,0.8460879,0.0157053,0.674386,0.0014035,0.0126316,0.0537849,0.0007018,0.997193,0.3313413,0.0794165,0.25,10.261196961231647
1513.0,0.462657,0.6596167,0.1586252,0.1795818,0.8777264,0.0,0.6792115,0.0017921,0.0089606,0.098546,0.6003584,1.0,0.4135703,0.1144279,1.0,9.615805480084347
6701.0,0.4787345,0.0034323,0.1378899,0.0864586,0.9209073,0.0,0.8070175,0.0012531,0.0225564,0.0866082,0.0020886,0.9916458,0.0942388,0.0766423,0.6415094,12.215532757235666
453.0,0.4922737,0.0022075,0.1523179,0.0782609,0.8807947,0.0,0.7333333,0.0060606,0.0484848,0.0625,0.0,1.0,0.1761364,0.1025641,1.0,9.942756341456828
2714.0,0.5055269,0.008843,0.2170228,0.2086438,0.6694915,0.2417097,0.7435567,0.0064433,0.0399485,0.0336239,0.0025773,0.9768041,0.2216687,0.0792683,0.25,10.67130147767883
355.0,0.5380282,0.0507042,0.0760563,0.0609756,0.9464789,0.0,0.8043478,0.0,0.0108696,0.1320755,0.1195652,0.8586957,0.5754717,0.3214286,1.0,9.615805480084347
266.0,0.4962406,0.0,0.2180451,0.1492537,0.8684211,0.0,0.7207207,0.0,0.027027,0.0347826,0.0,1.0,0.2434783,0.0,0.0,10.254179634797001
664.0,0.4623494,0.0,0.4759036,0.302521,0.6927711,0.0993976,0.5746032,0.0,0.0126984,0.1463415,0.0,1.0,0.2466125,0.037037,0.8333333,9.615805480084347
1725.0,0.4881159,0.0005797,0.1553623,0.0872027,0.9142029,0.0,0.7654321,0.0017637,0.0194004,0.1098901,0.0017637,0.8783069,0.3469388,0.1944444,0.6,10.463131911491967
242.0,0.4504132,0.7520661,0.1404959,0.112782,0.8966942,0.0,0.7012987,0.0,0.025974,0.1046512,0.6883117,1.0,0.3372093,0.2,0.0,9.615805480084347
14684.0,0.4786843,0.0072187,0.0983383,0.0796865,0.5674203,0.3031871,0.6394161,0.003163,0.06618,0.0415112,0.0036496,0.9909976,0.3617071,0.0409121,0.1428571,11.101960259016467
3052.0,0.4970511,0.0422674,0.0792923,0.0553746,0.9338139,0.0062254,0.8451977,0.0067797,0.0372881,0.0348964,0.0361582,0.8327684,0.131952,0.3822222,0.3333333,11.433893080082035
28082.0,0.488498,0.0013532,0.1605299,0.103105,0.8237661,0.0162738,0.6734694,0.0053843,0.0486322,0.0447154,0.0014763,0.9923578,0.3514186,0.0584882,0.3333333,10.70101727068921
18923.0,0.4892459,0.0248375,0.0893093,0.0709778,0.9079427,0.0110976,0.7812122,0.0036263,0.0328095,0.0543762,0.0274564,0.4025212,0.5102874,0.2328674,0.3777778,10.978507040265917
8014.0,0.5180933,0.0204642,0.161717,0.1043501,0.6118043,0.0102321,0.4395911,0.0067379,0.1229089,0.2917558,0.016961,0.972119,0.6814218,0.0255795,0.4055556,11.098939154318382
31.0,0.483871,0.0,0.1612903,0.0625,0.9032258,0.0,0.7272727,0.0,0.0,0.3888889,0.0,1.0,0.1111111,0.2,0.0,9.615805480084347
6734.0,0.4459459,0.0739531,0.2560143,0.1975342,0.8033858,0.0381645,0.6524749,0.002423,0.0169609,0.0790564,0.0661128,0.997577,0.3914568,0.0702836,0.7021277,10.034559673629849
912.0,0.5076754,0.0274123,0.0734649,0.0601336,0.8607456,0.0263158,0.7484277,0.009434,0.0534591,0.2604651,0.0125786,0.9371069,0.5116279,0.0909091,0.375,10.261196961231647
192.0,0.4947917,0.0208333,0.1458333,0.1134021,0.859375,0.0,0.7222222,0.0138889,0.0555556,0.1,0.0277778,0.9444444,0.325,0.0625,0.5,9.615805480084347
49.0,0.5102041,0.0,0.3265306,0.0833333,0.9183673,0.0,0.8,0.0,0.0,0.2307692,0.0,1.0,0.0769231,1.0,1.0,9.615805480084347
2666.0,0.4501125,0.0315079,0.3342086,0.1937244,0.8030758,0.0202551,0.6465662,0.0033501,0.0335008,0.1446991,0.0226131,0.9706868,0.467765,0.0794521,0.5641026,10.589131655274922
194.0,0.4896907,0.0257732,0.0876289,0.0606061,0.8917526,0.0,0.7605634,0.0,0.056338,0.0405405,0.0140845,1.0,0.1351351,0.0416667,0.0,11.289794413577894
18127.0,0.4616318,0.0071165,0.1822695,0.1414079,0.7753627,0.0143432,0.6017618,0.0017092,0.0841441,0.0624923,0.0061793,0.9901394,0.3495624,0.0385024,0.7118644,11.956976469393481
285.0,0.5192982,0.0035088,0.1508772,0.0875912,0.8491228,0.0,0.6929134,0.0,0.0314961,0.3894231,0.007874,0.9606299,0.5817308,0.0714286,0.875,9.77571099759397
3492.0,0.5063001,0.0008591,0.0498282,0.0301624,0.9810997,0.0,0.9245774,0.0013004,0.0052016,0.0290404,0.0,0.9973992,0.0744949,0.4102564,0.5714286,11.25416768929685
2684.0,0.5,0.0078241,0.147541,0.1162444,0.8468703,0.052161,0.7534685,0.0042689,0.0352188,0.0290155,0.0021345,0.9957311,0.2487047,0.0963303,0.5,10.332050506334692
23.0,0.5217391,0.0,0.2173913,0.1818182,0.7826087,0.0,0.6,0.0,0.1,0.4117647,0.0,1.0,0.6470588,0.0,0.0,9.615805480084347
51555.0,0.4889729,0.0038212,0.0990593,0.0784559,0.8549898,0.0086704,0.7100153,0.0063362,0.0530915,0.0444336,0.0034747,0.9148697,0.3141602,0.0853741,0.387218,11.167628403875849
775.0,0.4412903,0.0012903,0.2683871,0.2448037,0.7832258,0.08,0.6645161,0.0,0.0064516,0.1040462,0.0032258,1.0,0.367052,0.1034483,1.0,9.913487387114461
888.0,0.4786036,0.0,0.2759009,0.1792657,0.847973,0.0,0.6691729,0.0,0.0075188,0.1510638,0.0,1.0,0.2851064,0.1022727,0.7058824,9.615805480084347
1429.0,0.4758572,0.5920224,0.1588523,0.1682243,0.8985304,0.0006998,0.7308489,0.0020704,0.0227743,0.0693642,0.4534161,0.9958592,0.2774566,0.1696429,0.6,10.110542371500753
613.0,0.4681892,0.0,0.2251223,0.1625767,0.8531811,0.0,0.6745098,0.0039216,0.0235294,0.1556291,0.0,1.0,0.307947,0.1176471,0.6666667,9.615805480084347
1863.0,0.4530327,0.0064412,0.1411702,0.1265947,0.7928073,0.0585078,0.669024,0.0070721,0.049505,0.0535475,0.0028289,0.9943423,0.4658635,0.0472727,0.2,10.491301994830229
703.0,0.4295875,0.0,0.6386913,0.1970075,0.8805121,0.0,0.7886179,0.0,0.0162602,0.0314961,0.0,0.9864499,0.1049869,0.0,0.0,11.541522639947903
5344.0,0.4586452,0.0379865,0.1796407,0.1348082,0.8237275,0.0041168,0.6329571,0.0018059,0.041535,0.0546308,0.0397291,0.9986456,0.3593683,0.0561283,0.3,10.819798284210286
1206.0,0.4842454,0.145937,0.1094527,0.0900322,0.9295191,0.0,0.8102564,0.0051282,0.0205128,0.1823899,0.1487179,0.7820513,0.4402516,0.1882353,0.9583333,10.181157167204903
2440.0,0.5045082,0.120082,0.0909836,0.0603805,0.932377,0.0,0.823601,0.0024331,0.0218978,0.116129,0.1046229,0.9416058,0.3677419,0.2380952,0.6428571,10.568775236216993
3350.0,0.4814925,0.0,0.1862687,0.1226252,0.8764179,0.0,0.7104478,0.0,0.019403,0.0694444,0.0,1.0,0.1611111,0.0526316,0.75,10.173552856959743
367.0,0.4741144,0.0,0.147139,0.1295337,0.9128065,0.0,0.7681159,0.0,0.0,0.0416667,0.0,1.0,0.1527778,0.0,0.0,10.118639253920785
327.0,0.5076453,0.0,0.1987768,0.0807453,0.8440367,0.0948012,0.8256881,0.0,0.0091743,0.1417323,0.0,0.9724771,0.2125984,0.1666667,1.0,10.67130147767883
377.0,0.4588859,0.0,0.2413793,0.1127451,0.8567639,0.0,0.71875,0.00625,0.04375,0.0643275,0.0,1.0,0.2573099,0.0454545,0.0,9.615805480084347
1390.0,0.4964029,0.0,0.0741007,0.0585714,0.9165468,0.0,0.7883065,0.0020161,0.0201613,0.0461538,0.0,0.9879032,0.2692308,0.057554,0.3333333,10.860939421415225
64.0,0.453125,0.0,0.171875,0.1714286,0.890625,0.0,0.72,0.0,0.0,0.1935484,0.0,1.0,0.0967742,0.0,0.0,9.615805480084347
692.0,0.4898844,0.0,0.166185,0.1303116,0.9031792,0.0,0.7677903,0.0,0.0187266,0.0729167,0.0,0.988764,0.2777778,0.0888889,0.5,10.491301994830229
881.0,0.4642452,0.0,0.2973893,0.2288136,0.7707151,0.091941,0.6618076,0.0,0.0145773,0.0973684,0.0,0.9970845,0.3921053,0.0462963,0.3333333,9.923339198238729
136.0,0.5220588,0.0,0.1397059,0.1538462,0.8676471,0.0,0.6981132,0.0,0.0377358,0.0862069,0.0,1.0,0.3275862,0.1428571,0.0,9.975854724662028
313.0,0.4472843,0.0159744,0.1565495,0.1791908,0.8945687,0.0,0.7666667,0.0,0.0416667,0.0625,0.0166667,1.0,0.3203125,0.1481481,0.0,9.841665338892785
245.0,0.4816327,0.0,0.1346939,0.0944882,0.9265306,0.0,0.8117647,0.0,0.0235294,0.076087,0.0,1.0,0.0869565,0.2,1.0,10.315630315397533
15958.0,0.4842085,0.0063291,0.1322847,0.1035111,0.8539291,0.0090237,0.7014658,0.0047231,0.0462541,0.0427191,0.0050489,0.9332248,0.347521,0.0840959,0.3043478,10.77270764101727
49366.0,0.4615322,0.0123972,0.1977677,0.1313671,0.8058583,0.0406353,0.6685308,0.0017634,0.041969,0.0217359,0.0050887,0.9930975,0.2215486,0.0233344,0.260274,11.207771646606407
586.0,0.4880546,0.003413,0.1416382,0.11,0.7559727,0.0017065,0.5836431,0.0074349,0.0966543,0.0218182,0.0037175,0.9851301,0.5563636,0.1333333,0.3333333,10.628641991731053
2130.0,0.486385,0.0,0.1183099,0.0776965,0.929108,0.0,0.8141361,0.0013089,0.0078534,0.0637255,0.0,0.9934555,0.2806373,0.1046512,0.5384615,10.5815464756746
2513.0,0.4934341,0.0007959,0.1547951,0.0816968,0.902109,0.0003979,0.7847682,0.0033113,0.0419426,0.0630817,0.0011038,0.9028698,0.2554292,0.1534091,0.4545455,12.181272652174695
105090.0,0.4728328,0.0497669,0.1690646,0.1261733,0.7746693,0.03831,0.619287,0.0039743,0.0636821,0.0626917,0.0400701,0.9189947,0.3545885,0.069237,0.4681275,10.97337452485014
73557.0,0.4927471,0.0368694,0.1207091,0.0821452,0.8877469,0.0013323,0.7659949,0.0050188,0.0569305,0.025863,0.0336756,0.8912344,0.2632581,0.139841,0.1889764,12.137263685701864
149.0,0.4899329,0.0,0.1610738,0.1842105,0.7785235,0.0,0.5441176,0.0,0.0294118,0.0810811,0.0,1.0,0.3108108,0.0,1.0,9.615805480084347
1131.0,0.5119363,0.0,0.0627763,0.0434783,0.9045093,0.0,0.8025641,0.0025641,0.0666667,0.0151515,0.0,0.9974359,0.1843434,0.0757576,1.0,11.002116507732017
2878.0,0.5006949,0.0031272,0.1056289,0.0633264,0.9054899,0.0,0.7929104,0.0027985,0.0363806,0.0227894,0.0027985,0.9962687,0.2625342,0.044586,0.2222222,10.859018228147887
1170.0,0.4786325,0.4290598,0.1512821,0.1278689,0.8512821,0.0418803,0.7283372,0.0023419,0.0117096,0.0737527,0.3770492,0.9976581,0.3123644,0.1176471,0.0,10.181157167204903
292.0,0.489726,0.0,0.1335616,0.0805369,0.8732877,0.0,0.7105263,0.0,0.0350877,0.1230769,0.0,0.9912281,0.2615385,0.1666667,1.0,9.717218213494077
22.0,0.6363636,0.0,0.2272727,0.125,0.9090909,0.0,0.7777778,0.0,0.0,0.25,0.0,1.0,0.1666667,0.0,1.0,10.038935856711177
427.0,0.4660422,0.0749415,0.1826698,0.1754386,0.8688525,0.0,0.6941176,0.0058824,0.0176471,0.1584158,0.0588235,1.0,0.3019802,0.1333333,1.0,9.615805480084347
1513.0,0.4686054,0.0,0.2808989,0.1878109,0.8453404,0.0403173,0.7047452,0.0,0.0087873,0.0436975,0.0,1.0,0.1932773,0.0357143,0.6666667,10.360944044643913
1025.0,0.4878049,0.0,0.2039024,0.1466667,0.8536585,0.0,0.6633663,0.0,0.0321782,0.0380952,0.0,1.0,0.2404762,0.0803571,0.0,10.275085591132715
264.0,0.4810606,0.0,0.0909091,0.080292,0.9431818,0.0,0.8409091,0.0,0.0113636,0.0537634,0.0,1.0,0.0322581,0.1,0.0,10.934908916663861
1106.0,0.4394213,0.0027125,0.261302,0.2306452,0.7368897,0.0497288,0.5717131,0.001992,0.0338645,0.0822669,0.0,1.0,0.3656307,0.0484581,1.0,10.614007941153417
1205.0,0.4755187,0.0,0.2497925,0.1708861,0.8149378,0.0282158,0.6336032,0.0020243,0.01417,0.1954397,0.0,1.0,0.2557003,0.0956522,0.9230769,9.937937287265354
1778.0,0.4752531,0.0005624,0.2575928,0.1672026,0.7581552,0.0326209,0.5808538,0.0064683,0.0569211,0.1285231,0.0,0.9870634,0.4295378,0.0842491,0.75,10.494075844768336
314.0,0.4649682,0.0,0.2133758,0.1071429,0.8630573,0.0,0.7,0.0,0.0230769,0.0647482,0.0,0.9769231,0.3597122,0.04,0.0,9.77571099759397
2810.0,0.4622776,0.0448399,0.1928826,0.1389808,0.7604982,0.0124555,0.5796178,0.0063694,0.0660828,0.0852149,0.0350318,0.9769108,0.4384559,0.0395315,0.4,11.45318607621936
478.0,0.5104603,0.0,0.1506276,0.1196581,0.8807531,0.0,0.7021277,0.0,0.0053191,0.0917874,0.0,0.8404255,0.3768116,0.1086957,1.0,9.94755228369823
265.0,0.4754717,0.0,0.2566038,0.1654676,0.7584906,0.0,0.5461538,0.0,0.0384615,0.1612903,0.0,1.0,0.4903226,0.0217391,0.0,10.094149233605084
38195.0,0.4676528,0.0085875,0.1496007,0.102641,0.8007854,0.039534,0.6684915,0.0023655,0.0647472,0.0546895,0.0070289,0.9906056,0.3469844,0.0483632,0.3888889,11.934926432385152
177.0,0.4971751,0.0,0.0847458,0.0786517,0.9491525,0.0,0.8392857,0.0,0.0,0.0508475,0.0,1.0,0.1355932,0.2727273,0.5,9.758519582283522
465.0,0.4580645,0.0064516,0.2903226,0.1904762,0.8215054,0.0,0.6287129,0.0049505,0.029703,0.0900901,0.0049505,1.0,0.2072072,0.0784314,1.0,9.615805480084347
152.0,0.5,0.0328947,0.0657895,0.0657895,0.8881579,0.0394737,0.7755102,0.0,0.0,0.0576923,0.0408163,0.2857143,0.6730769,0.2045455,0.0,11.630717389475995
1904.0,0.4621849,0.1129202,0.1360294,0.0996094,0.8529412,0.0063025,0.6909341,0.0054945,0.0521978,0.0606452,0.0989011,0.9903846,0.3096774,0.0584416,1.0,10.685126264117057
326.0,0.4846626,0.0184049,0.2208589,0.125,0.8650307,0.0,0.7096774,0.0080645,0.0564516,0.2,0.016129,0.9919355,0.4129032,0.1315789,1.0,10.211009016314167
1479.0,0.4766734,0.0804598,0.1203516,0.0943152,0.8498986,0.0,0.6848875,0.0064309,0.0337621,0.1324965,0.062701,0.9951768,0.5230126,0.0731707,0.4285714,10.416341118636355
15586.0,0.5110997,0.0140511,0.0617221,0.0543307,0.9119081,0.0,0.8003752,0.0030019,0.0463415,0.1362826,0.0110694,0.969606,0.2333495,0.0973597,0.6126761,11.685205103383671
1090.0,0.4651376,0.0,0.2229358,0.212693,0.7788991,0.0678899,0.640553,0.0023041,0.0230415,0.1523438,0.0,0.9815668,0.3808594,0.1011236,0.5,9.75272280064639
2929.0,0.4592011,0.2902014,0.2338682,0.2392677,0.7500854,0.1297371,0.6851107,0.0020121,0.0331992,0.0684161,0.2414487,0.9949698,0.3355201,0.1284404,0.3636364,10.93133754807084
8146.0,0.4765529,0.0013504,0.1495212,0.114212,0.8628775,0.0058925,0.7045312,0.0044053,0.0320957,0.0444979,0.000944,0.9845815,0.2315093,0.0716448,0.625,10.63106031411106
5320.0,0.4840226,0.0492481,0.1325188,0.0896175,0.8567669,0.0,0.7244748,0.012213,0.073278,0.0906264,0.0420127,0.9677577,0.3798312,0.0991736,0.4888889,10.860939421415225
1836.0,0.501634,0.1574074,0.1007625,0.0994536,0.8965142,0.037037,0.8088235,0.0036765,0.0202206,0.2011747,0.1636029,0.7408088,0.3362702,0.2894737,0.0,10.184937747111391
662.0,0.4697885,0.0015106,0.1646526,0.1538462,0.8277946,0.0302115,0.6756757,0.0,0.034749,0.0114504,0.0,0.992278,0.3320611,0.0537634,0.0,10.813780332606648
2252.0,0.4782416,0.0115453,0.124778,0.0782979,0.8974245,0.0062167,0.7817746,0.001199,0.0335731,0.1463664,0.0119904,0.9940048,0.1627431,0.04,0.5384615,11.531757032705352
325.0,0.4646154,0.0030769,0.1846154,0.1724138,0.8092308,0.0,0.6439394,0.0227273,0.0454545,0.1698113,0.0,1.0,0.3710692,0.1212121,1.0,9.615805480084347
191.0,0.5235602,0.0,0.1465969,0.0769231,0.8795812,0.0,0.7341772,0.0126582,0.0253165,0.3471074,0.0,0.9873418,0.4793388,0.0,1.0,9.615805480084347
9176.0,0.4710113,0.0014167,0.184939,0.1475072,0.8122276,0.0292066,0.6566845,0.0032086,0.036631,0.0763151,0.0005348,0.9967914,0.3025438,0.0454545,0.4651163,10.740756721857226
827.0,0.528416,0.0084643,0.1559855,0.1051282,0.7883918,0.0773881,0.7068404,0.0,0.0684039,0.2286432,0.0,0.9837134,0.5577889,0.1808511,0.3333333,10.934908916663861
294.0,0.4591837,0.0,0.1496599,0.1761006,0.8571429,0.0,0.6578947,0.0,0.0263158,0.1678832,0.0,1.0,0.2773723,0.2857143,0.0,9.615805480084347
824.0,0.4781553,0.0,0.0885922,0.0627907,0.8919903,0.0,0.7587413,0.013986,0.048951,0.0272109,0.0,1.0,0.2040816,0.1454545,0.5,10.203629181337648
577.0,0.47487,0.0,0.1663778,0.1386139,0.8856153,0.0,0.7413793,0.0043103,0.012931,0.1278195,0.0,0.987069,0.3533835,0.05,1.0,9.841665338892785
119.0,0.5042017,0.0,0.1848739,0.1355932,0.8991597,0.0,0.7755102,0.0,0.0204082,0.02,0.0,1.0,0.22,0.0,0.0,10.53212287826962
204.0,0.4656863,0.0,0.2696078,0.2201835,0.7990196,0.0,0.5816327,0.0,0.0,0.0925926,0.0,1.0,0.2314815,0.0666667,0.75,9.90353755128617
132.0,0.5,0.0,0.1818182,0.1212121,0.8863636,0.0,0.7358491,0.0,0.0188679,0.2428571,0.0,1.0,0.4285714,0.1666667,1.0,9.615805480084347
2118.0,0.4697828,0.0004721,0.1921624,0.1700801,0.8460812,0.009915,0.6790267,0.0034762,0.0220162,0.0495595,0.0,1.0,0.2246696,0.07173,0.4285714,10.288783966353765
153.0,0.4509804,0.0,0.2679739,0.1785714,0.7843137,0.0,0.5492958,0.0,0.0140845,0.5448718,0.0,0.9859155,0.4935897,0.1,0.6666667,9.980494888896912
2055.0,0.4807786,0.0,0.13382,0.0974695,0.8895377,0.006326,0.7767503,0.002642,0.0541612,0.0631188,0.0,1.0,0.2252475,0.0843373,0.6,11.08523008522044
506.0,0.5256917,0.0,0.0810277,0.0708333,0.9347826,0.0,0.8461538,0.0059172,0.0295858,0.0505618,0.0,0.9881657,0.2247191,0.125,0.6666667,10.491301994830229
2413.0,0.4641525,0.0008288,0.3535019,0.2034029,0.772068,0.0,0.5861782,0.0016653,0.0374688,0.8010601,0.0,0.9925062,0.2270996,0.0555556,0.9189189,12.133507329024972
6535.0,0.4807957,0.1556236,0.0610559,0.061008,0.917368,0.0,0.7946309,0.0040268,0.0299776,0.0395359,0.1454139,0.9668904,0.2595617,0.1111111,0.4,11.278480795900865
5510.0,0.4838475,0.0108893,0.1664247,0.1269339,0.854265,0.000726,0.6984489,0.0027372,0.0542883,0.1049408,0.0091241,0.9648723,0.3495304,0.0382514,0.4642857,11.932300052847731
439.0,0.4806378,0.0,0.143508,0.0789474,0.9248292,0.0,0.8106509,0.0,0.0059172,0.1151832,0.0,0.9822485,0.2879581,0.16,0.8333333,10.61890979160975
353.0,0.490085,0.0,0.368272,0.2222222,0.815864,0.0,0.6235294,0.0,0.0058824,0.1145833,0.0,0.9882353,0.28125,0.0512821,0.0,9.615805480084347
9961.0,0.4691296,0.0006023,0.2123281,0.1482602,0.8155808,0.0052204,0.629509,0.0027926,0.0388643,0.030679,0.0002327,0.9674191,0.5150011,0.0243228,0.375,11.33381076072374
1532.0,0.4634465,0.0006527,0.2369452,0.1727494,0.8113577,0.0509138,0.6753927,0.0052356,0.034904,0.0497512,0.0,1.0,0.26534,0.0827068,0.4,10.370392636243981
1594.0,0.4272271,0.0006274,0.6292346,0.2409639,0.7239649,0.0,0.584728,0.0,0.0439331,0.0609037,0.001046,0.9707113,0.3005894,0.0,0.6,11.970356641102999
9061.0,0.4880256,0.0075047,0.1351948,0.0782496,0.7664717,0.0054078,0.6282929,0.0055321,0.1253952,0.1190531,0.0047418,0.9510011,0.3747969,0.0583269,0.4222222,12.292713537231938
1069.0,0.4836296,0.0,0.1908326,0.134058,0.8465856,0.0,0.6871036,0.0021142,0.0317125,0.0327198,0.0,0.9978858,0.2903885,0.0561798,0.75,10.707751151716078
2786.0,0.4479541,0.0,0.2631012,0.1918075,0.7684853,0.0434314,0.6010144,0.0042265,0.0304311,0.0603654,0.0,0.9974641,0.3629865,0.039604,0.4285714,10.239995502805316
313.0,0.4760383,0.0,0.2523962,0.1341463,0.884984,0.0,0.7443609,0.0,0.0150376,0.4316239,0.0,1.0,0.2222222,0.0526316,1.0,10.199918739620157
5419.0,0.4818232,0.0009227,0.2040967,0.1445869,0.8064218,0.0151319,0.6365991,0.0051791,0.0440224,0.1166603,0.0008632,0.9961157,0.3335875,0.0638298,0.4736842,10.596659732783579
5607.0,0.4697699,0.3160335,0.0998752,0.1086445,0.8537542,0.0321027,0.7302925,0.0049579,0.0361924,0.0705069,0.294001,0.9940506,0.3516129,0.1010962,0.3333333,10.837637848711049
171.0,0.4795322,0.0,0.1520468,0.1910112,0.8888889,0.0,0.6984127,0.0,0.0,0.1,0.0,0.984127,0.3,0.25,0.5,9.615805480084347
1316.0,0.5091185,0.0015198,0.1079027,0.0959752,0.7104863,0.1504559,0.6385281,0.0021645,0.030303,0.1132438,0.0021645,0.9848485,0.4414587,0.0694444,0.6428571,10.379752786950895
504.0,0.4206349,0.0,0.375,0.3082192,0.6666667,0.2797619,0.8014706,0.0,0.0,0.1111111,0.0,1.0,0.0980392,0.3,0.0,10.281958234245314
2466.0,0.459854,0.0077048,0.1561233,0.1681682,0.7980535,0.094485,0.7211855,0.0010977,0.0109769,0.0844221,0.0043908,0.9978046,0.3678392,0.10625,0.5,10.382853468483827
20446.0,0.4914409,0.0114937,0.0677394,0.0645316,0.8299423,0.0081679,0.6830169,0.0071347,0.0858708,0.0951118,0.0118486,0.9891706,0.4616094,0.0455047,0.4274194,11.623580937568695
8023.0,0.4961984,0.0130874,0.0837592,0.0593765,0.9422909,0.0032407,0.8593489,0.0016694,0.0246244,0.0636968,0.0125209,0.9728715,0.1101993,0.1173709,0.5208333,11.953764151901414
1842.0,0.4750271,0.0,0.1064061,0.0868666,0.9011944,0.0,0.7585185,0.002963,0.0251852,0.0315638,0.0,1.0,0.195122,0.0994764,1.0,10.491301994830229
512.0,0.4609375,0.0,0.2109375,0.1702899,0.8554688,0.0,0.6712963,0.0046296,0.0092593,0.1111111,0.0,0.9907407,0.3251029,0.0612245,1.0,9.615805480084347
4297.0,0.50128,0.001629,0.0670235,0.0629958,0.8745636,0.001629,0.750475,0.0082331,0.0639645,0.0499398,0.0018999,0.989867,0.2057762,0.0696056,0.2,10.980212041446208
2588.0,0.4802937,0.1904946,0.1062597,0.0788104,0.9265842,0.0,0.8050459,0.0045872,0.0149083,0.0703625,0.1697248,0.9931193,0.3208955,0.1821862,0.8,10.33854382482173
887.0,0.4509583,0.005637,0.264938,0.1950719,0.8229989,0.0800451,0.7507886,0.0031546,0.0157729,0.0730994,0.0031546,0.9936909,0.1578947,0.1323529,0.3333333,10.413342705547674
5870.0,0.4754685,0.0028961,0.1540034,0.1204937,0.8550256,0.0080068,0.6824687,0.0044723,0.0330948,0.0790774,0.0017889,0.9078712,0.4818781,0.1204082,0.2,10.74937727911096
285.0,0.5087719,0.0,0.1894737,0.1357143,0.8666667,0.0,0.704918,0.0,0.0163934,0.0895522,0.0,1.0,0.3059701,0.037037,0.0,9.615805480084347
693.0,0.5137085,0.04329,0.1212121,0.0801187,0.7720058,0.0,0.5714286,0.0099668,0.076412,0.0504732,0.0299003,0.9734219,0.4195584,0.078125,0.6,10.83370091325064
410.0,0.4463415,0.1609756,0.1707317,0.154185,0.8609756,0.0,0.7134146,0.0060976,0.054878,0.0939227,0.1463415,0.9939024,0.3038674,0.0555556,1.0,9.957075711706057
1667.0,0.565087,0.0,0.3503299,0.182069,0.6256749,0.284943,0.7546012,0.00818,0.0429448,0.5434174,0.0,1.0,0.225957,0.049505,0.75,10.900454637442037
691.0,0.5079595,0.0014472,0.1432706,0.1147059,0.8842258,0.0,0.7218045,0.0037594,0.0150376,0.0666667,0.0037594,1.0,0.2035088,0.140625,0.0,10.165890277802454
502.0,0.4940239,0.0,0.2191235,0.0984252,0.9103586,0.0,0.7643979,0.0,0.0,0.0154639,0.0,0.9790576,0.128866,0.25,1.0,10.21833478806055
6128.0,0.4619778,0.440111,0.1122715,0.1185927,0.8771214,0.0442232,0.798,0.0035,0.0325,0.0366089,0.4025,0.9935,0.1546243,0.0721443,0.5517241,11.239816684367907
277.0,0.4765343,0.0,0.0758123,0.0896552,0.8953069,0.0,0.7706422,0.0,0.0275229,0.0438596,0.0,0.9633028,0.2105263,0.0,0.0,10.601647149919609
310.0,0.4806452,0.0,0.1322581,0.1180124,0.9032258,0.0,0.7844828,0.0086207,0.0258621,0.0333333,0.0,1.0,0.1833333,0.027027,1.0,10.389026137075234
707.0,0.4837341,0.0,0.2743989,0.2109589,0.7807638,0.0777935,0.6777409,0.0,0.0099668,0.125,0.0,1.0,0.2703488,0.0,0.875,9.615805480084347
401.0,0.5336658,0.0049875,0.0374065,0.0641711,0.8379052,0.0,0.6339869,0.0,0.0457516,0.3108108,0.0065359,0.9803922,0.5225225,0.125,0.6666667,10.862856930775358
1554.0,0.4967825,0.0057915,0.0508366,0.0319693,0.9498069,0.0,0.8710938,0.0,0.0234375,0.0536044,0.0058594,0.9804688,0.0887246,0.0740741,0.6,11.715057818961629
342.0,0.5146199,0.0,0.1812865,0.1385542,0.9035088,0.0,0.7751938,0.0,0.0310078,0.0851064,0.0,1.0,0.4042553,0.125,0.0,9.615805480084347
5137.0,0.4561028,0.0007787,0.1999221,0.15068,0.8351178,0.0301733,0.688253,0.001004,0.0296185,0.0523311,0.001004,0.9964859,0.2269267,0.0837607,0.3846154,10.448743588106625
1375.0,0.4581818,0.0029091,0.1498182,0.1154362,0.8465455,0.0,0.700692,0.0,0.0640138,0.0350584,0.0017301,0.9948097,0.2520868,0.0588235,0.6666667,10.97337452485014
5110.0,0.4837573,0.009002,0.1356164,0.0636846,0.9099804,0.0242661,0.8508671,0.0023121,0.032948,0.0356745,0.0063584,0.9872832,0.0479376,0.0819672,0.3571429,12.529246130159391
113.0,0.5840708,0.0,0.0884956,0.0851064,0.9557522,0.0,0.8333333,0.0,0.0,0.1891892,0.0,0.9666667,0.5675676,0.75,0.0,10.221977646629885
736.0,0.4918478,0.0040761,0.0570652,0.0240642,0.9538043,0.0027174,0.8857143,0.0040816,0.0040816,0.0613027,0.0040816,0.9959184,0.1685824,0.075,0.4285714,11.150534214035387
7025.0,0.4585053,0.0542349,0.1493238,0.1154048,0.5410676,0.1911744,0.4958079,0.0026677,0.1028963,0.0668563,0.0552591,0.9786585,0.4416785,0.0608543,0.4545455,11.028433383156079
703.0,0.4779516,0.0056899,0.1322902,0.0899183,0.9203414,0.0,0.7975207,0.0,0.0289256,0.0583658,0.0082645,0.9876033,0.1128405,0.0444444,0.0,10.879951039444416
515.0,0.4679612,0.0,0.2213592,0.1350365,0.8271845,0.0,0.6347032,0.0045662,0.0365297,0.0987654,0.0,1.0,0.3415638,0.08,1.0,10.2328272702548
12917.0,0.4605559,0.1258032,0.2239684,0.1768083,0.8027406,0.0360765,0.6436824,0.0020499,0.0251584,0.1349347,0.1121878,0.987514,0.335644,0.0914567,0.7608696,9.615805480084347
37589.0,0.5011839,0.057038,0.0634228,0.0502933,0.9056107,0.0001596,0.8128927,0.0032581,0.0605073,0.0133935,0.0513537,0.984175,0.068728,0.1424361,0.2,11.755879486687116
1522.0,0.4967148,0.0,0.0919842,0.0809399,0.9099869,0.0,0.7968198,0.0053004,0.0282686,0.0751634,0.0,0.9946996,0.3202614,0.0619469,1.0,10.518700218288165
107.0,0.4579439,0.0560748,0.2149533,0.1896552,0.8130841,0.0,0.627907,0.0232558,0.0697674,0.2181818,0.0697674,1.0,0.4,0.125,1.0,9.615805480084347
9188.0,0.4661515,0.0045712,0.2504354,0.1237513,0.8851763,0.0043535,0.7665964,0.004215,0.0252898,0.1105904,0.0034247,0.9812961,0.1989222,0.0953437,0.3802817,11.116930374363438
3689.0,0.462456,0.056926,0.213608,0.1860817,0.8416915,0.0309027,0.6983278,0.0006689,0.0113712,0.0822591,0.0494983,0.9979933,0.2860651,0.0781563,0.7058824,10.114599007626499
7509.0,0.5039286,0.0354242,0.0760421,0.052349,0.9503263,0.0,0.8755085,0.002441,0.0211554,0.0156187,0.0296989,0.9979658,0.040849,0.0746269,0.3333333,11.261909563554315
1926.0,0.5,0.0067497,0.1292835,0.0550363,0.8686397,0.0109034,0.7567164,0.0029851,0.0746269,0.1354839,0.0029851,0.941791,0.6270968,0.1309192,0.0,11.726430716744437
26727.0,0.4784675,0.0223744,0.1760392,0.1365952,0.82542,3.74e-05,0.6510141,0.0022839,0.0596565,0.0446849,0.0177234,0.9306596,0.5033165,0.0662526,0.4489796,11.898874704662955
33731.0,0.4898165,0.0624055,0.0534227,0.0526469,0.9031158,0.0066408,0.7908606,0.0023349,0.0373582,0.0604826,0.0625417,0.9875751,0.1931213,0.0716593,0.2,11.098939154318382
1019.0,0.4573111,0.0,0.107949,0.0940325,0.8439647,0.0,0.6642157,0.002451,0.0416667,0.0769231,0.0,0.9901961,0.361991,0.064,0.5,10.477316144080852
9.0,0.4444444,0.0,0.3333333,0.2,1.0,0.0,1.0,0.0,0.0,0.4,0.0,1.0,0.2,0.5,0.0,10.177362240256695
369.0,0.4932249,0.0162602,0.195122,0.144385,0.8563686,0.0379404,0.7553957,0.0071942,0.028777,0.0915033,0.0071942,1.0,0.2745098,0.1111111,0.4,10.165890277802454
1734.0,0.4815456,0.0,0.189158,0.1535039,0.8114187,0.0369089,0.6492221,0.0,0.019802,0.0782269,0.0,0.9971711,0.2581486,0.0480349,0.4285714,10.401258331428318
3688.0,0.4734273,0.1908894,0.1477766,0.1256437,0.7613883,0.1079176,0.6796935,0.0038314,0.0375479,0.1,0.1823755,0.9877395,0.3896552,0.0789474,0.3333333,10.736418414365376
6968.0,0.48407,0.0007176,0.146814,0.1004172,0.9098737,0.0,0.7944712,0.0036058,0.0352564,0.0223267,0.0008013,0.9855769,0.1320016,0.0421348,0.2380952,11.8789634386217
1298.0,0.4476117,0.0,0.1872111,0.1743375,0.8035439,0.0624037,0.684,0.002,0.02,0.0808824,0.0,1.0,0.4944853,0.077821,0.7142857,10.518700218288165
2837.0,0.4554106,0.0010575,0.2396898,0.1915858,0.8089531,0.034191,0.6428571,0.0017212,0.0223752,0.1741294,0.0008606,0.9956971,0.3276475,0.0867209,0.5652174,9.615805480084347
1166.0,0.4914237,0.0060034,0.1861063,0.1720067,0.8344768,0.0,0.6552463,0.0107066,0.0449679,0.0914397,0.0042827,0.9978587,0.2743191,0.1197917,0.6666667,10.27163147557801
1312.0,0.4717988,0.0121951,0.1554878,0.1111111,0.867378,0.0,0.7165992,0.0080972,0.0465587,0.1178571,0.0101215,0.9939271,0.2767857,0.0714286,0.1666667,11.389638560778947
7245.0,0.5213251,0.1642512,0.0022084,0.0040369,0.921187,0.0730159,0.9791895,0.0,0.0016429,0.027171,0.162103,0.9616648,0.1129462,0.2291183,0.0,10.915106645867503
2046.0,0.4882698,0.0298143,0.0640274,0.061127,0.955523,0.0,0.875,0.0,0.0216667,0.0369181,0.0333333,0.945,0.0690209,0.2093023,0.4,11.065090289695444
26.0,0.5769231,0.0,0.3076923,0.0909091,0.8461538,0.0,0.6666667,0.0,0.0,0.2,0.0,1.0,0.2666667,0.0,0.0,9.69898173460629
2983.0,0.4941334,0.0020114,0.0905129,0.0702452,0.8581964,0.005699,0.7226739,0.0108401,0.071364,0.0331878,0.0018067,0.9774164,0.3938865,0.0849057,0.4285714,10.70551155928146
3139.0,0.4800892,0.0003186,0.131252,0.1188725,0.8725709,0.0168844,0.7209705,0.0025997,0.0164645,0.0678514,0.0008666,0.9731369,0.2108239,0.0968661,0.5882353,10.404293143019792
15464.0,0.5001293,0.0266425,0.1120021,0.0972833,0.8848293,0.0336912,0.784934,0.0061447,0.0446063,0.0308778,0.0284479,0.6913974,0.4966917,0.2193211,0.2307692,11.919063679824545
865.0,0.4936416,0.0150289,0.1537572,0.1187215,0.8763006,0.0150289,0.74,0.0,0.0085714,0.0956072,0.0085714,0.9914286,0.2144703,0.1460674,0.5714286,10.491301994830229
61.0,0.6065574,0.0,0.0983607,0.0833333,0.8688525,0.0,0.7037037,0.0,0.0,0.25,0.0,1.0,0.25,0.0,1.0,9.615805480084347
419.0,0.4988067,0.0,0.1455847,0.1190476,0.8520286,0.0,0.6705882,0.0058824,0.0235294,0.0659341,0.0,1.0,0.3351648,0.0638298,0.5,10.12667110305036
2749.0,0.4769007,0.0018188,0.2400873,0.1363004,0.8675882,0.0254638,0.7538884,0.0009149,0.0173833,0.0353045,0.0009149,0.9981702,0.1756399,0.0408163,0.2,10.67130147767883
4700.0,0.4697872,0.0002128,0.232766,0.1962279,0.8374468,0.0257447,0.6919831,0.003692,0.0237342,0.0746706,0.0005274,0.9941983,0.1825281,0.0599174,0.7058824,10.335302435967074
542.0,0.4538745,0.0,0.2693727,0.1925676,0.8136531,0.0,0.5950413,0.0,0.0123967,0.1986755,0.0,1.0,0.3609272,0.0853659,1.0,9.615805480084347
41832.0,0.4832664,0.0092274,0.1440046,0.117228,0.8655336,0.0013148,0.7077567,0.0041213,0.0405364,0.0301855,0.0135326,0.9707203,0.2729225,0.0639452,0.3026316,10.513280297700861
7119.0,0.5113078,0.0032308,0.0946762,0.0459902,0.8044669,0.0,0.6763415,0.0077624,0.1069862,0.526299,0.0027,0.9544381,0.2671463,0.0770465,0.1363636,12.102937429832547
646.0,0.501548,0.0077399,0.0464396,0.0310559,0.9752322,0.0,0.9306931,0.0,0.009901,0.1022222,0.009901,0.990099,0.0533333,0.2777778,0.4285714,11.402005077384885
44.0,0.5,0.0,0.1136364,0.0,0.9772727,0.0,0.9230769,0.0,0.0,0.0714286,0.0,1.0,0.0,0.0,0.0,9.615805480084347
5961.0,0.4588156,0.0026841,0.105687,0.084005,0.774199,0.0644187,0.6563441,0.0064516,0.0572043,0.038859,0.0025806,0.9935484,0.3303018,0.0382627,0.5555556,10.791399385808587
378.0,0.4814815,0.005291,0.1296296,0.0663265,0.8994709,0.0,0.8013245,0.0,0.0529801,0.1117647,0.0066225,0.9933775,0.2352941,0.0967742,0.8571429,10.55323128448846
8343.0,0.4886731,0.0323625,0.1500659,0.1066573,0.8209277,0.0173798,0.6815123,0.0032041,0.0823454,0.0349412,0.0291573,0.969561,0.2786024,0.0783699,0.4827586,11.9601785009348
293.0,0.4744027,0.0136519,0.1877133,0.0974026,0.9078498,0.0,0.7946429,0.0,0.0357143,0.0508475,0.0089286,1.0,0.1101695,0.0,0.0,10.645448706505872
1354.0,0.4970458,0.0,0.1093058,0.0983847,0.9054653,0.0,0.7448747,0.0022779,0.0318907,0.0222717,0.0,0.9931663,0.169265,0.1411765,0.0,10.494075844768336
772.0,0.4624352,0.0051813,0.253886,0.2457831,0.8380829,0.0,0.6451613,0.0,0.0117302,0.118863,0.0029326,0.9970674,0.2945736,0.0746269,0.6666667,10.056251557087757
2580.0,0.4949612,0.3542636,0.170155,0.1404451,0.6612403,0.2275194,0.6885246,0.0035129,0.0222482,0.0827068,0.3278689,0.9976581,0.2481203,0.0833333,0.7,10.488520429241627
1526.0,0.465924,0.0,0.2332896,0.1877301,0.8243775,0.0,0.6289121,0.0014903,0.0223547,0.1452229,0.0,0.9985097,0.1949045,0.0711864,0.8461538,9.62911649414402
117.0,0.5641026,0.0,0.0598291,0.0784314,0.8717949,0.0,0.6904762,0.0,0.047619,0.106383,0.0,0.952381,0.4255319,0.4,1.0,10.142543822310387
675.0,0.5244444,0.0696296,0.1037037,0.0560748,0.9244444,0.0,0.8333333,0.004386,0.0350877,0.1768953,0.0657895,0.8947368,0.3104693,0.1212121,0.8333333,10.76004951120163
150.0,0.5466667,0.0,0.1066667,0.1029412,0.9333333,0.0,0.8125,0.0,0.0208333,0.0769231,0.0,1.0,0.3269231,0.3333333,0.0,9.615805480084347
118.0,0.5084746,0.0,0.220339,0.1206897,0.8389831,0.0,0.6538462,0.0,0.0192308,0.1612903,0.0,1.0,0.3709677,0.0625,1.0,9.615805480084347
12756.0,0.4434776,0.2261681,0.2244434,0.1922806,0.8316087,0.0195202,0.6648845,0.0019095,0.0211953,0.1281838,0.2031698,0.996181,0.2415515,0.1024825,0.7282051,10.214678610538817
1470.0,0.5272109,0.0034014,0.0911565,0.0561151,0.9326531,0.0,0.8481013,0.0042194,0.0337553,0.0632411,0.0042194,0.6919831,0.2411067,0.3243243,0.1666667,10.721084386282662
134.0,0.4477612,0.0,0.0746269,0.1081081,0.9029851,0.0,0.7346939,0.0,0.0,0.0392157,0.0,1.0,0.1568627,0.0833333,0.0,10.295563423525277
271.0,0.5276753,0.0,0.1291513,0.109375,0.900369,0.0,0.7843137,0.0196078,0.0294118,0.1206897,0.0,1.0,0.25,0.0909091,0.0,9.642187721358466
570.0,0.4912281,0.0,0.1333333,0.0931034,0.9087719,0.0,0.771028,0.0,0.0140187,0.0695652,0.0,0.9485981,0.3304348,0.0857143,0.8333333,10.687411927154141
745.0,0.4751678,0.0295302,0.1328859,0.1202046,0.895302,0.0,0.752809,0.0,0.0449438,0.0887372,0.0299625,0.9850187,0.447099,0.1,0.6666667,9.615805480084347
833.0,0.457383,0.272509,0.1944778,0.1924779,0.8679472,0.0,0.6889535,0.0,0.005814,0.1650485,0.25,0.997093,0.3276699,0.0679612,0.6,10.064798252418377
44962.0,0.4653263,0.0889863,0.135848,0.1171381,0.8220942,0.0154797,0.6538791,0.0043399,0.0361123,0.0823992,0.0802079,0.9878375,0.3393314,0.069025,0.4587814,10.348205424565993
7430.0,0.5193809,0.0323015,0.0725437,0.0604873,0.8749664,0.0,0.7356877,0.0066914,0.0572491,0.1369907,0.0379182,0.8773234,0.4828361,0.1326633,0.1111111,11.256754979390998
13559.0,0.4777638,0.0053839,0.1483148,0.1239938,0.7734346,0.0620252,0.6484027,0.0062677,0.0766276,0.0305762,0.0040437,0.9425799,0.4398275,0.1072452,0.2857143,10.900454637442037
2896.0,0.4865331,0.0017265,0.3504834,0.1452589,0.8308011,0.0062155,0.6882622,0.003811,0.0411585,0.2566572,0.0022866,0.9931402,0.5201133,0.1055046,0.4571429,10.633472802314019
807.0,0.5092937,0.0074349,0.1449814,0.0782828,0.8785626,0.016109,0.7674419,0.0033223,0.0398671,0.1300578,0.0033223,0.9833887,0.1156069,0.0625,0.7142857,13.078622543881725
17885.0,0.4612245,0.2350014,0.1415152,0.1231839,0.7893766,0.0478054,0.6510086,0.0048991,0.0501441,0.092929,0.2073487,0.9596542,0.4096197,0.0982485,0.462963,11.075985169527042
617.0,0.4424635,0.6564019,0.1296596,0.1395349,0.8865478,0.0,0.7095238,0.0047619,0.0142857,0.0948276,0.5809524,1.0,0.3965517,0.2,1.0,9.615805480084347
625.0,0.4832,0.0016,0.1648,0.1083591,0.84,0.0,0.6814516,0.0120968,0.0524194,0.1677852,0.0040323,0.9717742,0.3087248,0.0897436,0.75,10.43708198835482
389.0,0.4678663,0.0,0.2210797,0.1497585,0.9125964,0.0,0.7884615,0.0,0.0064103,0.1034483,0.0,1.0,0.2011494,0.0444444,1.0,10.431199791458543
47.0,0.4893617,0.0,0.212766,0.0833333,0.8723404,0.0,0.7272727,0.0,0.0,0.4054054,0.0,1.0,0.1351351,0.0,0.0,9.615805480084347
2318.0,0.4767041,0.0004314,0.1427955,0.1121187,0.8666954,0.0267472,0.7289504,0.0,0.0138408,0.1206897,0.0011534,0.9238754,0.311359,0.0933333,0.5,10.376642461280849
1497.0,0.4662659,0.0,0.2117568,0.1476846,0.8223113,0.0307281,0.6695502,0.0017301,0.0467128,0.0477759,0.0,0.9982699,0.3558484,0.0721649,0.0,10.542732775946709
5936.0,0.4506402,0.0121294,0.2437668,0.1861392,0.7804919,0.0330189,0.6144484,0.0035336,0.0369062,0.0971287,0.0094229,0.9937181,0.3725629,0.0842451,0.7971014,9.711176264112805
143.0,0.4475524,0.0,0.2167832,0.1772152,0.8601399,0.0,0.6491228,0.0,0.0,0.25,0.0,1.0,0.3157895,0.0833333,0.8,9.615805480084347
3643.0,0.4457864,0.0510568,0.2459511,0.2164438,0.7886357,0.0590173,0.6625326,0.0039164,0.0182768,0.0809838,0.0437337,0.9954308,0.3041392,0.0593047,0.4285714,10.305647203635566
869.0,0.5005754,0.1012658,0.0966628,0.0714286,0.9344074,0.0,0.8458904,0.0034247,0.0239726,0.081761,0.0719178,0.989726,0.3301887,0.2105263,0.0,10.34177474101152
53008.0,0.4657033,0.048936,0.1911032,0.1458937,0.7028184,0.0379565,0.5440598,0.0035372,0.0938232,0.0815804,0.0406332,0.9856745,0.366442,0.0607748,0.5800866,10.954326659732555
3162.0,0.4920936,0.0477546,0.1258697,0.0647572,0.8829855,0.0,0.7540729,0.003879,0.0333592,0.0832148,0.0387898,0.9968968,0.2432432,0.0449438,0.8611111,11.140425970684525
4911.0,0.5005091,0.0063124,0.0427611,0.0285365,0.9405416,0.0128283,0.8825118,0.006077,0.0270088,0.0414239,0.0047265,0.9898717,0.1016181,0.1351351,0.4074074,10.978507040265917
1207.0,0.4863297,0.2319801,0.1433306,0.0967742,0.9246065,0.0,0.7966102,0.0048426,0.0096852,0.0801782,0.1961259,0.9878935,0.2895323,0.2131148,1.0,10.098272780745283
275.0,0.4690909,0.0,0.2145455,0.0958904,0.84,0.0,0.6803279,0.0081967,0.0245902,0.0895522,0.0,1.0,0.2910448,0.0333333,1.0,9.615805480084347
220.0,0.5,0.0,0.1090909,0.0636364,0.9363636,0.0,0.84,0.0,0.0266667,0.1477273,0.0,0.9733333,0.2386364,0.1333333,1.0,9.65509029374725
13842.0,0.4696576,0.0041179,0.1454992,0.0889525,0.8322497,0.0001445,0.6768158,0.0028916,0.0622555,0.0514682,0.0025515,0.9484606,0.112617,0.0531401,0.2678571,11.33381076072374
1902.0,0.4684543,0.0094637,0.2050473,0.1384768,0.8680336,0.0152471,0.7192053,0.0,0.013245,0.1545353,0.0119205,0.9403974,0.2844345,0.1461988,0.6923077,9.994287576862567
1602.0,0.4818976,0.0006242,0.10799,0.0987952,0.8951311,0.0024969,0.7713816,0.0032895,0.0296053,0.0979228,0.0016447,0.9967105,0.2581602,0.0630631,0.9,10.431199791458543
1585.0,0.4662461,0.0208202,0.2056782,0.1536643,0.8422713,0.0025237,0.6816817,0.0045045,0.033033,0.0914052,0.021021,0.984985,0.3465211,0.0730594,0.75,10.298935994257638
2578.0,0.4914663,0.0034911,0.1140419,0.1113654,0.7432118,0.1117145,0.6564215,0.0021954,0.0570801,0.0608247,0.0,0.9945115,0.3814433,0.0607903,0.1875,11.178864319331653
1273.0,0.4516889,0.0,0.2168107,0.1618911,0.8122545,0.0196386,0.6470588,0.0,0.0349265,0.2327221,0.0,0.9724265,0.3977433,0.0679612,0.6875,10.993748398115178
4648.0,0.475043,0.0017212,0.1876076,0.1459016,0.8242255,0.035284,0.6908186,0.0044248,0.0392699,0.0284793,0.0005531,0.9811947,0.2724342,0.0469136,0.4,10.703266939811954
705.0,0.4609929,0.0,0.2085106,0.1631579,0.8567376,0.0,0.7040816,0.0034014,0.0408163,0.0576923,0.0,0.9965986,0.2660256,0.0422535,0.6666667,10.056251557087757
1439.0,0.4530924,0.0138985,0.2036136,0.2033037,0.7769284,0.1070188,0.7073171,0.0018762,0.0187617,0.0762565,0.0187617,0.9812383,0.4194107,0.0904255,0.5,10.611547975828369
46.0,0.5,0.0,0.0434783,0.0,0.8478261,0.1521739,1.0,0.0,0.0,0.3076923,0.0,0.8888889,0.6923077,0.4444444,0.0,0.0
216.0,0.4953704,0.0,0.2222222,0.1192661,0.8611111,0.0,0.7282609,0.0108696,0.0434783,0.0980392,0.0,0.9891304,0.2156863,0.1538462,0.0,9.615805480084347
488.0,0.4979508,0.0,0.1495902,0.1183673,0.8668033,0.0,0.6891192,0.0,0.0259067,0.0492611,0.0,0.9948187,0.2906404,0.0793651,1.0,9.770013301136158
2071.0,0.4736842,0.239015,0.2404635,0.0743119,0.8759054,0.0222115,0.7836836,0.0074166,0.0321384,0.1744898,0.1928307,0.9814586,0.4081633,0.1538462,0.6304348,10.016860879703811
58.0,0.5,0.0,0.2586207,0.0344828,0.9137931,0.0,0.7916667,0.0,0.0,0.2727273,0.0,1.0,0.4242424,0.0,0.0,9.615805480084347
4278.0,0.4450678,0.0056101,0.1671342,0.1107835,0.7402992,0.0,0.5285209,0.0,0.0711762,0.0308219,0.005048,0.9858657,0.3131115,0.0172612,0.0,11.792834908653468
422.0,0.478673,0.0,0.0758294,0.0318182,0.9549763,0.0,0.8474576,0.0,0.0084746,0.0483871,0.0,0.9830508,0.1209677,0.28,1.0,10.84546552414626
257.0,0.4747082,0.0,0.1828794,0.0888889,0.844358,0.0505837,0.7659574,0.0,0.0531915,0.0505051,0.0,1.0,0.2727273,0.0384615,1.0,10.591647316585027
271.0,0.3726937,0.0,0.4206642,0.3529412,0.6605166,0.2398524,0.6904762,0.0,0.0119048,0.0666667,0.0,1.0,0.3333333,0.0952381,1.0,9.615805480084347
727.0,0.5144429,0.0,0.0508941,0.0339943,0.9408528,0.0,0.8377193,0.004386,0.0219298,0.0172414,0.0,0.995614,0.1982759,0.1162791,0.0,10.62135173563291
1992.0,0.5527108,0.2018072,0.1631526,0.0819304,0.8258032,0.123494,0.8474903,0.0019305,0.0328185,0.0133333,0.1911197,0.996139,0.1161905,0.2183908,0.0,11.470028402317833
18130.0,0.4826255,0.0041368,0.1297297,0.0793177,0.9018202,0.0088803,0.8042046,0.0012551,0.0396925,0.0381772,0.0020395,0.9849388,0.0864645,0.0821468,0.3613445,12.70594146211558
574.0,0.4686411,0.0017422,0.1567944,0.1540984,0.9076655,0.0,0.7511962,0.0,0.0047847,0.1363636,0.0047847,0.9952153,0.2809917,0.1578947,0.7142857,9.70509758756311
1794.0,0.4698997,0.006689,0.1716834,0.1324921,0.8266444,0.0133779,0.6666667,0.0,0.0562588,0.0644737,0.0056259,0.9929677,0.3,0.0671642,0.1666667,11.592669666556795
548.0,0.4525547,0.0,0.4032847,0.21,0.7755474,0.1405109,0.7653061,0.0,0.0,0.1403509,0.0,0.9897959,0.1798246,0.1666667,1.0,9.857495968685136
2689.0,0.4730383,0.0011157,0.2316846,0.1778405,0.8036445,0.0479732,0.670852,0.0008969,0.026009,0.0785124,0.0017937,0.9901345,0.3107438,0.0746753,0.6875,10.264687244346277
17689.0,0.4835774,0.0196732,0.1570468,0.1072797,0.9306914,0.0012437,0.8243151,0.0015411,0.0210616,0.0253672,0.0162671,0.9695205,0.1034713,0.1371611,0.25,12.071403463011007
7065.0,0.5104034,0.006511,0.0518047,0.0352703,0.9452229,0.0,0.8680466,0.003881,0.0245796,0.0515337,0.0064683,0.9805951,0.1186094,0.1471572,0.3818182,11.67335070422742
3804.0,0.462408,0.0,0.2100421,0.1770171,0.8335962,0.0307571,0.6771861,0.0013149,0.0144642,0.0994671,0.0,0.9934254,0.3617525,0.10625,0.3055556,10.003378135350923
65452.0,0.4675946,0.0525729,0.1944173,0.117772,0.8320907,0.0205341,0.7006212,0.0032932,0.0533268,0.0955798,0.038096,0.9063693,0.462533,0.0453007,0.3861671,11.25416768929685
414.0,0.4927536,0.0507246,0.147343,0.1095238,0.9202899,0.0,0.8101266,0.0,0.0189873,0.0538922,0.0379747,0.9936709,0.1796407,0.0714286,1.0,10.6782377612977
591.0,0.4737733,0.0,0.1641286,0.096463,0.8849408,0.0,0.7217391,0.0,0.0173913,0.0534979,0.0,0.9913043,0.1687243,0.1714286,1.0,10.073272520325904
902.0,0.4778271,0.0,0.1895787,0.1549894,0.8492239,0.0,0.6657682,0.0080863,0.0242588,0.0607595,0.0,0.9973046,0.2556962,0.0777778,0.6666667,10.214678610538817
643.0,0.4339036,0.0,0.3576983,0.3406593,0.6391913,0.1617418,0.5323194,0.0,0.0190114,0.1084746,0.0,0.9961977,0.4949153,0.0263158,0.6666667,10.110542371500753
2846.0,0.5045678,0.0056219,0.0906535,0.0531915,0.911806,0.0,0.7823204,0.0055249,0.0486188,0.0995025,0.0055249,0.8585635,0.2427861,0.2647059,0.2,10.93133754807084
2240.0,0.4803571,0.0013393,0.1495536,0.112543,0.8575893,0.0,0.6994286,0.008,0.0434286,0.1143725,0.0,0.9977143,0.3309717,0.0923077,0.5,10.134638955251866
348.0,0.7298851,0.045977,0.0890805,0.212766,0.3936782,0.5114943,0.5945946,0.0,0.0405405,0.2371134,0.0135135,0.8378378,0.4845361,0.1666667,1.0,9.615805480084347
403.0,0.4665012,0.0074442,0.1563275,0.1906977,0.9032258,0.0,0.760274,0.0,0.0273973,0.1704545,0.0136986,1.0,0.3068182,0.1764706,0.6666667,9.615805480084347
442.0,0.4728507,0.4751131,0.1742081,0.1373391,0.8755656,0.0,0.7055215,0.0,0.0245399,0.1597938,0.4233129,1.0,0.2474227,0.1363636,0.5,10.27163147557801
1247.0,0.4659182,0.0,0.2959102,0.1951952,0.8107458,0.042502,0.6635161,0.0,0.0094518,0.1109244,0.0,0.9981096,0.3546218,0.027027,0.6153846,10.034559673629849
628.0,0.4585987,0.0,0.1528662,0.1441176,0.9203822,0.0,0.8,0.0,0.0083333,0.0769231,0.0,1.0,0.1884615,0.2444444,1.0,10.196194479235656
673.0,0.5052006,0.0,0.1292719,0.1201201,0.8008915,0.0,0.6046512,0.0033223,0.0431894,0.3296214,0.0,0.9468439,0.4654788,0.0847458,0.6666667,10.243560441877241
3653.0,0.4692034,0.0008212,0.1609636,0.1438886,0.8228853,0.0323022,0.68,0.0026667,0.028,0.0752158,0.0006667,0.9986667,0.4260173,0.0110294,0.6,10.606609816118151
555.0,0.4792793,0.0036036,0.1963964,0.1349481,0.6252252,0.2612613,0.6432749,0.0,0.0116959,0.1933962,0.0,0.994152,0.2830189,0.2424242,0.5,9.615805480084347
2177.0,0.5048232,0.1740928,0.04226,0.0352505,0.9067524,0.0,0.7910448,0.0081411,0.0515604,0.1055825,0.1628223,0.9606513,0.4089806,0.2346369,0.6666667,10.998777662206932
251.0,0.4183267,0.0,0.4462151,0.3013699,0.685259,0.1434263,0.5825243,0.0,0.0,0.0964912,0.0,1.0,0.4385965,0.0,1.0,9.615805480084347
2878.0,0.4975678,0.0,0.1633079,0.1078838,0.9072272,0.0,0.771134,0.0020619,0.0391753,0.0367428,0.0,0.8680412,0.4548163,0.2310924,0.5,10.829748417047593
3617.0,0.5277855,0.0765828,0.0854299,0.0825527,0.776334,0.0,0.5797101,0.0072464,0.0928854,0.161326,0.0843215,0.8992095,0.6093923,0.0676606,0.3125,10.21833478806055
13124.0,0.4601493,0.0397745,0.1019506,0.083698,0.7000914,0.0015239,0.5108099,0.0017748,0.1103582,0.1209757,0.0361407,0.9533721,0.4922706,0.0397934,0.2653061,12.360941638737165
8276.0,0.4993958,0.0901402,0.0843403,0.0707217,0.8332528,0.0,0.6979844,0.0156047,0.1046814,0.0743304,0.090052,0.8416775,0.4811917,0.1103133,0.2222222,10.978507040265917
462.0,0.5151515,0.030303,0.1017316,0.0892857,0.9004329,0.0,0.7696629,0.005618,0.0280899,0.0273224,0.0337079,1.0,0.3060109,0.1351351,0.5,10.154285180632154
341.0,0.5102639,0.0,0.1612903,0.1556886,0.9032258,0.0,0.7398374,0.0,0.0081301,0.1517241,0.0,1.0,0.2206897,0.2,0.75,9.957075711706057
4800.0,0.4929167,0.00875,0.133125,0.0784717,0.946875,0.0045833,0.8733291,0.0,0.017823,0.0242236,0.0044558,0.9732654,0.0478261,0.1408451,0.4375,12.413497299759758
122899.0,0.4778314,0.0011717,0.0815304,0.0722099,0.9390801,0.0155656,0.8525087,0.0026538,0.0180461,0.0579152,0.0013425,0.0906991,0.4901465,0.2834538,0.3640351,10.425282789490705
74.0,0.6081081,0.0,0.2297297,0.137931,0.8648649,0.0,0.7666667,0.0333333,0.0666667,0.0322581,0.0,1.0,0.0645161,0.0,0.0,11.998439434579149
616.0,0.4642857,0.0016234,0.0487013,0.0666667,0.9529221,0.0,0.8194444,0.0,0.0208333,0.2653061,0.0069444,1.0,0.7704082,0.2692308,0.0,9.615805480084347
12034.0,0.4453216,0.1152568,0.2386571,0.1938577,0.7824497,0.0206914,0.5926418,0.0022757,0.0309122,0.1033838,0.0976674,0.9954485,0.3853086,0.068779,0.6521739,10.264687244346277
4073.0,0.4804812,0.0036828,0.4127179,0.1101134,0.8990916,0.0090842,0.8253536,0.0010881,0.0255713,0.1860053,0.0027203,0.9880305,0.2418069,0.0810811,0.5333333,11.308370569092329
443.0,0.48307,0.0,0.282167,0.1834061,0.8374718,0.0,0.6354167,0.0,0.0104167,0.0943396,0.0,1.0,0.254717,0.1136364,1.0,9.787009914477434
2116.0,0.4489603,0.0004726,0.2570888,0.17753,0.8086011,0.0217391,0.6322722,0.0054885,0.0175631,0.0807265,0.0,0.9978046,0.3279516,0.0723404,0.6428571,10.012386799492118
68.0,0.5,0.0,0.1617647,0.0882353,0.8823529,0.0,0.7307692,0.0,0.0384615,0.1612903,0.0,1.0,0.1612903,0.1666667,0.0,9.615805480084347
407.0,0.5282555,0.002457,0.1302211,0.0885417,0.7665848,0.0,0.6,0.0228571,0.0971429,0.1071429,0.0057143,0.8514286,0.5714286,0.1100917,1.0,11.19135563385109
7534.0,0.4749137,0.0132732,0.126626,0.1031345,0.9000531,0.0001327,0.7667009,0.0030832,0.0171292,0.0344029,0.0109627,0.9965742,0.2619914,0.0483871,0.6388889,10.969938154395841
543.0,0.4861878,0.9042357,0.145488,0.1505376,0.8637201,0.0,0.684466,0.0,0.038835,0.1825397,0.9126214,1.0,0.2896825,0.1276596,1.0,10.073272520325904
417.0,0.4964029,0.0,0.1846523,0.1428571,0.9040767,0.0,0.7770701,0.0127389,0.0191083,0.0484848,0.0,1.0,0.2909091,0.1621622,0.5,9.711176264112805
4520.0,0.4727876,0.000885,0.1176991,0.1007134,0.875,0.024115,0.7594458,0.0037783,0.0390428,0.06698,0.0,0.9981108,0.2925969,0.0231023,0.5,10.893047333337728
266.0,0.4774436,0.0037594,0.1842105,0.1582734,0.8458647,0.0,0.6548673,0.0,0.0176991,0.0504202,0.0,0.9646018,0.210084,0.09375,0.0,9.65509029374725
1842.0,0.4625407,0.0010858,0.1520087,0.1252525,0.859392,0.0,0.7102672,0.0112518,0.0492264,0.0813953,0.0,0.9901547,0.2751938,0.0852713,0.6363636,10.236417809461043
4123.0,0.4950279,0.0050934,0.0836769,0.0677233,0.933301,0.0,0.8302557,0.0028409,0.0198864,0.058194,0.0028409,0.9978693,0.1498328,0.1176471,0.4285714,10.373522431293592
192.0,0.5677083,0.0572917,0.109375,0.0963855,0.7083333,0.0416667,0.556962,0.0253165,0.0886076,0.0813953,0.0632911,0.7848101,0.8139535,0.1060606,0.0,11.138973558699526
4082.0,0.49951,0.0063694,0.0877021,0.0592266,0.9649682,0.0036747,0.9105145,0.0,0.0059657,0.0310694,0.0044743,0.9962714,0.0187861,0.1568627,0.173913,11.416425577744599
1306.0,0.4287902,0.0275651,0.2947933,0.2640751,0.7396631,0.0895865,0.6060606,0.0,0.0035651,0.0696517,0.026738,0.9964349,0.4013267,0.0305677,1.0,10.150386692204734
458.0,0.5283843,0.0,0.1069869,0.0694444,0.849345,0.0,0.7093023,0.0116279,0.0872093,0.122449,0.0,1.0,0.1938776,0.0566038,1.0,10.661977618146238
3945.0,0.5069708,0.0017744,0.0697085,0.0287918,0.9564005,0.0,0.891358,0.0032922,0.0230453,0.0233119,0.0016461,0.999177,0.1125402,0.1327434,1.0,11.05407540279458
56.0,0.5357143,0.2678571,0.3035714,0.1538462,0.8214286,0.0,0.6,0.0,0.0,0.3589744,0.24,1.0,0.3846154,0.0,0.0,9.615805480084347
1954.0,0.4698055,0.0020471,0.191914,0.1081081,0.883828,0.0,0.75,0.0081081,0.0337838,0.1513761,0.0013514,0.9959459,0.1341743,0.0865385,0.4090909,11.72157244693173
838.0,0.4486874,0.0011933,0.2792363,0.2294372,0.7756563,0.0584726,0.6187683,0.0,0.0234604,0.130102,0.0,0.9970674,0.4923469,0.025,0.5714286,10.146472946063877
5230.0,0.5032505,0.0617591,0.1279159,0.1035412,0.8493308,0.0,0.6916836,0.0065923,0.0709939,0.1274336,0.0395538,0.898073,0.440708,0.1380846,0.4310345,10.819798284210286
494.0,0.4736842,0.0182186,0.1133603,0.0884615,0.8947368,0.0,0.7445652,0.0054348,0.0163043,0.0366492,0.0163043,0.9836957,0.2198953,0.0980392,1.0,10.188704088048116
931.0,0.5016112,0.0139635,0.1084855,0.1012931,0.8614393,0.0118153,0.7047354,0.0,0.0278552,0.0552632,0.0083565,0.994429,0.3052632,0.0422535,0.0,10.829748417047593
325.0,0.4953846,0.0,0.16,0.097561,0.8923077,0.0,0.7559055,0.007874,0.015748,0.0155039,0.0,1.0,0.1705426,0.0555556,0.0,10.659633006160352
469.0,0.5053305,0.0021322,0.0788913,0.0862069,0.8358209,0.0,0.6829268,0.0,0.0609756,0.0238095,0.0,0.9634146,0.2380952,0.0816327,0.0,10.482933978579906
4633.0,0.4666523,0.0021584,0.157997,0.1157426,0.8290524,0.0101446,0.6720967,0.0068313,0.0499212,0.0951022,0.0021019,0.9957961,0.4108417,0.0479798,0.2592593,11.11395422597838
21847.0,0.4764956,0.1713736,0.0837186,0.0727463,0.862956,0.0469172,0.7775404,0.0021365,0.0321805,0.0539414,0.1559621,0.9961277,0.2457049,0.0841397,0.3586957,11.013715451376466
619.0,0.5234249,0.0,0.1389338,0.1152542,0.8642973,0.0,0.7248908,0.0087336,0.069869,0.0576132,0.0,0.9912664,0.1851852,0.0666667,1.0,10.207325906555994
838.0,0.4976134,0.0,0.1921241,0.1163895,0.9224344,0.0,0.8149254,0.0029851,0.0059701,0.0345821,0.0,1.0,0.0144092,0.1176471,0.6666667,11.237185138527495
3581.0,0.4697012,0.0019548,0.2192125,0.1606108,0.8369171,0.0159173,0.6678445,0.0021201,0.0261484,0.0560374,0.0007067,0.9978799,0.2928619,0.0631868,0.7407407,10.477316144080852
2888.0,0.4671053,0.1703601,0.2174515,0.1611436,0.6433518,0.2132964,0.6315271,0.0039409,0.0295567,0.1096491,0.1852217,0.9970443,0.3184211,0.0575758,0.7647059,9.898525260706313
5796.0,0.4794686,0.0110421,0.1680469,0.128936,0.7779503,0.0110421,0.6126233,0.009073,0.0714004,0.0430351,0.009073,0.9814596,0.3816535,0.0398614,0.1666667,10.983613347424248
1742.0,0.4856487,0.0051665,0.1021814,0.0926339,0.8851894,0.0,0.7550702,0.0078003,0.0514821,0.0287879,0.0046802,0.9921997,0.2439394,0.068323,0.6666667,10.911463720944793
167.0,0.4730539,1.0,0.1736527,0.1818182,0.8922156,0.0,0.6727273,0.0,0.0,0.1911765,1.0,1.0,0.2941176,0.2941176,1.0,9.615805480084347
257.0,0.4747082,0.0,0.1167315,0.0814815,0.8871595,0.0,0.7582418,0.021978,0.0769231,0.0421053,0.0,1.0,0.1789474,0.3333333,0.0,9.933094897288786
1484.0,0.4871968,0.3699461,0.1118598,0.0932983,0.8861186,0.0040431,0.7582846,0.0136452,0.0409357,0.0569853,0.3235867,0.9415205,0.3143382,0.2340426,0.7142857,10.261196961231647
152.0,0.5263158,0.0,0.1710526,0.1388889,0.8486842,0.0,0.7,0.0166667,0.0166667,0.0769231,0.0,1.0,0.2461538,0.2,1.0,9.615805480084347
562.0,0.4928826,0.0017794,0.1459075,0.1052632,0.8896797,0.0533808,0.8383838,0.0,0.0,0.038835,0.0,1.0,0.2621359,0.0434783,0.0,10.757924157061597
20.0,0.65,0.0,0.25,0.1428571,0.75,0.0,0.625,0.0,0.25,0.2,0.0,1.0,0.1,0.25,0.0,9.615805480084347
5389.0,0.499165,0.0025979,0.0491742,0.0237125,0.9704955,0.0,0.9167173,0.0012158,0.0103343,0.0329218,0.0030395,0.993921,0.0199882,0.1272727,0.1290323,11.510933482289435
361.0,0.4764543,0.465374,0.1523546,0.1587302,0.9058172,0.0,0.7664234,0.0072993,0.0072993,0.0805369,0.3722628,0.9854015,0.2416107,0.1206897,0.0,10.16203685698089
3308.0,0.4631197,0.0087666,0.1638452,0.1677928,0.8367594,0.028416,0.6907216,0.0079302,0.0309278,0.1255201,0.0103093,0.9952419,0.3730929,0.1478261,0.6111111,9.615805480084347
6305.0,0.4827914,0.0061856,0.2778747,0.1036492,0.8379064,0.0,0.7128614,0.000997,0.0471918,0.5588623,0.0069791,0.9940179,0.5245565,0.0443425,0.5517241,11.163382173096926
92.0,0.5,0.0,0.0978261,0.1521739,0.8586957,0.0,0.6571429,0.0,0.0285714,0.0,0.0,1.0,0.3142857,0.2,0.0,10.440010162389305
1542.0,0.4721141,0.0045396,0.1744488,0.1105651,0.8612192,0.0,0.7192691,0.0116279,0.0498339,0.0321543,0.0033223,0.9883721,0.2234727,0.02,0.25,11.163382173096926
104.0,0.4807692,0.0,0.3365385,0.2037037,0.8365385,0.0,0.6595745,0.0,0.0212766,0.1754386,0.0,1.0,0.2807018,0.0,1.0,9.615805480084347
26303.0,0.4839752,0.004068,0.1867848,0.0948943,0.8760217,0.0161198,0.7844871,0.0012199,0.0523534,0.0267142,0.0030497,0.9772288,0.1029979,0.0618212,0.2342342,13.122367377396328
1139.0,0.4986831,0.0166813,0.0509219,0.033275,0.3230904,0.6312555,0.7185629,0.0,0.0299401,0.0670391,0.0,0.9820359,0.1899441,0.04,0.0,10.599156550639583
597.0,0.4254606,0.0067002,0.1943049,0.1428571,0.8894472,0.0,0.7232143,0.0,0.0178571,0.0857143,0.0044643,0.9955357,0.5061224,0.2197802,0.0,9.857495968685136
1973.0,0.488596,0.5271161,0.1981754,0.2160555,0.6964014,0.1773948,0.6557143,0.0014286,0.01,0.1183879,0.51,0.9914286,0.4370277,0.0655271,0.0,10.36410350510914
2095.0,0.4505967,0.0,0.3236277,0.2041703,0.7522673,0.0505967,0.5922023,0.0,0.0210748,0.1427281,0.0,0.9978925,0.2547425,0.0388693,0.7391304,9.792611856190192
1885.0,0.4689655,0.0,0.1782493,0.1658342,0.8636605,0.0,0.6814621,0.0013055,0.0117493,0.078219,0.0,0.9960836,0.2984356,0.122093,0.4285714,9.933094897288786
4490.0,0.4585746,0.0320713,0.2211581,0.1715343,0.7857461,0.0300668,0.6119403,0.0036027,0.0288214,0.1290901,0.0303654,0.9686052,0.3173465,0.0807249,0.54,10.081675578048475
848.0,0.4646226,0.0058962,0.1556604,0.1277533,0.8915094,0.0,0.7378049,0.0030488,0.0121951,0.0520231,0.0030488,0.9939024,0.1156069,0.0196078,0.0,10.721084386282662
553.0,0.4755877,0.0,0.2025316,0.162069,0.7920434,0.0813743,0.6896552,0.0,0.0295567,0.125,0.0,1.0,0.4741379,0.0625,0.6666667,9.975854724662028
1104.0,0.5099638,0.0018116,0.0471014,0.0462107,0.9456522,0.0,0.8701657,0.0027624,0.0303867,0.013624,0.0,0.9917127,0.0217984,0.2,1.0,11.239816684367907
2374.0,0.4987363,0.0105307,0.0817186,0.0647059,0.9245998,0.0,0.8152174,0.0036232,0.0217391,0.0820399,0.013285,0.9492754,0.2960089,0.1678832,0.7142857,10.477316144080852
3838.0,0.4697759,0.1154247,0.1972381,0.1769042,0.8254299,0.0263158,0.6728054,0.0030694,0.0184162,0.0848315,0.0957643,0.9963168,0.3561798,0.0641248,0.5757576,10.203629181337648
520.0,0.4557692,0.1423077,0.1346154,0.1024735,0.9269231,0.0,0.8157895,0.0,0.0526316,0.012987,0.1315789,0.9934211,0.0909091,0.3243243,0.0,11.18859323930985
1197.0,0.4686717,0.0025063,0.1637427,0.1194969,0.8145363,0.0258981,0.6673597,0.008316,0.045738,0.0587084,0.0,0.995842,0.3581213,0.0469799,0.0,10.292179440058462
489.0,0.5030675,0.5153374,0.1860941,0.1563786,0.8691207,0.0,0.6956522,0.0054348,0.0380435,0.0980392,0.4728261,0.9945652,0.3480392,0.0943396,0.8333333,9.723223876851618
1104.0,0.4791667,0.0,0.2835145,0.1930435,0.8106884,0.0009058,0.6007984,0.001996,0.011976,0.133218,0.0,0.998004,0.3044983,0.0810811,0.7368421,9.615805480084347
943.0,0.4517497,0.0,0.2036055,0.1798839,0.8144221,0.0615058,0.6765579,0.0059347,0.0178042,0.1637717,0.0,0.9970326,0.337469,0.1729323,0.7692308,9.65509029374725
23756.0,0.4786159,0.0448308,0.1660212,0.1253028,0.7759724,0.0860835,0.6943565,0.002729,0.0404978,0.046623,0.0387512,0.9960703,0.2652721,0.0492627,0.3424658,10.872389709681492
545.0,0.4862385,0.0036697,0.1889908,0.1178571,0.8807339,0.0,0.7272727,0.0047847,0.0287081,0.1399177,0.0047847,0.9952153,0.3251029,0.0645161,0.6666667,9.615805480084347
493.0,0.5010142,0.0,0.2271805,0.1300813,0.8661258,0.0,0.7020202,0.0,0.0353535,0.0571429,0.0,0.989899,0.2095238,0.125,0.5,9.83633227734872
79.0,0.5189873,0.0,0.3417722,0.2105263,0.7848101,0.0,0.6,0.0,0.025,0.2857143,0.0,1.0,0.2321429,0.0,1.0,9.615805480084347
6893.0,0.4842594,0.1465255,0.048455,0.0506329,0.9270274,0.0017409,0.8319725,0.0038676,0.0305114,0.0635815,0.1276321,0.9858187,0.1251509,0.192399,0.3978495,11.088292827848269
815.0,0.4601227,0.0,0.1730061,0.1545455,0.8736196,0.0,0.7083333,0.0,0.0119048,0.0372493,0.0,0.9970238,0.226361,0.0506329,0.6666667,10.712215345197256
1380.0,0.4971014,0.0166667,0.0905797,0.0763689,0.9391304,0.0,0.8210784,0.002451,0.0269608,0.0555556,0.0245098,0.3578431,0.4722222,0.2410256,0.0,10.805699643800724
5076.0,0.4862096,0.0021671,0.1120961,0.0970092,0.8622931,0.0151694,0.7163083,0.0078658,0.0304143,0.1588002,0.0020975,0.9627687,0.336127,0.0929134,0.8113208,10.609081944147828
77.0,0.4935065,0.0,0.1428571,0.1282051,0.9090909,0.0,0.7777778,0.0,0.037037,0.2285714,0.0,0.962963,0.3142857,0.4,0.0,9.90353755128617
337.0,0.4836795,0.5697329,0.1780415,0.1609195,0.8724036,0.0,0.6904762,0.0079365,0.031746,0.0666667,0.5238095,1.0,0.3407407,0.0888889,1.0,9.893487720457795
7894.0,0.4702306,0.0002534,0.1952116,0.1413199,0.8368381,0.0226754,0.6898596,0.0031201,0.0274571,0.0669578,0.000312,0.9962559,0.2570597,0.0699223,0.4444444,10.351405324899678
42762.0,0.4846827,0.1110098,0.1203171,0.0915774,0.7166409,0.0902671,0.6111408,0.0020213,0.0790678,0.0707657,0.0884609,0.9771119,0.4429345,0.0450157,0.4474708,11.751162533892076
35.0,0.5714286,0.0,0.1142857,0.1333333,0.9428571,0.0,0.8333333,0.0,0.0,0.0,0.0,1.0,0.1666667,0.5,0.0,10.328787967145063
2744.0,0.4737609,0.013484,0.2080904,0.1426593,0.8917638,0.0,0.7529306,0.0,0.0162308,0.0305944,0.0135257,0.9972949,0.2132867,0.0387097,0.4,10.413342705547674
157.0,0.5031847,0.089172,0.133758,0.0897436,0.8980892,0.0,0.7818182,0.0181818,0.0363636,0.0677966,0.1090909,1.0,0.1864407,0.0909091,1.0,10.87806606028079
136.0,0.4852941,0.0220588,0.1544118,0.1142857,0.8823529,0.0,0.72,0.0,0.04,0.122807,0.02,1.0,0.2280702,0.25,0.0,9.615805480084347
13584.0,0.4930801,0.0127356,0.1715253,0.1468196,0.7541961,0.0728062,0.6256364,0.0041818,0.0401818,0.0585416,0.0110909,0.9958182,0.3755563,0.0613915,0.362069,10.404293143019792
11069.0,0.4930888,0.0077694,0.1264794,0.078061,0.8486765,0.0133707,0.7215677,0.0049841,0.0498414,0.0366652,0.0027186,0.9734934,0.2317765,0.0741049,0.40625,11.307142836927456
14267.0,0.4912035,0.006098,0.1165627,0.0990495,0.863391,0.0056073,0.7170842,0.0030138,0.0514221,0.0468582,0.0062159,0.9768318,0.329623,0.0629486,0.4102564,11.863589378812122
466.0,0.472103,0.0,0.0965665,0.097561,0.9120172,0.0,0.791411,0.0122699,0.0429448,0.0994475,0.0,1.0,0.320442,0.1923077,0.5,9.661479683575521
158.0,0.5189873,0.0,0.1962025,0.0921053,0.9240506,0.0,0.7931034,0.0,0.0,0.0645161,0.0,0.9827586,0.3548387,0.3333333,1.0,9.867912187022208
2672.0,0.4752994,0.001497,0.1362275,0.0998573,0.8892216,0.0,0.7368421,0.0,0.0233918,0.0455814,0.0009747,0.9951267,0.1562791,0.0798319,0.4210526,11.346882686945893
3660.0,0.5106557,0.0021858,0.0710383,0.0446678,0.8040984,0.0196721,0.6463501,0.0077959,0.080085,0.1566049,0.0028349,0.9865344,0.5493126,0.0709877,0.7666667,11.178864319331653
3367.0,0.4505495,0.009504,0.2099792,0.1437838,0.7080487,0.1639442,0.6615516,0.0034101,0.0238704,0.042449,0.0042626,0.9940324,0.2808163,0.0403226,0.25,10.691967639914864
1033.0,0.5150048,0.0,0.1558567,0.0638723,0.909971,0.0019361,0.7926509,0.0026247,0.0209974,0.130137,0.0,0.8871391,0.326484,0.2158273,0.0,11.297266335365645
4073.0,0.4760619,0.0014731,0.191505,0.1204311,0.9268353,0.0,0.8165847,0.0014055,0.0175685,0.0097425,0.0007027,0.9732959,0.0876827,0.0792683,0.5,12.12703484943049
11636.0,0.4841011,0.1540048,0.0915263,0.0696319,0.8371433,0.0,0.6912574,0.0052852,0.0832416,0.0822555,0.1178155,0.9753358,0.2934519,0.1150029,0.2653061,11.028433383156079
973.0,0.4984584,0.0,0.1572456,0.0922131,0.9188078,0.0,0.777439,0.0,0.0121951,0.1345646,0.0,0.972561,0.2796834,0.24,0.7857143,10.31231367277647
56.0,0.5,0.0,0.1607143,0.0714286,0.9464286,0.0,0.8636364,0.0,0.0,0.1851852,0.0,1.0,0.2592593,0.0,1.0,9.615805480084347
37397.0,0.4999331,0.0132364,0.0319277,0.0253462,0.9534722,0.0,0.8745627,0.0019157,0.0163252,0.0627635,0.0130768,0.964601,0.104918,0.0905245,0.266881,11.38054769238444
236.0,0.5211864,0.0,0.0720339,0.0884956,0.9110169,0.0,0.7710843,0.0120482,0.0120482,0.045977,0.0,0.9638554,0.0804598,0.0909091,0.0,10.05195066017375
517.0,0.4874275,0.0232108,0.065764,0.0528302,0.9323017,0.0,0.8295455,0.0,0.0284091,0.0276243,0.0227273,0.9943182,0.1712707,0.1363636,0.5,10.823790225800138
12675.0,0.5035108,0.0597239,0.0889152,0.0614969,0.8802367,0.0,0.7752303,0.0032141,0.0670666,0.0357438,0.0516392,0.965931,0.1299587,0.1163032,0.1891892,11.953120448266079
336.0,0.4494048,0.0,0.125,0.0810811,0.9196429,0.0,0.8108108,0.009009,0.027027,0.1048387,0.0,0.990991,0.1693548,0.2083333,1.0,10.357774570341576
14287.0,0.477637,0.0597746,0.3142017,0.1018357,0.900049,0.0,0.8019523,0.0026473,0.0299471,0.1964903,0.0607214,0.9545003,0.1378623,0.1010174,0.3636364,11.277215789596893
157.0,0.4904459,0.0063694,0.2420382,0.2125,0.8598726,0.0,0.6923077,0.0153846,0.0153846,0.1975309,0.0153846,0.9692308,0.3703704,0.0833333,1.0,9.61587214452889
65.0,0.4769231,0.0,0.2461538,0.2647059,0.8,0.0,0.5714286,0.0,0.0357143,0.1764706,0.0,1.0,0.1176471,0.0,0.0,9.615805480084347
17240.0,0.4946056,0.0048724,0.1093968,0.0723058,0.9226798,0.0147912,0.8394959,0.0013265,0.0155861,0.029918,0.0039794,0.9956889,0.0762426,0.0716667,0.4576271,11.196857635323791
46418.0,0.4726184,0.017407,0.1093326,0.0966912,0.8686716,0.0124521,0.7301497,0.0032328,0.0357305,0.0598774,0.0147459,0.9933076,0.2717675,0.0503908,0.4395604,11.092869425057021
2371.0,0.4824968,0.032054,0.1252636,0.0790546,0.9143821,0.0,0.8166479,0.0044994,0.0337458,0.0336957,0.0303712,0.9696288,0.1478261,0.0748663,0.4615385,11.390769130367211
696.0,0.4956897,0.0,0.2068966,0.1339031,0.8678161,0.0,0.6938776,0.0,0.0068027,0.0725552,0.0,1.0,0.2618297,0.0571429,0.0,10.25769445336048
3457.0,0.4694822,0.0,0.1651721,0.1417666,0.8579693,0.0008678,0.6972281,0.0063966,0.0334044,0.0638723,0.0,0.9943141,0.2747838,0.1026201,0.5833333,10.150386692204734
17327.0,0.4862354,0.0052519,0.0894558,0.0669512,0.9318982,0.008657,0.8491174,0.0006789,0.0201969,0.0264375,0.0045825,0.9887984,0.0832783,0.057508,0.0970874,12.062208048765859
3809.0,0.4917301,0.2053032,0.1071147,0.0857438,0.8994487,0.0,0.7665663,0.0082831,0.0399096,0.0170244,0.2003012,0.9856928,0.1983716,0.1065574,0.6666667,11.360950749348124
309.0,0.4854369,0.0032362,0.02589,0.0251572,0.97411,0.0,0.9295775,0.0140845,0.0140845,0.183908,0.0140845,0.971831,0.4942529,0.46875,0.0,10.221977646629885
3830.0,0.4472585,0.0,0.2822454,0.2158715,0.7767624,0.0412533,0.6104756,0.0036123,0.0228778,0.121164,0.0,0.9945816,0.3968254,0.0886598,0.7241379,9.758519582283522
119883.0,0.475914,0.1064455,0.1474855,0.1054609,0.7831135,0.0312722,0.6240388,0.0044056,0.0561719,0.086492,0.0935397,0.9558034,0.3664569,0.0607159,0.4450626,10.474495347310453
8807.0,0.531509,0.0106733,0.0324742,0.0227824,0.9035994,0.0406495,0.8686131,0.0061468,0.0430273,0.0188466,0.0019209,0.9969266,0.0976253,0.1440678,0.4642857,11.268315653289422
6860.0,0.4706997,0.0068513,0.1774052,0.1426604,0.7873178,0.0727405,0.6768576,0.003096,0.0359907,0.048951,0.003483,0.998065,0.3283033,0.0514076,0.4615385,10.643064971973882
749.0,0.4966622,0.4579439,0.1375167,0.137931,0.9158879,0.0,0.7835821,0.0037313,0.0149254,0.0945946,0.380597,1.0,0.375,0.171875,1.0,9.937937287265354
2341.0,0.4574968,0.0093977,0.2708244,0.1889764,0.8039299,0.0384451,0.6418367,0.0010204,0.0122449,0.0585975,0.0091837,0.9989796,0.2881844,0.0508475,0.3636364,10.173552856959743
498.0,0.4578313,0.0,0.2369478,0.2,0.813253,0.0,0.6123348,0.0044053,0.0132159,0.120155,0.0,0.9911894,0.2403101,0.0943396,0.4444444,9.615805480084347
394017.0,0.4768246,0.6706868,0.1127667,0.1167313,0.7233444,0.0523607,0.5568917,0.0032873,0.0932893,0.1477505,0.5953246,0.9849569,0.4779704,0.0909665,0.5008535,10.751520856703959
21101.0,0.4601204,0.0053078,0.1707028,0.1289501,0.8345102,0.0067769,0.6787792,0.0031837,0.0389724,0.0542,0.0047206,0.9962674,0.3080677,0.0437643,0.3896104,10.687411927154141
31.0,0.3870968,0.0,0.0645161,0.1578947,0.8709677,0.0,0.7272727,0.0,0.0909091,0.3888889,0.0,1.0,0.2777778,0.2857143,1.0,10.566201298475118
10922.0,0.4728987,0.0804798,0.2490386,0.1650165,0.8286028,0.0415675,0.7076785,0.0024697,0.0215537,0.0236738,0.0624158,0.9957342,0.0811048,0.0866873,0.4,10.862856930775358
1473.0,0.5071283,0.0753564,0.0522743,0.0440771,0.8961303,0.0,0.7800752,0.0093985,0.0469925,0.125,0.0639098,0.9774436,0.3322368,0.0816327,0.75,10.680539205318292
830.0,0.4903614,0.0,0.1650602,0.0921986,0.9168675,0.0,0.7861635,0.0,0.0031447,0.045045,0.0,0.9937107,0.0870871,0.1212121,1.0,10.192456296870509
1694.0,0.487013,0.0082645,0.1399055,0.0759494,0.9173554,0.0023613,0.8127036,0.0016287,0.029316,0.0238474,0.0032573,0.9967427,0.1383148,0.1060606,0.7142857,11.769898298682092
108777.0,0.5003264,0.0301167,0.0831793,0.0692878,0.8820799,0.0158581,0.7497902,0.0059353,0.0569844,0.0351968,0.0322242,0.6282374,0.5310177,0.2326827,0.1693291,11.793590475326612
80.0,0.5375,0.0,0.0,0.0,0.95,0.0,0.8571429,0.0,0.047619,0.5,0.0,1.0,0.5952381,0.25,0.0,10.53212287826962
37446.0,0.4689686,0.1766544,0.1412701,0.1173246,0.7924211,0.0288415,0.6260273,0.0065883,0.0599063,0.0615718,0.1579841,0.9798954,0.2929441,0.0906855,0.352459,10.047631185616188
2017.0,0.5027268,0.0014874,0.1189886,0.0727817,0.858701,0.0,0.7083333,0.0091146,0.0572917,0.2147239,0.0013021,0.9401042,0.3824131,0.1511628,0.875,10.505094936455558
568.0,0.4647887,0.0,0.2411972,0.1743421,0.8257042,0.0,0.6451613,0.0040323,0.0241935,0.0570342,0.0,0.9959677,0.1901141,0.0851064,0.8333333,10.060534035475412
5331.0,0.5194147,0.0418308,0.1326205,0.118267,0.8000375,0.0245733,0.6362283,0.0034739,0.0635236,0.0409329,0.0372208,0.8565757,0.4416944,0.1454948,0.6666667,11.488643018250334
2187.0,0.5180613,0.0169182,0.0955647,0.0483871,0.9140375,0.0041152,0.8076923,0.0054945,0.0425824,0.1435294,0.0233516,0.7554945,0.3952941,0.1907216,0.6590909,10.633472802314019
244.0,0.4959016,0.0,0.1188525,0.1382114,0.8688525,0.0,0.712766,0.0,0.0531915,0.1454545,0.0,0.9787234,0.2909091,0.1212121,1.0,11.141876276228
4230.0,0.4669031,0.0096927,0.1735225,0.1228381,0.7973995,0.0761229,0.6955414,0.0038217,0.0305732,0.0296663,0.0,0.989172,0.2911001,0.0859539,0.3076923,10.650199196425806
4198.0,0.4904717,0.0026203,0.1507861,0.058906,0.939495,0.0,0.8261886,0.0031177,0.0194856,0.2844395,0.0023383,0.9828527,0.4807585,0.2173913,0.36,10.889323003601277
1565.0,0.4626198,0.0,0.285623,0.2330559,0.7916933,0.0447284,0.6276596,0.0,0.0167173,0.1071913,0.0,0.9650456,0.2700136,0.05625,0.8666667,9.6678285081515
2734.0,0.4967081,0.0010973,0.0983906,0.0741279,0.8957571,0.0,0.7579681,0.0059761,0.0308765,0.0669145,0.001992,0.9820717,0.2685874,0.0995851,0.5625,10.537441898283253
3979.0,0.6348329,0.0588087,0.1163609,0.1142464,0.5928625,0.3201809,0.7094188,0.00501,0.0370741,0.0449761,0.00501,0.9779559,0.3110048,0.1678832,0.75,10.518700218288165
14120.0,0.4804533,0.311898,0.1395892,0.0969193,0.8942635,0.0023371,0.7567721,0.0047357,0.0261413,0.1117281,0.2759992,0.9177875,0.3054013,0.1346424,0.6333333,10.477316144080852
4848.0,0.4614274,0.0109323,0.1959571,0.1443891,0.7772277,0.0385726,0.6325331,0.0068594,0.055365,0.0493712,0.0097991,0.9838315,0.4527247,0.0580236,0.3333333,11.273411140805074
571.0,0.4658494,0.0017513,0.2136602,0.1704918,0.8073555,0.0,0.6071429,0.0079365,0.031746,0.106383,0.0039683,0.9880952,0.4680851,0.0512821,0.75,10.085850775128717
10639.0,0.485572,0.1872356,0.1236958,0.1039649,0.8646489,0.0284801,0.7525294,0.0046486,0.0451189,0.0434214,0.1509434,0.9521466,0.25582,0.1541156,0.3142857,11.227919807721856
662.0,0.4984894,0.0,0.1827795,0.1084337,0.8746224,0.0,0.6941176,0.0,0.0196078,0.1878981,0.0,0.745098,0.4617834,0.0909091,0.7272727,10.016860879703811
354.0,0.5480226,0.0,0.0451977,0.05,0.9435028,0.0,0.7912088,0.0,0.010989,0.1078431,0.0,1.0,0.5196078,0.1764706,0.0,10.351405324899678
759.0,0.486166,0.2160738,0.1673254,0.1615385,0.8708827,0.0,0.69,0.0,0.0166667,0.1097923,0.19,0.9933333,0.2848665,0.1184211,1.0,10.102379394048045
394.0,0.5076142,0.0,0.1142132,0.1030928,0.8654822,0.0,0.6993464,0.0,0.0392157,0.32,0.0,0.9934641,0.2977778,0.1315789,0.5,10.254179634797001
23221.0,0.4790061,0.0658456,0.0836312,0.0741445,0.8701176,0.0110676,0.7380899,0.0025843,0.0407865,0.0500587,0.0597753,0.992809,0.2124026,0.0416064,0.1882353,10.96648993456911
417.0,0.4796163,0.2733813,0.1582734,0.124424,0.9088729,0.0,0.7579618,0.0,0.0,0.1277778,0.2484076,0.9808917,0.2444444,0.0967742,0.75,9.642187721358466
4953.0,0.4784979,0.2899253,0.108621,0.0952381,0.9004644,0.0175651,0.7894737,0.0017162,0.0177346,0.0852957,0.2620137,0.9942792,0.2391418,0.1336898,0.8888889,10.413342705547674
4032.0,0.484127,0.031002,0.0885417,0.0735577,0.9206349,0.0252976,0.8471483,0.0007605,0.0121673,0.0778401,0.026616,0.9863118,0.269986,0.1160221,0.4444444,10.776891660007811
303.0,0.4950495,0.0,0.1122112,0.1176471,0.8910891,0.0066007,0.7407407,0.0,0.0277778,0.092437,0.0,0.9722222,0.4285714,0.1515152,0.0,9.615805480084347
3132.0,0.4645594,0.1283525,0.2263729,0.1472868,0.8333333,0.0,0.6632124,0.003701,0.0429312,0.297817,0.1043671,0.9948187,0.3419958,0.0862832,0.5,10.811766273800105
3524.0,0.4631101,0.0,0.2505675,0.2093023,0.8334279,0.0,0.6458739,0.0012995,0.0240416,0.0689655,0.0,1.0,0.1917725,0.0427553,0.8235294,10.064798252418377
1724.0,0.4808585,0.0,0.2209977,0.1441341,0.8700696,0.0359629,0.7471637,0.0,0.0097245,0.0268139,0.0,0.9967585,0.1782334,0.1222222,0.625,10.173552856959743
3560.0,0.4238764,0.5932584,0.1817416,0.177962,0.8483146,0.0365169,0.7000765,0.0,0.0122418,0.0847339,0.5340474,0.9954093,0.289916,0.1168224,0.4666667,10.440010162389305
1165.0,0.4849785,0.0017167,0.1424893,0.0783333,0.8969957,0.0,0.778022,0.0043956,0.0373626,0.0972222,0.0,0.9978022,0.1230159,0.0588235,0.3333333,10.968215530759236
2600.0,0.485,0.0784615,0.1076923,0.0634802,0.8788462,0.0,0.7507538,0.0020101,0.0532663,0.0532826,0.078392,0.9939698,0.2207422,0.0462046,0.7727273,11.357452244304588
10325.0,0.4926877,0.0083293,0.1231961,0.0973654,0.8381598,0.0014528,0.6845223,0.0019748,0.0725747,0.0379957,0.006665,0.9827203,0.2453099,0.065309,0.5142857,11.87965667474488
76.0,0.4868421,0.0,0.1842105,0.1025641,0.8684211,0.0,0.6875,0.0,0.0,0.1351351,0.0,1.0,0.4324324,0.2857143,0.0,9.615805480084347
149767.0,0.4764801,0.2926813,0.1301288,0.1033212,0.8453598,0.0100156,0.6766703,0.0045148,0.0432226,0.1134245,0.2708151,0.9470654,0.3503576,0.1088545,0.5125483,10.247112717290387
1458.0,0.4451303,0.0027435,0.2729767,0.2051916,0.7729767,0.0452675,0.6210351,0.0083472,0.0434057,0.0868902,0.0016694,0.9966611,0.2484756,0.0535714,0.8333333,10.275085591132715
12053.0,0.4591388,0.0224011,0.2066705,0.1537046,0.824525,0.0808927,0.7679904,0.0009627,0.0298436,0.0158693,0.0072202,0.9788207,0.1890099,0.0272251,0.5263158,12.110667961260443
4690.0,0.4594883,0.1215352,0.1865672,0.1420118,0.8230277,0.028145,0.6766467,0.0043549,0.0424605,0.091044,0.1045182,0.965705,0.3399307,0.0835294,0.625,11.010415172807951
9497.0,0.4933137,0.1336211,0.0907655,0.066916,0.8836475,0.0022112,0.7444444,0.0059829,0.042735,0.1,0.1230769,0.9037037,0.3864103,0.0920502,0.4821429,10.801634680173994
1826.0,0.4556407,0.0010953,0.1161008,0.0975855,0.8307777,0.0,0.6661871,0.0143885,0.0748201,0.1246851,0.0,0.9942446,0.4647355,0.09375,0.6666667,11.260623406285792
73.0,0.6164384,0.0,0.1780822,0.0714286,0.9315068,0.0,0.8148148,0.0,0.0,0.2702703,0.0,1.0,0.1081081,0.0,0.5,9.615805480084347
1500.0,0.45,0.0006667,0.286,0.2181818,0.792,0.054,0.6413223,0.0016529,0.0181818,0.059098,0.0,0.9966942,0.2628305,0.0967742,0.5714286,10.038935856711177
860.0,0.444186,0.5162791,0.1639535,0.167364,0.8790698,0.0,0.7009346,0.0,0.0155763,0.0983146,0.4610592,0.9968847,0.3511236,0.1428571,0.75,10.146472946063877
929.0,0.4488698,0.0,0.2518837,0.203125,0.8482239,0.0,0.6567164,0.0,0.0074627,0.1086475,0.0,1.0,0.2971175,0.1208791,0.8,9.937937287265354
1466.0,0.4427012,0.494543,0.1678035,0.1481028,0.834925,0.0702592,0.7363083,0.0,0.0182556,0.1274336,0.3935091,0.9979716,0.3115044,0.1702128,0.625,9.87822102528824
4007.0,0.4589468,0.5073621,0.1719491,0.1761993,0.8240579,0.0693786,0.7156503,0.0036738,0.0168993,0.0998677,0.4415871,0.9977957,0.364418,0.1733333,0.5294118,10.173552856959743
36322.0,0.4622818,0.0619735,0.1645834,0.1312785,0.8251473,0.0244755,0.6779661,0.0038119,0.03948,0.0578465,0.0528895,0.9957117,0.3576605,0.066254,0.3576159,10.460270761075149
5052.0,0.4714964,0.0023753,0.1694378,0.1217228,0.841053,0.0132621,0.6868792,0.0088866,0.0465238,0.0473108,0.0015682,0.8583377,0.4108566,0.1092328,0.3636364,10.866680954096502
306.0,0.4640523,0.0065359,0.3006536,0.1707317,0.8137255,0.0,0.5985401,0.0,0.0145985,0.0805369,0.0145985,1.0,0.2550336,0.1818182,0.0,9.615805480084347
3374.0,0.4878483,0.0121517,0.1852401,0.0572917,0.9030824,0.0320095,0.8425775,0.0008157,0.0138662,0.0444271,0.0081566,0.9910277,0.0452065,0.0638298,0.5,12.283501169971546
205.0,0.4829268,0.0,0.2146341,0.1132075,0.8878049,0.0,0.7261905,0.0,0.0,0.0561798,0.0,1.0,0.1573034,0.1538462,0.0,9.615805480084347
10953.0,0.4895462,0.0024651,0.1114763,0.0890717,0.90724,0.0,0.7904064,0.0051985,0.0233932,0.0483472,0.0021267,0.9976371,0.2698448,0.0696203,0.5897436,10.465984899076615
564.0,0.4911348,0.0,0.1205674,0.087108,0.9113475,0.0,0.7815534,0.0048544,0.0097087,0.0884956,0.0,1.0,0.3318584,0.0784314,1.0,10.165890277802454
8695.0,0.4791259,0.0011501,0.19977,0.1620667,0.7415756,0.0740656,0.6045231,0.004639,0.0489997,0.0760782,0.0005799,0.9976805,0.315296,0.0551948,0.6410256,10.247112717290387
301.0,0.5116279,0.0,0.10299,0.1020408,0.9169435,0.0,0.7727273,0.0,0.0,0.0677966,0.0,0.9909091,0.279661,0.1470588,0.0,10.281958234245314
1958.0,0.4576098,0.0444331,0.1460674,0.079096,0.8319714,0.0,0.6711004,0.0072551,0.0604595,0.0154762,0.0350665,0.9927449,0.3404762,0.0564263,0.0,10.740756721857226
38.0,0.6315789,0.0,0.1578947,0.2142857,0.8421053,0.0,0.6470588,0.0,0.0,0.4137931,0.0,1.0,0.3448276,0.0,0.0,9.615805480084347
242.0,0.4917355,0.0,0.1322314,0.097561,0.8842975,0.0,0.7191011,0.011236,0.0224719,0.1359223,0.0,1.0,0.368932,0.2307692,1.0,10.16203685698089
1175.0,0.5182979,0.0246809,0.0859574,0.0689046,0.866383,0.0,0.7334852,0.0022779,0.0660592,0.1840149,0.0182232,0.9908884,0.2472119,0.0655738,1.0,11.635151947212842
159.0,0.509434,0.0,0.1886792,0.1538462,0.8176101,0.0,0.6056338,0.0,0.0140845,0.3364486,0.0,1.0,0.5327103,0.0,1.0,9.615805480084347
3037.0,0.4754692,0.0088904,0.4046757,0.1023227,0.8873889,0.0,0.7966574,0.0020891,0.0264624,0.1946158,0.0069638,0.9693593,0.5653393,0.0458716,0.6842105,11.151969943847991
280.0,0.5,0.0107143,0.2285714,0.0928571,0.9,0.0,0.775,0.0,0.0083333,0.0551181,0.0166667,0.975,0.3937008,0.1111111,0.0,10.021315031649332
1933.0,0.430419,0.557165,0.2074496,0.2016349,0.8510088,0.0310398,0.6937063,0.0,0.0097902,0.1118012,0.4965035,0.9902098,0.3130435,0.1381818,0.875,9.76428295481558
27925.0,0.6030439,0.2671799,0.0711549,0.0854308,0.4595166,0.345855,0.5184006,0.0030562,0.1536992,0.1404335,0.2042532,0.9271616,0.5631567,0.0703266,0.6969697,10.579005242826247
2278.0,0.5026339,0.0,0.0702371,0.0300088,0.9315189,0.0,0.8333333,0.0052083,0.03125,0.037594,0.0,0.9986979,0.1503759,0.1206897,0.8333333,10.811766273800105
2145.0,0.4498834,0.3435897,0.2097902,0.1923729,0.8242424,0.0484848,0.6768293,0.0012195,0.0085366,0.0909091,0.2987805,0.9987805,0.3348115,0.1125,0.8,10.335302435967074
159.0,0.4528302,0.0,0.2012579,0.1494253,0.8930818,0.0,0.7413793,0.0172414,0.0172414,0.2054795,0.0,0.9482759,0.3150685,0.1428571,0.5,9.615805480084347
856.0,0.4871495,0.0046729,0.0303738,0.0455581,0.9345794,0.0,0.8211679,0.0036496,0.0218978,0.0927152,0.0036496,1.0,0.1688742,0.0645161,0.5652174,10.50783084142058
252.0,0.5396825,0.0,0.0873016,0.0344828,0.9444444,0.0,0.8607595,0.0,0.0253165,0.185567,0.0,0.7721519,0.3505155,0.1428571,1.0,9.69898173460629
1747.0,0.5008586,0.0240412,0.0858615,0.0619266,0.8923869,0.0,0.7166667,0.0016667,0.0283333,0.2125984,0.035,0.665,0.5813648,0.1933333,0.6,10.229223792606835
66.0,0.4848485,0.0,0.3181818,0.1764706,0.9090909,0.0,0.8064516,0.0,0.0,0.2439024,0.0,1.0,0.3658537,0.1,1.0,9.615805480084347
420.0,0.4738095,0.0285714,0.15,0.1402715,0.8809524,0.0,0.7409639,0.0060241,0.0180723,0.0726257,0.0240964,0.9939759,0.2681564,0.1538462,0.0,10.21833478806055
834.0,0.4832134,0.1306954,0.0947242,0.1276102,0.8609113,0.0,0.7392739,0.0231023,0.0726073,0.0928144,0.1188119,0.9768977,0.3173653,0.0916031,0.5,10.454523783963511
7899.0,0.4903152,0.0097481,0.1005191,0.0827124,0.9501203,0.0,0.875717,0.0003824,0.0237094,0.0286033,0.0068834,0.9759082,0.0690936,0.1089109,0.2083333,12.101828173530544
1150.0,0.48,0.0026087,0.1408696,0.1070234,0.9008696,0.0,0.7592593,0.0023148,0.0138889,0.0505495,0.0,1.0,0.1824176,0.0648148,0.3333333,10.12667110305036
67436.0,0.4978646,0.0020909,0.137004,0.1162365,0.8570941,0.0191589,0.69481,0.0041417,0.0396911,0.0669055,0.0010786,0.7461927,0.4004267,0.1487435,0.4174757,11.023551435004947
6714.0,0.4827227,0.020852,0.0464701,0.0498128,0.9018469,0.0,0.773622,0.0031496,0.0287402,0.047976,0.0204724,0.9929134,0.2511244,0.0325581,0.1944444,11.153403615295403
254.0,0.4685039,0.0,0.1653543,0.1185185,0.8622047,0.0,0.7010309,0.0,0.0412371,0.0490196,0.0,1.0,0.2647059,0.0555556,0.0,9.642187721358466
142.0,0.5140845,0.2464789,0.2464789,0.0869565,0.8802817,0.0,0.75,0.0,0.0333333,0.0625,0.2166667,1.0,0.265625,0.0952381,0.0,9.966509298952284
17118.0,0.4638977,0.0059002,0.1868209,0.1378446,0.7778362,0.0284496,0.61346,0.0005352,0.0507091,0.0414262,0.0068237,0.9953171,0.3158907,0.0240864,0.3265306,10.915106645867503
393.0,0.5165394,0.0025445,0.1119593,0.0842105,0.8778626,0.0,0.7254902,0.0,0.0326797,0.0946746,0.0,0.9803922,0.2366864,0.0344828,0.2857143,10.05195066017375
3085.0,0.449919,0.0191248,0.223987,0.192693,0.8058347,0.0350081,0.6451613,0.0055075,0.0228167,0.1681937,0.0149489,0.9944925,0.3710733,0.1194969,0.7179487,9.642187721358466
30625.0,0.4881959,0.0185143,0.1211102,0.0946153,0.8771918,0.0053551,0.7294793,0.0030891,0.039188,0.0502934,0.0165049,0.974316,0.3222967,0.0620301,0.5041322,11.7068543948059
319.0,0.5454545,0.0031348,0.1504702,0.062069,0.8934169,0.0,0.7213115,0.0,0.0,0.2375,0.0081967,0.7213115,0.425,0.2058824,0.5,10.389026137075234
4045.0,0.4692213,0.0012361,0.1663782,0.1485794,0.8286774,0.0501854,0.7015235,0.0055402,0.031856,0.087808,0.001385,0.8746537,0.3922931,0.0869565,0.9285714,10.491301994830229
178.0,0.505618,0.0,0.1741573,0.1022727,0.8876404,0.0,0.7846154,0.0153846,0.0307692,0.057971,0.0,1.0,0.115942,0.3333333,1.0,9.852246888342531
22945.0,0.499891,0.0099368,0.0830682,0.0501961,0.8913925,0.0081063,0.792529,0.0051742,0.06474,0.0280878,0.0088339,0.9819536,0.1684043,0.1138614,0.2916667,11.582460855933538
147.0,0.4965986,0.0,0.1020408,0.0810811,0.9387755,0.0,0.8301887,0.0,0.0,0.1451613,0.0,1.0,0.3064516,0.1666667,0.6666667,9.615805480084347
1624.0,0.4642857,0.4501232,0.1453202,0.1413793,0.8534483,0.0289409,0.7197987,0.0033557,0.0318792,0.0599369,0.4278523,0.9966443,0.3312303,0.0673575,0.5,10.416341118636355
845.0,0.4828402,0.0,0.2224852,0.1578947,0.8544379,0.0,0.6685083,0.0,0.0082873,0.101737,0.0,1.0,0.2382134,0.0779221,1.0,9.615805480084347
3474.0,0.4689119,0.0227404,0.2072539,0.1544715,0.8353483,0.0417386,0.7104276,0.0037509,0.0277569,0.0375451,0.0202551,0.9969992,0.3263538,0.0728291,0.2222222,10.463131911491967
201.0,0.5124378,0.0,0.2189055,0.1428571,0.8606965,0.0,0.6746988,0.0,0.0120482,0.2095238,0.0,1.0,0.247619,0.125,1.0,9.615805480084347
13747.0,0.5100022,0.007638,0.1245363,0.0875891,0.8196697,0.0145486,0.6615509,0.0060582,0.0829968,0.0925417,0.0068659,0.7588853,0.5081547,0.1713888,0.1636364,12.384641335788151
83.0,0.5542169,0.0,0.1325301,0.1351351,0.8192771,0.0,0.5666667,0.0333333,0.0333333,0.1428571,0.0,1.0,0.3428571,0.0,1.0,9.69898173460629
1287.0,0.4226884,0.1048951,0.1048951,0.064603,0.4242424,0.3838384,0.5085714,0.0057143,0.1428571,0.1183879,0.12,0.9971429,0.3198992,0.035461,0.6,11.234546649377918
9967.0,0.4984449,0.0172569,0.105448,0.0896179,0.8758904,0.0,0.7194885,0.0033361,0.0517098,0.0377207,0.0227968,0.9874896,0.3416265,0.060396,0.55,11.259335592686217
472.0,0.4152542,0.0,0.3644068,0.2971014,0.720339,0.1377119,0.6497175,0.0,0.0225989,0.0483871,0.0,0.9943503,0.1451613,0.0909091,0.0,9.615805480084347
2040.0,0.4828431,0.0,0.2377451,0.1791469,0.7661765,0.0656863,0.6366864,0.0035503,0.0343195,0.1105263,0.0,0.9976331,0.3063158,0.0433071,0.7142857,10.021315031649332
221.0,0.4479638,0.0,0.4253394,0.3360656,0.5791855,0.2262443,0.5063291,0.0,0.0506329,0.3070175,0.0,0.9873418,0.5,0.0869565,0.0,9.928228944424575
4571.0,0.4876395,0.0231897,0.1507329,0.1238258,0.8954277,0.0107198,0.7479876,0.0012384,0.0117647,0.1468568,0.0235294,0.6910217,0.3956683,0.1666667,0.4090909,9.961803629358965
3994.0,0.4889835,0.0045068,0.114672,0.0783929,0.9163746,0.0,0.8001378,0.0027567,0.0248105,0.0447663,0.0041351,0.9931082,0.2396313,0.0477327,0.1944444,11.462694763725304
1893.0,0.5129424,0.010037,0.0591653,0.0390456,0.9249868,0.0042261,0.8417047,0.0015221,0.0395738,0.0707214,0.0091324,0.978691,0.1216407,0.1392405,0.68,11.241129864948206
487.0,0.476386,0.0,0.1581109,0.1647059,0.8213552,0.0,0.6302083,0.0104167,0.0625,0.1192661,0.0,1.0,0.266055,0.0677966,1.0,10.012386799492118
651.0,0.4854071,0.0,0.1213518,0.1074627,0.9139785,0.0,0.785124,0.0,0.0165289,0.0396825,0.0,1.0,0.1547619,0.2,0.5,10.457401400981889
2307.0,0.4768097,0.01127,0.147811,0.1035626,0.8907672,0.0047681,0.7693195,0.0092272,0.0334487,0.0747065,0.011534,1.0,0.2742796,0.0890411,0.5454545,10.285376924115587
2497.0,0.4677613,0.1353624,0.206648,0.165538,0.855026,0.0068082,0.6947162,0.0009785,0.0293542,0.0891266,0.1164384,0.9990215,0.35918,0.0846774,0.5384615,9.867912187022208
74.0,0.472973,0.0,0.0675676,0.1794872,0.9054054,0.0,0.72,0.0,0.0,0.2647059,0.0,1.0,0.3529412,0.0,0.5,9.615805480084347
14318.0,0.4873586,0.0082414,0.1069283,0.0656676,0.8674396,0.0008381,0.739219,0.0037016,0.071997,0.0306781,0.0059226,0.9607625,0.327413,0.0863787,0.1481481,10.868587496017359
6379.0,0.4826775,0.002665,0.141715,0.0909091,0.8863458,0.0,0.7566706,0.0011947,0.0398248,0.0520951,0.0027877,0.995221,0.2593431,0.0170132,0.4130435,11.663936936922068
1421.0,0.4567206,0.0070373,0.2273047,0.1606218,0.8571429,0.0,0.6920583,0.0016207,0.0162075,0.1031977,0.0081037,0.9983793,0.2398256,0.0534759,0.6923077,10.62135173563291
18624.0,0.4659042,0.009128,0.1097509,0.1067659,0.8612543,0.0148733,0.7184327,0.003575,0.039754,0.0467557,0.009295,0.993565,0.342012,0.0545395,0.1666667,10.9525769086256
1311.0,0.4576659,0.006865,0.1731503,0.1434599,0.8352403,0.0053394,0.6753731,0.0018657,0.0634328,0.1198686,0.0037313,0.9962687,0.2807882,0.0532544,0.8,11.233224789593368
4248.0,0.4957627,0.1612524,0.1153484,0.0606909,0.9519774,0.0181262,0.9172662,0.0,0.0079137,0.0306834,0.1374101,0.9892086,0.0076709,0.2,0.4,11.905649752427557
2442.0,0.4357084,0.3357903,0.2129402,0.1966618,0.8427518,0.0,0.6586998,0.000956,0.0248566,0.0644007,0.2887189,0.998088,0.254025,0.1022727,0.5333333,10.254179634797001
1175.0,0.452766,0.2629787,0.2085106,0.2192846,0.812766,0.0221277,0.6190476,0.0020704,0.0144928,0.0675676,0.2028986,0.9958592,0.2818533,0.1185567,0.25,10.465984899076615
1534.0,0.4876141,0.0,0.1525424,0.1335878,0.8696219,0.0,0.7131012,0.0049751,0.0281924,0.1,0.0,0.9983416,0.4059701,0.0913978,0.4,9.674137279312397
255.0,0.5254902,0.0,0.2078431,0.1157025,0.8431373,0.0,0.6513761,0.0,0.0183486,0.1925926,0.0,0.9724771,0.3555556,0.1111111,0.5,10.165890277802454
298.0,0.5268456,0.0,0.2416107,0.141844,0.8724832,0.0,0.6949153,0.0,0.0169492,0.1386861,0.0,1.0,0.2189781,0.0588235,0.75,9.615805480084347
5238.0,0.4780451,0.1492936,0.1630393,0.152158,0.8331424,0.0425735,0.6925163,0.0048807,0.0265727,0.1078858,0.1241866,0.8535792,0.4155781,0.1411765,0.5789474,10.419330568113901
39.0,0.6153846,0.0,0.1538462,0.2,0.7948718,0.0,0.6666667,0.0666667,0.0666667,0.0,0.0,1.0,0.1333333,0.0,0.0,9.615805480084347
209.0,0.4784689,0.0,0.4066986,0.2293578,0.8181818,0.0,0.6122449,0.0,0.0,0.1090909,0.0,1.0,0.2727273,0.0625,1.0,9.615805480084347
1875.0,0.4997333,0.0005333,0.0933333,0.0682303,0.9210667,0.0,0.7848739,0.005042,0.0184874,0.1815681,0.0016807,0.9731092,0.2916094,0.1439394,0.875,10.499600568082863
400.0,0.515,0.01,0.1775,0.1030928,0.805,0.055,0.6809816,0.006135,0.0184049,0.6561181,0.0,1.0,0.4599156,0.02,0.0,10.778977123006351
1106.0,0.4891501,0.0108499,0.1952984,0.1539823,0.744123,0.1356239,0.6886076,0.0,0.0253165,0.0318627,0.0,0.9974684,0.379902,0.0403226,1.0,10.474495347310453
9607.0,0.4641407,0.003435,0.1619652,0.1414141,0.7991048,0.032164,0.6402897,0.0096567,0.0533798,0.0649611,0.0016094,0.992221,0.317532,0.0827068,0.3220339,10.165890277802454
448.0,0.4910714,0.0,0.2745536,0.1885965,0.8392857,0.0,0.6482412,0.0,0.0100503,0.2196078,0.0,1.0,0.3333333,0.027027,0.6,9.615805480084347
1161.0,0.4668389,0.0,0.2170543,0.1470113,0.8690784,0.0,0.7085828,0.0,0.011976,0.1494058,0.0,1.0,0.2801358,0.0384615,0.625,9.717218213494077
141.0,0.4822695,0.0,0.2269504,0.1643836,0.9078014,0.0,0.78,0.0,0.04,0.1666667,0.0,1.0,0.5833333,0.0,0.0,9.615805480084347
143.0,0.4895105,0.0,0.3286713,0.1780822,0.8531469,0.0,0.6818182,0.0,0.0,0.0571429,0.0,0.9848485,0.1857143,0.0,1.0,10.038935856711177
1409.0,0.4904187,0.0070972,0.1483322,0.1016713,0.8239886,0.0021292,0.6516008,0.007533,0.0903955,0.0716783,0.0056497,0.8945386,0.3758741,0.1118881,0.3333333,11.786008995353765
183.0,0.4972678,0.0,0.1311475,0.1195652,0.9125683,0.0,0.7936508,0.0,0.047619,0.0454545,0.0,0.968254,0.1818182,0.4,0.0,10.077482875583607
1068.0,0.4822097,0.0037453,0.1638577,0.1500904,0.8773408,0.0,0.7153285,0.0024331,0.0316302,0.1006565,0.0024331,0.9756691,0.3019694,0.0857143,0.5714286,11.083695189061785
2932.0,0.4866985,0.0098909,0.0968622,0.0491694,0.9488404,0.0,0.8741463,0.0019512,0.0165854,0.0172579,0.0087805,0.9941463,0.0604027,0.1346154,0.75,11.071330462204312
154.0,0.4935065,0.0,0.1428571,0.1282051,0.8051948,0.0,0.6086957,0.0144928,0.0289855,0.1038961,0.0,1.0,0.3246753,0.1666667,0.0,9.928228944424575
929.0,0.4424112,0.0,0.2540366,0.1833977,0.8299247,0.0,0.6533019,0.0023585,0.0212264,0.0959488,0.0,1.0,0.3518124,0.0612245,0.625,9.77571099759397
2371.0,0.4668916,0.3479544,0.1661746,0.1337025,0.8595529,0.0,0.6977731,0.0063627,0.0328738,0.0950096,0.2990456,0.9989396,0.3416507,0.0985507,0.6,10.515993929932415
34284.0,0.497404,0.0068253,0.0502567,0.0338344,0.9089079,0.000875,0.807461,0.0054912,0.0596182,0.0233251,0.0061013,0.9726314,0.1736614,0.1232798,0.3333333,11.042937835596494
6634.0,0.4917094,0.0054266,0.1023515,0.076809,0.9021706,0.0253241,0.822658,0.0034858,0.0252723,0.0324621,0.0017429,0.9795207,0.1922428,0.0372493,0.4166667,10.78727575364831
6379.0,0.4996081,0.0235147,0.1142812,0.1074561,0.4080577,0.4430161,0.5429639,0.003736,0.0909091,0.0689855,0.0136986,0.994396,0.4208696,0.0394265,0.2857143,10.823790225800138
1174.0,0.467632,0.1993186,0.1763203,0.1504,0.8969336,0.0,0.7456522,0.0,0.0086957,0.1785714,0.1478261,0.9934783,0.3446429,0.0980392,1.0,10.434145214930487
536.0,0.4850746,0.0,0.2238806,0.1666667,0.8171642,0.0,0.6483051,0.0084746,0.0381356,0.119403,0.0,1.0,0.3059701,0.0263158,0.6666667,9.615805480084347
438.0,0.5045662,0.0,0.130137,0.0875576,0.9086758,0.0,0.7643312,0.0,0.0191083,0.0484848,0.0,0.9745223,0.1757576,0.1,1.0,10.158168529848494
246.0,0.4878049,0.0,0.2357724,0.1746032,0.8414634,0.0,0.6699029,0.0,0.0485437,0.0462963,0.0,0.9805825,0.287037,0.0,0.3333333,10.184937747111391
109.0,0.5229358,0.0183486,0.1834862,0.1346154,0.8256881,0.0642202,0.7317073,0.0,0.0243902,0.18,0.0,1.0,0.16,0.2857143,0.6666667,10.521399202410167
1741.0,0.4635267,0.0005744,0.2757036,0.1713062,0.7851809,0.0419299,0.6243316,0.0013369,0.0187166,0.1282051,0.0013369,0.9946524,0.4090909,0.0641026,0.8333333,10.376642461280849
11216.0,0.482525,0.0288873,0.1409593,0.1185389,0.8235556,0.0007133,0.6400428,0.0057816,0.0507495,0.0473276,0.0368308,0.956531,0.4026928,0.0510083,0.35,10.33854382482173
484.0,0.4917355,0.5578512,0.1384298,0.1585366,0.8884298,0.0,0.7151515,0.0060606,0.030303,0.1315789,0.4727273,0.9939394,0.3631579,0.173913,0.5,9.615805480084347
14507.0,0.4619149,0.0125457,0.1516509,0.1273379,0.8711656,0.0104088,0.7276465,0.0025694,0.0178143,0.0641231,0.0119904,0.9950325,0.2738057,0.0621622,0.4830508,10.431199791458543
448.0,0.4598214,0.0,0.2254464,0.161157,0.84375,0.0,0.6666667,0.0,0.020202,0.1121076,0.0,1.0,0.2556054,0.0769231,0.8,9.746892220313054
472.0,0.4427966,0.0,0.0720339,0.0608365,0.9279661,0.0,0.80625,0.00625,0.0125,0.1256831,0.0,0.99375,0.3169399,0.125,0.5,10.448743588106625
3386.0,0.476078,0.0389841,0.1441229,0.138106,0.8378618,0.0197874,0.6933722,0.0036417,0.0276766,0.0563574,0.0342316,0.997815,0.3408935,0.0413386,0.5,10.650199196425806
1212.0,0.4826733,0.0,0.1460396,0.1419458,0.8787129,0.0,0.7292576,0.0131004,0.0262009,0.0458333,0.0,1.0,0.2,0.1610169,0.1666667,10.211009016314167
310.0,0.4419355,0.0096774,0.2483871,0.1734104,0.8096774,0.0,0.5899281,0.0,0.0143885,0.1202532,0.0143885,1.0,0.2531646,0.0,1.0,9.615805480084347
54312.0,0.4911253,0.0399912,0.1139159,0.0915406,0.8797135,0.0090035,0.7411847,0.0030779,0.0498947,0.0294534,0.0405529,0.7886495,0.4241916,0.1603747,0.44,12.325636317135203
279.0,0.5089606,0.0035842,0.1792115,0.1167883,0.9032258,0.0,0.7669903,0.0,0.0291262,0.0964912,0.0,0.9902913,0.1754386,0.1935484,0.5,9.798182590890704
169.0,0.4733728,0.0,0.112426,0.0674157,0.9526627,0.0,0.8793103,0.0,0.0172414,0.1470588,0.0,1.0,0.2058824,0.1428571,1.0,10.480129006333248
14192.0,0.4653326,0.1578354,0.1751691,0.1414075,0.837655,0.0143038,0.6824085,0.0028673,0.0295159,0.0645314,0.1403272,0.9966267,0.3516882,0.0736168,0.4210526,10.410335274932896
216.0,0.4907407,0.0,0.1527778,0.1,0.9398148,0.0,0.8433735,0.0,0.0,0.0568182,0.0,1.0,0.1136364,0.0,1.0,10.84546552414626
201.0,0.4875622,0.0,0.1791045,0.1067961,0.8507463,0.0,0.6746988,0.0120482,0.0120482,0.0879121,0.0,0.9879518,0.2637363,0.0909091,0.0,9.615805480084347
1830.0,0.4803279,0.0,0.1557377,0.1051525,0.8666667,0.0,0.7298772,0.0013643,0.0518417,0.0505181,0.0,0.9972715,0.3225389,0.0456274,0.1,10.889323003601277
950.0,0.4326316,0.6452632,0.2210526,0.2003711,0.8094737,0.0578947,0.6519174,0.0,0.020649,0.1439394,0.5840708,1.0,0.3484848,0.1975309,0.75,9.615805480084347
908.0,0.7830396,0.5759912,0.1024229,0.2081218,0.2995595,0.6376652,0.5895522,0.0,0.0149254,0.1625,0.9776119,1.0,0.275,0.175,1.0,9.615805480084347
1700.0,0.4870588,0.0470588,0.1341176,0.0997706,0.8641176,0.0176471,0.7283763,0.0015175,0.0288316,0.0421512,0.0394537,0.9954476,0.2950581,0.0683761,0.5,10.904137815028022
148.0,0.5067568,0.0,0.222973,0.1506849,0.8040541,0.0,0.6216216,0.0,0.0135135,0.0864198,0.0,1.0,0.3209877,0.047619,1.0,9.615805480084347
27.0,0.4814815,0.0,0.2222222,0.2142857,0.7407407,0.0,0.5384615,0.0,0.0769231,0.4090909,0.0,1.0,0.2727273,0.1428571,0.0,9.615805480084347
612.0,0.4232026,0.0,0.3954248,0.2747875,0.748366,0.0784314,0.6030534,0.0038168,0.0038168,0.0839161,0.0,1.0,0.2762238,0.0930233,0.0,9.741027444837728
1073.0,0.4920783,0.0,0.1351351,0.1100917,0.862069,0.027027,0.73,0.0025,0.0225,0.1208791,0.0,0.86,0.3296703,0.0689655,0.7142857,10.239995502805316
510.0,0.4862745,0.0,0.1862745,0.1374046,0.8823529,0.0,0.723301,0.0048544,0.0097087,0.0462963,0.0,1.0,0.0972222,0.1351351,0.5,9.820160289946374
136.0,0.5,0.0,0.1470588,0.0588235,0.9191176,0.0,0.7959184,0.0,0.0204082,0.1403509,0.0,1.0,0.2105263,0.0,0.0,9.615805480084347
1752.0,0.4851598,0.0239726,0.1038813,0.1053215,0.908105,0.0022831,0.7776025,0.0,0.0189274,0.0466165,0.0236593,0.9984227,0.1669173,0.0725806,1.0,10.640675541671662
812.0,0.4716749,0.0036946,0.1908867,0.1421911,0.8842365,0.0,0.7317073,0.0030488,0.0091463,0.1299735,0.0030488,0.9786585,0.3103448,0.2619048,0.7857143,10.025749432069084
126.0,0.484127,0.015873,0.1269841,0.0769231,0.9285714,0.0,0.8181818,0.0,0.0227273,0.12,0.0,1.0,0.26,0.2,1.0,9.615805480084347
37.0,0.4864865,0.0,0.2702703,0.1052632,0.7837838,0.0,0.5555556,0.0,0.0,0.2173913,0.0,1.0,0.2608696,0.0,0.5,9.615805480084347
768.0,0.5299479,0.0026042,0.0677083,0.0304709,0.9322917,0.0,0.8425197,0.007874,0.0354331,0.0342205,0.003937,0.996063,0.2129278,0.0,1.0,10.392098241730961
5910.0,0.450423,0.678511,0.1585448,0.158867,0.863621,0.021489,0.696325,0.0038685,0.0217602,0.0755476,0.6088008,0.9951644,0.4117121,0.1752049,0.8461538,10.047631185616188
2873.0,0.4772015,0.0017403,0.0929342,0.0772304,0.9136791,0.0,0.7765641,0.0019861,0.0168818,0.0579981,0.0,0.9980139,0.2853134,0.1095406,0.3333333,10.638280388314705
320.0,0.453125,0.003125,0.121875,0.1085714,0.89375,0.0,0.7435897,0.017094,0.017094,0.1268657,0.008547,1.0,0.2313433,0.1875,1.0,9.615805480084347
3116.0,0.4502567,0.0596919,0.2053915,0.1798015,0.7766367,0.0882542,0.6748311,0.0033784,0.0219595,0.131328,0.0565878,0.9873311,0.4013206,0.1012931,0.7368421,10.077482875583607
273.0,0.4395604,0.0,0.4835165,0.2222222,0.8058608,0.0,0.6268657,0.0,0.0149254,0.0074074,0.0,1.0,0.1481481,0.04,0.0,11.2922912626048
112.0,0.5089286,0.0,0.1607143,0.1090909,0.8571429,0.0,0.6444444,0.0,0.0,0.1964286,0.0,0.9777778,0.4821429,0.0,1.0,10.250652418696085
93.0,0.4408602,0.0,0.0107527,0.0,0.8387097,0.0,0.6829268,0.0,0.0487805,0.9334416,0.0,0.8536585,0.3636364,0.0277778,0.0,11.063524143191238
7063.0,0.4574543,0.0015574,0.1851904,0.1458768,0.8288263,0.0,0.6448473,0.0050352,0.0409533,0.0632075,0.0023498,0.9953004,0.5172956,0.0791426,0.5142857,10.250652418696085
13899.0,0.4655011,0.0016548,0.1338226,0.1208776,0.8608533,0.0190661,0.7218147,0.0030888,0.0351351,0.0303257,0.0019305,0.9899614,0.3028828,0.0390183,0.4179104,11.088292827848269
1826.0,0.5049288,0.0104053,0.0470975,0.0475664,0.9589266,0.0,0.8883162,0.0,0.0171821,0.0612903,0.0085911,0.9776632,0.0725806,0.1186441,0.1034483,11.752737324967208
233.0,0.5021459,0.0,0.1845494,0.1896552,0.8412017,0.0,0.6458333,0.0,0.03125,0.2131148,0.0,1.0,0.442623,0.1470588,1.0,9.615805480084347
2228.0,0.5085278,0.0071813,0.0754039,0.0401826,0.959605,0.0,0.9,0.0013514,0.0189189,0.0451613,0.0067568,0.9797297,0.0890323,0.164557,0.6363636,11.460589521950299
350.0,0.5028571,0.0,0.2314286,0.1551724,0.8085714,0.0,0.58,0.0,0.0266667,0.1176471,0.0,0.9933333,0.3058824,0.1315789,1.0,9.893487720457795
478.0,0.4728033,0.2196653,0.2008368,0.1269841,0.8682008,0.0,0.7282051,0.0102564,0.0358974,0.1216216,0.2,1.0,0.3468468,0.0677966,0.8,9.787009914477434
43627.0,0.4754854,0.1395466,0.131822,0.1071975,0.8025993,0.0170307,0.638678,0.0095896,0.0643302,0.0850264,0.1166733,0.9854444,0.3777615,0.0787667,0.4093023,10.537441898283253
597.0,0.4924623,0.0,0.2177554,0.1947195,0.840871,0.0,0.6468254,0.0039683,0.0079365,0.0769231,0.0,1.0,0.4395604,0.1269841,1.0,9.615805480084347
1042.0,0.4664107,0.0191939,0.1785029,0.1708633,0.8771593,0.0,0.7007299,0.0,0.0121655,0.0805369,0.0121655,1.0,0.2214765,0.1061947,0.5384615,9.975854724662028
51430.0,0.4760451,0.1545013,0.1629788,0.1111812,0.8916586,0.0027999,0.7565503,0.0018715,0.02696,0.0327315,0.1394537,0.9957511,0.1356231,0.0602473,0.4648649,10.6782377612977
2615.0,0.4975143,0.0011472,0.0856597,0.0738204,0.9028681,0.0038241,0.7743017,0.003352,0.0413408,0.0417559,0.0,0.9597765,0.3640257,0.1618257,0.8333333,10.110542371500753
1374.0,0.4737991,0.4905386,0.1375546,0.1300138,0.8930131,0.0,0.7426326,0.0078585,0.0157171,0.0959147,0.4557957,0.9921415,0.410302,0.1761006,0.6666667,10.081675578048475
3702.0,0.4767693,0.0037817,0.2379795,0.1151265,0.8633171,0.0002701,0.7265013,0.0058747,0.0456919,0.0675593,0.0013055,0.9836815,0.373098,0.1546667,0.1290323,11.050905878263567
2347.0,0.4712399,0.1107797,0.1827865,0.1248993,0.876438,0.0,0.7160883,0.0031546,0.0147213,0.0648968,0.084122,0.9947424,0.3274336,0.0692308,0.5263158,10.416341118636355
2064.0,0.5203488,0.003876,0.0499031,0.0323232,0.7945736,0.0053295,0.6555556,0.0061728,0.1333333,0.0979955,0.0012346,0.9666667,0.3151448,0.03125,0.4166667,12.22881702007325
439.0,0.476082,0.0,0.2232346,0.1,0.8974943,0.0,0.7670455,0.0056818,0.0170455,0.0434783,0.0,0.9943182,0.2282609,0.0833333,0.6666667,10.281958234245314
275.0,0.4836364,0.0,0.2909091,0.0915493,0.8836364,0.0,0.7521368,0.0,0.025641,0.2147651,0.0,0.965812,0.409396,0.0,0.0,11.098939154318382
11151.0,0.4816608,0.0132724,0.0836696,0.0792388,0.9045825,0.0161421,0.7975916,0.0025621,0.019216,0.0748993,0.0099923,0.989239,0.2308604,0.0835604,0.390625,10.83370091325064
1872.0,0.4513889,0.1308761,0.1698718,0.1772152,0.838141,0.0411325,0.6968877,0.0,0.0027064,0.0987805,0.1312585,0.9945873,0.2853659,0.0409091,0.6363636,10.579005242826247
747.0,0.4672021,0.4939759,0.1378849,0.120603,0.8821954,0.0,0.7370242,0.0034602,0.0242215,0.0940439,0.4359862,0.9861592,0.3166144,0.1162791,0.75,10.114599007626499
298.0,0.4697987,0.0,0.295302,0.2088608,0.7919463,0.0,0.5785714,0.0,0.0142857,0.047619,0.0,1.0,0.2312925,0.0,0.6666667,9.69898173460629
927.0,0.4789644,0.0,0.1326861,0.0600414,0.9309601,0.0,0.8278932,0.0029674,0.0118694,0.094086,0.0,1.0,0.1102151,0.0769231,0.3333333,11.098939154318382
22.0,0.4090909,0.0,0.3181818,0.3846154,0.7727273,0.0,0.5,0.0,0.0,0.5652174,0.0,1.0,0.4347826,0.3333333,1.0,9.615805480084347
1364.0,0.4824047,0.0036657,0.1642229,0.111898,0.8680352,0.0087977,0.7225434,0.0077071,0.0346821,0.0781528,0.0,1.0,0.3285968,0.0808511,1.0,10.943781931879723
6922.0,0.4985553,0.0011557,0.1360878,0.1132239,0.8513435,0.026004,0.7263626,0.0059325,0.0329996,0.0592954,0.0011123,0.9970337,0.3201953,0.0322581,0.6571429,10.640675541671662
311.0,0.4758842,0.0032154,0.1350482,0.0613497,0.9099678,0.0,0.7931034,0.0086207,0.0344828,0.0413223,0.0,0.9741379,0.2396694,0.1851852,0.0,10.239995502805316
6434.0,0.4555486,0.0027976,0.1801368,0.1515844,0.7934411,0.0508237,0.6440678,0.0043358,0.0299566,0.0761107,0.0031533,0.9988175,0.2388929,0.0886427,0.2745098,10.247112717290387
613.0,0.5301794,0.0032626,0.0636215,0.0277778,0.9429038,0.0,0.8527919,0.0,0.0203046,0.0921659,0.0050761,0.9187817,0.2442396,0.24,0.3333333,10.981914140544825
1023.0,0.4819159,0.001955,0.111437,0.0981132,0.8993157,0.0,0.7394958,0.0028011,0.022409,0.0798969,0.0028011,0.8095238,0.3015464,0.1565217,0.2,10.431199791458543
608.0,0.4391447,0.0,0.3470395,0.2316716,0.7516447,0.1019737,0.6473029,0.0,0.0124481,0.1007463,0.0,1.0,0.2276119,0.1041667,1.0,9.615805480084347
15491.0,0.4729843,0.2736428,0.0893422,0.0818226,0.8228649,0.0091021,0.6713092,0.0034409,0.0738981,0.0480424,0.2564313,0.9605112,0.4375292,0.0822245,0.1428571,12.026353699006034
91.0,0.4505495,0.0,0.2087912,0.12,0.8791209,0.0,0.7567568,0.0,0.0540541,0.1395349,0.0,0.972973,0.2790698,0.0,1.0,9.615805480084347
3570.0,0.507563,0.0039216,0.1507003,0.0790671,0.9215686,0.0,0.8200935,0.0015576,0.0280374,0.0410754,0.0046729,0.9415888,0.1463779,0.1370968,0.3333333,11.74245657234248
462.0,0.4545455,0.004329,0.2186147,0.1984127,0.8571429,0.0,0.7040816,0.0102041,0.0255102,0.07109,0.005102,1.0,0.1848341,0.137931,0.5714286,10.003378135350923
31802.0,0.4719829,0.0250928,0.1397711,0.1108861,0.8305452,0.021288,0.6828794,0.0047471,0.04,0.0451776,0.0235798,0.9943969,0.313048,0.059291,0.4919355,10.65492722584759
3404.0,0.5716804,0.3443008,0.1392479,0.1570645,0.6639248,0.2162162,0.6703196,0.0027397,0.030137,0.0728196,0.2292237,0.9844749,0.400508,0.1187123,0.7777778,10.34177474101152
539.0,0.4730983,0.0055659,0.135436,0.1056338,0.9128015,0.0,0.7878788,0.0050505,0.0151515,0.0434783,0.0050505,0.9949495,0.1884058,0.0434783,0.5,10.640675541671662
2972.0,0.4720727,0.0020188,0.2139973,0.1618866,0.8290713,0.0040377,0.6526656,0.0024233,0.0411955,0.0440154,0.0016155,0.9919225,0.2486486,0.0728643,0.3333333,10.783135046711445
2426.0,0.4439406,0.1809563,0.2444353,0.2053373,0.7918384,0.0589448,0.6539235,0.0030181,0.0140845,0.0524309,0.1448692,0.998994,0.3326978,0.0743034,0.3333333,10.188704088048116
88.0,0.5,0.0,0.1818182,0.0681818,0.8977273,0.0,0.7567568,0.0,0.0,0.075,0.0,1.0,0.2,0.25,0.0,9.615805480084347
2032.0,0.4773622,0.003937,0.1146654,0.0894539,0.8705709,0.0,0.7196262,0.0133511,0.0534045,0.0764488,0.0053405,0.987984,0.3045623,0.1059322,0.6666667,10.211009016314167
153.0,0.496732,0.0,0.3006536,0.1948052,0.8431373,0.0,0.6567164,0.0,0.0149254,0.1625,0.0,1.0,0.2,0.2352941,1.0,9.615805480084347
286.0,0.4895105,0.0,0.2447552,0.1643836,0.8566434,0.0,0.6666667,0.0,0.0083333,0.1666667,0.0,1.0,0.3611111,0.0909091,0.0,9.62911649414402
238.0,0.4831933,0.0,0.1680672,0.097561,0.9327731,0.0,0.826087,0.0,0.0,0.0416667,0.0,0.9891304,0.2083333,0.1111111,0.0,10.36410350510914
2257.0,0.4678777,0.0004431,0.2574214,0.1748543,0.8001772,0.0416482,0.6580645,0.0043011,0.0311828,0.0690691,0.0010753,0.9989247,0.3273273,0.0325203,0.75,10.36410350510914
5451.0,0.4828472,0.0018345,0.1447441,0.0794608,0.9200147,0.0,0.8383889,0.0034809,0.0382894,0.0113078,0.0009945,0.9880656,0.0939036,0.1846154,0.1428571,10.954326659732555
14402.0,0.4830579,0.0016664,0.1447716,0.1344527,0.8558534,0.0305513,0.7273596,0.0034391,0.0328621,0.0225957,0.0005732,0.9656095,0.3859944,0.0580808,0.1578947,11.268315653289422
784.0,0.4770408,0.0,0.1670918,0.1195122,0.8673469,0.0,0.6979866,0.0,0.0268456,0.0355987,0.0,0.9932886,0.2200647,0.0731707,0.6666667,10.404293143019792
71.0,0.4788732,0.0,0.2676056,0.1081081,0.8873239,0.0,0.7241379,0.0,0.0,0.1714286,0.0,1.0,0.1142857,0.0,0.0,9.615805480084347
142.0,0.4859155,0.0,0.2676056,0.2054795,0.7605634,0.0,0.515625,0.0,0.046875,0.2470588,0.0,1.0,0.4235294,0.1,0.6666667,9.615805480084347
383.0,0.4699739,0.0,0.1906005,0.1921182,0.8120104,0.0,0.6046512,0.0,0.0232558,0.1690821,0.0,0.994186,0.3188406,0.016129,1.0,10.96648993456911
3845.0,0.4894668,0.0085826,0.150065,0.0753948,0.8293888,0.0005202,0.6929982,0.0047876,0.064632,0.4657928,0.0071813,0.9922202,0.4530051,0.0572289,0.3392857,11.221248757912162
11772.0,0.4226979,0.0070506,0.5143561,0.3143025,0.6687054,0.0001699,0.4841397,0.0007309,0.0504312,0.3364051,0.0043853,0.8742874,0.85275,0.0161101,0.2580645,11.519911009143941
94.0,0.5425532,0.0,0.287234,0.1162791,0.8829787,0.0,0.7380952,0.0,0.0,0.1764706,0.0,1.0,0.4313725,0.3333333,0.0,9.69898173460629
1603.0,0.4903306,0.0024953,0.1453525,0.0869033,0.9201497,0.0,0.7913043,0.0017391,0.0121739,0.0221088,0.0034783,0.9947826,0.1564626,0.0983607,0.3333333,10.687411927154141
2102.0,0.4514748,0.6146527,0.1317793,0.1205551,0.9072312,0.0,0.7432624,0.0,0.0184397,0.0686922,0.5148936,0.964539,0.4161162,0.1919771,0.9090909,10.33854382482173
45549.0,0.5050166,0.2403785,0.1339217,0.1165173,0.7841445,0.0805067,0.6769665,0.0053338,0.0402183,0.1261652,0.1969223,0.9906811,0.2610629,0.1148547,0.6327434,10.196194479235656
6538.0,0.538238,0.0374732,0.085959,0.05631,0.334353,0.512848,0.5665428,0.0007435,0.1591078,0.0973154,0.0126394,0.9858736,0.247651,0.079922,0.2352941,12.096821236822512
2694.0,0.4832962,0.1778025,0.0909428,0.0768678,0.9112843,0.0,0.7914439,0.0032086,0.0406417,0.0497967,0.1561497,0.9957219,0.3384146,0.1806167,0.2727273,10.723289410218579
361.0,0.5263158,0.0443213,0.066482,0.0584795,0.7063712,0.0,0.5464481,0.010929,0.0983607,0.2310924,0.0437158,0.9836066,0.2436975,0.0163934,0.5952381,11.950541482162043
1551.0,0.4435848,0.0019342,0.2630561,0.1946698,0.8033527,0.0502901,0.6713615,0.0031299,0.0234742,0.0259146,0.0015649,1.0,0.3033537,0.0810811,1.0,10.305647203635566
1809.0,0.4825871,0.0005528,0.2913212,0.159188,0.8098397,0.0,0.650358,0.0047733,0.0477327,0.833267,0.0011933,0.9940334,0.1062475,0.0346821,0.7647059,12.279327754099118
556.0,0.4622302,0.0,0.1546763,0.1270903,0.9010791,0.0,0.7582938,0.0,0.014218,0.0905172,0.0,1.0,0.1724138,0.195122,0.3333333,10.545367754151743
990.0,0.5,0.0060606,0.069697,0.0585859,0.9474747,0.0,0.8545455,0.0030303,0.0090909,0.140625,0.0060606,0.9575758,0.2838542,0.2142857,0.5882353,10.445840912706414
1096.0,0.4854015,0.0,0.1277372,0.0939716,0.9124088,0.0191606,0.8074866,0.0026738,0.0053476,0.1956989,0.0,0.7780749,0.2903226,0.1956522,0.8571429,10.318935994253193
3870.0,0.4431525,0.0023256,0.2604651,0.2083527,0.7839793,0.049354,0.6309524,0.0031328,0.023183,0.0993228,0.0031328,0.9993734,0.3323928,0.0533881,0.76,9.746892220313054
1317.0,0.4593774,0.0129081,0.1670463,0.1783708,0.8420653,0.0,0.6739526,0.0,0.0473588,0.074199,0.0127505,1.0,0.3355818,0.0656566,1.0,10.106469212026385
11160.0,0.4957885,0.078405,0.0341398,0.0264795,0.8990143,0.0007168,0.7860229,0.0081321,0.0523507,0.1135391,0.0790343,0.933418,0.3446722,0.0998424,0.6910995,11.000448478455008
2990.0,0.4882943,0.0010033,0.1173913,0.0921569,0.8715719,0.0173913,0.7395644,0.0036298,0.0353902,0.0565068,0.0018149,0.9274047,0.3356164,0.0707395,0.5384615,11.02518140064756
4371.0,0.4541295,0.8961336,0.1194235,0.1227997,0.9087165,0.0096088,0.7731959,0.0022091,0.0257732,0.0743013,0.8740795,0.9992636,0.2767553,0.2936893,0.5555556,10.203629181337648
89443.0,0.4822736,0.0914437,0.093691,0.076144,0.874434,0.0081057,0.7198288,0.0028943,0.0301486,0.1374145,0.0844463,0.8440713,0.3617403,0.0939484,0.4940747,10.573903321093981
27.0,0.5185185,0.0,0.2592593,0.0769231,1.0,0.0,1.0,0.0,0.0,0.2307692,0.0,1.0,0.0769231,0.0,0.0,9.615805480084347
1758.0,0.486917,0.0011377,0.1268487,0.1064302,0.8725825,0.0,0.7180277,0.0077042,0.0308166,0.0525547,0.0015408,0.9861325,0.3065693,0.0974359,0.3333333,10.081675578048475
350.0,0.4971429,0.0,0.2542857,0.1420455,0.8457143,0.0,0.6879433,0.0212766,0.0425532,0.0342466,0.0,1.0,0.3287671,0.0222222,0.0,10.442929787247998
470.0,0.4808511,0.0,0.2446809,0.2336066,0.7957447,0.1404255,0.7972028,0.0,0.006993,0.0833333,0.0,1.0,0.1923077,0.09375,0.3333333,10.229223792606835
3474.0,0.480426,0.0506621,0.0866436,0.0648199,0.8546344,0.0014393,0.7034139,0.002845,0.0497866,0.0601604,0.0533428,0.985064,0.3302139,0.040404,0.8571429,11.110969193687714
95.0,0.5157895,0.0,0.1894737,0.1521739,0.8105263,0.0,0.6222222,0.0,0.0222222,0.1509434,0.0,0.9777778,0.3018868,0.0,0.0,9.717218213494077
756.0,0.4444444,0.0,0.2791005,0.2642857,0.771164,0.0132275,0.5478261,0.0028986,0.0173913,0.119898,0.0,0.9942029,0.4056122,0.0490196,0.6666667,9.69898173460629
202.0,0.4851485,0.0,0.1287129,0.0961538,0.8712871,0.0,0.695122,0.0,0.0121951,0.0786517,0.0,0.9878049,0.247191,0.0909091,0.0,10.021315031649332
4509.0,0.493014,0.0013307,0.0969173,0.0783027,0.8946551,0.0,0.7636595,0.0082592,0.0508259,0.2133933,0.0025413,0.9930114,0.2723638,0.152027,0.6363636,10.448743588106625
197.0,0.5228426,0.0050761,0.3553299,0.1276596,0.7918782,0.0,0.5918367,0.0,0.0102041,0.1403509,0.0,1.0,0.2719298,0.0,0.75,9.615805480084347
2024.0,0.472332,0.0004941,0.215415,0.1685393,0.8359684,0.0429842,0.7215686,0.0039216,0.0313725,0.0229885,0.0,0.9973856,0.2324393,0.0336538,0.5,10.404293143019792
88.0,0.4886364,0.0,0.2045455,0.1555556,0.8636364,0.0,0.6923077,0.0,0.0,0.1702128,0.0,1.0,0.3617021,0.0,1.0,9.615805480084347
10815.0,0.4732316,0.0007397,0.1077208,0.076356,0.9473879,0.0182154,0.8843391,0.0028736,0.0122126,0.1184294,0.0010776,0.1487069,0.4901837,0.3171355,0.2702703,10.05195066017375
26615.0,0.4426451,0.0156303,0.1397708,0.0765134,0.761563,0.1410483,0.7561379,0.0009443,0.0434372,0.0333181,0.0100331,0.9894948,0.1152442,0.0578462,0.4086022,12.485978309945345
324.0,0.5092593,0.0,0.0987654,0.0566038,0.9259259,0.0,0.8067227,0.0,0.0084034,0.1052632,0.0,1.0,0.3609023,0.0555556,0.3333333,10.094149233605084
782.0,0.4373402,0.3721228,0.2161125,0.1863636,0.8721228,0.0,0.7088608,0.0031646,0.0189873,0.0538922,0.3006329,1.0,0.2155689,0.1136364,1.0,10.392098241730961
902.0,0.4855876,0.0033259,0.1308204,0.1293103,0.902439,0.0,0.7801858,0.0154799,0.0247678,0.0823864,0.003096,1.0,0.3977273,0.1875,0.3333333,9.852246888342531
166.0,0.4939759,0.0,0.1204819,0.0952381,0.8614458,0.0,0.6769231,0.0,0.0307692,0.084507,0.0,1.0,0.3521127,0.1666667,0.0,9.615805480084347
2479.0,0.5187576,0.0032271,0.085115,0.0536463,0.8531666,0.0044373,0.7027601,0.0042463,0.0615711,0.1062619,0.0021231,0.9915074,0.4914611,0.0886076,0.8,11.03005541721757
648.0,0.5154321,0.0,0.1219136,0.0987261,0.8595679,0.0046296,0.7034221,0.0,0.0304183,0.0505415,0.0,0.9961977,0.3249097,0.0649351,1.0,10.529452721013085
903.0,0.4584718,0.2657807,0.1871539,0.1574642,0.8859358,0.0,0.7150997,0.0,0.008547,0.0883117,0.2421652,1.0,0.2285714,0.1428571,1.0,10.064798252418377
2284.0,0.4500876,0.1751313,0.1795096,0.1528662,0.852014,0.0004378,0.6687764,0.0031646,0.0168776,0.0714985,0.1624473,0.9947257,0.34476,0.0614035,0.2,10.038935856711177
1678.0,0.4874851,0.0011919,0.1185936,0.1093023,0.8772348,0.0,0.7008,0.008,0.0208,0.0515933,0.0016,1.0,0.2822458,0.14375,0.7142857,10.142543822310387
2524.0,0.4484945,0.0003962,0.3038827,0.204023,0.7935816,0.0554675,0.6651119,0.0009328,0.0177239,0.0953586,0.0009328,0.9962687,0.2675105,0.0636364,0.6666667,9.746892220313054
1595.0,0.4520376,0.0194357,0.231348,0.201373,0.7962382,0.062069,0.672,0.0048,0.0224,0.1032999,0.0112,0.9968,0.2840746,0.1092896,0.9,9.918425424900335
64.0,0.484375,0.0,0.21875,0.0909091,0.921875,0.0,0.7916667,0.0,0.0,0.0769231,0.0,1.0,0.4615385,0.0,0.0,10.003378135350923
366.0,0.4945355,0.0,0.147541,0.1297297,0.9043716,0.0,0.7674419,0.0,0.0387597,0.2228916,0.0,1.0,0.3855422,0.2333333,0.5,9.6678285081515
614.0,0.4527687,0.0016287,0.2996743,0.2142857,0.8061889,0.0,0.6175439,0.0035088,0.0280702,0.1203704,0.0,1.0,0.2376543,0.125,0.8888889,9.615805480084347
4557.0,0.5034014,0.0089971,0.0621023,0.0631905,0.9115646,0.0,0.808,0.0049231,0.0449231,0.0714286,0.0086154,0.9846154,0.2114286,0.1331445,0.490566,11.068215243411098
68.0,0.6029412,0.0,0.0441176,0.037037,0.7794118,0.0,0.5416667,0.0416667,0.125,0.4285714,0.0,0.9583333,1.0,0.0,0.0,9.615805480084347
2775.0,0.4587387,0.027027,0.2825225,0.1790945,0.7437838,0.0,0.558432,0.0036982,0.0650888,0.7343289,0.0244083,0.9918639,0.392808,0.0482375,0.6923077,11.706030338921243
7374.0,0.4947111,0.0058313,0.0934364,0.0807837,0.9068348,0.0088148,0.7989503,0.002826,0.0375454,0.0617424,0.0048446,0.9612434,0.2636364,0.1253333,0.8732394,11.628047184686986
1453.0,0.4198211,0.5629732,0.193393,0.1992883,0.7302134,0.1582932,0.7285068,0.0067873,0.0656109,0.116,0.6063348,0.9479638,0.59,0.1134021,0.1818182,10.835671318412196
1923.0,0.4638586,0.0,0.1950078,0.1503395,0.8601144,0.0,0.6878901,0.0012484,0.019975,0.1119734,0.0,0.980025,0.251663,0.1016043,0.5454545,10.264687244346277
12267.0,0.4548789,0.0016304,0.2439879,0.2135487,0.8209016,0.0134507,0.6399003,0.0011499,0.023189,0.0740018,0.0005749,0.9959755,0.2622893,0.0596508,0.6388889,10.33854382482173
1011.0,0.4678536,0.0276954,0.1028684,0.0910781,0.9179031,0.0019782,0.7873563,0.0028736,0.0143678,0.2162162,0.0258621,0.8247126,0.3355856,0.2234043,0.85,9.69898173460629
670.0,0.5164179,0.2567164,0.0671642,0.0987654,0.7507463,0.0,0.55,0.0066667,0.0933333,0.2125984,0.28,0.9333333,0.7112861,0.0700389,0.4,11.082157933374816
994.0,0.4466801,0.001006,0.2142857,0.1836364,0.8279678,0.0231388,0.6658654,0.0,0.0216346,0.0755556,0.0,0.9951923,0.3577778,0.0601504,0.7142857,9.76428295481558
28781.0,0.4727077,0.0087905,0.1414822,0.0891539,0.8631736,0.0363782,0.7583618,0.0012353,0.0284113,0.0374097,0.0074116,0.9966743,0.1613464,0.0294643,0.2928571,11.231901180182515
1603.0,0.4828447,0.0012477,0.1478478,0.0904704,0.9145352,0.0,0.7878261,0.0017391,0.026087,0.0511551,0.0017391,0.9947826,0.0594059,0.057971,0.0714286,11.408686542313973
127.0,0.4173228,0.9606299,0.0472441,0.027027,0.976378,0.0,0.90625,0.0,0.0,0.1111111,0.9375,1.0,0.1944444,0.5833333,0.0,10.114599007626499
196.0,0.4489796,0.2346939,0.1836735,0.1203704,0.9234694,0.0,0.7972973,0.0,0.0,0.1868132,0.2162162,1.0,0.4065934,0.0952381,1.0,9.65509029374725
656.0,0.4893293,0.0,0.1631098,0.0925373,0.7972561,0.007622,0.6116838,0.0034364,0.04811,0.090625,0.0,0.9725086,0.40625,0.0449438,0.0,11.092869425057021
71529.0,0.4648324,0.5235079,0.1478841,0.1297283,0.7685275,0.0275832,0.5724191,0.003712,0.0633142,0.0860325,0.4450553,0.9517439,0.3467546,0.104134,0.5694981,10.94024216782542
4310.0,0.4651972,0.0039443,0.1858469,0.1596529,0.8146172,0.0406032,0.6640147,0.001836,0.0385557,0.0444444,0.001836,0.998164,0.2865497,0.076324,0.1666667,10.723289410218579
208.0,0.5096154,0.0,0.2596154,0.1666667,0.8653846,0.0,0.6829268,0.0,0.0243902,0.1546392,0.0,1.0,0.3402062,0.2777778,0.75,9.615805480084347
470.0,0.5595745,0.0,0.0468085,0.0483092,0.9617021,0.0042553,0.8787879,0.010101,0.020202,0.2265625,0.0,1.0,0.8046875,0.0,0.0,10.016860879703811
160.0,0.4625,0.01875,0.14375,0.1395349,0.88125,0.0,0.7142857,0.015873,0.015873,0.2317073,0.0,1.0,0.4756098,0.1428571,1.0,9.615805480084347
11874.0,0.5190332,0.0635843,0.0865757,0.0588338,0.6883106,0.0051373,0.4937046,0.0053201,0.1166874,0.0557602,0.0657918,0.9709168,0.5606162,0.0350672,0.2631579,11.199597325534862
4994.0,0.4601522,0.0078094,0.195835,0.1798961,0.7737285,0.0662795,0.639336,0.0055332,0.0301811,0.1341463,0.0025151,0.9969819,0.2730836,0.0906667,0.7413793,10.16203685698089
1016.0,0.4812992,0.003937,0.1377953,0.0967742,0.8602362,0.0,0.7032419,0.0049875,0.0374065,0.0360577,0.0049875,0.9925187,0.3028846,0.0625,0.0,11.227919807721856
424.0,0.4693396,0.0,0.2665094,0.1733333,0.8608491,0.0,0.6989247,0.0053763,0.0107527,0.1142857,0.0,1.0,0.3904762,0.0,1.0,9.674137279312397
1980.0,0.4929293,0.0227273,0.1267677,0.0966135,0.9146465,0.0,0.7917889,0.0043988,0.0337243,0.0271041,0.0175953,0.7683284,0.3437946,0.1660517,0.0,10.819798284210286
1330.0,0.4631579,0.0225564,0.0413534,0.0308123,0.3383459,0.5947368,0.6886792,0.0,0.0660377,0.0363636,0.004717,1.0,0.3863636,0.0535714,0.0,11.104972264124868
1118.0,0.5017889,0.0,0.1001789,0.0574506,0.9141324,0.0,0.8004988,0.0024938,0.0374065,0.0696056,0.0,0.9900249,0.2111369,0.1410256,0.1428571,9.87822102528824
676.0,0.4822485,0.0,0.1760355,0.1485714,0.8757396,0.0,0.6976744,0.0,0.0232558,0.0652174,0.0,1.0,0.1811594,0.1162791,0.5,10.114599007626499
335.0,0.4955224,0.0,0.3134328,0.1775148,0.8358209,0.0,0.6447368,0.0,0.0065789,0.0952381,0.0,0.9934211,0.25,0.1041667,0.75,9.615805480084347
3097.0,0.443978,0.1307717,0.2008395,0.184669,0.8314498,0.048434,0.7115028,0.0064935,0.0435993,0.0164234,0.1205937,0.9953618,0.2445255,0.1246753,0.0,11.156264806643742
3475.0,0.4679137,0.0023022,0.2316547,0.177934,0.7093525,0.0290647,0.5270672,0.005354,0.0499703,0.0550871,0.0005949,0.9250446,0.663294,0.047138,0.2352941,11.346882686945893
1384.0,0.4891618,0.0028902,0.1604046,0.0905233,0.8330925,0.0,0.6696589,0.0035907,0.0682226,0.0638655,0.0017953,0.9910233,0.4907563,0.0447761,0.7272727,11.448930795918299
7897.0,0.4784095,0.0003799,0.1649994,0.117747,0.820818,0.0164619,0.6617602,0.0049065,0.0444649,0.0873216,0.0006133,0.9923336,0.356843,0.0687554,0.5111111,10.860939421415225
8263.0,0.5013917,0.0357013,0.112913,0.086165,0.9160111,0.0332809,0.832,0.0017778,0.0128889,0.1120758,0.0057778,0.0737778,0.5599842,0.3015873,0.9473684,9.615805480084347
5132.0,0.4612237,0.439205,0.151403,0.1385172,0.8901013,0.0,0.7141304,0.0016304,0.0173913,0.1250594,0.4163043,0.8429348,0.3580599,0.1773256,0.6764706,10.05195066017375
18885.0,0.499444,0.0230871,0.1088165,0.0587115,0.9014562,0.0423617,0.8571429,0.0015997,0.0204767,0.0338485,0.0196769,0.993601,0.0738794,0.0966543,0.3181818,11.582460855933538
50.0,0.4,0.0,0.14,0.2,0.94,0.0,0.8,0.0,0.0,0.0625,0.0,1.0,0.5,0.5,0.0,9.615805480084347
2173.0,0.4588127,0.0013806,0.207087,0.1734694,0.8430741,0.0239301,0.6777906,0.0011507,0.009206,0.1186613,0.0011507,0.9965478,0.2576065,0.1184834,0.95,9.846970109700957
566.0,0.4487633,0.0,0.3250883,0.2724359,0.7420495,0.0795053,0.5707965,0.0,0.0176991,0.1137255,0.0,1.0,0.3686275,0.1132075,1.0,9.615805480084347
1396.0,0.4799427,0.0007163,0.2012894,0.1391185,0.8252149,0.012894,0.6482759,0.0017241,0.0362069,0.1225416,0.0,0.9568966,0.5385779,0.1152416,0.75,10.659633006160352
957.0,0.4827586,0.0,0.1765935,0.1353535,0.8641588,0.0,0.6925134,0.0053476,0.0347594,0.010582,0.0,0.9919786,0.1719577,0.1449275,1.0,10.354595018522993
2603.0,0.46869,0.0003842,0.1867076,0.1597975,0.8447945,0.0395697,0.7182377,0.0010246,0.0245902,0.0542636,0.0,0.994877,0.247093,0.0846774,0.5555556,10.606609816118151
9654.0,0.4675782,0.0084939,0.1530972,0.1266537,0.855086,0.0110835,0.6971077,0.0048206,0.033744,0.0403495,0.0042849,0.9295661,0.3302493,0.1027347,0.4444444,10.25769445336048
2525.0,0.470099,0.000396,0.1730693,0.1547085,0.799604,0.0114851,0.610586,0.0085066,0.0510397,0.0775937,0.0,0.9981096,0.3879686,0.0426716,0.4285714,10.866680954096502
915.0,0.5136612,0.0032787,0.1639344,0.0966292,0.8535519,0.0,0.7029178,0.005305,0.0503979,0.1191589,0.0,0.9893899,0.3084112,0.0792079,0.4,10.357774570341576
30749.0,0.471495,0.2642688,0.1455007,0.1231924,0.77183,0.0346028,0.58866,0.0038566,0.0592435,0.0682722,0.2369738,0.9778452,0.3541284,0.0672131,0.4752475,11.028433383156079
1542.0,0.4636835,0.304799,0.1575875,0.1644498,0.8605707,0.0,0.6735751,0.0051813,0.0276339,0.1798867,0.2400691,0.8272884,0.3611898,0.1803279,0.7222222,10.016860879703811
2390.0,0.4878661,0.0012552,0.2694561,0.1617647,0.8309623,0.0,0.6725912,0.0056127,0.0392891,0.5246776,0.0,0.9953227,0.4802134,0.122449,0.8196721,10.047631185616188
1289.0,0.4631497,0.0015516,0.1846393,0.1531792,0.8564779,0.0116369,0.7058824,0.0037951,0.0227704,0.08981,0.0,0.9962049,0.3022453,0.0879121,0.5,10.308985993422082
8397.0,0.4986305,0.0874122,0.0547815,0.0451306,0.8762653,0.0125045,0.7449295,0.0041251,0.0522516,0.0940517,0.0886903,0.7937436,0.3746496,0.1193277,0.557377,10.920546270529568
16590.0,0.4775769,0.1284509,0.1256178,0.0954194,0.7791441,0.0189271,0.6236239,0.006992,0.0935733,0.0480102,0.1279381,0.8250521,0.6279564,0.0716235,0.4736842,11.796607046116602
2959.0,0.4515039,0.000338,0.2636026,0.2082563,0.781345,0.0581277,0.6388657,0.0025021,0.0241868,0.0330645,0.0,1.0,0.3032258,0.0316623,0.1111111,10.664316745782925
5506.0,0.4925536,0.0036324,0.0900835,0.0694345,0.9070105,0.0,0.782362,0.0067045,0.0350696,0.0396236,0.0046416,0.9814337,0.2179297,0.1115385,0.6666667,10.747229096720554
135.0,0.4814815,0.0,0.2148148,0.2571429,0.7851852,0.0,0.5806452,0.0,0.0483871,0.0882353,0.0,1.0,0.3382353,0.0,0.0,9.615805480084347
7305.0,0.4821355,0.0180698,0.1686516,0.1229183,0.8747433,0.0253251,0.7780294,0.00151,0.0445451,0.0626327,0.0117025,0.9913175,0.1100495,0.135514,0.8101266,11.41422052949775
3732.0,0.4769561,0.0549303,0.2039121,0.1582992,0.8716506,0.0192926,0.7360164,0.0006821,0.0129604,0.1237298,0.0450205,0.9965894,0.3197848,0.0863309,0.3076923,10.980212041446208
1568.0,0.4579082,0.0,0.1658163,0.1447059,0.8214286,0.0,0.6272727,0.0090909,0.0424242,0.0598291,0.0,0.9984848,0.2749288,0.078125,0.5714286,10.382853468483827
2041.0,0.5036747,0.1259187,0.0793729,0.0691017,0.8966193,0.0146987,0.7772861,0.0044248,0.0339233,0.1619283,0.1297935,0.9749263,0.4301607,0.1578947,0.8333333,10.199918739620157
12458.0,0.4587414,0.1237759,0.1738642,0.1368827,0.8067908,0.0161342,0.6309386,0.0044419,0.0449981,0.053901,0.1050599,0.9843569,0.3712772,0.0755514,0.46875,10.221977646629885
2847.0,0.513523,0.00281,0.3940991,0.1097473,0.8127854,0.0,0.6804813,0.0006684,0.0334225,0.5518274,0.0020053,0.9826203,0.286399,0.0176471,0.3111111,12.312237337751334
788.0,0.4619289,0.6700508,0.1243655,0.1084906,0.8718274,0.0,0.6889632,0.006689,0.0167224,0.0771605,0.6053512,0.9966555,0.3302469,0.1308411,0.6666667,10.196194479235656
2672.0,0.4996257,0.0056138,0.0924401,0.0688108,0.9131737,0.0003743,0.8119748,0.0042017,0.032563,0.1144186,0.0052521,0.9947479,0.2260465,0.1125828,0.625,10.61890979160975
919.0,0.4831338,0.0,0.1926007,0.0884211,0.9031556,0.0,0.7692308,0.0,0.022792,0.0859375,0.0,1.0,0.3932292,0.1568627,0.1111111,10.169728906753061
674.0,0.4940653,0.0,0.2195846,0.1759531,0.8367953,0.0,0.6574394,0.0069204,0.0242215,0.1242424,0.0,0.9965398,0.330303,0.1126761,0.7777778,9.77571099759397
1067.0,0.4985942,0.0,0.2043112,0.1420561,0.8331771,0.0,0.6345733,0.0,0.0196937,0.0896414,0.0,0.9890591,0.4262948,0.1014493,0.7777778,10.494075844768336
192.0,0.4479167,0.0677083,0.3177083,0.1415094,0.8333333,0.0,0.6321839,0.0,0.0,0.275,0.0344828,0.9885057,0.1916667,0.0833333,0.0,10.351405324899678
359.0,0.5097493,0.0,0.0445682,0.0738636,0.9359331,0.0,0.7666667,0.0,0.0222222,0.2307692,0.0,1.0,0.9401709,0.1176471,0.0,9.873079890114703
25692.0,0.5148684,0.3575432,0.0578001,0.0594512,0.6057528,0.1300016,0.5050486,0.0023373,0.1180815,0.0949399,0.2772999,0.9896223,0.5211542,0.0265396,0.3148148,10.97337452485014
17062.0,0.4563357,0.0138905,0.3391162,0.2026736,0.7681983,0.006154,0.5995345,0.0050227,0.0574544,0.1884072,0.0099228,0.9848095,0.5344005,0.0544608,0.3876652,10.887455624298198
2098.0,0.4885605,0.0,0.1415634,0.1146319,0.8455672,0.0185891,0.6792683,0.0012195,0.0243902,0.2046557,0.0,0.9804878,0.3937924,0.12,0.9032258,10.568775236216993
346.0,0.4479769,0.0,0.3092486,0.2303665,0.800578,0.0,0.6125,0.0125,0.01875,0.1061453,0.0,1.0,0.2458101,0.1538462,0.6666667,9.615805480084347
213.0,0.4882629,0.0093897,0.2065728,0.1559633,0.8497653,0.0,0.7032967,0.010989,0.043956,0.09,0.010989,1.0,0.17,0.0,0.0,10.043292972227004
743.0,0.5006729,0.0,0.1655451,0.1185984,0.8869448,0.0,0.7311828,0.0035842,0.0215054,0.2418478,0.0,0.9892473,0.2581522,0.12,0.5833333,10.221977646629885
4408.0,0.4457804,0.0002269,0.2672414,0.1805158,0.7949183,0.0576225,0.6681175,0.0,0.0184984,0.0326316,0.0005441,0.9885745,0.3578947,0.0070922,0.625,11.21318430646977
6023.0,0.4806575,0.4124191,0.1006143,0.0751279,0.8766395,0.0073053,0.7496497,0.0032695,0.0537132,0.0237118,0.4021485,0.9775806,0.1801186,0.1189759,0.2,11.611874470755124
1142.0,0.4605954,0.0017513,0.1374781,0.1103896,0.8388792,0.0,0.6695652,0.0086957,0.0478261,0.057377,0.0021739,0.9956522,0.4057377,0.0743243,0.8,10.413342705547674
16477.0,0.4758755,0.0071615,0.1753353,0.1257527,0.8400194,0.0155368,0.6915057,0.0033732,0.0455382,0.0708078,0.0061331,0.9921803,0.3238353,0.0477071,0.5692308,11.669082701743504
10326.0,0.4671702,0.2791013,0.0969398,0.0852417,0.8987991,0.0,0.7737756,0.005701,0.0326509,0.0431441,0.2684633,0.9971495,0.3501116,0.0767285,0.4666667,10.61890979160975
11354.0,0.4825612,0.1041924,0.0690506,0.0542979,0.6469086,0.0057249,0.5108473,0.0022513,0.2089644,0.0638053,0.0910765,0.9793287,0.4376317,0.0327598,0.2702703,11.098939154318382
183.0,0.5136612,0.0,0.1639344,0.0561798,0.9071038,0.0,0.7536232,0.0,0.0,0.0921053,0.0,0.942029,0.2105263,0.1,0.0,10.785207543360087
321.0,0.4641745,0.0,0.3021807,0.2034884,0.7975078,0.0,0.5870968,0.0,0.0064516,0.2364532,0.0,1.0,0.2216749,0.04,1.0,9.615805480084347
1504.0,0.4481383,0.2892287,0.1515957,0.1590361,0.8464096,0.0,0.6735016,0.0015773,0.0362776,0.0730994,0.2523659,1.0,0.3377193,0.0854271,0.25,10.666650414667744
4407.0,0.4914908,0.0031768,0.1504425,0.0660419,0.8257318,0.0004538,0.6787913,0.0067152,0.080582,0.0629261,0.0033576,0.9658646,0.3198741,0.0659134,0.3684211,12.385477452742727
35720.0,0.4884938,0.0039194,0.0987402,0.0696733,0.931187,0.0,0.8219246,0.0011574,0.0219907,0.0310798,0.0033069,0.9832176,0.119513,0.0494234,0.3,11.679295469550114
6883.0,0.4607003,0.5069011,0.1484818,0.1220366,0.7961645,0.0493971,0.6429664,0.0019113,0.0389908,0.0960608,0.4701835,0.9774465,0.3472702,0.1038108,0.6206897,10.468829770273567
192.0,0.4947917,0.0,0.1770833,0.2164948,0.8177083,0.0,0.6375,0.0125,0.05,0.1304348,0.0,1.0,0.3695652,0.1481481,0.0,10.67130147767883
216.0,0.4675926,0.0,0.1666667,0.1043478,0.8796296,0.0,0.7209302,0.0,0.0232558,0.0444444,0.0,1.0,0.1777778,0.0454545,1.0,10.571342565808699
2947.0,0.456057,0.0,0.2538174,0.180287,0.8456057,0.020699,0.7021792,0.0016142,0.0161421,0.147868,0.0,0.9975787,0.3301238,0.1287425,0.6744186,9.966509298952284
224.0,0.4821429,0.0,0.3169643,0.1982759,0.8125,0.0,0.6237624,0.0,0.039604,0.1788618,0.0,1.0,0.1788618,0.25,0.75,9.615805480084347
662.0,0.5045317,0.0,0.2386707,0.1859756,0.8096677,0.0,0.6179402,0.0033223,0.0299003,0.0766871,0.0,0.9900332,0.3588957,0.028169,0.5,9.61587214452889
49.0,0.4693878,0.0,0.2040816,0.1153846,0.8979592,0.0,0.75,0.0,0.0,0.0,0.0,1.0,0.15,0.0,0.0,9.70509758756311
7205.0,0.4778626,0.003331,0.1500347,0.1177565,0.8796669,0.0185982,0.7412837,0.0027734,0.0237718,0.0232198,0.001981,0.7733756,0.3452012,0.1310782,0.4166667,11.095908894882296
235.0,0.4425532,0.1829787,0.1574468,0.1374046,0.8297872,0.0425532,0.7078652,0.011236,0.0337079,0.1682243,0.1123596,0.988764,0.1028037,0.1666667,0.6666667,10.261196961231647
321.0,0.5015576,0.0,0.2087227,0.1625,0.8411215,0.0,0.637037,0.0,0.0148148,0.0425532,0.0,1.0,0.1560284,0.1428571,0.25,9.76428295481558
2001.0,0.4892554,0.0264868,0.137931,0.1262231,0.8425787,0.0449775,0.7466667,0.0026667,0.036,0.0384615,0.02,1.0,0.3076923,0.0625,0.5,10.7706090484022
267.0,0.4644195,0.0,0.1235955,0.1468531,0.8576779,0.0,0.6504854,0.0,0.0194175,0.1825397,0.0,0.9902913,0.2142857,0.2105263,0.8,9.65509029374725
7017.0,0.5555081,0.1158615,0.0009976,0.0028855,0.8392475,0.1506342,0.9651958,0.0006215,0.0080796,0.1423241,0.1199503,0.9552517,0.1716418,0.2333545,0.0,9.770013301136158
86905.0,0.4718601,0.0451067,0.1651343,0.1207896,0.6017836,0.0295725,0.4033437,0.00214,0.1007356,0.0605826,0.0356665,0.9128622,0.6947417,0.0298278,0.4289773,12.883092984807414
1827.0,0.4986316,0.0164204,0.0793651,0.0393013,0.9151615,0.0,0.8006814,0.0017036,0.0562181,0.2893462,0.0187394,0.9897785,0.2699758,0.0909091,0.8333333,11.481445117743048
161.0,0.5093168,0.0,0.068323,0.0506329,0.9130435,0.0,0.8545455,0.0363636,0.0727273,0.0178571,0.0,1.0,0.1785714,0.0,0.0,10.370392636243981
1545.0,0.4478964,0.581877,0.17411,0.1395076,0.82589,0.0977346,0.7654584,0.0042644,0.0149254,0.0785855,0.5245203,0.9978678,0.3614931,0.190184,1.0,10.192456296870509
1003.0,0.4845464,0.003988,0.1046859,0.098646,0.8973081,0.0,0.7611549,0.007874,0.023622,0.0592593,0.0052493,0.992126,0.1950617,0.0819672,1.0,10.5610334618531
465.0,0.4731183,0.0,0.2,0.1877551,0.8451613,0.0,0.641791,0.0,0.0,0.1927711,0.0,0.9850746,0.4618474,0.1296296,0.6666667,9.615805480084347
1497.0,0.4729459,0.0,0.243821,0.2040558,0.8162993,0.0307281,0.652381,0.0015873,0.0142857,0.0707965,0.0,0.9888889,0.2109145,0.0687023,0.8823529,9.99884318585288
1076.0,0.5120818,0.0009294,0.0864312,0.0304762,0.9061338,0.0,0.7735369,0.0025445,0.0305344,0.3460899,0.0025445,0.9440204,0.2795341,0.1428571,0.9772727,10.357774570341576
2024.0,0.4846838,0.187253,0.1289526,0.1083413,0.8913043,0.0,0.7343324,0.0040872,0.0299728,0.0637755,0.1771117,0.9482289,0.1798469,0.1445312,0.5,11.06195554002416
745.0,0.4711409,0.0013423,0.1785235,0.1116751,0.895302,0.0,0.7643312,0.0,0.0127389,0.0872093,0.0,0.9968153,0.3023256,0.0666667,0.4,10.073272520325904
39894.0,0.4837319,0.323031,0.1035995,0.0919111,0.8824385,0.0048128,0.728852,0.0033233,0.0471299,0.0307467,0.2652568,0.8453927,0.37694,0.1766876,0.5877863,11.860062063178267
257.0,0.4941634,0.0311284,0.0622568,0.0,0.9727626,0.0,0.9390244,0.0,0.0243902,0.0352941,0.0365854,0.9878049,0.0,0.1666667,0.0,11.121378054821049
74.0,0.4864865,0.0,0.1216216,0.1052632,0.8648649,0.0,0.7142857,0.0,0.0714286,0.1515152,0.0,1.0,0.0909091,0.0,0.0,9.615805480084347
672.0,0.4583333,0.0267857,0.1636905,0.1263736,0.8839286,0.0,0.7232472,0.0,0.0110701,0.0782313,0.0221402,0.9926199,0.3707483,0.0537634,1.0,10.214678610538817
410.0,0.4829268,0.0,0.2073171,0.1415094,0.8390244,0.0,0.6648352,0.0054945,0.021978,0.1455399,0.0,0.989011,0.2769953,0.030303,0.7142857,9.852246888342531
978.0,0.4805726,0.0,0.1973415,0.1318898,0.8507157,0.0112474,0.6834171,0.0050251,0.0175879,0.087156,0.0,1.0,0.2477064,0.0615385,0.75,10.221977646629885
186.0,0.5,0.0,0.2204301,0.1290323,0.8763441,0.0,0.7368421,0.0,0.0394737,0.1363636,0.0,1.0,0.1477273,0.1176471,0.6666667,9.908524844053396
2018.0,0.4910803,0.0024777,0.1333003,0.0749757,0.8800793,0.0,0.763583,0.0058737,0.0851689,0.0554785,0.0058737,0.9265786,0.3814147,0.1786942,0.0,11.773757787382696
15362.0,0.4825544,0.0630126,0.1399557,0.0934709,0.8649915,0.0342403,0.7594245,0.0010927,0.0342378,0.0255546,0.0579129,0.9867055,0.1749778,0.053542,0.4827586,11.763691965388299
2033.0,0.4313822,0.0865716,0.2720118,0.200692,0.7953763,0.0580423,0.6634845,0.00358,0.0155131,0.0969828,0.0727924,0.9916468,0.3221983,0.0714286,0.5555556,10.188704088048116
211.0,0.5260664,0.0,0.1374408,0.09,0.8909953,0.0,0.7125,0.0,0.0,0.1397849,0.0,0.975,0.3763441,0.1,1.0,9.615805480084347
36094.0,0.4522358,0.0067601,0.4208456,0.2142026,0.7585194,0.015986,0.5921136,0.0045985,0.0452952,0.1165448,0.0051158,0.9111916,0.5374264,0.084694,0.3397887,11.181653682515929
1471.0,0.5084976,0.971448,0.0401088,0.0414938,0.2664854,0.6417403,0.5477387,0.0100503,0.1557789,0.167364,0.9547739,0.9899497,0.3179916,0.1615385,1.0,9.735128070758227
682.0,0.4868035,0.0073314,0.1876833,0.1571429,0.8870968,0.0,0.7401575,0.003937,0.0314961,0.0522388,0.011811,0.996063,0.2910448,0.15,0.3333333,10.007892611890918
11194.0,0.4562265,0.0495801,0.2020725,0.1828487,0.8143648,0.0322494,0.6661038,0.003588,0.021106,0.0751513,0.0457999,0.9940903,0.3693149,0.0583208,0.472973,10.203629181337648
852.0,0.4776995,0.0011737,0.1596244,0.1438202,0.8720657,0.0,0.6996997,0.003003,0.021021,0.0876712,0.003003,0.981982,0.2931507,0.1294118,0.5,9.798182590890704
2336.0,0.5012842,0.0149829,0.1498288,0.0377682,0.9362158,0.0,0.8751346,0.0,0.0344456,0.0625631,0.0182992,0.9720129,0.0443996,0.060241,0.1304348,12.252961002410009
854.0,0.4789227,0.0035129,0.1370023,0.0426966,0.9601874,0.0,0.89701,0.0,0.0099668,0.0098684,0.0,0.9767442,0.0032895,0.2307692,1.0,12.11943029135234
881.0,0.4982974,0.0079455,0.0533485,0.0316742,0.9318956,0.0,0.838488,0.0034364,0.0378007,0.0582524,0.0068729,0.9965636,0.1294498,0.1864407,0.7142857,11.738474121698282
13422.0,0.4845031,0.0043958,0.2364774,0.105362,0.8059157,0.0030547,0.6641679,0.0041646,0.0772947,0.266406,0.0041646,0.9575212,0.4278382,0.0388626,0.278626,11.338583982516495
1797.0,0.4501948,0.0,0.1886477,0.1781377,0.8358375,0.0328325,0.6882759,0.0013793,0.0137931,0.137931,0.0,0.9972414,0.1973841,0.0558376,0.7692308,10.12667110305036
49832.0,0.4784877,0.0200674,0.1408131,0.1053948,0.8417483,0.0188634,0.6993474,0.0041912,0.0519391,0.070608,0.0186217,0.9606876,0.3675361,0.0696798,0.4517241,11.67335070422742
368.0,0.4782609,0.0,0.1847826,0.140625,0.826087,0.0,0.6178344,0.0,0.0254777,0.2189055,0.0,0.9808917,0.4378109,0.0909091,0.875,10.389026137075234
61.0,0.5409836,0.0491803,0.0491803,0.0357143,0.9508197,0.0,0.8571429,0.0714286,0.0714286,0.0,0.0714286,1.0,0.3571429,0.5,0.0,0.0
4517.0,0.4717733,0.0022139,0.1354882,0.1223806,0.877795,0.0524685,0.8166667,0.0026667,0.0213333,0.0335052,0.0013333,0.9926667,0.1385309,0.0472441,0.0833333,11.156264806643742
718.0,0.4791086,0.4331476,0.0584958,0.0828877,0.913649,0.0,0.7622951,0.0,0.0163934,0.0722433,0.3401639,0.9918033,0.3574144,0.1568627,0.0,10.422311107413181
1999.0,0.4947474,0.0015008,0.1010505,0.0841584,0.9074537,0.0,0.7912553,0.0084626,0.0394922,0.022069,0.0014104,0.9971791,0.1917241,0.1034483,0.1666667,10.537441898283253
980.0,0.477551,0.0,0.1173469,0.1191406,0.8887755,0.0,0.7284946,0.0026882,0.0107527,0.1308411,0.0,0.9946237,0.3761682,0.1694915,0.4,9.918425424900335
368.0,0.4945652,0.013587,0.1657609,0.1612903,0.9076087,0.0,0.7724138,0.0,0.0068966,0.0822785,0.0068966,0.9586207,0.3670886,0.1034483,0.0,9.893487720457795
6450.0,0.4922481,0.0075969,0.0499225,0.0290076,0.9111628,0.0,0.8137432,0.0040687,0.0578662,0.0242611,0.0072333,0.9841772,0.1971769,0.0850694,0.0,11.43281025466844
1100.0,0.4818182,0.0,0.1345455,0.1298246,0.8990909,0.0,0.7524038,0.0,0.0168269,0.0857143,0.0,0.9975962,0.2879121,0.1188811,0.6,10.158168529848494
527.0,0.4895636,0.0,0.1537002,0.0892193,0.8633776,0.0,0.6995074,0.0098522,0.0295567,0.0772727,0.0,1.0,0.2954545,0.0677966,0.6666667,10.114599007626499
3367.0,0.4591625,0.2043362,0.2625483,0.2317408,0.7695278,0.0596971,0.6173285,0.001444,0.0274368,0.14874,0.1956679,0.9126354,0.3263675,0.0997877,0.8,10.367253014814716
935.0,0.4877005,0.0042781,0.1721925,0.1628392,0.8106952,0.0,0.5882353,0.0,0.0409207,0.1213483,0.0025575,0.9923274,0.3797753,0.0948905,0.4,9.781376414141157
1107.0,0.4417344,0.4534779,0.1571816,0.1634304,0.8690154,0.0,0.6814988,0.0,0.0187354,0.0797414,0.4262295,0.9976581,0.2758621,0.1338583,1.0,10.094149233605084
212.0,0.4575472,0.0,0.1933962,0.1043478,0.9009434,0.0,0.7619048,0.0,0.0119048,0.1428571,0.0,1.0,0.2959184,0.1052632,0.5,9.615805480084347
11066.0,0.4645762,0.0005422,0.1715164,0.1299578,0.8027291,0.0230436,0.6419404,0.0036981,0.0454644,0.0470564,0.0004351,0.9984773,0.3397595,0.0504535,0.483871,10.416341118636355
6847.0,0.4540675,0.1910326,0.1995034,0.176565,0.8228421,0.0387031,0.6859565,0.003686,0.0272761,0.0579861,0.1629193,0.986362,0.3697917,0.0970425,0.3529412,10.416341118636355
6687.0,0.4837745,0.0481531,0.1483475,0.1022596,0.8206969,0.0034395,0.6454212,0.0014652,0.0582418,0.0305398,0.043956,0.9586081,0.4147727,0.0471464,0.8947368,12.292254928916668
279.0,0.5089606,0.0,0.1111111,0.0729927,0.9103943,0.0,0.7777778,0.0,0.0333333,0.0425532,0.0,0.8555556,0.393617,0.24,0.0,10.268165387743457
707.0,0.4936351,0.0014144,0.1301273,0.0977654,0.8458274,0.0,0.6961131,0.0106007,0.0600707,0.0958466,0.0,0.9611307,0.4217252,0.1428571,0.6363636,10.122663242288953
111.0,0.4774775,0.0,0.3153153,0.2241379,0.8288288,0.0,0.6603774,0.0,0.0188679,0.1311475,0.0,1.0,0.3114754,0.0,1.0,9.615805480084347
6041.0,0.463665,0.0014898,0.2135408,0.162037,0.8134415,0.0367489,0.6517041,0.0020781,0.0232751,0.0448591,0.0004156,0.9850374,0.3124256,0.058156,0.5333333,10.521399202410167
1938.0,0.5283798,0.0128999,0.125387,0.0743982,0.7033024,0.0263158,0.5518717,0.0053476,0.0898396,0.7966949,0.0064171,0.9967914,0.6096978,0.0221607,0.7704918,11.246365410473757
5604.0,0.4637759,0.0178444,0.175232,0.1407654,0.8467166,0.014454,0.6850575,0.0068966,0.0321839,0.0822785,0.0165517,0.9990805,0.2535865,0.0806011,0.4347826,10.060534035475412
340.0,0.5264706,0.0,0.1147059,0.0931677,0.9235294,0.0,0.7931034,0.0,0.0172414,0.0569106,0.0,0.8965517,0.3333333,0.2903226,0.5,10.428245666832275
13326.0,0.4772625,0.0085547,0.1604382,0.1019236,0.9057482,0.0112562,0.7921253,0.0008467,0.0198984,0.0355247,0.0050804,0.9729043,0.1580237,0.0876623,0.4468085,12.419573858556635
962.0,0.481289,0.0,0.1912682,0.1482966,0.8742204,0.0,0.7048346,0.0025445,0.0101781,0.1530172,0.0,0.9949109,0.3857759,0.1061947,0.7272727,10.056251557087757
2644.0,0.5230711,0.0363086,0.1289713,0.0650278,0.7972769,0.1062784,0.7997699,0.0023015,0.0632911,0.0125,0.0149597,0.9597238,0.1125,0.0655738,0.0,12.806284573911311
164.0,0.4756098,0.0,0.2134146,0.0930233,0.8597561,0.0,0.6969697,0.0,0.030303,0.175,0.0,1.0,0.25,0.25,1.0,9.615805480084347
15134.0,0.4805735,0.003502,0.1727237,0.1321715,0.8015065,0.0447337,0.6603047,0.0026787,0.0411853,0.0328692,0.0003348,0.9958145,0.3069948,0.042496,0.3617021,10.803669227477098
1263.0,0.5914489,0.1836896,0.0015835,0.005814,0.7513856,0.2470309,0.9925094,0.0,0.0,0.3325,0.1872659,0.9101124,0.2675,0.1931818,0.0,10.268165387743457
9983.0,0.4520685,0.0080136,0.2157668,0.185192,0.8042673,0.022338,0.6353158,0.0050715,0.0253573,0.0932274,0.0094514,0.9953896,0.4226589,0.0677475,0.3939394,10.169728906753061
156983.0,0.4714651,0.1915112,0.1373907,0.1030722,0.8064759,0.0439347,0.6667936,0.0028908,0.0550814,0.0579093,0.1741938,0.8684069,0.350424,0.110735,0.5129741,11.362114203075018
225.0,0.5155556,0.0,0.1422222,0.1376147,0.9111111,0.0,0.7682927,0.0,0.0121951,0.18,0.0,0.8902439,0.39,0.0,1.0,9.90353755128617
271.0,0.4686347,0.0,0.1808118,0.0833333,0.9298893,0.0,0.8118812,0.0,0.0,0.0900901,0.0,1.0,0.0990991,0.1578947,1.0,10.221977646629885
710.0,0.4943662,0.3690141,0.1112676,0.097493,0.8915493,0.0,0.7720588,0.0147059,0.0330882,0.1140065,0.3161765,0.9926471,0.2964169,0.2592593,0.75,10.540090836284206
1779.0,0.5030916,0.0016863,0.0803822,0.0554299,0.9021922,0.0,0.7676282,0.0048077,0.0416667,0.1223629,0.0016026,0.2596154,0.3909986,0.0827068,0.875,10.96302978336854
222.0,0.5585586,0.0,0.0540541,0.0306122,0.9144144,0.0,0.7534247,0.0,0.0136986,0.2912621,0.0,0.9863014,0.4174757,0.2307692,1.0,10.97679912709094
87.0,0.4827586,0.0,0.091954,0.0666667,0.9770115,0.0,0.9285714,0.0,0.0,0.1515152,0.0,1.0,0.3333333,0.0,1.0,9.615805480084347
1153.0,0.481353,0.0017346,0.1708586,0.1187291,0.859497,0.0260191,0.7212389,0.0,0.0132743,0.0583333,0.0,0.9977876,0.2,0.0288462,0.4,10.50783084142058
737.0,0.4735414,0.0,0.1641791,0.128866,0.8778833,0.0,0.7157895,0.0,0.0315789,0.1467066,0.0,0.9964912,0.3143713,0.1538462,0.6666667,10.354595018522993
669.0,0.4424514,0.0,0.2122571,0.1394102,0.8834081,0.0,0.7307692,0.0038462,0.0230769,0.057971,0.0,1.0,0.1847826,0.1851852,0.6666667,9.77571099759397
793.0,0.4854981,0.0,0.1311475,0.120098,0.8562421,0.0,0.6879195,0.0100671,0.0369128,0.1024096,0.0,0.9932886,0.2981928,0.0943396,0.8571429,10.691967639914864
1278.0,0.4640063,0.0054773,0.1901408,0.1927007,0.8458529,0.0,0.6639344,0.0081967,0.0430328,0.0757576,0.0040984,0.9959016,0.4450758,0.2010309,0.25,9.937937287265354
2572.0,0.4630638,0.257776,0.1582426,0.1506155,0.8639191,0.0299378,0.7337526,0.0031447,0.0136268,0.1174838,0.2285115,0.9842767,0.2812211,0.1605634,0.675,10.12667110305036
340.0,0.4764706,0.0,0.0441176,0.0449438,0.9617647,0.0,0.8829787,0.0,0.0212766,0.0208333,0.0,0.9893617,0.09375,0.4,0.0,10.2328272702548
8774.0,0.4750399,0.0002279,0.1656029,0.11637,0.8626624,0.0,0.6982734,0.0008491,0.0345316,0.0312586,0.000283,0.9790546,0.1785029,0.0182529,0.2222222,11.804855999911272
392.0,0.505102,0.0,0.0994898,0.056701,0.8954082,0.0,0.7847222,0.0208333,0.0416667,0.027027,0.0,1.0,0.2837838,0.125,0.0,10.579005242826247
1833.0,0.4784506,0.0,0.1745772,0.1631799,0.8603382,0.025641,0.7238913,0.0014306,0.0157368,0.0604839,0.0,0.9985694,0.3185484,0.1105263,0.5555556,10.090008612393838
4008.0,0.491018,0.000998,0.1182635,0.0764706,0.9111776,0.0,0.7967146,0.0047912,0.0246407,0.0318091,0.0013689,0.9979466,0.1457919,0.0798319,0.4,10.835671318412196
5120.0,0.4570312,0.2300781,0.215625,0.192446,0.8070313,0.0367188,0.6513189,0.0019185,0.0273381,0.1541582,0.2033573,0.9908873,0.3127789,0.1238671,0.704918,10.173552856959743
3386.0,0.4905493,0.0011813,0.0797401,0.0208696,0.9515653,0.0200827,0.9290323,0.0009217,0.0147465,0.0251572,0.0009217,0.997235,0.0116801,0.0666667,0.3333333,12.250572667806054
145.0,0.5448276,0.0,0.0482759,0.0151515,0.8206897,0.0,0.6666667,0.0196078,0.1568627,0.6772152,0.0,0.9803922,0.6139241,0.0,0.8,10.67130147767883
5416.0,0.4623338,0.0132939,0.1968242,0.1517857,0.7599705,0.0901034,0.6474786,0.0009515,0.0261656,0.0548561,0.0066603,0.9980971,0.3196942,0.0793413,0.6,10.281958234245314
4673.0,0.4654398,0.0143377,0.1581425,0.1196958,0.8591911,0.0,0.6965742,0.0065253,0.0429581,0.0401879,0.0114192,0.9956498,0.3011482,0.0653333,0.5,10.712215345197256
160.0,0.50625,0.0,0.11875,0.0886076,0.925,0.0,0.8166667,0.0,0.0166667,0.1044776,0.0,1.0,0.358209,0.1538462,1.0,9.615805480084347
3401.0,0.4630991,0.1990591,0.1446633,0.1380066,0.8726845,0.0,0.7076336,0.0045802,0.029771,0.0548341,0.1625954,0.9916031,0.3939394,0.1267606,0.6666667,10.184937747111391
3478.0,0.4611846,0.000575,0.1641748,0.124333,0.8372628,0.0,0.6638537,0.0049226,0.0464135,0.2654959,0.0007032,0.9957806,0.3207645,0.075,0.52,10.416341118636355
329.0,0.4316109,0.0,0.3525836,0.315508,0.7325228,0.1246201,0.6377953,0.0,0.007874,0.1533333,0.0,1.0,0.24,0.037037,1.0,9.615805480084347
911.0,0.4829857,0.0,0.1679473,0.1571125,0.8518112,0.0,0.6884817,0.0078534,0.0235602,0.0567901,0.0,0.9973822,0.2592593,0.0967742,0.5,10.275085591132715
1186.0,0.46543,0.0008432,0.2790894,0.1861199,0.841484,0.0,0.6531792,0.0038536,0.0096339,0.1051724,0.0,1.0,0.2724138,0.0677966,0.7916667,9.957075711706057
942.0,0.4957537,0.0318471,0.2165605,0.2042105,0.6008493,0.2324841,0.5981308,0.0,0.0654206,0.0474777,0.0186916,0.9968847,0.3353116,0.0190476,0.0,9.913487387114461
113.0,0.5486726,0.0,0.1946903,0.1764706,0.7876106,0.0,0.5925926,0.0,0.037037,0.0,0.0,0.9814815,0.3333333,0.0,0.0,10.407318772389159
1253.0,0.4596967,0.0,0.1372706,0.1048744,0.8842777,0.0,0.7465347,0.0039604,0.0257426,0.039924,0.0,0.9960396,0.1958175,0.0263158,0.5,10.322230781590136
30897.0,0.4854517,0.0526912,0.1100107,0.0893194,0.8695343,0.017348,0.7404883,0.0057117,0.0417319,0.0650301,0.0473515,0.7698756,0.3891473,0.1443106,0.3684211,10.968215530759236
3869.0,0.4882399,0.0064616,0.1367278,0.0747475,0.8668907,0.0,0.7315823,0.0044843,0.0442024,0.0200879,0.0044843,0.9948751,0.2504708,0.0444015,0.5,11.218567827096358
20585.0,0.4729658,0.0879281,0.1775079,0.1523643,0.8275929,0.0098615,0.6432202,0.0017733,0.0320369,0.0586468,0.0826339,0.9587422,0.3430892,0.0683713,0.2857143,10.685126264117057
1198.0,0.4782972,0.0033389,0.1594324,0.12,0.8222037,0.057596,0.6975717,0.0,0.013245,0.0542797,0.0,0.995585,0.2526096,0.0952381,0.3333333,10.344995251991222
1076.0,0.4776952,0.0855019,0.1421933,0.1423488,0.8866171,0.0,0.7240566,0.0,0.009434,0.0940171,0.0801887,0.9976415,0.3717949,0.0632911,0.8571429,10.169728906753061
232.0,0.4827586,0.0,0.137931,0.1166667,0.9224138,0.0,0.7977528,0.0,0.0,0.0918367,0.0,1.0,0.3163265,0.0588235,1.0,9.615805480084347
2508.0,0.4996013,0.0119617,0.0422648,0.0215139,0.9816587,0.0,0.9538867,0.002635,0.0079051,0.0416667,0.0118577,0.9920949,0.0050505,0.2222222,0.5217391,12.465359101477507
96.0,0.4791667,0.2708333,0.1875,0.14,0.8958333,0.0,0.7297297,0.0,0.0,0.075,0.2702703,0.972973,0.275,0.125,0.0,9.966509298952284
1409.0,0.5124202,0.0134847,0.1305891,0.0596798,0.8878637,0.0,0.7552987,0.0115607,0.0404624,0.1696,0.0154143,0.9499037,0.4512,0.12,1.0,11.286037411751035
228.0,0.4780702,0.0,0.2105263,0.1512605,0.8508772,0.0,0.65625,0.0,0.0104167,0.1724138,0.0,1.0,0.2155172,0.3125,0.6666667,9.615805480084347
1203.0,0.4912718,0.0008313,0.1978387,0.0980392,0.8985869,0.0008313,0.7760532,0.0022173,0.0399113,0.0259179,0.0,0.9955654,0.2915767,0.1445783,0.0,10.5506169722625
1809.0,0.4759536,0.0011056,0.1608624,0.0981013,0.8640133,0.0248756,0.7431457,0.002886,0.027417,0.0401662,0.0,1.0,0.2119114,0.0490798,0.3333333,10.599156550639583
7613.0,0.4396427,0.0130041,0.2030737,0.1622128,0.7680284,0.0266649,0.5793335,0.00428,0.0479976,0.0659623,0.0103944,0.9911342,0.3446602,0.0524691,0.4074074,10.725489582719506
36176.0,0.4906568,0.294477,0.0409387,0.036633,0.9460969,0.0028748,0.8714484,0.0032051,0.0246881,0.0649603,0.2788462,0.9261954,0.0895837,0.1772217,0.4268775,11.017004873924424
1007.0,0.4309831,0.0158888,0.1598808,0.1448517,0.9036743,0.0,0.7512821,0.0,0.0,0.0692124,0.0076923,0.9897436,0.2529833,0.133758,0.0,10.576457535657255
655.0,0.4778626,0.080916,0.2122137,0.1695906,0.8519084,0.0,0.6740741,0.0037037,0.0185185,0.10299,0.0666667,0.9518519,0.3554817,0.1125,1.0,10.098272780745283
7146.0,0.5184719,0.0040582,0.0573748,0.0520198,0.9743913,0.0,0.9194673,0.0019023,0.0177552,0.0442424,0.005707,0.1794547,0.569697,0.5007013,0.7894737,11.319352851746254
7978.0,0.4715468,0.0094009,0.1906493,0.1264231,0.8561043,0.0256957,0.7399351,0.0038961,0.0347403,0.058104,0.0081169,0.9633117,0.1996942,0.0998865,0.5348837,10.860939421415225
523.0,0.4646272,0.2715105,0.2256214,0.1821429,0.8699809,0.0,0.7,0.0,0.0090909,0.1020408,0.2409091,0.9954545,0.2122449,0.0857143,0.5,10.370392636243981
312.0,0.5096154,0.0,0.1314103,0.0326797,0.8717949,0.0,0.7560976,0.0081301,0.0731707,0.0610687,0.0,0.9918699,0.2748092,0.1333333,1.0,9.615805480084347
129.0,0.5348837,0.0,0.2015504,0.0666667,0.875969,0.0,0.7333333,0.0222222,0.0666667,0.1346154,0.0,1.0,0.1538462,0.1428571,0.5,9.615805480084347
765.0,0.4928105,0.0,0.0915033,0.0489691,0.9267974,0.0,0.8196078,0.0039216,0.0235294,0.0449438,0.0,0.9921569,0.2846442,0.0843373,0.0,10.419330568113901
2568.0,0.4665109,0.0015576,0.1748442,0.1554745,0.8017913,0.0299844,0.6490196,0.0088235,0.0529412,0.1680261,0.0,0.9990196,0.3662316,0.0555556,0.65,10.31231367277647
3841.0,0.452226,0.3637074,0.1556886,0.1563688,0.832075,0.0325436,0.6699029,0.0034674,0.0277393,0.1281741,0.3037448,0.9930652,0.3663845,0.1199324,0.7741935,10.030164255362632
139426.0,0.4748038,0.1496708,0.1472824,0.105509,0.8160458,0.0284811,0.6648188,0.0041212,0.0489068,0.0568741,0.1254035,0.9710607,0.3196609,0.0722641,0.3931624,10.633472802314019
2470.0,0.4906883,0.0109312,0.0315789,0.036566,0.9186235,0.0,0.822619,0.0047619,0.0511905,0.0572391,0.0107143,0.977381,0.1459035,0.0714286,0.1111111,11.325402403776808
7470.0,0.4657296,0.0025435,0.193842,0.1653721,0.81834,0.0393574,0.6700371,0.0030334,0.0222447,0.0733916,0.000337,0.9959555,0.3407245,0.083045,0.64,10.177362240256695
21184.0,0.4901813,0.0027379,0.1635196,0.08,0.9054475,0.0112349,0.7860925,0.0015329,0.0260591,0.0326233,0.0027871,0.9845318,0.1476139,0.1061747,0.6376812,11.296024885689746
5035.0,0.4933466,0.0033764,0.1455809,0.0627205,0.8879841,0.0,0.7887479,0.0022063,0.0656371,0.0417548,0.0016547,0.9817981,0.0977801,0.075,0.3125,13.122367377396328
731.0,0.4391245,0.0383037,0.2777018,0.2073171,0.8290014,0.0478796,0.6774194,0.0,0.0,0.2184874,0.0394265,0.7204301,0.464986,0.1176471,0.6,9.615805480084347
27256.0,0.4468374,0.2088714,0.2217493,0.1861113,0.7822131,0.0327634,0.6134672,0.0025094,0.0293601,0.0908745,0.1849435,0.9956504,0.4060076,0.0586725,0.5668449,10.106469212026385
217.0,0.4654378,0.0046083,0.1612903,0.0775862,0.8709677,0.0,0.7472527,0.0,0.0549451,0.3851351,0.010989,0.989011,0.4391892,0.0,0.6666667,10.604131561522696
2463.0,0.4884287,0.2659359,0.1465692,0.1579365,0.8270402,0.0584653,0.7092511,0.003304,0.0121145,0.092,0.2246696,0.9988987,0.293,0.1204819,0.7,10.285376924115587
557.0,0.513465,0.0125673,0.0951526,0.0295203,0.9533214,0.0,0.8870968,0.0,0.0268817,0.03125,0.0107527,0.9784946,0.0833333,0.0833333,0.5,11.075985169527042
641.0,0.4602184,0.0015601,0.1903276,0.1820809,0.8268331,0.0,0.620438,0.0,0.0182482,0.2346369,0.0036496,0.9927007,0.4664804,0.0714286,0.5,9.615805480084347
59.0,0.4915254,0.0,0.3728814,0.2666667,0.7627119,0.0,0.5333333,0.0,0.0,0.3333333,0.0,1.0,0.3333333,0.1111111,1.0,9.615805480084347
7099.0,0.5044372,0.0202845,0.0655022,0.0483229,0.8858994,0.0,0.7430121,0.0070922,0.0600751,0.0559275,0.0204422,0.7768043,0.3840095,0.1106821,0.5230769,11.636920278634463
6292.0,0.4663064,0.0006357,0.1242848,0.0893389,0.9025747,0.0125556,0.7919348,0.003861,0.015015,0.0411353,0.000429,0.993994,0.1925134,0.0763636,0.2058824,10.604131561522696
49381.0,0.4762966,0.0590308,0.158968,0.129036,0.7498228,0.0821369,0.6403558,0.0025921,0.0522999,0.0737253,0.0519949,0.9949174,0.3673556,0.048522,0.4552239,10.609081944147828
9108.0,0.4759552,0.0822354,0.1247255,0.1043369,0.7901845,0.0107598,0.621204,0.003463,0.0679275,0.0532156,0.0732552,0.9174214,0.5031526,0.0798611,0.5769231,12.241444615610645
1190.0,0.4680672,0.0058824,0.1361345,0.0900474,0.8915966,0.0,0.7297921,0.0,0.0207852,0.0668103,0.0,0.9907621,0.3469828,0.0322581,0.3333333,13.122367377396328
918.0,0.4912854,0.0,0.1525054,0.1349036,0.8572985,0.0,0.679558,0.0055249,0.0331492,0.1213592,0.0,0.9889503,0.4126214,0.1037736,0.3333333,10.268165387743457
562.0,0.519573,0.0,0.1743772,0.1666667,0.8754448,0.0,0.6872038,0.0047393,0.014218,0.3527607,0.0,0.9810427,0.2852761,0.2173913,0.6666667,9.758519582283522
1284.0,0.508567,0.0,0.088785,0.0602219,0.9392523,0.0,0.8637413,0.0069284,0.034642,0.2376761,0.0,0.9976905,0.3380282,0.09375,0.625,11.007103966325696
735.0,0.4870748,0.1863946,0.1578231,0.1193634,0.8734694,0.0,0.7116788,0.0036496,0.0474453,0.1132686,0.1605839,0.9343066,0.3106796,0.1538462,0.0,10.114599007626499
1084.0,0.4298893,0.00369,0.3551661,0.2993528,0.6928044,0.1337638,0.588785,0.0023364,0.0280374,0.0989474,0.0023364,0.9976636,0.44,0.0869565,0.2307692,9.711176264112805
1571.0,0.4417568,0.0038192,0.2845321,0.2668187,0.529599,0.1273074,0.4210526,0.0067476,0.120108,0.2091782,0.0013495,0.9973009,0.7139808,0.009311,0.3333333,11.202329530346486
3843.0,0.502472,0.3778298,0.0127505,0.0193515,0.9274005,0.0202966,0.8678161,0.0041051,0.0254516,0.0903659,0.3563218,0.8990148,0.4137416,0.1525941,1.0,11.307142836927456
311.0,0.5016077,0.1543408,0.1639871,0.1483871,0.8617363,0.0,0.699187,0.0081301,0.0406504,0.1689189,0.1219512,1.0,0.4662162,0.1363636,0.0,9.615805480084347
2601.0,0.4721261,0.0011534,0.1491734,0.1310998,0.8769704,0.0,0.7121364,0.004012,0.0230692,0.0725581,0.001003,1.0,0.2623256,0.1433824,0.6470588,9.975854724662028
22965.0,0.4858698,0.0081428,0.1519704,0.096807,0.8378402,0.0020466,0.6927906,0.0032437,0.0658156,0.2147728,0.0060689,0.9746782,0.2950456,0.0458937,0.3206107,11.457423325808623
1419.0,0.4411557,0.0021142,0.2621564,0.2181589,0.794926,0.0993658,0.7330754,0.0019342,0.0174081,0.0189753,0.0019342,1.0,0.1593928,0.0721649,0.0,10.379752786950895
1252.0,0.4768371,0.0,0.10623,0.0931298,0.8825879,0.0119808,0.7654867,0.0044248,0.0486726,0.0543933,0.0,0.9867257,0.3012552,0.0347222,0.0,10.992066340225865
774.0,0.4379845,0.3113695,0.2015504,0.1333333,0.8837209,0.0,0.7118644,0.0,0.0169492,0.095092,0.2677966,1.0,0.3067485,0.1290323,1.0,9.94755228369823
61766.0,0.4863193,0.0136645,0.0865687,0.0734682,0.8837548,0.012515,0.7636111,0.0021026,0.0410683,0.0502231,0.0121237,0.9890842,0.2234119,0.0378758,0.3552124,11.486591756518374
176.0,0.5340909,0.0,0.1136364,0.0731707,0.8409091,0.0,0.68,0.0133333,0.0266667,0.0384615,0.0,0.9866667,0.3717949,0.037037,0.0,10.254179634797001
7607.0,0.494413,0.0002629,0.1075325,0.0852834,0.9012751,0.0061785,0.7684022,0.0014363,0.0165171,0.1563163,0.0003591,0.8678636,0.3326265,0.1231979,0.7264957,10.305647203635566
451.0,0.4833703,0.0,0.1840355,0.111588,0.8447894,0.0,0.6631579,0.0,0.0210526,0.1479821,0.0,0.8894737,0.1973094,0.1372549,0.0,9.615805480084347
3995.0,0.5138924,0.0077597,0.1081352,0.0875386,0.7654568,0.0,0.5585168,0.0052144,0.0816918,0.0395103,0.00927,0.8835458,0.6816917,0.0683483,1.0,11.697752214480175
5288.0,0.4570726,0.0958775,0.1993192,0.1755486,0.862708,0.0071861,0.6990468,0.0,0.0104403,0.0790134,0.0898774,0.9981843,0.3185619,0.0779944,0.4583333,10.094149233605084
516.0,0.4573643,0.0,0.1104651,0.1,0.8856589,0.0,0.7365591,0.0,0.0430108,0.0837438,0.0,1.0,0.226601,0.125,1.0,10.422311107413181
14804.0,0.4687247,0.0272899,0.1773169,0.1418945,0.8298433,0.0405971,0.6961112,0.0031673,0.0255147,0.1359282,0.0223474,0.9577688,0.3600426,0.1134718,0.4621849,10.510559281627845
2195.0,0.4660592,0.0004556,0.2328018,0.1919795,0.8250569,0.0441913,0.6811927,0.0011468,0.0103211,0.1120163,0.0,0.9988532,0.3482688,0.0543478,0.6,9.888424674859083
475.0,0.4947368,0.0,0.0947368,0.075,0.9221053,0.0,0.8148148,0.0123457,0.0308642,0.0795455,0.0,0.8395062,0.3920455,0.1071429,0.0,10.571342565808699
2108.0,0.5023719,0.0090133,0.0868121,0.0409914,0.9516129,0.0,0.8830812,0.002751,0.0192572,0.09125,0.0068776,0.9807428,0.06375,0.1219512,0.6571429,11.425197467633199
1364.0,0.4926686,0.1561584,0.1297654,0.1112717,0.9017595,0.0,0.7753906,0.0097656,0.0234375,0.0840787,0.1308594,0.9960938,0.2647585,0.1097561,0.4,10.422311107413181
3200.0,0.7165625,0.136875,0.125625,0.1653804,0.4425,0.46,0.6473755,0.0067295,0.0578735,0.0449871,0.0013459,0.9959623,0.2686375,0.0180723,0.1666667,11.104972264124868
2219.0,0.4587652,0.1388013,0.2410996,0.2164863,0.8003605,0.0635421,0.6643026,0.001182,0.0153664,0.1224066,0.1193853,0.9763593,0.3485477,0.1019737,0.65,10.118639253920785
198.0,0.510101,0.0,0.2020202,0.1443299,0.8535354,0.0,0.6904762,0.0,0.0357143,0.1157895,0.0,1.0,0.3684211,0.0769231,0.0,9.615805480084347
4782.0,0.4594312,0.181514,0.1461731,0.149323,0.8636554,0.024885,0.7290724,0.0050905,0.0226244,0.129064,0.1493213,0.9932127,0.3566502,0.1169591,0.6521739,10.199918739620157
111.0,0.4504505,0.0,0.2792793,0.1967213,0.8018018,0.0,0.6,0.0,0.0,0.2253521,0.0,1.0,0.2957746,0.0,1.0,9.615805480084347
11439.0,0.4813358,0.0054201,0.136463,0.0938817,0.881633,0.0081301,0.7592549,0.0009432,0.0363122,0.019422,0.0049517,0.9813723,0.1884393,0.0626204,0.4054054,12.234664961456772
129.0,0.4883721,0.0,0.2093023,0.1060606,0.8992248,0.0,0.8113208,0.0188679,0.0377358,0.171875,0.0,1.0,0.1875,0.0,0.8,9.69898173460629
2815.0,0.4579041,0.6110124,0.1168739,0.1120577,0.8809947,0.0,0.7348928,0.005848,0.0506823,0.0714932,0.5555556,0.9961014,0.3520362,0.1828909,0.5833333,10.318935994253193
1392.0,0.4525862,0.5596264,0.1882184,0.1732283,0.8412356,0.0,0.6428571,0.0017422,0.0243902,0.1381381,0.5,0.9912892,0.2747748,0.1341991,0.4666667,10.357774570341576
1486.0,0.4912517,0.0060565,0.1130552,0.0634921,0.9279946,0.0,0.8178368,0.0,0.0189753,0.025878,0.0018975,0.9943074,0.1404806,0.1130435,0.75,10.729875458480967
365.0,0.4986301,0.0,0.2027397,0.1584699,0.8547945,0.0,0.6950355,0.0070922,0.0283688,0.0662252,0.0,1.0,0.3112583,0.1176471,0.0,10.315630315397533
1766.0,0.4937712,0.0050963,0.1189128,0.0436242,0.916761,0.0,0.8236173,0.0059791,0.0358744,0.1401028,0.0029895,0.9536622,0.2840617,0.1009174,0.3913043,10.915106645867503
716.0,0.4608939,0.0,0.2039106,0.1709845,0.8575419,0.0,0.6780822,0.0034247,0.0239726,0.0201342,0.0,1.0,0.2449664,0.0379747,0.0,10.332050506334692
59.0,0.5254237,0.0,0.2542373,0.0714286,0.9322034,0.0,0.875,0.0,0.0416667,0.1111111,0.0,0.9583333,0.4074074,0.0,0.0,10.288783966353765
1904.0,0.457458,0.5966387,0.1118697,0.0968054,0.8571429,0.0598739,0.7638191,0.0050251,0.0083752,0.119469,0.5393635,0.9949749,0.2536873,0.2635135,1.0,10.480129006333248
122.0,0.5081967,0.3032787,0.2131148,0.1833333,0.852459,0.0,0.6792453,0.0,0.0188679,0.0363636,0.2641509,1.0,0.3454545,0.1428571,0.0,10.463131911491967
160.0,0.48125,0.0,0.125,0.1325301,0.85625,0.0,0.6507937,0.0,0.015873,0.3823529,0.0,0.984127,0.254902,0.1428571,0.0,10.370392636243981
574.0,0.4581882,0.0,0.2700348,0.221865,0.7735192,0.0,0.5488722,0.0,0.0300752,0.1133333,0.0,1.0,0.5633333,0.0615385,1.0,9.615805480084347
3209.0,0.4689935,0.0015581,0.5151137,0.1889671,0.7796821,0.0,0.6489659,0.000559,0.0402459,0.4815995,0.000559,0.9865847,0.5470878,0.008,0.5586207,12.385477452742727
1403.0,0.486814,0.0035638,0.2615823,0.1819444,0.8132573,0.044191,0.6619217,0.0017794,0.0124555,0.1561562,0.0017794,0.9626335,0.3228228,0.1714286,0.8333333,10.36410350510914
1507.0,0.4651626,0.0053086,0.3437293,0.1290323,0.8135368,0.0,0.6867978,0.008427,0.0646067,0.5766944,0.0014045,0.9901685,0.3900119,0.0909091,0.3529412,11.068215243411098
7938.0,0.5297304,0.0021416,0.0501386,0.0492901,0.9382716,0.0149912,0.8987486,0.0062571,0.0352673,0.0330033,0.0017065,0.0534699,0.5792079,0.4622871,0.5,10.7706090484022
2400.0,0.4975,0.0033333,0.1129167,0.0820896,0.9016667,0.055,0.8783977,0.0028612,0.0214592,0.0291667,0.0014306,0.9971388,0.1152778,0.1794872,0.8571429,11.017004873924424
3695.0,0.4930988,0.0008119,0.0741543,0.0315003,0.9461434,0.0032476,0.875,0.0066667,0.0225,0.0453461,0.0008333,0.9975,0.1424025,0.0652174,0.25,10.904137815028022
791.0,0.4879899,0.0,0.1997472,0.1555556,0.8710493,0.0,0.7138365,0.009434,0.0251572,0.045045,0.0,0.9937107,0.1981982,0.0535714,0.5,10.55843949396453
2698.0,0.4966642,0.0007413,0.1282431,0.0758468,0.9369904,0.0,0.8549784,0.0,0.030303,0.0138741,0.0010823,0.9859307,0.0352188,0.1034483,0.5,12.313136210176474
2075.0,0.4857831,0.0009639,0.140241,0.099344,0.8168675,0.0212048,0.6584464,0.0098644,0.0517879,0.049238,0.001233,0.9975339,0.4314185,0.0496689,0.0,10.768506042432708
54780.0,0.4714494,0.1147682,0.1409091,0.10306,0.853943,0.0395947,0.7460495,0.0052317,0.0428678,0.0417434,0.0981209,0.8080824,0.3330776,0.125364,0.6222222,11.101960259016467
66462.0,0.4809365,0.0105173,0.1445337,0.0983245,0.8117872,0.0261202,0.6777246,0.007738,0.0658495,0.0415963,0.0085041,0.9706187,0.3887216,0.0966573,0.2850242,11.223922520551032
103.0,0.5339806,0.0,0.1747573,0.0833333,0.8543689,0.0,0.6153846,0.0,0.0,0.2352941,0.0,1.0,0.2156863,0.3076923,0.0,9.615805480084347
267.0,0.5430712,0.0,0.0674157,0.0409836,0.9550562,0.0,0.85,0.0,0.0,0.1578947,0.0,1.0,0.2947368,0.1666667,0.6666667,10.221977646629885
660.0,0.430303,0.0,0.2212121,0.0585106,0.7575758,0.1636364,0.7765363,0.0,0.0391061,0.1005025,0.0,1.0,0.3467337,0.2222222,0.0,10.308985993422082
244.0,0.4918033,0.0,0.1680328,0.1532258,0.8811475,0.0,0.7096774,0.0,0.0215054,0.0882353,0.0,1.0,0.127451,0.1176471,0.6666667,9.97119292889014
2681.0,0.4953376,0.000746,0.0686311,0.0613452,0.9429317,0.0123088,0.8575096,0.0,0.0077022,0.1177803,0.0,0.9178434,0.4156285,0.2704082,0.6666667,10.460270761075149
3469.0,0.5246469,0.0080715,0.0337273,0.0400243,0.8645143,0.0092246,0.694051,0.0075543,0.0830973,0.1055743,0.0113314,0.9641171,0.7195946,0.1691678,0.5,10.579005242826247
2063.0,0.5021813,0.0058168,0.1400873,0.0817916,0.8933592,0.0,0.7638191,0.0025126,0.0339196,0.1959596,0.0075377,0.8680905,0.4393939,0.0837989,0.8235294,10.849356503939038
1178.0,0.4482173,0.0,0.1910017,0.2015385,0.8327674,0.0339559,0.6832972,0.0043384,0.0195228,0.078,0.0,0.9978308,0.414,0.0844156,0.1666667,9.692828247710418
2937.0,0.4439905,0.0,0.3261832,0.2461727,0.7708546,0.0623085,0.6290707,0.0015886,0.0166799,0.1771242,0.0,0.9698173,0.330719,0.0666667,0.8135593,9.87822102528824
7332.0,0.4605837,0.0046372,0.2588652,0.1514539,0.8361975,0.0188216,0.6909564,0.0006506,0.031555,0.0381727,0.0045543,0.9928432,0.2005632,0.0194064,0.5833333,11.382828169079987
443.0,0.462754,0.3882619,0.0880361,0.1176471,0.9006772,0.0180587,0.7919463,0.0,0.0201342,0.0628931,0.3355705,0.9932886,0.2138365,0.15625,0.0,10.328787967145063
115.0,0.5565217,0.0,0.2869565,0.2156863,0.773913,0.0,0.5686275,0.0196078,0.0588235,0.0892857,0.0,1.0,0.3571429,0.0666667,1.0,9.615805480084347
1922.0,0.4562955,0.0015609,0.3074922,0.2143541,0.7684703,0.0509886,0.6176471,0.0061275,0.0355392,0.1149675,0.0,0.9938725,0.2375271,0.0552764,0.75,10.034559673629849
2143.0,0.4633691,0.0,0.2571162,0.1913043,0.7937471,0.0466636,0.6422222,0.0011111,0.0211111,0.0435707,0.0,0.9977778,0.3007439,0.0384615,0.375,10.382853468483827
227.0,0.4801762,0.0,0.1497797,0.1440678,0.8854626,0.0,0.7222222,0.0,0.0111111,0.1509434,0.0,1.0,0.2830189,0.1578947,1.0,9.615805480084347
714.0,0.4565826,0.0014006,0.3193277,0.2345361,0.7787115,0.0588235,0.6398714,0.0,0.0128617,0.0879765,0.0,1.0,0.2170088,0.0689655,0.8181818,9.615805480084347
1966.0,0.4898271,0.1225839,0.1098678,0.0907278,0.9140387,0.0,0.8156425,0.0041899,0.0349162,0.0427807,0.1019553,0.9986034,0.2459893,0.1347518,0.6,10.647826772357497
8437.0,0.4761171,0.0027261,0.1658172,0.1011312,0.7813204,0.0242977,0.6273625,0.0073343,0.074189,0.136419,0.0022567,0.9861777,0.4730816,0.0756098,0.516129,10.893047333337728
388.0,0.4742268,0.0,0.1984536,0.1470588,0.8737113,0.0,0.6862745,0.0,0.0065359,0.0838323,0.0,1.0,0.1616766,0.0789474,1.0,10.12667110305036
1097.0,0.4931632,0.0,0.1859617,0.1348921,0.8195077,0.0556062,0.7254408,0.0151134,0.0503778,0.0221675,0.0,1.0,0.362069,0.0294118,0.0,10.675931008412125
83.0,0.5301205,0.0,0.313253,0.2564103,0.8072289,0.0,0.5897436,0.0,0.0,0.25,0.0,1.0,0.3461538,0.0,0.0,9.615805480084347
1063.0,0.4703669,0.0056444,0.1345249,0.1190053,0.89746,0.0,0.7561576,0.0049261,0.0221675,0.0536131,0.0073892,0.9950739,0.2517483,0.1,0.75,10.184937747111391
2438.0,0.4967186,0.2030353,0.1218212,0.1083945,0.7079573,0.0,0.4987234,0.0017021,0.0859574,0.0834633,0.1880851,0.9931915,0.5288612,0.0303514,0.4444444,10.518700218288165
1144.0,0.4676573,0.0,0.2386364,0.1658456,0.8251748,0.0,0.6316832,0.0,0.0257426,0.1061947,0.0,1.0,0.2955752,0.0273973,1.0,10.305647203635566
246.0,0.4918699,0.0,0.1219512,0.168,0.8861789,0.0,0.7391304,0.0217391,0.0217391,0.2068966,0.0,0.9782609,0.3017241,0.2916667,1.0,9.615805480084347
623.0,0.4398074,0.0,0.3258427,0.2234957,0.7287319,0.0754414,0.5622642,0.0,0.0226415,0.1107383,0.0,0.9924528,0.409396,0.0606061,1.0,9.989711119284745
805.0,0.4447205,0.0,0.2782609,0.212528,0.7627329,0.1180124,0.7027027,0.0033784,0.0202703,0.0632911,0.0,1.0,0.2658228,0.0490196,0.5,10.344995251991222
7094.0,0.4887229,0.1955173,0.1229208,0.0964985,0.889625,0.0,0.7507541,0.0056561,0.0350679,0.092713,0.1760935,0.9954751,0.3058502,0.1359223,0.4444444,10.36410350510914
2458.0,0.4666395,0.002441,0.0630594,0.0655988,0.8828316,0.0158666,0.7303797,0.0037975,0.035443,0.0856481,0.0037975,0.9974684,0.4097222,0.1578947,1.0,9.711176264112805
3016.0,0.4970159,0.0142573,0.0626658,0.0375742,0.928382,0.0,0.8435805,0.0009042,0.0316456,0.0530822,0.0135624,0.9918626,0.0616438,0.1041667,0.2333333,11.381688580803818
4331.0,0.4883399,0.0163934,0.1311475,0.0947653,0.8531517,0.002078,0.6889518,0.0028329,0.0396601,0.0469762,0.0152975,0.996034,0.3601512,0.0245399,0.3333333,10.422311107413181
2443.0,0.482194,0.0028653,0.1105199,0.0766798,0.8235776,0.0094147,0.6846071,0.007535,0.0968784,0.082922,0.0032293,0.926803,0.3928924,0.083004,0.4117647,11.731265497840116
14865.0,0.4580558,0.450925,0.1700639,0.1587637,0.8366633,0.0388833,0.6953425,0.0025571,0.0257534,0.0920398,0.390137,0.9930594,0.3482587,0.1426901,0.5641026,10.254179634797001
2133.0,0.4791374,0.0004688,0.1500234,0.0648065,0.9376465,0.0,0.8418972,0.0013175,0.0131752,0.0318878,0.0013175,0.9947299,0.0242347,0.0740741,0.0,11.633380483255026
396.0,0.4974747,0.0,0.2272727,0.1708543,0.8333333,0.0,0.6477273,0.0,0.0227273,0.3043478,0.0,0.9943182,0.3596838,0.1666667,0.8888889,9.615805480084347
2269.0,0.4504187,0.6262671,0.1538123,0.159583,0.8669017,0.0123402,0.7,0.002381,0.022619,0.1428571,0.5654762,0.9988095,0.3204082,0.1406844,0.8,9.994287576862567
42785.0,0.4673601,0.067547,0.190277,0.1587169,0.7861867,0.0369989,0.6239923,0.003326,0.0413778,0.070283,0.0539489,0.9884435,0.4209644,0.0517417,0.4660633,10.721084386282662
1555.0,0.4745981,0.0006431,0.140836,0.0905753,0.8540193,0.0,0.6890344,0.00491,0.0474632,0.117052,0.0,0.9983633,0.3482659,0.0735931,0.4,10.809748150372926
9996.0,0.4751901,0.007603,0.1882753,0.1366756,0.8779512,0.0,0.7270152,0.0015452,0.0337368,0.0543108,0.0074685,0.9441154,0.3407209,0.0547786,0.6538462,12.14844882928968
15597.0,0.4906713,0.0017952,0.1213695,0.0862286,0.9305636,0.0012823,0.8351539,0.0011917,0.0313803,0.0217602,0.0011917,0.9821251,0.1088012,0.0701169,0.52,12.042971193457888
2715.0,0.492081,0.0662983,0.1285451,0.0725163,0.947698,0.0,0.8719262,0.0020492,0.0143443,0.024975,0.0512295,0.9590164,0.027972,0.1578947,0.4545455,11.154835234271214
1312.0,0.4634146,0.0022866,0.2012195,0.1505682,0.8864329,0.0,0.7434457,0.0074906,0.0149813,0.1456,0.0037453,0.9962547,0.368,0.0987654,0.0,10.36410350510914
134.0,0.4179104,0.0,0.0970149,0.0769231,0.8955224,0.0,0.76,0.02,0.02,0.1525424,0.0,1.0,0.2881356,0.3333333,0.0,10.138599199626192
3271.0,0.4344237,0.9807398,0.0804035,0.092973,0.9269337,0.0,0.8080073,0.0018198,0.0236579,0.1533128,0.977252,0.9963603,0.366718,0.1438515,0.0,10.315630315397533
283.0,0.5017668,0.0,0.2650177,0.1843972,0.8268551,0.0,0.625,0.0,0.025,0.1111111,0.0,1.0,0.3333333,0.125,0.0,9.729193687429403
2184.0,0.4500916,0.0013736,0.2289377,0.1906744,0.8644689,0.0,0.6954148,0.0021834,0.0120087,0.1455224,0.0021834,0.9923581,0.2117537,0.0657895,0.826087,9.994287576862567
1402.0,0.4643367,0.0,0.2118402,0.1358189,0.8544936,0.0,0.6786942,0.0017182,0.0274914,0.0805687,0.0,0.9948454,0.2369668,0.084507,0.5,9.961803629358965
5153.0,0.5819911,0.1826121,0.0019406,0.003714,0.7983699,0.191733,0.9618974,0.0,0.0015552,0.0272315,0.1866252,0.9004666,0.2208775,0.121875,0.0,10.566201298475118
2057.0,0.4773943,0.0136121,0.2620321,0.1116279,0.9013126,0.0,0.7806005,0.0,0.0150115,0.0302352,0.0127021,0.9976905,0.0615901,0.0588235,0.5454545,10.915106645867503
61.0,0.4754098,0.0,0.1311475,0.0,0.8852459,0.0,0.9130435,0.0434783,0.0869565,0.0,0.0,1.0,0.0434783,0.25,0.0,11.421917019425596
270.0,0.4296296,0.0148148,0.3592593,0.3701299,0.5814815,0.3888889,0.8709677,0.0,0.0,0.0882353,0.0,0.983871,0.0882353,0.0,1.0,13.122367377396328
11859.0,0.4695168,0.0009276,0.156337,0.1238277,0.8354836,0.0161059,0.6807492,0.0064516,0.0353798,0.0704198,0.0002081,0.992924,0.2927065,0.0681942,0.5964912,10.250652418696085
85.0,0.5176471,0.0,0.2352941,0.195122,0.8235294,0.0,0.6153846,0.0,0.0,0.1136364,0.0,1.0,0.3409091,0.0,0.0,9.615805480084347
8152.0,0.4916585,0.0837831,0.1247547,0.0955598,0.8485034,0.0012267,0.687751,0.002008,0.0676037,0.0544304,0.0813253,0.7346051,0.4607595,0.1304348,0.3461538,12.3000228100237
2039.0,0.5125061,0.007847,0.0480628,0.0352113,0.8945562,0.0,0.7606461,0.0088106,0.0646109,0.1466165,0.0088106,0.989721,0.3947368,0.1678832,0.8823529,10.904137815028022
1652.0,0.4806295,0.12954,0.1349879,0.1258741,0.8050847,0.0,0.6168478,0.0040761,0.0502717,0.0636132,0.107337,0.9972826,0.4198473,0.0371517,0.9,10.795506083434564
3171.0,0.4919584,0.0025229,0.1469568,0.069522,0.8877326,0.0,0.7616624,0.0016964,0.0542833,0.3192841,0.0016964,0.9957591,0.2540416,0.045,0.21875,11.982310152711182
6669.0,0.477133,0.0008997,0.1773879,0.100086,0.91438,0.0031489,0.795082,0.0012295,0.0151639,0.021652,0.0004098,0.9963115,0.0513232,0.0909091,0.3076923,11.107975224295076
462.0,0.5021645,0.1168831,0.1233766,0.1217391,0.8528139,0.0,0.6898396,0.0053476,0.0320856,0.1302326,0.0855615,1.0,0.4697674,0.1294118,0.0,10.090008612393838
24164.0,0.4891988,0.0052144,0.1025079,0.0709714,0.9373862,0.0024003,0.8379499,0.0050363,0.0342172,0.0254078,0.0056288,0.3675011,0.3607622,0.3333333,0.2888889,11.842955566958302
1426.0,0.5371669,0.0063114,0.0322581,0.0166667,0.8730715,0.0,0.7230143,0.00611,0.0753564,0.2363919,0.0040733,0.9898167,0.6174184,0.1,0.7857143,10.791399385808587
655.0,0.4961832,0.0,0.0992366,0.0818182,0.8656489,0.0,0.7301587,0.0119048,0.0595238,0.0381679,0.0,0.9920635,0.2557252,0.0196078,0.3333333,10.264687244346277
1065.0,0.4779343,0.0018779,0.0788732,0.0755396,0.8338028,0.0,0.6748768,0.0024631,0.0862069,0.0263789,0.0024631,0.9926108,0.4628297,0.0418848,0.3333333,10.835671318412196
345.0,0.4695652,0.0057971,0.2057971,0.1857923,0.8521739,0.0202899,0.6978417,0.0,0.0143885,0.0671141,0.0071942,1.0,0.2885906,0.1034483,0.0,9.615805480084347
5319.0,0.4972739,0.0028201,0.1208874,0.052356,0.9529987,0.0,0.8754779,0.0016384,0.0114691,0.0296767,0.0021846,0.9945385,0.0158983,0.106383,0.64,12.258669839471109
233.0,0.5064378,0.0,0.1587983,0.173913,0.8626609,0.0,0.6938776,0.0,0.0204082,0.0841121,0.0,1.0,0.2429907,0.05,1.0,9.918425424900335
9270.0,0.4860841,0.0582524,0.1014024,0.084173,0.8590076,0.0029126,0.7133125,0.0045416,0.0647176,0.055496,0.0584729,0.9653704,0.3723861,0.0305832,0.5,11.92371636583374
150.0,0.5866667,0.0,0.22,0.1612903,0.8333333,0.0,0.641791,0.0,0.0149254,0.0945946,0.0,1.0,0.2567568,0.0,1.0,9.615805480084347
3605.0,0.4907074,0.0241331,0.1073509,0.0653595,0.9012483,0.0022191,0.790556,0.0038081,0.0456969,0.022338,0.0190404,0.9885758,0.2114669,0.0769231,0.4285714,11.652696102959753
372.0,0.4489247,0.0,0.2123656,0.1658537,0.8736559,0.0,0.7096774,0.0,0.0129032,0.1340782,0.0,0.9870968,0.2569832,0.0882353,0.3333333,10.239995502805316
21.0,0.6190476,0.0,0.2380952,0.0,0.952381,0.0,0.8888889,0.0,0.0,0.25,0.0,1.0,0.1666667,0.0,1.0,9.615805480084347
6951.0,0.4677025,0.0362538,0.1983887,0.1681081,0.7830528,0.0738023,0.6833992,0.0035573,0.0577075,0.054559,0.0130435,0.9383399,0.3994768,0.0675676,0.3684211,11.87688084212164
1966.0,0.4984741,0.0213632,0.129705,0.1135903,0.7873856,0.0005086,0.5958668,0.0057405,0.0688863,0.0654506,0.0275545,0.9931114,0.5021459,0.0218688,1.0,11.209127560632263
3404.0,0.5073443,0.0,0.13396,0.0608229,0.907168,0.0,0.8160828,0.0055732,0.0541401,0.1484746,0.0,0.9848726,0.1701695,0.0945946,0.3958333,11.54346436927906
1156.0,0.4878893,0.0017301,0.08391,0.0929054,0.9238754,0.0,0.7849462,0.0,0.0188172,0.136891,0.0026882,0.8629032,0.2830626,0.1454545,1.0,10.318935994253193
29060.0,0.4868204,0.0040262,0.1013421,0.0838865,0.8885065,0.0076738,0.7614068,0.004943,0.0397338,0.0316642,0.0043726,0.95,0.3264912,0.0746027,0.3584906,10.829748417047593
903.0,0.4994463,0.0,0.1218162,0.0685841,0.9069767,0.0,0.7747748,0.0,0.024024,0.0539773,0.0,0.996997,0.2414773,0.08,0.25,10.606609816118151
5409.0,0.4808652,0.0024034,0.1639859,0.0961538,0.9012757,0.0,0.7652091,0.0023764,0.0161597,0.0763828,0.0014259,0.993346,0.1492537,0.0419287,0.1052632,11.080618310893968
259.0,0.4671815,0.0,0.2625483,0.2318841,0.8339768,0.0,0.6525424,0.0,0.0169492,0.0406504,0.0,1.0,0.2682927,0.0769231,1.0,9.615805480084347
329.0,0.4620061,0.0,0.3829787,0.2542373,0.7294833,0.1094225,0.6277372,0.0,0.0145985,0.1595092,0.0,1.0,0.3312883,0.1111111,0.5,9.615805480084347
2598.0,0.491147,0.0,0.1331794,0.0907716,0.9160893,0.0,0.7785235,0.0033557,0.0178971,0.1303502,0.0,0.196868,0.3715953,0.1826087,0.96,10.357774570341576
1158.0,0.4654577,0.0872193,0.1701209,0.1599354,0.8721934,0.0250432,0.7467811,0.0,0.0021459,0.0772277,0.0772532,0.9978541,0.2594059,0.0454545,0.5,10.254179634797001
1139.0,0.4451273,0.0,0.2827041,0.2310127,0.7892888,0.0597015,0.6577869,0.0,0.0102459,0.0615385,0.0,0.9979508,0.3557692,0.0530973,0.4444444,10.138599199626192
310.0,0.4645161,0.0,0.1903226,0.1506024,0.8290323,0.0,0.6153846,0.0,0.0230769,0.0441176,0.0,1.0,0.3014706,0.0357143,0.0,9.615805480084347
2080.0,0.4586538,0.4798077,0.2105769,0.1563055,0.8519231,0.0,0.682095,0.0048721,0.0414129,0.2362791,0.3922046,0.9878197,0.4483721,0.2251656,0.5217391,10.866680954096502
21977.0,0.5065296,0.0282568,0.1190335,0.0887967,0.6421714,0.1540702,0.5892722,0.0035256,0.1057668,0.0333496,0.0062956,0.9968522,0.4166261,0.0303339,0.3333333,10.563620718477313
1729.0,0.4840949,0.0,0.2134182,0.1670404,0.832273,0.0474263,0.7020281,0.0031201,0.0202808,0.046131,0.0,0.9859594,0.2068452,0.1065089,1.0,10.428245666832275
12054.0,0.4537913,0.0942426,0.1682429,0.1442892,0.8254521,0.0422266,0.6979769,0.0024773,0.0216763,0.0655864,0.0848472,0.9946325,0.3238812,0.0589216,0.3684211,10.376642461280849
4053.0,0.479398,0.0054281,0.1171971,0.0815166,0.7263755,0.1606218,0.7051597,0.000819,0.0597871,0.1228448,0.005733,0.969697,0.3793103,0.1128405,0.4285714,10.718874489469398
4769.0,0.4646676,0.0004194,0.2646257,0.2052487,0.7890543,0.0260013,0.6096512,0.0038223,0.0234114,0.0955056,0.0004778,0.9980889,0.3029386,0.0690738,0.6097561,9.814710982145282
101.0,0.4752475,0.0,0.2178218,0.1132075,0.8811881,0.0,0.6923077,0.0,0.0,0.1875,0.0,1.0,0.2916667,0.25,0.0,9.615805480084347
6686.0,0.4566258,0.0708944,0.1749925,0.1511148,0.8146874,0.0284176,0.6526235,0.0042129,0.0440444,0.0577409,0.0547683,0.9774033,0.3338145,0.0853659,0.7941176,10.505094936455558
1071.0,0.4761905,0.0,0.200747,0.1497326,0.8160598,0.031746,0.6784038,0.0070423,0.0469484,0.1180124,0.0,0.9976526,0.3084886,0.1056911,0.6,10.440010162389305
4890.0,0.4640082,0.0042945,0.1498978,0.1110263,0.8652352,0.0460123,0.7854179,0.0005928,0.0284529,0.0506472,0.0017783,0.9911085,0.1012943,0.0601504,0.6097561,12.371167504471138
1304.0,0.4532209,0.0,0.3144172,0.2398317,0.7699387,0.0406442,0.5898305,0.0,0.0084746,0.1259259,0.0,0.9949153,0.2725926,0.057377,0.8571429,9.615805480084347
1014.0,0.4585799,0.0,0.142998,0.1311475,0.9112426,0.0,0.782967,0.0082418,0.0192308,0.0945274,0.0,0.9972527,0.2487562,0.1875,0.4615385,10.130662964963708
331.0,0.4531722,0.0030211,0.3202417,0.2154696,0.8519637,0.0,0.6666667,0.0,0.0069444,0.0828025,0.0069444,1.0,0.2738854,0.0,0.0,9.615805480084347
474.0,0.4767932,0.0,0.1582278,0.1330645,0.8544304,0.0,0.7025641,0.0051282,0.0512821,0.0801887,0.0,1.0,0.1509434,0.0208333,0.2,10.392098241730961
2199.0,0.4974989,0.0045475,0.2337426,0.0995475,0.8663029,0.0,0.7394439,0.0020597,0.0370752,0.3252259,0.0020597,0.9670443,0.3703961,0.0582524,0.5454545,11.143324481431074
997.0,0.4633902,0.2116349,0.1273821,0.1196262,0.9117352,0.0,0.7795699,0.0026882,0.0080645,0.1100478,0.2043011,0.9946237,0.2488038,0.1410256,1.0,10.069044362997353
3559.0,0.4737286,0.000281,0.2270301,0.1687133,0.7895476,0.0314695,0.6206199,0.0040431,0.0357143,0.0799752,0.0,0.9966307,0.3031618,0.0865801,0.6071429,10.16203685698089
360.0,0.4861111,0.0194444,0.1722222,0.1513514,0.8555556,0.0,0.6830986,0.0070423,0.0422535,0.3140097,0.0070423,1.0,0.2705314,0.0810811,0.0,11.075985169527042
3069.0,0.4509612,0.0531118,0.2447051,0.211276,0.7940697,0.0469208,0.6373802,0.0023962,0.0207668,0.141878,0.0479233,0.965655,0.3728581,0.1152941,0.5555556,9.975854724662028
34256.0,0.4734353,0.0332788,0.1672408,0.1058321,0.8555873,0.0139538,0.7094127,0.0027831,0.0227646,0.1191225,0.0300435,0.9879398,0.241388,0.0724095,0.64,10.440010162389305
4518.0,0.461266,0.8636565,0.163568,0.1811832,0.8957503,0.0,0.7252396,0.000639,0.0204473,0.0979827,0.8249201,0.998722,0.281268,0.170068,0.75,9.888424674859083
1307.0,0.4873757,0.0,0.1683244,0.1283582,0.8538638,0.0030604,0.6909789,0.0038388,0.0403071,0.0578662,0.0,0.9980806,0.2820976,0.0451128,1.0,10.661977618146238
2846.0,0.4725931,0.0,0.2231202,0.1638907,0.813071,0.031272,0.6412281,0.004386,0.0245614,0.0412111,0.0,1.0,0.2876367,0.0735294,0.4,10.425282789490705
1898.0,0.4583772,0.0105374,0.1638567,0.1410506,0.7976818,0.0268704,0.6376623,0.0038961,0.0623377,0.0745192,0.0090909,0.9987013,0.4411058,0.0430839,0.3333333,11.01206667357142
2488.0,0.4401125,0.0506431,0.2323151,0.2053123,0.8131029,0.0385852,0.6634336,0.0019399,0.0193986,0.0644283,0.0475267,0.9961203,0.3448276,0.0460705,0.4285714,10.188704088048116
4509.0,0.5129741,0.0062098,0.0734087,0.057377,0.8409847,0.0,0.6911958,0.0098555,0.1169514,0.0770164,0.0052562,0.9191853,0.5075804,0.1302932,0.0,11.938853113303086
2764.0,0.4826339,0.2138205,0.1298842,0.1384615,0.8458755,0.0314761,0.7141361,0.0041885,0.0460733,0.1503559,0.1853403,0.9057592,0.5071174,0.1852792,0.3548387,10.315630315397533
47.0,0.4042553,0.0,0.4893617,0.25,0.6808511,0.0,0.5555556,0.0,0.1111111,0.82,0.0,1.0,0.24,0.0,0.0,10.959557617938563
598.0,0.4247492,0.0284281,0.187291,0.1482558,0.867893,0.0,0.7104247,0.0,0.015444,0.0547445,0.03861,0.996139,0.3175182,0.030303,0.6666667,10.465984899076615
401.0,0.4513716,0.0,0.2169576,0.1590909,0.8304239,0.0,0.6309524,0.0059524,0.0178571,0.1724138,0.0,1.0,0.4137931,0.1166667,0.5,9.615805480084347
944.0,0.467161,0.0,0.1599576,0.1312127,0.8654661,0.0,0.701087,0.0027174,0.0326087,0.1046229,0.0,0.9972826,0.2725061,0.0957447,0.75,10.49684202174171
972.0,0.4639918,0.8076132,0.1790123,0.1305182,0.9063786,0.0,0.7484472,0.0062112,0.0124224,0.0693642,0.7391304,1.0,0.3265896,0.1851852,0.0,9.615805480084347
744.0,0.4610215,0.0094086,0.1451613,0.1321696,0.8037634,0.0147849,0.6381579,0.0098684,0.0592105,0.0559006,0.0065789,0.9769737,0.3850932,0.075188,0.0,10.900454637442037
1166.0,0.4433962,0.5454545,0.1766724,0.1895223,0.8773585,0.0,0.7114094,0.0044743,0.01566,0.056962,0.4876957,0.9888143,0.2953586,0.1504425,1.0,10.211009016314167
2208.0,0.477808,0.0067935,0.080163,0.0719861,0.9415761,0.0,0.8479381,0.0,0.0141753,0.0593939,0.0051546,0.9987113,0.1890909,0.1714286,0.2727273,10.694237736914808
13229.0,0.4835588,0.0583566,0.161539,0.1026054,0.8937183,0.015723,0.7880175,0.0008321,0.0293322,0.0471754,0.0532557,0.9950073,0.1397423,0.057971,0.6768293,11.670792089258995
671.0,0.4694486,0.0,0.1490313,0.1544944,0.8852459,0.0,0.7454545,0.0036364,0.0181818,0.089404,0.0,1.0,0.3046358,0.0405405,1.0,10.25769445336048
283.0,0.4876325,0.0,0.2720848,0.1655172,0.8586572,0.0,0.6721311,0.0,0.0,0.1094891,0.0,1.0,0.2846715,0.1428571,1.0,9.615805480084347
1128.0,0.5044326,0.001773,0.0328014,0.0357782,0.7898936,0.0,0.6523702,0.0045147,0.1422122,0.1262327,0.0,0.9322799,0.4102564,0.0810811,0.2,11.803361242493628
3572.0,0.4759239,0.0011198,0.2147256,0.1575855,0.7970325,0.031075,0.6287582,0.003268,0.0267974,0.1252144,0.0019608,0.9928105,0.4093768,0.0730435,0.4666667,10.250652418696085
3451.0,0.4604462,0.0162272,0.1689365,0.1482277,0.8600406,0.0223124,0.720524,0.0021834,0.010917,0.053719,0.010917,1.0,0.2947658,0.0642202,0.2,10.236417809461043
818.0,0.4828851,0.0158924,0.0953545,0.0661939,0.9229829,0.0,0.8026316,0.0,0.0098684,0.0952381,0.0197368,0.9671053,0.2113095,0.0545455,0.5,10.63106031411106
18697.0,0.490346,0.0166872,0.079585,0.0672683,0.9086484,0.0070065,0.8044303,0.0040965,0.0336823,0.0345686,0.0159308,0.9010772,0.2504761,0.0912334,0.55,11.031674824544641
1123.0,0.5040071,0.032057,0.0899377,0.0556553,0.856634,0.0,0.6868687,0.0176768,0.0479798,0.1219512,0.020202,0.8636364,0.5831486,0.2018779,0.25,11.181653682515929
216.0,0.5092593,0.0,0.3009259,0.1981132,0.75,0.0,0.5673077,0.0192308,0.0480769,0.079646,0.0,1.0,0.3628319,0.0588235,1.0,9.615805480084347
790.0,0.4974684,0.0012658,0.2164557,0.1561713,0.8012658,0.0126582,0.6330532,0.0,0.0364146,0.0984848,0.0,0.9943978,0.2575758,0.0480769,0.5,10.196194479235656
5973.0,0.5020928,0.0043529,0.1108321,0.0786819,0.8027792,0.0023439,0.6303158,0.0054737,0.0913684,0.0907351,0.0050526,0.8766316,0.5057427,0.1310409,0.35,11.872004516724523
718.0,0.5013928,0.0,0.2172702,0.1396648,0.8941504,0.0,0.7567568,0.0033784,0.0101351,0.1057402,0.0,0.9864865,0.347432,0.0925926,0.0,9.615805480084347
1246.0,0.5048154,0.005618,0.0995185,0.0842788,0.8723917,0.0,0.7073684,0.0,0.04,0.0758755,0.0042105,0.3957895,0.3249027,0.0634921,0.0,10.995427631436174
619.0,0.4830372,0.0,0.2180937,0.146875,0.8610662,0.0,0.7007874,0.007874,0.023622,0.1241379,0.0,0.992126,0.2,0.1964286,1.0,9.635673464721814
431.0,0.4849188,0.0,0.1972158,0.1576577,0.8468677,0.0,0.6506024,0.0,0.0421687,0.1075269,0.0,1.0,0.3010753,0.0652174,1.0,9.83633227734872
132.0,0.4545455,0.0,0.1666667,0.1944444,0.9015152,0.0,0.76,0.0,0.02,0.1071429,0.0,1.0,0.125,0.1111111,0.0,9.928228944424575
4152.0,0.4812139,0.0004817,0.1182563,0.0970288,0.8704239,0.0139692,0.7344064,0.0060362,0.0415828,0.0292969,0.0006707,0.9839034,0.3496094,0.0899654,0.2,10.862856930775358
33823.0,0.4799988,0.0104071,0.1360021,0.0996702,0.9013985,0.0052627,0.7748976,0.001497,0.019855,0.023467,0.009376,0.9967696,0.1539586,0.0319803,0.4642857,11.07753193632009
3460.0,0.4728324,0.0184971,0.1569364,0.1217105,0.783815,0.0106936,0.597213,0.0079628,0.0557399,0.0938064,0.01858,0.9747843,0.4690319,0.053206,0.3076923,11.080618310893968
1298.0,0.4745763,0.0015408,0.2080123,0.143695,0.8289676,0.0146379,0.6647399,0.0038536,0.0404624,0.0614828,0.0,0.9980732,0.2658228,0.0446927,0.3333333,10.305647203635566
399.0,0.4736842,0.0,0.2431078,0.147619,0.8596491,0.0,0.7034884,0.005814,0.0174419,0.0802139,0.0,1.0,0.1657754,0.1290323,0.0,9.615805480084347
647.0,0.4914992,0.0,0.1514683,0.0881459,0.9196291,0.0,0.7957447,0.0042553,0.012766,0.0711462,0.0,1.0,0.1818182,0.2222222,0.0,10.184937747111391
1349.0,0.4536694,0.0,0.2260934,0.1519674,0.8895478,0.0,0.7248062,0.001938,0.0116279,0.0719424,0.0,1.0,0.2194245,0.0592593,1.0,10.114599007626499
38386.0,0.4615224,0.7213046,0.1495597,0.129076,0.7724952,0.0543948,0.6339443,0.0054311,0.0628649,0.0905162,0.6757637,0.9896809,0.3941714,0.0989087,0.5255102,10.521399202410167
470.0,0.4893617,0.0,0.1255319,0.0958333,0.9,0.0,0.7588235,0.0058824,0.0235294,0.0555556,0.0,1.0,0.1944444,0.1190476,0.0,11.241129864948206
1458.0,0.4849108,0.0384088,0.1371742,0.1398136,0.8984911,0.0,0.7560074,0.0,0.0277264,0.0953177,0.038817,0.9852126,0.2993311,0.1153846,0.5,9.937937287265354
898.0,0.4844098,0.0857461,0.1391982,0.0842333,0.9064588,0.0,0.7801205,0.003012,0.0180723,0.1193634,0.0783133,0.9879518,0.3183024,0.1145833,0.8461538,10.16203685698089
4045.0,0.4580964,0.0042027,0.2195303,0.1788321,0.7809642,0.0766378,0.668348,0.0025221,0.0245902,0.2263415,0.0044136,0.9527112,0.4434146,0.0616541,0.5584416,10.596659732783579
6167.0,0.4467326,0.0055132,0.250527,0.1679367,0.734717,0.0564294,0.6156894,0.0023772,0.0649762,0.113764,0.0051506,0.9928685,0.3451545,0.0661253,0.8125,9.933094897288786
3531.0,0.5341263,0.0025489,0.0730671,0.0583587,0.9495894,0.0008496,0.8725377,0.0011587,0.0208575,0.148075,0.0011587,0.198146,0.6130306,0.4548023,1.0,10.76004951120163
2666.0,0.4636159,0.0528882,0.2183046,0.1657343,0.8312078,0.0322581,0.6844526,0.0045998,0.0110396,0.1494523,0.049678,0.9917203,0.3075117,0.1269841,0.7307692,9.781376414141157
4458.0,0.4697174,0.0116644,0.1603858,0.1218274,0.8212203,0.0,0.6277217,0.0021243,0.0440786,0.0303811,0.0106213,0.9946893,0.3748713,0.027618,0.25,11.274680966120778
4184.0,0.4464627,0.0021511,0.207457,0.1701209,0.8181166,0.0298757,0.6602676,0.0029087,0.0238511,0.1,0.0011635,0.9976731,0.2062827,0.0469925,0.7631579,10.477316144080852
299.0,0.4314381,0.0869565,0.173913,0.1588235,0.8829431,0.0,0.736,0.0,0.016,0.1134752,0.064,0.992,0.1489362,0.0,0.0,10.50783084142058
1020.0,0.5235294,0.0058824,0.0803922,0.0473251,0.9401961,0.0,0.8422619,0.0059524,0.0178571,0.1087533,0.0029762,0.9940476,0.3395225,0.275,1.0,9.942756341456828
1214.0,0.4695222,0.062603,0.1943987,0.1863354,0.8336079,0.0420099,0.6991342,0.004329,0.0151515,0.1880492,0.04329,0.8896104,0.4130053,0.1588785,0.875,9.711176264112805
413.0,0.5157385,0.0,0.1694915,0.12,0.8765133,0.0,0.725,0.00625,0.03125,0.0751445,0.0,0.9875,0.2427746,0.1052632,1.0,9.867912187022208
1124.0,0.4661922,0.0133452,0.1930605,0.16,0.7927046,0.113879,0.7455013,0.0025707,0.0102828,0.0371287,0.0,1.0,0.2425743,0.1212121,0.0,10.243560441877241
37861.0,0.5043184,0.0431843,0.0531946,0.0483828,0.9070019,0.0015319,0.8003329,0.0068248,0.0620891,0.0218984,0.0417811,0.8217228,0.2835396,0.2058032,0.0666667,12.14207264603046
453.0,0.5033113,0.0,0.1986755,0.0933333,0.8719647,0.0,0.7322404,0.0163934,0.0273224,0.0418848,0.0,0.9945355,0.3193717,0.0566038,0.0,9.711176264112805
117.0,0.4957265,0.0,0.2820513,0.1186441,0.7435897,0.1794872,0.7692308,0.0,0.0,0.2040816,0.0,1.0,0.244898,0.0,1.0,9.615805480084347
19324.0,0.467812,0.0554233,0.1731526,0.1358421,0.7092217,0.1217139,0.6172973,0.0037838,0.0458108,0.0630539,0.0448649,0.9925676,0.3990884,0.0592669,0.4489796,10.416341118636355
2519.0,0.4759825,0.0051608,0.1059944,0.0795455,0.8912267,0.0,0.7522124,0.0088496,0.0431416,0.0300429,0.0044248,0.9811947,0.3519313,0.1201299,0.2857143,10.732061203925053
11980.0,0.4864775,0.0136895,0.1331386,0.0929779,0.903005,0.0367279,0.861399,0.0012953,0.0313472,0.0163099,0.0069948,0.984715,0.0415392,0.1123919,0.3529412,12.282575248266141
9695.0,0.4510572,0.5170707,0.1320268,0.1326569,0.8969572,0.0010315,0.741074,0.0023222,0.0232221,0.0615636,0.4566038,0.9912917,0.3560338,0.2068111,0.6818182,10.154285180632154
4188.0,0.5093123,0.0725883,0.0028653,0.0058394,0.9940306,0.0,0.9812606,0.0,0.0025554,0.0050847,0.0775128,0.9463373,0.1016949,0.1670951,0.0,10.768506042432708
672.0,0.4345238,0.0044643,0.1547619,0.0894737,0.8571429,0.0,0.6923077,0.0115385,0.0384615,0.112628,0.0,0.9923077,0.3720137,0.1363636,0.3333333,11.187209175200515
2138.0,0.4836296,0.0243218,0.1169317,0.1023551,0.904116,0.0,0.7728938,0.003663,0.019536,0.0661345,0.02442,0.996337,0.340935,0.0576923,0.5714286,10.261196961231647
283.0,0.4805654,0.0,0.2685512,0.1972789,0.8798587,0.0,0.7235772,0.0,0.0,0.1338028,0.0,0.9837398,0.3450704,0.0952381,1.0,10.332050506334692
1544.0,0.482513,0.0051813,0.2085492,0.0650814,0.9112694,0.0,0.8291233,0.0029718,0.0237741,0.056101,0.0059435,0.9702823,0.056101,0.0487805,0.3333333,11.83065893676428
16573.0,0.5023231,0.066192,0.0970856,0.078807,0.8643577,0.0174983,0.7403551,0.0073404,0.0452373,0.1208164,0.0559918,0.8598498,0.358097,0.1446125,0.5251799,10.499600568082863
16088.0,0.4751367,0.0048483,0.1974764,0.1120322,0.8626305,0.0042889,0.7366352,0.0044025,0.0584906,0.0640177,0.0037736,0.9811321,0.2027962,0.0981387,0.2222222,11.07753193632009
11219.0,0.4819503,0.0344059,0.1013459,0.0851686,0.8722703,0.0074873,0.7407829,0.0034137,0.039827,0.0770846,0.0334547,0.9965863,0.2329343,0.0594937,0.3376623,11.101960259016467
6933.0,0.466032,0.0,0.2351075,0.1874662,0.8026828,0.0493293,0.6606684,0.0044069,0.0264414,0.0541855,0.0,0.9970621,0.3299757,0.0692641,0.6363636,10.328787967145063
877.0,0.4515393,0.0,0.2360319,0.1621622,0.7787913,0.0444698,0.6170799,0.0027548,0.0358127,0.1336516,0.0,0.8677686,0.4463007,0.057971,0.25,10.335302435967074
117.0,0.5042735,0.0,0.2222222,0.0862069,0.9059829,0.0,0.7916667,0.0,0.0208333,0.0943396,0.0,0.9583333,0.2830189,0.0909091,0.0,9.615805480084347
15004.0,0.4731405,0.0530525,0.1175686,0.0996837,0.8609704,0.011197,0.7273332,0.0033272,0.0375977,0.0408489,0.0467476,0.9960073,0.2742939,0.0614125,0.4827586,10.821796246953596
1243.0,0.458568,0.0,0.2067578,0.1768202,0.8342719,0.0209171,0.6700405,0.0020243,0.0323887,0.0834879,0.0,0.9939271,0.2615955,0.0864865,0.5,10.196194479235656
3468.0,0.4922145,0.0005767,0.1536909,0.1073254,0.8967705,0.0,0.7420635,0.0007937,0.0230159,0.2716763,0.0,0.3507937,0.4421965,0.1589595,0.9411765,9.83097062169695
113.0,0.4690265,0.0,0.1946903,0.2166667,0.8849558,0.0,0.75,0.0,0.0208333,0.1578947,0.0,0.9791667,0.1754386,0.0,0.0,9.933094897288786
2615.0,0.4695985,0.0038241,0.1479924,0.1074261,0.8860421,0.0,0.7284836,0.0040984,0.0245902,0.1600688,0.0040984,0.5112705,0.4251291,0.1231884,0.6923077,10.278527816830314
233.0,0.4978541,0.0,0.1416309,0.1282051,0.9184549,0.0,0.7790698,0.0,0.0,0.1041667,0.0,1.0,0.2083333,0.3076923,1.0,10.2328272702548
355.0,0.4985915,0.0028169,0.0816901,0.0617978,0.9380282,0.0,0.8387097,0.0,0.016129,0.1267606,0.0080645,0.9919355,0.2394366,0.2,0.6,9.933094897288786
391.0,0.4731458,0.0025575,0.1074169,0.092233,0.9335038,0.0,0.8345324,0.0071942,0.0143885,0.0479452,0.0,1.0,0.2123288,0.2173913,0.0,10.177362240256695
833.0,0.512605,0.0,0.152461,0.1009852,0.8835534,0.0,0.7418301,0.0130719,0.0359477,0.0699088,0.0,1.0,0.2066869,0.1081081,0.6666667,10.064798252418377
6150.0,0.461626,0.0552846,0.22,0.1884627,0.755122,0.0931707,0.6431772,0.0040733,0.0175153,0.1349542,0.0488798,0.9861507,0.3410853,0.0843931,0.5254237,9.961803629358965
104.0,0.4615385,0.0,0.2980769,0.1785714,0.8269231,0.0,0.6170213,0.0,0.0,0.1296296,0.0,1.0,0.2037037,0.0,0.0,9.615805480084347
1502.0,0.4806924,0.0,0.2456724,0.1641026,0.7902796,0.0486019,0.6450079,0.0,0.0269414,0.1112676,0.0,0.9904913,0.3112676,0.0878049,0.5789474,10.482933978579906
250.0,0.464,0.02,0.144,0.1567164,0.92,0.0,0.7727273,0.0,0.0,0.1287129,0.0227273,1.0,0.1485149,0.2631579,0.0,10.016860879703811
329.0,0.4650456,0.3465046,0.1398176,0.0909091,0.9240122,0.0,0.7837838,0.0,0.009009,0.1777778,0.2792793,1.0,0.3185185,0.2222222,1.0,10.250652418696085
522.0,0.4463602,0.0,0.3275862,0.1764706,0.8141762,0.0,0.6228814,0.0,0.029661,0.1449275,0.0,1.0,0.3804348,0.0882353,0.8333333,10.203629181337648
132.0,0.5,0.0,0.1439394,0.0757576,0.7878788,0.0,0.6307692,0.0,0.0461538,0.940367,0.0,1.0,0.4146789,0.0625,0.5,11.265758139843117
1680.0,0.4017857,0.2416667,0.4761905,0.3333333,0.6815476,0.0607143,0.5130024,0.001182,0.0236407,0.1132075,0.1808511,0.9964539,0.3658281,0.0620915,0.5714286,10.723289410218579
107439.0,0.4846471,0.0230177,0.0961104,0.0685763,0.8396485,0.004235,0.6968668,0.00801,0.0823463,0.0477863,0.0212704,0.9458839,0.3046461,0.0889745,0.1545894,11.570259974415547
235.0,0.4553191,0.0,0.187234,0.125,0.9148936,0.0,0.7865169,0.0,0.011236,0.0631579,0.0,1.0,0.1157895,0.0625,1.0,10.177362240256695
1041.0,0.4716619,0.0413064,0.2084534,0.1472727,0.8049952,0.0461095,0.6867749,0.0069606,0.0324826,0.0926316,0.0278422,0.9907193,0.3852632,0.046875,0.4444444,10.675931008412125
12215.0,0.5041343,0.0884977,0.0955383,0.0678554,0.8722063,0.0081867,0.7404058,0.0070887,0.0655097,0.0463869,0.1029088,0.7958934,0.4846154,0.205665,0.1219512,12.175618592671356
1221.0,0.5012285,0.030303,0.0622441,0.0722496,0.9434889,0.0,0.8285714,0.0028571,0.0114286,0.1315136,0.0314286,0.4542857,0.3995037,0.3425926,0.25,9.942756341456828
722.0,0.5,0.1634349,0.1842105,0.1689751,0.8531856,0.0,0.6734007,0.003367,0.016835,0.0747664,0.1919192,0.989899,0.1682243,0.1590909,0.6666667,9.989711119284745
10809.0,0.4819132,0.0539365,0.1661578,0.1235714,0.8907392,0.0098992,0.7398119,0.0026123,0.0133229,0.1177691,0.0530303,0.6538662,0.3853422,0.1831627,0.6385542,9.75272280064639
969.0,0.4643963,0.501548,0.1723426,0.1406551,0.868937,0.0,0.6860158,0.0,0.0211082,0.1307339,0.4564644,1.0,0.4541284,0.1149425,0.5833333,9.62911649414402
575.0,0.4834783,0.0,0.093913,0.03367,0.9582609,0.0,0.8679245,0.0062893,0.0125786,0.0647059,0.0,0.9685535,0.1352941,0.3809524,0.6666667,11.010415172807951
716.0,0.4790503,0.0,0.2430168,0.1983914,0.8407821,0.0125698,0.6900958,0.0,0.0255591,0.0572289,0.0,0.9904153,0.2198795,0.03125,1.0,10.165890277802454
3915.0,0.4985951,0.0002554,0.1696041,0.0784513,0.916986,0.0229885,0.8115942,0.0008525,0.0085251,0.114717,0.0,0.9923274,0.3139623,0.2304688,0.2,10.904137815028022
1444.0,0.5096953,0.0006925,0.1412742,0.0847458,0.9300554,0.0138504,0.82,0.0,0.0,0.2524917,0.0,0.9933333,0.2093023,0.1971831,1.0,10.540090836284206
2489.0,0.480916,0.0068301,0.1743672,0.1509288,0.790679,0.0261149,0.6112186,0.0087041,0.040619,0.0961538,0.0087041,0.9883946,0.3872378,0.0906921,0.6666667,10.987003123724813
252.0,0.4960317,0.0079365,0.1309524,0.0944882,0.8769841,0.0,0.7115385,0.0,0.0096154,0.0458716,0.0,1.0,0.2477064,0.047619,1.0,9.975854724662028
6539.0,0.5129225,0.0032115,0.0871693,0.0483516,0.9028904,0.0,0.7964255,0.0065388,0.0510026,0.7137867,0.0030514,0.9324324,0.233063,0.1796117,0.5294118,11.792078770667635
136.0,0.5294118,0.0,0.1617647,0.109375,0.875,0.0,0.7068966,0.0,0.0,0.1470588,0.0,1.0,0.3382353,0.125,1.0,9.615805480084347
730.0,0.4589041,0.0041096,0.1369863,0.1037975,0.9013699,0.009589,0.7854406,0.0076628,0.0268199,0.0744681,0.0038314,0.9961686,0.212766,0.097561,0.0,10.373522431293592
2354.0,0.4927782,0.0008496,0.1397621,0.0954774,0.9226848,0.0,0.8167053,0.0023202,0.0220418,0.0411568,0.0,0.9976798,0.0923248,0.0652174,0.4444444,11.261909563554315
122.0,0.5409836,0.0,0.1803279,0.1071429,0.9016393,0.0,0.7333333,0.0,0.0,0.1,0.0,1.0,0.3,0.1666667,1.0,9.615805480084347
659.0,0.4992413,0.0,0.1426404,0.1515152,0.9180577,0.0,0.7944664,0.0,0.0079051,0.0866426,0.0,1.0,0.2166065,0.05,0.0,10.106469212026385
746.0,0.5174263,0.0,0.1072386,0.1055556,0.8994638,0.0,0.7435897,0.007326,0.014652,0.0650685,0.0,0.996337,0.239726,0.1222222,1.0,10.165890277802454
23782.0,0.4824237,0.0082415,0.1571356,0.1092696,0.8746531,0.018207,0.7542992,0.0008245,0.0391048,0.0297143,0.0050648,0.9923439,0.1565714,0.0789474,0.4852941,11.932300052847731
1002.0,0.506986,0.0,0.1407186,0.0728745,0.8922156,0.0,0.7487047,0.0,0.0233161,0.0585366,0.0,0.9948187,0.2121951,0.025974,0.0,10.635879484421974
113.0,0.4690265,0.0,0.159292,0.1666667,0.8672566,0.0,0.7142857,0.0238095,0.047619,0.16,0.0,1.0,0.12,0.1428571,0.0,9.90353755128617
169.0,0.4615385,0.0,0.1715976,0.0659341,0.8402367,0.0,0.6571429,0.0,0.0428571,0.0140845,0.0,1.0,0.3661972,0.0714286,0.0,9.61587214452889
436.0,0.5114679,0.0183486,0.0642202,0.0328638,0.9541284,0.0,0.8888889,0.0,0.0296296,0.0145985,0.0148148,0.9925926,0.0656934,0.0,0.0,11.701899842594283
199.0,0.5125628,0.0,0.1809045,0.1752577,0.8291457,0.0,0.6,0.0,0.025,0.1666667,0.0,1.0,0.21875,0.1,0.75,9.615805480084347
456.0,0.4385965,0.004386,0.3377193,0.3125,0.7171053,0.0,0.4814815,0.0,0.0123457,0.0470588,0.0082305,1.0,0.545098,0.0,0.0,10.295563423525277
4941.0,0.4802672,0.0030358,0.1050395,0.0891745,0.8558996,0.0180125,0.7231289,0.0078784,0.0551491,0.0686583,0.0011255,0.9966235,0.3909853,0.0663842,0.15,11.050905878263567
728.0,0.4656593,0.0,0.2596154,0.1902314,0.831044,0.0247253,0.6732026,0.0,0.0163399,0.1206897,0.0,0.9901961,0.3649425,0.0375,0.8181818,9.787009914477434
1361.0,0.4599559,0.0,0.2094048,0.1564626,0.8523145,0.0,0.6788194,0.0034722,0.0243056,0.0447761,0.0,0.9878472,0.2172471,0.1085271,0.2857143,10.422311107413181
1153.0,0.4535993,0.3503903,0.2419775,0.2,0.7961839,0.1084128,0.7352185,0.0,0.0179949,0.1138952,0.3161954,0.9922879,0.2824601,0.0925926,0.9,9.846970109700957
399.0,0.4686717,0.0902256,0.1453634,0.1367925,0.914787,0.0,0.781457,0.0,0.0066225,0.0443038,0.0662252,1.0,0.2088608,0.047619,1.0,10.184937747111391
184.0,0.451087,0.0217391,0.173913,0.1584158,0.8423913,0.0,0.6533333,0.0133333,0.0133333,0.2268041,0.0133333,1.0,0.2886598,0.0,0.0,9.62911649414402
573.0,0.4938918,0.0017452,0.1151832,0.1,0.8883072,0.0,0.7673267,0.019802,0.0445545,0.0982143,0.0049505,1.0,0.21875,0.0645161,0.2857143,10.102379394048045
5069.0,0.48333,0.0272243,0.1171829,0.0843834,0.8737424,0.0,0.715795,0.0026413,0.0438457,0.098142,0.0237718,0.9883782,0.3096713,0.0280811,0.8873239,11.367911253546788
1212.0,0.4579208,0.0074257,0.2120462,0.1659056,0.8325083,0.0,0.6542056,0.0037383,0.0242991,0.0307971,0.0074766,1.0,0.384058,0.0344828,0.0,10.762170357789895
387.0,0.4728682,0.005168,0.0956072,0.0539216,0.9198966,0.0,0.7857143,0.0,0.0071429,0.0604027,0.0,0.9928571,0.1744966,0.125,1.0,10.184937747111391
1562.0,0.443662,0.0076825,0.2560819,0.2105869,0.8053777,0.0115237,0.6150507,0.0043415,0.024602,0.0611413,0.0130246,0.9956585,0.3396739,0.044898,0.875,10.114599007626499
3669.0,0.4867811,0.0013628,0.0902153,0.0855019,0.8337422,0.0359771,0.7166023,0.0108108,0.0602317,0.0196821,0.0007722,0.9837838,0.3550341,0.0613108,1.0,10.862856930775358
5237.0,0.45675,0.0,0.2136719,0.1718805,0.8031316,0.0385717,0.6563089,0.0009416,0.0362524,0.0777247,0.0,0.9919962,0.3187147,0.0533141,0.8076923,10.451637862362272
3180.0,0.4902516,0.0528302,0.0889937,0.0783467,0.9150943,0.0,0.8054338,0.0043821,0.0341805,0.0835341,0.0385627,0.9886065,0.3188755,0.0816327,0.45,11.010415172807951
348.0,0.4712644,0.0,0.2097701,0.1521739,0.8678161,0.0,0.7114094,0.0,0.0201342,0.0448718,0.0,1.0,0.1282051,0.1111111,0.0,9.883335864325275
4328.0,0.4514787,0.5630776,0.1545749,0.1335299,0.8865527,0.0034658,0.720267,0.0018204,0.0066748,0.0808701,0.4981796,0.9945388,0.2699387,0.1370851,0.75,10.27163147557801
3825.0,0.4596078,0.0300654,0.2271895,0.1761006,0.8206536,0.0057516,0.6201923,0.000601,0.0174279,0.1798916,0.0294471,0.9825721,0.3208477,0.0865801,0.8163265,9.61587214452889
9251.0,0.4140093,0.0015133,0.505567,0.3281682,0.6203654,0.1254999,0.5210291,0.0011186,0.0416107,0.1720689,0.0006711,0.9876957,0.576403,0.0157895,0.5,10.949068194652432
330.0,0.4666667,0.0,0.1363636,0.1079545,0.8272727,0.0,0.6312057,0.0141844,0.0283688,0.1349693,0.0,0.9219858,0.5276074,0.0833333,1.0,10.021315031649332
257.0,0.4863813,0.0,0.1595331,0.0833333,0.9299611,0.0,0.8265306,0.0,0.0102041,0.0392157,0.0,1.0,0.2254902,0.0952381,1.0,10.034559673629849
371.0,0.5040431,0.0,0.1024259,0.0652174,0.9380054,0.0,0.8484848,0.0,0.0227273,0.0638298,0.0,0.9924242,0.1631206,0.1578947,0.0,10.207325906555994
477.0,0.4612159,0.2222222,0.2222222,0.1750973,0.870021,0.0,0.7010309,0.0,0.0154639,0.1377778,0.2113402,0.9948454,0.2533333,0.0740741,1.0,10.278527816830314
124.0,0.4596774,0.0,0.3951613,0.1940299,0.8629032,0.0,0.6909091,0.0,0.0,0.0677966,0.0,1.0,0.2711864,0.0,0.0,9.918425424900335
3891.0,0.4739142,0.000771,0.1775893,0.1509526,0.7967104,0.0393215,0.6470588,0.0069576,0.0360531,0.03125,0.0,0.9943074,0.3272059,0.0655172,0.4285714,10.589131655274922
147.0,0.4897959,0.0068027,0.1292517,0.12,0.8571429,0.0,0.6153846,0.0,0.0192308,0.2972973,0.0,1.0,0.6081081,0.3529412,0.0,9.615805480084347
1601.0,0.481574,0.0018738,0.1442848,0.1084337,0.9013117,0.0,0.7687296,0.0065147,0.014658,0.1216023,0.0016287,0.995114,0.2932761,0.0880503,0.7333333,9.99884318585288
186.0,0.5107527,0.0,0.1774194,0.1208791,0.9086022,0.0,0.7777778,0.0,0.0138889,0.1910112,0.0,0.9583333,0.3370787,0.0555556,0.0,10.007892611890918
12963.0,0.5003471,0.0088714,0.0746741,0.0497144,0.8949317,0.0006943,0.7752471,0.0053717,0.0528578,0.0344398,0.008165,0.9843146,0.2846473,0.0838972,0.2391304,11.252871529635922
238.0,0.5042017,0.0,0.1386555,0.1271186,0.907563,0.0,0.7816092,0.0,0.0344828,0.0113636,0.0,0.9885057,0.0795455,0.1,0.0,10.308985993422082
743.0,0.4710633,0.2516824,0.1857335,0.1755725,0.884253,0.0,0.7017544,0.0,0.0035088,0.1121495,0.2245614,0.9929825,0.2647975,0.1486486,0.5,9.975854724662028
752.0,0.456117,0.1994681,0.1156915,0.1075795,0.8816489,0.0,0.7257525,0.0033445,0.0167224,0.0597484,0.1538462,0.9966555,0.3238994,0.1551724,1.0,10.661977618146238
8409.0,0.4901891,0.0030919,0.1029849,0.0818754,0.9234154,0.0033298,0.8103987,0.0039093,0.0320563,0.0314275,0.0023456,0.6243159,0.4187808,0.2972247,0.4,10.929547069355774
1945.0,0.4802057,0.0010283,0.1650386,0.1394659,0.8688946,0.0,0.6998723,0.0038314,0.0166028,0.1010333,0.0012771,0.9948914,0.358209,0.1097561,0.9375,9.674137279312397
2372.0,0.3878583,0.0016863,0.8575042,0.3608815,0.7048904,0.0,0.5434492,0.0,0.0113636,0.048951,0.0006684,0.9946524,0.518754,0.0,0.7948718,11.25416768929685
739.0,0.4993234,0.0,0.188092,0.1162162,0.9201624,0.0,0.7910448,0.0,0.011194,0.0359712,0.0,1.0,0.2122302,0.0,0.0,10.181157167204903
584.0,0.505137,0.0308219,0.1917808,0.1072664,0.8407534,0.0,0.7037037,0.0,0.0699588,0.1678082,0.0164609,0.9958848,0.3561644,0.0416667,0.625,11.246365410473757
8702.0,0.490347,0.0001149,0.1430706,0.103044,0.8716387,0.0153988,0.7191737,0.0064558,0.0267915,0.0741184,0.0,0.8489348,0.3980873,0.1383473,0.6046512,10.315630315397533
6009.0,0.4751207,0.0028291,0.158429,0.1322131,0.8230987,0.0234648,0.6729508,0.0036885,0.0430328,0.0461298,0.0020492,0.9963115,0.3397185,0.0431373,0.3703704,10.626217806887722
3263.0,0.4551027,0.1900092,0.1802023,0.1653543,0.8516702,0.0202268,0.6961629,0.0054816,0.0140955,0.0911032,0.1996868,0.9976507,0.2683274,0.0948905,0.7222222,10.31231367277647
164.0,0.6097561,0.0,0.0121951,0.015625,0.8414634,0.1463415,0.9534884,0.0,0.0,0.14,0.0,0.9767442,0.48,0.1290323,0.0,0.0
722.0,0.4556787,0.0,0.1800554,0.1068702,0.8628809,0.0,0.6976744,0.0,0.0265781,0.125,0.0,1.0,0.2819767,0.0471698,1.0,10.315630315397533
92703.0,0.4624769,0.0102694,0.1807277,0.1366847,0.8288836,0.0188883,0.6637,0.0022786,0.0353859,0.0760867,0.0088197,0.9853631,0.4328421,0.0656269,0.4633028,11.524863917209606
252.0,0.4126984,0.4166667,0.1904762,0.1891892,0.6944444,0.1468254,0.59375,0.0,0.0104167,0.1578947,0.25,1.0,0.3421053,0.0526316,1.0,9.615805480084347
456.0,0.4736842,0.0,0.1030702,0.1375,0.8355263,0.0,0.6382979,0.0,0.037234,0.1336406,0.0,1.0,0.3456221,0.0649351,1.0,10.666650414667744
9634.0,0.5118331,0.0047748,0.0804443,0.066128,0.8520864,0.0,0.7037736,0.0040431,0.0749326,0.0643127,0.0045822,0.9954178,0.2680958,0.0724299,0.6290323,11.153403615295403
634.0,0.4432177,0.0015773,0.1624606,0.1189802,0.8391167,0.0,0.6531365,0.0,0.0258303,0.2279202,0.0,0.99631,0.2450142,0.05,0.6,10.261196961231647
3037.0,0.5037866,0.0,0.0869279,0.0637027,0.9361212,0.0,0.8447937,0.0049116,0.0284872,0.0220941,0.0,0.9616896,0.1056676,0.1340206,0.5,11.079076314320059
1966.0,0.5737538,0.0,0.0574771,0.0680191,0.8957274,0.0335707,0.8418367,0.0102041,0.0739796,0.0576923,0.0,0.0816327,0.6129808,0.5359116,0.0,10.918736348043124
162.0,0.4259259,0.0123457,0.2592593,0.1935484,0.8580247,0.0,0.6760563,0.0,0.0,0.0897436,0.0140845,0.9859155,0.3076923,0.0,0.0,10.207325906555994
831.0,0.4632972,0.478941,0.1528279,0.1233184,0.9169675,0.0,0.7862069,0.0034483,0.0103448,0.1666667,0.4413793,1.0,0.3017241,0.1463415,1.0,9.615805480084347
343.0,0.483965,0.0,0.0932945,0.1073446,0.9067055,0.0,0.7454545,0.0,0.0363636,0.0598291,0.0,0.9818182,0.2051282,0.2142857,0.0,10.229223792606835
12131.0,0.4740747,0.5258429,0.1177974,0.0987461,0.8014179,0.0009068,0.6032873,0.0031752,0.0446395,0.0665969,0.5011207,0.9917818,0.4389819,0.0211268,0.3636364,11.02518140064756
54063.0,0.4770545,0.0098589,0.1384311,0.1101443,0.8356917,0.0125594,0.6761726,0.0020644,0.0586202,0.0505083,0.0099381,0.9913102,0.3487259,0.0467091,0.4722222,11.798863517502989
179.0,0.4748603,0.0,0.2011173,0.1808511,0.7597765,0.0,0.5783133,0.0120482,0.060241,0.5059524,0.0,1.0,0.4107143,0.12,0.8571429,10.657282884047461
4113.0,0.4838318,0.0352541,0.0807197,0.0706547,0.916849,0.0068077,0.8060837,0.0030418,0.0334601,0.0415452,0.0380228,0.5802281,0.4205539,0.161987,0.4285714,10.9525769086256
1919.0,0.4914018,0.0375195,0.0953622,0.0891393,0.8890047,0.0,0.7597765,0.0069832,0.0363128,0.0677083,0.027933,0.9636872,0.3072917,0.0909091,0.3333333,10.524090921620362
6204.0,0.4566409,0.7914249,0.0577047,0.0673391,0.8878143,0.0,0.732817,0.0116167,0.0425944,0.0722946,0.7274927,0.9859632,0.2622362,0.107772,0.5333333,10.831726617926124
5592.0,0.489628,0.0001788,0.0895923,0.0732306,0.9315093,0.0,0.8208641,0.0021075,0.0152792,0.0261673,0.0,0.9989463,0.1816316,0.0534125,0.2352941,11.013715451376466
128.0,0.453125,0.0,0.1484375,0.0571429,0.96875,0.0,0.902439,0.0,0.0,0.1632653,0.0,0.9756098,0.1632653,0.0,0.0,10.351405324899678
16113.0,0.4873084,0.0016136,0.0811767,0.0726304,0.9139204,0.0113573,0.8189671,0.0034191,0.0273529,0.0508967,0.0014396,0.9719273,0.1895816,0.1216656,0.5326087,10.819798284210286
7836.0,0.4911945,0.0045942,0.0770801,0.0474041,0.9233027,0.0,0.8257748,0.0071807,0.037037,0.0286344,0.0041572,0.9901738,0.1585903,0.1158537,0.35,10.929547069355774
4041.0,0.460777,0.0,0.6733482,0.1932079,0.8277654,0.0197971,0.7319778,0.0,0.0166359,0.32375,0.0,0.9939926,0.3671875,0.0642202,0.1414141,10.969938154395841
70.0,0.5571429,0.0,0.2,0.1290323,0.8428571,0.0,0.6666667,0.0,0.0,0.3529412,0.0,0.9393939,0.5098039,0.0,0.0,10.499600568082863
2121.0,0.4502593,0.5459689,0.1362565,0.1466552,0.8995757,0.0,0.73219,0.0,0.0131926,0.1071849,0.4617414,0.9986807,0.2944641,0.1191489,0.9047619,10.199918739620157
4270.0,0.4629977,0.0119438,0.1728337,0.1382468,0.6859485,0.1288056,0.5830779,0.0042918,0.055794,0.0963989,0.0067443,0.9944819,0.3844875,0.0709046,0.6,10.332050506334692
126.0,0.5,0.0,0.0873016,0.0793651,0.9206349,0.0,0.7948718,0.0,0.0512821,0.0487805,0.0,1.0,0.3902439,0.0,0.0,9.615805480084347
156.0,0.5128205,0.0,0.1410256,0.1447368,0.8846154,0.0,0.7384615,0.0,0.0153846,0.1447368,0.0,1.0,0.4210526,0.0625,0.6666667,10.021315031649332
63.0,0.4444444,0.0,0.2857143,0.2571429,0.7777778,0.0,0.5806452,0.0,0.0322581,0.1388889,0.0,1.0,0.0555556,0.0,0.0,10.094149233605084
895.0,0.4949721,0.0,0.1765363,0.1061947,0.8648045,0.0,0.7190083,0.0027548,0.0440771,0.4894515,0.0,0.9972452,0.3094233,0.0833333,0.625,10.61890979160975
91444.0,0.4916452,0.0335506,0.1341039,0.0943295,0.8473383,0.0214229,0.7124163,0.0050889,0.0575834,0.037578,0.0336231,0.7524612,0.4855402,0.1019823,0.2598039,12.112316757188815
8849.0,0.4875127,0.0433947,0.0568426,0.0639471,0.9396542,0.0021471,0.8509447,0.0013996,0.0279916,0.0589397,0.0374388,0.9590623,0.2314784,0.1088435,0.3571429,10.916923143796645
8371.0,0.5116474,0.1056027,0.0965237,0.0895303,0.7148489,0.0333294,0.552,0.0077037,0.1413333,0.0803815,0.0924444,0.8580741,0.6457766,0.1347403,0.2686567,11.949249500664376
1044.0,0.4875479,0.0277778,0.1369732,0.0915888,0.7816092,0.0680077,0.6578249,0.0,0.0636605,0.0431472,0.0159151,1.0,0.2284264,0.0610687,1.0,12.015523333397592
51003.0,0.4631884,0.0072153,0.156579,0.1155265,0.6547262,0.0828187,0.5476715,0.0028042,0.1207311,0.0443604,0.0038057,0.9943415,0.4222616,0.0850789,0.4097222,10.652566005416872
1050.0,0.467619,0.0,0.1838095,0.157424,0.8133333,0.0609524,0.6966581,0.0,0.033419,0.0323383,0.0,1.0,0.3208955,0.038835,0.5,10.829748417047593
213.0,0.5070423,0.1220657,0.0938967,0.0761905,0.9530516,0.0,0.8732394,0.0,0.0140845,0.1125,0.1126761,1.0,0.1125,0.1111111,0.0,10.747229096720554
4093.0,0.4813096,0.1595407,0.1756658,0.1516722,0.8470559,0.0378695,0.7093563,0.0019907,0.0165893,0.140821,0.1599204,0.8566689,0.3848347,0.1338432,0.4651163,10.32551474894327
359.0,0.4902507,0.0,0.1866295,0.1311475,0.8746518,0.0,0.7185185,0.0074074,0.0296296,0.1717791,0.0,0.9925926,0.3067485,0.1785714,0.5,9.69898173460629
1898.0,0.4868282,0.0036881,0.0600632,0.0616016,0.9220232,0.0,0.805513,0.0061256,0.0214395,0.1017882,0.0061256,0.992343,0.2819807,0.0984456,0.1785714,10.734242182303689
4941.0,0.4831006,0.0028334,0.1291237,0.1233359,0.7625987,0.0576806,0.6423666,0.0047544,0.0982567,0.0553892,0.002113,0.9926043,0.3802395,0.0316687,0.0192308,11.103467395592086
5599.0,0.4999107,0.0394713,0.063047,0.0471429,0.9492767,0.0030363,0.8838295,0.0011675,0.0251022,0.022818,0.0344425,0.9731465,0.0564746,0.1732283,0.3636364,11.919729676079623
344.0,0.4709302,0.0,0.1715116,0.1923077,0.877907,0.0,0.6796875,0.0,0.0078125,0.0077519,0.0,1.0,0.2325581,0.09375,0.0,10.295563423525277
4005.0,0.4461923,0.1990012,0.1870162,0.1496844,0.5820225,0.2204744,0.5625437,0.0048917,0.0775681,0.1188424,0.1963662,0.9902166,0.3165025,0.0375587,0.3666667,11.231901180182515
1074.0,0.472067,0.0037244,0.2225326,0.1710758,0.8054004,0.0800745,0.7113402,0.0051546,0.0154639,0.0695444,0.0051546,0.9948454,0.2661871,0.106383,0.8888889,10.110542371500753
192.0,0.4947917,0.3489583,0.1875,0.1958763,0.859375,0.0,0.6875,0.0,0.025,0.0243902,0.275,1.0,0.1463415,0.0526316,0.0,10.451637862362272
2646.0,0.4554044,0.0018896,0.2040816,0.1832061,0.8095238,0.0536659,0.6801619,0.0040486,0.0404858,0.1042611,0.0,0.9908907,0.325476,0.0902439,0.7142857,10.889323003601277
1831.0,0.5155653,0.0,0.0813763,0.0529876,0.9148007,0.0,0.8122977,0.0032362,0.0404531,0.0206022,0.0,0.9967638,0.2456418,0.1034483,0.6666667,10.526775414924009
4354.0,0.4641709,0.000689,0.1616904,0.1714531,0.8031695,0.0365181,0.6396938,0.0016402,0.0169492,0.091857,0.0010935,0.9989065,0.4116187,0.0596491,0.8823529,10.254179634797001
917.0,0.4852781,0.2933479,0.1603053,0.0911017,0.8953108,0.0141767,0.7781155,0.0030395,0.0273556,0.125,0.2613982,0.9908815,0.3191489,0.0769231,0.6666667,10.351405324899678
417.0,0.4604317,0.0503597,0.206235,0.1955556,0.8561151,0.0,0.6777778,0.0,0.0111111,0.0673575,0.0388889,1.0,0.3005181,0.1081081,1.0,10.122663242288953
10132.0,0.4492696,0.0080932,0.2378602,0.1756272,0.7796092,0.0119424,0.6006848,0.00107,0.047079,0.0459371,0.0081318,0.9937941,0.3329931,0.0111437,0.2424242,11.342149006315793
669.0,0.4813154,0.0029895,0.1270553,0.1210375,0.8863976,0.0,0.7244094,0.0,0.023622,0.0695971,0.003937,0.996063,0.3260073,0.2045455,0.0,10.05195066017375
193.0,0.5233161,0.0,0.2227979,0.2282609,0.8031088,0.0,0.5595238,0.0,0.0119048,0.3333333,0.0,1.0,0.3650794,0.1111111,1.0,9.615805480084347
151.0,0.4834437,0.0066225,0.1258278,0.1410256,0.8807947,0.0,0.7096774,0.0,0.0,0.1388889,0.016129,1.0,0.3888889,0.0,0.0,9.615805480084347
17814.0,0.5030313,0.0243067,0.0514764,0.0491359,0.9552038,0.0092624,0.8863214,0.0055777,0.0273572,0.0156863,0.0310757,0.3686587,0.372549,0.5677656,0.1333333,11.664796405307863
729.0,0.4910837,0.0,0.1659808,0.1024259,0.866941,0.005487,0.6983051,0.0,0.0101695,0.1141141,0.0,0.9932203,0.3873874,0.0736842,0.0,10.413342705547674
30575.0,0.4889943,0.02574,0.1237939,0.0705965,0.9006378,0.0147506,0.8024131,0.0010886,0.0273065,0.036114,0.0199583,0.9712419,0.1339629,0.0925069,0.173913,12.102937429832547
3597.0,0.4748401,0.0055602,0.1615235,0.1386977,0.851821,0.0189046,0.7078814,0.0065076,0.033261,0.0828912,0.0036153,0.9934924,0.2427056,0.0949367,0.6363636,9.893487720457795
35283.0,0.473089,0.0024658,0.1880792,0.1335592,0.883655,0.0006519,0.737633,0.0031243,0.0320613,0.0176118,0.0021573,0.9939746,0.1706372,0.0862069,0.3684211,10.732061203925053
13900.0,0.4781295,0.0016547,0.1703597,0.1294458,0.7958273,0.0236691,0.6281373,0.0047806,0.0460987,0.095444,0.0017074,0.9848045,0.3780695,0.0619855,0.4672897,10.545367754151743
3088.0,0.5048575,0.0006477,0.1149611,0.0941792,0.9054404,0.0142487,0.7947516,0.0009372,0.0243674,0.0352622,0.0,0.9981256,0.1509946,0.0380435,0.2,10.957817003758691
1580.0,0.5094937,0.0006329,0.0721519,0.0580645,0.8411392,0.0132911,0.6773649,0.0067568,0.0506757,0.0512821,0.0016892,0.9594595,0.3477564,0.1027668,0.0,11.229248693912288
450.0,0.4911111,0.0044444,0.1444444,0.1266376,0.8955556,0.0,0.7321429,0.0,0.0119048,0.1428571,0.0,0.9880952,0.3622449,0.18,0.5,9.615805480084347
6895.0,0.5579405,0.4403191,0.0013053,0.0026247,0.7292241,0.2632342,0.9644566,0.0,0.0,0.0214047,0.4401914,0.9254956,0.2782609,0.1819435,0.0,11.37940550085183
55.0,0.4909091,0.0,0.4,0.25,0.7636364,0.0,0.5555556,0.0,0.037037,0.3414634,0.0,1.0,0.2439024,0.0,1.0,9.615805480084347
1402.0,0.4864479,0.0014265,0.1219686,0.1055556,0.8537803,0.0456491,0.7655602,0.0020747,0.0518672,0.137746,0.0,0.9917012,0.273703,0.1804511,0.6666667,10.348205424565993
2616.0,0.4900612,0.2144495,0.1781346,0.1311844,0.8918196,0.0045872,0.7720157,0.0068493,0.0283757,0.0537037,0.1947162,0.9960861,0.3324074,0.0976744,0.7142857,10.49684202174171
406.0,0.4802956,0.0,0.2463054,0.1990521,0.8448276,0.0,0.6416185,0.0,0.0057803,0.1082474,0.0,1.0,0.1752577,0.2307692,1.0,9.615805480084347
1377.0,0.4618736,0.0043573,0.2033406,0.1524966,0.8721859,0.0,0.7292007,0.0016313,0.0130506,0.05547,0.004894,0.9967374,0.3359014,0.0328638,0.5,10.428245666832275
3130.0,0.4651757,0.0009585,0.1297125,0.0955795,0.8945687,0.0,0.7599324,0.0067625,0.0236686,0.062599,0.0,0.9983094,0.2472266,0.1023891,0.6470588,10.199918739620157
321.0,0.4392523,0.364486,0.1495327,0.1111111,0.894081,0.0,0.7105263,0.0,0.0087719,0.109375,0.2719298,0.9912281,0.265625,0.1851852,0.0,10.547995807489514
6369.0,0.507929,0.0045533,0.0772492,0.0615826,0.8087612,0.0051813,0.6471513,0.0117878,0.0880157,0.0657122,0.0043222,0.9756385,0.5073421,0.0920354,0.2380952,10.881832472145556
133.0,0.5112782,0.0,0.2330827,0.1230769,0.9022556,0.0,0.7636364,0.0,0.0,0.1666667,0.0,1.0,0.3030303,0.125,1.0,9.735128070758227
1594.0,0.4880803,0.0056462,0.1079046,0.0906863,0.8870765,0.0,0.7470289,0.0101868,0.0305603,0.0621019,0.008489,0.9966044,0.25,0.1333333,0.7142857,10.25769445336048
16829.0,0.4886208,0.1277557,0.0445065,0.045201,0.9212669,0.0008913,0.8127355,0.0022607,0.0514318,0.0608634,0.1367747,0.9139035,0.2607926,0.1949778,0.1373626,12.041203898548972
453.0,0.580574,0.0022075,0.01766,0.0052632,0.8918322,0.0,0.7419355,0.0129032,0.0387097,0.2583732,0.0064516,0.9935484,0.569378,0.0,0.8333333,10.604131561522696
47707.0,0.4953152,0.3736768,0.0675792,0.0669103,0.8872283,0.0132475,0.7656454,0.0088812,0.0632014,0.082844,0.3557315,0.8320826,0.477742,0.2327977,0.4901961,10.799595985047786
62195.0,0.49303,0.0261436,0.0761798,0.0595604,0.8915347,0.0052898,0.7749638,0.0071492,0.055932,0.0684282,0.0233634,0.8718284,0.2943455,0.1256387,0.0835267,11.722383799419628
1282.0,0.4851794,0.00078,0.1224649,0.0560606,0.925117,0.0,0.8154897,0.0022779,0.0296128,0.0156951,0.0,0.9886105,0.1704036,0.1230769,0.0,11.159117834926688
231.0,0.4891775,0.004329,0.3766234,0.1864407,0.6969697,0.1255411,0.6122449,0.0102041,0.0204082,0.3378378,0.0,1.0,0.3175676,0.0434783,1.0,9.615805480084347
2046.0,0.4853372,0.1930596,0.1480938,0.1339031,0.8851417,0.0009775,0.7271605,0.0012346,0.0135802,0.0878378,0.1790123,0.9987654,0.4099099,0.0540541,0.4285714,10.264687244346277
129.0,0.4883721,0.0,0.2403101,0.2575758,0.7596899,0.0,0.5,0.0,0.0166667,0.2,0.0,0.9833333,0.32,0.0,0.6666667,10.199918739620157
2596.0,0.4549307,0.1001541,0.2476888,0.1971731,0.8058552,0.0431433,0.6595349,0.0037209,0.0204651,0.1260163,0.0911628,0.9916279,0.2772358,0.0932476,0.8846154,10.130662964963708
414.0,0.5,0.0048309,0.1545894,0.1545894,0.884058,0.0,0.7469136,0.0061728,0.0246914,0.1518325,0.0061728,0.9938272,0.2617801,0.1794872,0.0,9.989711119284745
5076.0,0.4881797,0.001576,0.0916076,0.0508083,0.9113475,0.0021671,0.8108571,0.0097143,0.0434286,0.031544,0.0017143,0.9828571,0.2816823,0.1572327,0.1111111,10.740756721857226
218.0,0.5,0.0,0.2201835,0.0733945,0.8944954,0.0,0.7228916,0.0,0.0,0.1616162,0.0,1.0,0.2222222,0.1764706,0.5,9.615805480084347
4536.0,0.4367284,0.0015432,0.2729277,0.2422701,0.7544092,0.0683422,0.6065659,0.0031266,0.0203231,0.1575944,0.0005211,0.9963523,0.4416155,0.0748299,0.7272727,9.77571099759397
1282.0,0.4875195,0.0101404,0.074883,0.0639269,0.925117,0.0,0.8198614,0.0092379,0.0254042,0.0313199,0.0046189,0.9838337,0.196868,0.1239669,0.0,11.020283511637867
2168.0,0.4755535,0.0115314,0.1928044,0.1389622,0.8316421,0.0184502,0.6718925,0.0067189,0.0279955,0.1693023,0.0134378,0.9955207,0.3302326,0.078341,0.72,9.933094897288786
2437.0,0.4579401,0.0061551,0.2552318,0.1741105,0.866229,0.0484202,0.7888532,0.0021436,0.0096463,0.0508647,0.0032154,0.9989282,0.1312309,0.0535714,0.56,10.819798284210286
14558.0,0.4822778,0.0268581,0.1734442,0.1219318,0.879379,0.0143564,0.7567323,0.0021688,0.0292789,0.0160057,0.0258449,0.9963853,0.1481416,0.0731707,0.1363636,11.021918808236205
1394.0,0.5164993,0.0509326,0.0939742,0.0771513,0.8579627,0.0,0.7001934,0.0058027,0.0715667,0.0800712,0.0560928,0.9729207,0.3398577,0.0858586,0.3333333,11.389638560778947
3299.0,0.471355,0.2582601,0.1506517,0.1404817,0.8881479,0.0193998,0.7506449,0.0025795,0.0103181,0.0813586,0.2149613,0.9948409,0.2685624,0.1649123,0.5384615,10.081675578048475
162.0,0.4938272,0.1975309,0.2222222,0.1341463,0.8333333,0.0,0.6575342,0.0136986,0.0136986,0.1097561,0.1643836,1.0,0.2560976,0.08,0.0,10.32551474894327
1348.0,0.4873887,0.0014837,0.1179525,0.0926194,0.8761128,0.0200297,0.7327935,0.0040486,0.0121457,0.0766355,0.0,0.8562753,0.3345794,0.1666667,1.0,10.404293143019792
604.0,0.4850993,0.0,0.1241722,0.073955,0.397351,0.5198675,0.6518519,0.0,0.0222222,0.2105263,0.0,1.0,0.245614,0.0571429,0.75,10.609081944147828
280.0,0.525,0.0,0.05,0.0601504,0.9428571,0.0,0.7974684,0.0,0.0,0.2403846,0.0,0.9873418,0.25,0.3809524,0.0,9.615805480084347
5290.0,0.431569,0.7291115,0.0799622,0.0661789,0.605104,0.2780718,0.6872852,0.0027491,0.062543,0.0900563,0.6206186,0.9896907,0.1969981,0.1152263,0.2,10.736418414365376
1758.0,0.4527873,0.5944255,0.1928328,0.1746362,0.8572241,0.0170648,0.6858476,0.0046656,0.0124417,0.0694645,0.5163297,0.9984448,0.2720695,0.1871921,0.6666667,9.692828247710418
79.0,0.5189873,0.0,0.2025316,0.1315789,0.8481013,0.0,0.6764706,0.0,0.0294118,0.1904762,0.0,1.0,0.2619048,0.0,1.0,9.615805480084347
399.0,0.4611529,0.0,0.122807,0.055814,0.7869674,0.1378446,0.7946429,0.0089286,0.0535714,0.104,0.0,1.0,0.2,0.2777778,0.6666667,11.297266335365645
3211.0,0.4699471,0.1644348,0.0952974,0.0728555,0.9081283,0.0009343,0.7816377,0.0008271,0.0223325,0.034345,0.1480562,0.9925558,0.2388179,0.0705394,0.7142857,10.851296331126829
18.0,0.3333333,0.0,0.1111111,0.0833333,1.0,0.0,1.0,0.0,0.0,0.2,0.0,1.0,0.6,0.5,0.0,0.0
391.0,0.455243,0.0,0.3069054,0.1924883,0.8439898,0.0,0.6590909,0.0,0.0056818,0.2542373,0.0,0.9545455,0.3516949,0.0588235,0.2857143,9.615805480084347
95.0,0.5263158,0.0,0.2105263,0.1111111,0.9578947,0.0,0.8918919,0.0,0.0,0.0512821,0.0,1.0,0.2051282,0.2,0.0,9.615805480084347
154.0,0.525974,0.0,0.2272727,0.0958904,0.9090909,0.0,0.779661,0.0,0.0169492,0.1060606,0.0,1.0,0.1515152,0.2,0.0,10.184937747111391
15607.0,0.44967,0.9572628,0.1036074,0.1120037,0.8740309,0.0027552,0.6864693,0.0041725,0.051063,0.1006076,0.9519173,0.9560898,0.6760186,0.2183191,0.5192308,10.434145214930487
68.0,0.4852941,0.0,0.2058824,0.0285714,0.9411765,0.0,0.8333333,0.0,0.0,0.1428571,0.0,1.0,0.1785714,0.1666667,0.0,9.615805480084347
29132.0,0.4996911,0.0105382,0.051936,0.0306003,0.8926267,0.0062131,0.7947191,0.0049633,0.0674012,0.0277,0.0101251,0.9841175,0.1506611,0.0858565,0.1052632,11.74006900564972
792.0,0.4469697,0.0,0.2159091,0.1575342,0.8472222,0.0,0.6647059,0.0,0.0205882,0.1099476,0.0,0.9970588,0.4319372,0.0847458,1.0,9.615805480084347
1821.0,0.483251,0.0016474,0.1471719,0.1105207,0.9000549,0.0,0.764622,0.0042796,0.0171184,0.0236769,0.0,0.9971469,0.1991643,0.0326797,0.5,10.616461869895815
1855.0,0.4921833,0.0005391,0.122372,0.0955414,0.8738544,0.0,0.7152682,0.0041265,0.0233838,0.0332447,0.0013755,0.9876204,0.2845745,0.0485437,0.25,10.609081944147828
4846.0,0.4471729,0.5394139,0.202435,0.1724524,0.8058192,0.0233182,0.6174395,0.0030242,0.0252016,0.1186139,0.4868952,0.9949597,0.3567303,0.1086957,0.7407407,9.615805480084347
125.0,0.544,0.032,0.048,0.1052632,0.92,0.0,0.7777778,0.0,0.0,0.2241379,0.0222222,1.0,0.3965517,0.0,0.0,10.077482875583607
336.0,0.4702381,0.0,0.0446429,0.011236,0.9553571,0.0,0.8764045,0.011236,0.0337079,0.127451,0.0,0.988764,0.0490196,0.4545455,0.0,11.026808713825016
2790.0,0.4827957,0.0204301,0.1605735,0.0644491,0.9444444,0.0,0.8530043,0.0,0.0171674,0.0321911,0.0085837,0.9688841,0.0913811,0.16,0.8181818,13.110697596006878
6837.0,0.4654088,0.0147726,0.1550388,0.128591,0.810882,0.0428551,0.6792,0.0068,0.0584,0.069248,0.0128,0.9944,0.3790022,0.070122,0.6,11.61549107852535
369.0,0.4390244,0.0,0.1490515,0.115942,0.897019,0.0,0.7372263,0.0,0.0145985,0.0986842,0.0,1.0,0.1381579,0.0666667,0.0,9.957075711706057
593.0,0.455312,0.0,0.1500843,0.1176471,0.8246206,0.0219224,0.6457399,0.0044843,0.0493274,0.2283737,0.0,0.9955157,0.2698962,0.1090909,1.0,10.494075844768336
10982.0,0.4806957,0.0142051,0.1357676,0.0980186,0.8519395,0.0084684,0.7137154,0.0023485,0.0598873,0.042931,0.0166745,0.9668859,0.3099573,0.0463499,0.7021277,11.993504229837974
1189.0,0.4970563,0.0025231,0.1387721,0.1020067,0.8881413,0.0,0.7344111,0.0046189,0.0300231,0.0728051,0.0,0.9953811,0.2376874,0.1418919,0.8571429,10.094149233605084
42.0,0.4761905,0.0,0.0714286,0.0454545,0.9761905,0.0,0.9230769,0.0,0.0,0.1333333,0.0,1.0,0.4,0.3333333,1.0,9.615805480084347
4102.0,0.4712335,0.0670405,0.1757679,0.132319,0.8703072,0.0099951,0.7239488,0.0018282,0.0188909,0.0318584,0.0682511,0.9957343,0.2088496,0.029724,0.25,10.633472802314019
1794.0,0.4949833,0.0,0.1566332,0.1059603,0.9091416,0.0,0.7936508,0.002886,0.021645,0.0142248,0.0,0.998557,0.170697,0.0840336,0.5,11.352768449837729
1962.0,0.4663609,0.0056065,0.2206932,0.1747851,0.8363914,0.0259939,0.681701,0.0064433,0.0167526,0.1727079,0.0103093,0.943299,0.2782516,0.1472393,0.8,9.923339198238729
9036.0,0.479637,0.2664896,0.0982736,0.0825181,0.9216467,0.0135015,0.8221088,0.0037415,0.0173469,0.0636943,0.2479592,0.9962585,0.2353503,0.1443149,0.5111111,10.815790343132422
13670.0,0.4824433,0.0272129,0.1198244,0.0930035,0.8258961,0.0056328,0.6811008,0.0090454,0.0908391,0.04573,0.0225173,0.9270593,0.4927456,0.1040332,0.1791045,11.720760435616398
1256.0,0.4872611,0.6791401,0.0843949,0.1071429,0.7085987,0.2285032,0.7659574,0.0,0.006079,0.06,0.6960486,0.9969605,0.2971429,0.1940299,1.0,9.918425424900335
205.0,0.5317073,0.0,0.2682927,0.1354167,0.9170732,0.0,0.7777778,0.0,0.0138889,0.04,0.0,1.0,0.12,0.0,1.0,9.918425424900335
3721.0,0.4630476,0.0104811,0.1719968,0.1271271,0.704918,0.0051062,0.5504926,0.0012315,0.1299261,0.1908321,0.0098522,0.9907635,0.4090683,0.0419092,0.66,11.818209214992565
224.0,0.5357143,0.0,0.0625,0.0288462,0.9508929,0.0,0.8513514,0.0,0.0,0.075,0.0,0.9594595,0.0875,0.1428571,1.0,10.315630315397533
2703.0,0.4827969,0.1572327,0.2068073,0.1344778,0.8139105,0.0706622,0.73746,0.0106724,0.0437567,0.1901469,0.1152615,0.9188901,0.4226448,0.1324201,0.2857143,10.75579427616868
171.0,0.5555556,0.0,0.1461988,0.0657895,0.9122807,0.0,0.7727273,0.0,0.0,0.0833333,0.0,1.0,0.2916667,0.1,0.0,9.717218213494077
3204.0,0.4566167,0.4107366,0.17603,0.1625503,0.8614232,0.0209114,0.7100737,0.001638,0.014742,0.0460938,0.3480753,1.0,0.353125,0.0824468,1.0,10.285376924115587
1205.0,0.4414938,0.3004149,0.1875519,0.1812779,0.86639,0.0,0.6916836,0.0040568,0.0141988,0.0662879,0.2778905,0.9979716,0.3901515,0.0787879,0.8,9.770013301136158
6753.0,0.4562417,0.0031097,0.210425,0.1595861,0.764401,0.041315,0.6023125,0.0073581,0.0466013,0.0621098,0.0031535,0.9877365,0.4465988,0.0879285,0.483871,10.428245666832275
3755.0,0.4668442,0.0745672,0.1688415,0.1503497,0.8351531,0.0151798,0.667744,0.0032321,0.021978,0.103708,0.062702,0.9754363,0.4061414,0.1064189,0.5555556,10.43708198835482
6130.0,0.4714519,0.0040783,0.1438825,0.1095679,0.8424144,0.002447,0.6879518,0.0064257,0.0538153,0.0318818,0.0036145,0.997992,0.2550544,0.0598194,0.375,10.811766273800105
1309.0,0.4545455,0.0007639,0.2001528,0.1582633,0.8181818,0.0,0.6111111,0.0034722,0.0208333,0.0383973,0.0017361,0.9982639,0.3388982,0.0043668,0.5,10.332050506334692
1359.0,0.4760854,0.0684327,0.1309787,0.1067416,0.8668138,0.0,0.7185741,0.0056285,0.043152,0.0681818,0.0581614,0.9868668,0.3461538,0.0561798,0.5,10.766398604507042
400.0,0.43,0.4325,0.1675,0.122807,0.89,0.0,0.7207792,0.0,0.0064935,0.1491713,0.4285714,0.9935065,0.5303867,0.0909091,1.0,10.056251557087757
252.0,0.4722222,0.0,0.0793651,0.0977444,0.8531746,0.0,0.6170213,0.0,0.0106383,0.1047619,0.0,0.9042553,0.3142857,0.1935484,0.0,10.150386692204734
25399.0,0.4691917,0.0065751,0.1622899,0.1122979,0.6323871,0.1318556,0.5667452,0.0041783,0.1106707,0.035943,0.0034283,0.996036,0.3817393,0.0629782,0.3414634,10.526775414924009
914.0,0.4321663,0.0065646,0.2910284,0.2235067,0.7166302,0.1203501,0.6225895,0.0,0.030303,0.118932,0.0082645,0.9917355,0.3495146,0.0408163,0.6666667,10.74507628970625
320.0,0.503125,0.0,0.090625,0.081761,0.903125,0.0,0.7837838,0.0,0.045045,0.0512821,0.0,1.0,0.1880342,0.0,0.0,9.674137279312397
3961.0,0.4763948,0.0035345,0.1234537,0.0930569,0.8858874,0.0217117,0.7730148,0.002811,0.0245959,0.0462466,0.0035137,0.9957836,0.1829759,0.1010929,0.3846154,11.74006900564972
566.0,0.4734982,0.0,0.1360424,0.0805369,0.9240283,0.0,0.7692308,0.0,0.0054945,0.0421053,0.0,0.9945055,0.1789474,0.4166667,0.5,10.650199196425806
5695.0,0.4737489,0.1030729,0.1720808,0.1044378,0.900439,0.0059701,0.7744253,0.0,0.0249042,0.0150943,0.0833333,0.9942529,0.129717,0.0708447,0.2857143,11.65789988570203
968.0,0.4731405,0.0010331,0.2221074,0.1941176,0.8109504,0.1022727,0.7475728,0.0032362,0.012945,0.0692771,0.0,0.9967638,0.1475904,0.1511628,1.0,10.264687244346277
915.0,0.5005464,0.0,0.1781421,0.0897155,0.8797814,0.0,0.7304582,0.0053908,0.0188679,0.1700224,0.0,0.9946092,0.310962,0.0434783,0.6666667,10.499600568082863
1444.0,0.4397507,0.1031856,0.2319945,0.1742892,0.8116343,0.0927978,0.746063,0.003937,0.015748,0.1271478,0.0944882,1.0,0.45189,0.1096774,0.8666667,10.247112717290387
194.0,0.4536082,0.0103093,0.185567,0.1132075,0.9175258,0.0,0.8026316,0.0,0.0131579,0.0379747,0.0131579,1.0,0.1139241,0.0,0.0,10.491301994830229
190.0,0.4736842,0.0,0.1473684,0.09,0.8894737,0.0,0.7361111,0.0,0.0277778,0.1219512,0.0,0.9861111,0.2073171,0.1818182,1.0,9.820160289946374
426.0,0.4953052,0.0,0.2793427,0.1860465,0.8075117,0.0,0.6190476,0.010582,0.042328,0.0689655,0.0,0.994709,0.1921182,0.0263158,0.6666667,9.615805480084347
494.0,0.4757085,0.0,0.1842105,0.1312741,0.8481781,0.0,0.6633166,0.0050251,0.0301508,0.0913242,0.0,0.9899497,0.2100457,0.0697674,1.0,9.615805480084347
1963.0,0.5099338,0.0010188,0.1003566,0.0977131,0.9057565,0.0010188,0.7526395,0.0030166,0.0196078,0.138961,0.0,0.2820513,0.4493506,0.1308017,0.6521739,10.069044362997353
1532.0,0.4915144,0.0,0.1253264,0.0641849,0.9451697,0.0,0.8275862,0.0,0.0114943,0.0803383,0.0,0.9678161,0.1606765,0.3218391,0.9,10.53212287826962
2152.0,0.4981413,0.0274164,0.0841078,0.0518519,0.6840149,0.0,0.53814,0.0052247,0.153605,0.0859599,0.0250784,0.9655172,0.4116523,0.027027,0.7407407,11.426288563310505
35.0,0.6285714,0.0,0.2857143,0.0769231,0.7142857,0.0,0.4736842,0.0,0.0,0.2692308,0.0,1.0,0.5,0.5,0.0,10.900454637442037
1404.0,0.468661,0.0007123,0.1588319,0.1206434,0.8746439,0.0,0.7119565,0.0018116,0.0289855,0.0499139,0.0,0.9981884,0.2908778,0.1020408,0.5,10.401258331428318
908.0,0.5044053,0.0011013,0.0792952,0.0622222,0.8854626,0.0099119,0.7254237,0.0067797,0.0372881,0.1643059,0.0,0.959322,0.407932,0.1683168,0.6666667,10.192456296870509
3053.0,0.4972159,0.0,0.0887651,0.07557,0.9259745,0.0,0.811553,0.0028409,0.0208333,0.078534,0.0,0.9914773,0.3987784,0.1145833,1.0,10.130662964963708
113504.0,0.4721067,0.2087327,0.1443209,0.1058447,0.785012,0.0418223,0.6323595,0.0040688,0.0518054,0.0680481,0.172114,0.9881937,0.3525694,0.0843349,0.4444444,10.367253014814716
71.0,0.5211268,0.0,0.056338,0.0294118,0.943662,0.0,0.8518519,0.0,0.0,0.0689655,0.0,1.0,0.0689655,0.0,0.0,9.933094897288786
1304.0,0.4746933,0.0,0.1679448,0.1532847,0.8496933,0.0322086,0.7295082,0.0061475,0.0368852,0.0827068,0.0,1.0,0.387218,0.04,0.6666667,10.534785924769006
10084.0,0.4724316,0.2038873,0.163328,0.1171053,0.810591,0.0523602,0.6948459,0.0024543,0.0561767,0.0640633,0.1388056,0.8941914,0.2240939,0.11,0.3365385,11.300981463909618
4260.0,0.4870892,0.4,0.0532864,0.0549199,0.9176056,0.0,0.798105,0.0036443,0.0466472,0.0828877,0.3418367,0.9861516,0.3629679,0.1681416,0.5517241,10.540090836284206
2515.0,0.4759443,0.333996,0.1045726,0.1198786,0.8703777,0.0151093,0.7304348,0.0032609,0.0315217,0.1271347,0.2923913,0.9956522,0.3149905,0.1161616,0.6666667,10.510559281627845
466.0,0.4742489,0.0,0.2145923,0.1387755,0.8819742,0.0,0.7287234,0.0053191,0.0053191,0.1296296,0.0,1.0,0.2824074,0.2916667,0.6666667,9.615805480084347
499.0,0.4589178,0.004008,0.1442886,0.1962963,0.8617234,0.0,0.6804124,0.0051546,0.0206186,0.1261261,0.0051546,1.0,0.4684685,0.1125,0.0,9.615805480084347
145.0,0.4896552,0.0,0.4068966,0.2162162,0.7517241,0.0,0.5526316,0.0,0.0263158,0.173913,0.0,1.0,0.3152174,0.0625,1.0,9.615805480084347
1934.0,0.4700103,0.0010341,0.2026887,0.1482927,0.8821096,0.0,0.7356771,0.0,0.0286458,0.1661238,0.0013021,0.9869792,0.2464712,0.0983607,0.2631579,11.344518647594766
824.0,0.4745146,0.0048544,0.2196602,0.1547344,0.8543689,0.0,0.6763848,0.0029155,0.0174927,0.0550964,0.0029155,1.0,0.261708,0.0273973,1.0,9.735128070758227
152.0,0.5,0.0,0.1052632,0.0526316,0.9342105,0.0,0.8,0.0,0.0,0.1666667,0.0,1.0,0.2166667,0.375,0.0,9.735128070758227
5699.0,0.5265836,0.0626426,0.0401825,0.044848,0.8838393,0.0003509,0.7802482,0.0103413,0.0837642,0.0759675,0.0615305,0.9653568,0.3139035,0.1368268,0.1944444,11.474195031610165
648.0,0.4830247,0.0,0.1265432,0.1074627,0.8858025,0.0,0.7261411,0.0,0.033195,0.036,0.0,0.9958506,0.276,0.0222222,1.0,10.614007941153417
296.0,0.5101351,0.0,0.1182432,0.0758621,0.8614865,0.0,0.728972,0.0186916,0.0747664,0.1507937,0.0,0.9813084,0.2063492,0.0588235,0.8333333,9.615805480084347
3630.0,0.5066116,0.0090909,0.1283747,0.1044109,0.7807163,0.015427,0.6255452,0.0037383,0.0766355,0.5197487,0.0049844,0.9894081,0.6220826,0.0559701,0.3888889,10.956073354557526
4057.0,0.4675869,0.0012324,0.1579985,0.1287037,0.8198176,0.0510229,0.7143817,0.0053763,0.0477151,0.0343933,0.000672,0.9939516,0.3270604,0.0530303,0.0,10.542732775946709
160.0,0.49375,0.025,0.19375,0.1481481,0.88125,0.0,0.7230769,0.0,0.0153846,0.084507,0.0153846,1.0,0.3802817,0.0,0.0,9.615805480084347
140.0,0.4928571,0.0,0.1357143,0.0985915,0.8428571,0.0,0.6909091,0.0,0.0909091,0.0178571,0.0,0.9818182,0.0892857,0.0,0.0,11.023551435004947
1818.0,0.4746975,0.0231023,0.1364136,0.1015707,0.880088,0.0,0.722963,0.0074074,0.0355556,0.0315638,0.0222222,0.9881481,0.2180775,0.0528846,0.875,10.650199196425806
830.0,0.4759036,0.0024096,0.126506,0.0988506,0.9301205,0.0,0.8141892,0.0,0.0101351,0.0451613,0.0033784,0.9966216,0.1322581,0.1269841,0.3333333,10.404293143019792
1294.0,0.4714065,0.2488408,0.0965997,0.0877193,0.923493,0.0046368,0.8065268,0.004662,0.016317,0.0529801,0.2424242,0.997669,0.1214128,0.2673267,0.0,10.657282884047461
638.0,0.4278997,0.7225705,0.1896552,0.1315068,0.8667712,0.0,0.6944444,0.0039683,0.0277778,0.0902527,0.5952381,0.9960317,0.5054152,0.0869565,0.1666667,10.623787731088578
2129.0,0.4645373,0.0004697,0.1474871,0.1254386,0.8853922,0.0,0.7256741,0.0011723,0.010551,0.0728261,0.0,0.996483,0.2978261,0.0666667,0.625,10.332050506334692
1871.0,0.4575094,0.0,0.2234099,0.1684729,0.8289685,0.0197755,0.6793893,0.0038168,0.0318066,0.0507246,0.0,0.9949109,0.2342995,0.0473684,1.0,10.474495347310453
13597.0,0.4670883,0.0175774,0.1976171,0.1322109,0.8587924,0.0,0.6970027,0.0010899,0.0357856,0.0364082,0.0156222,0.9885559,0.2919657,0.025019,0.3378378,12.10625783509458
222.0,0.4324324,0.7252252,0.2027027,0.1428571,0.8603604,0.0,0.6547619,0.0,0.0238095,0.1683168,0.6904762,1.0,0.2970297,0.2142857,1.0,9.615805480084347
933.0,0.4780279,0.0042872,0.192926,0.174538,0.7545552,0.0,0.5521327,0.0094787,0.0758294,0.2214022,0.0047393,0.9834123,0.4630996,0.05,1.0,11.235866764155578
342.0,0.4883041,0.0,0.2748538,0.2285714,0.7836257,0.0,0.5886076,0.0,0.0506329,0.1270718,0.0,1.0,0.3867403,0.0444444,0.4,9.711176264112805
388.0,0.4768041,0.0,0.1469072,0.1182266,0.9381443,0.0,0.8413793,0.0,0.0068966,0.0397351,0.0,0.9931034,0.1125828,0.1,0.0,10.616461869895815
451.0,0.4456763,0.0,0.2416851,0.148,0.8248337,0.0,0.6777251,0.0047393,0.042654,0.0231481,0.0,1.0,0.0185185,0.0625,0.0,11.041336579870135
1295.0,0.4779923,0.0,0.169112,0.091716,0.8857143,0.0,0.7645914,0.0097276,0.0350195,0.1867089,0.0,0.9610895,0.403481,0.1395349,0.3333333,11.3655964644899
8.0,0.625,0.0,0.25,0.0,0.75,0.0,0.6,0.0,0.0,0.8958333,0.0,1.0,0.875,0.0,0.0,10.499600568082863
5530.0,0.4846293,0.0041591,0.1256781,0.0919298,0.9189873,0.0,0.7931727,0.00251,0.0125502,0.0353511,0.0050201,0.998996,0.2232446,0.0865604,0.3125,10.87806606028079
14292.0,0.4888749,0.0297369,0.0790652,0.0590007,0.9049818,0.0015393,0.7768531,0.0021289,0.0309657,0.0374441,0.0288368,0.9965164,0.1907601,0.0412844,0.4074074,10.954326659732555
803.0,0.4956413,0.0,0.139477,0.0962963,0.9090909,0.0,0.7966667,0.01,0.02,0.0506329,0.0,0.99,0.1582278,0.0666667,0.6666667,10.192456296870509
135.0,0.4888889,0.0,0.2444444,0.1304348,0.8592593,0.0,0.6909091,0.0,0.0363636,0.2666667,0.0,1.0,0.44,0.1578947,0.5,9.69898173460629
4234.0,0.4546528,0.4652811,0.1745394,0.1749675,0.8469532,0.0240907,0.6781036,0.0024953,0.0155958,0.0933258,0.404242,0.9987523,0.3964932,0.124487,0.6363636,9.975854724662028
1061.0,0.4835061,0.0,0.1187559,0.0675182,0.931197,0.0,0.8075802,0.0058309,0.0116618,0.1020942,0.0,0.9766764,0.2853403,0.1309524,0.3333333,10.829748417047593
645.0,0.5116279,0.0,0.0821705,0.0571429,0.9178295,0.0,0.8008475,0.0042373,0.0254237,0.0207469,0.0,1.0,0.1576763,0.0333333,0.0,10.835671318412196
6051.0,0.4681871,0.0011568,0.2467361,0.1619018,0.7795406,0.0563543,0.632983,0.0024252,0.0282943,0.1370771,0.0012126,0.9939369,0.3972794,0.0711656,0.5675676,10.281958234245314
433.0,0.4665127,0.3441109,0.1224018,0.1298701,0.9191686,0.0,0.7718121,0.0,0.0067114,0.0802469,0.261745,1.0,0.2469136,0.1935484,1.0,10.188704088048116
933.0,0.43194,0.1886388,0.1822079,0.1943396,0.8199357,0.0128617,0.6666667,0.0072993,0.0364964,0.0927152,0.1654501,0.9951338,0.3377483,0.0633803,0.5,10.344995251991222
53.0,0.4528302,0.0,0.2830189,0.137931,0.9056604,0.0,0.7727273,0.0,0.0,0.1538462,0.0,1.0,0.3846154,0.25,0.0,9.723223876851618
22580.0,0.5033658,0.0117803,0.0752436,0.0651864,0.9236492,0.011116,0.8135984,0.0051482,0.0417184,0.0277874,0.0150897,0.2884786,0.5819814,0.4000782,0.1891892,11.757446872843532
452.0,0.4690265,0.0066372,0.3384956,0.2875,0.7278761,0.1061947,0.6165803,0.0,0.0051813,0.2371542,0.0,1.0,0.284585,0.0769231,0.875,9.615805480084347
485.0,0.4783505,0.0,0.1381443,0.0671937,0.9237113,0.0,0.8100559,0.0,0.0167598,0.1005025,0.0,1.0,0.2060302,0.1111111,0.5,9.615805480084347
714.0,0.4971989,0.0014006,0.1820728,0.1002786,0.9257703,0.0,0.8303887,0.0,0.0176678,0.0241379,0.0035336,0.9929329,0.0172414,0.0,0.2,11.031674824544641
14013.0,0.472918,0.0045672,0.1887533,0.1241538,0.8215942,0.0044245,0.6572414,0.0077586,0.0598276,0.1287367,0.0039655,0.9165517,0.5526513,0.1196911,0.3909774,10.847412906506923
3876.0,0.4561404,0.1953044,0.1769866,0.154649,0.878225,0.0,0.7192871,0.0019096,0.0171865,0.0659929,0.1756843,0.9968173,0.3085612,0.0891566,0.6153846,10.281958234245314
97.0,0.4948454,0.3092784,0.2680412,0.2244898,0.9072165,0.0,0.7692308,0.0,0.0,0.25,0.2820513,1.0,0.1923077,0.1666667,0.0,10.177362240256695
837.0,0.4814815,0.0023895,0.2461171,0.202765,0.8434886,0.0,0.6676471,0.0117647,0.0411765,0.1029024,0.0058824,0.9823529,0.1794195,0.0555556,1.0,9.966509298952284
576.0,0.4548611,0.0,0.234375,0.1878981,0.8420139,0.0173611,0.675,0.0,0.0125,0.047619,0.0,1.0,0.2063492,0.0625,0.0,10.169728906753061
1058.0,0.4914934,0.0548204,0.0151229,0.0204461,0.9555766,0.0,0.8881988,0.0,0.0279503,0.0182927,0.0465839,0.9875776,0.0091463,0.2258065,0.6666667,10.889323003601277
249.0,0.5100402,0.0,0.1807229,0.147541,0.8714859,0.0,0.6868687,0.0,0.010101,0.2384615,0.0,0.989899,0.2615385,0.1363636,0.8571429,9.642187721358466
270.0,0.4481481,0.0148148,0.3888889,0.3557047,0.562963,0.3518519,0.6818182,0.0,0.030303,0.0294118,0.0,0.969697,0.1764706,0.1111111,0.0,9.883335864325275
9611.0,0.4710228,0.0773073,0.1742795,0.1099528,0.8080325,0.0,0.6206019,0.0009259,0.0425926,0.0406396,0.0763889,0.9935185,0.3328892,0.0105525,0.4210526,11.3350062038375
121697.0,0.4737586,0.0851705,0.2309096,0.1674682,0.7858123,0.0094661,0.6042832,0.003289,0.06164,0.1642734,0.0608461,0.9085513,0.5561506,0.0643797,0.4165637,11.075985169527042
1717.0,0.4822365,0.0,0.1817123,0.1383577,0.8969132,0.0,0.7550725,0.0,0.0101449,0.0469613,0.0,0.9985507,0.2900552,0.1229508,1.0,10.110542371500753
110330.0,0.4842744,0.0181456,0.0576181,0.043181,0.8012961,0.0197045,0.6872842,0.0035273,0.1159053,0.0465171,0.0166431,0.9522568,0.3430047,0.0627978,0.2076372,12.339733404786474
422.0,0.485782,0.0,0.1563981,0.0691244,0.950237,0.0,0.8484848,0.0,0.0075758,0.175,0.0,0.9924242,0.14375,0.0625,0.5,10.566201298475118
261.0,0.467433,0.0,0.1685824,0.1654676,0.9157088,0.0,0.8018868,0.0,0.009434,0.1382114,0.0,1.0,0.2926829,0.1304348,0.5,9.615805480084347
1112.0,0.4928058,0.0971223,0.2077338,0.1826241,0.7688849,0.0971223,0.6666667,0.0076336,0.0254453,0.1475054,0.1043257,0.9974555,0.3318872,0.1616162,0.4545455,9.615805480084347
1280.0,0.50625,0.003125,0.11875,0.0474684,0.9359375,0.0,0.86,0.0,0.022,0.1055456,0.002,0.998,0.0572451,0.137931,0.3636364,11.876185678347824
954.0,0.4832285,0.2316562,0.1215933,0.1034483,0.8752621,0.009434,0.7492625,0.0,0.0501475,0.0230548,0.2212389,0.8820059,0.2680115,0.1217391,1.0,11.219909190927746
3536.0,0.501414,0.0019796,0.0890837,0.0550199,0.9346719,0.0169683,0.8457031,0.0029297,0.0107422,0.0429907,0.0,0.9365234,0.2859813,0.1934156,0.625,10.568775236216993
597.0,0.4539363,0.0,0.1758794,0.1840491,0.8559464,0.0,0.6756757,0.0,0.007722,0.0848057,0.0,0.996139,0.3392226,0.0597015,0.3333333,10.047631185616188
11141.0,0.4776052,0.0543039,0.244592,0.1725086,0.7608832,0.0157077,0.5993232,0.0039809,0.0796178,0.1111111,0.0417994,0.9862659,0.4456829,0.0632724,0.3305785,10.714439990727769
2576.0,0.486413,0.0201863,0.1323758,0.106576,0.8396739,0.0283385,0.7028398,0.0030426,0.040568,0.0591603,0.0223124,0.9858012,0.3482824,0.0616438,0.75,10.874285408908944
41.0,0.5121951,0.0,0.4146341,0.15,0.804878,0.0,0.6818182,0.0,0.0454545,0.5849057,0.0,1.0,0.509434,0.0,0.0,9.615805480084347
5635.0,0.4658385,0.0012422,0.1889973,0.1295681,0.8383319,0.0202307,0.6858884,0.0070323,0.0403188,0.0413483,0.0004688,0.9657759,0.3303371,0.129397,0.7692308,10.65492722584759
13800.0,0.4932609,0.1249275,0.1063043,0.0980981,0.7804348,0.0563043,0.6391033,0.0016538,0.0457552,0.1068439,0.1065785,0.9625138,0.5330707,0.0639438,0.4306569,11.827013315851762
6281.0,0.4817704,0.0025474,0.1464735,0.1032258,0.8280529,0.0108263,0.6677253,0.0075427,0.0531957,0.0326421,0.0015879,0.9793569,0.4466206,0.070598,0.2307692,11.038126355768453
1268.0,0.4850158,0.0,0.3809148,0.1179173,0.8832808,0.0015773,0.7819421,0.0034072,0.0272572,0.0637959,0.0,0.9965928,0.2121212,0.0963855,0.2222222,11.161962746590705
85486.0,0.4850736,0.0357953,0.1625646,0.1123606,0.7717521,0.0189271,0.6040868,0.0031285,0.0847802,0.0392114,0.032159,0.8997182,0.4573224,0.0763768,0.2275641,12.521616693076714
123.0,0.4065041,0.6260163,0.2357724,0.1643836,0.8861789,0.0,0.6956522,0.0,0.0,0.1153846,0.5652174,1.0,0.1923077,0.0,0.0,9.913487387114461
9288.0,0.4836348,0.0278854,0.121447,0.0840284,0.8652024,0.0,0.7101488,0.0029224,0.0361318,0.1201496,0.0284272,0.9790117,0.2618046,0.0816832,0.5888889,10.633472802314019
9854.0,0.4834585,0.0982342,0.1053379,0.1035363,0.8370205,0.0,0.6520483,0.0049895,0.061187,0.0342379,0.1081933,0.9795168,0.413898,0.0381455,0.2666667,11.088292827848269
947.0,0.5068638,0.0073918,0.1151003,0.0856531,0.7930306,0.0,0.6177885,0.0048077,0.0793269,0.030303,0.0048077,0.9903846,0.4405594,0.0338164,0.0,10.75579427616868
131.0,0.4885496,0.0,0.259542,0.1940299,0.7099237,0.0,0.5,0.0147059,0.0294118,0.3461538,0.0,1.0,0.375,0.0555556,0.0,9.615805480084347
1536.0,0.4746094,0.0039062,0.1992188,0.1486989,0.8404948,0.0286458,0.6895425,0.0,0.0179739,0.0482115,0.0,0.995098,0.3437014,0.0457143,0.1666667,10.318935994253193
253.0,0.5454545,0.0,0.1264822,0.0695652,0.8577075,0.0079051,0.6888889,0.0,0.0555556,0.1089109,0.0,0.8222222,0.4554455,0.2093023,0.0,10.547995807489514
520.0,0.4096154,0.0,0.3423077,0.276873,0.6634615,0.2115385,0.6627907,0.0,0.0406977,0.0947368,0.0,0.9883721,0.3105263,0.1176471,1.0,10.173552856959743
3240.0,0.5003086,0.0969136,0.0382716,0.0358246,0.9231481,0.0,0.8047847,0.0047847,0.0363636,0.1037736,0.0870813,0.9703349,0.4716981,0.1778742,0.75,10.154285180632154
292.0,0.4828767,0.0068493,0.1575342,0.0927152,0.8732877,0.0,0.7288136,0.0084746,0.0254237,0.119403,0.0084746,0.9830508,0.2462687,0.047619,0.25,10.158168529848494
22.0,0.4545455,0.0,0.1363636,0.25,0.7272727,0.0,0.4,0.0,0.0,0.3333333,0.0,1.0,0.4666667,0.3333333,0.0,9.615805480084347
4156.0,0.4566891,0.1075553,0.1869586,0.159876,0.7815207,0.0317613,0.6097701,0.004023,0.041954,0.1086066,0.0977011,0.9965517,0.3944672,0.0564904,0.8157895,10.146472946063877
2322.0,0.5060293,0.0043066,0.0788114,0.0557977,0.92205,0.0,0.8202247,0.0074906,0.0324594,0.1245902,0.0037453,0.9912609,0.3868852,0.1705426,0.5714286,10.712215345197256
454.0,0.5044053,0.0,0.1960352,0.1644444,0.8480176,0.0,0.6614583,0.0052083,0.015625,0.2163265,0.0,0.9114583,0.3918367,0.02,0.7692308,9.661479683575521
510.0,0.4862745,0.0019608,0.1392157,0.1221374,0.9039216,0.0,0.7670455,0.0170455,0.0227273,0.1330049,0.0,1.0,0.2758621,0.0645161,0.4285714,9.798182590890704
218.0,0.4862385,0.3119266,0.1559633,0.1696429,0.8899083,0.0,0.7530864,0.0,0.0246914,0.1,0.2716049,1.0,0.2111111,0.0588235,0.5,10.239995502805316
27.0,0.5185185,0.0,0.0,0.0,0.9259259,0.0,0.8,0.0,0.0,0.6296296,0.0,0.9,0.7037037,0.1,0.0,0.0
4171.0,0.549029,0.017262,0.4046991,0.2147794,0.6358187,0.2128986,0.6416877,0.0031486,0.0333753,0.1611199,0.0025189,0.9848866,0.3291072,0.0592105,0.2298851,10.975088291957388
4117.0,0.4721885,0.0029147,0.1552101,0.1053843,0.8566918,0.0029147,0.6938286,0.0023966,0.0359497,0.0565291,0.0017975,0.9796285,0.4098361,0.0969305,0.3888889,10.407318772389159
710.0,0.4873239,0.0,0.2422535,0.1620879,0.8464789,0.0,0.6568627,0.003268,0.0065359,0.1380282,0.0,0.9901961,0.256338,0.2142857,0.6666667,9.888424674859083
22922.0,0.450397,0.0823227,0.1381206,0.1071599,0.6957072,0.0734229,0.5522417,0.0010792,0.0624939,0.0501351,0.0835868,0.9917591,0.3137639,0.0205907,0.3597122,11.195484970354173
2847.0,0.4703196,0.0035125,0.1334738,0.1014589,0.7421848,0.0,0.560472,0.0058997,0.0862832,0.0563674,0.0036873,0.9948378,0.3472512,0.0223776,0.6,11.065090289695444
1148.0,0.4825784,0.0,0.0966899,0.0858586,0.902439,0.0,0.7614458,0.0,0.0289157,0.0348837,0.0,1.0,0.2906977,0.0955882,0.0,10.491301994830229
679.0,0.466863,0.0,0.2842415,0.1823204,0.8129602,0.0014728,0.6207951,0.0,0.0061162,0.1185984,0.0,0.9877676,0.3180593,0.0384615,0.2,9.615805480084347
7739.0,0.4833958,0.0031012,0.0737821,0.0447724,0.9027006,0.0204161,0.8045526,0.0019623,0.0325746,0.0271096,0.0035322,0.9964678,0.146239,0.0258824,0.2083333,11.304682841344873
24376.0,0.4756318,0.5709304,0.0299475,0.0308246,0.883492,0.0,0.7461882,0.0034392,0.0586954,0.0938084,0.5617333,0.9792503,0.2020569,0.0865801,0.3450704,11.151969943847991
168.0,0.4940476,0.3392857,0.2380952,0.1647059,0.8511905,0.0,0.7301587,0.0,0.031746,0.1,0.2698413,0.984127,0.2571429,0.2142857,0.0,9.770013301136158
940.0,0.4287234,0.0010638,0.3010638,0.2458101,0.7840426,0.0723404,0.6552632,0.0,0.0105263,0.0865385,0.0,1.0,0.3221154,0.045045,0.0,10.278527816830314
152.0,0.5197368,0.0,0.0526316,0.0410959,0.9605263,0.0,0.8421053,0.0,0.0,0.0731707,0.0,1.0,0.7804878,0.25,0.0,10.428245666832275
11365.0,0.4733832,0.0011439,0.2103828,0.1055973,0.9384074,0.0,0.8426829,0.0007317,0.0114634,0.0210124,0.0007317,0.9746341,0.0382044,0.097561,0.2592593,11.94081068679887
1702.0,0.479436,0.0029377,0.1709753,0.1365688,0.646886,0.1086957,0.5327755,0.0069735,0.0920502,0.1070984,0.0013947,0.9972106,0.5006227,0.0289474,0.0,11.149096419938578
2860.0,0.4447552,0.5423077,0.163986,0.1505038,0.8695804,0.0125874,0.7052529,0.0009728,0.0291829,0.0628988,0.4659533,0.9941634,0.3217867,0.1495845,0.3076923,10.098272780745283
449.0,0.4565702,0.0022272,0.2783964,0.2213115,0.8218263,0.0,0.6180905,0.0050251,0.0150754,0.194332,0.0050251,1.0,0.3036437,0.0243902,1.0,9.615805480084347
1090.0,0.4568807,0.0165138,0.1486239,0.1621622,0.8798165,0.0,0.7175399,0.0,0.0136674,0.08159,0.0136674,0.9931663,0.3242678,0.0639535,0.3636364,10.392098241730961
331.0,0.4773414,0.0,0.2265861,0.1445087,0.836858,0.0,0.6641791,0.0074627,0.0447761,0.0694444,0.0,1.0,0.2083333,0.1111111,1.0,9.615805480084347
570.0,0.4666667,0.6017544,0.1403509,0.1513158,0.9052632,0.0,0.7323232,0.0,0.0050505,0.0917431,0.4949495,0.9949495,0.3165138,0.0888889,0.6666667,9.686636660844938
273.0,0.4871795,0.3150183,0.1794872,0.15,0.9010989,0.0,0.7619048,0.0,0.0190476,0.1463415,0.2666667,0.9904762,0.3170732,0.1,1.0,10.465984899076615
1151.0,0.4517811,0.0008688,0.2675934,0.2012678,0.7775847,0.0147698,0.5799257,0.0018587,0.0185874,0.0881356,0.0,1.0,0.3389831,0.0517241,0.5,10.370392636243981
20027.0,0.4945324,0.3389924,0.1090528,0.0906846,0.6346932,0.1669247,0.5834415,0.0020193,0.1189961,0.0959708,0.3379489,0.99149,0.4230017,0.0640805,0.5849057,10.614007941153417
180.0,0.4611111,0.0833333,0.1444444,0.1237113,0.9055556,0.0,0.7692308,0.0,0.0307692,0.084507,0.0769231,0.9846154,0.1971831,0.1111111,0.0,10.499600568082863
101.0,0.4752475,0.009901,0.0594059,0.0566038,0.960396,0.0,0.9032258,0.0,0.0322581,0.0882353,0.0,1.0,0.0,0.0,0.5,12.974561501205006
4088.0,0.4755382,0.0048924,0.1413894,0.0960821,0.9053327,0.0014677,0.77462,0.0026438,0.0185063,0.0188067,0.0033047,0.9834765,0.150454,0.0736196,0.2222222,10.55843949396453
5103.0,0.4634529,0.0013717,0.2010582,0.1457268,0.8204977,0.0403684,0.6853877,0.0044732,0.0298211,0.0368597,0.0,0.9945328,0.2996649,0.0829268,0.7272727,10.12667110305036
2920.0,0.4934932,0.0041096,0.1092466,0.0676133,0.9297945,0.0020548,0.8382937,0.0029762,0.0257937,0.0445498,0.0039683,0.9940476,0.0938389,0.1210191,0.375,11.408686542313973
1268.0,0.5323344,0.0007886,0.126183,0.0489039,0.8714511,0.0,0.7591522,0.0019268,0.0655106,0.4148816,0.0,0.9922929,0.4588501,0.048,0.9166667,10.791399385808587
1144.0,0.4807692,0.0,0.1346154,0.1127946,0.8846154,0.0,0.7596372,0.0090703,0.0430839,0.049569,0.0,0.9977324,0.2090517,0.0434783,1.0,10.638280388314705
5526.0,0.4835324,0.354144,0.1380746,0.1415557,0.8150561,0.0714803,0.7028177,0.0047847,0.0244551,0.0860058,0.2961191,0.9914939,0.3605442,0.1552707,0.6896552,10.150386692204734
2664.0,0.4692192,0.0007508,0.137012,0.1202263,0.8498498,0.0,0.6783088,0.0036765,0.0358456,0.0259624,0.0009191,0.9917279,0.3357207,0.0535332,0.6,10.685126264117057
1442.0,0.4930652,0.0006935,0.1137309,0.0834473,0.8911234,0.0,0.7434457,0.0037453,0.0299625,0.0582011,0.0,1.0,0.2010582,0.0763359,0.7142857,10.354595018522993
159789.0,0.4861161,0.244172,0.1000194,0.086722,0.8217274,0.0274612,0.6805798,0.0036792,0.0482254,0.0703112,0.201497,0.989914,0.3197694,0.0658522,0.3662145,10.968215530759236
273.0,0.5128205,0.0,0.0842491,0.0601504,0.8937729,0.0,0.73,0.01,0.01,0.047619,0.0,1.0,0.2857143,0.1538462,1.0,10.385944565501662
151.0,0.4834437,0.0,0.1854305,0.1410256,0.8940397,0.0,0.7288136,0.0,0.0,0.1805556,0.0,1.0,0.2361111,0.1428571,0.75,9.615805480084347
2373.0,0.5162242,0.0037927,0.0943953,0.0609756,0.8584071,0.0004214,0.6899619,0.0050826,0.0876747,0.1216518,0.0038119,0.935197,0.5736607,0.1796247,0.5,11.627155529627064
631.0,0.4928685,0.0570523,0.1885895,0.115625,0.8843106,0.0,0.7451737,0.003861,0.027027,0.0649819,0.03861,1.0,0.2202166,0.030303,1.0,10.499600568082863
802.0,0.4925187,0.0,0.1683292,0.1228501,0.8541147,0.0,0.6711409,0.0167785,0.033557,0.0509554,0.0,0.9932886,0.3057325,0.0921053,0.3333333,10.268165387743457
199.0,0.5276382,0.0,0.201005,0.1382979,0.8040201,0.0,0.6842105,0.0131579,0.0789474,0.1914894,0.0,0.9605263,0.3510638,0.0,0.0,10.510559281627845
14599.0,0.4808549,0.0100007,0.1522022,0.116902,0.7908076,0.0381533,0.6458848,0.0061816,0.0630519,0.0279828,0.0065348,0.9302367,0.4729614,0.1006401,0.0769231,11.372524818667134
2479.0,0.4993949,0.2150061,0.0762404,0.0717164,0.9019766,0.0,0.7720403,0.0075567,0.0465995,0.3825816,0.1813602,0.7947103,0.4564541,0.2310469,0.7142857,10.12667110305036
6821.0,0.5437619,0.0143674,0.0458877,0.0475578,0.9006011,0.0030787,0.8098633,0.0065359,0.087344,0.0426621,0.020202,0.1027926,0.6672355,0.3410596,0.3636364,10.785207543360087
1412.0,0.4808782,0.0,0.1466006,0.1227831,0.8774788,0.0,0.716094,0.0036166,0.0180832,0.0904605,0.0,0.9963834,0.2055921,0.0666667,0.6666667,10.12667110305036
1744.0,0.459289,0.0045872,0.1548165,0.1537646,0.8457569,0.0063073,0.658926,0.0014514,0.030479,0.122293,0.0014514,0.9927431,0.3707006,0.1077441,0.5,9.994287576862567
4784.0,0.5060619,0.0012542,0.1298077,0.0609395,0.9059365,0.0060619,0.8076923,0.0035503,0.0461538,0.0430351,0.0011834,0.9426036,0.2457531,0.1578947,0.6666667,11.336200219573199
1246.0,0.4695024,0.0746388,0.1693419,0.1664145,0.9093098,0.0,0.7673913,0.0,0.0130435,0.1015625,0.0782609,0.9913043,0.2714844,0.1025641,0.75,10.085850775128717
5474.0,0.4932408,0.0003654,0.0940811,0.0771449,0.9033613,0.0129704,0.7865229,0.0043127,0.0247978,0.0626579,0.0005391,0.8134771,0.3203638,0.1618705,0.5263158,10.576457535657255
21647.0,0.4678708,0.5181318,0.080935,0.0761351,0.8868203,0.0090544,0.7569659,0.004902,0.0380547,0.0452026,0.4752322,0.996388,0.3428994,0.0969821,0.4035088,10.385944565501662
8902.0,0.4631543,0.0089867,0.1678275,0.131199,0.7134352,0.1285104,0.640303,0.0039394,0.0436364,0.0314059,0.0039394,0.9969697,0.3090696,0.0571429,0.4444444,10.601647149919609
862.0,0.5011601,0.0,0.087007,0.0674419,0.9153132,0.0,0.7833333,0.0066667,0.02,0.1150442,0.0,0.9633333,0.3274336,0.0547945,1.0,10.589131655274922
1579.0,0.5041165,0.0012666,0.1722609,0.1174968,0.8708043,0.0,0.7213115,0.0029806,0.0223547,0.0981183,0.0014903,0.9985097,0.3521505,0.0238095,0.7142857,10.077482875583607
3208.0,0.4794264,0.0321072,0.1443267,0.1083832,0.8933915,0.0149626,0.7635328,0.005698,0.0246914,0.0444646,0.0389364,0.5242165,0.4546279,0.1768421,0.3333333,10.925956465688445
843.0,0.460261,0.2930012,0.1874259,0.1648352,0.8576512,0.0,0.6725664,0.0029499,0.0235988,0.1307692,0.2536873,1.0,0.3410256,0.1149425,1.0,10.016860879703811
697.0,0.4791966,0.0014347,0.143472,0.1212121,0.8794835,0.0086083,0.739777,0.0037175,0.0260223,0.0392857,0.0,0.9962825,0.175,0.047619,0.6,10.064798252418377
577.0,0.4714038,0.1733102,0.1230503,0.1409836,0.9098787,0.0,0.7857143,0.0,0.0190476,0.0666667,0.1714286,0.9952381,0.1777778,0.1621622,0.6666667,10.482933978579906
62.0,0.483871,0.0,0.2096774,0.1875,0.8548387,0.0,0.6666667,0.0,0.0,0.2702703,0.0,1.0,0.3513514,0.5,0.5,9.615805480084347
644.0,0.492236,0.0,0.1459627,0.1070336,0.8043478,0.0015528,0.6172414,0.0034483,0.037931,0.3958333,0.0,0.9517241,0.3625,0.0632911,0.8,11.170449240431308
432.0,0.4652778,0.0,0.224537,0.1645022,0.8541667,0.0,0.6571429,0.0,0.0171429,0.0789474,0.0,0.9942857,0.2105263,0.0294118,1.0,9.615805480084347
282.0,0.4858156,0.3368794,0.1453901,0.1793103,0.8723404,0.0,0.6730769,0.0,0.0096154,0.0458716,0.2596154,0.9807692,0.266055,0.2631579,1.0,9.6678285081515
1287.0,0.4801865,0.000777,0.1546232,0.1180867,0.8834499,0.0,0.7410359,0.0039841,0.0298805,0.0599251,0.001992,0.998008,0.2134831,0.042735,0.4,10.573903321093981
11482.0,0.5096673,0.0040934,0.0473785,0.0373002,0.9100331,0.0,0.8038964,0.0030761,0.053576,0.0660761,0.0028198,0.9953858,0.1958343,0.0898716,0.5263158,11.329014645967838
7559.0,0.4999339,0.0367774,0.0583411,0.0513228,0.9306787,0.0,0.8290875,0.0064845,0.0449282,0.0370205,0.0384437,0.6980083,0.4438002,0.2806673,0.0,10.971657815702502
13818.0,0.4934144,0.0286583,0.1442322,0.0754286,0.7757273,0.0006513,0.6199772,0.0073206,0.1026517,0.1872273,0.0222873,0.9759232,0.5649874,0.0674041,0.3518519,10.950824090522445
2648.0,0.4531722,0.3395015,0.2133686,0.1968232,0.7975831,0.0324773,0.6283525,0.0057471,0.0363985,0.1900698,0.3237548,0.9722222,0.3785881,0.1476323,0.6923077,9.867912187022208
969.0,0.5417957,0.0082559,0.1362229,0.0765766,0.7626419,0.0113519,0.5724299,0.0046729,0.0700935,0.3162939,0.0093458,0.9626168,0.7364217,0.1160714,0.1,10.857093336791094
10539.0,0.4759465,0.0054085,0.139387,0.1113525,0.8819622,0.0010437,0.7395278,0.0017771,0.0411272,0.0288462,0.0043158,0.9779132,0.2598619,0.0515152,0.65,11.962732764429129
4490.0,0.4868597,0.008686,0.1534521,0.0729167,0.9436526,0.0042316,0.8739837,0.001355,0.0196477,0.0199203,0.0060976,0.9749322,0.0491368,0.1111111,0.7272727,12.916816590886972
809.0,0.473424,0.0024722,0.1557478,0.0915493,0.8875155,0.0,0.74375,0.003125,0.021875,0.0643275,0.003125,1.0,0.2134503,0.0957447,0.25,10.318935994253193
13790.0,0.4600435,0.0023205,0.2100798,0.1496105,0.8570703,0.0017404,0.6880085,0.0007075,0.0270605,0.1173899,0.0014149,0.9494163,0.403684,0.0343019,0.53125,11.960817678718287
1912.0,0.4816946,0.001046,0.123431,0.086781,0.9220711,0.0,0.8101449,0.0014493,0.0202899,0.0128755,0.0,0.9956522,0.1988555,0.0707965,0.0,10.783135046711445
5940.0,0.4915825,0.0106061,0.0983165,0.0857616,0.8801347,0.0109428,0.751938,0.005814,0.0479651,0.0282486,0.0072674,0.9946705,0.2702448,0.0502092,0.375,11.140425970684525
516.0,0.4573643,0.0290698,0.1627907,0.1464286,0.877907,0.0,0.7302326,0.0,0.0232558,0.0772532,0.027907,0.9906977,0.2703863,0.04,1.0,10.442929787247998
1725.0,0.4765217,0.0017391,0.2805797,0.200443,0.7936232,0.0504348,0.6437588,0.0,0.0210379,0.1008827,0.0014025,0.997195,0.3354351,0.0492611,0.5384615,10.27163147557801
8242.0,0.4560786,0.0126183,0.1777481,0.1418693,0.8121815,0.0,0.6141975,0.0005612,0.0356341,0.0294118,0.013468,0.9876543,0.3592048,0.0380665,0.3333333,12.118884889350285
63.0,0.4920635,0.0,0.1904762,0.21875,0.8888889,0.0,0.7083333,0.0,0.0,0.2258065,0.0,1.0,0.2258065,0.5,0.0,9.985113621416073
2481.0,0.4744055,0.0044337,0.2095929,0.1434049,0.8254736,0.0261991,0.6573146,0.003006,0.0220441,0.1964573,0.004008,0.6743487,0.3470209,0.1114754,0.5813953,9.615805480084347
146.0,0.5,0.0136986,0.1712329,0.109589,0.8835616,0.0,0.6964286,0.0,0.0,0.0508475,0.0,1.0,0.2542373,0.0666667,0.0,9.952325334619427
3980.0,0.4630653,0.1668342,0.2344221,0.1717361,0.7761307,0.0221106,0.606868,0.0029603,0.062759,0.4332215,0.1213736,0.9715808,0.1687919,0.0566406,0.4512195,11.989165855127435
2270.0,0.4726872,0.0,0.1167401,0.1035923,0.8982379,0.0330396,0.826087,0.0079051,0.0197628,0.0380228,0.0,0.997365,0.1888466,0.1341463,0.5,10.50783084142058
4456.0,0.4634201,0.0002244,0.1604578,0.1739858,0.8702873,0.002693,0.7087432,0.0010929,0.0147541,0.0827068,0.0005464,0.9972678,0.3568922,0.0571924,0.3478261,10.471666571132038
3456.0,0.4968171,0.0972222,0.1004051,0.079931,0.9152199,0.0,0.8008097,0.0048583,0.0275304,0.0721262,0.0947368,0.9935223,0.2516905,0.1057269,0.5384615,10.537441898283253
351.0,0.4814815,0.0,0.0683761,0.0384615,0.9259259,0.0,0.7946429,0.0089286,0.0089286,0.0666667,0.0,1.0,0.125,0.24,0.0,10.534785924769006
4068.0,0.5511308,0.0093412,0.0277778,0.0284775,0.7684366,0.0887414,0.7024276,0.0125294,0.1064996,0.1480987,0.0046985,0.9749413,0.4282855,0.0917431,0.9032258,11.369066641827967
31300.0,0.4920447,0.0412141,0.094377,0.0791245,0.7923962,0.0165815,0.650359,0.0043399,0.0887714,0.0462824,0.0460033,0.9879271,0.3918573,0.0585184,0.3272727,10.75579427616868
30601.0,0.4656384,0.0324826,0.177968,0.1212084,0.850397,0.0102938,0.7064661,0.0034654,0.033945,0.0392706,0.0292195,0.9904702,0.2012712,0.0460568,0.3445378,10.853232402669228
350.0,0.4742857,0.0,0.18,0.1630435,0.8742857,0.0,0.7226277,0.0072993,0.0437956,0.1646341,0.0,1.0,0.3902439,0.1818182,0.6,9.615805480084347
279.0,0.4767025,0.2795699,0.1863799,0.239726,0.827957,0.0,0.6666667,0.0,0.05,0.0977444,0.2666667,0.9916667,0.3157895,0.0,1.0,10.295563423525277
1082.0,0.4759704,0.0,0.1487985,0.0899471,0.8909427,0.0,0.7334963,0.002445,0.0171149,0.0991189,0.0,1.0,0.2356828,0.0803571,0.6666667,10.896757843893464
586.0,0.4709898,0.0,0.0904437,0.0774194,0.940273,0.0,0.828877,0.0,0.0160428,0.0310881,0.0,1.0,0.1917098,0.2682927,0.0,10.305647203635566
654.0,0.5045872,0.0015291,0.0611621,0.037037,0.9434251,0.0,0.8604651,0.0,0.027907,0.0271493,0.0,0.9860465,0.0995475,0.1818182,0.5,11.845827048676645
675.0,0.482963,0.0,0.1362963,0.1318052,0.877037,0.0,0.7132075,0.0037736,0.0075472,0.1423948,0.0,0.9886792,0.2071197,0.1320755,0.5555556,10.118639253920785
151.0,0.4966887,0.0,0.1523179,0.0921053,0.8410596,0.0,0.6610169,0.0169492,0.0508475,0.2027027,0.0,1.0,0.2837838,0.1304348,0.0,11.101960259016467
1575.0,0.4634921,0.0234921,0.2298413,0.1218935,0.7987302,0.0965079,0.7618243,0.0,0.0337838,0.1281296,0.0101351,0.9814189,0.2739323,0.0918367,0.5,10.766398604507042
233.0,0.4892704,0.0,0.2532189,0.1932773,0.8969957,0.0,0.7333333,0.0,0.0,0.1818182,0.0,0.9888889,0.2636364,0.3125,1.0,9.908524844053396
5969.0,0.4672474,0.0040208,0.1417323,0.1191824,0.8460379,0.0212766,0.707394,0.0067628,0.0464382,0.031441,0.0022543,0.9864743,0.3353712,0.0603338,0.0,10.236417809461043
53.0,0.5849057,0.0,0.0943396,0.0909091,0.9056604,0.0,0.75,0.0,0.0,0.1304348,0.0,1.0,0.3478261,0.0,0.0,9.615805480084347
99.0,0.4646465,0.020202,0.1919192,0.1320755,0.9090909,0.0,0.7692308,0.0,0.0,0.0487805,0.025641,1.0,0.2195122,0.0,0.0,10.177362240256695
1644.0,0.4847932,0.0060827,0.1538929,0.0979929,0.9045012,0.0091241,0.7819421,0.0,0.0238501,0.0297521,0.0034072,0.9897785,0.1553719,0.0825688,0.4,11.883115664987255
301.0,0.4916944,0.0,0.179402,0.1176471,0.8438538,0.0,0.661157,0.0082645,0.0330579,0.1655172,0.0,1.0,0.2965517,0.1395349,0.0,9.615805480084347
10080.0,0.496627,0.0434524,0.0376984,0.0394166,0.9286706,0.0,0.8257808,0.003368,0.0373546,0.031148,0.0443968,0.9911206,0.1150994,0.149786,0.3548387,10.851296331126829
10587.0,0.4874847,0.0117125,0.1083404,0.0919646,0.9089449,0.0073675,0.7897379,0.0013943,0.0281651,0.0268657,0.0086447,0.9629113,0.2431479,0.09,0.8717949,12.009455390434104
173.0,0.4739884,0.0,0.2601156,0.1428571,0.8554913,0.0,0.6962025,0.0,0.0126582,0.1123596,0.0,1.0,0.3146067,0.0,0.75,9.615805480084347
81151.0,0.4771106,0.0054097,0.1355867,0.0955153,0.8034898,0.0219714,0.6476899,0.0047316,0.0587083,0.0773829,0.0046412,0.9768241,0.3628629,0.0578237,0.5801887,10.825780236605917
23018.0,0.4677644,0.033148,0.1527935,0.125051,0.8275697,0.0229386,0.6821048,0.0011959,0.0458795,0.0303605,0.0331594,0.9769515,0.2958043,0.0301136,0.25,10.956073354557526
1892.0,0.5052854,0.0021142,0.0602537,0.0523504,0.9392178,0.0,0.8526149,0.0,0.0285261,0.0186625,0.0015848,0.9984152,0.0762053,0.1111111,0.1666667,11.300981463909618
219.0,0.5114155,0.0,0.2465753,0.1775701,0.8401826,0.0,0.6521739,0.0108696,0.0217391,0.2068966,0.0,1.0,0.2413793,0.1111111,1.0,9.686636660844938
1117.0,0.484333,0.003581,0.1665175,0.1284722,0.8200537,0.0465533,0.7030879,0.0071259,0.04038,0.0887446,0.0023753,0.9857482,0.3398268,0.1230769,1.0,10.401258331428318
300.0,0.4933333,0.0,0.17,0.1052632,0.9066667,0.03,0.8064516,0.0,0.0107527,0.1142857,0.0,0.1612903,0.2952381,0.2352941,0.0,10.596659732783579
659.0,0.4036419,0.0,0.3125948,0.3104326,0.7298938,0.0758725,0.5447761,0.0037313,0.0186567,0.0821918,0.0,0.9925373,0.3664384,0.0551181,1.0,10.545367754151743
195.0,0.5025641,0.0,0.3025641,0.1752577,0.8512821,0.0,0.6666667,0.0,0.0119048,0.2363636,0.0,0.9761905,0.3181818,0.0714286,0.0,9.615805480084347
15372.0,0.4847125,0.0051392,0.140255,0.0911501,0.9147801,0.028103,0.8588654,0.000593,0.0225341,0.0360137,0.0039534,0.9869539,0.050686,0.0835509,0.1696429,12.435599778363322
2291.0,0.4927979,0.0004365,0.1278918,0.0938038,0.8799651,0.0,0.7285383,0.0011601,0.0440835,0.2568966,0.0,0.9930394,0.3189655,0.1180556,0.6666667,10.698762529141884
1556.0,0.5025707,0.0025707,0.0848329,0.0697674,0.9068123,0.0,0.7866184,0.0090416,0.034358,0.044905,0.0018083,0.9927667,0.3367876,0.1716418,0.8333333,10.094149233605084
1148.0,0.4590592,0.2578397,0.1672474,0.1723027,0.8832753,0.0,0.7130243,0.0,0.00883,0.1029703,0.2119205,0.995585,0.3306931,0.1842105,0.7058824,9.723223876851618
6474.0,0.4925857,0.0016991,0.0691999,0.0404871,0.9219957,0.0,0.7967992,0.0038797,0.0329777,0.0614474,0.0009699,0.9786615,0.3782431,0.1192529,0.3235294,11.079076314320059
27637.0,0.4817455,0.2177877,0.1065239,0.0769392,0.8122445,0.0070196,0.6456787,0.0025595,0.060831,0.1026642,0.2045901,0.9837898,0.3965702,0.0457807,0.4628099,11.02518140064756
275.0,0.5127273,0.0036364,0.1745455,0.1641791,0.7709091,0.0654545,0.625,0.0,0.0267857,0.1703704,0.0,0.9821429,0.4962963,0.0227273,0.75,10.819798284210286
204.0,0.504902,0.0,0.1666667,0.0990099,0.9068627,0.0,0.7662338,0.0,0.012987,0.0253165,0.0,1.0,0.2025316,0.0909091,0.0,9.648659816955295
542.0,0.498155,0.001845,0.1383764,0.1544118,0.9169742,0.0,0.7947368,0.0052632,0.0263158,0.1079812,0.0052632,0.9947368,0.2535211,0.173913,0.6,9.680406499268875
1355.0,0.503321,0.000738,0.1077491,0.0995542,0.8841328,0.000738,0.7701863,0.0124224,0.0621118,0.0510806,0.0,0.9979296,0.2180747,0.1319444,0.6,10.614007941153417
683.0,0.5197657,0.0,0.147877,0.1036585,0.897511,0.0,0.7509881,0.0,0.027668,0.045283,0.0,1.0,0.2226415,0.171875,0.8,9.867912187022208
251.0,0.5139442,0.0159363,0.0239044,0.0327869,0.9482072,0.0,0.8780488,0.0,0.0365854,0.0352941,0.0121951,0.9390244,0.0352941,0.1,0.0,10.86477077032911
69.0,0.5217391,0.0,0.0434783,0.0909091,0.8695652,0.0,0.7307692,0.0384615,0.0384615,0.0714286,0.0,1.0,0.2857143,0.0,0.0,9.615805480084347
1100.0,0.4636364,0.0,0.2681818,0.2016949,0.7690909,0.0672727,0.6434978,0.0044843,0.0381166,0.0804124,0.0,1.0,0.2907216,0.0522388,0.8333333,10.060534035475412
184.0,0.5543478,0.0,0.0923913,0.0243902,0.9456522,0.0,0.8461538,0.0,0.0192308,0.1333333,0.0,0.9615385,0.3333333,0.1578947,0.5,9.69898173460629
1287.0,0.4312354,0.2043512,0.2338772,0.2144809,0.8119658,0.0924631,0.7461369,0.0,0.0110375,0.1065089,0.1699779,0.99117,0.3274162,0.1188119,0.1428571,10.261196961231647
2254.0,0.4818101,0.0,0.1237799,0.0898973,0.878882,0.0,0.7511521,0.0103687,0.0518433,0.015873,0.0,0.9919355,0.2086168,0.0547945,0.3333333,11.020283511637867
1694.0,0.4817001,0.0011806,0.1753247,0.11959,0.8896104,0.0,0.7568389,0.0030395,0.0364742,0.0518732,0.0015198,1.0,0.1786744,0.0838323,0.6666667,10.385944565501662
9072.0,0.4964727,0.0045194,0.0371473,0.0304291,0.929343,0.0,0.8313095,0.0062356,0.0295372,0.0265176,0.0049229,0.9950771,0.1009585,0.0984848,0.32,11.031674824544641
2297.0,0.516761,0.0026121,0.1384414,0.1,0.8624293,0.0470178,0.7524893,0.0042674,0.0227596,0.0798429,0.0014225,0.7183499,0.5039267,0.25,0.0,10.797553125151618
2739.0,0.4782767,0.0043812,0.150785,0.1273618,0.8546915,0.003651,0.6921692,0.0054005,0.0288029,0.0945395,0.0054005,0.9981998,0.3064385,0.0766773,0.5384615,9.686636660844938
66.0,0.4393939,0.0,0.1515152,0.1351351,0.9090909,0.0,0.75,0.0,0.0,0.1428571,0.0,1.0,0.25,0.0,1.0,9.615805480084347
68.0,0.5,0.0,0.0882353,0.0294118,0.8823529,0.0,0.6956522,0.0,0.0434783,0.3611111,0.0,1.0,0.6111111,0.0,0.0,11.119897691565697
439.0,0.501139,0.0022779,0.0865604,0.0410959,0.881549,0.0250569,0.8,0.0071429,0.0642857,0.020979,0.0,1.0,0.1328671,0.0,0.0,11.206413891581187
819.0,0.4981685,0.2295482,0.3028083,0.2506083,0.7240537,0.1855922,0.7517986,0.0,0.0143885,0.0825083,0.1223022,1.0,0.1122112,0.0652174,1.0,10.9525769086256
105.0,0.4285714,0.0,0.1904762,0.15,0.8666667,0.0,0.6666667,0.0,0.0,0.0869565,0.0,1.0,0.173913,0.0,0.0,9.615805480084347
2025.0,0.6123457,0.0350617,0.002963,0.0050955,0.7698765,0.2237037,0.9710145,0.0,0.0024155,0.1703407,0.0362319,0.9516908,0.2705411,0.2567237,0.0,0.0
95.0,0.5263158,0.0,0.2842105,0.2,0.7894737,0.0,0.5777778,0.0,0.0222222,0.3181818,0.0,0.9777778,0.2575758,0.0,1.0,9.615805480084347
1307.0,0.4881408,0.0130069,0.1285386,0.1016442,0.8859985,0.0260138,0.8012685,0.0042283,0.0295983,0.0327198,0.0105708,0.9957717,0.192229,0.1929825,0.5,10.668978650219241
3236.0,0.4545735,0.0067985,0.2030284,0.1348442,0.7839926,0.0176143,0.622435,0.004788,0.0512996,0.0425671,0.004788,0.9856361,0.4237066,0.0543175,0.1666667,11.451060699493427
2717.0,0.4817814,0.1203533,0.1089437,0.0973011,0.9090909,0.0,0.7842742,0.0060484,0.0231855,0.1103139,0.1058468,0.9445565,0.3793722,0.1158537,0.6451613,10.382853468483827
2872.0,0.4770195,0.0006964,0.1277855,0.1158455,0.8760446,0.0107939,0.7317972,0.00553,0.0239631,0.0482456,0.0,0.9990783,0.3175439,0.0955224,0.5,10.318935994253193
458.0,0.4934498,0.0021834,0.1484716,0.1293103,0.8755459,0.0,0.7189189,0.0,0.027027,0.0841584,0.0054054,1.0,0.2079208,0.0344828,1.0,10.177362240256695
37093.0,0.4868574,0.0076834,0.1278678,0.0836398,0.8999003,0.0119699,0.7861852,0.0007492,0.0270453,0.0301533,0.0058436,0.9818699,0.1417569,0.067727,0.2364865,12.056998226329707
99.0,0.5353535,0.0,0.2323232,0.1304348,0.8989899,0.0,0.7619048,0.0,0.0,0.1923077,0.0,1.0,0.4230769,0.0,0.3333333,9.615805480084347
4756.0,0.503995,0.0025231,0.1368797,0.106401,0.8288478,0.0220774,0.6719089,0.0092191,0.0412148,0.1210677,0.0021692,0.9126898,0.4146806,0.1010453,0.5454545,10.666650414667744
12.0,0.4166667,0.0,0.25,0.1428571,0.9166667,0.0,0.8333333,0.0,0.0,0.0,0.0,1.0,0.8333333,0.0,0.0,0.0
468.0,0.457265,0.792735,0.2200855,0.2047244,0.8632479,0.0,0.6593407,0.0,0.010989,0.1727273,0.7802198,0.9835165,0.3136364,0.0882353,0.6666667,9.615805480084347
357.0,0.4985994,0.0840336,0.1932773,0.2011173,0.837535,0.0028011,0.6602564,0.0,0.0192308,0.1085714,0.0705128,0.9935897,0.2971429,0.12,0.5,10.012386799492118
4419.0,0.480878,0.0246662,0.1396243,0.0823888,0.8913781,0.0,0.7483757,0.0005907,0.0259894,0.0488764,0.023036,0.9521559,0.338764,0.0564103,0.6304348,12.509508719465414
5141.0,0.4946508,0.0313169,0.0943396,0.0773672,0.8947676,0.0036958,0.7669745,0.0043455,0.0309614,0.1097679,0.0304183,0.9212385,0.3747582,0.1311475,0.516129,10.885584751364705
468.0,0.4871795,0.0021368,0.025641,0.0333333,0.9444444,0.0,0.795082,0.0,0.0081967,0.3259669,0.0,0.9918033,0.7458564,0.4153846,1.0,9.615805480084347
70580.0,0.4734769,0.4163644,0.1323038,0.1157365,0.8368943,0.0231935,0.683871,0.0045124,0.0390826,0.1014944,0.3597613,0.9902293,0.3578609,0.1015779,0.6201373,10.499600568082863
11309.0,0.7087276,0.2409585,0.001238,0.0027322,0.517464,0.4775842,0.9656925,0.0,0.0012706,0.1450299,0.2280813,0.8767471,0.2563824,0.2515924,0.0,10.768506042432708
939.0,0.4771033,0.0,0.1469649,0.1323829,0.8935037,0.0,0.7388889,0.0,0.0166667,0.093199,0.0,0.9972222,0.231738,0.0987654,0.6666667,10.021315031649332
1055.0,0.4881517,0.0104265,0.1080569,0.062963,0.9251185,0.0,0.8395722,0.0053476,0.026738,0.3345196,0.0106952,0.9973262,0.0836299,0.1666667,0.4705882,11.140425970684525
818.0,0.5207824,0.0,0.1625917,0.0918367,0.9217604,0.0,0.7849829,0.0,0.003413,0.1792717,0.0,0.996587,0.2184874,0.3023256,1.0,10.640675541671662
3242.0,0.5055521,0.003393,0.060765,0.0249532,0.9716225,0.0,0.9236641,0.0009542,0.009542,0.040293,0.0028626,0.9780534,0.0274725,0.1728395,0.5652174,11.284781934567633
3118.0,0.5028865,0.0458627,0.1225144,0.0819355,0.8492623,0.0548428,0.7732673,0.0029703,0.0485149,0.0793072,0.0267327,0.9762376,0.1257976,0.1363636,0.9230769,11.844392338493027
1929.0,0.498704,0.0114049,0.0922758,0.0920372,0.9180923,0.0,0.8090062,0.0031056,0.0434783,0.0773639,0.0139752,0.9642857,0.247851,0.0714286,0.5,11.896151780740423
11739.0,0.4869239,0.0093705,0.0881676,0.0732193,0.8481983,0.0269188,0.734086,0.0050444,0.0665386,0.0407834,0.0016815,0.9944751,0.2778802,0.041769,0.3076923,11.199597325534862
2087.0,0.4609487,0.0450407,0.1983709,0.1848889,0.7795879,0.0455199,0.6357227,0.0070505,0.0481786,0.1023207,0.0458284,0.9917744,0.4198312,0.0423077,0.5,9.83633227734872
1041.0,0.4274736,0.0,0.3294909,0.2348993,0.7636888,0.0806916,0.6370192,0.0072115,0.0192308,0.0897155,0.0,0.9951923,0.2844639,0.0784314,1.0,9.825580063659602
49708.0,0.4629235,0.3854108,0.2131246,0.1252201,0.7967732,0.0087913,0.6263783,0.0044958,0.0691401,0.1957448,0.3046235,0.9451043,0.6118977,0.0851781,0.4133333,11.174665631549477
166.0,0.4879518,0.0,0.1807229,0.1176471,0.8674699,0.0,0.7534247,0.0136986,0.0273973,0.0759494,0.0,1.0,0.4177215,0.047619,0.0,10.328787967145063
3544.0,0.4816591,0.001693,0.1828442,0.1203048,0.8857223,0.0,0.735461,0.0,0.0212766,0.0275862,0.0014184,0.9978723,0.1517241,0.0313589,0.4444444,11.098939154318382
670.0,0.438806,0.1104478,0.2313433,0.2287234,0.8059701,0.0134328,0.6180556,0.0034722,0.0277778,0.1529412,0.1006944,0.9930556,0.3823529,0.1473684,0.8571429,10.090008612393838
17531.0,0.4756717,0.0035366,0.15966,0.1192341,0.7633906,0.054589,0.629979,0.0034441,0.0783169,0.0439513,0.0010482,0.960617,0.3931281,0.0611219,0.3898305,10.74507628970625
76.0,0.5263158,0.0,0.1842105,0.1388889,0.9210526,0.0,0.7857143,0.0,0.0,0.0344828,0.0,1.0,0.2413793,0.4285714,0.0,9.615805480084347
185.0,0.4702703,0.4,0.2594595,0.1938776,0.8378378,0.0,0.6547619,0.0,0.0119048,0.1340206,0.4047619,1.0,0.2680412,0.0,0.5,10.150386692204734
836.0,0.4976077,0.0849282,0.1255981,0.1095238,0.9126794,0.0,0.7580071,0.0035587,0.0106762,0.0816993,0.0782918,0.9928826,0.375817,0.244898,0.6666667,9.615805480084347
266.0,0.4924812,0.0,0.2593985,0.1185185,0.8984962,0.0,0.7982456,0.0087719,0.0263158,0.025641,0.0,1.0,0.0,0.0,0.0,11.283524879179666
158.0,0.4810127,0.0,0.3101266,0.1707317,0.8670886,0.0,0.7222222,0.0,0.0138889,0.0886076,0.0,1.0,0.2025316,0.0,1.0,9.615805480084347
1027.0,0.4673807,0.0,0.1499513,0.1316271,0.8519961,0.0,0.6753555,0.0023697,0.0331754,0.1543086,0.0,0.992891,0.4068136,0.0434783,0.0,10.594156665220533
5255.0,0.4698382,0.4262607,0.1233111,0.1119885,0.8608944,0.0186489,0.7155532,0.0057411,0.0302714,0.0850048,0.3648225,0.9963466,0.3113658,0.138814,0.5384615,10.540090836284206
286.0,0.4965035,0.0,0.1083916,0.0347222,0.951049,0.0,0.8617021,0.0,0.0106383,0.0784314,0.0,1.0,0.3529412,0.3478261,0.0,10.643064971973882
793.0,0.4766709,0.0,0.1979823,0.1204819,0.8991173,0.0,0.7413793,0.0034483,0.0103448,0.118541,0.0,0.8034483,0.2522796,0.122807,0.0,9.957075711706057
1129.0,0.4880425,0.0053144,0.1186891,0.0761246,0.8963685,0.0,0.7735849,0.0023585,0.0448113,0.0162413,0.0023585,0.990566,0.1461717,0.0821918,1.0,11.03005541721757
1208.0,0.4900662,0.0778146,0.1589404,0.1363636,0.9089404,0.0,0.75,0.002381,0.0119048,0.1358025,0.0690476,0.6642857,0.4218107,0.2061856,0.7058824,9.76428295481558
110658.0,0.5043377,0.0140162,0.0870339,0.0702656,0.8382313,0.0358492,0.7353429,0.0060884,0.075725,0.0322742,0.0124215,0.8535511,0.3595928,0.1726679,0.1284722,12.217017531154696
1079.0,0.4698795,0.0936052,0.141798,0.1118881,0.8693234,0.0,0.6978923,0.0046838,0.0187354,0.1048218,0.1030445,0.9953162,0.4716981,0.1011236,1.0,9.615805480084347
190.0,0.4526316,0.0,0.1894737,0.1730769,0.8578947,0.0,0.7125,0.0125,0.0375,0.0588235,0.0,1.0,0.2705882,0.047619,1.0,9.615805480084347
571.0,0.4623468,0.0,0.1663748,0.0944625,0.8756567,0.0,0.7341772,0.0042194,0.021097,0.0443548,0.0,1.0,0.1935484,0.0384615,0.0,10.736418414365376
162.0,0.4814815,0.0123457,0.1666667,0.1309524,0.9012346,0.0,0.7288136,0.0,0.0,0.2236842,0.0169492,0.7288136,0.2894737,0.2142857,0.5,9.61587214452889
976.0,0.4918033,0.2018443,0.1762295,0.1572581,0.7920082,0.0655738,0.668435,0.0106101,0.0318302,0.1392694,0.1697613,0.994695,0.1757991,0.0673077,1.0,10.537441898283253
46.0,0.4782609,0.0,0.2826087,0.125,0.8478261,0.0,0.7619048,0.047619,0.047619,0.25,0.0,1.0,0.1785714,0.0,0.0,9.615805480084347
147.0,0.5782313,0.0,0.1156463,0.0806452,0.8095238,0.0,0.6285714,0.0,0.0285714,0.3913043,0.0,1.0,0.4695652,0.0,0.8571429,10.288783966353765
98052.0,0.4917595,0.4368804,0.1182944,0.1102661,0.6023131,0.19969,0.5603054,0.002447,0.1000619,0.0814829,0.3711784,0.9874112,0.4135074,0.0842404,0.4481793,10.84546552414626
656.0,0.4801829,0.0,0.1509146,0.1495601,0.8551829,0.0,0.68,0.0036364,0.0218182,0.1863905,0.0,0.9709091,0.3491124,0.1566265,0.6666667,10.177362240256695
1300.0,0.4776923,0.0007692,0.1915385,0.1516937,0.8292308,0.0407692,0.7083333,0.0019841,0.0416667,0.0735294,0.0,0.9960317,0.3198529,0.047619,0.3333333,10.675931008412125
94.0,0.5106383,0.0,0.1276596,0.0869565,0.9361702,0.0,0.8235294,0.0,0.0,0.1707317,0.0,1.0,0.1707317,0.0,0.0,9.746892220313054
1099.0,0.522293,0.0018198,0.0045496,0.007619,0.922657,0.0,0.8338192,0.0145773,0.0408163,0.0853333,0.0,0.9650146,0.1386667,0.106383,0.3,11.083695189061785
1534.0,0.511734,0.2053455,0.0821382,0.0654206,0.9413299,0.0,0.8329897,0.0,0.0185567,0.1213768,0.2041237,0.8247423,0.3731884,0.2268041,0.7692308,10.177362240256695
5191.0,0.4850703,0.0121364,0.1654787,0.1200898,0.8285494,0.0250433,0.6740331,0.0065294,0.0416876,0.1480531,0.0105475,0.8754395,0.4899444,0.1332587,0.2258065,10.76004951120163
546.0,0.4908425,0.0,0.1062271,0.057554,0.8901099,0.0,0.7548077,0.0048077,0.0384615,0.0672646,0.0,0.9951923,0.206278,0.0677966,0.0,10.385944565501662
281140.0,0.489475,0.0702355,0.0917016,0.0664047,0.8214306,0.019051,0.6720427,0.0050152,0.0605347,0.1091271,0.0663979,0.9252043,0.3734672,0.0700988,0.5568182,11.079076314320059
3935.0,0.4810673,0.0030496,0.1390089,0.0719882,0.9318933,0.0,0.8467683,0.0014524,0.0275962,0.0490331,0.0021786,0.9869281,0.0414365,0.0819672,0.1428571,12.45332717690471
250.0,0.488,0.0,0.208,0.109375,0.92,0.0,0.8118812,0.0,0.009901,0.1652893,0.0,1.0,0.3057851,0.1428571,1.0,9.933094897288786
4031.0,0.4931779,0.0104193,0.1091541,0.0562898,0.8933267,0.0024808,0.7869624,0.0040323,0.0490591,0.0126078,0.0107527,0.984543,0.1181155,0.0923077,0.0,11.779902152762993
850.0,0.4964706,0.0305882,0.0517647,0.0303738,0.9294118,0.0,0.8362989,0.0142349,0.0320285,0.0506757,0.0320285,0.9786477,0.2972973,0.1212121,0.0,10.85516473308054
1626.0,0.4876999,0.0,0.1512915,0.1032413,0.8382534,0.0227552,0.6842949,0.0064103,0.0384615,0.0823529,0.0,0.9855769,0.3014706,0.078125,0.6153846,10.389026137075234
12101.0,0.4706223,0.0047104,0.1847781,0.1345613,0.7964631,0.0257004,0.6341215,0.0075418,0.05585,0.0626672,0.0028536,0.9808398,0.418418,0.0777154,0.4576271,10.529452721013085
478.0,0.5062762,0.0,0.1401674,0.1228814,0.8933054,0.0,0.7044025,0.0062893,0.0251572,0.1016949,0.0,0.9371069,0.2655367,0.1851852,0.0,10.431199791458543
1203.0,0.4538653,0.0,0.2211139,0.1598174,0.8520366,0.0,0.6764706,0.0,0.0235294,0.1252144,0.0,1.0,0.2349914,0.0952381,0.4,10.370392636243981
316.0,0.5379747,0.0,0.0601266,0.0273973,0.9398734,0.0,0.7692308,0.0,0.0128205,0.1521739,0.0,1.0,0.8478261,0.1052632,1.0,9.615805480084347
24321.0,0.5108754,0.0138975,0.0400888,0.0256389,0.9319107,0.0008223,0.8509849,0.0065234,0.0427219,0.0409715,0.0111282,0.9818368,0.1043916,0.2105869,0.2467532,11.375971077721223
3695.0,0.461705,0.0181326,0.1748309,0.1387632,0.8503383,0.0162382,0.6923602,0.0034106,0.0231924,0.0578406,0.0150068,0.9952251,0.3380463,0.0675991,0.55,10.586609649448985
11940.0,0.469263,0.0020101,0.1647404,0.1376045,0.8424623,0.010134,0.6745798,0.0029412,0.0346639,0.0255885,0.0016807,0.9966387,0.2657114,0.0456116,0.6470588,10.992066340225865
41958.0,0.5109872,0.0189714,0.1223605,0.0854859,0.5335097,0.0352734,0.4503893,0.0039523,0.2701156,0.0517425,0.0155734,0.9253775,0.5249203,0.0601202,0.1485714,12.187913766539234
649.0,0.4637904,0.0,0.1016949,0.0862069,0.9260401,0.0,0.8139535,0.0046512,0.027907,0.092827,0.0,1.0,0.3122363,0.2,1.0,10.047631185616188
236.0,0.4618644,0.1271186,0.1525424,0.1496063,0.7966102,0.0,0.6074766,0.0,0.0373832,0.0614035,0.1028037,1.0,0.245614,0.0666667,0.0,10.53212287826962
429.0,0.4825175,0.0,0.1118881,0.1396396,0.8671329,0.0,0.6826347,0.0,0.0239521,0.1732673,0.0,0.994012,0.450495,0.1041667,0.7142857,10.367253014814716
1255.0,0.5027888,0.0,0.1545817,0.1474359,0.889243,0.0,0.762,0.008,0.03,0.0654206,0.0,1.0,0.1364486,0.0806452,0.8333333,10.21833478806055
42786.0,0.4829383,0.0139999,0.1704062,0.1238078,0.8134203,0.00804,0.6394655,0.0020071,0.0615323,0.0687814,0.0133043,0.9704095,0.4376268,0.0644437,0.3503185,11.790564777297387
134.0,0.5223881,0.0,0.2014925,0.046875,0.9850746,0.0,0.9459459,0.0,0.0,0.26,0.0,0.972973,0.42,0.0,0.0,10.53212287826962
3687.0,0.4917277,0.0008137,0.0699756,0.0651014,0.8388934,0.0103065,0.6836364,0.0043636,0.0763636,0.0709459,0.0007273,0.9818182,0.3858108,0.0758483,0.5,11.063524143191238
677.0,0.4638109,0.0044313,0.1418021,0.0881543,0.9143279,0.0,0.7890295,0.0,0.0295359,0.0481928,0.0042194,0.9915612,0.1767068,0.2368421,0.0,10.254179634797001
7444.0,0.4489522,0.605051,0.1636217,0.1582155,0.854648,0.0270016,0.7067809,0.0022355,0.0283159,0.0690253,0.5372578,0.992921,0.2372529,0.1766268,0.2857143,10.177362240256695
9502.0,0.4841086,0.0043149,0.1033467,0.0809874,0.9144391,0.0126289,0.8248436,0.0053619,0.0217456,0.0990338,0.0038725,0.979148,0.2243693,0.122807,0.4705882,10.85516473308054
11967.0,0.4712125,0.055653,0.1686304,0.1433312,0.8597811,0.0154592,0.703793,0.0028503,0.022802,0.1365013,0.0493313,0.7849156,0.4017418,0.1290743,0.6363636,9.661479683575521
8002.0,0.4833792,0.0174956,0.0649838,0.0389453,0.8725319,0.0013747,0.7477755,0.0047912,0.069473,0.0191339,0.0157426,0.9815195,0.2527694,0.0899358,0.1111111,11.738474121698282
663.0,0.4630468,0.0045249,0.2021116,0.1601124,0.8808446,0.0,0.7275986,0.0035842,0.0071685,0.1170886,0.0107527,0.9928315,0.3512658,0.0933333,0.5714286,9.674137279312397
7379.0,0.5041334,0.0032525,0.0726386,0.0524734,0.9298008,0.0,0.8340918,0.0070335,0.0335126,0.0328131,0.0033099,0.9437319,0.1636655,0.1607629,0.3214286,11.315705475634307
2563.0,0.4408896,0.5009754,0.2243465,0.2023726,0.8010144,0.0460398,0.6413793,0.0019704,0.0226601,0.0772727,0.435468,0.9990148,0.3218182,0.096,0.7,10.370392636243981
4860.0,0.5102881,0.0074074,0.11893,0.0785714,0.6290123,0.0053498,0.4955036,0.0031475,0.192446,0.115354,0.0031475,0.9739209,0.4303898,0.0385356,0.3076923,12.985629146880282
63.0,0.4761905,0.0,0.1746032,0.0,0.9206349,0.0,0.7826087,0.0,0.0,0.3947368,0.0,1.0,0.5263158,0.0,1.0,11.3655964644899
23.0,0.5217391,0.0,0.0869565,0.0909091,0.7826087,0.0,0.625,0.125,0.125,0.2,0.0,1.0,0.6,0.1666667,0.0,10.021315031649332
569.0,0.5377856,0.0,0.0087873,0.0038023,0.8506151,0.0017575,0.6989796,0.005102,0.0918367,0.1587983,0.0,0.9897959,0.6223176,0.1630435,0.6666667,10.566201298475118
641.0,0.5179407,0.0,0.124805,0.1035599,0.8923557,0.0,0.745614,0.0087719,0.0307018,0.1230769,0.0,0.995614,0.1384615,0.0731707,0.6,10.229223792606835
4677.0,0.4979688,0.0470387,0.0880907,0.0681431,0.8073551,0.0,0.6119632,0.0025562,0.0679959,0.11693,0.0506135,0.8916155,0.6469526,0.0453515,0.2093023,11.293537353157436
1109.0,0.4192967,0.1027953,0.3273219,0.2965839,0.7249775,0.1064022,0.627409,0.0021413,0.0278373,0.1019231,0.0835118,0.993576,0.2615385,0.0447761,0.6,11.178864319331653
3308.0,0.5102781,0.0012092,0.0967352,0.0481481,0.8941959,0.0,0.7692308,0.0032733,0.0474632,0.4404762,0.0008183,0.9558101,0.3076923,0.1081967,0.2173913,11.753523791492476
857.0,0.4644107,0.0,0.2870478,0.2069717,0.8471412,0.0,0.6746667,0.0,0.0186667,0.0875912,0.0,0.992,0.2092457,0.1333333,0.625,10.016860879703811
1631.0,0.477008,0.0061312,0.1226242,0.1043376,0.8804414,0.0,0.7254902,0.004902,0.0359477,0.0570108,0.001634,0.998366,0.1895223,0.1476793,0.0,10.278527816830314
650.0,0.4969231,0.0,0.1523077,0.0948012,0.9123077,0.0,0.7805907,0.0,0.021097,0.0705882,0.0,1.0,0.1647059,0.1818182,1.0,9.994287576862567
2005.0,0.4902743,0.0024938,0.0763092,0.053816,0.919202,0.0,0.8064,0.0064,0.0416,0.0740741,0.0016,0.7456,0.2948148,0.2179487,0.6666667,10.482933978579906
783.0,0.4623244,0.1264368,0.2043423,0.1496437,0.8109834,0.0102171,0.6253776,0.0030211,0.0392749,0.3046218,0.1148036,0.9003021,0.447479,0.0714286,0.9090909,11.134603622683905
2820.0,0.4804965,0.0003546,0.2468085,0.1733788,0.7631206,0.0741135,0.6364421,0.0008636,0.0284974,0.1030209,0.0,0.9507772,0.4089853,0.0777778,0.7037037,10.069044362997353
747.0,0.476573,0.0,0.1659973,0.1176471,0.8821954,0.0,0.7363014,0.0034247,0.0308219,0.1955923,0.0,1.0,0.2947658,0.0980392,0.5454545,9.615805480084347
2683.0,0.4603056,0.019754,0.1882221,0.1691989,0.8438315,0.0093179,0.6582049,0.0009066,0.0145059,0.0723297,0.0235721,0.9981868,0.4222035,0.1273885,0.6666667,10.196194479235656
5272.0,0.5081563,0.0163126,0.0599393,0.0509063,0.9499241,0.0001897,0.8480814,0.0015662,0.0313234,0.0325758,0.018794,0.3093187,0.6568182,0.4041958,0.5,11.464795582766675
8031.0,0.4940854,0.1120657,0.0480638,0.0519321,0.9262856,0.0156892,0.8523719,0.0030361,0.0231499,0.0916925,0.0979127,0.9669829,0.1433988,0.1217712,0.2613636,11.289794413577894
8040.0,0.5069652,0.02301,0.1166667,0.0807265,0.8843284,0.0,0.7548526,0.0050324,0.0664989,0.023517,0.0201294,0.8220705,0.3622324,0.1551402,0.2272727,12.214045775484509
1235.0,0.5109312,0.0105263,0.0534413,0.0413907,0.940081,0.0,0.8679707,0.002445,0.0342298,0.0443925,0.007335,0.9608802,0.0724299,0.0833333,0.2857143,11.646590598651017
216.0,0.4953704,0.0,0.087963,0.1009174,0.9166667,0.0,0.7714286,0.0,0.0285714,0.0540541,0.0,0.9857143,0.1351351,0.3333333,0.0,10.077482875583607
6927.0,0.472932,0.0818536,0.1349791,0.1021638,0.8988018,0.0030316,0.7525641,0.0051282,0.0299145,0.1660727,0.0636752,0.7495726,0.4568781,0.225602,0.7088608,10.243560441877241
2500.0,0.4632,0.0016,0.2592,0.1803279,0.8012,0.0288,0.639481,0.0064875,0.0231696,0.0785653,0.0,0.9953661,0.324509,0.0397351,0.5333333,10.32551474894327
33575.0,0.4796724,0.6804468,0.0814892,0.0778477,0.9157111,0.0061653,0.7917493,0.0050131,0.0452219,0.0662181,0.6728982,0.7086162,0.5666082,0.2477241,0.4148936,10.673618922112436
202.0,0.480198,0.4306931,0.2673267,0.2666667,0.8663366,0.0,0.7294118,0.0,0.0470588,0.1666667,0.4,1.0,0.1666667,0.0714286,1.0,10.021315031649332
1047.0,0.4966571,0.0009551,0.0620821,0.0493359,0.9264565,0.0,0.8146067,0.0,0.0308989,0.0481283,0.0,0.994382,0.1791444,0.1818182,0.0,10.623787731088578
67.0,0.4626866,0.0,0.1044776,0.0833333,0.9402985,0.0,0.826087,0.0,0.0,0.1481481,0.0,1.0,0.2592593,0.0,0.0,10.021315031649332
493.0,0.515213,0.0,0.168357,0.1129707,0.8438134,0.0,0.675,0.0,0.055,0.2424242,0.0,0.98,0.5984848,0.1304348,0.5,10.55323128448846
342.0,0.4883041,0.0,0.1491228,0.1142857,0.8508772,0.0,0.6595745,0.0,0.0212766,0.1802326,0.0,1.0,0.255814,0.1724138,1.0,9.615805480084347
835.0,0.5149701,0.0,0.2,0.1530864,0.8526946,0.0,0.6657061,0.0,0.0201729,0.0697051,0.0,0.9971182,0.3297587,0.0588235,1.0,10.003378135350923
1981.0,0.4674407,0.2286724,0.1686017,0.1488152,0.8525997,0.0010096,0.67875,0.00625,0.035,0.0730012,0.19125,1.0,0.2989571,0.0830671,0.3888889,10.555838779903407
386.0,0.4533679,0.0,0.2564767,0.2037915,0.8108808,0.0,0.6162791,0.005814,0.0290698,0.1485149,0.0,1.0,0.3019802,0.0862069,0.3333333,9.809231816610408
181.0,0.5082873,0.0,0.0276243,0.0224719,0.961326,0.0,0.8727273,0.0,0.0,0.0,0.0,0.9818182,0.1090909,0.125,0.0,10.628641991731053
95.0,0.5368421,0.0,0.2842105,0.2272727,0.7578947,0.0,0.5217391,0.0,0.0217391,0.1636364,0.0,1.0,0.1818182,0.0909091,1.0,9.615805480084347
179.0,0.4972067,0.0055866,0.1787709,0.1333333,0.9106145,0.0,0.7580645,0.0,0.016129,0.1142857,0.0,1.0,0.1857143,0.25,0.5,9.615805480084347
221.0,0.5113122,0.0,0.2126697,0.1481481,0.8778281,0.0,0.7272727,0.0113636,0.0113636,0.1111111,0.0,0.9886364,0.1010101,0.1,1.0,9.615805480084347
6547.0,0.4621964,0.0021384,0.2106308,0.1712582,0.8116695,0.0238277,0.6366654,0.0025821,0.0276651,0.0825719,0.0025821,0.9918849,0.3509306,0.0699223,0.7608696,10.110542371500753
5798.0,0.4789583,0.0018972,0.1917903,0.1393578,0.8289065,0.0227665,0.6956332,0.00131,0.0524017,0.0341628,0.00131,0.9720524,0.3175875,0.0520487,0.5,11.883115664987255
1231.0,0.4784728,0.0,0.1600325,0.1433022,0.8326564,0.0,0.6291913,0.0059172,0.0276134,0.1228374,0.0,1.0,0.3702422,0.068,0.5,10.138599199626192
106.0,0.5283019,0.0,0.1415094,0.1,0.9056604,0.0,0.7837838,0.027027,0.027027,0.075,0.0,1.0,0.175,0.2,0.0,9.615805480084347
110.0,0.4818182,0.0,0.1272727,0.122807,0.9272727,0.0,0.7837838,0.0,0.0,0.3833333,0.0,0.972973,0.2333333,0.3333333,0.0,9.90353755128617
711.0,0.466948,0.4303797,0.2039381,0.1609499,0.8734177,0.0,0.725,0.0107143,0.0285714,0.0849673,0.3821429,1.0,0.2973856,0.1038961,0.6666667,10.043292972227004
984.0,0.5050813,0.0020325,0.1138211,0.0862423,0.9319106,0.0,0.8151261,0.0,0.0028011,0.0916031,0.0028011,0.9887955,0.2569975,0.125,0.5714286,10.451637862362272
13778.0,0.4927421,0.0329511,0.0555959,0.052368,0.952533,0.0010161,0.8784643,0.0038139,0.02746,0.0710912,0.0289855,0.9298246,0.152102,0.2731343,0.3516484,11.519911009143941
189.0,0.4656085,0.0846561,0.1798942,0.1386139,0.9100529,0.0,0.7605634,0.0,0.0,0.3826087,0.0704225,0.4788732,0.4,0.25,0.0,9.867912187022208
1087.0,0.50046,0.0275989,0.0588776,0.053407,0.951242,0.0,0.8844086,0.0026882,0.0241935,0.0287206,0.0241935,0.9946237,0.0234987,0.25,0.5555556,11.000448478455008
1108.0,0.4648014,0.0063177,0.1886282,0.1669477,0.8420578,0.0379061,0.7073171,0.0,0.0292683,0.0681818,0.004878,0.9731707,0.2545455,0.0902256,0.3333333,10.184937747111391
218.0,0.4587156,0.0,0.2155963,0.2033898,0.8761468,0.0,0.7045455,0.0,0.0113636,0.1456311,0.0,1.0,0.1747573,0.1111111,1.0,9.615805480084347
23.0,0.5652174,0.0,0.173913,0.0,0.9130435,0.0,0.8,0.0,0.0,0.2857143,0.0,1.0,0.2142857,0.0,0.0,9.615805480084347
36701.0,0.4757636,0.2001035,0.1932917,0.1511954,0.8516117,0.0076565,0.6919062,0.002575,0.0394599,0.0367366,0.1607628,0.9412624,0.3392773,0.0769921,0.4489796,11.748005492256807
442.0,0.5180995,0.0022624,0.1606335,0.084507,0.8755656,0.0,0.7267442,0.005814,0.0348837,0.0802139,0.005814,1.0,0.2727273,0.0540541,1.0,9.94755228369823
2115.0,0.4997636,0.0061466,0.1115839,0.063327,0.8643026,0.0,0.734375,0.0024038,0.0625,0.0381503,0.0084135,0.9951923,0.1433526,0.0625,0.7368421,11.632493573102964
10230.0,0.4591398,0.0187683,0.1008798,0.0825953,0.7513196,0.0040078,0.5597113,0.0041557,0.0920822,0.0405037,0.0199038,0.9873141,0.4039874,0.0159266,0.1724138,11.052491896264268
1935.0,0.475969,0.0149871,0.1565891,0.1331361,0.8377261,0.0108527,0.6818758,0.0038023,0.0481622,0.0562201,0.017744,0.9936629,0.3409091,0.0574018,0.2857143,10.783135046711445
706.0,0.4660057,0.0,0.1770538,0.1458886,0.8838527,0.0,0.7298246,0.0035088,0.0140351,0.05,0.0,1.0,0.19,0.0952381,0.8333333,9.883335864325275
7860.0,0.4992366,0.0007634,0.079771,0.0553862,0.9475827,0.0,0.8646991,0.0015332,0.0183979,0.0151,0.0003833,0.9927175,0.0822952,0.1196581,0.3636364,10.950824090522445
3981.0,0.4742527,0.0020095,0.1775936,0.1180124,0.8060789,0.0,0.6303982,0.0028043,0.0510376,0.0299238,0.0016826,0.9955132,0.320457,0.0367197,0.0,10.925956465688445
2253.0,0.5042166,0.0035508,0.1815357,0.0787825,0.8686196,0.0,0.7342889,0.0044101,0.0496141,0.1451461,0.0033076,0.9768467,0.4872762,0.1125,0.5263158,10.797553125151618
1025.0,0.4965854,0.0029268,0.2556098,0.1356589,0.8156098,0.0117073,0.6556291,0.0,0.0463576,0.1436673,0.0,1.0,0.4461248,0.1156463,0.5,10.477316144080852
115.0,0.5130435,0.0,0.0956522,0.1071429,0.9217391,0.0,0.8095238,0.0,0.0238095,0.0869565,0.0,1.0,0.173913,0.0,0.0,10.53212287826962
222.0,0.4504505,0.0,0.1711712,0.1557377,0.8783784,0.0,0.71875,0.0,0.0,0.1272727,0.0,0.9895833,0.2454545,0.04,1.0,10.12667110305036
107.0,0.5327103,0.0,0.1495327,0.16,0.8411215,0.0,0.6511628,0.0,0.0465116,0.1041667,0.0,1.0,0.1666667,0.1666667,1.0,9.841665338892785
815.0,0.4515337,0.001227,0.2355828,0.1744966,0.7717791,0.0269939,0.6038781,0.0055402,0.0304709,0.3973289,0.0,1.0,0.4290484,0.0740741,0.1428571,10.434145214930487
480.0,0.45625,0.0958333,0.2354167,0.2068966,0.7895833,0.0,0.5929204,0.0044248,0.0265487,0.1660517,0.1283186,0.9823009,0.4612546,0.0759494,0.5714286,9.77571099759397
415.0,0.5108434,0.0,0.1204819,0.1034483,0.8481928,0.0,0.7106918,0.0125786,0.0691824,0.1117318,0.0,0.9937107,0.4357542,0.2083333,0.0,10.351405324899678
1521.0,0.4852071,0.0026298,0.1505588,0.091954,0.9230769,0.0,0.7955801,0.0,0.0092081,0.0127273,0.0018416,0.9760589,0.1854545,0.0866142,0.0,10.815790343132422
20395.0,0.5222849,0.0291738,0.021672,0.021246,0.1978426,0.2776171,0.2455488,0.0029348,0.567208,0.0729186,0.0299354,0.8739973,0.8719391,0.1226186,0.0,11.994122464057146
1969.0,0.4687659,0.0132047,0.1381412,0.1118547,0.8567801,0.0,0.6943396,0.0100629,0.0327044,0.0328467,0.008805,0.9987421,0.3625304,0.0446927,0.75,10.196194479235656
3453.0,0.4879815,0.0081089,0.178106,0.0673077,0.9174631,0.0,0.8206945,0.0007087,0.0163005,0.1024173,0.004961,0.9851169,0.0973282,0.0823529,0.2727273,12.827726509666084
6438.0,0.4759242,0.0155328,0.1537745,0.120332,0.7910842,0.027959,0.6374046,0.0091603,0.0603053,0.0517553,0.0160305,0.9454198,0.4715889,0.0811997,0.3571429,11.047726275896391
1490.0,0.4785235,0.1657718,0.1409396,0.1518662,0.8456376,0.0,0.6713781,0.0053004,0.0600707,0.115625,0.1501767,0.9840989,0.46875,0.11875,0.7777778,9.989711119284745
1899.0,0.4576093,0.0010532,0.2532912,0.1796117,0.804634,0.0500263,0.6715426,0.0039894,0.0305851,0.0221066,0.0,0.9973404,0.2483745,0.0536585,0.5,10.718874489469398
156.0,0.5,0.0,0.1923077,0.2179487,0.8589744,0.0,0.6935484,0.0,0.0483871,0.1014493,0.0,1.0,0.2608696,0.1111111,0.0,9.686636660844938
8372.0,0.4479216,0.4290492,0.1571906,0.1588057,0.832537,0.0398949,0.6932747,0.0021999,0.0235701,0.0585799,0.3724073,0.9978001,0.3310651,0.1203187,0.6315789,10.485731104959568
1136.0,0.5176056,0.0897887,0.0827465,0.1058394,0.7922535,0.0827465,0.6846154,0.0051282,0.0384615,0.1666667,0.0487179,0.9923077,0.4294872,0.1741935,0.3333333,9.615805480084347
371.0,0.4474394,0.0,0.2291105,0.1658537,0.8409704,0.0296496,0.7171053,0.0,0.0263158,0.0318471,0.0,1.0,0.2101911,0.0697674,0.0,10.30229722897745
5019.0,0.4582586,0.2167763,0.1888822,0.1724899,0.832636,0.0320781,0.6746736,0.0046997,0.0219321,0.1338761,0.1827676,0.9503916,0.3921303,0.1281139,0.627451,10.27163147557801
407.0,0.4004914,0.2063882,0.2383292,0.295082,0.7125307,0.1400491,0.6451613,0.0064516,0.0258065,0.0882353,0.1677419,0.9935484,0.3764706,0.0447761,0.0,10.50783084142058
450.0,0.5022222,0.0022222,0.1266667,0.0848214,0.9111111,0.0,0.7727273,0.0064935,0.0194805,0.0552147,0.0064935,0.9285714,0.2453988,0.2051282,0.3333333,10.463131911491967
48731.0,0.4860151,0.1006957,0.0796618,0.0641594,0.8483922,0.0036322,0.7096277,0.0079313,0.0792025,0.0480285,0.0939634,0.9384776,0.3466338,0.117355,0.3368421,11.413116179350727
5911.0,0.4621891,0.0576891,0.1649467,0.1409248,0.8592455,0.0179327,0.7209698,0.0042535,0.0229689,0.0439203,0.0510421,0.9953211,0.2289549,0.0535714,0.3939394,10.604131561522696
230.0,0.5,0.0,0.1478261,0.0956522,0.9217391,0.0,0.7857143,0.0,0.0,0.106383,0.0,1.0,0.1276596,0.0,1.0,9.615805480084347
129.0,0.4806202,0.3565891,0.0542636,0.0746269,0.9224806,0.0,0.7837838,0.027027,0.027027,0.075,0.2432432,1.0,0.275,0.3,0.0,9.883335864325275
553.0,0.5009042,0.0,0.2206148,0.1521739,0.8679928,0.0,0.6909091,0.0045455,0.0227273,0.1698113,0.0,1.0,0.3433962,0.0943396,0.75,9.937937287265354
145.0,0.5310345,0.0,0.1517241,0.1617647,0.8827586,0.0,0.7142857,0.0,0.0178571,0.125,0.0,1.0,0.234375,0.0,1.0,10.034559673629849
170.0,0.4176471,0.0352941,0.4647059,0.3838384,0.5294118,0.3529412,0.6888889,0.0,0.0888889,0.1509434,0.0444444,1.0,0.2830189,0.0,0.0,9.69898173460629
1236.0,0.4425566,0.0008091,0.2936893,0.2293179,0.6820388,0.078479,0.5473684,0.0070175,0.0526316,0.4123711,0.0,0.9859649,0.585567,0.0411985,0.2857143,10.542732775946709
1643.0,0.4272672,0.143031,0.2598904,0.24017,0.7413268,0.0699939,0.5898161,0.0014144,0.0268741,0.1325153,0.1145686,0.9957567,0.3349693,0.085443,0.7045455,10.987003123724813
872.0,0.4759174,0.0068807,0.2293578,0.1794311,0.8142202,0.0309633,0.6490251,0.0,0.0222841,0.1747126,0.0111421,0.9749304,0.2758621,0.0941176,0.5,9.735128070758227
491.0,0.5071283,0.0,0.1303462,0.0950413,0.9287169,0.0,0.8114286,0.0,0.0114286,0.125,0.0,1.0,0.325,0.0681818,1.0,9.62251624577579
387.0,0.498708,0.0,0.124031,0.1185567,0.9095607,0.0,0.7697842,0.0071942,0.0143885,0.0733333,0.0,1.0,0.2933333,0.1304348,1.0,9.83097062169695
1619.0,0.4694256,0.0,0.1883879,0.1303842,0.8628783,0.0,0.6928783,0.0014837,0.0207715,0.0741758,0.0,0.9985163,0.3076923,0.1111111,1.0,9.980494888896912
3676.0,0.4458651,0.2992383,0.1969532,0.1860579,0.7995103,0.0609358,0.6747504,0.0042796,0.0278174,0.1160151,0.264622,0.9885877,0.352459,0.1139241,0.7368421,10.305647203635566
178.0,0.4662921,0.1685393,0.1853933,0.1368421,0.8764045,0.0,0.7142857,0.0,0.0285714,0.1860465,0.1714286,0.9285714,0.2790698,0.2,0.5,9.770013301136158
300.0,0.4733333,0.0,0.1533333,0.1772152,0.8833333,0.0,0.7207207,0.009009,0.027027,0.0826446,0.0,1.0,0.1652893,0.2105263,0.0,9.820160289946374
674.0,0.5029674,0.0,0.1468843,0.0895522,0.8709199,0.0,0.7295082,0.0163934,0.0491803,0.0579151,0.0,0.9918033,0.3552124,0.0597015,0.25,10.635879484421974
414.0,0.4710145,0.0748792,0.1376812,0.0730594,0.9589372,0.0,0.8827586,0.0,0.0,0.1618497,0.0758621,0.9931034,0.1560694,0.3,0.7272727,9.928228944424575
9757.0,0.4931844,0.005432,0.1225787,0.0881699,0.9208773,0.0014349,0.8264937,0.0027158,0.0340978,0.0227072,0.0054315,0.9743512,0.0973164,0.0956938,0.4102564,12.104599010599317
333.0,0.4714715,0.0990991,0.1771772,0.1193182,0.9069069,0.0,0.7723577,0.0,0.0243902,0.3278689,0.0894309,1.0,0.1530055,0.1333333,0.0,10.907807476583594
1611.0,0.4556176,0.0509001,0.1222843,0.1026226,0.4469274,0.4345127,0.6081731,0.0024038,0.0600962,0.1072961,0.0144231,1.0,0.2875536,0.0326797,0.4666667,10.789339695269716
4128.0,0.6296027,0.3282461,0.0,0.0026161,0.5162306,0.4798934,0.971223,0.0,0.0,0.0347222,0.3507194,0.9334532,0.2239583,0.2540835,0.0,11.174665631549477
1082.0,0.4648799,0.0036969,0.1312384,0.1139896,0.9112754,0.0,0.769821,0.0,0.0153453,0.0369458,0.0025575,0.9974425,0.1724138,0.0864198,0.0,10.5610334618531
11428.0,0.5612531,0.1386944,0.1448197,0.1457918,0.6649457,0.2093105,0.6586985,0.002656,0.0345286,0.042472,0.0084993,0.9843293,0.3247711,0.0713224,0.6428571,10.491301994830229
8885.0,0.4942037,0.0002251,0.0961171,0.0680908,0.9033202,0.0010129,0.7730122,0.0056087,0.0395909,0.0936005,0.0003299,0.9851534,0.3229665,0.1502242,0.6326531,10.518700218288165
218.0,0.5137615,0.0,0.1238532,0.0660377,0.9311927,0.0,0.8101266,0.0,0.0,0.1022727,0.0,1.0,0.1136364,0.0,0.0,9.615805480084347
939.0,0.5101171,0.0,0.112886,0.1086957,0.8423855,0.0,0.6796875,0.0052083,0.0494792,0.1232877,0.0,0.9869792,0.3173516,0.0776699,0.7,9.723223876851618
602.0,0.4883721,0.0232558,0.1245847,0.1168831,0.9136213,0.0,0.8046512,0.0046512,0.0325581,0.0966387,0.0186047,0.9813953,0.2478992,0.1111111,0.0,10.138599199626192
890.0,0.5078652,0.0157303,0.1269663,0.0684932,0.6831461,0.2123596,0.7326389,0.0034722,0.0486111,0.1402985,0.0,0.96875,0.2716418,0.109375,0.8333333,10.96302978336854
247.0,0.4898785,0.0,0.2105263,0.1111111,0.8582996,0.0,0.6886792,0.0,0.0188679,0.1653543,0.0,1.0,0.2755906,0.15,1.0,9.615805480084347
1835.0,0.4626703,0.0,0.1967302,0.1551724,0.8441417,0.0,0.6716418,0.0037313,0.0223881,0.0705202,0.0,0.9987562,0.265896,0.0362903,0.3333333,10.422311107413181
12818.0,0.4474177,0.9219067,0.0788735,0.0763801,0.8692464,0.0063192,0.6852792,0.003461,0.0394555,0.0953872,0.8883249,0.9880018,0.4134836,0.1827485,0.5625,9.615805480084347
1337.0,0.4928945,0.013463,0.0905011,0.0914454,0.8825729,0.0,0.732334,0.0171306,0.0428266,0.0843137,0.0085653,0.9700214,0.3431373,0.1421053,0.5454545,10.793454842740767
675.0,0.4962963,0.0,0.122963,0.0852941,0.9155556,0.0,0.7871486,0.0040161,0.0120482,0.0423077,0.0,0.9919679,0.2461538,0.0571429,1.0,10.25769445336048
227.0,0.4933921,0.7665198,0.1409692,0.1130435,0.876652,0.0,0.7179487,0.025641,0.0384615,0.1333333,0.6794872,1.0,0.2333333,0.25,1.0,9.615805480084347
887.0,0.5028185,0.0,0.1815107,0.138322,0.8556933,0.0,0.6760563,0.0028169,0.0309859,0.2197802,0.0,0.9971831,0.4,0.0759494,0.9545455,9.615805480084347
1242.0,0.4806763,0.0016103,0.2230274,0.1550388,0.873591,0.0,0.738,0.004,0.036,0.0548204,0.002,0.994,0.3270321,0.0941176,0.0,11.564578194753137
4348.0,0.4724011,0.0016099,0.1331647,0.0911072,0.8820147,0.0,0.7345751,0.0040745,0.0267753,0.0315671,0.0,0.9988359,0.2604284,0.0665584,0.5,10.809748150372926
1080.0,0.4361111,0.8231481,0.1990741,0.1510673,0.8509259,0.0,0.6558603,0.0124688,0.0399002,0.1748971,0.7930175,0.9925187,0.308642,0.2040816,0.75,9.615805480084347
2027.0,0.4829798,0.0157869,0.0705476,0.0505725,0.9669462,0.0,0.9133739,0.0030395,0.0121581,0.0337739,0.0151976,0.9924012,0.0528634,0.1333333,0.5,11.332613886815139
478.0,0.4665272,0.0083682,0.2133891,0.1882353,0.8221757,0.0,0.6040609,0.0,0.0304569,0.1126126,0.0050761,0.9847716,0.2927928,0.1372549,0.0,10.207325906555994
39408.0,0.4849015,0.0131699,0.1266748,0.0974925,0.84493,0.0086023,0.6937392,0.0015286,0.0622757,0.0506058,0.0148877,0.978466,0.2965674,0.0377219,0.125,11.506917452956234
322.0,0.4782609,0.0062112,0.2639752,0.1666667,0.8571429,0.0062112,0.6934307,0.0,0.0145985,0.2472527,0.0,0.9270073,0.4945055,0.1153846,0.5833333,9.615805480084347
316.0,0.4556962,0.0,0.1265823,0.1046512,0.8639241,0.0443038,0.7672414,0.0,0.0172414,0.1343284,0.0,0.9827586,0.2313433,0.1515152,0.5,9.994287576862567
2532.0,0.4881517,0.0402844,0.1291469,0.0910494,0.8771722,0.0015798,0.7188161,0.0031712,0.038055,0.1538462,0.0391121,0.7875264,0.4400716,0.1318681,0.4444444,10.747229096720554
1488.0,0.4791667,0.0047043,0.1626344,0.1135484,0.7990591,0.0,0.6449045,0.0063694,0.0812102,0.0308642,0.0031847,0.9920382,0.1589506,0.0335196,0.8,11.538602958260002
60167.0,0.5116925,0.0159556,0.0720827,0.0588836,0.6900959,0.0005983,0.5316465,0.0043792,0.1747202,0.0532601,0.0147097,0.9185537,0.5010276,0.0420884,0.2264151,12.574531387009179
758.0,0.4973615,0.0,0.1187335,0.0761155,0.9195251,0.0,0.8057554,0.0071942,0.0179856,0.0380623,0.0,1.0,0.1314879,0.0576923,0.75,10.698762529141884
214.0,0.4813084,0.0,0.2429907,0.1531532,0.8364486,0.0,0.6333333,0.0,0.0222222,0.2436975,0.0,0.9888889,0.3193277,0.05,1.0,9.615805480084347
995.0,0.5015075,0.0,0.0432161,0.0403226,0.9175879,0.0,0.8,0.0061538,0.04,0.1263441,0.0,1.0,0.327957,0.0566038,0.6969697,10.468829770273567
6930.0,0.4629149,0.95671,0.0948052,0.1012896,0.8688312,0.0109668,0.7117727,0.0081191,0.059991,0.07625,0.9553451,0.9873703,0.5958333,0.2074766,0.4117647,10.62135173563291
2048.0,0.4628906,0.0039062,0.1704102,0.1663636,0.8486328,0.0,0.6782007,0.0046136,0.0253749,0.0687433,0.005767,1.0,0.2534909,0.0541516,0.7142857,10.318935994253193
944.0,0.4565678,0.0,0.3411017,0.2417154,0.7764831,0.0699153,0.6498741,0.0,0.0151134,0.0456731,0.0,1.0,0.2403846,0.0735294,1.0,9.75272280064639
578.0,0.467128,0.0,0.2785467,0.2077922,0.7854671,0.0951557,0.6820276,0.0,0.0,0.1178862,0.0,1.0,0.2113821,0.1020408,0.875,9.852246888342531
1365.0,0.4666667,0.0695971,0.1296703,0.1401099,0.9003663,0.0,0.752988,0.001992,0.0219124,0.1035714,0.063745,0.998008,0.2857143,0.0909091,0.5714286,10.354595018522993
2721.0,0.4410143,0.1359794,0.2388828,0.2097304,0.7941933,0.0503491,0.6590106,0.0061837,0.0229682,0.0357751,0.1157244,0.9946996,0.3620102,0.0651629,0.5714286,10.225607282932941
493.0,0.4888438,0.0040568,0.2048682,0.1388889,0.7221095,0.0,0.5472441,0.011811,0.0629921,0.130137,0.007874,0.9685039,0.2705479,0.025974,0.55,10.795506083434564
317.0,0.4921136,0.3911672,0.148265,0.1490683,0.8643533,0.0,0.6694915,0.0,0.0338983,0.1323529,0.3813559,0.9830508,0.2794118,0.2173913,1.0,9.680406499268875
712.0,0.4747191,0.0,0.3146067,0.2379679,0.8005618,0.0,0.6065089,0.0,0.0236686,0.0584958,0.0,1.0,0.2116992,0.0545455,0.5714286,9.6678285081515
210.0,0.5190476,0.0095238,0.1619048,0.1287129,0.8285714,0.0,0.6375,0.0125,0.0625,0.1397849,0.0125,0.9875,0.2258065,0.0526316,0.0,9.615805480084347
20322.0,0.4783486,0.1743431,0.1332546,0.095557,0.8395335,0.0114162,0.6839301,0.0048321,0.0483211,0.0671521,0.1797795,0.9921943,0.3770227,0.0382803,0.4166667,10.97679912709094
544.0,0.4705882,0.0,0.1709559,0.1458333,0.8970588,0.0,0.7523364,0.0,0.0093458,0.0655022,0.0,1.0,0.1790393,0.0588235,1.0,10.081675578048475
1549.0,0.5442221,0.0781149,0.116204,0.1402266,0.7856682,0.1194319,0.7351248,0.0,0.0172745,0.1032702,0.0038388,1.0,0.3872633,0.09,0.6363636,9.798182590890704
2579.0,0.4749903,0.0414889,0.1430787,0.1521418,0.8545948,0.0,0.6895551,0.0038685,0.0386847,0.1116838,0.0357834,0.9980658,0.3092784,0.0897833,0.7692308,9.989711119284745
1047.0,0.4880611,0.0238777,0.1375358,0.1007463,0.9321872,0.0,0.8238342,0.0,0.007772,0.0585366,0.0284974,1.0,0.1853659,0.0588235,0.1428571,10.491301994830229
184.0,0.4945652,0.0,0.1956522,0.1075269,0.8478261,0.0,0.6753247,0.0,0.038961,0.0253165,0.0,1.0,0.1139241,0.0,0.5,9.615805480084347
473.0,0.4630021,0.0063425,0.1310782,0.1141732,0.8794926,0.0,0.7336957,0.0,0.0380435,0.0659898,0.0054348,0.9836957,0.213198,0.1153846,1.0,10.122663242288953
10878.0,0.4868542,0.0276705,0.0844824,0.0634181,0.8937305,0.0007354,0.7577773,0.0021373,0.0268345,0.0568869,0.0246972,0.9950131,0.2541993,0.0546737,0.4444444,10.909637269778615
171.0,0.4678363,0.0,0.2807018,0.1538462,0.7777778,0.0,0.5952381,0.0,0.047619,0.1923077,0.0,0.9880952,0.2980769,0.0,1.0,9.615805480084347
30744.0,0.4733932,0.0092376,0.1479313,0.0946881,0.8319347,0.0096604,0.6894203,0.0041178,0.0597878,0.0244882,0.0082357,0.9838454,0.2883739,0.0489326,0.1964286,11.687727151613768
362.0,0.4972376,0.0,0.2955801,0.1538462,0.8535912,0.0,0.68125,0.0,0.0125,0.1256831,0.0,1.0,0.3169399,0.1515152,1.0,9.615805480084347
698.0,0.4756447,0.0014327,0.1404011,0.1284153,0.8638968,0.0,0.6792453,0.0037736,0.0301887,0.0766551,0.0037736,0.9962264,0.2299652,0.1264368,0.5,10.360944044643913
2414.0,0.437034,0.4710025,0.1843413,0.1743929,0.8351284,0.0426678,0.686431,0.0022805,0.0205245,0.0807128,0.4093501,0.9965792,0.278826,0.141844,0.5333333,10.288783966353765
1840.0,0.4744565,0.0021739,0.1543478,0.1075491,0.8347826,0.0,0.6547145,0.0079681,0.0491368,0.0749386,0.001328,0.997344,0.3599509,0.0485714,1.0,11.195484970354173
1354.0,0.471935,0.0007386,0.0982275,0.0755245,0.9165436,0.0,0.7877462,0.0065646,0.02407,0.0276596,0.0,0.9956236,0.2255319,0.0531915,0.0,11.01206667357142
167.0,0.4251497,0.0239521,0.2035928,0.1666667,0.9161677,0.0,0.7777778,0.0,0.0,0.1369863,0.015873,1.0,0.1369863,0.25,0.0,10.038935856711177
8010.0,0.4762797,0.0011236,0.2017478,0.172348,0.752809,0.0423221,0.5929887,0.003268,0.0582294,0.0727273,0.0008913,0.9922757,0.3707989,0.0454148,0.6666667,10.281958234245314
6415.0,0.4966485,0.0134061,0.0994544,0.0625581,0.9056898,0.0015588,0.7973684,0.0048246,0.0451754,0.021879,0.0118421,0.9850877,0.1660232,0.1182266,0.3076923,11.185823192802378
4907.0,0.4933768,0.0030569,0.120644,0.0820595,0.9335643,0.0,0.8384798,0.0017815,0.0225653,0.0581655,0.0023753,0.9768409,0.060962,0.1188119,0.6842105,11.8879382384223
339.0,0.4719764,0.0,0.2035398,0.1173184,0.8967552,0.0,0.7424242,0.0,0.0075758,0.2413793,0.0,1.0,0.2701149,0.1290323,0.8,9.615805480084347
709.0,0.4795487,0.0,0.1763047,0.1409214,0.8293371,0.0084626,0.6559486,0.0032154,0.0257235,0.1361111,0.0,0.9903537,0.5555556,0.0544218,1.0,10.370392636243981
3518.0,0.4931779,0.0815804,0.0633883,0.0605721,0.87834,0.0008528,0.7434312,0.0069552,0.0602782,0.0204391,0.0935085,0.9853168,0.2376987,0.0469388,0.5714286,11.549267037372665
206.0,0.538835,0.0,0.1893204,0.1473684,0.8737864,0.0,0.7195122,0.0,0.0365854,0.0786517,0.0,1.0,0.3820225,0.0833333,1.0,9.648659816955295
390.0,0.4948718,0.0025641,0.1153846,0.0558376,0.9333333,0.0,0.8346457,0.007874,0.023622,0.1533333,0.0,1.0,0.14,0.3548387,0.75,10.165890277802454
14476.0,0.4969605,0.1845123,0.0853827,0.0617962,0.8067146,0.0203095,0.6867059,0.0036033,0.106391,0.0417954,0.1776977,0.9607434,0.2785753,0.1017252,0.1290323,11.715057818961629
251.0,0.4900398,0.0358566,0.2788845,0.2109375,0.7848606,0.0,0.5752212,0.0088496,0.0353982,0.2614379,0.0088496,0.9911504,0.2614379,0.16,1.0,9.615805480084347
563.0,0.4902309,0.0,0.1847247,0.1184669,0.8685613,0.0,0.6990741,0.0046296,0.037037,0.0689655,0.0,1.0,0.2715517,0.0,1.0,10.85516473308054
1103.0,0.4596555,0.0054397,0.2638259,0.2063758,0.7923844,0.0625567,0.6753813,0.0021786,0.0217865,0.1121857,0.0021786,0.9978214,0.2882012,0.0612245,0.8888889,10.308985993422082
3459.0,0.5117086,0.0245736,0.1026308,0.079929,0.8936109,0.0242845,0.7984155,0.0035211,0.0369718,0.1490637,0.0088028,0.9806338,0.2651685,0.1042945,0.8461538,11.70272730786727
418.0,0.4904306,0.0,0.1626794,0.1079812,0.8947368,0.0,0.7530864,0.0061728,0.0185185,0.0414201,0.0,0.9938272,0.183432,0.1428571,0.5,10.545367754151743
1322.0,0.4916793,0.0007564,0.0506808,0.03125,0.9531014,0.0,0.8820639,0.004914,0.027027,0.0169082,0.0,0.990172,0.0917874,0.0952381,1.0,11.103467395592086
6355.0,0.4582219,0.0011015,0.1856806,0.1370897,0.8103855,0.0234461,0.6677007,0.0073672,0.0585498,0.1100759,0.0007755,0.9961225,0.378882,0.0646298,0.673913,10.87806606028079
784.0,0.4566327,0.0,0.1977041,0.1502347,0.8711735,0.0038265,0.7341772,0.0094937,0.0348101,0.2119701,0.0,1.0,0.40399,0.0588235,1.0,10.389026137075234
2223.0,0.4705353,0.0017994,0.1677913,0.1452846,0.8497526,0.0049483,0.6808036,0.0033482,0.0290179,0.125,0.0022321,0.9988839,0.3554688,0.1020408,0.3,9.883335864325275
3008.0,0.4893617,0.0478723,0.2094415,0.1132812,0.8713431,0.0033245,0.7336323,0.0071749,0.0502242,0.0731505,0.0511211,0.870852,0.3832086,0.1208791,0.375,11.499850357082506
1074.0,0.4487896,0.0009311,0.2374302,0.1824324,0.8044693,0.0446927,0.6597222,0.0115741,0.0185185,0.0588235,0.0023148,0.9953704,0.3551198,0.070922,0.6666667,9.770013301136158
1742.0,0.4506315,0.0,0.2652124,0.2058516,0.8065442,0.0510907,0.6570605,0.0,0.0115274,0.0998703,0.0,1.0,0.2853437,0.0955056,0.7142857,9.75272280064639
211.0,0.464455,0.0,0.2274882,0.1858407,0.8436019,0.0,0.6516854,0.0,0.0224719,0.0824742,0.0,1.0,0.2474227,0.0,1.0,9.615805480084347
9448.0,0.4843353,0.0764183,0.1002329,0.0915435,0.8854784,0.0,0.7502753,0.0060573,0.0390969,0.0353254,0.0704846,0.996696,0.3965471,0.0857947,0.4615385,10.463131911491967
459.0,0.453159,0.0,0.1982571,0.1633466,0.8496732,0.0,0.6719577,0.005291,0.026455,0.0643564,0.0,1.0,0.2277228,0.0566038,1.0,10.169728906753061
6997.0,0.4677719,0.0008575,0.1473489,0.1280881,0.8483636,0.0,0.6637993,0.0043011,0.0340502,0.0506975,0.0003584,0.9942652,0.3531814,0.0690867,0.4736842,10.451637862362272
551.0,0.477314,0.0036298,0.1978221,0.1354167,0.8711434,0.0,0.7074236,0.0,0.0174672,0.0876494,0.0043668,0.9912664,0.2549801,0.0857143,0.0,9.615805480084347
1040.0,0.5076923,0.0,0.0961538,0.0488281,0.9423077,0.0,0.8338558,0.0031348,0.0188088,0.1355014,0.0,1.0,0.2113821,0.3461538,0.6666667,10.285376924115587
155.0,0.4967742,0.0,0.0774194,0.0384615,0.9806452,0.0,0.9333333,0.0,0.0,0.2241379,0.0,0.4888889,0.3448276,0.2272727,1.0,10.53212287826962
30206.0,0.4708667,0.2721976,0.1529166,0.1312645,0.8441369,0.0308217,0.699697,0.0028515,0.0294065,0.1013773,0.2411335,0.9394047,0.3683536,0.1235069,0.5202703,10.33854382482173
1312.0,0.4847561,0.0083841,0.086128,0.0428994,0.9588415,0.0,0.8904429,0.002331,0.013986,0.0424107,0.006993,0.988345,0.1138393,0.0909091,0.6363636,10.74507628970625
5946.0,0.467373,0.0272452,0.2334342,0.1894537,0.8375378,0.0304406,0.6801229,0.0030715,0.0179903,0.1505777,0.0263273,0.7621764,0.3779351,0.1292985,0.6034483,9.90353755128617
2581.0,0.4905076,0.2034095,0.1139093,0.0920152,0.8841534,0.0,0.7331976,0.0020367,0.0336049,0.0898981,0.1558045,0.9949084,0.2761816,0.0792453,0.3333333,10.768506042432708
35308.0,0.4915317,0.0077886,0.0791605,0.0577619,0.9195366,0.0029455,0.8077174,0.0020352,0.0251547,0.0622185,0.0080593,0.9918593,0.1612337,0.0346101,0.2962963,11.457423325808623
332.0,0.4789157,0.0,0.3343373,0.2254335,0.7319277,0.126506,0.6349206,0.0079365,0.0079365,0.1923077,0.0,1.0,0.2948718,0.0357143,1.0,9.615805480084347
133.0,0.4736842,0.0225564,0.112782,0.1,0.8496241,0.0,0.7115385,0.0,0.0961538,0.0188679,0.0192308,1.0,0.1886792,0.0,0.0,10.114599007626499
404.0,0.4826733,0.0,0.1336634,0.1291866,0.8589109,0.0371287,0.7246377,0.0,0.0289855,0.0547945,0.0,0.9927536,0.1917808,0.0714286,1.0,10.069044362997353
1966.0,0.4318413,0.0228891,0.2293998,0.1933751,0.6871821,0.1068159,0.5717647,0.0058824,0.0282353,0.0830636,0.0152941,0.9952941,0.3581446,0.0465116,0.625,10.626217806887722
363.0,0.5454545,0.0,0.0743802,0.0484848,0.9035813,0.0,0.7627119,0.0,0.0508475,0.0483871,0.0,1.0,0.1774194,0.2307692,1.0,10.942013616092948
303.0,0.4785479,0.1650165,0.2211221,0.164557,0.8745875,0.0,0.6779661,0.0,0.0,0.2133333,0.1101695,0.9237288,0.3533333,0.1875,0.625,9.615805480084347
1614.0,0.4429988,0.0774473,0.3370508,0.2858732,0.7571252,0.0929368,0.6692668,0.0046802,0.0374415,0.4317376,0.0639626,0.9875195,0.2606383,0.1077844,0.7567568,11.692752245730048
2511.0,0.4715253,0.4281163,0.1684588,0.1401658,0.8864994,0.0115492,0.7572193,0.002139,0.0245989,0.0507614,0.3786096,0.9946524,0.351269,0.1198157,1.0,10.146472946063877
2193.0,0.4915641,0.002736,0.1472868,0.090583,0.8317373,0.0,0.687157,0.0054885,0.0680571,0.6880137,0.0032931,0.9934138,0.3715753,0.0625,0.7538462,11.726430716744437
4810.0,0.4713098,0.0002079,0.3403326,0.1616201,0.7700624,0.0,0.6194093,0.0050633,0.0742616,0.3844156,0.0,0.9818565,0.4771429,0.0319285,0.734375,11.48247656671073
572.0,0.5052448,0.1608392,0.1555944,0.1130742,0.9230769,0.0,0.7910448,0.0,0.0099502,0.0904977,0.1492537,0.9900498,0.2081448,0.1666667,0.5,10.623787731088578
384.0,0.53125,0.0078125,0.046875,0.0166667,0.9244792,0.0,0.8283582,0.0074627,0.0223881,0.1464968,0.0074627,0.9701493,0.5541401,0.0784314,0.5,10.633472802314019
5152.0,0.4611801,0.2358307,0.1896351,0.1318444,0.8361801,0.0,0.6485728,0.0032756,0.0327562,0.0716768,0.2377164,0.9836219,0.192007,0.0806202,0.6538462,10.376642461280849
3907.0,0.4847709,0.000256,0.156386,0.1082961,0.8753519,0.0,0.7160574,0.0019582,0.0293734,0.0352645,0.0,0.9889034,0.2625945,0.075,0.5454545,10.801634680173994
4418.0,0.4986419,0.0577184,0.1346763,0.11693,0.8875057,0.0183341,0.7486301,0.0020548,0.0239726,0.2299578,0.0643836,0.6410959,0.4878692,0.1784232,0.8360656,10.122663242288953
14116.0,0.4378011,0.0153726,0.1747662,0.1314264,0.7169878,0.015656,0.5237003,0.0021407,0.0853211,0.0240263,0.0136086,0.9900612,0.3326369,0.015634,0.2941176,11.38737357979909
228.0,0.4649123,0.0,0.2368421,0.1229508,0.8903509,0.0,0.7386364,0.0,0.0227273,0.0736842,0.0,0.9886364,0.2315789,0.1,0.5,9.615805480084347
321.0,0.4984424,0.0,0.2211838,0.1055901,0.8598131,0.0,0.6899225,0.0,0.0077519,0.0373134,0.0,0.9922481,0.2014925,0.1578947,1.0,9.809231816610408
1493.0,0.477562,0.264568,0.1205626,0.1025641,0.8948426,0.0,0.7436823,0.0018051,0.0216606,0.0415225,0.198556,1.0,0.1574394,0.0769231,1.0,10.468829770273567
4321.0,0.4929414,0.0712798,0.0393427,0.0346874,0.8965517,0.0,0.7879789,0.0033025,0.0601057,0.0307298,0.0634082,0.9649934,0.1997439,0.0804878,0.48,11.832113471896832
2408.0,0.4792359,0.0016611,0.1391196,0.1347687,0.8583887,0.035299,0.7346698,0.0023585,0.0306604,0.073224,0.0023585,0.9988208,0.3180328,0.0652174,0.3888889,11.03005541721757
1257.0,0.4868735,0.0015911,0.1535402,0.1054264,0.8894193,0.0,0.7391304,0.0020704,0.0207039,0.0764818,0.0020704,0.9979296,0.2447419,0.168,1.0,10.16203685698089
2096.0,0.4594466,0.0214695,0.1383588,0.0856134,0.8482824,0.0038168,0.7018405,0.002454,0.0601227,0.0411765,0.0196319,0.9889571,0.1423529,0.0565217,0.4285714,10.922352923113982
394.0,0.4441624,0.0,0.213198,0.1506849,0.8629442,0.0,0.6807229,0.0,0.0060241,0.1216931,0.0,0.9638554,0.3227513,0.137931,1.0,9.680406499268875
1280.0,0.453125,0.2960937,0.1375,0.1357143,0.8695312,0.0,0.7218814,0.00409,0.0593047,0.1421053,0.2883436,0.99182,0.4894737,0.0762712,0.0,10.188704088048116
3558.0,0.470489,0.0337268,0.213041,0.2144374,0.7568859,0.103991,0.6630978,0.0014276,0.0114204,0.0758575,0.0014276,0.9971449,0.3436675,0.0647841,0.7058824,10.609081944147828
858.0,0.4638695,0.0,0.2214452,0.1782609,0.7972028,0.0128205,0.6162465,0.0056022,0.0392157,0.2930693,0.0,0.9971989,0.2594059,0.0648148,0.0,10.292179440058462
4070.0,0.472973,0.0029484,0.1859951,0.1529138,0.8818182,0.0,0.7178527,0.0018727,0.0149813,0.0509479,0.0018727,0.9987516,0.2174171,0.0815789,0.4615385,10.623787731088578
22.0,0.5454545,0.0,0.2727273,0.0,0.9545455,0.0,0.875,0.0,0.0,0.3846154,0.0,1.0,0.3076923,0.3333333,0.0,9.615805480084347
247.0,0.5222672,0.0,0.0809717,0.0762712,0.8906883,0.0,0.7613636,0.0,0.0681818,0.0638298,0.0,1.0,0.2234043,0.15,0.0,10.110542371500753
3122.0,0.4942345,0.0345932,0.0807175,0.0702977,0.930173,0.0,0.8230932,0.0095339,0.029661,0.0347648,0.0307203,0.7521186,0.2852761,0.2650602,0.25,10.789339695269716
1810.0,0.4569061,0.5977901,0.1469613,0.1505595,0.879558,0.0,0.6942771,0.001506,0.0165663,0.0841379,0.5451807,0.9939759,0.4593103,0.1454545,0.3333333,10.069044362997353
7455.0,0.4828974,0.01556,0.1380282,0.1206226,0.7859155,0.073776,0.7002673,0.0038183,0.0683467,0.099381,0.0110729,0.9675449,0.2857634,0.05,0.2195122,12.104045457048253
6278.0,0.4812042,0.6952851,0.1543485,0.1473749,0.7868748,0.0974833,0.7189672,0.0089374,0.051142,0.1458863,0.7199603,0.980139,0.4652248,0.1420824,0.8732394,10.442929787247998
207.0,0.4927536,0.0,0.1690821,0.152381,0.8743961,0.0,0.686747,0.0,0.0,0.17,0.0,1.0,0.37,0.4285714,0.0,9.942756341456828
2987.0,0.4871108,0.0184131,0.0776699,0.0809399,0.9327084,0.0,0.8312318,0.0048497,0.0203686,0.0811052,0.0155189,0.9961203,0.1729055,0.0622222,0.2909091,10.879951039444416
11.0,0.5454545,0.0,0.7272727,0.2,0.7272727,0.0,0.5714286,0.0,0.0,0.7741935,0.0,1.0,0.516129,0.0,0.0,9.615805480084347
130.0,0.4923077,0.0,0.0384615,0.0757576,0.9615385,0.0,0.8947368,0.0,0.0263158,0.1162791,0.0,1.0,0.3255814,0.2,0.0,10.53212287826962
2109.0,0.4717876,0.0094832,0.0915126,0.048474,0.9336178,0.0142248,0.8621212,0.0,0.0257576,0.055794,0.0015152,0.9954545,0.0329041,0.0925926,0.6,13.122367377396328
2743.0,0.5114838,0.2854539,0.0630696,0.0649254,0.9310973,0.0010937,0.8222749,0.0047393,0.0308057,0.1334702,0.2488152,0.9845972,0.436345,0.2206897,0.5,10.385944565501662
180038.0,0.4810429,0.0129639,0.1331774,0.101903,0.8208878,0.0148413,0.6535771,0.0027695,0.0685674,0.0486729,0.0138767,0.8352574,0.6174391,0.1163615,0.2691622,12.428419879868164
84.0,0.452381,0.3571429,0.1904762,0.1304348,0.9404762,0.0,0.8214286,0.0,0.0,0.0967742,0.3571429,1.0,0.0967742,0.0,0.0,10.221977646629885
340.0,0.4852941,0.0,0.1235294,0.1314286,0.8911765,0.0,0.7384615,0.0,0.0153846,0.0510949,0.0,1.0,0.1751825,0.1071429,1.0,10.729875458480967
4787.0,0.4564445,0.0114895,0.2648841,0.1963874,0.8067683,0.0273658,0.6415279,0.0009794,0.0259549,0.067154,0.010284,0.9980411,0.3188671,0.0676471,0.625,10.434145214930487
253.0,0.4901186,0.2252964,0.173913,0.1472868,0.8893281,0.0,0.7113402,0.0,0.0,0.0849057,0.2371134,1.0,0.2358491,0.24,1.0,9.61587214452889
811.0,0.5104809,0.001233,0.0776819,0.0503778,0.9260173,0.0,0.8172043,0.0071685,0.0179211,0.0477816,0.0,0.9928315,0.1945392,0.122807,1.0,10.264687244346277
3658.0,0.4677419,0.036632,0.1738655,0.1782229,0.7654456,0.1085293,0.683248,0.0007315,0.0168252,0.1024294,0.0321873,0.9978054,0.4445174,0.0831169,0.4,10.491301994830229
242.0,0.4958678,0.0041322,0.161157,0.0901639,0.9297521,0.0,0.8297872,0.0,0.0106383,0.1047619,0.0,0.9893617,0.247619,0.2142857,0.0,10.268165387743457
263.0,0.5095057,0.0,0.2585551,0.124031,0.8593156,0.0,0.7,0.0,0.0363636,0.1269841,0.0,1.0,0.3015873,0.1052632,1.0,10.2328272702548
33558.0,0.5016688,0.0254783,0.0807259,0.0670334,0.8944514,0.0053638,0.7688258,0.0047288,0.0516595,0.0793494,0.0243576,0.805853,0.3312798,0.1643224,0.3188406,11.789048488275174
7461.0,0.4983246,0.0776035,0.066479,0.0502271,0.9132824,0.0,0.8169173,0.0015038,0.0454887,0.0550622,0.0691729,0.9932331,0.1282416,0.1492537,0.08,10.96648993456911
419.0,0.4582339,0.0,0.1980907,0.1365639,0.8568019,0.0,0.6797753,0.0,0.0168539,0.1231527,0.0,1.0,0.1231527,0.0681818,0.0,9.952325334619427
1053.0,0.4624881,0.0,0.1937322,0.155477,0.8660969,0.0,0.7136364,0.0,0.0295455,0.1304348,0.0,1.0,0.298419,0.05,0.9230769,10.090008612393838
1991.0,0.4525364,0.1200402,0.2370668,0.1880734,0.8111502,0.0296334,0.6461717,0.0011601,0.0104408,0.1113402,0.1160093,0.9953596,0.3381443,0.0608696,0.6956522,9.908524844053396
935.0,0.4609626,0.0,0.1390374,0.1210317,0.8930481,0.0,0.738764,0.002809,0.0168539,0.0631579,0.0,1.0,0.2894737,0.0657895,0.3333333,10.165890277802454
1799.0,0.4735964,0.0072262,0.2590328,0.1372756,0.7548638,0.0528071,0.621118,0.0024845,0.042236,0.0914221,0.0012422,0.9813665,0.5440181,0.0538462,0.8333333,11.345701365855424
638.0,0.4952978,0.0,0.1175549,0.0776398,0.8840125,0.0,0.7637131,0.0084388,0.0337553,0.0404858,0.0,0.9957806,0.1700405,0.1016949,1.0,10.586609649448985
2174.0,0.4687213,0.0041398,0.1347746,0.1194805,0.8647654,0.0,0.7,0.0111111,0.0382716,0.0657439,0.0024691,0.9246914,0.2802768,0.0948617,0.3333333,10.118639253920785
1278.0,0.4507042,0.0,0.3098592,0.2464387,0.7644757,0.0555556,0.6047359,0.0,0.0236794,0.1244019,0.0,1.0,0.338118,0.0794702,0.8928571,9.615805480084347
294.0,0.4761905,0.0,0.1666667,0.1168831,0.8639456,0.0,0.7,0.0083333,0.0166667,0.2258065,0.0,1.0,0.2709677,0.0,1.0,10.043292972227004
679.0,0.4845361,0.0,0.1811487,0.1428571,0.8615611,0.0,0.6750903,0.0,0.0144404,0.163142,0.0,0.9963899,0.3957704,0.0810811,0.5,9.615805480084347
3231.0,0.4908697,0.0040235,0.178273,0.1452888,0.8297741,0.0309502,0.6852713,0.0054264,0.0248062,0.0870488,0.0023256,0.955814,0.3842887,0.0922747,0.4761905,10.529452721013085
481.0,0.5010395,0.018711,0.1704782,0.1375,0.9064449,0.0,0.7771739,0.0,0.0217391,0.1238095,0.0271739,0.9945652,0.1333333,0.1,1.0,10.373522431293592
7122.0,0.4973322,0.0158663,0.1816905,0.0776536,0.9019938,0.0254142,0.8154392,0.0022183,0.0292813,0.5711568,0.0150843,0.6220053,0.7393455,0.2965932,0.29,10.596659732783579
3292.0,0.5200486,0.0428311,0.0306804,0.0443038,0.9389429,0.0,0.8729064,0.0049261,0.044335,0.0268456,0.0374384,0.9724138,0.0220518,0.2380952,0.1538462,11.621788838451959
2712.0,0.4966814,0.0,0.1224189,0.0915751,0.8281711,0.0280236,0.6912488,0.0058997,0.0580138,0.0295802,0.0,0.9872173,0.2538168,0.0486111,0.75,10.757924157061597
1077.0,0.4698236,0.0027855,0.181987,0.1663748,0.810585,0.0334262,0.6153846,0.0,0.0248139,0.1044444,0.0024814,0.9975186,0.3422222,0.0940171,0.8,9.888424674859083
27134.0,0.471696,0.005307,0.1750203,0.1336589,0.779686,0.0414609,0.6302154,0.0041814,0.054086,0.058456,0.0029997,0.9962731,0.3312222,0.059733,0.3043478,10.192456296870509
28.0,0.3214286,0.3571429,0.2857143,0.2631579,0.6428571,0.0,0.5,0.0714286,0.0714286,0.2631579,0.3571429,1.0,0.1578947,0.3333333,0.0,10.463131911491967
3463.0,0.7170084,0.1593994,0.0008663,0.005102,0.4565406,0.5411493,0.9831325,0.0,0.0024096,0.0095465,0.2024096,0.9566265,0.4319809,0.2742718,0.0,9.966509298952284
919.0,0.4711643,0.0021763,0.1099021,0.0884774,0.9107726,0.0,0.7936047,0.0087209,0.0174419,0.0727763,0.0,1.0,0.3180593,0.0930233,0.4285714,10.515993929932415
140.0,0.4928571,0.0071429,0.1,0.0985915,0.9,0.0,0.8163265,0.0204082,0.0612245,0.125,0.0,1.0,0.1071429,0.0769231,0.5,10.038935856711177
332.0,0.5060241,0.7740964,0.2289157,0.1463415,0.9036145,0.0,0.7333333,0.0,0.0,0.0769231,0.7083333,1.0,0.3076923,0.2653061,0.0,9.615805480084347
471.0,0.462845,0.0,0.1528662,0.1106719,0.9171975,0.0,0.7803468,0.0,0.0057803,0.0441989,0.0,1.0,0.1270718,0.09375,1.0,10.025749432069084
13645.0,0.4568706,0.0404544,0.1850495,0.1365538,0.824258,0.0023452,0.6474045,0.0021221,0.0288932,0.0774096,0.0334639,0.9962455,0.2825301,0.0392644,0.5357143,10.768506042432708
503.0,0.4850895,0.0,0.1053678,0.0694981,0.8807157,0.0,0.7288136,0.0225989,0.0338983,0.1767442,0.0,0.9943503,0.4325581,0.0967742,0.6666667,10.448743588106625
112669.0,0.480993,0.0125145,0.1267074,0.087848,0.6967844,0.0547977,0.5674245,0.0050352,0.1228552,0.0357775,0.0093357,0.9797727,0.4259132,0.0489667,0.1704545,10.934908916663861
2878.0,0.4489229,0.1115358,0.194927,0.1872636,0.8137596,0.0,0.6168371,0.0039339,0.0298977,0.0742899,0.097561,0.9984264,0.3510561,0.047619,0.875,10.034559673629849
1951.0,0.457714,0.0010251,0.3552025,0.2608696,0.7365454,0.0881599,0.6053269,0.003632,0.0145278,0.0982533,0.0012107,1.0,0.30131,0.0196078,0.8,9.852246888342531
3328.0,0.530649,0.0015024,0.1141827,0.0857875,0.8446514,0.0039062,0.6919575,0.0030349,0.0591806,0.3363545,0.0022762,0.9688923,0.581571,0.0930233,0.754717,10.440010162389305
149.0,0.5302013,0.0,0.2013423,0.1571429,0.8322148,0.0,0.6307692,0.0,0.0153846,0.1666667,0.0,1.0,0.4487179,0.0,0.0,9.615805480084347
1811.0,0.46328,0.0005522,0.1115406,0.0936214,0.8663722,0.0,0.7140741,0.0074074,0.0459259,0.0357143,0.0,0.9925926,0.3042857,0.0382979,1.0,10.454523783963511
5914.0,0.4573892,0.0005073,0.2047683,0.1607978,0.8437606,0.0140345,0.6904561,0.0038007,0.0358953,0.0409072,0.0004223,0.9970439,0.2669097,0.0667351,0.8,10.643064971973882
7734.0,0.4574606,0.0034911,0.1775278,0.1384652,0.8426429,0.0,0.6634675,0.0027864,0.0321981,0.0363962,0.0034056,0.996904,0.302506,0.0368098,0.4285714,10.70101727068921
7628.0,0.4777137,0.0005244,0.1411904,0.1094378,0.8877819,0.0171736,0.7683914,0.0017599,0.0207673,0.0280534,0.000704,0.9975361,0.2377694,0.0677966,0.2173913,10.929547069355774
130.0,0.4769231,0.0,0.1846154,0.2058824,0.7769231,0.0,0.5517241,0.0,0.0344828,0.2162162,0.0,1.0,0.2702703,0.0,1.0,9.729193687429403
7349.0,0.4864607,0.0023132,0.104504,0.0622682,0.889917,0.001905,0.7604049,0.0059993,0.047619,0.044086,0.0011249,0.9913761,0.3250896,0.0934844,0.4,10.762170357789895
3346.0,0.5023909,0.0008966,0.09474,0.0714715,0.9321578,0.0167364,0.8658205,0.0018132,0.0181324,0.0349956,0.0018132,0.9927471,0.0909886,0.1123596,0.625,11.242441323346558
1576.0,0.4993655,0.0057107,0.0926396,0.0709759,0.9022843,0.0088832,0.7887067,0.007286,0.0327869,0.0351494,0.003643,0.9945355,0.2126538,0.152381,1.0,10.440010162389305
1269.0,0.4791174,0.0,0.2080378,0.1210287,0.8613081,0.0,0.7069307,0.0059406,0.039604,0.0801457,0.0,0.9841584,0.2659381,0.0503597,0.2,10.348205424565993
188.0,0.4946809,0.0,0.2446809,0.1578947,0.7765957,0.0,0.6091954,0.0114943,0.045977,0.0224719,0.0,1.0,0.3146067,0.0,1.0,9.615805480084347
10201.0,0.4385845,0.4661308,0.1835114,0.1629125,0.824527,0.023135,0.6477589,0.0037984,0.0329197,0.0869364,0.3869334,0.9837934,0.4099422,0.1322445,0.2708333,10.30229722897745
6450.0,0.48,0.0021705,0.1386047,0.1100179,0.9142636,0.0,0.7936765,0.0008107,0.016214,0.0283576,0.0016214,0.9967572,0.1528161,0.0679157,0.5,11.0186455364637
5015.0,0.4534397,0.0,0.2137587,0.1911711,0.8356929,0.0189432,0.6777052,0.0009328,0.014459,0.0509075,0.0,0.9976679,0.2779991,0.0381426,0.7575758,10.460270761075149
14736.0,0.522937,0.0042752,0.0779723,0.0634424,0.8456162,0.009772,0.6894261,0.0071969,0.0581288,0.0684201,0.0044289,0.8754383,0.4130995,0.1062937,0.1290323,11.141876276228
3983.0,0.4689932,0.0025107,0.142355,0.1182033,0.8400703,0.0376601,0.7259615,0.0041209,0.0467033,0.0357616,0.0006868,0.9876374,0.3450331,0.055914,0.3636364,10.698762529141884
337.0,0.4836795,0.0,0.1424332,0.1091954,0.8635015,0.0,0.6616541,0.0,0.0075188,0.1528662,0.0,0.9774436,0.4394904,0.1785714,0.8,9.615805480084347
4586.0,0.4808112,0.0058875,0.1284344,0.0898782,0.8931531,0.0,0.7623318,0.0022422,0.0325112,0.0341094,0.0061659,0.9966368,0.2208988,0.0610687,0.4615385,10.67130147767883
711.0,0.4613221,0.2362869,0.1420534,0.1253264,0.907173,0.0,0.7626459,0.0,0.0194553,0.0755396,0.1906615,1.0,0.2913669,0.1568627,1.0,9.94755228369823
15940.0,0.4433501,0.0600376,0.0850063,0.0640144,0.4833752,0.189335,0.4991358,0.0023046,0.2485116,0.0525837,0.058575,0.9934703,0.2973071,0.0684831,0.4102564,10.698762529141884
274.0,0.4854015,0.0036496,0.2226277,0.1205674,0.9014599,0.0,0.7610619,0.0,0.0,0.0887097,0.0088496,1.0,0.2016129,0.0454545,0.0,10.169728906753061
8568.0,0.4920635,0.06676,0.1260504,0.0942096,0.8946078,0.0014006,0.7696774,0.0048387,0.0432258,0.0230066,0.0641935,0.9770968,0.1084147,0.0982567,0.3,11.210481638644469
946.0,0.4534884,0.1173362,0.1585624,0.1895551,0.8224101,0.0,0.6203474,0.0024814,0.0322581,0.0861678,0.1116625,0.9851117,0.4557823,0.0851064,0.8,10.555838779903407
22676.0,0.4428912,0.0516846,0.2144999,0.180638,0.7954225,0.0250926,0.6191166,0.0024827,0.0291714,0.1014129,0.0477915,0.9964829,0.3313813,0.0873717,0.6691176,9.99884318585288
13220.0,0.4657337,0.3446293,0.1385023,0.1309642,0.8633888,0.0241301,0.7253981,0.0026541,0.0230706,0.1024372,0.3097183,0.9959167,0.3380979,0.1045861,0.4545455,10.474495347310453
1833.0,0.4735406,0.0027278,0.2084015,0.1523316,0.8810693,0.0,0.724183,0.0,0.0091503,0.0401506,0.0013072,0.9973856,0.2785445,0.0467836,1.0,10.482933978579906
1402.0,0.4757489,0.0171184,0.1540656,0.0557823,0.9614836,0.0,0.8968254,0.0,0.0039683,0.0098232,0.0178571,0.9960317,0.0098232,0.1,0.6666667,11.519911009143941
526.0,0.5,0.0,0.1444867,0.0722433,0.9201521,0.0,0.805,0.0,0.005,0.009901,0.0,1.0,0.2128713,0.0645161,0.0,10.49684202174171
979.0,0.4719101,0.0091931,0.1634321,0.1237911,0.854954,0.0,0.6944444,0.010101,0.040404,0.0434783,0.0025253,0.9949495,0.2149758,0.0693069,0.3333333,10.586609649448985
145.0,0.4689655,0.0,0.2206897,0.1818182,0.8551724,0.0,0.6833333,0.0,0.0333333,0.1666667,0.0,1.0,0.3333333,0.1111111,1.0,9.746892220313054
593.0,0.4451939,0.0,0.2613828,0.1519757,0.8617201,0.0,0.7091633,0.0039841,0.0318725,0.0233463,0.0,0.9920319,0.0038911,0.0833333,0.3333333,11.150534214035387
5028.0,0.4536595,0.0224741,0.2251392,0.1649072,0.783214,0.0381862,0.6218564,0.0013717,0.0265203,0.0752643,0.0105167,0.9935985,0.3107822,0.0221187,0.2564103,10.817796321618971
1204.0,0.4742525,0.0,0.1686047,0.1658768,0.8621262,0.038206,0.7222222,0.0,0.0,0.1627907,0.0,0.9930556,0.3081395,0.1428571,0.7894737,9.615805480084347
136.0,0.4485294,0.0,0.2352941,0.16,0.7794118,0.0,0.5873016,0.0,0.0634921,0.2317073,0.0,1.0,0.3414634,0.0,1.0,9.615805480084347
86.0,0.5116279,0.0232558,0.2093023,0.0952381,0.8604651,0.0,0.7241379,0.0344828,0.0689655,0.1212121,0.0,0.9655172,0.0909091,0.0,1.0,9.615805480084347
7753.0,0.4657552,0.014317,0.1839288,0.1163689,0.8552818,0.0024507,0.7014354,0.0035088,0.046252,0.0303124,0.0162679,0.9974482,0.236313,0.0723514,0.6842105,10.416341118636355
46194.0,0.467052,0.2012383,0.3030047,0.1706812,0.7964238,0.0126856,0.6398088,0.0030061,0.0600729,0.205606,0.1225606,0.9549083,0.4677419,0.0977396,0.3452566,11.049317340813348
3773.0,0.4916512,0.0023854,0.1221839,0.0792492,0.8791413,0.0,0.7423049,0.0114531,0.0472441,0.0424949,0.0007158,0.9835361,0.4263194,0.1171875,0.3846154,10.540090836284206
4238.0,0.5092025,0.0049552,0.0993393,0.0634615,0.7744219,0.0004719,0.6285085,0.0071547,0.1210787,0.6221668,0.0055036,0.9906439,0.4327303,0.0432277,0.1219512,11.219909190927746
342.0,0.5146199,0.0555556,0.1695906,0.1746988,0.880117,0.0,0.7111111,0.0,0.0148148,0.0425532,0.0592593,0.9925926,0.2765957,0.0833333,0.5,10.308985993422082
623.0,0.4767255,0.4638844,0.1252006,0.101227,0.94061,0.0,0.8246445,0.0,0.0,0.1422764,0.4265403,1.0,0.2235772,0.18,1.0,10.285376924115587
804.0,0.4365672,0.7823383,0.1343284,0.1567329,0.9054726,0.0,0.7330827,0.0037594,0.018797,0.0952381,0.7669173,0.9924812,0.3571429,0.1410256,1.0,10.184937747111391
10690.0,0.4748363,0.0184284,0.1356408,0.1102601,0.7312442,0.1115061,0.6430068,0.0052383,0.0625982,0.1073182,0.0144054,0.7464641,0.4416647,0.0893513,0.5894737,10.214678610538817
491.0,0.4765784,0.0,0.1995927,0.155642,0.8737271,0.0,0.7107843,0.0,0.0147059,0.0239234,0.0,1.0,0.3205742,0.057971,0.0,10.012386799492118
75695.0,0.4734659,0.382839,0.1065064,0.1053543,0.8221019,0.032948,0.6893282,0.0034414,0.0476399,0.0653696,0.3491346,0.9726037,0.3427725,0.0740523,0.3735632,10.807725945886109
5048.0,0.4853407,0.0015848,0.1608558,0.1297152,0.8555864,0.0122821,0.7073552,0.0093897,0.0365154,0.0862726,0.0010433,0.9973918,0.1668255,0.0514706,0.6428571,10.633472802314019
6528.0,0.4980086,0.0154718,0.1412377,0.1061947,0.8555453,0.0117953,0.7139909,0.002889,0.0573669,0.0292468,0.0132068,0.9661577,0.2728365,0.0666667,0.4615385,11.801114908687438
2172.0,0.4705341,0.0395948,0.1952118,0.1486957,0.8867403,0.0197974,0.7468031,0.0,0.0063939,0.1243001,0.0473146,0.668798,0.3773796,0.1693122,0.6923077,9.615805480084347
11245.0,0.4713206,0.0053357,0.1501112,0.1268293,0.6178746,0.1483326,0.5533219,0.0041677,0.1157146,0.075476,0.0029419,0.9968129,0.4621487,0.062302,0.6792453,10.328787967145063
368.0,0.4836957,0.3913043,0.1875,0.1947368,0.8586957,0.0380435,0.719697,0.0,0.0075758,0.0958904,0.3257576,1.0,0.1917808,0.1714286,0.0,9.989711119284745
3828.0,0.4822362,0.0005225,0.0903866,0.0787084,0.9017764,0.0,0.7829181,0.0071174,0.0327402,0.0999359,0.0,0.9743772,0.3747598,0.1016166,0.826087,10.889323003601277
1084.0,0.4778598,0.1263838,0.1614391,0.1466431,0.8035055,0.0,0.5889831,0.0042373,0.029661,0.056,0.1822034,0.9957627,0.492,0.0794979,1.0,10.647826772357497
7176.0,0.4739409,0.0062709,0.2729933,0.170596,0.8239967,0.0125418,0.6841764,0.0055123,0.0525292,0.0940071,0.0045396,0.9886511,0.2209166,0.0772834,0.4431818,10.753659849198824
5906.0,0.4508974,0.0010159,0.2082628,0.1646623,0.7993566,0.0470708,0.6677796,0.0050083,0.0367279,0.05259,0.0,0.9949917,0.2850929,0.0495868,0.4285714,10.579005242826247
245.0,0.4816327,0.0,0.2122449,0.1653543,0.877551,0.0,0.7254902,0.0,0.0196078,0.1355932,0.0,0.9607843,0.2288136,0.0833333,0.0,9.615805480084347
2367.0,0.5040135,0.0004225,0.1461766,0.1005111,0.8918462,0.0,0.7430556,0.0034722,0.0324074,0.0367893,0.0011574,0.9756944,0.2853958,0.0994475,0.5,10.471666571132038
991.0,0.4853683,0.012109,0.0716448,0.0627451,0.8970737,0.0,0.7784431,0.005988,0.0568862,0.0644258,0.005988,0.988024,0.3389356,0.2359551,0.4,10.70551155928146
327.0,0.5198777,0.2905199,0.1009174,0.1146497,0.8807339,0.0397554,0.7837838,0.0,0.018018,0.1190476,0.2702703,1.0,0.2619048,0.25,0.6666667,10.407318772389159
19512.0,0.5023575,0.0288028,0.0505843,0.0412976,0.7909492,0.0175277,0.617771,0.0025533,0.0797906,0.0605661,0.0283416,0.974467,0.3957784,0.0273598,0.2272727,11.688566422839942
3342.0,0.4877319,0.0,0.1882107,0.1360981,0.8447038,0.0469779,0.7450495,0.0033003,0.0272277,0.0217918,0.0,0.9966997,0.2146893,0.040678,0.4285714,10.682835364853922
1101.0,0.4613987,0.0108992,0.3787466,0.0944351,0.8683015,0.0,0.7720588,0.0,0.0386029,0.0522648,0.0091912,0.9981618,0.0801394,0.0113636,0.4285714,11.669937760751914
944.0,0.5349576,0.0,0.1101695,0.0501139,0.9300847,0.0,0.8431953,0.0059172,0.0266272,0.0662983,0.0,0.9911243,0.2154696,0.0909091,0.5714286,10.716659698193956
4710.0,0.488535,0.2339703,0.0473461,0.0456621,0.9571125,0.0,0.8798141,0.001328,0.0119522,0.0425938,0.2164675,0.9833997,0.0470439,0.1933333,0.7307692,10.96648993456911
17637.0,0.4724159,0.042184,0.1492317,0.1284256,0.8248568,0.021092,0.6531687,0.0030107,0.0457625,0.0945891,0.032666,0.776908,0.4993867,0.1176006,0.4347826,11.231901180182515
1009.0,0.4539148,0.0505451,0.1595639,0.1415608,0.8780971,0.0109019,0.7419355,0.0,0.0173697,0.0450237,0.044665,1.0,0.1919431,0.0612245,0.75,10.611547975828369
1273.0,0.4909662,0.0031422,0.1720346,0.1373457,0.8381775,0.0,0.6435453,0.0,0.0404624,0.0424354,0.0,0.9961464,0.3745387,0.0789474,0.0,10.328787967145063
162.0,0.4876543,0.0,0.2469136,0.2409639,0.8209877,0.0,0.5972222,0.0,0.0,0.1910112,0.0,0.9861111,0.3595506,0.0,0.0,9.615805480084347
11.0,0.3636364,0.0,0.7272727,0.2857143,0.5454545,0.0,0.375,0.0,0.0,0.68,0.0,1.0,0.4,0.0,1.0,9.61587214452889
303.0,0.4455446,0.0,0.2013201,0.1904762,0.8382838,0.0,0.6691729,0.0075188,0.0225564,0.2356322,0.0,1.0,0.4137931,0.1162791,0.5714286,9.814710982145282
315.0,0.4793651,0.0,0.1142857,0.0731707,0.8984127,0.0,0.7666667,0.0083333,0.025,0.0322581,0.0,0.9916667,0.1370968,0.0,0.0,10.370392636243981
173.0,0.5028902,0.0057803,0.1791908,0.0813953,0.8959538,0.0,0.7846154,0.0153846,0.0307692,0.084507,0.0,1.0,0.084507,0.1666667,0.0,9.615805480084347
2936.0,0.4529973,0.0003406,0.2694142,0.2110834,0.7803134,0.0374659,0.6241135,0.0047281,0.034673,0.062777,0.0,0.9976359,0.3138848,0.057971,0.8666667,9.883335864325275
4290.0,0.4913753,0.002331,0.1337995,0.1104491,0.8937063,0.0268065,0.8205294,0.0064558,0.0258231,0.0612121,0.0025823,0.9980633,0.2709091,0.1012658,0.6666667,10.716659698193956
149.0,0.4899329,0.0,0.2348993,0.1052632,0.885906,0.0,0.7714286,0.0,0.0142857,0.3636364,0.0,1.0,0.4727273,0.0,0.0,9.75272280064639
151.0,0.4503311,0.0,0.1721854,0.1807229,0.8476821,0.0,0.6607143,0.0178571,0.0535714,0.1111111,0.0,1.0,0.2698413,0.1428571,0.0,9.615805480084347
579.0,0.507772,0.0017271,0.2107081,0.1017544,0.7322971,0.0,0.5985401,0.0072993,0.1277372,0.6102418,0.0,0.9671533,0.6742532,0.0681818,0.55,12.929993908996359
887.0,0.4509583,0.0011274,0.1521984,0.110883,0.8883878,0.0,0.7283582,0.0,0.0238806,0.056338,0.0029851,0.9910448,0.2253521,0.0769231,1.0,9.989711119284745
710.0,0.4830986,0.3971831,0.1338028,0.1253406,0.884507,0.0,0.7088123,0.0038314,0.0191571,0.1241611,0.3716475,0.9923372,0.3355705,0.1607143,0.4,9.913487387114461
1248.0,0.4463141,0.0008013,0.2459936,0.1823444,0.8325321,0.0,0.6435101,0.0018282,0.0219378,0.133122,0.0018282,0.9908592,0.3074485,0.0769231,0.5714286,9.648659816955295
472.0,0.4639831,0.0021186,0.2161017,0.0909091,0.8305085,0.0,0.6602871,0.0047847,0.0382775,0.1399177,0.0,1.0,0.2757202,0.1346154,0.75,9.809231816610408
12804.0,0.4762574,0.0609185,0.1549516,0.1143752,0.8715245,0.0033583,0.7299433,0.0026337,0.0419368,0.0315872,0.0510535,0.9787277,0.1901118,0.0502846,0.1754386,11.855812795093666
550.0,0.4890909,0.02,0.1127273,0.0854093,0.8618182,0.0,0.716895,0.0091324,0.0547945,0.0394737,0.0182648,0.9954338,0.2631579,0.1230769,0.0,10.454523783963511
2759.0,0.4635738,0.0007249,0.1866618,0.147973,0.8166002,0.0503806,0.6945722,0.0027599,0.0275989,0.0481611,0.0,1.0,0.380035,0.0456621,0.7777778,10.110542371500753
33.0,0.6060606,0.0,0.1515152,0.0,0.7575758,0.0,0.5625,0.0,0.0625,0.5428571,0.0,1.0,0.2,0.0,1.0,9.615805480084347
614.0,0.4690554,0.004886,0.1091205,0.0920245,0.8371336,0.0,0.6869919,0.0121951,0.0731707,0.0501931,0.004065,0.9918699,0.3552124,0.0789474,0.0,10.555838779903407
5266.0,0.4549943,0.0151918,0.1614128,0.1456446,0.8513103,0.0191796,0.7038859,0.0039351,0.0314806,0.0258745,0.0177078,0.9867191,0.336368,0.0871863,0.3076923,10.86477077032911
405.0,0.4469136,0.0,0.4197531,0.1785714,0.8271605,0.0,0.7010309,0.0,0.056701,0.2208835,0.0,1.0,0.060241,0.0666667,0.7142857,12.426416280735053
66.0,0.4848485,0.0,0.1515152,0.0588235,0.9545455,0.0,0.88,0.0,0.0,0.0740741,0.0,1.0,0.1851852,0.0,0.0,9.90353755128617
72.0,0.5277778,0.0,0.0972222,0.1764706,0.875,0.0,0.6896552,0.0,0.0,0.1212121,0.0,1.0,0.2727273,0.0,0.0,9.69898173460629
688.0,0.4622093,0.0,0.1090116,0.0945946,0.9593023,0.0,0.8719212,0.0,0.0098522,0.1541667,0.0,0.2413793,0.3958333,0.1875,1.0,9.615805480084347
642.0,0.4517134,0.0,0.2305296,0.2272727,0.8395639,0.0,0.641844,0.0035461,0.0035461,0.0932476,0.0,1.0,0.4694534,0.0645161,0.5,9.615805480084347
531.0,0.4482109,0.0,0.2843691,0.1774744,0.8097928,0.0,0.6083333,0.0041667,0.025,0.0804598,0.0,0.9916667,0.2796935,0.0851064,0.2,9.615805480084347
311.0,0.4823151,0.0,0.2122186,0.136646,0.8199357,0.0,0.6617647,0.0147059,0.0367647,0.0993377,0.0,0.9852941,0.2582781,0.16,1.0,9.615805480084347
97.0,0.5051546,0.0309278,0.1546392,0.0833333,0.8865979,0.0,0.7096774,0.0322581,0.0645161,0.225,0.0322581,1.0,0.4,0.0,1.0,9.615805480084347
4327.0,0.4957245,0.0838918,0.0804252,0.0595784,0.9054772,0.0,0.7911877,0.00447,0.0395913,0.0537764,0.0676884,0.99106,0.2356495,0.0950226,0.4444444,11.068215243411098
3488.0,0.4902523,0.0017202,0.1275803,0.0989876,0.8646789,0.0022936,0.7047619,0.007326,0.0344322,0.0400844,0.0,0.9934066,0.374121,0.0510806,0.5,10.97679912709094
539.0,0.4397032,0.0018553,0.3487941,0.2284768,0.7940631,0.0,0.5923077,0.0,0.0192308,0.0780142,0.0038462,1.0,0.2801418,0.0588235,1.0,9.615805480084347
210.0,0.5142857,0.0,0.1952381,0.1666667,0.7285714,0.0,0.5092593,0.0,0.0277778,0.1496063,0.0,1.0,0.480315,0.0192308,0.5,10.188704088048116
148.0,0.5067568,0.0,0.0945946,0.0684932,0.9121622,0.0,0.7735849,0.0,0.0188679,0.0535714,0.0,1.0,0.1964286,0.0,0.0,10.344995251991222
90.0,0.4,0.0,0.3222222,0.2962963,0.7555556,0.0,0.5116279,0.0,0.0232558,0.1041667,0.0,1.0,0.2916667,0.0,0.0,9.615805480084347
4805.0,0.448283,0.9889698,0.1510926,0.1357978,0.8634755,0.0137357,0.6837853,0.0023081,0.0201962,0.0717729,0.9901904,0.9982689,0.4697375,0.1555764,0.5,10.173552856959743
153.0,0.4705882,0.0653595,0.0849673,0.0987654,0.8954248,0.0,0.7678571,0.0,0.0178571,0.0344828,0.0357143,0.9821429,0.1034483,0.2857143,0.0,11.050905878263567
9286.0,0.480939,0.0766746,0.1791945,0.1647303,0.7752531,0.0990739,0.7074873,0.0019036,0.0599619,0.0448485,0.0548858,0.9603426,0.2824242,0.0657748,0.4081633,11.929666757272708
319.0,0.4952978,0.0,0.1347962,0.1180124,0.9184953,0.0,0.8,0.0086957,0.0173913,0.017094,0.0,1.0,0.1196581,0.125,0.0,9.62911649414402
3746.0,0.5141484,0.0189536,0.0950347,0.0714286,0.9327282,0.0,0.7981395,0.0037209,0.024186,0.1064007,0.0186047,0.4855814,0.4879468,0.3624031,0.5384615,10.566201298475118
57.0,0.7894737,0.0,0.0175439,0.0,0.5263158,0.4561404,0.9090909,0.0,0.0,0.0,0.0,1.0,0.7272727,0.0,0.0,10.463131911491967
1824.0,0.4347588,0.0131579,0.2609649,0.2550921,0.776864,0.0948465,0.6915629,0.0013831,0.011065,0.0670968,0.0124481,0.9986169,0.2219355,0.0792683,0.6,10.122663242288953
2702.0,0.4900074,0.0092524,0.1428571,0.0856313,0.9259808,0.0,0.8295788,0.0039177,0.0156709,0.0220307,0.006856,0.9980411,0.0938697,0.0813953,0.1,11.25416768929685
496.0,0.5262097,0.0,0.1451613,0.1021277,0.8951613,0.0,0.7670455,0.0170455,0.0340909,0.0638298,0.0,1.0,0.2393617,0.1923077,0.5,9.711176264112805
4909.0,0.5929925,0.302913,0.0016297,0.0045045,0.7286616,0.2595233,0.9484241,0.0009551,0.0019102,0.092721,0.2855778,0.9245463,0.2339688,0.1897881,0.0,11.063524143191238
907.0,0.4729879,0.0848953,0.1036384,0.1150628,0.8809261,0.0,0.7422096,0.0028329,0.0396601,0.0536193,0.0793201,0.9830028,0.2895442,0.0425532,0.1666667,10.65492722584759
1614.0,0.488228,0.0012392,0.1189591,0.0871671,0.8959108,0.0,0.7546218,0.0084034,0.0252101,0.0659341,0.0,0.9966387,0.2637363,0.1260504,0.3333333,9.957075711706057
195.0,0.4615385,0.3333333,0.2,0.1714286,0.8666667,0.0,0.7037037,0.0,0.0246914,0.0581395,0.3333333,1.0,0.3023256,0.0769231,0.0,9.70509758756311
6302.0,0.4655665,0.1472548,0.1402729,0.1086698,0.8343383,0.0,0.6572643,0.0011592,0.0432767,0.0551296,0.1456723,0.9667697,0.5596933,0.0550139,0.2328767,12.310437165348775
298.0,0.4597315,0.0,0.1342282,0.136646,0.8825503,0.0,0.6875,0.0,0.0,0.042735,0.0,1.0,0.0854701,0.0454545,0.5,10.328787967145063
1994.0,0.4704112,0.0,0.1514544,0.15625,0.8515547,0.052658,0.7689243,0.0,0.0225764,0.057572,0.0,0.9960159,0.3279099,0.0708333,0.25,10.451637862362272
158.0,0.4746835,0.1708861,0.1139241,0.1445783,0.8544304,0.0,0.7,0.0333333,0.0333333,0.1891892,0.1333333,1.0,0.4054054,0.0666667,1.0,9.65509029374725
89.0,0.4606742,0.0,0.2921348,0.1666667,0.8314607,0.0,0.6052632,0.0,0.0,0.173913,0.0,0.9736842,0.3695652,0.0,0.0,9.615805480084347
292.0,0.4178082,0.6267123,0.1164384,0.1470588,0.8664384,0.0,0.7142857,0.0095238,0.0571429,0.1025641,0.5619048,1.0,0.2393162,0.1578947,1.0,10.239995502805316
439.0,0.5216401,0.0136674,0.1070615,0.0714286,0.9020501,0.0,0.7564103,0.0064103,0.025641,0.1428571,0.025641,0.9871795,0.3076923,0.0930233,1.0,10.332050506334692
7893.0,0.4838464,0.0140631,0.2054985,0.146539,0.8084379,0.0172305,0.6504884,0.0015263,0.0528083,0.3732543,0.0067155,0.9862637,0.304955,0.0730643,0.7079646,11.80261302508661
46.0,0.5652174,0.0,0.1086957,0.0,0.9130435,0.0,0.75,0.0,0.0,0.2380952,0.0,1.0,0.0952381,0.0,0.5,9.615805480084347
72820.0,0.4954957,0.0093381,0.079003,0.044586,0.9040236,0.0031447,0.8028521,0.0029395,0.0543815,0.0461865,0.0088981,0.9401366,0.1943318,0.1116408,0.3063328,12.260565565651518
2467.0,0.4608837,0.3790028,0.139846,0.1398496,0.8633968,0.0255371,0.7309813,0.0022051,0.0209482,0.0948104,0.3252481,0.9878721,0.3782435,0.1354467,0.7142857,9.90353755128617
86835.0,0.4849657,0.0026372,0.0650429,0.0394204,0.6753959,0.0890194,0.6922915,0.0032346,0.1792901,0.0314509,0.0024365,0.9655114,0.4620799,0.1805789,0.3809524,10.907807476583594
2823.0,0.492384,0.0134609,0.0917464,0.0432659,0.9638682,0.0,0.9087983,0.0021459,0.0139485,0.0158395,0.0150215,0.9946352,0.0063358,0.2962963,0.7142857,11.956334830883424
5162.0,0.4569934,0.0346765,0.2105773,0.159472,0.8335916,0.0265401,0.6822603,0.0004632,0.0148217,0.0467991,0.0333488,0.9981473,0.2529801,0.032,0.5333333,10.811766273800105
2772.0,0.4805195,0.005772,0.0808081,0.0659722,0.9036797,0.0212843,0.8085586,0.0045045,0.0292793,0.0368764,0.0045045,0.9898649,0.2104121,0.1666667,0.0,10.661977618146238
431.0,0.5011601,0.0,0.2157773,0.1581395,0.8607889,0.0,0.6610169,0.0,0.0,0.0534759,0.0,1.0,0.2727273,0.1627907,1.0,10.122663242288953
2101.0,0.4883389,0.0061875,0.1613517,0.132093,0.8272251,0.0,0.638273,0.0035006,0.0536756,0.0519912,0.0035006,0.9941657,0.3539823,0.0539773,0.6666667,11.395278670032656
681.0,0.4713656,0.0,0.2173275,0.1444444,0.8604993,0.0,0.683274,0.0035587,0.0142349,0.0816993,0.0,1.0,0.2254902,0.0851064,0.8,9.70509758756311
108.0,0.537037,0.4907407,0.2592593,0.22,0.8148148,0.0,0.6521739,0.0,0.0869565,0.0980392,0.4347826,1.0,0.3333333,0.0,0.0,9.615805480084347
4791.0,0.5245252,0.0081403,0.0763932,0.0399473,0.7466082,0.0296389,0.641039,0.0145455,0.1542857,0.2700038,0.0077922,0.9418182,0.4501327,0.070373,0.3529412,11.724813914587886
390.0,0.4871795,0.0,0.5641026,0.165,0.8179487,0.0,0.6778846,0.0,0.0192308,0.4173669,0.0,0.9230769,0.697479,0.0,0.5,10.102379394048045
1694.0,0.5070838,0.0070838,0.1109799,0.0467066,0.8878394,0.0,0.7624398,0.0016051,0.0497592,0.0851689,0.0080257,0.988764,0.1321586,0.0514706,0.5714286,12.32029824991355
762.0,0.4816273,0.0,0.160105,0.1265823,0.9081365,0.0,0.7681661,0.0034602,0.0069204,0.1742857,0.0,0.9930796,0.3114286,0.1428571,0.6,9.746892220313054
716.0,0.4846369,0.0041899,0.0963687,0.0731707,0.896648,0.0,0.7751938,0.0155039,0.0426357,0.0549451,0.0,0.9922481,0.2967033,0.1551724,0.5,10.214678610538817
343.0,0.4956268,0.0,0.1690962,0.0924855,0.8688047,0.0,0.7165354,0.007874,0.0551181,0.3280423,0.0,0.992126,0.2275132,0.1851852,0.5,9.615805480084347
1433.0,0.4605722,0.2944871,0.1605024,0.1694696,0.8967202,0.0,0.7344322,0.0,0.0054945,0.0808081,0.2765568,0.9981685,0.3148148,0.2291667,0.5384615,9.615805480084347
41688.0,0.4970495,0.0655105,0.1053061,0.0794105,0.7623537,0.0079159,0.5835666,0.0062023,0.0917723,0.0532142,0.0575224,0.9780998,0.4770046,0.0465885,0.2131148,11.313266479778829
307.0,0.4983713,0.0,0.2019544,0.0974026,0.9218241,0.0,0.7777778,0.0,0.0,0.3333333,0.0,1.0,0.3333333,0.3636364,0.625,10.515993929932415
87758.0,0.495818,0.0097541,0.0772693,0.0572481,0.6885526,0.0633219,0.5814954,0.0034136,0.1566683,0.0471759,0.0078364,0.9443735,0.3901915,0.0480462,0.3169399,11.140425970684525
28247.0,0.4861755,0.1273056,0.1066662,0.0880529,0.8823592,0.0058767,0.7566469,0.0034407,0.0570326,0.037821,0.1083307,0.9154416,0.2542135,0.1468792,0.5882353,11.902267966193309
328.0,0.4847561,0.0091463,0.1829268,0.147929,0.8993902,0.0,0.75,0.0,0.0078125,0.037594,0.0078125,0.9921875,0.1954887,0.0769231,1.0,10.491301994830229
423.0,0.5508274,0.0,0.0591017,0.0421053,0.7565012,0.1536643,0.7401575,0.007874,0.0314961,0.492,0.0,0.9685039,0.712,0.2,1.0,9.985113621416073
11037.0,0.4549243,0.3155749,0.1646281,0.1610705,0.8348283,0.0456646,0.7085593,0.0007074,0.0172129,0.0617257,0.2765857,0.9971705,0.3506637,0.0895884,0.4418605,10.534785924769006
651.0,0.4854071,0.0,0.1520737,0.1462687,0.9001536,0.0,0.7490196,0.0,0.0039216,0.0377358,0.0,0.9921569,0.1698113,0.0384615,1.0,10.434145214930487
1446.0,0.4495159,0.0013831,0.1611342,0.138191,0.8077455,0.0940526,0.7303609,0.0042463,0.0212314,0.06917,0.0,0.9447983,0.229249,0.1031746,0.3,10.488520429241627
2003.0,0.4598103,0.0004993,0.2396405,0.1802218,0.8177733,0.0334498,0.6557789,0.0037688,0.0213568,0.0467066,0.0,0.9987437,0.2778443,0.0586081,0.4,10.351405324899678
87.0,0.6206897,0.0,0.1149425,0.1818182,0.8965517,0.0,0.6785714,0.0,0.0,0.4042553,0.0,1.0,0.9787234,0.0,1.0,9.615805480084347
4934.0,0.500608,0.0044589,0.1185651,0.0933442,0.8702878,0.0147953,0.731153,0.0038803,0.0365854,0.0485232,0.0044346,0.768847,0.3776371,0.1352859,0.6363636,10.934908916663861
1708.0,0.4742389,0.0064403,0.1721311,0.1481069,0.8460187,0.0140515,0.6826625,0.001548,0.0402477,0.1409574,0.004644,0.993808,0.2632979,0.0846561,0.7692308,11.05407540279458
1743.0,0.4612737,0.0005737,0.2059667,0.172524,0.8502582,0.0,0.6850606,0.0080754,0.0188425,0.0630517,0.0013459,0.9919246,0.4022699,0.1031746,0.7,9.686636660844938
12823.0,0.4668954,0.0125556,0.1866178,0.157402,0.7662793,0.0583327,0.6277372,0.004418,0.0459086,0.1317545,0.0069151,0.9884748,0.421948,0.0747585,0.6,10.034559673629849
620.0,0.4516129,0.0,0.2306452,0.1941176,0.8580645,0.0,0.6826568,0.0,0.0073801,0.1583851,0.0,0.9815498,0.3322981,0.0666667,0.8888889,9.814710982145282
10637.0,0.4479647,0.0969258,0.2017486,0.1508856,0.7692018,0.0062988,0.5673975,0.001015,0.046285,0.0677517,0.0876979,0.9928948,0.3525738,0.0349682,0.6666667,10.33854382482173
21279.0,0.4861601,0.1399972,0.1168758,0.1056338,0.8646553,0.0132995,0.7174265,0.0048557,0.0431616,0.0660116,0.1166712,0.9043701,0.382842,0.108688,0.4411765,11.688566422839942
89.0,0.505618,0.0,0.1011236,0.0454545,0.8651685,0.0,0.6944444,0.0,0.0277778,0.1219512,0.0,1.0,0.4146341,0.1666667,1.0,9.615805480084347
55900.0,0.4886762,0.0288372,0.1545081,0.0943568,0.7089267,0.0280859,0.5611419,0.0019417,0.1139387,0.0389868,0.0242915,0.9628604,0.3946721,0.0410658,0.2201493,12.792194035742861
2126.0,0.4647225,0.0004704,0.2224835,0.1871705,0.8560677,0.0,0.6781354,0.0011099,0.0144284,0.0953815,0.0,0.9966704,0.3604418,0.0778443,0.5185185,9.989711119284745
48404.0,0.4907652,0.0294397,0.1389761,0.0963122,0.7287414,0.0300802,0.579798,0.0050751,0.1121458,0.0399262,0.0249322,0.9124415,0.4428308,0.0853896,0.2329317,12.500609917318906
1292.0,0.4868421,0.006192,0.1323529,0.1161388,0.8637771,0.0,0.6995968,0.0100806,0.046371,0.0534351,0.0,0.9758065,0.3396947,0.1017964,0.7,10.586609649448985
282.0,0.4503546,0.0035461,0.1914894,0.1483871,0.8723404,0.0,0.6727273,0.0,0.0,0.0517241,0.0090909,1.0,0.362069,0.1714286,0.0,9.615805480084347
2204.0,0.4568966,0.1456443,0.2196007,0.1637427,0.8743194,0.0,0.7229437,0.004329,0.0205628,0.0590631,0.1266234,0.995671,0.2352342,0.0492611,0.625,10.118639253920785
75.0,0.5733333,0.04,0.0266667,0.03125,0.8533333,0.0,0.6428571,0.0,0.0357143,0.3,0.0,1.0,0.75,0.0,0.0,9.69898173460629
45734.0,0.4630035,0.2962129,0.1023527,0.0906389,0.5062536,0.1635545,0.450388,0.0023513,0.2026217,0.0803827,0.281272,0.9847755,0.5354884,0.0533004,0.4848485,10.633472802314019
66.0,0.5909091,0.0,0.0909091,0.0740741,0.9242424,0.0,0.8333333,0.0,0.0416667,0.1111111,0.0,1.0,0.3333333,0.0,1.0,9.615805480084347
996.0,0.4528112,0.0,0.2851406,0.1926606,0.8082329,0.0471888,0.6819277,0.0024096,0.0240964,0.1354167,0.0,1.0,0.2479167,0.0930233,0.6666667,9.69898173460629
9256.0,0.4755834,0.0121003,0.1605445,0.1246395,0.8687338,0.0233362,0.7419173,0.0025302,0.0188361,0.0414982,0.0098398,0.9974698,0.3144705,0.056701,0.4736842,10.628641991731053
1677.0,0.4776386,0.0023852,0.1323792,0.1061644,0.8747764,0.0,0.7129485,0.0015601,0.0358814,0.0669578,0.0,0.9797192,0.224163,0.0977444,0.0,10.221977646629885
219.0,0.5068493,0.2100457,0.1506849,0.212963,0.8310502,0.0,0.7,0.025,0.0625,0.3043478,0.1875,1.0,0.4608696,0.2380952,1.0,9.615805480084347
30027.0,0.4745729,0.0024644,0.4161921,0.1613742,0.8209278,0.0118893,0.6984738,0.0027303,0.042075,0.2490011,0.0011201,0.9887987,0.4092534,0.0893801,0.3463612,10.793454842740767
912.0,0.4835526,0.4484649,0.0932018,0.0828025,0.9298246,0.0,0.8208469,0.0032573,0.0228013,0.1424581,0.3713355,1.0,0.2011173,0.1860465,1.0,10.518700218288165
15289.0,0.4684414,0.030414,0.1620119,0.1218162,0.7912879,0.0050363,0.5960306,0.0029692,0.0679794,0.0497475,0.0343804,0.9771839,0.3795664,0.0370874,0.483871,11.273411140805074
584.0,0.5188356,0.0119863,0.0856164,0.0747331,0.8390411,0.0,0.6740088,0.0,0.0792952,0.017316,0.0088106,1.0,0.3376623,0.025641,1.0,10.93133754807084
3394.0,0.5073659,0.0002946,0.1591043,0.0891148,0.8930466,0.0,0.7658464,0.0029828,0.0320656,0.1101526,0.0,0.9940343,0.199071,0.0718563,0.125,11.221248757912162
451.0,0.4833703,0.0,0.0997783,0.1030043,0.864745,0.0,0.7027027,0.0,0.027027,0.1232227,0.0,0.9945946,0.2180095,0.0,0.9285714,9.893487720457795
1751.0,0.474586,0.0,0.0993718,0.0869565,0.9377499,0.0,0.8396226,0.0,0.0110063,0.0378215,0.0,1.0,0.1588502,0.0877193,0.6666667,10.308985993422082
551.0,0.4646098,0.0181488,0.2014519,0.1423729,0.8874773,0.0,0.716895,0.0,0.0,0.1641221,0.0182648,0.9726027,0.259542,0.0833333,1.0,9.615805480084347
888.0,0.4842342,0.0,0.2162162,0.1266376,0.8074324,0.0,0.5874674,0.0,0.0339426,0.174569,0.0,0.7310705,0.5732759,0.1007752,0.375,10.725489582719506
199.0,0.4522613,0.0,0.3015075,0.1284404,0.8442211,0.0,0.7195122,0.0,0.0243902,0.2115385,0.0,0.9390244,0.2115385,0.1428571,0.0,10.776891660007811
86.0,0.5,0.0,0.3255814,0.1395349,0.872093,0.0,0.725,0.0,0.0,0.1666667,0.0,1.0,0.2291667,0.0,0.0,9.615805480084347
1059.0,0.4872521,0.0009443,0.3994334,0.1546961,0.8451369,0.0,0.712,0.006,0.024,0.2248062,0.002,0.972,0.475969,0.1460674,0.5714286,11.01206667357142
789.0,0.504436,0.008872,0.1064639,0.1023018,0.8833967,0.0,0.7263514,0.0067568,0.0304054,0.1370262,0.0033784,0.9932432,0.2215743,0.1724138,0.0,10.49684202174171
635.0,0.4771654,0.0,0.2692913,0.126506,0.8362205,0.0,0.6868327,0.0142349,0.0355872,0.2062147,0.0,1.0,0.259887,0.0483871,0.7692308,9.70509758756311
419.0,0.5083532,0.0,0.0883055,0.0776699,0.9069212,0.0,0.7818182,0.0,0.0181818,0.0517241,0.0,1.0,0.3850575,0.047619,0.25,10.401258331428318
69.0,0.4637681,0.0,0.2173913,0.1351351,0.7971014,0.0,0.5806452,0.0,0.0322581,0.2439024,0.0,1.0,0.195122,0.0,0.75,9.615805480084347
3717.0,0.4952919,0.007802,0.0602637,0.0421109,0.865752,0.0,0.7162061,0.0059746,0.0694548,0.0435714,0.0097087,0.3749066,0.4592857,0.1115242,0.0,11.231901180182515
5383.0,0.4649824,0.0018577,0.1937581,0.1347222,0.8584432,0.0,0.689334,0.0027946,0.0381928,0.0470484,0.0018631,0.9962739,0.2676431,0.0755608,0.6470588,11.1447705923684
26167.0,0.480185,0.0093629,0.1545076,0.0918983,0.8242443,0.0023312,0.6798261,0.0025353,0.0749728,0.0259305,0.0083303,0.9503803,0.2541895,0.0373526,0.2336449,12.701076766795813
678.0,0.4705015,0.0,0.2227139,0.1559889,0.8702065,0.0,0.7092199,0.0,0.0212766,0.0662252,0.0,0.9929078,0.1622517,0.1791045,0.3333333,9.923339198238729
2746.0,0.4901675,0.0,0.1620539,0.1114286,0.8485069,0.0251275,0.7125,0.0048077,0.0403846,0.3827893,0.0,0.9980769,0.2569733,0.0351759,0.8947368,10.626217806887722
437.0,0.4851259,0.020595,0.0823799,0.0666667,0.8421053,0.0434783,0.7581699,0.0130719,0.0457516,0.0892857,0.0,0.9869281,0.2083333,0.1315789,1.0,11.021918808236205
215.0,0.4883721,0.0,0.144186,0.1272727,0.8883721,0.0,0.7,0.0,0.0,0.0588235,0.0,1.0,0.2823529,0.0,0.0,9.746892220313054
3799.0,0.515662,0.0052645,0.1187155,0.0467391,0.7838905,0.0002632,0.6610608,0.0097025,0.1390686,0.4964169,0.0051746,0.9702458,0.6423453,0.0716332,0.1590909,12.567937598044296
391.0,0.5345269,0.0,0.0537084,0.0714286,0.971867,0.0,0.875,0.0,0.0,0.0736842,0.0,1.0,0.7578947,0.2962963,0.0,10.203629181337648
390.0,0.5102564,0.0538462,0.1846154,0.1308901,0.874359,0.0,0.7278481,0.0,0.0316456,0.1123596,0.056962,0.9936709,0.241573,0.0740741,0.75,10.110542371500753
924.0,0.4707792,0.0,0.2738095,0.202454,0.8257576,0.0,0.6107056,0.0024331,0.0024331,0.0743243,0.0,0.9951338,0.2747748,0.0638298,0.7777778,9.615805480084347
4157.0,0.4864085,0.0052923,0.082752,0.0777518,0.8859755,0.0122685,0.7615894,0.0046358,0.0337748,0.029563,0.0033113,0.997351,0.251928,0.0524535,0.4,10.881832472145556
74652.0,0.4865777,0.0191422,0.117532,0.0820027,0.8398703,0.0127793,0.6897448,0.0017788,0.0552439,0.0621411,0.0203872,0.9897722,0.3037759,0.0186181,0.4206897,11.540550359582348
1448.0,0.503453,0.0,0.0573204,0.0639777,0.9509669,0.0,0.8705357,0.0044643,0.0245536,0.0743802,0.0,0.9598214,0.2665289,0.2033898,1.0,10.55843949396453
1636.0,0.4871638,0.002445,0.1632029,0.0762813,0.9125917,0.0,0.7827529,0.0016584,0.0149254,0.0578125,0.0,0.9950249,0.109375,0.0526316,0.0,11.400887146781374
5355.0,0.4838469,0.0003735,0.1886088,0.128437,0.8229692,0.0169935,0.6599818,0.0036463,0.0414768,0.0406646,0.0,0.9804011,0.4162659,0.0871122,0.3846154,10.505094936455558
1430.0,0.4944056,0.0041958,0.2,0.1189488,0.8265734,0.0097902,0.6822581,0.0032258,0.0483871,0.0534351,0.0064516,1.0,0.2412214,0.0466667,1.0,10.698762529141884
2736.0,0.4422515,0.3296784,0.184576,0.1834862,0.8388158,0.0540936,0.729703,0.0019802,0.0168317,0.0776256,0.2851485,0.9940594,0.2721461,0.122807,0.625,10.39821428171237
3963.0,0.4867525,0.0499621,0.1468584,0.1130777,0.8632349,0.0,0.7222222,0.0027778,0.0604167,0.0438247,0.0361111,0.94375,0.2011952,0.097561,0.6190476,12.24769911637256
1617.0,0.4588745,0.2702536,0.174397,0.1405714,0.8954855,0.0,0.7535771,0.0047695,0.0127186,0.0736377,0.2146264,0.9856916,0.3004418,0.1235955,0.7142857,10.056251557087757
6442.0,0.487271,0.0024837,0.15104,0.0999092,0.8472524,0.0192487,0.7113872,0.0099379,0.047619,0.0529412,0.0016563,0.989648,0.3039216,0.1122566,0.2631579,10.805699643800724
916.0,0.4366812,0.0032751,0.2248908,0.1860465,0.8384279,0.0305677,0.6916667,0.0,0.0222222,0.1198044,0.0,0.9944444,0.3129584,0.0918367,0.5555556,9.97119292889014
1211.0,0.4921552,0.0057803,0.0710157,0.0569106,0.895128,0.0,0.7818182,0.0113636,0.0454545,0.032967,0.0068182,0.9909091,0.2681319,0.0410959,0.3333333,11.507922973347437
21756.0,0.4761905,0.0022063,0.1780199,0.1257459,0.7931145,0.0261997,0.6280881,0.0046739,0.054418,0.0494023,0.0017805,0.9537058,0.4087591,0.0845734,0.4255319,10.84546552414626
95.0,0.5473684,0.0,0.1578947,0.0465116,0.9263158,0.0,0.7941176,0.0,0.0,0.2272727,0.0,0.9705882,0.4090909,0.2352941,1.0,9.615805480084347
1201.0,0.4496253,0.0,0.3288926,0.2405446,0.7593672,0.0607827,0.6127168,0.0038536,0.0211946,0.0797872,0.0,0.9961464,0.2943262,0.0633803,0.3846154,9.65509029374725
542.0,0.4944649,0.0,0.1457565,0.0693431,0.9132841,0.0,0.8020305,0.0101523,0.0304569,0.0100503,0.0,0.964467,0.1306533,0.0666667,1.0,11.1154434073529
124.0,0.4516129,0.0322581,0.1693548,0.1617647,0.8709677,0.0,0.6595745,0.0,0.0,0.2419355,0.0638298,0.9787234,0.4677419,0.0909091,1.0,9.615805480084347
244.0,0.5081967,0.0,0.1598361,0.1083333,0.897541,0.0,0.7604167,0.0,0.0208333,0.2440945,0.0,0.9791667,0.3622047,0.0588235,0.7142857,9.615805480084347
641.0,0.4524181,0.5631825,0.1326053,0.1481481,0.8767551,0.0,0.6932773,0.0,0.0252101,0.1560284,0.4747899,1.0,0.248227,0.0769231,0.5,10.034559673629849
788.0,0.5406091,0.001269,0.0456853,0.0497238,0.9454315,0.0,0.8611111,0.0046296,0.0462963,0.0608696,0.0,0.9814815,0.3695652,0.2333333,0.0,9.908524844053396
1323.0,0.5079365,0.0181406,0.0445956,0.0384025,0.9047619,0.0,0.7780083,0.0041494,0.0290456,0.0836502,0.0248963,0.9605809,0.4296578,0.0533333,0.6,11.110969193687714
304.0,0.5,0.0032895,0.1052632,0.0855263,0.9046053,0.0,0.7830189,0.0,0.0471698,0.0275229,0.0,0.9811321,0.1100917,0.0833333,1.0,10.468829770273567
8898.0,0.4840414,0.0392223,0.1476736,0.1082553,0.8782873,0.0121376,0.7476607,0.0024147,0.0353154,0.0520744,0.0338062,0.9580441,0.2855508,0.0409731,0.6458333,11.626263078808801
51.0,0.5686275,0.0392157,0.0980392,0.0909091,0.7058824,0.0,0.5,0.0,0.0357143,0.4166667,0.0714286,1.0,0.625,0.0,1.0,10.428245666832275
2720.0,0.48125,0.0338235,0.1511029,0.1063076,0.9191176,0.0,0.7867965,0.0064935,0.0151515,0.106383,0.030303,0.6969697,0.3288201,0.258216,0.5714286,9.975854724662028
6741.0,0.48969,0.0045987,0.0847055,0.0645349,0.8982347,0.0029669,0.7728758,0.0036765,0.0367647,0.026253,0.0036765,0.9861111,0.2020684,0.0591603,0.2,11.194110418585193
1387.0,0.481615,0.0021629,0.2069214,0.1349096,0.8622927,0.0,0.7022767,0.0070053,0.0262697,0.0561983,0.0017513,0.9982487,0.2528926,0.0769231,0.0,10.177362240256695
16029.0,0.4599788,0.2947158,0.1162892,0.1112523,0.6488864,0.1457982,0.5764007,0.0037351,0.091511,0.1048632,0.2471986,0.9891341,0.481459,0.0660644,0.546875,10.689692377847104
182.0,0.4725275,0.6648352,0.1428571,0.1770833,0.9065934,0.0,0.7538462,0.0,0.0153846,0.1333333,0.6,1.0,0.2533333,0.3333333,1.0,9.994287576862567
576.0,0.4756944,0.0,0.2274306,0.218543,0.8229167,0.0,0.6290323,0.0080645,0.0241935,0.159322,0.0,0.9919355,0.3864407,0.1176471,0.8,9.615805480084347
2312.0,0.4701557,0.0012976,0.2370242,0.1746939,0.825692,0.0311419,0.6691729,0.0010741,0.0214823,0.0261506,0.0010741,0.9957035,0.2594142,0.0253807,0.3333333,10.70551155928146
739.0,0.5169147,0.0690122,0.1380244,0.0896359,0.9445196,0.0,0.8319328,0.0,0.0042017,0.0775194,0.0714286,0.6344538,0.2790698,0.35,0.75,9.746892220313054
934.0,0.4689507,0.0,0.1295503,0.0947581,0.9175589,0.0,0.7965116,0.002907,0.0174419,0.0575342,0.0,0.997093,0.2383562,0.0933333,0.4,9.918425424900335
12218.0,0.4819119,0.0829105,0.2488951,0.1042654,0.8692094,0.0059748,0.7470984,0.0057015,0.0452046,0.1823177,0.0621055,0.9816738,0.3717949,0.1358025,0.2727273,10.76004951120163
2578.0,0.4984484,0.0050427,0.0822343,0.0719258,0.8141971,0.003879,0.6426513,0.0086455,0.0806916,0.0449541,0.0048031,0.9836695,0.466055,0.0738786,0.2,11.003781759319981
75058.0,0.5018919,0.0018652,0.0349063,0.0266938,0.9620827,0.0046497,0.8989857,0.0024198,0.0203367,0.0341621,0.0021624,0.976986,0.1122327,0.2159414,0.4285714,11.161962746590705
71.0,0.4929577,0.0,0.1971831,0.1944444,0.8309859,0.0,0.6,0.0,0.0,0.2307692,0.0,1.0,0.3589744,0.0,0.0,9.615805480084347
237.0,0.4514768,0.0,0.0843882,0.0538462,0.8438819,0.0,0.7011494,0.0,0.1034483,0.043956,0.0,1.0,0.2197802,0.0,1.0,10.566201298475118
220.0,0.5136364,0.0,0.2954545,0.1962617,0.7954545,0.0,0.5686275,0.0,0.0098039,0.1130435,0.0,1.0,0.5652174,0.0243902,0.0,9.735128070758227
1192.0,0.489094,0.0,0.1736577,0.1280788,0.8901007,0.0,0.7347826,0.0021739,0.0152174,0.0515464,0.0,1.0,0.1072165,0.1346154,0.1666667,10.094149233605084
1436.0,0.4916435,0.0013928,0.1476323,0.109589,0.8983287,0.0,0.7490975,0.0018051,0.0090253,0.0398614,0.0,0.9981949,0.1819757,0.0454545,1.0,10.367253014814716
64.0,0.484375,0.0,0.359375,0.2121212,0.765625,0.0,0.5588235,0.0,0.0,0.2608696,0.0,1.0,0.5217391,0.0,0.0,9.615805480084347
8933.0,0.5045338,0.0325758,0.0716445,0.0488025,0.9020486,0.0,0.7984958,0.0075212,0.0586023,0.07373,0.0285177,0.9799436,0.1721335,0.1484962,0.4918033,10.925956465688445
7475.0,0.4571237,0.2648829,0.1648161,0.1384919,0.8529766,0.0033445,0.683053,0.0032342,0.0219922,0.065861,0.2238034,0.9935317,0.3800604,0.0891156,0.34375,10.357774570341576
5007.0,0.4879169,0.1467945,0.0962652,0.0924337,0.9081286,0.0,0.7773371,0.0062323,0.0260623,0.0730042,0.1314448,0.992068,0.2641807,0.1452632,0.5925926,10.53212287826962
476.0,0.5042017,0.0,0.1512605,0.0805085,0.9285714,0.0,0.8255814,0.005814,0.0232558,0.1041667,0.0,0.994186,0.3489583,0.2083333,0.75,9.717218213494077
147.0,0.4829932,0.0,0.2040816,0.1973684,0.7687075,0.047619,0.6290323,0.016129,0.0483871,0.0606061,0.0,1.0,0.1818182,0.1111111,0.0,9.615805480084347
5935.0,0.4734625,0.0545914,0.1563606,0.12288,0.8483572,0.0016849,0.6908862,0.0037799,0.0537589,0.0364225,0.0466191,0.9739605,0.2242007,0.0814419,0.0714286,11.092869425057021
14822.0,0.4672109,0.0432465,0.1758197,0.1247309,0.8006342,0.0034408,0.6196001,0.0027477,0.0514425,0.0739327,0.0465578,0.9928255,0.3580718,0.0191847,0.2727273,10.896757843893464
393.0,0.4631043,0.0,0.2264631,0.1990521,0.8244275,0.0,0.6432749,0.005848,0.0409357,0.1492537,0.0,0.994152,0.3084577,0.0588235,0.6666667,9.966509298952284
56.0,0.6071429,0.0,0.1071429,0.1363636,0.8392857,0.0,0.6086957,0.0,0.0,0.1481481,0.0,1.0,0.1481481,0.5,1.0,9.615805480084347
8751.0,0.4637184,0.0030854,0.4277225,0.176433,0.839904,0.0007999,0.6911656,0.0024746,0.0306855,0.0906841,0.003217,0.9510022,0.3285329,0.1,0.4450549,11.484536278461452
699.0,0.4992847,0.0,0.1058655,0.0771429,0.8984263,0.0,0.7563025,0.0084034,0.0378151,0.0165289,0.0,1.0,0.231405,0.027027,1.0,10.643064971973882
223.0,0.4484305,0.0,0.1165919,0.0894309,0.8161435,0.0,0.6315789,0.0,0.0631579,0.0865385,0.0,0.9789474,0.3365385,0.1785714,0.0,10.471666571132038
131.0,0.4351145,0.0,0.2748092,0.2297297,0.8015267,0.0,0.5762712,0.0,0.0169492,0.2027027,0.0,1.0,0.5810811,0.0869565,0.0,9.62911649414402
267.0,0.4831461,0.0,0.1610487,0.0869565,0.8726592,0.0,0.688172,0.0107527,0.0430108,0.1308411,0.0,0.9784946,0.4018692,0.0833333,1.0,10.55843949396453
69.0,0.5072464,0.0,0.173913,0.2352941,0.7536232,0.0,0.5142857,0.0,0.0,0.0540541,0.0,1.0,0.2162162,0.0,0.0,9.615805480084347
320.0,0.425,0.0,0.275,0.2336957,0.8,0.0,0.5789474,0.0,0.0,0.0898204,0.0,1.0,0.2095808,0.1219512,1.0,9.615805480084347
235.0,0.4382979,0.0765957,0.1702128,0.1666667,0.8851064,0.0,0.7526882,0.0,0.0430108,0.1621622,0.0645161,1.0,0.2792793,0.2666667,1.0,9.770013301136158
1477.0,0.52065,0.0121869,0.1056195,0.0875706,0.8402167,0.0,0.6666667,0.0092593,0.0666667,0.1928251,0.0092593,0.9518519,0.5306428,0.2301587,0.0,10.687411927154141
9889.0,0.4998483,0.0106179,0.1685711,0.0778407,0.9019112,0.0,0.7951744,0.0026226,0.0409127,0.0932224,0.0083923,0.9782324,0.1747919,0.0701987,0.3278689,11.373674891823535
1105.0,0.4769231,0.0,0.2669683,0.1903114,0.7936652,0.0162896,0.610766,0.0082816,0.0289855,0.1038961,0.0,1.0,0.2875696,0.0630631,0.5714286,9.888424674859083
493.0,0.5192698,0.0,0.0547667,0.0464135,0.9026369,0.0,0.7454545,0.0,0.0363636,0.2396313,0.0,0.9818182,0.3548387,0.175,0.8823529,10.573903321093981
4104.0,0.4505361,0.4071637,0.1800682,0.1711752,0.875731,0.0,0.7075879,0.0024676,0.0178902,0.0831448,0.3615052,0.9907465,0.280543,0.1227273,0.6666667,10.007892611890918
1675.0,0.4632836,0.0955224,0.1647761,0.1624027,0.8179104,0.0346269,0.6671491,0.0028944,0.0202605,0.0786667,0.0781476,0.9971056,0.4293333,0.0633803,0.1428571,10.32551474894327
151.0,0.4437086,0.0,0.0993377,0.0714286,0.9403974,0.0,0.8461538,0.0,0.0192308,0.1612903,0.0,1.0,0.1290323,0.125,1.0,9.787009914477434
989.0,0.4762386,0.0313448,0.1415571,0.1428571,0.8806876,0.0,0.7395577,0.007371,0.022113,0.0707763,0.036855,0.997543,0.4703196,0.0805369,0.5555556,10.379752786950895
266.0,0.462406,0.0,0.2894737,0.1328671,0.8496241,0.0,0.6774194,0.0,0.0,0.1388889,0.0,1.0,0.3333333,0.025,1.0,9.615805480084347
118.0,0.4830508,0.0,0.3813559,0.2131148,0.8813559,0.0,0.7358491,0.0,0.0,0.2428571,0.0,1.0,0.4142857,0.2,0.5,9.615805480084347
149.0,0.5033557,0.0,0.2751678,0.1756757,0.8456376,0.0,0.6969697,0.0151515,0.0454545,0.195122,0.0,1.0,0.2560976,0.1111111,0.5,9.615805480084347
284.0,0.471831,0.0,0.1302817,0.0733333,0.8380282,0.0,0.7192982,0.0263158,0.1140351,0.025641,0.0,0.9912281,0.3333333,0.0434783,0.0,11.03005541721757
2471.0,0.5070822,0.0032376,0.0327803,0.0246305,0.9558883,0.0,0.8987517,0.0041609,0.0319001,0.0150273,0.0041609,0.9944521,0.0669399,0.1949153,0.0,11.371373421319406
1668.0,0.486211,0.0047962,0.1288969,0.0816803,0.8285372,0.0,0.666205,0.0041551,0.0540166,0.0872314,0.0069252,0.9833795,0.471555,0.0663717,0.1,10.751520856703959
2736.0,0.4502924,0.003655,0.1710526,0.1442819,0.8293129,0.0,0.6549708,0.0050125,0.0401003,0.0993228,0.0041771,0.9966583,0.4303988,0.0561555,0.5,10.134638955251866
98.0,0.4489796,0.0,0.2244898,0.2037037,0.8673469,0.0,0.7142857,0.0,0.0238095,0.1428571,0.0,1.0,0.3877551,0.1428571,1.0,9.746892220313054
108.0,0.5555556,0.0,0.0648148,0.1041667,0.9444444,0.0,0.8064516,0.0,0.0,0.3111111,0.0,1.0,0.8444444,0.0,0.0,9.615805480084347
1907.0,0.5065548,0.0010488,0.0854746,0.0690755,0.857892,0.0293655,0.7642753,0.011713,0.0512445,0.1609337,0.0,0.9897511,0.3538084,0.078125,0.2857143,10.896757843893464
538.0,0.4981413,0.0,0.1579926,0.1481481,0.8680297,0.0,0.7028302,0.0,0.0330189,0.0978723,0.0,0.995283,0.4212766,0.1081081,1.0,9.648659816955295
948.0,0.4683544,0.0,0.2109705,0.1765873,0.8301688,0.0348101,0.6832461,0.0026178,0.013089,0.2480315,0.0,0.986911,0.3366142,0.1333333,1.0,9.615805480084347
115.0,0.4956522,0.0,0.2521739,0.137931,0.8521739,0.0,0.6666667,0.0,0.0208333,0.1111111,0.0,1.0,0.3148148,0.375,1.0,9.615805480084347
30934.0,0.4769186,0.0335553,0.1653844,0.1097584,0.8004138,0.0077908,0.6409299,0.0030324,0.0815644,0.0432939,0.0274473,0.9831273,0.3463513,0.0625989,0.4368932,11.749585258937909
7512.0,0.4504792,0.4813632,0.1345847,0.1426841,0.8844515,0.011049,0.728431,0.0018202,0.0116491,0.0888889,0.4444849,0.9959956,0.2845771,0.1367713,0.7586207,10.431199791458543
1600.0,0.455625,0.08125,0.2225,0.1768083,0.8375,0.0325,0.6758958,0.0016287,0.0114007,0.1736205,0.0830619,0.7947883,0.3526245,0.1534091,0.6,9.615805480084347
9011.0,0.4698702,0.2654533,0.1714571,0.1544903,0.8214405,0.036289,0.6653937,0.0035253,0.0287897,0.1364789,0.2547004,0.7972973,0.4571284,0.1242079,0.7826087,10.288783966353765
259.0,0.5212355,0.0,0.019305,0.0725806,0.8996139,0.0,0.6933333,0.0133333,0.04,0.0740741,0.0,0.9733333,0.5555556,0.2121212,1.0,11.31204474745499
5093.0,0.4561162,0.4965639,0.1604163,0.1552347,0.8578441,0.0325938,0.7189069,0.0033463,0.0211935,0.0907708,0.4277747,0.9916341,0.3255578,0.1577236,0.525,10.177362240256695
2947.0,0.4896505,0.0261283,0.1421785,0.1183511,0.8082796,0.0502206,0.666955,0.0017301,0.0242215,0.0947533,0.0216263,0.9913495,0.4134691,0.0538462,0.625,10.96476135554887
706.0,0.4915014,0.0113314,0.1147309,0.0947075,0.8569405,0.0,0.7071429,0.0,0.0642857,0.1691395,0.0142857,0.9964286,0.0593472,0.0434783,0.3333333,12.90743846040215
1190.0,0.4504202,0.1554622,0.2882353,0.2400612,0.7386555,0.0941176,0.5995717,0.0,0.0235546,0.1254682,0.1627409,0.8586724,0.3501873,0.1166667,1.0,9.862717639992917
76.0,0.5526316,0.0,0.1578947,0.1764706,0.8157895,0.0,0.6388889,0.0,0.0277778,0.3454545,0.0,0.6944444,0.5636364,0.0,0.0,9.615805480084347
588.0,0.4795918,0.079932,0.1785714,0.1666667,0.8690476,0.0221088,0.7316017,0.0,0.008658,0.1011673,0.047619,1.0,0.2918288,0.0851064,0.8,9.814710982145282
3602.0,0.4883398,0.0055525,0.0838423,0.0596853,0.9342032,0.0,0.8371907,0.0039904,0.0223464,0.0249027,0.0055866,0.9912211,0.0272374,0.0266667,0.6,11.592669666556795
822.0,0.4878345,0.0,0.1703163,0.1258907,0.8819951,0.0,0.7161716,0.009901,0.019802,0.0288462,0.0,0.9933993,0.1794872,0.0833333,0.6,10.250652418696085
2905.0,0.4774527,0.0148021,0.1948365,0.1660079,0.8516351,0.016179,0.685118,0.0063521,0.022686,0.1657835,0.0181488,0.7822142,0.3890992,0.1617162,0.7647059,9.615805480084347
227.0,0.4537445,0.1762115,0.1497797,0.1451613,0.9118943,0.0,0.7727273,0.0,0.0,0.0833333,0.1704545,1.0,0.28125,0.1052632,1.0,10.34177474101152
8551.0,0.4878962,0.0113437,0.0561338,0.0570907,0.9354461,0.0,0.838338,0.0041899,0.023743,0.0475557,0.0104749,0.9106145,0.2144995,0.1142191,0.34375,10.911463720944793
29771.0,0.479695,0.7998724,0.0825972,0.0854745,0.8987269,0.0131,0.7532037,0.0037561,0.0311533,0.1199689,0.7632567,0.9520548,0.3151857,0.21304,0.6176471,10.614007941153417
2231.0,0.470641,0.0013447,0.1331242,0.1083827,0.8915285,0.0,0.7493917,0.0048662,0.0352798,0.0352113,0.0,0.986618,0.1960094,0.0734694,0.2,10.785207543360087
2523.0,0.5457788,0.0007927,0.0523187,0.0471204,0.5366627,0.0003964,0.3707094,0.0022883,0.2112891,0.4624846,0.0007628,0.9870328,0.599836,0.0173797,0.4827586,11.930325731537252
7402.0,0.4744664,0.0021616,0.1595515,0.1228792,0.8470684,0.0143205,0.6962884,0.0067809,0.0403283,0.0420513,0.0010707,0.9800143,0.365812,0.1068124,0.4074074,10.640675541671662
405.0,0.4790123,0.0,0.2024691,0.1232227,0.8765432,0.0,0.7305389,0.0,0.0299401,0.0617978,0.0,0.994012,0.1179775,0.1176471,1.0,9.814710982145282
5706.0,0.498598,0.0154224,0.1002454,0.0583712,0.9022082,0.0,0.7918638,0.0047304,0.0421003,0.0438716,0.0113529,0.9801325,0.0976934,0.1601307,0.125,11.34333452885509
17647.0,0.4793449,0.00442,0.1388338,0.0927296,0.8038193,0.0258401,0.647785,0.0061002,0.0640523,0.039347,0.0033406,0.9339143,0.3814706,0.0885224,0.2352941,11.03005541721757
2956.0,0.4668471,0.0010149,0.1860622,0.1440355,0.8294993,0.0314614,0.7068517,0.0060711,0.0477016,0.0580065,0.0,0.9947962,0.375817,0.0505051,0.5714286,10.5815464756746
663.0,0.4901961,0.0075415,0.081448,0.0769231,0.8039216,0.0030166,0.6515679,0.0069686,0.0662021,0.4819495,0.010453,0.9790941,0.4620939,0.0729167,0.6470588,11.065090289695444
909.0,0.4675468,0.0,0.1254125,0.1095041,0.9240924,0.0,0.7842466,0.0,0.0205479,0.2108108,0.0,0.1643836,0.3432432,0.2666667,0.9473684,9.615805480084347
1743.0,0.4595525,0.0292599,0.2042456,0.1794055,0.7877223,0.0573723,0.6589674,0.0013587,0.0230978,0.1121834,0.0149457,0.9945652,0.4234017,0.0710383,0.75,10.611547975828369
1454.0,0.4766162,0.0034388,0.1822558,0.130092,0.8583219,0.0316369,0.7321101,0.0036697,0.0220183,0.0302491,0.0,1.0,0.2241993,0.0592593,0.2,10.62135173563291
2128.0,0.3947368,0.0009398,0.5399436,0.3159938,0.6903195,0.0,0.5036145,0.0008032,0.0297189,0.1163946,0.0008032,0.9903614,0.4719659,0.0131579,0.5555556,11.21318430646977
2863.0,0.5263709,0.0059378,0.035627,0.0243363,0.894167,0.079986,0.9113737,0.0059084,0.0103397,0.0272989,0.0014771,0.9822747,0.0804598,0.119403,0.4444444,11.136062390867204
2200.0,0.4586364,0.0004545,0.1754545,0.1729639,0.8504545,0.0,0.6681271,0.0065717,0.0186199,0.146729,0.0,0.9978094,0.3953271,0.0857143,0.6571429,9.686636660844938
579.0,0.5112263,0.0,0.1658031,0.1236749,0.8773748,0.0,0.7555556,0.0088889,0.0622222,0.0963855,0.0,1.0,0.3172691,0.0816327,0.6666667,9.888424674859083
419.0,0.4534606,0.0,0.3699284,0.2707424,0.7684964,0.0859189,0.6549708,0.0,0.0116959,0.1778846,0.0,1.0,0.2692308,0.0277778,0.7272727,9.615805480084347
88.0,0.5,0.0,0.3522727,0.0454545,0.7954545,0.1363636,0.8378378,0.0,0.0,0.7318841,0.0,1.0,0.4782609,0.3333333,1.0,10.657282884047461
1011.0,0.4817013,0.0029674,0.1295747,0.1221374,0.8555885,0.0,0.6938272,0.0074074,0.0419753,0.0334129,0.0049383,0.9876543,0.2696897,0.03,0.0,10.821796246953596
76060.0,0.4811202,0.024152,0.1856955,0.126742,0.8135419,0.0494741,0.6909605,0.0022488,0.0380592,0.0382422,0.010801,0.9881086,0.2971556,0.0378849,0.3953488,11.569315250157509
1041.0,0.4630163,0.0,0.1930836,0.1091234,0.870317,0.0096061,0.7256858,0.0049875,0.0349127,0.0674419,0.0,1.0,0.2302326,0.0253165,0.375,10.203629181337648
53549.0,0.4628658,0.0643336,0.1501989,0.127664,0.817625,0.0310557,0.6673588,0.0039221,0.0315615,0.060761,0.0591547,0.9968623,0.3781746,0.0630703,0.476378,10.434145214930487
535.0,0.4691589,0.0,0.2635514,0.2042254,0.8149533,0.0,0.6,0.0,0.012766,0.0856031,0.0,1.0,0.2178988,0.0434783,0.5,9.792611856190192
6148.0,0.5019519,0.0029278,0.0914118,0.0679295,0.8854912,0.0060182,0.7577788,0.0086166,0.055529,0.0242877,0.0033509,0.90809,0.3461,0.1832335,0.3846154,10.843514342086866
200.0,0.485,0.0,0.18,0.1553398,0.865,0.0,0.6666667,0.0,0.0,0.1,0.0,1.0,0.1888889,0.1111111,1.0,9.985113621416073
1283.0,0.4450507,0.0023383,0.24318,0.1924157,0.79735,0.0303975,0.6267361,0.0,0.0104167,0.1529412,0.0017361,0.9965278,0.3132353,0.0628931,0.7272727,9.75272280064639
2020.0,0.4693069,0.0,0.1980198,0.1399254,0.8683168,0.0,0.7170496,0.0060459,0.0241838,0.0634202,0.0,0.9987908,0.1698754,0.063197,0.0,10.308985993422082
13364.0,0.4429811,0.5665968,0.1456151,0.1411875,0.8666567,0.0257408,0.7190917,0.0031539,0.0151388,0.0845043,0.5071489,0.9945332,0.3817132,0.1433597,0.515625,10.229223792606835
1083.0,0.4459834,0.0046168,0.2640813,0.155,0.677747,0.1846722,0.6426667,0.0053333,0.0266667,0.1028708,0.0,1.0,0.291866,0.0795455,0.8888889,9.61587214452889
473.0,0.4926004,0.0063425,0.1522199,0.1041667,0.9006342,0.0,0.7560976,0.0121951,0.0182927,0.18,0.0060976,0.8414634,0.325,0.1666667,0.2,9.615805480084347
13661.0,0.4509187,0.4837128,0.1785374,0.1717104,0.8460581,0.0277432,0.6938697,0.0027074,0.0187585,0.1112066,0.4459486,0.9969058,0.3181506,0.1424,0.6111111,10.173552856959743
3989.0,0.496365,0.0007521,0.1536726,0.111996,0.8666332,0.0183003,0.7359781,0.004788,0.0348837,0.3632404,0.0,0.9890561,0.2839721,0.0973684,0.862069,10.997104049659168
660.0,0.4515152,0.0151515,0.1666667,0.1464088,0.8090909,0.0151515,0.6153846,0.0034965,0.013986,0.0744337,0.020979,1.0,0.3592233,0.0446429,0.5,10.537441898283253
50418.0,0.4984926,0.0247729,0.1134317,0.0644651,0.9127692,0.0012694,0.8014017,0.0079149,0.0424144,0.0465465,0.0233219,0.8615794,0.2788179,0.1862274,0.2560976,11.339773736496767
725.0,0.5337931,0.0,0.1186207,0.0946746,0.8896552,0.0,0.75,0.0122951,0.0409836,0.0687023,0.0,0.7909836,0.4580153,0.2391304,0.2,10.305647203635566
21877.0,0.46862,0.001737,0.164145,0.104172,0.9135165,0.0178727,0.7907753,0.0012138,0.0142619,0.2553384,0.0016689,0.3286299,0.619817,0.2457421,0.3013699,10.025749432069084
1251.0,0.5131894,0.0015987,0.0559552,0.0541872,0.940048,0.0,0.8575419,0.0083799,0.0335196,0.0271739,0.0027933,0.9217877,0.138587,0.25,0.0,10.87806606028079
3293.0,0.5122988,0.0003037,0.0959611,0.0772105,0.9334953,0.0,0.8101803,0.0010604,0.0233298,0.0288363,0.0,0.6447508,0.4438723,0.277937,0.0,10.652566005416872
2457.0,0.4847375,0.5339845,0.1615792,0.1169036,0.8119658,0.006919,0.605042,0.0031513,0.0640756,0.092469,0.3918067,0.8792017,0.4642517,0.1065089,0.2857143,11.06977406588073
18537.0,0.4634515,0.0058262,0.1894589,0.1303036,0.867724,0.0008092,0.7015262,0.0006636,0.0209688,0.0442669,0.0038487,0.9787658,0.373795,0.0410509,0.3981481,12.48332931179837
362.0,0.5276243,0.0055249,0.1740331,0.0584795,0.8480663,0.0,0.7179487,0.0192308,0.0576923,0.5958549,0.0,1.0,0.515544,0.0666667,1.0,10.419330568113901
109199.0,0.498576,0.2115221,0.1085266,0.0846315,0.8538723,0.0260259,0.727122,0.0053233,0.055988,0.0631297,0.2089452,0.9138378,0.3815849,0.1297453,0.215311,11.570259974415547
3282.0,0.4661792,0.0173675,0.1444241,0.1107306,0.8854357,0.003961,0.745679,0.0041152,0.0279835,0.0639445,0.01893,0.9975309,0.1771957,0.1049869,0.8181818,9.975854724662028
272.0,0.4705882,0.0,0.0955882,0.0694444,0.8272059,0.0,0.6330275,0.0,0.0550459,0.3550296,0.0,0.9449541,0.4733728,0.1111111,0.5,10.077482875583607
2070.0,0.4429952,0.0019324,0.1507246,0.0988725,0.82657,0.010628,0.6740396,0.0069849,0.0547148,0.056044,0.0023283,0.9976717,0.3692308,0.0372671,0.6666667,11.107975224295076
1795.0,0.4774373,0.0222841,0.1532033,0.0938166,0.8735376,0.0,0.7275449,0.005988,0.0464072,0.4030384,0.0164671,0.9775449,0.3020554,0.1069767,0.4471545,11.389638560778947
2775.0,0.4695495,0.0176577,0.178018,0.138587,0.8407207,0.0335135,0.7087287,0.0037951,0.0351044,0.0276753,0.0199241,0.9962049,0.1752768,0.016,0.6,11.58989576532275
3900.0,0.4966667,0.0010256,0.0612821,0.0346409,0.9697436,0.0,0.8994924,0.0020305,0.013198,0.015984,0.0010152,0.9928934,0.0769231,0.3333333,0.5,11.388506711556236
1047.0,0.4689589,0.1212989,0.2454632,0.1852518,0.8481375,0.0047755,0.6790393,0.0,0.0152838,0.0709939,0.1069869,1.0,0.2839757,0.0683761,0.2857143,10.085850775128717
404.0,0.450495,0.0024752,0.1633663,0.1216216,0.8886139,0.0,0.721519,0.0,0.0063291,0.1727749,0.0,1.0,0.4240838,0.175,0.5714286,9.615805480084347
440.0,0.475,0.0136364,0.1136364,0.047619,0.9431818,0.0272727,0.9343066,0.0,0.0218978,0.0805369,0.0,0.9854015,0.0067114,0.0,0.5,13.122367377396328
1186.0,0.4772344,0.0,0.0548061,0.0548387,0.9747049,0.0,0.9014085,0.0,0.0070423,0.1522388,0.0,0.0422535,0.4686567,0.4489796,1.0,9.615805480084347
12251.0,0.4774304,0.0109379,0.1935352,0.1282412,0.8916007,0.0083259,0.7656545,0.001466,0.0180105,0.0286819,0.0115183,0.9956021,0.1975183,0.0424107,0.4583333,10.785207543360087
1049.0,0.4690181,0.0009533,0.2917064,0.1849192,0.7826501,0.0314585,0.6097046,0.0,0.021097,0.1952462,0.0021097,0.9957806,0.37691,0.1282051,0.75,9.825580063659602
227.0,0.5242291,0.0,0.215859,0.1296296,0.8325991,0.0,0.6458333,0.0,0.03125,0.1192661,0.0,1.0,0.3211009,0.125,1.0,9.825580063659602
420.0,0.4714286,0.2619048,0.1666667,0.1801802,0.9,0.0,0.7375,0.0,0.0,0.1351351,0.28125,1.0,0.3027027,0.125,0.0,9.758519582283522
20143.0,0.4878121,0.0989426,0.1284317,0.1118542,0.8292211,0.0399643,0.7012231,0.0033489,0.064502,0.0376909,0.0894001,0.8410017,0.4162814,0.1955836,0.3552632,12.163170363711957
10610.0,0.4816211,0.0063148,0.0827521,0.0705455,0.6025448,0.172196,0.5896089,0.0046702,0.1491535,0.0280851,0.0035026,0.9962055,0.4116312,0.0696843,0.3157895,11.002116507732017
563.0,0.4920071,0.0,0.0586146,0.041958,0.8987567,0.0,0.7848837,0.0174419,0.0813953,0.0227273,0.0,0.9069767,0.3352273,0.1791045,0.0,10.647826772357497
2166.0,0.4427516,0.0009234,0.2373038,0.1880696,0.8088643,0.0387812,0.6711409,0.0055928,0.0302013,0.1226693,0.0,1.0,0.4062807,0.0923077,0.1578947,9.888424674859083
2020.0,0.4910891,0.1158416,0.1737624,0.1459144,0.8757426,0.0,0.7146371,0.00246,0.0147601,0.0708571,0.1131611,0.99754,0.264,0.1407035,1.0,9.957075711706057
9879.0,0.4627999,0.1515336,0.1776496,0.1584699,0.8279178,0.026116,0.6806387,0.0037425,0.0274451,0.0624561,0.1399701,0.996507,0.3319298,0.0798005,0.3018868,10.457401400981889
392.0,0.502551,0.0,0.2168367,0.0923077,0.9642857,0.0,0.8939394,0.0,0.0,0.0364964,0.0,0.9772727,0.0,1.0,0.0,12.843445454022332
648.0,0.4969136,0.0,0.1404321,0.0766871,0.933642,0.0,0.8064516,0.0,0.0046083,0.0440529,0.0,0.9078341,0.2731278,0.1666667,0.0,10.457401400981889
4636.0,0.4984901,0.0008628,0.0987921,0.0847312,0.8548318,0.0,0.6892562,0.0022039,0.0517906,0.0851815,0.0,0.9498623,0.4279234,0.0774411,0.4761905,10.77270764101727
1955.0,0.5084399,0.0,0.0920716,0.0582726,0.9554987,0.0,0.8481013,0.0,0.005425,0.0530822,0.0,0.9855335,0.234589,0.2672414,0.4444444,10.75579427616868
1740.0,0.5425287,0.0528736,0.133908,0.1231156,0.8022989,0.1045977,0.76,0.0034783,0.0347826,0.1043614,0.0,0.9826087,0.1744548,0.1791045,1.0,10.292179440058462
82.0,0.5,0.0,0.2560976,0.1463415,0.902439,0.0,0.7647059,0.0,0.0,0.0555556,0.0,1.0,0.1388889,0.25,1.0,10.807725945886109
482.0,0.4958506,0.0,0.1348548,0.1152263,0.8775934,0.0,0.7027027,0.0,0.0216216,0.1435185,0.0,0.9945946,0.3101852,0.1176471,0.6666667,10.416341118636355
204.0,0.4656863,0.0,0.1911765,0.146789,0.8921569,0.0,0.7375,0.0,0.0125,0.0588235,0.0,1.0,0.2,0.0833333,0.6666667,9.809231816610408
20807.0,0.4435527,0.4314413,0.1674436,0.15564,0.7698851,0.0667083,0.6366893,0.0044472,0.043113,0.0807404,0.3844348,0.9954293,0.4403816,0.1097708,0.5394737,10.434145214930487
4821.0,0.4857913,0.0002074,0.1323377,0.0883421,0.9157851,0.0,0.8069498,0.0033094,0.0248207,0.0242196,0.0005516,0.9873138,0.2212056,0.1079812,0.5384615,10.659633006160352
26276.0,0.4902192,0.0943827,0.1418405,0.1212393,0.7388872,0.1026793,0.6403107,0.006385,0.0616154,0.0884664,0.0817282,0.9697776,0.3676399,0.0767008,0.5535714,11.065090289695444
118.0,0.5169492,0.0,0.1779661,0.1052632,0.9322034,0.0,0.804878,0.0,0.0,0.1458333,0.0,1.0,0.3541667,0.25,0.0,9.615805480084347
3538.0,0.441775,0.0367439,0.0949689,0.0708861,0.4197287,0.4115319,0.548913,0.0043478,0.1195652,0.057377,0.0315217,0.9945652,0.3442623,0.0564334,0.8571429,10.664316745782925
14148.0,0.4855103,0.0730845,0.1084959,0.0596236,0.9316511,0.0,0.8432642,0.0069085,0.0379965,0.2019297,0.07038,0.7275475,0.3116816,0.2151819,0.1338583,11.010415172807951
3664.0,0.4754367,0.0013646,0.1572052,0.1373569,0.8474345,0.0191048,0.6906928,0.003499,0.0279916,0.049867,0.0013996,0.9860042,0.2320479,0.107362,0.4705882,10.292179440058462
7193.0,0.4990963,0.0020854,0.121229,0.1013045,0.8694564,0.0130683,0.7560976,0.002399,0.0667733,0.0747318,0.0019992,0.9712115,0.1842397,0.0597484,0.5483871,12.251050791276203
43.0,0.4651163,0.0,0.1860465,0.0869565,0.8604651,0.0,0.6470588,0.0,0.0,0.3928571,0.0,1.0,0.3571429,0.0,0.0,9.615805480084347
2505.0,0.499002,0.0403194,0.1636727,0.098008,0.8479042,0.0107784,0.7,0.0113402,0.0484536,0.2252396,0.0278351,0.9907216,0.428115,0.102439,0.8064516,11.218567827096358
641.0,0.5039002,0.0015601,0.0842434,0.0566038,0.9266771,0.0,0.8277512,0.0047847,0.0430622,0.0669643,0.0047847,0.9712919,0.1071429,0.1034483,0.3333333,10.691967639914864
124.0,0.4032258,0.0080645,0.0483871,0.0405405,0.9435484,0.0,0.8181818,0.0,0.030303,0.195122,0.0,0.969697,0.6097561,0.2941176,0.0,9.615805480084347
521.0,0.4721689,0.0038388,0.2514395,0.1745455,0.8694818,0.0,0.7004405,0.0,0.0,0.0462185,0.0,1.0,0.3865546,0.0526316,0.0,9.893487720457795
153.0,0.496732,0.0,0.248366,0.0909091,0.9477124,0.0,0.8833333,0.0,0.0166667,0.2,0.0,1.0,0.3333333,0.0833333,0.0,10.021315031649332
1110549.0,0.5100756,0.0938824,0.1021972,0.0727203,0.7525971,0.0440026,0.6146281,0.0047526,0.122705,0.0593576,0.085204,0.8565906,0.5075766,0.117308,0.1985064,11.852257893055606
1045.0,0.5320574,0.0028708,0.0411483,0.0347648,0.8985646,0.0,0.76781,0.0,0.0422164,0.1186047,0.005277,0.9841689,0.2627907,0.1014493,0.3333333,11.000448478455008
26326.0,0.5024311,0.1286181,0.1297956,0.1080235,0.6859379,0.0150042,0.5135984,0.0054559,0.1370588,0.1281441,0.0907663,0.908159,0.6237117,0.0544506,0.2546584,11.17606715383184
5686.0,0.4808301,0.0017587,0.1102708,0.1073848,0.808477,0.0,0.6221567,0.0058972,0.0661331,0.0538063,0.0025274,0.9941028,0.428059,0.0375235,0.0,11.196857635323791
54052.0,0.4647007,0.3710131,0.1277104,0.0917606,0.7967143,0.0186117,0.6284504,0.0026176,0.076147,0.0388802,0.3093946,0.9907672,0.2071174,0.0539029,0.4929577,11.01206667357142
148.0,0.5,0.0,0.1621622,0.1216216,0.8310811,0.0,0.7166667,0.0166667,0.1,0.1666667,0.0,1.0,0.2361111,0.0909091,0.0,10.915106645867503
8326.0,0.4960365,0.1543358,0.05681,0.0560057,0.9287773,0.0,0.8219628,0.004378,0.0277271,0.088157,0.1444728,0.7588471,0.2188955,0.1766382,0.6388889,10.67130147767883
170.0,0.5235294,0.9352941,0.1058824,0.0493827,0.9529412,0.0,0.826087,0.0,0.0,0.3030303,0.9347826,1.0,0.2727273,0.3,0.0,9.615805480084347
3003.0,0.4575425,0.1371961,0.2164502,0.1921424,0.8115218,0.0765901,0.7209721,0.0009001,0.0225023,0.0702929,0.1422142,0.9954995,0.2794979,0.1364985,0.4,10.468829770273567
167.0,0.4730539,0.4311377,0.1497006,0.1363636,0.8982036,0.0,0.7301587,0.0,0.0,0.1486486,0.4444444,0.984127,0.2837838,0.1428571,0.0,10.268165387743457
32188.0,0.4827265,0.0232695,0.0827638,0.0693694,0.902386,0.014291,0.8032515,0.0034088,0.0302421,0.0826652,0.0213268,0.9924832,0.2095093,0.0675024,0.64,11.133142723386813
306.0,0.4379085,0.2385621,0.2156863,0.1627907,0.875817,0.0,0.704918,0.0081967,0.0163934,0.1285714,0.2295082,0.9754098,0.3571429,0.125,0.0,9.615805480084347
3124.0,0.4961588,0.0259283,0.0528169,0.0520966,0.9058899,0.0,0.7831978,0.0054201,0.0397471,0.0570698,0.0198735,0.9494128,0.390971,0.0851485,0.3809524,10.907807476583594
4771.0,0.4988472,0.003144,0.1066862,0.0644082,0.9201425,0.0176064,0.8387553,0.0056577,0.033239,0.0301783,0.0007072,0.8394625,0.3751715,0.2587719,0.0,11.153403615295403
3871.0,0.4696461,0.0028416,0.1704986,0.1412567,0.8615345,0.0134332,0.7035278,0.0040706,0.0217096,0.0712035,0.0054274,0.9986431,0.3327032,0.1239669,0.625,10.130662964963708
759.0,0.4624506,0.3333333,0.1752306,0.1715686,0.8814229,0.0,0.7310127,0.0031646,0.0094937,0.0787172,0.3037975,0.9968354,0.2099125,0.08,1.0,10.308985993422082
242.0,0.4876033,0.0,0.3429752,0.25,0.7768595,0.0,0.5691057,0.0,0.0081301,0.1744966,0.0,1.0,0.2684564,0.125,1.0,9.615805480084347
1273.0,0.4414768,0.0911233,0.2403771,0.1997187,0.8193244,0.051846,0.6875,0.0,0.0078125,0.087344,0.078125,1.0,0.3083779,0.084507,0.0,10.250652418696085
2122.0,0.5065975,0.0047125,0.0730443,0.0305635,0.9217719,0.0,0.8138223,0.0028209,0.0352609,0.0584329,0.0042313,0.9393512,0.2749004,0.1789474,0.0666667,11.669937760751914
116.0,0.4396552,0.0,0.3103448,0.3384615,0.7068966,0.0,0.4333333,0.0,0.0,0.2207792,0.0,0.9833333,0.2987013,0.0,1.0,9.615805480084347
630.0,0.4349206,0.0333333,0.284127,0.2359551,0.7460317,0.0920635,0.6126482,0.0,0.0158103,0.1510067,0.0316206,0.9960474,0.466443,0.0625,0.3333333,10.12667110305036
282.0,0.5177305,0.0,0.1241135,0.1029412,0.8971631,0.0,0.7757009,0.0093458,0.0373832,0.0614035,0.0,1.0,0.1666667,0.1428571,1.0,10.31231367277647
339.0,0.480826,0.0,0.2035398,0.1363636,0.8672566,0.0,0.6793893,0.0,0.0229008,0.0367647,0.0,1.0,0.1544118,0.1333333,1.0,9.857495968685136
268.0,0.4776119,0.0,0.3134328,0.2357143,0.7910448,0.0,0.578125,0.0,0.015625,0.0921986,0.0,1.0,0.2553191,0.1111111,0.6666667,9.615805480084347
549.0,0.4444444,0.0874317,0.2149362,0.1639344,0.859745,0.0,0.6839827,0.0,0.017316,0.0685484,0.0649351,1.0,0.2822581,0.0793651,0.5,9.94755228369823
15714.0,0.4571719,0.0140003,0.1889398,0.1459555,0.7822324,0.0120911,0.583878,0.0029049,0.0434277,0.0713515,0.0122004,0.995207,0.3734826,0.0604664,0.5714286,10.268165387743457
3260.0,0.4736196,0.0230061,0.1539877,0.1293706,0.847546,0.004908,0.6780562,0.0015186,0.040243,0.0619658,0.0235383,0.9916477,0.3247863,0.0654664,0.2,10.370392636243981
2016.0,0.4801587,0.0034722,0.1155754,0.0973282,0.859623,0.0009921,0.6889764,0.003937,0.0459318,0.0230769,0.0013123,0.9816273,0.3666667,0.1003344,0.75,10.703266939811954
17906.0,0.4769351,0.0803641,0.2338881,0.1397608,0.8290517,0.0200491,0.6888348,0.0028386,0.0436604,0.1884599,0.0651527,0.9856718,0.3955682,0.0744429,0.5428571,11.000448478455008
44350.0,0.5182413,0.0795039,0.1372717,0.1115323,0.7720631,0.0954904,0.6853498,0.0036816,0.0429732,0.0544385,0.0476704,0.9820363,0.3380349,0.0920855,0.4,10.883710371704016
15699.0,0.4793299,0.1272056,0.1245939,0.1093712,0.8004968,0.0303841,0.6441648,0.0040863,0.0624387,0.0446596,0.1078784,0.9831644,0.3410369,0.0792254,0.4651163,10.716659698193956
1968.0,0.4745935,0.027439,0.1031504,0.0793037,0.839939,0.0,0.6846847,0.001287,0.0759331,0.0299625,0.019305,0.988417,0.17603,0.0445344,0.4285714,11.969090024509446
1570.0,0.4853503,0.0044586,0.1191083,0.0556931,0.8726115,0.0044586,0.7310469,0.0036101,0.0649819,0.090312,0.0036101,0.6534296,0.4827586,0.2154472,0.6666667,11.857939686169175
1491.0,0.4996647,0.0,0.1354795,0.1085791,0.8725687,0.0,0.7292724,0.0050761,0.0423012,0.0663507,0.0,0.9932318,0.3917852,0.1307692,0.5,10.130662964963708
253.0,0.4782609,0.0,0.2490119,0.1363636,0.8893281,0.0,0.72,0.0,0.0,0.0566038,0.0,1.0,0.3490566,0.1034483,1.0,9.729193687429403
823.0,0.509113,0.0,0.0899149,0.0445545,0.9513973,0.0,0.8697318,0.0076628,0.0114943,0.0905923,0.0,0.7662835,0.2787456,0.2321429,0.6923077,10.513280297700861
3163.0,0.4950996,0.0031616,0.1103383,0.0632436,0.8621562,0.0,0.7039474,0.0082237,0.0493421,0.0402526,0.0,0.9901316,0.3622731,0.1069182,0.3333333,10.839600519357369
70811.0,0.4859273,0.0420839,0.0795357,0.0779902,0.8877858,0.010761,0.7712481,0.0056313,0.0463779,0.0336611,0.0441656,0.976791,0.2666459,0.0981542,0.2627119,10.524090921620362
1389.0,0.5017999,0.0028798,0.1223902,0.0867052,0.9085673,0.0,0.7916667,0.0019841,0.0376984,0.1280277,0.0019841,0.984127,0.2110727,0.0578512,0.375,11.534696741439683
77.0,0.4675325,0.6233766,0.2337662,0.2439024,0.8961039,0.0,0.68,0.0,0.0,0.137931,0.44,1.0,0.2758621,0.75,0.0,10.84546552414626
3359.0,0.4703781,0.0261983,0.1158083,0.1068016,0.8940161,0.0151831,0.7673225,0.0042772,0.0188195,0.0930954,0.0265184,0.9828914,0.3467804,0.1035354,0.3529412,10.448743588106625
1041.0,0.4774256,0.2315082,0.1306436,0.1121324,0.9020173,0.0,0.7449857,0.0028653,0.0229226,0.1630695,0.2550143,0.6905444,0.4028777,0.1886792,1.0,10.012386799492118
2891.0,0.5012107,0.0044967,0.0920097,0.0506241,0.9156001,0.0,0.808552,0.0048591,0.0349854,0.0274102,0.0048591,0.9990282,0.2249527,0.1363636,0.5555556,10.440010162389305
2431.0,0.4603044,0.2932949,0.1768819,0.1631098,0.8597285,0.0,0.6892308,0.0071795,0.0276923,0.0740741,0.2635897,0.9876923,0.3447293,0.1034483,0.25,10.110542371500753
324.0,0.5339506,0.0030864,0.1018519,0.0596026,0.8888889,0.0,0.7435897,0.0,0.034188,0.1397059,0.0,0.965812,0.3602941,0.2413793,0.75,10.422311107413181
2119.0,0.4539877,0.0,0.2463426,0.2221262,0.7805569,0.059462,0.6457399,0.0044843,0.0168161,0.0490405,0.0,0.9988789,0.315565,0.0313589,0.3333333,10.547995807489514
236.0,0.5127119,0.0,0.1822034,0.0782609,0.8940678,0.0,0.7582418,0.0,0.032967,0.0108696,0.0,1.0,0.2826087,0.2,0.0,9.913487387114461
1148.0,0.5034843,0.0034843,0.2099303,0.2035088,0.7526132,0.0026132,0.5804481,0.0040733,0.095723,0.0770677,0.0020367,0.9918534,0.4135338,0.0676329,0.8571429,10.36410350510914
1041.0,0.4918348,0.0,0.2487992,0.1304348,0.8232469,0.0076849,0.6465324,0.0,0.0357942,0.0345572,0.0,1.0,0.2634989,0.0394737,0.0,10.146472946063877
2353.0,0.4836379,0.0042499,0.1759456,0.1127572,0.8725032,0.0365491,0.7745665,0.0023121,0.016185,0.1218274,0.0057803,0.9468208,0.2091371,0.1515152,0.7058824,10.328787967145063
2974.0,0.4579691,0.0003362,0.1872898,0.1203474,0.860121,0.0010087,0.7082645,0.0049587,0.0421488,0.0434783,0.0008264,0.9950413,0.287747,0.0675105,0.4444444,10.980212041446208
9708.0,0.4853729,0.0322415,0.131747,0.092474,0.8454883,0.0118459,0.6922475,0.0044375,0.0441138,0.0264295,0.027408,0.9864265,0.3024142,0.0598897,0.3529412,11.036517370851499
61368.0,0.4698377,0.0732303,0.1421751,0.1191025,0.852252,0.0132154,0.6994832,0.0039597,0.0338863,0.0540178,0.0667306,0.9959153,0.3372368,0.0924246,0.4744898,10.63106031411106
15066.0,0.4806186,0.0649808,0.1476835,0.12,0.7941059,0.0130094,0.6202552,0.0038278,0.0676236,0.0532991,0.0515152,0.9896332,0.3203986,0.0499062,0.2736842,11.246365410473757
755.0,0.4437086,0.1311258,0.1562914,0.1452381,0.8834437,0.0,0.7307692,0.0,0.0128205,0.1034483,0.1282051,0.9967949,0.3189655,0.0357143,0.8333333,9.928228944424575
484.0,0.4979339,0.0041322,0.0206612,0.0246914,0.9070248,0.0,0.7709924,0.0076336,0.0687023,0.1602564,0.0076336,0.9694656,0.6410256,0.3333333,0.5,10.165890277802454
5371.0,0.461739,0.1863713,0.1917706,0.1694915,0.8441631,0.040216,0.7202763,0.0044401,0.0177602,0.0714613,0.1687222,0.9975333,0.3037105,0.0935583,0.4782609,10.184937747111391
300.0,0.4533333,0.0733333,0.26,0.1585366,0.8566667,0.0,0.6888889,0.0,0.0074074,0.0878378,0.0518519,0.9851852,0.2567568,0.047619,1.0,10.203629181337648
2066.0,0.4917715,0.0024201,0.124395,0.107619,0.8789932,0.0,0.7267974,0.0065359,0.0431373,0.04375,0.0026144,0.9281046,0.425,0.1219512,0.6666667,10.254179634797001
3934.0,0.4466192,0.0007626,0.2829181,0.2108406,0.8197763,0.0251652,0.672264,0.0017371,0.0220035,0.0588556,0.0,0.9982629,0.253406,0.0404494,0.6875,10.477316144080852
2242.0,0.4522748,0.000446,0.1815343,0.1579805,0.8434434,0.0075825,0.6746611,0.0031283,0.0208551,0.0995305,0.0,0.9979145,0.3549296,0.0532915,0.5789474,10.448743588106625
1579.0,0.4369854,0.0006333,0.3799873,0.2598425,0.7498417,0.0645978,0.6114206,0.0013928,0.0167131,0.1243902,0.0,0.9986072,0.3658537,0.0674157,0.6428571,10.165890277802454
622.0,0.4646302,0.0,0.1093248,0.0870871,0.9405145,0.0,0.8089888,0.0,0.0168539,0.2457627,0.0,0.9662921,0.4830508,0.3,1.0,10.165890277802454
4219.0,0.4733349,0.0066366,0.1535909,0.1210621,0.8487793,0.0078218,0.6906962,0.0073937,0.0505237,0.0953177,0.0036969,0.995687,0.2335563,0.0803279,0.5,10.49684202174171
1018.0,0.4931238,0.0009823,0.1159136,0.0775194,0.9056974,0.0,0.7831978,0.00271,0.0325203,0.0610687,0.00271,1.0,0.264631,0.1555556,0.1666667,9.980494888896912
249.0,0.4899598,0.0120482,0.2851406,0.2047244,0.7911647,0.0,0.5964912,0.0087719,0.0350877,0.0731707,0.0,1.0,0.2764228,0.0,0.5,9.717218213494077
3843.0,0.4650013,0.5180848,0.1470206,0.1483463,0.8188915,0.0725995,0.7147147,0.003003,0.0232733,0.0769231,0.4466967,0.9984985,0.2647263,0.1308411,0.5625,10.31231367277647
1810.0,0.4425414,0.7160221,0.1917127,0.1555996,0.8475138,0.0077348,0.6581921,0.0014124,0.0268362,0.1680376,0.6412429,0.9985876,0.3384254,0.1169811,0.9,10.34177474101152
1437.0,0.5107864,0.0006959,0.230341,0.0967283,0.8656924,0.0055672,0.7353434,0.001675,0.040201,0.1495726,0.001675,0.9815745,0.525641,0.1071429,0.5454545,10.477316144080852
8399.0,0.4761281,0.0082153,0.2663412,0.1559091,0.7794976,0.0379807,0.6691501,0.0074503,0.0692605,0.1071693,0.0080022,0.982064,0.3626509,0.0409899,0.3333333,10.925956465688445
4218.0,0.4855382,0.0033191,0.1555239,0.078341,0.910147,0.0,0.8142494,0.0050891,0.0419847,0.0314233,0.0031807,0.9796438,0.0973506,0.20625,0.5384615,11.038126355768453
659.0,0.4597876,0.0,0.2109256,0.1404494,0.8588771,0.0,0.6715328,0.0,0.0109489,0.0957096,0.0,1.0,0.2310231,0.0895522,1.0,9.615805480084347
69.0,0.4927536,0.0,0.0289855,0.0,0.8115942,0.0,0.6956522,0.0869565,0.1304348,0.3611111,0.0,0.9565217,0.8055556,0.1428571,0.3333333,10.893047333337728
1575.0,0.4736508,0.0,0.1098413,0.1001206,0.9130159,0.0,0.7844203,0.0018116,0.0253623,0.0753769,0.0,0.9981884,0.1976549,0.2027972,0.5,10.122663242288953
2831.0,0.4705051,0.0031791,0.0794772,0.0867245,0.8883787,0.0,0.7434656,0.0087125,0.0319458,0.047048,0.0038722,1.0,0.4400369,0.078125,0.6,10.691967639914864
1085.0,0.4654378,0.037788,0.283871,0.2086207,0.8147465,0.0543779,0.6838407,0.0023419,0.0140515,0.0991561,0.0327869,0.971897,0.2616034,0.0934579,0.25,10.146472946063877
10552.0,0.4943139,0.0163002,0.0790371,0.0624063,0.9100644,0.0010425,0.8060606,0.0039526,0.0440053,0.0620366,0.0121212,0.9483531,0.1510133,0.09375,0.5052632,11.275949181024878
19997.0,0.4727709,0.0043507,0.1446717,0.0941857,0.7825674,5e-05,0.6036184,0.0010965,0.0667763,0.0659566,0.0035088,0.9936404,0.2015567,0.0150376,0.2061069,11.587114148152441
237.0,0.4810127,0.0,0.1392405,0.0813008,0.9156118,0.0,0.797619,0.0119048,0.0238095,0.1428571,0.0,1.0,0.2653061,0.1666667,0.5,9.615805480084347
32423.0,0.4880794,0.0039478,0.1292293,0.093927,0.9341517,0.0036085,0.8442046,0.0012808,0.0211326,0.0198171,0.0029275,0.9703595,0.1316356,0.0991545,0.5454545,12.088420226343088
59070.0,0.4831386,0.2905197,0.1349585,0.1179129,0.7761469,0.0313188,0.5989154,0.0033117,0.0585752,0.2181695,0.2663824,0.8302769,0.5253091,0.0884388,0.5772231,10.594156665220533
1257.0,0.4797136,0.0,0.2673031,0.1024465,0.8170247,0.0286396,0.7086466,0.0075188,0.0582707,0.2130178,0.0,0.9906015,0.510355,0.0827068,0.5,10.753659849198824
805.0,0.4819876,0.0012422,0.2360248,0.1654676,0.8310559,0.0,0.6361111,0.0,0.0111111,0.0977444,0.0,1.0,0.3659148,0.0648148,0.6666667,9.711176264112805
3221.0,0.4632102,0.0909655,0.1508848,0.1093117,0.8304874,0.0,0.6669179,0.0030143,0.0482291,0.0335033,0.0791258,0.9894499,0.2534596,0.0487805,0.0,11.125806040978839
843.0,0.4483986,0.0035587,0.2680902,0.1892473,0.717675,0.0,0.4906103,0.0046948,0.0446009,0.1791908,0.0023474,1.0,0.5356455,0.025974,0.8571429,10.351405324899678
13540.0,0.5126292,0.1251846,0.0302068,0.0303076,0.9169867,0.0072378,0.8317951,0.0071527,0.0466082,0.0757091,0.1123673,0.9854638,0.2288334,0.1325601,0.5131579,10.920546270529568
4377.0,0.4752113,0.0235321,0.1270276,0.0766217,0.6611835,0.0155358,0.4798331,0.0060269,0.1098748,0.0374833,0.0157626,0.9633751,0.5051316,0.0196386,0.2083333,12.736409677721657
1415.0,0.4784452,0.014841,0.1137809,0.0826558,0.8946996,0.0,0.7747036,0.0079051,0.041502,0.047081,0.0158103,0.9960474,0.1468927,0.1166667,0.4444444,11.320565693461432
4387.0,0.4834739,0.09323,0.1937543,0.1637246,0.7264646,0.1167085,0.6790582,0.0055762,0.0848823,0.076659,0.0731103,0.9498141,0.3409611,0.0631912,0.2222222,11.185823192802378
385.0,0.5298701,0.0,0.0441558,0.038674,0.9714286,0.0,0.8888889,0.0,0.0111111,0.1588785,0.0,1.0,0.6261682,0.3043478,0.0,10.094149233605084
1328.0,0.4427711,0.0,0.2846386,0.2297297,0.7658133,0.0436747,0.6003431,0.0017153,0.0274443,0.0746032,0.0,0.9982847,0.4396825,0.0844444,0.6,9.918425424900335
333.0,0.4354354,0.003003,0.3633634,0.2287234,0.7987988,0.0,0.5925926,0.0,0.0061728,0.0526316,0.0,1.0,0.251462,0.1764706,1.0,9.615805480084347
685.0,0.5007299,0.0175182,0.1678832,0.1169591,0.8817518,0.0,0.7391304,0.0,0.0289855,0.0769231,0.0144928,0.9963768,0.1939799,0.0869565,0.75,10.142543822310387
729.0,0.5020576,0.0082305,0.1412894,0.0743802,0.8930041,0.0,0.7894737,0.0143541,0.0909091,0.027907,0.0095694,0.9282297,0.3674419,0.1666667,0.0,11.611874470755124
149.0,0.4832215,0.0,0.1946309,0.1428571,0.8724832,0.0,0.6727273,0.0,0.0181818,0.140625,0.0,0.9818182,0.453125,0.25,0.0,9.615805480084347
532.0,0.4943609,0.2894737,0.1654135,0.1189591,0.8157895,0.0,0.6359649,0.004386,0.0614035,0.025641,0.2368421,0.995614,0.0683761,0.05,0.75,10.92775337907558
2515.0,0.460835,0.1677932,0.1741551,0.1511799,0.8747515,0.0,0.7145689,0.0019822,0.0218038,0.0463138,0.1456888,0.9970268,0.3185255,0.0933661,0.5454545,10.34177474101152
2541.0,0.454939,0.4935065,0.1523022,0.1516245,0.8768201,0.025974,0.7354911,0.0,0.0111607,0.0940344,0.4140625,0.9988839,0.3488372,0.1518987,0.2142857,10.335302435967074
586.0,0.4522184,0.0,0.2662116,0.2211838,0.7542662,0.0921502,0.6282051,0.0,0.0128205,0.1102662,0.0,1.0,0.3726236,0.05,0.5,9.787009914477434
29802.0,0.6000268,0.0989531,0.0869069,0.072651,0.6813972,0.2254882,0.7493434,0.0068517,0.0519584,0.0701848,0.0095923,0.9603746,0.2467615,0.0696342,0.3265993,11.981058595924264
2118.0,0.431067,0.0004721,0.2554297,0.2157676,0.7870633,0.0311615,0.618491,0.0042508,0.0201913,0.0951923,0.0010627,0.9946865,0.3855769,0.0769231,0.6,10.181157167204903
128.0,0.453125,0.34375,0.2734375,0.2428571,0.8515625,0.0,0.6724138,0.0,0.0,0.1594203,0.3448276,1.0,0.3188406,0.1666667,0.0,9.841665338892785
1926.0,0.4558671,0.3260644,0.1884735,0.1660305,0.8811007,0.0020768,0.7050754,0.0013717,0.0123457,0.0677749,0.2770919,0.9958848,0.2953964,0.1690141,0.5,10.250652418696085
533.0,0.4465291,0.3752345,0.2945591,0.1898305,0.8180113,0.0375235,0.68,0.0,0.0222222,0.3440233,0.3066667,1.0,0.4635569,0.137931,0.6,10.344995251991222
299.0,0.4414716,0.1939799,0.2474916,0.1916168,0.8394649,0.0,0.6641791,0.0,0.0223881,0.0884354,0.1940299,0.9925373,0.170068,0.0322581,0.0,10.308985993422082
5577.0,0.4703245,0.0247445,0.1816389,0.0961408,0.8639053,0.0,0.7286096,0.0031194,0.0530303,0.4472906,0.0231729,0.9835116,0.2002463,0.0880503,0.5185185,11.715057818961629
6890.0,0.4963716,0.0120464,0.0751814,0.062536,0.9117562,0.0,0.8241228,0.0039474,0.0657895,0.0440252,0.0122807,0.8986842,0.2109015,0.1538462,0.3428571,10.968215530759236
775.0,0.5070968,0.0025806,0.1354839,0.0732984,0.9303226,0.0,0.8310345,0.0034483,0.0103448,0.2874693,0.0,0.9965517,0.0835381,0.2413793,0.8571429,10.942013616092948
39757.0,0.4708353,0.0067158,0.163946,0.1213994,0.7704304,0.0582287,0.6430513,0.0057511,0.0597864,0.0756514,0.0055615,0.9941857,0.4439187,0.0499881,0.5,11.16479958768697
481.0,0.4594595,0.004158,0.1351351,0.1,0.8918919,0.0,0.75,0.0,0.0265957,0.0358974,0.0106383,1.0,0.1846154,0.047619,0.0,10.382853468483827
6933.0,0.4758402,0.0089427,0.2185201,0.1263071,0.8111928,0.0,0.6487603,0.0025429,0.0559441,0.1918829,0.0082645,0.9844247,0.4063704,0.046953,0.225,11.247670025080003
1603.0,0.4610106,0.1129133,0.2064878,0.1689815,0.8427948,0.003743,0.6576169,0.0,0.0211161,0.0967302,0.0874811,0.9969834,0.3705722,0.1164384,0.6,9.820160289946374
64.0,0.515625,0.0,0.15625,0.0967742,0.9375,0.0,0.8333333,0.0,0.0,0.3846154,0.0,1.0,0.3846154,0.0,0.8571429,9.615805480084347
938.0,0.45629,0.0010661,0.2345416,0.1862745,0.7963753,0.0660981,0.6983696,0.0108696,0.0271739,0.0441558,0.0,0.9945652,0.3038961,0.045977,0.0,10.322230781590136
1526.0,0.4587156,0.0058978,0.078637,0.0811138,0.8879423,0.0,0.7234432,0.0018315,0.0274725,0.0284698,0.003663,0.9761905,0.3007117,0.0866667,0.3333333,10.36410350510914
13849.0,0.460322,0.7796231,0.1095386,0.0935242,0.8897393,0.0163189,0.7612127,0.0060135,0.0531195,0.0753012,0.7136056,0.9386119,0.3758109,0.207483,0.9378531,11.452123952509567
157.0,0.4203822,0.0,0.2165605,0.1758242,0.8280255,0.0,0.6470588,0.0147059,0.0294118,0.1904762,0.0,1.0,0.1666667,0.0,1.0,9.615805480084347
3231.0,0.3469514,0.0046425,0.8028474,0.3772512,0.6425255,0.0,0.4684854,0.0,0.0117592,0.1200331,0.0042333,0.9891816,0.2491722,0.0,0.7043011,11.31204474745499
232.0,0.5043103,0.012931,0.4698276,0.3043478,0.4612069,0.4741379,0.7627119,0.0,0.0169492,0.119403,0.0,0.9661017,0.3134328,0.0,0.0,10.236417809461043
128.0,0.5078125,0.0,0.234375,0.2063492,0.75,0.0,0.5423729,0.0169492,0.0338983,0.2625,0.0,1.0,0.375,0.0,1.0,9.615805480084347
170.0,0.5941176,0.0,0.0529412,0.057971,0.9,0.0,0.7166667,0.0,0.0,0.2105263,0.0,1.0,1.0,0.0,0.0,9.635673464721814
769.0,0.4837451,0.0910273,0.1235371,0.1032746,0.9206762,0.0,0.7894737,0.0,0.0150376,0.0633803,0.0977444,0.9962406,0.2676056,0.1894737,0.0,9.923339198238729
38.0,0.5789474,0.0,0.0,0.0,0.8421053,0.0,0.6666667,0.0,0.0666667,0.0625,0.0,1.0,0.125,0.1333333,0.0,0.0
2126.0,0.4905927,0.0329257,0.2789276,0.143121,0.7939793,0.0178739,0.6430085,0.003178,0.059322,0.2821293,0.0317797,0.9650424,0.5604563,0.0675241,0.3888889,11.101960259016467
91.0,0.4945055,0.0,0.1758242,0.1304348,0.8901099,0.0,0.7142857,0.0,0.0,0.2045455,0.0,1.0,0.3409091,0.0909091,1.0,9.615805480084347
228.0,0.4649123,0.0,0.1008772,0.0655738,0.8640351,0.0,0.7294118,0.0235294,0.0705882,0.0449438,0.0,1.0,0.3932584,0.0277778,0.0,10.491301994830229
2681.0,0.6452816,0.1104066,0.0574413,0.0557308,0.6482656,0.2875793,0.7844037,0.0076453,0.0321101,0.2034105,0.0489297,0.8792049,0.4202192,0.1382114,0.5294118,10.39821428171237
11333.0,0.4975735,0.0189711,0.0479132,0.0410959,0.8880261,0.0015,0.7584409,0.0042205,0.0536246,0.0237518,0.016137,0.9774081,0.1228793,0.0820189,0.2727273,11.40646434386837
144.0,0.5069444,0.0,0.1805556,0.1267606,0.8194444,0.0,0.6031746,0.0,0.015873,0.2409639,0.0,1.0,0.2771084,0.0,0.5,9.928228944424575
235.0,0.5106383,0.0,0.1234043,0.1043478,0.8851064,0.0,0.752809,0.011236,0.0337079,0.127451,0.0,1.0,0.4607843,0.0,1.0,9.680406499268875
761.0,0.5045992,0.0026281,0.1498029,0.0689655,0.8961892,0.0,0.7774194,0.0,0.0322581,0.0461538,0.0,0.983871,0.1107692,0.037037,0.75,11.274680966120778
1499.0,0.5056704,0.0013342,0.096064,0.0580297,0.9312875,0.0,0.8440546,0.0,0.037037,0.0888099,0.0,0.9922027,0.0994671,0.0377358,0.5,12.37581963951765
18426.0,0.4463258,0.0576902,0.1875068,0.1697706,0.8153153,0.040432,0.673956,0.001976,0.0189698,0.0713237,0.0492689,0.9977605,0.309518,0.0635261,0.5175439,10.425282789490705
5044.0,0.444092,0.4306106,0.1776368,0.1608417,0.8693497,0.0319191,0.7373795,0.0022689,0.0153148,0.0935733,0.364152,0.9852524,0.3367609,0.1786217,0.6764706,10.016860879703811
181.0,0.480663,0.0,0.0883978,0.1382979,0.8176796,0.0,0.6666667,0.0606061,0.0606061,0.0704225,0.0,1.0,0.1690141,0.0833333,0.0,9.994287576862567
1729.0,0.4384037,0.4557548,0.2128398,0.2265705,0.8247542,0.0566802,0.6842105,0.0,0.0111643,0.0886628,0.3875598,0.9984051,0.2790698,0.1764706,0.6666667,10.385944565501662
33530.0,0.4888756,0.0836564,0.1799284,0.1381725,0.7445273,0.0910528,0.6298222,0.003692,0.0373719,0.0733138,0.0550784,0.9718957,0.3156682,0.0639121,0.5793103,10.184937747111391
1336.0,0.4663174,0.4318862,0.1908683,0.1640954,0.8525449,0.0426647,0.725,0.0,0.0166667,0.082218,0.36875,0.9979167,0.2332696,0.1052632,0.8571429,10.376642461280849
3282.0,0.5027422,0.0661182,0.0740402,0.0772059,0.9031079,0.0,0.7847498,0.0047657,0.0285941,0.0505279,0.0571882,0.99444,0.254902,0.0776699,0.4,10.718874489469398
2666.0,0.4508627,0.3030758,0.1590398,0.1420765,0.8675919,0.0180045,0.7258065,0.0070565,0.0241935,0.0641509,0.2379032,1.0,0.3584906,0.0945559,0.3846154,10.407318772389159
9325.0,0.4936193,0.0255228,0.1735121,0.1103346,0.8692761,0.0002145,0.7323634,0.004941,0.0513313,0.0277555,0.0183914,0.855339,0.2409928,0.1185102,0.25,11.260623406285792
2224.0,0.4784173,0.2855216,0.1241007,0.1008621,0.9100719,0.0,0.7924528,0.004717,0.0224057,0.0374574,0.2476415,0.9964623,0.2701476,0.0810811,0.75,10.614007941153417
8973.0,0.6164048,0.189903,0.0007801,0.0017432,0.6943051,0.2977822,0.9616253,0.0,0.001693,0.0343324,0.1873589,0.9164786,0.3580381,0.1887227,0.0,12.141539457711714
29.0,0.6206897,0.0,0.0,0.0,0.7586207,0.0,0.5714286,0.0714286,0.0714286,0.8556701,0.0,1.0,0.9896907,0.0,0.0,9.770013301136158
44.0,0.5227273,0.0,0.1590909,0.0952381,0.8636364,0.0,0.7222222,0.0,0.0555556,0.4375,0.0,0.9444444,0.4375,0.0,1.0,9.615805480084347
3295.0,0.4506829,0.1817906,0.2197269,0.2066298,0.8169954,0.0503794,0.6849315,0.0022831,0.0129376,0.0900277,0.1811263,0.999239,0.3261773,0.064257,0.5,10.254179634797001
561.0,0.4759358,0.1925134,0.1283422,0.085034,0.9393939,0.0,0.8402062,0.0051546,0.0051546,0.0934579,0.1391753,1.0,0.1775701,0.0344828,0.0,10.130662964963708
155.0,0.483871,0.0,0.1612903,0.05,0.9548387,0.0,0.877193,0.0,0.0,0.1617647,0.0,1.0,0.2058824,0.1538462,1.0,9.615805480084347
266.0,0.5300752,0.0,0.1503759,0.144,0.906015,0.0,0.8019802,0.009901,0.039604,0.0560748,0.0,1.0,0.0841121,0.1666667,0.0,10.370392636243981
3392.0,0.4761203,0.4864387,0.1895637,0.1665729,0.8027712,0.0483491,0.6560559,0.0031056,0.0427019,0.0487445,0.4309006,0.9937888,0.3079764,0.0623377,0.5,10.853232402669228
20390.0,0.4927906,0.0116724,0.0376165,0.0276542,0.9196175,0.0,0.825416,0.0025719,0.0538578,0.045763,0.0111952,0.9544629,0.1564891,0.0966272,0.16,12.545757573071759
37649.0,0.527265,0.0784616,0.0847566,0.067929,0.8121597,0.0670934,0.71865,0.0059181,0.0601408,0.0570847,0.0634197,0.8115803,0.4452907,0.1611296,0.2765957,11.715874472198905
3290.0,0.4553191,0.0772036,0.2516717,0.2075893,0.7945289,0.0458967,0.6517595,0.0021994,0.0249267,0.100857,0.0659824,0.9941349,0.370468,0.0963115,0.5294118,9.90353755128617
12617.0,0.4932234,0.0010304,0.1026393,0.0680325,0.9017199,0.0058651,0.7798866,0.0006545,0.0287958,0.0453978,0.0006545,0.9886562,0.1411912,0.0438909,0.2608696,11.631605875642963
1150.0,0.4652174,0.0,0.2591304,0.196748,0.8582609,0.0,0.6947791,0.002008,0.0180723,0.0,0.0,0.9939759,0.3192771,0.0659898,0.0,9.615805480084347
862.0,0.4767981,0.0,0.1473318,0.0909091,0.900232,0.0,0.7435897,0.0032051,0.0128205,0.037037,0.0,0.9967949,0.1666667,0.1025641,0.75,10.799595985047786
29344.0,0.480473,0.007361,0.1143334,0.0785175,0.8226213,0.0044984,0.6675238,0.0043136,0.0723351,0.043178,0.0067192,0.9828287,0.3478054,0.0400865,0.1230769,11.221248757912162
513.0,0.4463938,0.625731,0.1461988,0.1338028,0.8927875,0.0,0.7213115,0.0054645,0.010929,0.080402,0.557377,0.9945355,0.2864322,0.1571429,0.3333333,9.615805480084347
4897.0,0.4304676,0.0122524,0.2914029,0.2187164,0.7637329,0.0645293,0.6269231,0.0043269,0.0245192,0.1072961,0.0110577,0.9942308,0.3437768,0.0642857,0.4821429,9.97119292889014
1088.0,0.4586397,0.1599265,0.2527574,0.2190153,0.7049632,0.109375,0.5730594,0.0022831,0.0319635,0.0560345,0.1210046,0.9954338,0.4051724,0.0440529,0.0,10.874285408908944
7363.0,0.4877088,0.008013,0.1468152,0.1155885,0.8286025,0.0028521,0.6592816,0.0043639,0.0607586,0.0321637,0.0067137,0.9939577,0.3154646,0.044878,0.2727273,11.002116507732017
178.0,0.511236,0.0,0.1011236,0.091954,0.9157303,0.0,0.78125,0.0,0.015625,0.1578947,0.0,1.0,0.4210526,0.0588235,0.0,10.021315031649332
28335.0,0.4933475,0.0097759,0.0779954,0.0626219,0.8487383,0.0068114,0.718856,0.0048584,0.0754423,0.0445787,0.0067834,0.9933999,0.3325451,0.0524683,0.2340426,11.194110418585193
440.0,0.4863636,0.0,0.1886364,0.1415929,0.8227273,0.0068182,0.6489362,0.0159574,0.0212766,0.248,0.0,0.9893617,0.56,0.0882353,0.75,9.90353755128617
4391.0,0.427693,0.4887269,0.1897062,0.1790688,0.8244136,0.0302892,0.6579989,0.0011306,0.0163934,0.067475,0.4284907,0.996043,0.3326305,0.1124859,0.6,10.460270761075149
1162.0,0.4621343,0.0774527,0.1781411,0.168,0.8296041,0.0,0.6492986,0.0,0.0420842,0.1321739,0.0801603,0.997996,0.4330435,0.0711111,1.0,10.199918739620157
2380.0,0.4903361,0.0004202,0.1478992,0.1063479,0.8676471,0.0,0.709713,0.004415,0.0452539,0.0247578,0.0,0.995585,0.2346609,0.0488722,0.6,10.904137815028022
194.0,0.5154639,0.1391753,0.242268,0.1914894,0.7938144,0.0,0.5853659,0.0243902,0.0487805,0.1546392,0.0853659,0.8780488,0.3195876,0.2,1.0,9.615805480084347
545.0,0.4752294,0.0385321,0.1779817,0.1468531,0.8788991,0.0,0.7355769,0.0096154,0.0288462,0.1223629,0.0432692,1.0,0.2616034,0.1166667,0.75,9.942756341456828
643.0,0.4790047,0.0,0.222395,0.1492537,0.8724728,0.0,0.6984127,0.0,0.0238095,0.0454545,0.0,1.0,0.2159091,0.0434783,0.0,10.12667110305036
1473.0,0.4636796,0.0,0.2111337,0.1683544,0.8295995,0.0380177,0.6797945,0.0017123,0.0136986,0.086072,0.0,0.9982877,0.2801252,0.1214286,0.875,9.76428295481558
6497.0,0.4468216,0.059412,0.2225643,0.2017251,0.7902109,0.0470987,0.6406309,0.0026286,0.0266617,0.0413967,0.0540744,0.9973714,0.3855292,0.0689935,0.1428571,10.505094936455558
679.0,0.5198822,0.0014728,0.0868925,0.0582822,0.8394698,0.0,0.6917293,0.0075188,0.0789474,0.0397112,0.0037594,0.9661654,0.3971119,0.1030928,0.5,10.65492722584759
393.0,0.5394402,0.0127226,0.0585242,0.0552486,0.8600509,0.0,0.6928571,0.0071429,0.0571429,0.2631579,0.0071429,0.9857143,0.5684211,0.1,1.0,10.16203685698089
288.0,0.5069444,0.4270833,0.1041667,0.0985915,0.9201389,0.0,0.7843137,0.0,0.0098039,0.0810811,0.3431373,0.9705882,0.3783784,0.1578947,0.0,9.94755228369823
1166.0,0.5017153,0.0,0.0866209,0.0757315,0.9082333,0.0,0.7811765,0.0,0.0305882,0.0740741,0.0,0.9952941,0.335512,0.1073826,0.5,10.542732775946709
1303.0,0.4712203,0.0,0.2678434,0.1509434,0.8419033,0.0,0.6672355,0.0017065,0.0170648,0.261034,0.0,0.996587,0.3896595,0.0566038,0.4545455,9.888424674859083
390.0,0.4897436,0.0128205,0.1435897,0.0904523,0.8384615,0.0102564,0.68,0.0057143,0.0171429,0.7855392,0.0285714,0.9942857,0.4215686,0.0188679,1.0,10.93133754807084
3042.0,0.4776463,0.0003287,0.1337936,0.1107615,0.8517423,0.0039448,0.6909836,0.0032787,0.0434426,0.0401259,0.0,0.9967213,0.3595594,0.0532407,0.25,10.736418414365376
1439.0,0.4628214,0.2258513,0.2640723,0.2160414,0.8165393,0.0555942,0.6641366,0.0018975,0.0094877,0.1388889,0.2144213,0.8083491,0.3594771,0.1456954,0.9130435,9.94755228369823
677.0,0.5036928,0.0,0.0723781,0.047619,0.9453471,0.0,0.8526786,0.0044643,0.0133929,0.0218341,0.0,0.9821429,0.1877729,0.0196078,1.0,10.534785924769006
1563.0,0.4785669,0.0038388,0.1535509,0.1116564,0.8016635,0.0441459,0.678392,0.0050251,0.0653266,0.0772798,0.0050251,0.998325,0.2534776,0.0319149,0.4,11.989786776470444
13296.0,0.4744284,0.0106047,0.1685469,0.1153406,0.8837996,0.0094013,0.7602614,0.0014294,0.0408413,0.0276013,0.0112314,0.9701858,0.2573471,0.0457464,0.4545455,12.058737851357439
613.0,0.4665579,0.0,0.2006525,0.1559633,0.8564437,0.0016313,0.6758893,0.0,0.0197628,0.1481481,0.0,0.9920949,0.2424242,0.06,0.0,9.787009914477434
1210.0,0.4842975,0.0,0.2033058,0.1602564,0.8082645,0.0694215,0.7057471,0.0091954,0.0229885,0.0665236,0.0,1.0,0.2575107,0.0729167,0.8571429,9.942756341456828
1943.0,0.4606279,0.0113227,0.2177046,0.1956107,0.8409676,0.0442615,0.7131474,0.0,0.0079681,0.0610973,0.0079681,1.0,0.3416459,0.0973451,0.3076923,10.158168529848494
156.0,0.5064103,0.0,0.2051282,0.1688312,0.8653846,0.0,0.7058824,0.0,0.0147059,0.0555556,0.0,1.0,0.3611111,0.0,0.0,9.615805480084347
736014.0,0.4667207,0.5920648,0.1371115,0.1242748,0.7953259,0.0281544,0.6251429,0.004814,0.0695592,0.0896327,0.5314521,0.9905202,0.3377115,0.1213501,0.5345259,10.594156665220533
233.0,0.472103,0.0,0.27897,0.1382114,0.888412,0.0,0.7263158,0.0,0.0,0.1203704,0.0,1.0,0.1759259,0.0666667,0.5,9.825580063659602
394.0,0.5076142,0.0,0.2005076,0.1340206,0.8680203,0.0,0.689441,0.0,0.0124224,0.1390374,0.0,0.9503106,0.4117647,0.0208333,0.6666667,9.966509298952284
77.0,0.3896104,0.025974,0.2597403,0.212766,0.8571429,0.0,0.6857143,0.0,0.0,0.1025641,0.0285714,1.0,0.1282051,0.0,0.0,10.39516093745751
142.0,0.528169,0.0704225,0.1126761,0.0746269,0.9507042,0.0,0.8510638,0.0,0.0,0.1296296,0.0851064,1.0,0.2962963,0.1666667,0.0,9.615805480084347
391.0,0.5191816,0.0306905,0.1253197,0.0904255,0.8976982,0.0,0.7697842,0.0,0.0503597,0.0855263,0.028777,0.9856115,0.1381579,0.1111111,0.0,11.020283511637867
41943.0,0.5138879,0.3824714,0.1041175,0.1066752,0.7603176,0.1564266,0.7563791,0.0021983,0.0238675,0.0668864,0.3738714,0.989715,0.2742857,0.1349052,0.5363636,10.589131655274922
605.0,0.4710744,0.0,0.1768595,0.13125,0.8479339,0.0,0.6693548,0.0040323,0.0362903,0.1564626,0.0,0.9959677,0.3911565,0.0652174,1.0,9.615805480084347
272.0,0.4889706,0.9742647,0.1727941,0.1654676,0.8860294,0.0,0.6989247,0.0,0.0322581,0.225,0.9677419,1.0,0.2833333,0.3684211,1.0,9.615805480084347
487.0,0.5154004,0.0,0.0102669,0.0084746,0.9137577,0.0,0.7826087,0.0,0.0310559,0.2681818,0.0,1.0,0.3954545,0.1190476,1.0,10.97337452485014
1124.0,0.4653025,0.0017794,0.1005338,0.0732113,0.9217082,0.0,0.8129496,0.0023981,0.0215827,0.0629213,0.0,0.9976019,0.1393258,0.0444444,0.5,10.668978650219241
253.0,0.4703557,0.0039526,0.1976285,0.1865672,0.8142292,0.0,0.6071429,0.0,0.0267857,0.125,0.0089286,0.9910714,0.265625,0.0833333,1.0,9.923339198238729
16097.0,0.4826365,0.0010561,0.1372305,0.1003842,0.8220165,0.0337951,0.6732417,0.0037187,0.0386419,0.0954958,0.0,0.995958,0.3749634,0.055941,0.6887417,10.357774570341576
350.0,0.5057143,0.0057143,0.1085714,0.0982659,0.8714286,0.0,0.7086614,0.015748,0.0393701,0.1418919,0.0,0.976378,0.2972973,0.275,1.0,9.615805480084347
273.0,0.4725275,0.0989011,0.1684982,0.125,0.8754579,0.0,0.7184466,0.0097087,0.0194175,0.112069,0.0970874,0.9902913,0.3793103,0.0714286,1.0,9.873079890114703
2073.0,0.4915581,0.0009648,0.1095031,0.073055,0.8813314,0.0,0.7490298,0.0142303,0.0439845,0.0808561,0.0,0.9857697,0.2437574,0.114094,0.3,10.056251557087757
1574.0,0.4974587,0.0012706,0.113723,0.0859671,0.8189327,0.0,0.6506747,0.011994,0.0584708,0.2106509,0.0014993,0.9670165,0.4769231,0.0571429,0.8888889,10.056251557087757
6028.0,0.4560385,0.0072993,0.1592568,0.1009454,0.8206702,0.0486065,0.6891054,0.0004429,0.0274579,0.0556253,0.0026572,0.9822852,0.2517775,0.0452675,0.5428571,12.997482461287248
4785.0,0.5613375,0.0018809,0.0231975,0.0142925,0.6852665,0.0025078,0.5307377,0.008709,0.2044057,0.7251478,0.0025615,0.9093238,0.5670234,0.0795247,0.1408451,11.953764151901414
2478.0,0.4503632,0.511703,0.200565,0.2004405,0.8341404,0.0371267,0.6623377,0.0,0.0075758,0.1123919,0.4545455,0.9967532,0.3073967,0.164,0.8333333,9.615805480084347
4874.0,0.4548625,0.0209274,0.4470661,0.1949567,0.8364793,0.0,0.6896404,0.0,0.0286815,0.1244378,0.0128425,0.9833048,0.1949025,0.1156463,0.4038462,10.859018228147887
480.0,0.48125,0.0,0.15,0.1004016,0.8645833,0.0,0.7021277,0.0053191,0.0319149,0.2,0.0,0.9946809,0.4723404,0.1,0.9,9.814710982145282
518.0,0.453668,0.0,0.2297297,0.1978799,0.8262548,0.0,0.6239316,0.0,0.008547,0.1582734,0.0,1.0,0.3776978,0.0925926,0.5,9.615805480084347
177.0,0.4632768,0.0,0.1920904,0.1684211,0.7909605,0.0,0.6075949,0.0126582,0.0506329,0.3305085,0.0,0.9873418,0.3389831,0.2142857,1.0,9.615805480084347
7563.0,0.4949094,0.0070078,0.0870025,0.0725131,0.9077086,0.0064789,0.7931313,0.0044444,0.0391919,0.0582192,0.0056566,0.759596,0.3165906,0.1936709,0.1041667,11.688566422839942
12284.0,0.4697981,0.0227125,0.1932595,0.1317365,0.8884728,0.0050472,0.7489496,0.0027311,0.0178571,0.0379951,0.0243697,0.9859244,0.2118027,0.0926916,0.5869565,10.30229722897745
1560.0,0.4948718,0.000641,0.1512821,0.1307107,0.849359,0.0,0.6782884,0.0063391,0.0348653,0.0972818,0.0,0.9904913,0.4206009,0.125,0.6363636,10.407318772389159
3828.0,0.4757053,0.0015674,0.1854754,0.1190832,0.8001567,0.0135841,0.6377091,0.001287,0.0707851,0.0788382,0.0006435,0.990991,0.2803794,0.038674,0.625,12.18536470856483
1222.0,0.4959083,0.1170213,0.0793781,0.0957792,0.9075286,0.0,0.7577197,0.0023753,0.0190024,0.1136842,0.1045131,0.9714964,0.3115789,0.25,0.4615385,10.661977618146238
250.0,0.464,0.004,0.148,0.0895522,0.912,0.0,0.7938144,0.0,0.0206186,0.1491228,0.0103093,1.0,0.1842105,0.0434783,0.75,10.16203685698089
5439.0,0.444567,0.0009193,0.2542747,0.2019199,0.8082368,0.0220629,0.6379736,0.0016474,0.014827,0.0906367,0.0008237,0.9979407,0.371161,0.0618132,0.6904762,10.090008612393838
2415.0,0.500207,0.0004141,0.1540373,0.1176471,0.810766,0.0008282,0.6234022,0.0009833,0.0570305,0.0548327,0.0,0.9970501,0.3847584,0.0454545,0.5,10.63106031411106
1298.0,0.4838213,0.0,0.0647149,0.0522388,0.9052388,0.0,0.7692308,0.0022624,0.0429864,0.1177645,0.0,0.9683258,0.4570858,0.1079137,0.2857143,10.606609816118151
568.0,0.4700704,0.0,0.1302817,0.0863787,0.8961268,0.0,0.7635468,0.0049261,0.044335,0.0688073,0.0,1.0,0.2568807,0.1384615,1.0,10.524090921620362
8317.0,0.4725262,0.0044487,0.1311771,0.1014361,0.8022123,0.0030059,0.6657509,0.004884,0.1092796,0.0764026,0.0027473,0.9932845,0.3966732,0.0408635,0.2580645,10.84546552414626
2953.0,0.4961057,0.0220115,0.0182865,0.0235215,0.9864545,0.0,0.9596083,0.0,0.0085679,0.0144753,0.0220318,0.9865361,0.0156815,0.0666667,0.2,12.235150749730654
430.0,0.4232558,0.0,0.344186,0.1975806,0.8372093,0.0,0.6482412,0.0,0.0,0.1155556,0.0,1.0,0.1688889,0.0857143,0.6666667,9.717218213494077
1717.0,0.4804892,0.0011648,0.1252184,0.1109865,0.855562,0.0034945,0.693475,0.0060698,0.047041,0.1201602,0.0015175,0.9954476,0.4606142,0.0926966,0.8,11.250274159310356
7498.0,0.6299013,0.0085356,0.0778874,0.092973,0.3779675,0.3388904,0.4631841,0.0014925,0.219403,0.0523338,0.0054726,0.9950249,0.5040075,0.0780526,0.1666667,10.370392636243981
2827.0,0.4747082,0.0389105,0.1216838,0.0983165,0.9073222,0.0,0.783028,0.002893,0.0260366,0.0290262,0.0395371,0.9942141,0.2172285,0.0850202,0.5,10.471666571132038
853.0,0.4701055,0.0164127,0.2168816,0.170354,0.8710434,0.0,0.7076023,0.0,0.0292398,0.0706522,0.0146199,0.994152,0.3315217,0.0683761,1.0,9.83097062169695
835.0,0.4898204,0.0538922,0.1508982,0.1431925,0.8419162,0.0,0.6704871,0.0028653,0.0429799,0.1590361,0.0659026,1.0,0.3301205,0.0786517,0.4615385,10.27163147557801
1632.0,0.4742647,0.0,0.1329657,0.1130536,0.8964461,0.0012255,0.7507837,0.0,0.0125392,0.0859599,0.0,0.9968652,0.234957,0.0714286,0.7333333,10.463131911491967
369.0,0.498645,0.0,0.1382114,0.0864865,0.8753388,0.0,0.7372263,0.0218978,0.0291971,0.1383648,0.0,0.9854015,0.3207547,0.2777778,0.3333333,9.615805480084347
13950.0,0.4970609,0.0007168,0.1034409,0.0647092,0.9365591,0.0056631,0.826533,0.0016702,0.0138392,0.0389819,0.0002386,0.9859222,0.3084155,0.1838734,0.3333333,10.831726617926124
2307.0,0.4586042,0.0073689,0.3151279,0.1689351,0.7646294,0.0,0.5923283,0.0044603,0.0561998,0.6038869,0.0044603,0.9964318,0.2378092,0.0367454,0.893617,11.854392350397763
725.0,0.5034483,0.0,0.1668966,0.1027778,0.8841379,0.0,0.7318841,0.0036232,0.0253623,0.034965,0.0,1.0,0.1958042,0.05,1.0,10.315630315397533
1404.0,0.4693732,0.0192308,0.1830484,0.1369128,0.8532764,0.0,0.6859083,0.0033956,0.0271647,0.2746305,0.0169779,0.991511,0.3041872,0.0963855,0.3548387,10.410335274932896
227.0,0.5154185,0.0,0.1277533,0.1272727,0.8942731,0.0,0.7684211,0.0105263,0.0105263,0.1284404,0.0,1.0,0.3027523,0.0666667,0.8,9.918425424900335
2584.0,0.4674923,0.000774,0.2159443,0.1824128,0.7995356,0.0425697,0.6624879,0.0038573,0.0424301,0.0691203,0.0,0.9980714,0.3456014,0.0385757,0.25,10.31231367277647
220.0,0.5045455,0.0,0.2181818,0.1926606,0.7818182,0.0,0.5544554,0.0,0.029703,0.2681159,0.0,0.990099,0.4710145,0.15625,0.6666667,9.615805480084347
3808.0,0.457458,0.5821954,0.1601891,0.1568248,0.8513655,0.0288866,0.7085464,0.0065741,0.027027,0.084893,0.5390796,0.9978086,0.3201872,0.1247357,0.7272727,10.150386692204734
1166.0,0.4862779,0.0034305,0.1072041,0.0651085,0.9073756,0.0,0.7903614,0.0048193,0.0481928,0.1407867,0.0024096,0.7060241,0.3913043,0.1111111,0.375,11.05407540279458
1250.0,0.4464,0.0648,0.2008,0.1517341,0.8696,0.0,0.7,0.0019608,0.0156863,0.0989399,0.0529412,0.9980392,0.2420495,0.0810811,0.5,10.225607282932941
605.0,0.507438,0.0049587,0.0892562,0.0604027,0.9355372,0.0,0.8097826,0.0054348,0.0163043,0.1153846,0.0108696,0.4728261,0.5288462,0.2058824,0.0,10.328787967145063
683.0,0.4568082,0.033675,0.114202,0.0781671,0.8623719,0.0366032,0.7489879,0.0,0.0242915,0.0351562,0.0283401,0.9959514,0.171875,0.0,1.0,10.831726617926124
98.0,0.4183673,0.0,0.2142857,0.1403509,0.8979592,0.0,0.7567568,0.0,0.027027,0.212766,0.0,1.0,0.4255319,0.1666667,0.0,9.615805480084347
3174.0,0.489603,0.0003151,0.1175173,0.0759259,0.8698803,0.0,0.7264231,0.0127443,0.0543755,0.0553772,0.0,0.9864061,0.3731942,0.1269841,0.6666667,10.471666571132038
587.0,0.451448,0.0,0.1686542,0.121118,0.9216354,0.0,0.7906977,0.0,0.0046512,0.0227273,0.0,1.0,0.2727273,0.1111111,1.0,10.360944044643913
12848.0,0.7068804,0.3300125,0.0007783,0.0015932,0.5490349,0.4473848,0.9745152,0.0,0.0,0.0269542,0.3401662,0.8919668,0.2733154,0.3155259,0.0,10.596659732783579
1536.0,0.4329427,0.5709635,0.2311198,0.1882893,0.8268229,0.015625,0.6264274,0.0016313,0.0179445,0.1826667,0.5415987,0.903752,0.3346667,0.2268519,0.75,9.6678285081515
188.0,0.4468085,0.0851064,0.212766,0.1730769,0.8297872,0.0,0.6428571,0.0,0.0238095,0.0869565,0.047619,1.0,0.1956522,0.0833333,0.0,10.510559281627845
53762.0,0.4950709,0.0857855,0.0714073,0.0638031,0.919683,0.0085562,0.8238329,0.0044583,0.0485956,0.0343195,0.0898669,0.7799503,0.3775755,0.2433066,0.1980198,12.091789104493502
570.0,0.4824561,0.0,0.1245614,0.0881356,0.9035088,0.0,0.7411168,0.0,0.0203046,0.0619048,0.0,0.8984772,0.4761905,0.2179487,0.0,9.615805480084347
206.0,0.4563107,0.0,0.1893204,0.1428571,0.9223301,0.0,0.7777778,0.0,0.0,0.1627907,0.0,1.0,0.2674419,0.25,0.5,9.615805480084347
166.0,0.4879518,0.0,0.1204819,0.0823529,0.9277108,0.0,0.8035714,0.0,0.0178571,0.0508475,0.0,1.0,0.2033898,0.0714286,0.0,9.615805480084347
6202.0,0.4862947,0.1046437,0.1052886,0.071877,0.8955176,0.0,0.785192,0.0045704,0.059415,0.0327144,0.0918647,0.8281536,0.2984085,0.169448,0.25,11.047726275896391
15197.0,0.5018754,0.0121735,0.0946239,0.0635403,0.5697835,0.0855432,0.4763708,0.0060925,0.2153795,0.0363377,0.0120204,0.9589988,0.544113,0.0495509,0.25,11.195484970354173
149.0,0.5302013,0.0,0.1208054,0.0571429,0.9463087,0.0,0.8461538,0.0,0.0,0.0545455,0.0,1.0,0.1636364,0.1538462,1.0,10.243560441877241
2512.0,0.5091561,0.0,0.1170382,0.0665045,0.9442675,0.0,0.8699284,0.0023866,0.0310263,0.017585,0.0,0.9904535,0.0222743,0.3125,0.1666667,11.799614544567753
104.0,0.4615385,0.0480769,0.4038462,0.2321429,0.8076923,0.0,0.62,0.0,0.02,0.0909091,0.02,0.98,0.2181818,0.0,0.0,9.680406499268875
55866.0,0.494451,0.0381269,0.1715176,0.0732571,0.9056134,0.003222,0.816977,0.0044015,0.0506409,0.1471061,0.0327449,0.9661427,0.1595231,0.1436782,0.2836676,11.065090289695444
348.0,0.5028736,0.0,0.2097701,0.1791908,0.8103448,0.0,0.6052632,0.0065789,0.0263158,0.0674847,0.0,0.9934211,0.1717791,0.0434783,1.0,9.65509029374725
3091.0,0.4733096,0.0058234,0.1436428,0.1437346,0.788418,0.0837917,0.6914798,0.0044843,0.0394619,0.0321181,0.0026906,0.9865471,0.3680556,0.058952,0.0,10.367253014814716
649.0,0.4745763,0.0,0.2542373,0.1348974,0.853621,0.0,0.6765799,0.0037175,0.0223048,0.0973154,0.0,0.9851301,0.204698,0.0746269,0.5454545,9.615805480084347
30495.0,0.4761764,0.2496475,0.118544,0.1080506,0.881292,0.0136088,0.7448865,0.0047851,0.0335898,0.0712792,0.2106399,0.9863952,0.36023,0.1462189,0.6494253,10.518700218288165
34128.0,0.465102,0.0025199,0.186621,0.1132293,0.8629571,0.0074426,0.7157495,0.0007165,0.0282316,0.0292154,0.0025795,0.9938378,0.1013495,0.0254802,0.2903226,11.536651757164861
661.0,0.4795764,0.0,0.107413,0.0901163,0.9213313,0.0,0.8135593,0.0084746,0.0127119,0.1631206,0.0,0.9957627,0.2695035,0.140625,0.7777778,10.2328272702548
214.0,0.4579439,0.6728972,0.135514,0.1465517,0.9252336,0.0,0.7727273,0.0,0.0151515,0.0571429,0.5757576,1.0,0.2571429,0.0833333,0.0,10.243560441877241
6566.0,0.4678648,0.003046,0.1896132,0.1545507,0.8116052,0.0234542,0.6418534,0.0030384,0.0391189,0.0709245,0.0011394,0.9962021,0.2159492,0.0915493,0.5294118,9.989711119284745
6702.0,0.4755297,0.2964787,0.2235154,0.1223329,0.8594449,0.0,0.7141783,0.0052651,0.051147,0.1640993,0.2309139,0.9748026,0.4237661,0.1412639,0.5625,10.87049040995193
50677.0,0.4850524,0.0693214,0.0449316,0.0297747,0.3499023,0.3519545,0.4415556,0.0014074,0.2711111,0.0626953,0.0628889,0.9757037,0.5462751,0.0742465,0.3170732,11.255462171102444
18828.0,0.4907584,0.001434,0.0848205,0.0750939,0.904079,0.0058955,0.792467,0.0054022,0.0364646,0.0460922,0.0012005,0.992497,0.2882909,0.1146853,0.36,10.911463720944793
149377.0,0.504174,0.2811343,0.1778185,0.1379734,0.6925564,0.0336196,0.5136514,0.0044702,0.1045154,0.182458,0.1898555,0.9435882,0.6174017,0.0770729,0.4759166,11.094390314766315
9778.0,0.4813868,0.0146247,0.3790141,0.153027,0.7580282,0.0235222,0.6308711,0.0014484,0.0629009,0.4836538,0.0107594,0.9598593,0.2565171,0.056806,0.1514477,12.06047445534465
1291.0,0.4570101,0.3020914,0.2068164,0.1883024,0.8102246,0.0983734,0.7517084,0.0,0.0205011,0.1131313,0.2551253,0.9977221,0.2848485,0.0736842,0.3333333,10.150386692204734
226.0,0.5176991,0.0,0.1858407,0.146789,0.880531,0.0,0.7045455,0.0,0.0113636,0.2413793,0.0,1.0,0.1982759,0.0,0.8,9.615805480084347
7.0,0.4285714,0.0,0.1428571,0.0,0.5714286,0.0,0.25,0.0,0.0,0.0,0.0,1.0,0.5,0.0,0.0,0.0
1974.0,0.4528875,0.0111449,0.210233,0.1731481,0.7968592,0.0597771,0.6815718,0.0067751,0.0501355,0.0888889,0.0094851,0.9769648,0.3148148,0.0433333,0.5714286,11.80560254159177
4779.0,0.4883867,0.1148776,0.1157146,0.1006135,0.8447374,0.0,0.6935879,0.0039158,0.0465002,0.0764014,0.1067058,0.9946158,0.3390597,0.0338409,0.5652174,10.94024216782542
2412.0,0.4987562,0.0103648,0.0497512,0.0405294,0.9481758,0.0,0.8907895,0.0078947,0.0355263,0.0206186,0.0092105,0.9526316,0.0425258,0.244898,0.0,12.531776395271262
330.0,0.4939394,0.0,0.1060606,0.1437126,0.8787879,0.0,0.7054264,0.0,0.0155039,0.1342282,0.0,0.9922481,0.3422819,0.1785714,0.0,10.712215345197256
395.0,0.4556962,0.4531646,0.1443038,0.0976744,0.921519,0.0,0.8068966,0.0068966,0.0137931,0.1158537,0.4,1.0,0.3414634,0.173913,0.0,9.952325334619427
13289.0,0.4677553,0.0127925,0.0966965,0.0651774,0.7698849,0.0070735,0.6018974,0.003338,0.1011947,0.034436,0.0091356,0.9934996,0.4096692,0.0331511,0.3181818,11.237185138527495
1379.0,0.5576505,0.0116026,0.0884699,0.0590164,0.7019579,0.0,0.5121528,0.0104167,0.1614583,0.0957614,0.0121528,0.859375,0.7755102,0.1294118,0.0,11.496806245590331
60394.0,0.4786071,0.0382985,0.119449,0.0866017,0.8291387,0.0343908,0.697703,0.0049124,0.0584489,0.0519212,0.0345235,0.8576302,0.3302859,0.100212,0.2913043,11.582460855933538
1185.0,0.4827004,0.0,0.1662447,0.1092985,0.8751055,0.0,0.7116183,0.0020747,0.0165975,0.074856,0.0,0.9896266,0.2245681,0.0810811,0.375,10.146472946063877
109.0,0.5321101,0.0,0.0275229,0.0196078,0.9449541,0.0,0.8148148,0.0,0.037037,0.1818182,0.0,0.962963,0.9090909,0.4230769,0.0,9.615805480084347
201.0,0.5373134,0.0,0.1542289,0.0752688,0.9104478,0.0,0.7808219,0.0,0.0273973,0.1309524,0.0,1.0,0.3809524,0.2,1.0,9.615805480084347
199.0,0.4773869,0.0,0.1155779,0.1346154,0.9095477,0.0,0.75,0.0,0.0,0.2173913,0.0,1.0,0.3152174,0.3,0.0,10.12667110305036
3476.0,0.4620253,0.0028769,0.1668585,0.1336898,0.8469505,0.018412,0.7108614,0.0067416,0.0426966,0.0319072,0.0029963,0.9947566,0.2255257,0.0555556,0.4166667,10.862856930775358
2832.0,0.4576271,0.0,0.1963277,0.1582031,0.8195621,0.0360169,0.66465,0.0008643,0.0146932,0.1017081,0.0,0.9974071,0.2430124,0.0813648,0.8461538,10.214678610538817
237.0,0.4978903,0.0,0.2362869,0.1512605,0.8227848,0.0,0.625,0.0,0.0288462,0.0877193,0.0,1.0,0.1754386,0.0,1.0,9.615805480084347
2656.0,0.4981175,0.0075301,0.1411898,0.0570143,0.8253012,0.0158133,0.6965395,0.0053239,0.0585626,0.5796345,0.0079858,0.974268,0.5874674,0.0880682,0.5172414,11.106474871430772
2288.0,0.4829545,0.0393357,0.0769231,0.0811496,0.9361888,0.0,0.828084,0.0052493,0.011811,0.0580964,0.0367454,0.9868766,0.2447466,0.1609756,0.0,10.62135173563291
5520.0,0.4577899,0.5177536,0.1413043,0.1413298,0.8876812,0.0168478,0.742616,0.0015823,0.0163502,0.0746706,0.460443,0.996308,0.3494388,0.1626928,0.7142857,10.203629181337648
4774.0,0.4836615,0.0087977,0.1434855,0.1042596,0.8571429,0.0037704,0.7016484,0.0038462,0.0543956,0.1113281,0.0076923,0.9928571,0.2885742,0.0572519,0.6153846,11.682676678340282
879.0,0.486917,0.0,0.0967008,0.0687361,0.9169511,0.0,0.8025078,0.0031348,0.0250784,0.0780347,0.0,0.9968652,0.2427746,0.1,0.0,10.122663242288953
1493.0,0.3596785,0.0,0.8077696,0.4518828,0.5070328,0.1694575,0.4307116,0.0,0.0337079,0.3519417,0.0,0.9975031,0.7564725,0.0057034,0.2,12.282111965715732
11354.0,0.4963009,0.0320592,0.13678,0.1071866,0.7604369,0.0,0.5963094,0.0053908,0.1221232,0.4516826,0.0273689,0.967033,0.306844,0.0685904,0.5801354,11.61999352194924
7459.0,0.4487197,0.2363588,0.210484,0.1892023,0.8241051,0.0345891,0.6768396,0.0037301,0.0223805,0.0723498,0.197355,0.9972872,0.3290343,0.1072555,0.5897436,10.27163147557801
20.0,0.4,0.0,0.0,0.0,0.95,0.0,0.8571429,0.0,0.0,0.0,0.0,1.0,0.0,0.0,0.0,10.12667110305036
159.0,0.5597484,0.0,0.0566038,0.0285714,0.8301887,0.0,0.6461538,0.0,0.0615385,0.7670251,0.0,0.9692308,0.4301075,0.0416667,0.0,10.883710371704016
177.0,0.519774,0.0,0.0903955,0.0470588,0.8700565,0.0,0.7101449,0.0,0.0289855,0.0921053,0.0,0.9855072,0.3026316,0.0588235,0.0,10.165890277802454
169.0,0.5621302,0.0,0.1065089,0.0,0.9349112,0.0,0.8666667,0.0166667,0.0166667,0.2,0.0,0.9666667,0.0533333,0.25,0.4,11.265758139843117
6664.0,0.5073529,0.0010504,0.1084934,0.0782821,0.8973589,0.0022509,0.7689022,0.0059804,0.0469885,0.1471767,0.0,0.9812046,0.2338798,0.1627119,0.452381,11.028433383156079
74.0,0.5675676,0.0,0.2432432,0.09375,0.7837838,0.0,0.6,0.0,0.0571429,0.125,0.0,1.0,0.325,0.0,1.0,9.615805480084347
434.0,0.5069124,0.0,0.156682,0.135514,0.9009217,0.0023041,0.7605634,0.0,0.0492958,0.1647059,0.0,0.971831,0.6176471,0.2758621,0.0,9.97119292889014
847.0,0.4935065,0.0011806,0.1948052,0.1375291,0.8347107,0.0177096,0.6588235,0.0029412,0.0205882,0.0201729,0.0,1.0,0.2824207,0.0361446,0.0,10.606609816118151
2952.0,0.5128726,0.0176152,0.0941734,0.0681502,0.7103659,0.0142276,0.5361538,0.0076923,0.1269231,0.0593343,0.0161538,0.9007692,0.5274964,0.0329457,0.0666667,12.238060533986511
387.0,0.496124,0.2041344,0.0956072,0.0461538,0.9173127,0.0,0.7642276,0.0,0.0243902,0.0955882,0.1707317,0.7235772,0.3455882,0.3333333,0.1666667,10.012386799492118
213.0,0.5211268,0.0,0.1737089,0.1666667,0.8356808,0.0,0.6489362,0.0,0.0212766,0.1047619,0.0,0.9893617,0.247619,0.0,1.0,9.723223876851618
447.0,0.458613,0.0,0.1208054,0.0619835,0.9127517,0.0,0.7960526,0.0131579,0.0394737,0.025641,0.0,1.0,0.1987179,0.0740741,0.5,10.134638955251866
52315.0,0.485788,0.0309854,0.0701902,0.0588082,0.8662143,0.0275638,0.7624227,0.0028791,0.0462785,0.0894262,0.0265515,0.9867242,0.2522575,0.0696904,0.5163934,10.980212041446208
465.0,0.4946237,0.0,0.1010753,0.0680851,0.9096774,0.0,0.8,0.0,0.04,0.0540541,0.0,1.0,0.1459459,0.0333333,0.25,10.959557617938563
197.0,0.5279188,0.0101523,0.1675127,0.0645161,0.9390863,0.0,0.8421053,0.0,0.0,0.025641,0.0131579,0.9868421,0.1923077,0.0,1.0,10.122663242288953
441.0,0.5396825,0.0,0.0521542,0.0591133,0.9183673,0.0,0.7966102,0.0084746,0.059322,0.2337662,0.0,1.0,0.7922078,0.1363636,0.0,10.098272780745283
473.0,0.4778013,0.0,0.1289641,0.0931174,0.9006342,0.0,0.7687861,0.0057803,0.0289017,0.0597826,0.0,1.0,0.1630435,0.1333333,0.0,10.753659849198824
326.0,0.4846626,0.0,0.0736196,0.0416667,0.9662577,0.0,0.8777778,0.0,0.0,0.1262136,0.0,0.3888889,0.368932,0.2352941,0.0,10.389026137075234
7115.0,0.4847505,0.0522839,0.1205903,0.0736498,0.9366128,0.0,0.850081,0.0004052,0.0243112,0.0155564,0.0433549,0.9850081,0.0323095,0.1011905,0.6923077,12.04179334395687
704.0,0.4573864,0.0,0.2670455,0.2041885,0.78125,0.0852273,0.6739927,0.0,0.018315,0.1078431,0.0,1.0,0.3627451,0.0617284,1.0,9.615805480084347
306.0,0.5,0.0,0.0947712,0.1045752,0.9019608,0.0,0.7731092,0.0,0.0252101,0.0846154,0.0,0.9915966,0.3384615,0.04,1.0,9.615805480084347
196.0,0.505102,0.0,0.127551,0.0927835,0.9387755,0.0,0.8235294,0.0,0.0,0.1604938,0.0,0.9705882,0.2592593,0.0,1.0,10.12667110305036
717.0,0.5132497,0.0,0.1645746,0.0859599,0.9232915,0.0,0.8052434,0.0,0.011236,0.0430108,0.0,0.9962547,0.1792115,0.1086957,0.75,10.007892611890918
1941.0,0.4791345,0.0144256,0.1112828,0.0890208,0.9211747,0.0,0.7890855,0.0014749,0.0103245,0.0355619,0.0132743,0.8274336,0.2887624,0.1317829,1.0,10.499600568082863
14378.0,0.4774656,0.0061205,0.1988455,0.1124717,0.8475449,0.0113368,0.7058001,0.0034941,0.0489168,0.0552897,0.0078616,0.9357093,0.3178742,0.0929593,0.2627119,11.97098934828825
355.0,0.4901408,0.0,0.0901408,0.0497238,0.9746479,0.0,0.9174312,0.0,0.0,0.0438596,0.0,1.0,0.0877193,0.3,0.0,10.392098241730961
11748.0,0.4701226,0.0011917,0.1815628,0.1166265,0.8962377,0.0013619,0.7564502,0.0017794,0.0193505,0.0240938,0.0008897,0.997331,0.1556327,0.050536,0.1428571,11.01206667357142
11151.0,0.4613936,0.3407766,0.1770245,0.1548452,0.7754461,0.0801722,0.6576366,0.0014012,0.0284914,0.0867989,0.290752,0.9971976,0.3683088,0.099597,0.4915254,10.351405324899678
7003.0,0.4580894,0.041268,0.198058,0.1694335,0.7943738,0.0484078,0.6569416,0.0026828,0.0214621,0.0598991,0.0385647,0.9976526,0.342686,0.0362511,0.4054054,10.586609649448985
138.0,0.5144928,0.0,0.3188406,0.1492537,0.8550725,0.0,0.6885246,0.0,0.0163934,0.115942,0.0,1.0,0.1449275,0.3333333,1.0,9.615805480084347
8184.0,0.4723851,0.0745357,0.0623167,0.0738768,0.8983382,0.0073314,0.7827411,0.0043993,0.035533,0.0568146,0.0659898,0.9736041,0.279285,0.0682281,0.1363636,10.747229096720554
65.0,0.4153846,0.0,0.2153846,0.1578947,0.8615385,0.0,0.6538462,0.0,0.0,0.2571429,0.0,1.0,0.2857143,0.0,0.0,9.615805480084347
13622.0,0.4924387,0.057921,0.0653355,0.0616141,0.8940684,0.0011746,0.7743249,0.0085727,0.054222,0.045222,0.058937,0.8399057,0.4313485,0.1196656,0.1333333,11.097425172408931
1676.0,0.4892601,0.0005967,0.1682578,0.1098131,0.8717184,0.0,0.7252585,0.0059084,0.0324963,0.0571031,0.0,0.9985229,0.4178273,0.1038961,0.4444444,10.134638955251866
138.0,0.5217391,0.0,0.2173913,0.1363636,0.8478261,0.0,0.7272727,0.0181818,0.0909091,0.0,0.0,0.9636364,0.2,0.0,0.0,11.023551435004947
15115.0,0.4949388,0.060999,0.1290109,0.1122609,0.8401588,0.0151505,0.6966815,0.0056278,0.0712206,0.0377218,0.0543373,0.7094896,0.3910364,0.163644,0.3333333,11.758229645621093
1279.0,0.4589523,0.7670055,0.1274433,0.1343931,0.9053948,0.0,0.7399527,0.0023641,0.0212766,0.0883621,0.7163121,0.9881797,0.3146552,0.1954887,0.625,10.038935856711177
1542.0,0.4883268,0.0006485,0.1549935,0.1254753,0.8683528,0.0265888,0.7536496,0.0054745,0.040146,0.026643,0.0,0.9890511,0.2699822,0.0493827,0.0,10.714439990727769
5133.0,0.4833431,0.0804598,0.1083187,0.0674962,0.8353789,0.0,0.6863877,0.002405,0.0769601,0.0643564,0.0731121,0.988937,0.2718272,0.0501319,0.3181818,11.571203807011969
3243.0,0.493062,0.0018501,0.1069997,0.0985401,0.8408881,0.0394696,0.7166378,0.0051993,0.0441941,0.0343096,0.0008666,0.9956672,0.3171548,0.0381679,0.3333333,11.047726275896391
79.0,0.5063291,0.0,0.164557,0.1794872,0.835443,0.0,0.6206897,0.0,0.0689655,0.1944444,0.0,1.0,0.4722222,0.1,0.0,9.615805480084347
449.0,0.4922049,0.4298441,0.1247216,0.122807,0.8930958,0.0,0.7300613,0.006135,0.0122699,0.2087379,0.398773,0.993865,0.3737864,0.0810811,1.0,9.615805480084347
4700.0,0.4765957,0.0008511,0.1595745,0.1333333,0.8997872,0.0,0.7555556,0.0040936,0.0216374,0.0542035,0.0011696,0.9959064,0.1167035,0.1235294,0.8888889,10.454523783963511
98.0,0.4693878,0.0,0.1938776,0.1346154,0.8265306,0.0,0.5853659,0.0,0.0,0.1086957,0.0,1.0,0.4347826,0.0,0.0,9.615805480084347
2514.0,0.4769292,0.0023866,0.3926014,0.1444867,0.7378679,0.1177407,0.6943907,0.0058027,0.0377176,0.4312431,0.0009671,0.9854932,0.6985699,0.0663265,0.442623,10.463131911491967
160.0,0.53125,0.0,0.2125,0.1466667,0.825,0.0,0.6029412,0.0,0.0147059,0.1282051,0.0,0.9852941,0.3589744,0.125,1.0,9.770013301136158
13280.0,0.474247,0.0258283,0.1542922,0.1291893,0.8334337,0.0325301,0.6961069,0.0040674,0.0294402,0.0763864,0.0242107,0.9903157,0.3402504,0.088748,0.5683453,10.589131655274922
244.0,0.4754098,0.1844262,0.2008197,0.1875,0.8811475,0.0,0.7171717,0.0,0.010101,0.1081081,0.1616162,1.0,0.2252252,0.0833333,0.0,10.584081267024454
339.0,0.4778761,0.0,0.120944,0.0734463,0.8908555,0.0,0.7619048,0.0,0.047619,0.1543624,0.0,0.984127,0.1744966,0.125,1.0,10.322230781590136
1329.0,0.5184349,0.0052671,0.0842739,0.0453125,0.9428141,0.0,0.8598726,0.0,0.0212314,0.0105042,0.0042463,0.9978769,0.0189076,0.0769231,0.0,11.592669666556795
15.0,0.4666667,0.0,0.2,0.125,0.8666667,0.0,0.7142857,0.0,0.0,0.3636364,0.0,1.0,0.2727273,0.0,1.0,9.966509298952284
1672.0,0.465311,0.0011962,0.1375598,0.1286353,0.8773923,0.0,0.7241379,0.0109718,0.0329154,0.0820144,0.0015674,1.0,0.2661871,0.1314286,0.5833333,10.118639253920785
71.0,0.4929577,0.0,0.2394366,0.25,0.8169014,0.0,0.5925926,0.0,0.0740741,0.0357143,0.0,1.0,0.2142857,0.25,0.0,9.615805480084347
1327.0,0.4724943,0.0,0.2117558,0.1071429,0.9065561,0.0,0.7777778,0.0,0.0074074,0.1103789,0.0,1.0,0.0461285,0.08,0.6666667,12.112865752267137
1065.0,0.4995305,0.0,0.1032864,0.0806754,0.9051643,0.0,0.7595908,0.0,0.0179028,0.0532688,0.0,0.9897698,0.2687651,0.137931,0.8,10.815790343132422
665.0,0.4661654,0.0,0.3609023,0.2535211,0.7067669,0.1353383,0.6023166,0.0,0.007722,0.0944056,0.0,0.988417,0.3286713,0.0405405,1.0,9.77571099759397
4028.0,0.5044687,0.1705561,0.0561072,0.0631263,0.872145,0.0,0.7333333,0.0071197,0.0524272,0.0659008,0.1495146,0.9883495,0.3482467,0.0938776,0.4705882,10.805699643800724
15126.0,0.5349729,0.0158667,0.1366521,0.1013648,0.7208118,0.1087531,0.6297463,0.0052493,0.063692,0.0744939,0.0059493,0.9774278,0.3964372,0.0693261,0.5416667,10.542732775946709
6503.0,0.5013071,0.0030755,0.0750423,0.0444033,0.9604798,0.0,0.8985646,0.0014354,0.0172249,0.0283589,0.0023923,0.991866,0.0167364,0.1162791,0.5555556,12.486356166069786
117.0,0.5042735,0.0,0.2051282,0.0517241,0.8888889,0.0,0.7173913,0.0,0.0,0.3521127,0.0,1.0,0.2253521,0.125,1.0,9.615805480084347
31585.0,0.486845,0.013994,0.1173975,0.0846496,0.7815102,0.014089,0.6331129,0.0043064,0.0998923,0.0475353,0.0131498,0.9510151,0.3210283,0.0437081,0.1979167,12.128656901032139
116.0,0.5172414,0.0,0.112069,0.1607143,0.8275862,0.0,0.6170213,0.0,0.0425532,0.0,0.0,1.0,0.2553191,0.2857143,0.0,9.648659816955295
4198.0,0.4833254,0.0200095,0.0805145,0.0650069,0.7510719,0.0,0.5625,0.0077479,0.0857438,0.075895,0.0191116,0.9891529,0.4811456,0.0194064,0.2777778,11.079076314320059
235.0,0.4595745,0.0,0.3531915,0.1732283,0.8170213,0.0,0.6238532,0.0,0.0091743,0.2635135,0.0,1.0,0.3040541,0.1,1.0,9.615805480084347
199.0,0.4522613,0.1256281,0.1557789,0.1376147,0.8743719,0.0,0.7037037,0.0,0.0123457,0.1195652,0.1358025,1.0,0.2934783,0.0,0.5,10.102379394048045
12793.0,0.4912843,0.0141484,0.0694911,0.0519361,0.9475494,0.0082076,0.8847601,0.0011759,0.0148166,0.045781,0.0136406,0.9917686,0.0570018,0.1138889,0.3265306,11.340962076644454
23706.0,0.5026154,0.0659749,0.0911584,0.0681028,0.8603729,0.0010968,0.7292402,0.0041167,0.0749235,0.0327645,0.062103,0.9458951,0.2067122,0.1475265,0.255102,11.944064817531656
7998.0,0.4733683,0.0012503,0.196174,0.1550332,0.7739435,0.0272568,0.6124962,0.0042055,0.0654851,0.0542614,0.0009012,0.9963953,0.3892045,0.0477997,0.53125,10.494075844768336
707.0,0.4384724,0.0028289,0.3323904,0.2695214,0.7468175,0.0735502,0.602649,0.0033113,0.013245,0.1903485,0.0,0.986755,0.3458445,0.0886076,0.75,9.615805480084347
287.0,0.5121951,0.0,0.1986063,0.1785714,0.8501742,0.0,0.6885246,0.0081967,0.0409836,0.0757576,0.0,1.0,0.25,0.0344828,1.0,9.615805480084347
389.0,0.5167095,0.0282776,0.1465296,0.0957447,0.6992288,0.0822622,0.5872093,0.0,0.0755814,0.0851064,0.0232558,1.0,0.5265957,0.0491803,0.0,10.367253014814716
430.0,0.4837209,0.0697674,0.1674419,0.1531532,0.8883721,0.0,0.7371429,0.0,0.0114286,0.1025641,0.0514286,1.0,0.2102564,0.0606061,1.0,10.499600568082863
9289.0,0.4715255,0.0573797,0.2098181,0.1867998,0.7787706,0.0527506,0.63324,0.0033087,0.0246882,0.1301749,0.0361415,0.9961822,0.4071286,0.0664479,0.72,10.003378135350923
3552.0,0.5050676,0.0030968,0.0596847,0.0409556,0.9445383,0.0,0.8369141,0.0058594,0.0214844,0.0921986,0.0039062,0.9296875,0.3138298,0.2264151,0.5555556,10.78727575364831
322.0,0.5093168,0.0062112,0.1024845,0.0759494,0.9223602,0.0,0.8214286,0.0089286,0.0446429,0.026087,0.0089286,0.9910714,0.1217391,0.1176471,0.0,11.091346218718432
69.0,0.4927536,0.0,0.3043478,0.2285714,0.8695652,0.0,0.71875,0.0,0.0,0.3043478,0.0,1.0,0.2826087,0.0,1.0,9.615805480084347
1581.0,0.4661607,0.0006325,0.1416825,0.1469194,0.8646426,0.0,0.6893354,0.0030912,0.015456,0.0372024,0.0015456,1.0,0.3333333,0.0451977,0.3333333,10.425282789490705
1529.0,0.5539568,0.0026161,0.0183126,0.0146628,0.8920863,0.0065402,0.8214286,0.0076531,0.0994898,0.1799163,0.002551,0.0969388,0.6422594,0.2914798,0.2,9.615805480084347
820.0,0.4817073,0.0,0.0963415,0.1035294,0.9097561,0.0,0.7717391,0.0072464,0.0289855,0.028169,0.0,0.9891304,0.2359155,0.2068966,0.5,10.047631185616188
5624.0,0.4912873,0.0407183,0.0736131,0.049633,0.9038051,0.0,0.7779349,0.0004715,0.0292315,0.0725842,0.0405469,0.9938708,0.2229996,0.0249307,0.5316456,11.199597325534862
495.0,0.5232323,0.0,0.0888889,0.0762712,0.9232323,0.0,0.8,0.0060606,0.0181818,0.0178571,0.0,0.9757576,0.125,0.125,0.0,10.53212287826962
53589.0,0.4693874,0.2731717,0.1265372,0.1123615,0.857788,0.0156749,0.7093063,0.0026106,0.0294416,0.0678233,0.242978,0.9945371,0.2973411,0.0962204,0.3642857,10.614007941153417
126.0,0.5238095,0.0,0.1984127,0.15,0.8492063,0.0,0.6666667,0.0,0.0,0.0806452,0.0,1.0,0.1451613,0.0,1.0,9.615805480084347
311.0,0.4790997,0.2025723,0.2572347,0.1975309,0.8263666,0.0,0.6240602,0.0075188,0.0075188,0.24,0.1729323,1.0,0.3542857,0.1666667,0.7142857,10.389026137075234
1168.0,0.4914384,0.2037671,0.2799658,0.1195286,0.8964041,0.0,0.7833002,0.0,0.0238569,0.1602671,0.1769384,0.9880716,0.1869783,0.1538462,0.4444444,11.046132675457146
1775.0,0.4670423,0.0016901,0.1695775,0.1183932,0.868169,0.0,0.7063712,0.0041551,0.0207756,0.0802548,0.001385,0.9958449,0.1847134,0.0730337,0.4285714,10.407318772389159
1796.0,0.4359688,0.0,0.3106904,0.2408687,0.7717149,0.0551225,0.6195373,0.0,0.0115681,0.0900585,0.0,0.996144,0.2923977,0.0737327,0.8333333,9.770013301136158
3003.0,0.4838495,0.013986,0.1078921,0.0658065,0.9117549,0.011655,0.8252612,0.0047483,0.037037,0.0231911,0.0123457,0.9962013,0.1790353,0.0977778,0.2,11.044536531401494
192.0,0.453125,0.0052083,0.1666667,0.0952381,0.921875,0.0,0.7794118,0.0,0.0,0.1392405,0.0,1.0,0.2405063,0.1666667,0.3333333,9.615805480084347
4124.0,0.4721145,0.0038797,0.1016004,0.0932476,0.8879728,0.0244908,0.7857623,0.0020148,0.0241773,0.01781,0.0040296,0.9979852,0.1998681,0.043038,0.75,10.84546552414626
2842.0,0.4971851,0.0091485,0.0679099,0.0293912,0.8902182,0.0084448,0.7962185,0.0084034,0.072479,0.0460922,0.0052521,0.9327731,0.2184369,0.1048387,0.3333333,12.481053143426296
1034.0,0.450677,0.0,0.3017408,0.2077465,0.8259188,0.0522244,0.7073171,0.004878,0.0097561,0.0660592,0.0,0.997561,0.1776765,0.1212121,0.8888889,10.098272780745283
668.0,0.4206587,0.9266467,0.0778443,0.0852713,0.9296407,0.0,0.7755102,0.005102,0.0102041,0.0925926,0.8928571,1.0,0.2777778,0.2564103,0.0,9.615805480084347
1798.0,0.4649611,0.0,0.1946607,0.1621622,0.8325918,0.0478309,0.7115942,0.0028986,0.0217391,0.0534979,0.0,0.9985507,0.2524005,0.078125,0.7777778,10.134638955251866
2798.0,0.5039314,0.0132237,0.0160829,0.0223343,0.968549,0.0,0.9131514,0.0012407,0.0186104,0.0182704,0.0111663,0.9925558,0.0182704,0.1538462,0.6666667,10.961295207644392
48370.0,0.4845359,0.0091586,0.0984288,0.0578751,0.8413479,0.0125904,0.7137047,0.0026757,0.0735806,0.0711765,0.0072243,0.9949163,0.2587107,0.0228938,0.4349593,11.467938559235831
2092.0,0.5090822,0.0047801,0.0693117,0.0642648,0.9464627,0.0,0.8662791,0.0043605,0.0188953,0.0227273,0.0043605,0.997093,0.1207386,0.1466667,0.5,10.571342565808699
4093.0,0.4693379,0.0012216,0.1891033,0.1316759,0.8272661,0.0217444,0.6734317,0.00246,0.0436654,0.0622837,0.000615,0.9901599,0.2589389,0.0530035,0.6363636,10.67130147767883
1512.0,0.4166667,0.0112434,0.3392857,0.3151927,0.6957672,0.1765873,0.6741155,0.0,0.0335196,0.1282468,0.0074488,0.9944134,0.3506494,0.0320513,0.5,11.218567827096358
160.0,0.48125,0.00625,0.225,0.1686747,0.8375,0.0,0.6527778,0.0,0.0138889,0.0769231,0.0,1.0,0.1794872,0.0,0.0,9.615805480084347
637.0,0.4756672,0.7064364,0.1616954,0.1766467,0.8822606,0.0,0.690678,0.0,0.0084746,0.0445344,0.6652542,1.0,0.3927126,0.2191781,1.0,10.154285180632154
1214.0,0.4637562,0.0,0.3113674,0.2396313,0.7841845,0.0584843,0.6315789,0.0,0.0038986,0.1946625,0.0,0.9980507,0.33281,0.0694444,0.862069,9.615805480084347
3281.0,0.4855227,0.0542518,0.0792441,0.0669431,0.7104541,0.0176775,0.5351459,0.0006631,0.112069,0.0799268,0.0417772,0.9787798,0.6400244,0.0314815,0.2222222,11.638685488579059
2573.0,0.500583,0.0050525,0.0820054,0.0529183,0.8795181,0.0,0.7596656,0.0094044,0.0679206,0.060844,0.0052247,0.9926855,0.2944063,0.0598291,0.5263158,11.537627833610571
1480.0,0.5074324,0.0047297,0.0777027,0.048011,0.8587838,0.0,0.7081851,0.0071174,0.0676157,0.1994302,0.0035587,0.9697509,0.3589744,0.1631206,0.7631579,11.023551435004947
186.0,0.4784946,0.0,0.0698925,0.0824742,0.9086022,0.0,0.7575758,0.0,0.0151515,0.0294118,0.0,1.0,0.3676471,0.0,0.0,10.969938154395841
830.0,0.4710843,0.0084337,0.1084337,0.1138952,0.9301205,0.0,0.8221477,0.0033557,0.0100671,0.0479233,0.0067114,0.9966443,0.3067093,0.0769231,0.0,10.43708198835482
727.0,0.4470426,0.2682256,0.2517194,0.2412935,0.7125172,0.1059147,0.5787671,0.0034247,0.0239726,0.0331126,0.2328767,0.989726,0.3907285,0.027972,0.3333333,11.178864319331653
1026.0,0.4697856,0.0,0.2280702,0.1856618,0.8089669,0.0389864,0.635,0.0,0.025,0.0430622,0.0,1.0,0.2488038,0.0862069,1.0,10.239995502805316
1918.0,0.4436913,0.4217935,0.1605839,0.1471415,0.8832117,0.0,0.7135135,0.0013514,0.0135135,0.0852905,0.3594595,0.9972973,0.3275649,0.1087866,1.0,10.138599199626192
227.0,0.4713656,0.0044053,0.1674009,0.1416667,0.8986784,0.0,0.7375,0.0,0.025,0.1919192,0.0,0.8625,0.3030303,0.2,0.5,9.933094897288786
9199.0,0.4743994,0.0114143,0.1151212,0.0893485,0.8040004,0.1114252,0.797865,0.0024105,0.0506198,0.0182556,0.0096419,0.9965565,0.1615957,0.0708215,0.5263158,11.424105180165641
851.0,0.4453584,0.0,0.1891892,0.1610169,0.8648649,0.0,0.6697819,0.0031153,0.0186916,0.0558824,0.0,0.9968847,0.4470588,0.1521739,0.0,9.615805480084347
8159.0,0.5117049,0.0096826,0.1099399,0.0863454,0.7999755,0.0478,0.6749585,0.0063018,0.0626866,0.1390634,0.0086235,0.5363184,0.4617362,0.0681245,0.5769231,10.70551155928146
4121.0,0.5008493,0.0024266,0.1822373,0.1084103,0.81752,0.0407668,0.6917892,0.004902,0.0422794,0.0836609,0.0006127,0.9834559,0.4008984,0.0877193,0.56,10.357774570341576
660.0,0.4833333,0.0,0.1924242,0.1319648,0.880303,0.0,0.7348485,0.0037879,0.0227273,0.0604982,0.0,1.0,0.3950178,0.1020408,0.75,9.615805480084347
2658.0,0.493228,0.0094056,0.1015801,0.0712695,0.9371708,0.0,0.8477103,0.001065,0.0255591,0.0289555,0.0106496,0.998935,0.1178904,0.0897436,0.3333333,11.089820688682373
389.0,0.4910026,0.0051414,0.125964,0.0858586,0.9254499,0.0,0.8108108,0.0,0.0067568,0.0807453,0.0135135,1.0,0.2981366,0.0434783,0.0,10.465984899076615
29.0,0.4482759,0.0,0.1034483,0.1875,0.8275862,0.0,0.5833333,0.0,0.0,0.2941176,0.0,1.0,0.1764706,0.0,0.0,9.615805480084347
151.0,0.4304636,0.0,0.1523179,0.1627907,0.8476821,0.0,0.6949153,0.0,0.0847458,0.1449275,0.0,1.0,0.2608696,0.0,0.0,9.615805480084347
10970.0,0.465907,0.0182315,0.1963537,0.1385902,0.8635369,0.0123974,0.6983502,0.0014775,0.0226545,0.0949409,0.0169909,0.5387836,0.460887,0.1521438,0.5471698,10.440010162389305
148.0,0.527027,0.4662162,0.1081081,0.0857143,0.9121622,0.0,0.7234043,0.0,0.0,0.0208333,0.4255319,0.9787234,0.25,0.4074074,0.0,9.770013301136158
765.0,0.4418301,0.4836601,0.1686275,0.1733021,0.8196078,0.0,0.5779221,0.0,0.025974,0.1274788,0.4480519,1.0,0.3852691,0.2016129,0.6666667,9.615805480084347
299.0,0.5150502,0.0,0.1939799,0.1310345,0.8862876,0.0,0.7142857,0.0,0.0,0.0703125,0.0,0.9831933,0.2109375,0.1538462,0.0,10.021315031649332
4434.0,0.4977447,0.0045106,0.082544,0.0691513,0.9483536,0.0,0.8470395,0.0057566,0.0238487,0.1052244,0.0049342,0.3141447,0.4834437,0.3244444,0.5333333,10.563620718477313
562.0,0.4697509,0.2740214,0.2491103,0.1644295,0.8558719,0.0,0.6721311,0.0,0.0040984,0.1316726,0.2868852,1.0,0.2419929,0.08,0.8571429,9.741027444837728
307.0,0.485342,0.0032573,0.1758958,0.0949367,0.8990228,0.0,0.7685185,0.0092593,0.037037,0.0442478,0.0092593,1.0,0.1858407,0.1428571,0.0,10.275085591132715
446.0,0.4618834,0.0,0.0941704,0.075,0.8789238,0.0,0.7329193,0.0062112,0.068323,0.240566,0.0,1.0,0.245283,0.0833333,1.0,10.65492722584759
966.0,0.4855072,0.0020704,0.0848861,0.082495,0.8146998,0.0,0.6469072,0.007732,0.0721649,0.2113821,0.0,0.9690722,0.504065,0.0479042,0.25,10.978507040265917
17085.0,0.4743342,0.0033948,0.1529997,0.1204766,0.7794557,0.0698859,0.6598874,0.0045369,0.0484981,0.0341493,0.0006258,0.9892053,0.3091568,0.0517241,0.54,10.736418414365376
1009.0,0.5411298,0.0753221,0.0436075,0.0086393,0.1248761,0.851338,0.6440678,0.0,0.0508475,0.078125,0.0169492,0.9830508,0.296875,0.0952381,1.0,10.732061203925053
542.0,0.5129151,0.0,0.1365314,0.1174242,0.8523985,0.0202952,0.6941748,0.0097087,0.0145631,0.1234043,0.0,0.9951456,0.2638298,0.097561,0.2857143,10.056251557087757
2628.0,0.4912481,0.0479452,0.0528919,0.0411369,0.9174277,0.0,0.8061768,0.001065,0.0308839,0.1509946,0.0489883,0.9882854,0.2658228,0.0547264,0.030303,11.538602958260002
2880.0,0.4753472,0.0013889,0.1256944,0.099272,0.8611111,0.0034722,0.6802536,0.0063406,0.0235507,0.1067961,0.0009058,0.9972826,0.3705502,0.1432099,0.45,10.298935994257638
1807.0,0.4836746,0.1837299,0.1483121,0.1232583,0.9125623,0.0,0.7705167,0.0,0.0106383,0.0784314,0.1702128,0.9969605,0.2759104,0.0708661,0.9,9.862717639992917
42892.0,0.5017719,0.002821,0.0274643,0.0221338,0.9531847,0.0055255,0.8754375,0.0046666,0.0241407,0.0426976,0.0028718,0.9373598,0.2244845,0.1597633,0.4615385,10.916923143796645
1279.0,0.4636435,0.0,0.3197811,0.2201166,0.7998436,0.0383112,0.6347197,0.0,0.0090416,0.0690236,0.0,0.9746835,0.2087542,0.0784314,0.7777778,10.102379394048045
646.0,0.4582043,0.0,0.1857585,0.1085714,0.8885449,0.0,0.756654,0.0,0.026616,0.040146,0.0,0.9923954,0.1313869,0.0327869,1.0,10.689692377847104
2640.0,0.4685606,0.1117424,0.2037879,0.1810406,0.8549242,0.0276515,0.7069486,0.0,0.0140987,0.1133929,0.102719,0.93857,0.3830357,0.1287129,0.8076923,10.308985993422082
194.0,0.5103093,0.0,0.0721649,0.1157895,0.8865979,0.0,0.7236842,0.0,0.0131579,0.2,0.0,1.0,0.3263158,0.0,0.0,9.923339198238729
7339.0,0.4677749,0.0021801,0.1553345,0.1321045,0.8069219,0.007358,0.630485,0.0065985,0.0679644,0.0647948,0.0026394,0.995711,0.389386,0.055082,0.2272727,11.154835234271214
1336.0,0.4401198,0.0022455,0.2552395,0.2526738,0.739521,0.0943114,0.6116152,0.0018149,0.0090744,0.1457364,0.0054446,1.0,0.3643411,0.0612245,0.3333333,10.130662964963708
172.0,0.5174419,0.0,0.1976744,0.1084337,0.7906977,0.0,0.6071429,0.0,0.0357143,0.8568995,0.0,1.0,0.3083475,0.0,0.0,11.136062390867204
3108.0,0.4816602,0.1759974,0.0804376,0.0571074,0.9391892,0.0022523,0.8548837,0.0018605,0.0195349,0.0676496,0.1581395,0.9934884,0.1361665,0.1733333,0.4375,10.650199196425806
2950.0,0.4830508,0.0044068,0.1555932,0.082623,0.9298305,0.0105085,0.8616162,0.0030303,0.0262626,0.0764925,0.0,0.9868687,0.0158582,0.1090909,0.3061224,13.122367377396328
181.0,0.4972376,0.0,0.1104972,0.1208791,0.9005525,0.0,0.75,0.0,0.0,0.2,0.0,1.0,0.2555556,0.0666667,1.0,9.615805480084347
1643.0,0.4619598,0.2933658,0.2465003,0.2183258,0.8021911,0.0754717,0.6913183,0.0,0.0144695,0.0798817,0.2845659,0.9951768,0.3002959,0.0872483,0.3333333,10.278527816830314
6223.0,0.5055439,0.0464406,0.0551181,0.040949,0.9262414,0.0,0.836311,0.0062772,0.0439401,0.0530407,0.0395944,0.9893771,0.2286237,0.1153846,0.3529412,11.041336579870135
4912.0,0.4849349,0.1162459,0.0702362,0.0687747,0.8900651,0.0038681,0.7600923,0.0063437,0.0455594,0.091671,0.0968858,0.9855825,0.3729701,0.1252796,0.5625,10.526775414924009
563.0,0.5115453,0.0017762,0.1687389,0.1490909,0.8809947,0.0,0.7203791,0.0094787,0.0236967,0.1244813,0.0047393,0.9194313,0.4024896,0.0769231,0.5,9.90353755128617
2941.0,0.4780687,0.3356001,0.1203672,0.0892508,0.9180551,0.0,0.7911571,0.0018815,0.0150517,0.2037453,0.2831609,0.9990593,0.2606742,0.1564626,0.8,10.468829770273567
25380.0,0.4812451,0.0052009,0.0888495,0.0663831,0.8973601,0.0118203,0.7824608,0.0019756,0.0306223,0.0553655,0.0055976,0.9933048,0.1884914,0.0354826,0.1688312,11.58989576532275
42658.0,0.4824183,0.3879929,0.1191101,0.08456,0.8661212,0.0137137,0.7374454,0.0037527,0.0625,0.0335004,0.3642877,0.904476,0.2611448,0.188952,0.4327485,12.058737851357439
2676.0,0.4988789,0.0100897,0.1106129,0.0723341,0.9252616,0.0,0.7987013,0.0010823,0.012987,0.1894737,0.0140693,0.8138528,0.3236842,0.1633663,0.8205128,9.770013301136158
1326.0,0.4736048,0.0022624,0.1907994,0.1704871,0.8167421,0.0731523,0.7088608,0.0021097,0.0147679,0.0936902,0.0,0.9852321,0.4493308,0.0898204,0.8,9.908524844053396
338.0,0.4260355,0.0976331,0.2071006,0.1958763,0.8254438,0.0,0.6291391,0.0,0.0198675,0.1117647,0.0728477,0.986755,0.3176471,0.0819672,1.0,9.957075711706057
11982.0,0.4798865,0.0005842,0.1393757,0.1028562,0.867134,0.0124353,0.7241695,0.0050401,0.0414662,0.019982,0.0002291,0.9979381,0.2705433,0.0837283,0.3125,10.689692377847104
822.0,0.486618,0.0,0.1399027,0.0995261,0.8649635,0.0,0.7177914,0.0092025,0.0398773,0.0495627,0.0,0.9907975,0.3002915,0.0689655,0.4285714,10.25769445336048
95333.0,0.4792255,0.0788919,0.127427,0.0949503,0.8159399,0.0250385,0.6642118,0.0051337,0.056014,0.077783,0.0650719,0.9762935,0.3354485,0.0803571,0.4673629,10.524090921620362
611.0,0.4795417,0.0,0.1374795,0.1132075,0.9181669,0.0,0.7621359,0.0,0.0048544,0.1984436,0.0,0.9854369,0.3346304,0.3888889,1.0,9.615805480084347
120.0,0.5583333,0.0,0.1916667,0.2075472,0.875,0.0,0.6875,0.0,0.0,0.1111111,0.0,1.0,0.2222222,0.0,0.0,9.615805480084347
231.0,0.5108225,0.0,0.1298701,0.0619469,0.8961039,0.0,0.755814,0.0,0.0348837,0.2110092,0.0,1.0,0.3119266,0.15,0.5,10.30229722897745
283.0,0.4558304,0.0,0.3109541,0.1558442,0.8056537,0.0,0.6299213,0.015748,0.0472441,0.0992908,0.0,1.0,0.2624113,0.1071429,0.0,9.615805480084347
13367.0,0.4511109,0.0020199,0.2199446,0.1871337,0.8019002,0.0472058,0.6697509,0.0021352,0.0240214,0.0527558,0.0010676,0.9966192,0.3416484,0.0450411,0.4642857,10.6782377612977
1937.0,0.5152297,0.0123903,0.0939597,0.0479233,0.9075891,0.0010325,0.8049536,0.0108359,0.0557276,0.1749681,0.0092879,0.8900929,0.3141762,0.2283465,0.2432432,11.256754979390998
400.0,0.5075,0.0025,0.05,0.0456853,0.965,0.0,0.8604651,0.0,0.0232558,0.0114943,0.0,1.0,0.7816092,0.2941176,0.0,9.615805480084347
383.0,0.5065274,0.0104439,0.1279373,0.047619,0.848564,0.0,0.7151515,0.0060606,0.0545455,0.0462428,0.0060606,0.9939394,0.0346821,0.0,0.0,11.710964518881163
670.0,0.5089552,0.0029851,0.1537313,0.0881459,0.8985075,0.0,0.776,0.0,0.044,0.0774908,0.004,0.996,0.1734317,0.030303,0.3333333,10.529452721013085
366.0,0.4918033,0.1448087,0.1693989,0.1129032,0.8907104,0.0,0.7375887,0.0,0.0212766,0.3054187,0.1276596,1.0,0.4285714,0.1142857,0.9705882,9.615805480084347
3118.0,0.4996793,0.0003207,0.1023092,0.0762821,0.88839,0.0,0.7465157,0.0078397,0.0418118,0.0779116,0.0008711,0.9834495,0.2353414,0.0662252,0.5,10.723289410218579
255.0,0.5058824,0.0,0.2078431,0.1428571,0.8901961,0.0,0.7596154,0.0096154,0.0192308,0.079646,0.0,1.0,0.2300885,0.5,1.0,9.90353755128617
10638.0,0.4847716,0.0291408,0.1301936,0.095603,0.8242151,0.0427712,0.7187661,0.0033419,0.0642674,0.0805956,0.0254499,0.9071979,0.2734578,0.0719051,0.1898734,11.128747176317603
230.0,0.4652174,0.0,0.3,0.2113821,0.8478261,0.0,0.6565657,0.0,0.010101,0.1,0.0,1.0,0.2909091,0.0454545,0.0,9.615805480084347
16444.0,0.474702,0.053819,0.0970567,0.0613568,0.8320968,0.0181221,0.7172963,0.0040587,0.08133,0.0648175,0.0485482,0.9263191,0.3086131,0.0557418,0.3404255,11.16903981679311
614.0,0.4543974,0.7931596,0.1514658,0.1313433,0.9348534,0.0,0.8128079,0.0,0.0098522,0.0896861,0.7192118,1.0,0.2376682,0.2,1.0,9.966509298952284
2888.0,0.4660665,0.0003463,0.1973684,0.1575875,0.8310249,0.0270083,0.681936,0.0017286,0.0328436,0.0608766,0.0,0.9982714,0.2873377,0.0727273,0.125,10.102379394048045
16027.0,0.4668996,0.5506957,0.1397018,0.1312032,0.8009609,0.0246459,0.630409,0.0086543,0.0792466,0.1281255,0.4999152,0.9209231,0.3897026,0.1026326,0.6186441,11.008760940077243
743.0,0.473755,0.0013459,0.2597577,0.1994885,0.8169583,0.0,0.5936508,0.0095238,0.0095238,0.1051136,0.0031746,1.0,0.2642045,0.03125,0.625,9.615805480084347
2415.0,0.4716356,0.0,0.0956522,0.0626959,0.9076605,0.0,0.7912458,0.003367,0.0314254,0.0240964,0.0,0.9910213,0.2398686,0.036036,0.25,10.847412906506923
468.0,0.4978632,0.0,0.0854701,0.1106383,0.9123932,0.0,0.7445255,0.0072993,0.0364964,0.2346369,0.0,0.9416058,0.396648,0.3055556,0.875,9.615805480084347
177.0,0.4971751,0.0,0.2711864,0.2359551,0.7909605,0.0,0.5764706,0.0,0.0117647,0.2857143,0.0,1.0,0.2689076,0.1428571,1.0,9.615805480084347
1130.0,0.4761062,0.000885,0.2070796,0.1334459,0.8371681,0.020354,0.6918239,0.0020964,0.0230608,0.0701754,0.0,0.9979036,0.3606238,0.0751445,0.4,10.545367754151743
20531.0,0.4940334,0.0385271,0.1029175,0.0779746,0.8439433,0.0018022,0.6842306,0.0062214,0.0699594,0.041616,0.0321229,0.960386,0.4286931,0.1097133,0.2692308,11.209127560632263
35800.0,0.4921788,0.0131844,0.0691899,0.0577008,0.8039944,0.0105866,0.6506041,0.0041687,0.0981417,0.0547021,0.0122942,0.9821239,0.3680203,0.0495165,0.0322581,11.81894585784987
3475.0,0.4658993,0.6115108,0.1464748,0.125,0.8776978,0.0080576,0.7171001,0.0039401,0.0228526,0.0710102,0.5484634,0.9960599,0.3250366,0.1374502,0.6,10.448743588106625
13086.0,0.4761577,0.0023689,0.1351826,0.102407,0.8159101,0.060217,0.7243505,0.0061647,0.0523998,0.0280334,0.001321,0.9643329,0.3314787,0.1220682,0.0909091,10.789339695269716
70.0,0.4571429,0.0,0.1857143,0.1315789,0.8428571,0.0,0.7586207,0.0344828,0.0689655,0.2368421,0.0,1.0,0.3947368,0.0,0.0,9.615805480084347
2278.0,0.4561018,0.000878,0.5654083,0.1606134,0.8380158,0.0,0.7210829,0.0,0.02379,0.4686138,0.0008203,0.9917966,0.2602441,0.0217391,0.6371681,12.57002454806453
50975.0,0.4808043,0.0381756,0.1003237,0.0718658,0.8188524,0.0095929,0.6895618,0.0027576,0.0971811,0.0284779,0.0344704,0.9507711,0.2297083,0.0687732,0.2666667,12.112316757188815
1263.0,0.4552652,0.8646081,0.141726,0.1409884,0.9136975,0.0,0.7512438,0.0024876,0.0124378,0.1373391,0.8233831,0.9975124,0.3948498,0.26875,1.0,9.803722464346553
337.0,0.462908,0.0059347,0.189911,0.0994475,0.84273,0.0445104,0.7322835,0.0,0.0314961,0.0797101,0.0,0.9212598,0.173913,0.0571429,0.5,9.97119292889014
109602.0,0.4848908,0.5187953,0.0683747,0.0639425,0.8551851,0.0144523,0.677968,0.0047366,0.0531273,0.067445,0.6087474,0.7511495,0.6587193,0.1852818,0.215,11.813037464800539
19971.0,0.471033,0.0040559,0.1497171,0.0911587,0.8239948,0.0072605,0.6731915,0.0015805,0.0650456,0.0584936,0.0035258,0.993921,0.2258471,0.0310747,0.5154639,12.2293056568353
172.0,0.5116279,0.0,0.1104651,0.0714286,0.9011628,0.0,0.7868852,0.0163934,0.0491803,0.046875,0.0,1.0,0.21875,0.1666667,0.5,9.87822102528824
652.0,0.5260736,0.0306748,0.0490798,0.0161812,0.8650307,0.0,0.6816327,0.0081633,0.0326531,0.4067797,0.0367347,0.9714286,0.5375303,0.0776699,0.7692308,11.03973275601109
267.0,0.5131086,0.0,0.1985019,0.1076923,0.906367,0.0,0.7676768,0.010101,0.010101,0.1,0.0,0.989899,0.2727273,0.0416667,1.0,9.781376414141157
47828.0,0.4873923,0.0112277,0.106193,0.0814945,0.882642,0.015953,0.7726465,0.0051449,0.0518773,0.0325314,0.0102897,0.885772,0.2530813,0.1189469,0.2368421,12.117246896289503
465.0,0.4645161,0.0,0.1462366,0.1004016,0.9075269,0.0,0.7771429,0.0,0.0228571,0.0437158,0.0,0.9657143,0.2404372,0.047619,0.0,9.70509758756311
1498.0,0.5166889,0.0013351,0.0560748,0.0400552,0.9359146,0.0,0.8452138,0.0040733,0.0346232,0.0466019,0.0,0.9857434,0.1281553,0.1052632,0.4444444,11.416425577744599
2763.0,0.4697792,0.0003619,0.1744481,0.1221843,0.8226565,0.0202678,0.6455026,0.0035273,0.0229277,0.1290323,0.0,0.9955908,0.4024578,0.0583333,0.6956522,10.357774570341576
2538.0,0.4799054,0.0551615,0.141844,0.1068182,0.9026793,0.0,0.7550802,0.0,0.0181818,0.1044061,0.0481283,0.9636364,0.289272,0.0989011,0.5882353,10.638280388314705
3519.0,0.513214,0.0051151,0.057971,0.0297723,0.9207161,0.0,0.8329638,0.0029564,0.0339985,0.0471831,0.0044346,0.9482631,0.0873239,0.0328947,0.2258065,11.934926432385152
2783.0,0.4534675,0.0007186,0.2648221,0.1854043,0.7941071,0.0326985,0.6471074,0.0024793,0.038843,0.3117179,0.0,0.9975207,0.3663254,0.0404762,0.4848485,11.444657330797734
1462.0,0.502736,0.0218878,0.0909713,0.0687758,0.870041,0.0,0.7237077,0.0017825,0.0552585,0.065,0.0178253,0.9750446,0.4166667,0.0301887,0.8571429,11.718320437984499
195.0,0.4564103,0.0,0.1179487,0.1603774,0.8717949,0.0,0.72,0.0,0.0533333,0.1071429,0.0,1.0,0.3095238,0.05,1.0,10.102379394048045
5464.0,0.4666911,0.0278184,0.1207906,0.110501,0.8010615,0.0131772,0.631671,0.0052493,0.0608049,0.0321761,0.0240595,0.9930009,0.4627434,0.0321065,0.0,11.246365410473757
2515.0,0.4552684,0.0520875,0.2838966,0.2248175,0.8055666,0.0417495,0.6495726,0.0,0.011396,0.0914582,0.048433,0.9620133,0.3761864,0.0640244,0.7777778,10.207325906555994
8569.0,0.4700665,0.1672307,0.1018789,0.0854437,0.8796826,0.015171,0.7586985,0.0045103,0.037049,0.039901,0.1494845,0.9288015,0.2802351,0.0844298,0.6190476,10.379752786950895
2323.0,0.4687904,0.0004305,0.2191132,0.1531605,0.835127,0.0284115,0.6935146,0.0031381,0.0209205,0.086915,0.0,0.9979079,0.2674308,0.0585586,0.9230769,10.106469212026385
12907.0,0.4549469,0.0151081,0.1831564,0.1627576,0.7631518,0.121252,0.7150562,0.005618,0.0379775,0.0452693,0.018427,0.9955056,0.3273976,0.080026,0.4,10.650199196425806
2377.0,0.4838031,0.0033656,0.1510307,0.1271394,0.7980648,0.0302903,0.6335404,0.0113872,0.0424431,0.0684667,0.0031056,0.9937888,0.3278689,0.049763,0.375,10.723289410218579
152.0,0.5263158,0.0,0.1644737,0.0833333,0.8092105,0.0,0.6376812,0.0,0.057971,0.1265823,0.0,1.0,0.2405063,0.0,0.6666667,9.787009914477434
800.0,0.4875,0.00375,0.15375,0.1073171,0.87625,0.00125,0.6959459,0.0,0.027027,0.1542857,0.0067568,0.0608108,0.4314286,0.127451,0.6666667,9.952325334619427
529.0,0.4480151,0.0056711,0.2665406,0.2054795,0.778828,0.0,0.5947955,0.0,0.0297398,0.2292264,0.0074349,1.0,0.2750716,0.027027,1.0,11.01206667357142
2370.0,0.4924051,0.0016878,0.178481,0.1487947,0.7751055,0.0632911,0.6390086,0.0032328,0.0463362,0.0511247,0.0010776,0.981681,0.4079755,0.0947368,0.8333333,10.404293143019792
11662.0,0.664037,0.1737266,0.0015435,0.0030628,0.6581204,0.3380209,0.9776564,0.0,0.0,0.0078818,0.1747766,0.8853029,0.1630542,0.2435388,0.0,12.691583538230217
36671.0,0.4726078,0.4503013,0.0926618,0.098242,0.9017207,0.0128167,0.7727424,0.0043161,0.0251494,0.0886536,0.3815571,0.9741036,0.3384266,0.1612903,0.6175115,10.689692377847104
12497.0,0.4441066,0.4761943,0.1505161,0.1563265,0.8398816,0.0345683,0.7017695,0.0038843,0.0323694,0.0700381,0.4177816,0.9948209,0.37648,0.1210112,0.4736842,10.563620718477313
24569.0,0.4738492,0.0022386,0.1402988,0.1073722,0.7616509,0.0442834,0.6012658,0.0035481,0.0478519,0.0565457,0.0019179,0.990794,0.4070388,0.0353285,0.5365854,10.831726617926124
276.0,0.4963768,0.0,0.2789855,0.1726619,0.8442029,0.0,0.6666667,0.0083333,0.0166667,0.0909091,0.0,0.9916667,0.2954545,0.0,0.0,9.615805480084347
4598.0,0.5021749,0.060896,0.1107003,0.0816951,0.8542845,0.0,0.7046282,0.0052002,0.0457618,0.145713,0.0587624,0.9765991,0.4411373,0.050995,0.6216216,10.7706090484022
1267.0,0.4356748,0.0015785,0.2296764,0.1832168,0.8500395,0.0394633,0.7060086,0.0021459,0.0021459,0.0189474,0.0,1.0,0.1852632,0.0480769,0.5,10.545367754151743
791.0,0.4778761,0.0012642,0.1769912,0.1186441,0.8950695,0.0,0.7428571,0.0031746,0.0031746,0.1369863,0.0031746,0.9936508,0.3753425,0.1272727,0.5,9.83097062169695
1365.0,0.5120879,0.0087912,0.0586081,0.0510511,0.8952381,0.0,0.766537,0.0038911,0.036965,0.0374532,0.0077821,0.9844358,0.1142322,0.0779221,0.8571429,11.561725152903833
1510.0,0.4675497,0.0006623,0.2410596,0.1865672,0.8112583,0.0298013,0.6382637,0.0048232,0.0192926,0.0532725,0.0016077,0.9967846,0.2876712,0.0865385,0.6,9.961803629358965
2375.0,0.7174737,0.6122105,0.0138947,0.0163934,0.2964211,0.6686316,0.7723881,0.0149254,0.0634328,0.1382637,0.1902985,0.9925373,0.4180064,0.1685393,0.9,10.110542371500753
8038.0,0.4423986,0.0824832,0.2029112,0.1717983,0.8079124,0.0404329,0.6658697,0.0008966,0.0263001,0.0515873,0.0678422,0.9967125,0.3205782,0.0607287,0.483871,10.586609649448985
606.0,0.509901,0.0,0.1765677,0.1346801,0.8828383,0.0,0.7149123,0.0,0.0175439,0.1023622,0.0,1.0,0.2952756,0.1875,0.0,9.615805480084347
3010.0,0.486711,0.0016611,0.1119601,0.0841424,0.9033223,0.0043189,0.7456311,0.0019417,0.0145631,0.092511,0.0009709,0.9543689,0.3400881,0.1331169,0.75,10.33854382482173
507.0,0.4792899,0.0078895,0.1005917,0.1212121,0.8619329,0.0,0.6881188,0.0049505,0.0247525,0.0776256,0.0,0.9851485,0.3378995,0.0769231,1.0,10.16203685698089
1221.0,0.4725635,0.4398034,0.2178542,0.2096273,0.8542179,0.0,0.6896552,0.0,0.0268199,0.1553398,0.3850575,0.9942529,0.3187702,0.0896226,0.8,10.50783084142058
1273.0,0.6064415,0.0416339,0.0903378,0.0798403,0.7399843,0.1610369,0.7410468,0.0055096,0.0578512,0.0081967,0.046832,0.8099174,0.3415301,0.239521,1.0,11.33381076072374
14507.0,0.4464741,0.0022748,0.2455366,0.1864259,0.7957538,0.0224719,0.6123461,0.0022389,0.0273469,0.0482496,0.0014393,0.9968015,0.2697108,0.0491266,0.3888889,10.813780332606648
7186.0,0.46688,0.4593654,0.157946,0.1443487,0.8650153,0.0263011,0.7227255,0.002757,0.0259945,0.1165623,0.3855849,0.986215,0.3319415,0.1618929,0.8,10.379752786950895
458.0,0.5043668,0.0,0.1004367,0.092511,0.8930131,0.0,0.7631579,0.0197368,0.0526316,0.0379747,0.0,0.9671053,0.2531646,0.25,0.5,9.814710982145282
1298.0,0.4892142,0.2211094,0.0577812,0.0723982,0.9198767,0.0,0.8123711,0.0020619,0.0206186,0.03,0.2061856,0.9896907,0.136,0.0828402,0.0,10.87806606028079
5303.0,0.452574,0.6041863,0.157458,0.149845,0.8600792,0.0431831,0.734127,0.0039683,0.0209751,0.1171171,0.5561224,0.994898,0.3813814,0.1463816,0.8,10.385944565501662
1170.0,0.5094017,0.0017094,0.2948718,0.1236934,0.8102564,0.0,0.6774194,0.0089606,0.0609319,0.4235537,0.0017921,0.9946237,0.571281,0.0645161,0.4375,10.918736348043124
11284.0,0.4893655,0.0022155,0.0937611,0.0659493,0.8638781,0.0097483,0.735204,0.0040085,0.0584768,0.0312928,0.0018863,0.9974063,0.3170397,0.0483163,0.4615385,10.909637269778615
2668.0,0.4741379,0.0018741,0.1596702,0.1361368,0.8429535,0.035982,0.7309237,0.0120482,0.0351406,0.0292398,0.001004,0.9939759,0.2329435,0.0646067,0.375,10.883710371704016
24079.0,0.5013082,0.1648324,0.033307,0.0373917,0.9211346,0.0057727,0.8241268,0.005078,0.0302205,0.1324809,0.1582859,0.9254397,0.3633824,0.1265417,0.4772727,10.70101727068921
6856.0,0.4760793,0.001021,0.1425029,0.1105234,0.8280338,0.0444866,0.7042945,0.006953,0.0462168,0.0625,0.000409,0.997546,0.3588957,0.0603865,0.3,11.013715451376466
6239.0,0.4898221,0.0395897,0.0411925,0.0254477,0.4391729,0.1731047,0.4913232,0.0010846,0.3530369,0.0144308,0.041757,0.9322126,0.5948691,0.0702509,0.0,11.862884910339652
4864.0,0.5,0.0057566,0.1321957,0.0682566,0.8641036,0.026727,0.7602041,0.005102,0.053288,0.0826833,0.0017007,0.8968254,0.3598544,0.0911602,0.2413793,11.007103966325696
2400.0,0.4683333,0.0,0.1566667,0.0901254,0.8754167,0.0075,0.7347162,0.0032751,0.0349345,0.047817,0.0,0.9497817,0.4033264,0.1046931,0.5,10.463131911491967
3173.0,0.4607627,0.3514025,0.2054838,0.1940386,0.8499842,0.0289946,0.7018122,0.0,0.0172982,0.080303,0.3327842,0.9975288,0.2681818,0.119186,0.4545455,10.250652418696085
270.0,0.5185185,0.0,0.2148148,0.1846154,0.8074074,0.0,0.6031746,0.0,0.015873,0.106383,0.0,1.0,0.3758865,0.0,1.0,9.717218213494077
270.0,0.4407407,0.7518519,0.1296296,0.0794702,0.9481481,0.0,0.825,0.0,0.0,0.0361446,0.7125,1.0,0.2289157,0.2173913,0.0,9.918425424900335
3672.0,0.496732,0.0345861,0.079793,0.0703463,0.9294662,0.0133442,0.828365,0.0045167,0.0099368,0.1523737,0.0415537,0.6504065,0.3805513,0.2304527,0.6538462,10.138599199626192
2444.0,0.4881342,0.0208674,0.1550736,0.1183054,0.8277414,0.0319149,0.6797521,0.0041322,0.0278926,0.071908,0.0082645,0.9969008,0.2991371,0.060686,0.5,10.382853468483827
68.0,0.4558824,0.0,0.1176471,0.1351351,0.8529412,0.0,0.64,0.0,0.04,0.3589744,0.0,0.56,0.5641026,0.0,1.0,9.615805480084347
3789.0,0.46635,0.0021114,0.2478226,0.1983185,0.783848,0.0456585,0.6345663,0.0031888,0.0350765,0.1487514,0.0012755,0.8303571,0.4283388,0.0987261,0.8301887,10.288783966353765
1613.0,0.5133292,0.00062,0.1047737,0.0687898,0.8989461,0.0,0.7582038,0.0034542,0.0362694,0.0413907,0.0,0.9913644,0.2582781,0.254717,0.3333333,10.419330568113901
448.0,0.5066964,0.0,0.1919643,0.1447964,0.875,0.0,0.6956522,0.0,0.0,0.1111111,0.0,1.0,0.2753623,0.1395349,0.5,9.787009914477434
4429.0,0.5141115,0.0187401,0.0652517,0.0515799,0.9424249,0.0,0.8371308,0.0025316,0.0337553,0.0466613,0.0202532,0.2843882,0.534996,0.3473054,0.75,10.933124826700707
692.0,0.4869942,0.0014451,0.1791908,0.1352113,0.8699422,0.0,0.7007042,0.0,0.0176056,0.0897436,0.0035211,0.9929577,0.3333333,0.0555556,0.75,9.883335864325275
2047.0,0.4938935,0.0,0.1040547,0.0579151,0.8851979,0.0,0.7419769,0.0012837,0.0410783,0.0346964,0.0,0.9948652,0.3705081,0.045082,0.3333333,10.866680954096502
535.0,0.4878505,0.1121495,0.1271028,0.0656934,0.9196262,0.0,0.7989418,0.005291,0.015873,0.1126761,0.1428571,1.0,0.2441315,0.1875,0.75,9.746892220313054
3892.0,0.4902364,0.2307297,0.1194758,0.0745968,0.8956835,0.0,0.7587114,0.0019724,0.0236686,0.1545303,0.190664,0.9993425,0.2923847,0.0759494,0.2380952,10.97337452485014
275.0,0.4690909,0.0,0.2509091,0.2260274,0.8290909,0.0,0.6083333,0.0,0.0,0.1428571,0.0,1.0,0.2285714,0.1666667,0.6666667,9.615805480084347
669.0,0.4917788,0.0044843,0.1180867,0.0764706,0.9372197,0.0,0.8406375,0.0,0.0079681,0.0233463,0.0039841,1.0,0.077821,0.0294118,0.5,11.097425172408931
235.0,0.4510638,0.0,0.2680851,0.1627907,0.8595745,0.0,0.7010309,0.0,0.0412371,0.1181818,0.0,1.0,0.1727273,0.0,0.6,9.615805480084347
2876.0,0.5038248,0.0434631,0.0274687,0.0287316,0.9412378,0.0,0.8647186,0.0032468,0.0324675,0.0334728,0.034632,0.995671,0.0920502,0.1647059,0.0625,10.949068194652432
4335.0,0.4890427,0.0,0.1344867,0.1065463,0.8897347,0.0230681,0.7702612,0.0013396,0.0200938,0.0349063,0.0,0.9959812,0.2023271,0.0580205,0.0769231,10.825780236605917
1876.0,0.4658849,0.000533,0.1465885,0.1287425,0.8827292,0.0314499,0.7636364,0.0,0.0075758,0.0462428,0.0,0.9984848,0.2557803,0.0444444,0.1,10.606609816118151
248.0,0.4798387,0.0080645,0.1169355,0.0697674,0.9193548,0.0,0.7888889,0.0,0.0111111,0.1262136,0.0111111,0.9888889,0.3106796,0.3,1.0,9.615805480084347
1191.0,0.4869857,0.006717,0.0915197,0.0556465,0.8287154,0.0134341,0.6798246,0.004386,0.0723684,0.0731707,0.0065789,0.9561404,0.3963415,0.05,0.0,11.949895700065218
1463.0,0.4593301,0.0150376,0.2535885,0.1554994,0.8393712,0.0663021,0.781982,0.0,0.0288288,0.0159574,0.009009,0.9927928,0.0283688,0.0666667,0.4285714,11.316922746420394
1920.0,0.4885417,0.0385417,0.1713542,0.1395112,0.8067708,0.015625,0.6391753,0.0,0.0657216,0.0881316,0.0335052,0.9896907,0.3137485,0.074928,0.75,11.13751903414526
13033.0,0.4922888,0.030231,0.0833269,0.0686112,0.8837566,0.0207166,0.7594843,0.0071907,0.0473593,0.0614382,0.0352095,0.8891644,0.5608564,0.2489045,0.125,10.821796246953596
3149.0,0.4811051,0.0003176,0.179422,0.124847,0.8320102,0.0574786,0.724359,0.0045788,0.0357143,0.0471204,0.0009158,0.9981685,0.2818499,0.060241,0.4285714,10.93133754807084
329.0,0.443769,0.6869301,0.1367781,0.147541,0.8905775,0.0,0.7,0.0,0.0272727,0.1056911,0.5636364,1.0,0.2845528,0.2142857,0.0,9.615805480084347
15849.0,0.4861505,0.003281,0.1371064,0.0769892,0.9016973,0.0196227,0.8073084,0.0012478,0.0222816,0.0364136,0.0019608,0.9946524,0.0906905,0.0650407,0.5396825,11.862884910339652
2161.0,0.4701527,0.0004627,0.2970847,0.2104803,0.802869,0.0407219,0.651036,0.0010905,0.0163577,0.1445896,0.0010905,0.997819,0.3078358,0.0714286,0.7916667,9.642187721358466
195.0,0.5076923,0.0,0.2102564,0.1770833,0.8153846,0.0,0.6195652,0.0,0.0108696,0.3611111,0.0,0.9782609,0.5763889,0.125,0.8461538,10.077482875583607
26455.0,0.4874693,0.0048384,0.2636931,0.1454385,0.7439425,0.0446418,0.6211342,0.0047914,0.0750065,0.1429105,0.003746,0.9455527,0.4299261,0.057839,0.3755869,11.177466714598282
258.0,0.5193798,0.0,0.0813953,0.0483871,0.9341085,0.0,0.8690476,0.0119048,0.047619,0.1340206,0.0,1.0,0.0309278,0.3333333,0.0,11.752737324967208
5222.0,0.4919571,0.001532,0.1350057,0.055032,0.9180391,0.0,0.8231257,0.0052798,0.0380148,0.0307062,0.0021119,0.9524815,0.129478,0.1428571,0.5833333,10.905974329106854
968.0,0.5092975,0.0010331,0.1415289,0.1031579,0.8966942,0.0,0.7534626,0.0055402,0.0221607,0.0321716,0.0,1.0,0.1635389,0.1518987,0.3333333,10.33854382482173
233.0,0.4935622,0.0,0.2961373,0.2118644,0.8369099,0.0,0.6568627,0.0098039,0.0098039,0.1282051,0.0,1.0,0.2649573,0.0,1.0,9.615805480084347
1543.0,0.4789371,0.058976,0.1458198,0.1343284,0.9157485,0.0,0.784965,0.0017483,0.0087413,0.0949367,0.0506993,0.986014,0.2341772,0.1797753,0.8888889,10.154285180632154
26866.0,0.5077793,0.2299561,0.1082409,0.0874168,0.8319065,0.0190948,0.6963615,0.0090158,0.0771708,0.1353132,0.2204572,0.7205109,0.6699768,0.1816909,0.1436782,10.872389709681492
3051.0,0.4686988,0.0435923,0.1514258,0.1301666,0.8659456,0.0131105,0.7200647,0.0024272,0.0161812,0.0789866,0.0461165,0.9983819,0.2540984,0.0489691,0.4705882,10.738589920723442
10043.0,0.4938763,0.0025889,0.0653191,0.0509542,0.9249228,0.0040824,0.8260348,0.0020996,0.0320936,0.057926,0.0020996,0.9859028,0.1085052,0.0760095,0.2525253,11.475233981948293
3834.0,0.4796557,0.2266562,0.1095462,0.0967419,0.8781951,0.0031299,0.7261821,0.00494,0.0381087,0.039322,0.1997177,0.9880028,0.3159322,0.0784314,0.35,11.055656405795794
270.0,0.5148148,0.0,0.0814815,0.0763359,0.9037037,0.0,0.7575758,0.0,0.020202,0.1,0.0,1.0,0.2272727,0.0952381,0.0,9.615805480084347
23260.0,0.4975494,0.0538263,0.0303955,0.0268675,0.9483663,0.0,0.8768681,0.0037032,0.0286999,0.0726113,0.0491998,0.9552969,0.0977554,0.1481888,0.6226415,11.237185138527495
12450.0,0.4673896,0.655743,0.0914056,0.0794752,0.9011245,0.0021687,0.7661215,0.007243,0.0345794,0.0905227,0.5714953,0.9936916,0.2739057,0.1310564,0.4722222,10.540090836284206
2092.0,0.5,0.1395793,0.0697897,0.0717017,0.8895793,0.0,0.7375,0.0025,0.02375,0.1091314,0.14375,0.99125,0.3596882,0.0684932,0.78125,10.866680954096502
1043.0,0.7478428,0.1936721,0.1073826,0.1977186,0.3825503,0.5560882,0.6960784,0.0,0.0098039,0.2301887,0.004902,0.995098,0.309434,0.0571429,0.9,9.615805480084347
42918.0,0.4839927,0.0034484,0.1233049,0.0973991,0.7021296,0.0623282,0.5636703,0.0039034,0.1033546,0.0438663,0.0031114,0.9904396,0.4730095,0.0432396,0.5151515,10.85516473308054
13127.0,0.471471,0.0207207,0.1648511,0.1098299,0.8154186,0.0002285,0.6525616,0.0041965,0.0615492,0.0553353,0.0176604,0.9846127,0.3333333,0.031364,0.6521739,11.324195417595107
108.0,0.5,0.1759259,0.1944444,0.1111111,0.8981481,0.0,0.744186,0.0,0.0,0.1568627,0.1627907,1.0,0.627451,0.0,0.0,9.615805480084347
12353.0,0.4498502,0.0032381,0.2019752,0.1625956,0.7496964,0.0386951,0.5818742,0.0051953,0.0598422,0.0521612,0.0013469,0.9971137,0.445559,0.0517464,0.3823529,10.305647203635566
314.0,0.4522293,0.0,0.2515924,0.1686047,0.843949,0.0,0.6466165,0.0,0.0150376,0.0890411,0.0,1.0,0.3150685,0.1290323,1.0,9.615805480084347
1790.0,0.4793296,0.001676,0.1156425,0.1062232,0.8843575,0.0,0.7283237,0.0014451,0.0260116,0.0623306,0.0014451,0.9985549,0.3130081,0.0860534,0.2,10.954326659732555
1175.0,0.492766,0.0068085,0.1395745,0.0503356,0.9097872,0.0,0.8164706,0.0094118,0.0517647,0.6238938,0.0023529,0.9788235,0.2831858,0.2,1.0,11.391898423211194
2192.0,0.4767336,0.0,0.1596715,0.1325196,0.872719,0.0,0.7141204,0.0046296,0.0300926,0.0526316,0.0,0.9965278,0.2576754,0.1098901,0.7692308,10.003378135350923
8002.0,0.4987503,0.0113722,0.0703574,0.0493642,0.9446388,0.0,0.8781592,0.0003772,0.0328178,0.0426147,0.0082988,0.9762354,0.0527266,0.1954887,0.6,11.939506063682469
1964.0,0.4735234,0.0010183,0.1369654,0.1083172,0.8884929,0.0203666,0.7746479,0.0014085,0.0225352,0.0571049,0.0,1.0,0.2709163,0.0510204,0.4705882,10.586609649448985
2186.0,0.4396157,0.1061299,0.2763038,0.2277551,0.7900274,0.0315645,0.6217391,0.0043478,0.0336957,0.1628753,0.1097826,0.9858696,0.2957234,0.123506,0.8823529,9.615805480084347
582.0,0.4707904,0.0034364,0.2044674,0.1688312,0.8848797,0.0,0.7345133,0.0044248,0.0265487,0.0887097,0.0,0.9955752,0.1895161,0.15,0.8181818,9.70509758756311
4044.0,0.4695846,0.2101879,0.1730959,0.1310023,0.8449555,0.0220079,0.6980292,0.0038144,0.0292435,0.1385542,0.1996186,0.8842975,0.4036145,0.0890937,0.8,10.534785924769006
68223.0,0.475646,0.0575026,0.1927209,0.1296229,0.8032335,0.0047052,0.6287764,0.0039138,0.0636844,0.0351453,0.0585004,0.8783645,0.4135281,0.0552797,0.2649573,11.989786776470444
886.0,0.4683973,0.0,0.217833,0.1719745,0.8431151,0.0,0.6702703,0.0081081,0.0324324,0.0414508,0.0,0.9945946,0.1658031,0.0779221,0.6,10.254179634797001
4386.0,0.500456,0.0075239,0.122207,0.0479233,0.8974008,0.002964,0.8103768,0.0043237,0.0382952,0.0482069,0.0080296,0.9474985,0.2251617,0.1201201,0.6428571,11.08523008522044
4740.0,0.4421941,0.507173,0.1485232,0.1380484,0.8835443,0.0010549,0.7270195,0.0011142,0.0250696,0.0517697,0.4512535,0.9972145,0.2979398,0.1557377,0.3636364,10.540090836284206
1047.0,0.4632283,0.0,0.1948424,0.1725979,0.8595989,0.0,0.6926606,0.0022936,0.0275229,0.0396476,0.0,1.0,0.3303965,0.0650407,0.5,10.169728906753061
16996.0,0.4550482,0.0845493,0.1973994,0.1682142,0.8071899,0.0276536,0.6464604,0.0048043,0.0347605,0.093854,0.0682493,0.993924,0.4288092,0.082025,0.4761905,9.923339198238729
18710.0,0.4877606,0.0282737,0.1194014,0.095576,0.869054,0.0083912,0.721749,0.0059625,0.0349233,0.0463038,0.023992,0.9968768,0.2625237,0.1036371,0.3793103,10.685126264117057
9975.0,0.4959398,0.001604,0.2113283,0.0970565,0.8667669,0.0054135,0.7381576,0.0033325,0.0349917,0.3255739,0.0014282,0.9547727,0.4193289,0.0815138,0.4931507,10.862856930775358
11078.0,0.4596498,0.3269543,0.1347716,0.138991,0.8608052,0.0209424,0.7103098,0.0021781,0.0222652,0.090669,0.3071152,0.9951597,0.2909331,0.1169725,0.5070423,10.505094936455558
106.0,0.4716981,0.0,0.1792453,0.2142857,0.8679245,0.0,0.675,0.0,0.025,0.2307692,0.0,1.0,0.2307692,0.0,0.0,9.615805480084347
441.0,0.4512472,0.0,0.3106576,0.1404959,0.8344671,0.0,0.6581633,0.0,0.0306122,0.1131222,0.0,1.0,0.2126697,0.03125,1.0,9.615805480084347
3820.0,0.4732984,0.0020942,0.2835079,0.1307157,0.8170157,0.0010471,0.6763259,0.0016402,0.051941,0.3126644,0.002187,0.9901586,0.4569711,0.0300885,0.4202899,11.154835234271214
4238.0,0.4631902,0.0075507,0.1701274,0.1375824,0.8187824,0.0233601,0.6519435,0.0029446,0.0388693,0.0395928,0.0053004,0.9782097,0.3727376,0.0419682,0.0344828,11.553116860704856
7197.0,0.456996,0.0016674,0.2074475,0.1489253,0.8038071,0.0301515,0.6447851,0.0019993,0.0319893,0.0645262,0.0006664,0.9933356,0.2821072,0.0434363,0.5675676,10.606609816118151
2175.0,0.462069,0.0068966,0.1995402,0.1692308,0.7875862,0.0629885,0.6589806,0.0084951,0.038835,0.0305882,0.0036408,0.9927184,0.3505882,0.038806,0.0,10.907807476583594
421.0,0.4679335,0.0166271,0.1686461,0.2053571,0.8788599,0.0,0.7017544,0.0,0.0,0.0756757,0.0,0.9883041,0.1621622,0.04,1.0,9.913487387114461
1651.0,0.4791036,0.0024228,0.1823137,0.1406977,0.8503937,0.0,0.6824034,0.0071531,0.0286123,0.0489796,0.0014306,0.9971388,0.2979592,0.0759494,0.3333333,10.434145214930487
98.0,0.5714286,0.0,0.0306122,0.047619,0.7959184,0.0,0.6176471,0.0,0.1764706,0.1052632,0.0,1.0,0.1578947,0.0,1.0,9.615805480084347
2061.0,0.5016982,0.0,0.130034,0.0876339,0.8447356,0.0,0.6846424,0.007034,0.049238,0.518623,0.0,0.989449,0.2968397,0.0933333,0.7619048,10.628641991731053
254.0,0.503937,0.003937,0.2440945,0.0952381,0.8110236,0.0472441,0.712766,0.0106383,0.0531915,0.1607143,0.0106383,0.9893617,0.3303571,0.28,0.3333333,10.907807476583594
8375.0,0.4530149,0.5139104,0.1229851,0.1194062,0.7590448,0.001791,0.5563454,0.0050026,0.0671406,0.1284993,0.4626119,0.9820958,0.4729234,0.0429813,0.1756757,10.675931008412125
211.0,0.436019,0.0,0.1516588,0.1092437,0.8815166,0.0,0.7209302,0.0,0.0116279,0.0337079,0.0,1.0,0.1123596,0.1,0.0,10.177362240256695
19775.0,0.4837421,0.2176485,0.0891024,0.0780684,0.8718078,0.0265992,0.7525631,0.0042846,0.0439174,0.0452885,0.1909717,0.9547054,0.3945946,0.1326599,0.3111111,10.93133754807084
2414.0,0.4428335,0.001657,0.2792046,0.2252788,0.7837614,0.0422535,0.6198268,0.0057748,0.0173244,0.1096829,0.0,0.9913378,0.4293059,0.0960591,0.8095238,9.933094897288786
132.0,0.5,0.0,0.1666667,0.1060606,0.9090909,0.0,0.7959184,0.0,0.0408163,0.1090909,0.0,1.0,0.3090909,0.0,1.0,10.16203685698089
2729.0,0.4470502,0.0010993,0.2191279,0.1915176,0.8076218,0.0,0.6097166,0.0016194,0.0299595,0.0455951,0.0,0.9991903,0.2774343,0.0447154,0.5,10.389026137075234
1626.0,0.4575646,0.001845,0.3099631,0.1802721,0.8075031,0.0424354,0.6539589,0.0014663,0.0102639,0.0870147,0.0,0.9985337,0.2677376,0.0536913,0.5384615,9.857495968685136
499.0,0.4829659,0.0,0.1943888,0.120155,0.8657315,0.0,0.7216981,0.004717,0.0283019,0.0978723,0.0,1.0,0.3319149,0.0350877,1.0,9.61587214452889
556.0,0.4766187,0.0017986,0.0863309,0.0687285,0.9100719,0.0,0.7777778,0.0,0.031746,0.2025316,0.0,0.989418,0.2405063,0.1702128,1.0,10.723289410218579
1161.0,0.4745909,0.0,0.1670973,0.1393443,0.8837209,0.0,0.7330595,0.0,0.0102669,0.0776515,0.0,0.9979466,0.3200758,0.0833333,0.5714286,10.047631185616188
1732.0,0.4844111,0.0011547,0.1628176,0.1108623,0.8960739,0.0,0.754858,0.0,0.019432,0.0603933,0.0,0.9760837,0.1994382,0.1038961,0.9166667,10.379752786950895
18735.0,0.4986923,0.0516146,0.0606352,0.0549404,0.9572992,0.0004804,0.8878177,0.0054777,0.0343996,0.0218603,0.0560911,0.512489,0.3450493,0.4190283,0.275,11.874793899360315
79.0,0.5063291,0.0,0.1772152,0.2307692,0.7594937,0.0,0.6176471,0.0588235,0.0588235,0.2093023,0.0,1.0,0.4418605,0.0,0.0,9.674137279312397
3115.0,0.4754414,0.0006421,0.1438202,0.121787,0.8638844,0.0343499,0.7583109,0.0044924,0.0386343,0.0380294,0.0008985,0.9946092,0.2860847,0.0843373,0.2,10.757924157061597
556.0,0.5017986,0.0,0.1564748,0.1371841,0.8866906,0.0,0.7087379,0.0,0.0145631,0.0762332,0.0,0.9902913,0.2242152,0.122449,0.6666667,10.122663242288953
1452.0,0.4407713,0.3870523,0.0984848,0.1059113,0.922865,0.0103306,0.8096234,0.0020921,0.0104603,0.0754352,0.3535565,0.9958159,0.3017408,0.1257485,0.6666667,10.494075844768336
982.0,0.4439919,0.003055,0.1832994,0.1446886,0.8778004,0.0,0.7047146,0.0,0.0024814,0.1604167,0.0024814,0.9950372,0.2666667,0.0694444,0.8095238,9.615805480084347
298.0,0.4697987,0.0,0.1912752,0.1329114,0.8624161,0.0,0.7131783,0.0077519,0.0232558,0.5359712,0.0,0.9922481,0.3669065,0.04,0.8571429,10.471666571132038
56958.0,0.4833386,0.0055655,0.0981249,0.0823705,0.8137399,0.0358685,0.6792559,0.0040499,0.0669649,0.0376161,0.0037674,0.9550742,0.3591661,0.0599366,0.2432432,11.106474871430772
519.0,0.477842,0.0,0.2023121,0.0922509,0.8882466,0.0,0.7378641,0.0,0.0194175,0.0593607,0.0,1.0,0.1917808,0.1860465,1.0,9.825580063659602
17350.0,0.4769452,0.0329107,0.2992507,0.157686,0.7642651,0.0112392,0.606603,0.0048373,0.065546,0.1783585,0.0228565,0.9798041,0.4566773,0.0504309,0.4636872,11.088292827848269
1226.0,0.4779772,0.0,0.180261,0.1375,0.903752,0.0,0.7542373,0.0,0.0042373,0.0425963,0.0,1.0,0.1825558,0.0606061,0.8,10.445840912706414
175.0,0.5142857,0.0,0.2057143,0.1294118,0.84,0.0,0.6756757,0.0135135,0.0405405,0.0263158,0.0,1.0,0.3157895,0.1176471,0.0,9.90353755128617
12576.0,0.4602417,0.0034987,0.223521,0.1554213,0.761848,0.014631,0.5837818,0.0062792,0.0660208,0.0329632,0.0025117,0.9806243,0.4750173,0.0424663,0.2580645,10.954326659732555
189.0,0.5238095,0.2380952,0.1534392,0.1333333,0.9100529,0.0,0.7575758,0.0,0.0151515,0.0833333,0.1212121,1.0,0.0972222,0.125,0.0,10.524090921620362
322.0,0.4503106,0.0931677,0.1552795,0.1242938,0.8726708,0.0,0.7067669,0.0,0.0150376,0.1133333,0.0902256,0.9924812,0.12,0.08,0.5,10.831726617926124
2241.0,0.4614012,0.303436,0.1909862,0.1739851,0.8759482,0.0232039,0.7502917,0.0011669,0.0116686,0.0519912,0.2555426,0.9988331,0.1924779,0.1176471,0.5,10.344995251991222
328.0,0.4878049,0.0,0.2164634,0.202381,0.8414634,0.0,0.6737589,0.0070922,0.035461,0.1075949,0.0,0.9929078,0.3291139,0.1052632,1.0,9.711176264112805
771.0,0.5278859,0.0,0.0298314,0.0027473,0.9922179,0.0,0.972973,0.0,0.0067568,0.0198675,0.0,0.972973,0.0066225,0.6842105,1.0,11.234546649377918
115.0,0.5130435,0.0,0.3217391,0.2142857,0.7826087,0.0,0.5964912,0.0175439,0.0175439,0.173913,0.0,1.0,0.4637681,0.0,1.0,9.883335864325275
200.0,0.48,0.015,0.175,0.2019231,0.865,0.0,0.6790123,0.0,0.0123457,0.2956522,0.0123457,1.0,0.4347826,0.1851852,0.25,9.615805480084347
5332.0,0.4962491,0.0003751,0.0663916,0.0580789,0.968117,0.0118155,0.939759,0.0,0.0100402,0.0348837,0.0006693,0.9959839,0.0129199,0.1428571,0.0769231,12.077676615757813
3982.0,0.5022602,0.0027624,0.1363636,0.105449,0.8465595,0.0012557,0.6828818,0.0067734,0.046798,0.0709382,0.0012315,0.9827586,0.3363844,0.0705882,0.4090909,10.445840912706414
463.0,0.5226782,0.0,0.0323974,0.0316742,0.9546436,0.0,0.83,0.01,0.03,0.1869919,0.0,0.99,0.8292683,0.28125,0.0,9.615805480084347
1969.0,0.5073641,0.0025394,0.1264601,0.1041237,0.8522092,0.0233621,0.7068273,0.0026774,0.0281124,0.2314815,0.0026774,0.978581,0.3240741,0.1061947,0.65,10.596659732783579
4066.0,0.4687654,0.0108214,0.241515,0.1810185,0.7592228,0.0853419,0.6407707,0.0006215,0.0279677,0.1159341,0.003729,0.997514,0.293956,0.0651731,0.8235294,9.888424674859083
4297.0,0.4728881,0.0281592,0.1808238,0.1470199,0.8813125,0.0,0.72,0.0,0.0150725,0.0814696,0.0266667,0.9930435,0.227902,0.0509259,0.68,10.229223792606835
15.0,0.6,0.0,0.0,0.0,0.9333333,0.0,0.8,0.0,0.0,0.0,0.0,1.0,0.0,1.0,0.0,9.615805480084347
4680.0,0.4850427,0.0053419,0.1134615,0.0970954,0.9070513,0.024359,0.8240315,0.0045962,0.0282337,0.1916136,0.0013132,0.9829284,0.2685775,0.0786026,0.84,11.792078770667635
107.0,0.4953271,0.0,0.1775701,0.1481481,0.7943925,0.0,0.5909091,0.0227273,0.0681818,0.3015873,0.0,1.0,0.2380952,0.3333333,0.8,9.615805480084347
148134.0,0.4903533,0.0300741,0.0788138,0.0664539,0.8584862,0.0093969,0.7169316,0.0066705,0.0635562,0.1233134,0.0293279,0.8840299,0.4209546,0.1050976,0.307971,11.110969193687714
19378.0,0.4899886,0.00418,0.1351017,0.063847,0.9212509,0.0085664,0.8332835,0.0016433,0.0286824,0.0323793,0.0017927,0.9713176,0.1000289,0.09062,0.402439,12.949915316828669
1258.0,0.4944356,0.0007949,0.1399046,0.1100629,0.8871224,0.0,0.7297872,0.006383,0.0234043,0.0729783,0.0,0.993617,0.4063116,0.1098266,0.8,9.989711119284745
856.0,0.4731308,0.0,0.2044393,0.1973392,0.8271028,0.0,0.6111111,0.0,0.0166667,0.1154791,0.0,1.0,0.3587224,0.0594059,0.7857143,9.741027444837728
7.0,0.5714286,0.0,0.1428571,0.0,0.7142857,0.0,0.5,0.0,0.0,0.0,0.0,1.0,0.0,0.0,0.0,9.615805480084347
415.0,0.4771084,0.0,0.1301205,0.0875576,0.939759,0.0,0.8285714,0.0,0.0071429,0.0789474,0.0,0.9928571,0.2697368,0.173913,0.25,10.165890277802454
40773.0,0.5019008,0.0148383,0.0816717,0.064208,0.9040051,0.0055919,0.7892857,0.0074405,0.0467262,0.0386954,0.0127976,0.8582589,0.3355268,0.1667566,0.0778443,11.631605875642963
10033.0,0.5009469,0.1015648,0.1064487,0.0914719,0.9269411,0.0003987,0.8013051,0.0032626,0.0264274,0.070367,0.11354,0.6619902,0.3427358,0.3127072,0.6862745,10.243560441877241
1535.0,0.4820847,0.1374593,0.1381107,0.0918239,0.857329,0.0,0.7042484,0.0,0.0571895,0.1355932,0.125817,0.995098,0.3064972,0.0731707,0.0,10.795506083434564
1090.0,0.4889908,0.087156,0.1642202,0.1220826,0.8908257,0.0,0.7541371,0.0023641,0.0283688,0.0429864,0.0661939,0.9976359,0.239819,0.0990991,1.0,10.821796246953596
683.0,0.4714495,0.0073206,0.1713031,0.1218837,0.9033675,0.0,0.7701149,0.0038314,0.0153257,0.1030928,0.0076628,0.9693487,0.257732,0.0444444,0.5,10.169728906753061
13324.0,0.4704293,0.0418043,0.1623386,0.1238662,0.8589763,0.022891,0.7359325,0.0020096,0.0418006,0.0432609,0.0405949,0.9951768,0.1824649,0.0242005,0.4375,11.657034466915164
2108.0,0.4734345,0.0014231,0.21537,0.1468468,0.7765655,0.0649905,0.6575829,0.0023697,0.0450237,0.4912598,0.0,0.9798578,0.2242315,0.0650685,0.3529412,11.083695189061785
6709.0,0.448353,0.392756,0.1353406,0.1337476,0.8673424,0.0157997,0.7177419,0.0032258,0.0266129,0.0704648,0.3512097,0.9959677,0.4107946,0.1065652,0.6111111,10.566201298475118
3975.0,0.4686792,0.031195,0.2289308,0.186553,0.8352201,0.0334591,0.6900585,0.0038986,0.0207927,0.1676582,0.0279402,0.7868746,0.342888,0.1528822,0.6666667,9.692828247710418
546.0,0.489011,0.0,0.1410256,0.0967742,0.9047619,0.0,0.7586207,0.0,0.0147783,0.0469484,0.0,0.9950739,0.1408451,0.1142857,0.0,10.392098241730961
43184.0,0.4861291,0.0127594,0.1157142,0.0915687,0.8439931,0.0116478,0.7052048,0.005541,0.0698543,0.0292518,0.0105217,0.9359357,0.2777711,0.09746,0.2857143,12.034103319015012
2257.0,0.5081967,0.0017723,0.0584847,0.0369369,0.9694284,0.0,0.9240688,0.0,0.02149,0.0292072,0.0014327,0.9856734,0.0180807,0.0,0.3,12.631670391834408
417.0,0.4460432,0.0,0.3117506,0.2554113,0.7577938,0.0863309,0.6397516,0.0062112,0.0310559,0.1701031,0.0,1.0,0.2319588,0.1142857,0.6666667,9.615805480084347
8149.0,0.5022702,0.0047859,0.107866,0.0655819,0.8794944,0.0149712,0.7597962,0.0082288,0.072884,0.0672515,0.0058777,0.882837,0.4809942,0.1702899,0.4285714,11.667370387218226
272.0,0.4669118,0.0,0.2132353,0.2137931,0.8455882,0.0,0.6339286,0.0,0.0089286,0.1450382,0.0,1.0,0.4045802,0.1818182,1.0,9.933094897288786
736.0,0.4782609,0.0,0.1970109,0.203125,0.8668478,0.0,0.6907895,0.0032895,0.0131579,0.150838,0.0,0.9967105,0.3435754,0.1168831,0.5,9.615805480084347
21080.0,0.4411765,0.5254269,0.1679317,0.142275,0.727277,0.0132353,0.5203988,0.0020348,0.0653169,0.1343139,0.4498932,0.9946078,0.4082262,0.0399016,0.5235294,10.315630315397533
798.0,0.4874687,0.0200501,0.0927318,0.0488998,0.9586466,0.0,0.8978102,0.0036496,0.0109489,0.0036364,0.0109489,0.9927007,0.0072727,0.0,0.0,11.286037411751035
2384.0,0.4735738,0.0016779,0.1216443,0.1075697,0.8972315,0.0,0.7571429,0.0032967,0.0208791,0.0560166,0.0010989,0.9989011,0.2043568,0.1103896,0.4285714,10.55843949396453
223.0,0.4887892,0.0,0.058296,0.0175439,0.9506726,0.0,0.8148148,0.0,0.0185185,0.2058824,0.0,0.9814815,0.8970588,0.1666667,0.0,10.090008612393838
62.0,0.516129,0.0,0.2096774,0.1666667,0.8225806,0.0,0.6,0.0,0.04,0.3589744,0.0,1.0,0.2307692,0.25,0.0,9.61587214452889
6996.0,0.50243,0.133076,0.0940537,0.0913531,0.7555746,0.0044311,0.5761936,0.0081753,0.0971223,0.1612726,0.1258993,0.9751472,0.5885902,0.0729547,0.3684211,10.74937727911096
1025.0,0.4936585,0.0604878,0.1073171,0.0597303,0.9317073,0.0,0.8394366,0.0084507,0.0197183,0.0706806,0.0535211,1.0,0.2905759,0.1549296,0.0,10.740756721857226
313.0,0.4984026,0.0,0.0766773,0.0828025,0.9456869,0.0,0.8514851,0.009901,0.009901,0.0098039,0.0,1.0,0.1666667,0.3333333,0.0,9.615805480084347
1948.0,0.4476386,0.9265914,0.0723819,0.0975836,0.9106776,0.0,0.7645161,0.0048387,0.0354839,0.1700134,0.8822581,0.9935484,0.4149933,0.1727749,0.7027027,9.803722464346553
3014.0,0.4777704,0.1456536,0.1118115,0.1035578,0.8540146,0.0,0.6841687,0.0031822,0.0294352,0.0548872,0.1288783,0.9968178,0.4142857,0.0428016,0.3636364,10.992066340225865
11140.0,0.4678636,0.3307002,0.1524237,0.1401822,0.84614,0.043088,0.716096,0.0024265,0.0374764,0.082385,0.3318954,0.9937989,0.2033647,0.1460259,0.5636364,10.547995807489514
13874.0,0.4752775,0.0021623,0.133415,0.1188187,0.8341502,0.0082889,0.6720779,0.0023449,0.0544733,0.0182398,0.0021645,0.9938672,0.2631486,0.0293917,0.1764706,11.021918808236205
3173.0,0.4954302,0.0113457,0.1396155,0.1093067,0.8739363,0.0,0.7178457,0.0040193,0.0321543,0.0393822,0.0096463,0.9549839,0.3814672,0.0681818,0.375,10.599156550639583
194.0,0.4742268,0.0,0.2268041,0.1960784,0.8969072,0.0,0.7368421,0.0,0.0,0.1827957,0.0,1.0,0.1182796,0.0714286,0.0,9.615805480084347
1114.0,0.4982047,0.0,0.1813285,0.1341682,0.8734291,0.021544,0.721519,0.0025316,0.0177215,0.1183036,0.0,0.9265823,0.328125,0.2077922,0.7692308,10.064798252418377
8786.0,0.4747325,0.0020487,0.1744821,0.1382449,0.8202823,0.0443888,0.6970249,0.0051609,0.0458409,0.0323149,0.0009107,0.9954463,0.2967098,0.0445804,0.5,10.862856930775358
111.0,0.4684685,0.0,0.3873874,0.2372881,0.8198198,0.0,0.6296296,0.0,0.0,0.3076923,0.0,0.9814815,0.2435897,0.3333333,1.0,9.615805480084347
1475.0,0.4854237,0.0027119,0.2467797,0.1660079,0.8013559,0.0101695,0.6388467,0.0030349,0.0485584,0.74348,0.0,0.9893778,0.2674192,0.05,0.9264706,12.08954444723597
1370.0,0.4605839,0.0,0.1379562,0.120433,0.8649635,0.0,0.7023346,0.0097276,0.0486381,0.106087,0.0,1.0,0.2782609,0.0915033,0.4166667,10.184937747111391
6327.0,0.499921,0.0004742,0.0753912,0.0448799,0.9133871,0.002845,0.8054422,0.0045351,0.0340136,0.0333187,0.0,0.9945578,0.2148181,0.1214058,0.5454545,10.947309210188068
4743.0,0.4904069,0.00253,0.1309298,0.1075714,0.8418722,0.0238246,0.6937745,0.0089736,0.0370163,0.0490667,0.0005609,0.9910264,0.3728,0.0468019,0.3846154,10.783135046711445
247.0,0.4817814,0.0,0.2550607,0.1640625,0.8623482,0.0,0.6990291,0.0,0.0291262,0.2015504,0.0,1.0,0.1705426,0.125,0.75,9.615805480084347
7524.0,0.4901648,0.5033227,0.0292398,0.0377998,0.874269,0.0,0.7371303,0.0058415,0.0635268,0.1135922,0.4884995,0.9295363,0.5433657,0.0861403,0.6,10.685126264117057
4921.0,0.4990856,0.0004064,0.064621,0.0543611,0.9593579,0.0,0.895806,0.0013106,0.0163827,0.0261646,0.0,0.9836173,0.0682833,0.1290323,0.4285714,11.39302644219128
4502.0,0.4740116,0.3127499,0.1463794,0.1338682,0.8329631,0.0388716,0.698125,0.008125,0.0425,0.0934844,0.285625,0.94375,0.3541076,0.1634615,0.4166667,10.184937747111391
74.0,0.5540541,0.0,0.3648649,0.1515152,0.8243243,0.0,0.6470588,0.0,0.0294118,0.1282051,0.0,0.9705882,0.3589744,0.0,0.0,9.615805480084347
257.0,0.4941634,0.0,0.1400778,0.1,0.8832685,0.0,0.7474747,0.010101,0.040404,0.1465517,0.0,1.0,0.5,0.0588235,0.6666667,9.615805480084347
1663.0,0.4954901,0.0264582,0.0330728,0.0357569,0.9639206,0.0,0.8914286,0.0,0.0057143,0.025974,0.0285714,1.0,0.1057514,0.0909091,0.6666667,10.698762529141884
22253.0,0.49818,0.0113243,0.1153552,0.0839975,0.8864872,0.0011234,0.7560489,0.0033674,0.0444001,0.0238617,0.0104764,0.9634572,0.2213294,0.0866957,0.225,11.419724060136211
109.0,0.5137615,0.0,0.2752294,0.1698113,0.8623853,0.0,0.7021277,0.0,0.0212766,0.2769231,0.0,1.0,0.3692308,0.3333333,1.0,9.615805480084347
3253.0,0.4718721,0.0159852,0.1958192,0.1664726,0.8229327,0.0408853,0.6892231,0.0050125,0.0426065,0.1357401,0.0083542,0.8830409,0.3357401,0.1489362,0.4444444,10.275085591132715
3688.0,0.4956616,0.0157267,0.1260846,0.1064516,0.9061822,0.0122017,0.7892527,0.0041982,0.0243493,0.0942966,0.015953,0.6188077,0.3330798,0.2653722,0.4166667,10.207325906555994
113.0,0.5044248,0.0,0.2920354,0.1428571,0.8318584,0.0,0.64,0.0,0.02,0.2537313,0.0,1.0,0.1940299,0.0,1.0,9.615805480084347
140494.0,0.4726608,0.0251043,0.1518143,0.1180353,0.7232622,0.0703233,0.6032814,0.0047251,0.0812686,0.0819407,0.0202431,0.9926595,0.3892304,0.060688,0.347275,10.537441898283253
104.0,0.5192308,0.0,0.2019231,0.12,0.8557692,0.0,0.6666667,0.0,0.0,0.0625,0.0,1.0,0.25,0.0909091,0.0,10.454523783963511
354.0,0.5141243,0.0,0.1581921,0.0639535,0.9124294,0.0,0.796748,0.0081301,0.0325203,0.0820896,0.0,0.9918699,0.261194,0.1304348,1.0,10.110542371500753
669.0,0.4334828,0.7458894,0.1554559,0.116095,0.9028401,0.0,0.7478632,0.008547,0.0128205,0.1,0.6794872,1.0,0.2269231,0.2253521,0.6666667,10.196194479235656
620.0,0.5516129,0.0080645,0.0177419,0.0179856,0.8564516,0.0,0.6954545,0.0045455,0.1,0.1372549,0.0045455,0.9909091,0.5137255,0.0961538,1.0,11.550230883578887
539.0,0.5231911,0.0,0.096475,0.0972763,0.8923933,0.0,0.7540984,0.010929,0.0491803,0.0265957,0.0,0.9945355,0.2712766,0.195122,1.0,10.158168529848494
39103.0,0.4665371,0.0572846,0.1891671,0.1428571,0.8519807,0.0197427,0.7132447,0.001282,0.0400108,0.0285134,0.0471628,0.9672087,0.2193891,0.0637606,0.6363636,12.022155816966572
2468.0,0.4420583,0.5599676,0.1973258,0.2011619,0.8342788,0.0506483,0.6843931,0.0,0.0127168,0.1306533,0.4867052,0.9988439,0.3095477,0.2045455,0.826087,9.966509298952284
2006.0,0.4680957,0.0,0.2098704,0.1640112,0.8030907,0.0558325,0.6618611,0.0039318,0.0235911,0.0329531,0.0,0.9973788,0.2864385,0.0391061,0.8,10.526775414924009
5074.0,0.4714229,0.0007883,0.1440678,0.087994,0.7213244,0.1850611,0.7339683,0.0,0.0222222,0.0277778,0.0,0.9974603,0.2703704,0.0531915,0.5,10.668978650219241
6013.0,0.4891069,0.051555,0.076002,0.0647786,0.8438384,0.0023283,0.6832398,0.000401,0.0505213,0.0407692,0.0449078,0.9482759,0.5323077,0.027845,0.2105263,11.964007453736912
8588.0,0.5244527,0.0045412,0.0572892,0.046523,0.8255706,0.0399395,0.7152093,0.0115686,0.0755359,0.0878336,0.0044233,0.9789044,0.4767225,0.1096525,0.3636364,11.424105180165641
3241.0,0.4973774,0.0070966,0.0465906,0.0282382,0.9568035,0.0,0.8902913,0.0,0.0242718,0.0319549,0.0067961,0.9932039,0.0770677,0.0294118,0.4285714,11.983560145061489
1043.0,0.4630872,0.0019175,0.1716203,0.1410714,0.873442,0.0,0.7016706,0.0047733,0.0119332,0.0626398,0.0,1.0,0.212528,0.0761905,0.4,10.448743588106625
2638.0,0.474981,0.0011372,0.1228203,0.0960289,0.8764215,0.0015163,0.7279843,0.0058708,0.0332681,0.0358491,0.0,1.0,0.3056604,0.0497738,0.1666667,10.633472802314019
10993.0,0.4720277,0.0003639,0.1682889,0.1343901,0.8449013,0.0236514,0.7048164,0.003815,0.0400572,0.0358621,0.0007153,0.9949928,0.2935632,0.0420842,0.5,11.104972264124868
1871.0,0.4911812,0.0149653,0.1528594,0.039916,0.9406734,0.0,0.8632075,0.0031447,0.0314465,0.0563798,0.0078616,0.9827044,0.0207715,0.2142857,0.6,13.122367377396328
495.0,0.4222222,0.0020202,0.2242424,0.1748252,0.8141414,0.0,0.6197183,0.0046948,0.0328638,0.0974576,0.0046948,0.9906103,0.2415254,0.1481481,0.5,9.994287576862567
481.0,0.4740125,0.2058212,0.1746362,0.1383399,0.8856549,0.0,0.7311828,0.0053763,0.016129,0.0461538,0.2150538,1.0,0.2666667,0.1304348,0.0,10.207325906555994
357.0,0.4593838,0.7927171,0.1484594,0.1450777,0.8543417,0.0,0.65,0.0083333,0.05,0.2638037,0.8083333,0.9833333,0.3251534,0.2222222,1.0,9.841665338892785
15905.0,0.4577177,0.4802892,0.1627161,0.129971,0.8486011,0.0008174,0.6648403,0.0018785,0.0345961,0.0760775,0.4165623,0.9920163,0.3455308,0.0643312,0.6783217,10.457401400981889
6822.0,0.4923776,0.5535034,0.0904427,0.0976032,0.8711522,0.0241865,0.7247271,0.0047461,0.0498339,0.1300578,0.518747,0.8239203,0.5627581,0.2219075,0.4285714,10.63106031411106
44757.0,0.5087249,0.011797,0.0941529,0.0698563,0.6001296,0.1395983,0.5372992,0.0045989,0.1589918,0.032588,0.010691,0.9786179,0.4736812,0.0444982,0.0895522,10.933124826700707
315.0,0.4825397,0.0,0.0920635,0.0490798,0.8698413,0.0,0.728972,0.0093458,0.0841121,0.0446429,0.0,1.0,0.2589286,0.1,0.0,10.643064971973882
281.0,0.5017794,0.4341637,0.1637011,0.1214286,0.9039146,0.0,0.7378641,0.0,0.0,0.1043478,0.3495146,1.0,0.4,0.1538462,0.8,9.615805480084347
3091.0,0.4590747,0.0614688,0.1717891,0.1590909,0.828858,0.057263,0.7316456,0.0016878,0.0244726,0.0610143,0.0556962,0.9957806,0.2773376,0.0844327,0.2777778,10.62135173563291
1488.0,0.469086,0.000672,0.2372312,0.1848101,0.7909946,0.0362903,0.6255924,0.0031596,0.0300158,0.1134454,0.0,0.985782,0.3683473,0.0382775,0.625,10.16203685698089
684.0,0.4722222,0.0,0.1666667,0.1246537,0.8377193,0.0,0.6363636,0.0,0.04,0.0549828,0.0,1.0,0.2268041,0.046875,1.0,9.615805480084347
62.0,0.4193548,0.0,0.2258065,0.1388889,0.8548387,0.0,0.7,0.0,0.0,0.1666667,0.0,0.9666667,0.5277778,0.25,0.0,9.615805480084347
17655.0,0.480034,0.001416,0.1783631,0.1239651,0.9123195,0.0084962,0.801092,0.0015601,0.0156006,0.0308437,0.0014041,0.9909516,0.1747808,0.0489642,0.4347826,11.672498559754418
407.0,0.4987715,0.0,0.1646192,0.0980392,0.9041769,0.0,0.7733333,0.0066667,0.02,0.0566038,0.0,1.0,0.3144654,0.1578947,1.0,10.077482875583607
1854.0,0.4514563,0.0,0.2119741,0.186824,0.7950378,0.0593312,0.6297935,0.0044248,0.0221239,0.034188,0.0,0.9955752,0.3219373,0.0806452,0.5714286,10.460270761075149
2059.0,0.4560466,0.0233123,0.2758621,0.1446429,0.8470131,0.0053424,0.6885813,0.0046136,0.0322953,0.1061856,0.017301,0.9838524,0.4515464,0.049505,0.7407407,11.525851561856362
3791.0,0.4819309,0.0042205,0.127407,0.101833,0.8644157,0.003693,0.710207,0.0049964,0.0556745,0.0758575,0.0021413,0.9900071,0.2895778,0.0831643,0.4583333,11.251573687764477
3160.0,0.4376582,0.696519,0.1708861,0.1783905,0.8439873,0.0386076,0.69813,0.0044524,0.0186999,0.097992,0.6277827,0.9973286,0.2674699,0.1709845,0.8571429,10.034559673629849
9254.0,0.4625027,0.0512211,0.1774368,0.14616,0.7883078,0.0192349,0.6093035,0.0050839,0.052364,0.0635563,0.0442298,0.989578,0.3568198,0.0497566,0.2083333,10.762170357789895
316.0,0.5,0.0,0.1170886,0.0632911,0.8892405,0.0,0.7327586,0.0,0.0344828,0.0333333,0.0,1.0,0.2083333,0.2592593,0.0,10.077482875583607
1357.0,0.4627856,0.0434783,0.2343405,0.2167353,0.8098747,0.0250553,0.6485569,0.0050934,0.0220713,0.1561605,0.0475382,1.0,0.3925501,0.0874317,0.7,9.615805480084347
528.0,0.5359848,0.0,0.0340909,0.0163265,0.9791667,0.0,0.9447853,0.0,0.006135,0.0121212,0.0,1.0,0.0060606,0.0,0.0,11.397525836740476
381.0,0.4514436,0.0,0.2677165,0.1913876,0.8215223,0.0,0.6235955,0.0,0.005618,0.1400966,0.0,1.0,0.5024155,0.0983607,1.0,9.674137279312397
2089.0,0.4921015,0.0033509,0.1460029,0.0819981,0.8755385,0.0,0.7468672,0.0050125,0.0526316,0.1391586,0.0037594,0.9586466,0.4153182,0.1656805,0.4864865,11.047726275896391
9469.0,0.4799873,0.0015841,0.1543986,0.1007311,0.8461295,0.008343,0.6960974,0.0044285,0.0603377,0.0406267,0.0013839,0.8693606,0.3645778,0.1246439,0.4347826,11.914389245098882
9263.0,0.5026449,0.0116593,0.0326028,0.0293032,0.8871856,0.0,0.748172,0.0023399,0.0470898,0.0681385,0.0131617,0.9961977,0.2055056,0.0373216,0.3461538,11.350418300109132
1187.0,0.5122157,0.0025274,0.1836563,0.0932642,0.8668913,0.0008425,0.7267081,0.0020704,0.0455487,0.2094926,0.0041408,0.9813665,0.4238953,0.1587302,0.3333333,10.78727575364831
80352.0,0.481469,0.0639312,0.1350184,0.1031561,0.8333956,0.029881,0.6945085,0.0051138,0.0479963,0.0409655,0.0491661,0.9611618,0.3524698,0.0867042,0.3333333,10.76004951120163
1271.0,0.4893784,0.0023603,0.1597168,0.0878274,0.9197482,0.0102282,0.8404255,0.0042553,0.0191489,0.0581162,0.0021277,0.9957447,0.1763527,0.1617647,0.0,10.328787967145063
3567.0,0.4799551,0.0016821,0.1359686,0.1088949,0.8525371,0.0058873,0.7007634,0.0091603,0.0679389,0.0921691,0.0007634,0.9946565,0.4067914,0.0912779,0.7368421,11.185823192802378
231.0,0.4632035,0.0,0.2077922,0.1451613,0.8787879,0.0,0.7096774,0.0,0.0107527,0.0210526,0.0,1.0,0.2631579,0.1578947,0.0,9.615805480084347
74.0,0.5135135,0.0,0.1891892,0.0833333,0.972973,0.0,0.9259259,0.0,0.0,0.1,0.0,1.0,0.3666667,0.1666667,1.0,9.615805480084347
1125.0,0.4871111,0.0,0.1377778,0.1299827,0.9155556,0.0,0.7902098,0.002331,0.006993,0.0793991,0.0,1.0,0.2575107,0.0823529,0.5714286,10.098272780745283
828.0,0.4504831,0.0,0.2270531,0.1494505,0.8176329,0.0,0.6521739,0.0,0.0383632,0.0416667,0.0,0.9974425,0.1470588,0.0447761,0.0,10.87806606028079
7323.0,0.4842278,0.0025946,0.0288133,0.0383903,0.9405981,0.0060085,0.8222601,0.0062465,0.0278251,0.2088949,0.0051107,0.9818285,0.6554358,0.3303471,1.0,9.615805480084347
55097.0,0.4792638,0.0096375,0.1454707,0.1027151,0.8224767,0.0164074,0.6610716,0.003357,0.0435973,0.0628389,0.0093202,0.9874553,0.4006292,0.0539611,0.4576271,10.7706090484022
237.0,0.4767932,0.0,0.2151899,0.2016129,0.8987342,0.0,0.7473684,0.0,0.0,0.1037736,0.0,0.9894737,0.2830189,0.2631579,0.75,9.758519582283522
1600.0,0.478125,0.1,0.114375,0.1053892,0.873125,0.015625,0.7575251,0.0083612,0.0384615,0.0626959,0.083612,0.993311,0.2100313,0.0730337,0.3076923,10.91328684226798
637.0,0.4599686,0.0031397,0.2276295,0.1598837,0.7645212,0.0973312,0.6571429,0.0040816,0.0122449,0.095941,0.0,0.9877551,0.1845018,0.0714286,0.8333333,9.798182590890704
65.0,0.5076923,0.0,0.2153846,0.0625,0.9076923,0.0,0.7916667,0.0,0.0416667,0.1724138,0.0,1.0,0.3103448,0.0,0.0,9.615805480084347
91.0,0.4725275,0.0,0.2747253,0.1875,0.8241758,0.0,0.625,0.0,0.025,0.3220339,0.0,1.0,0.3559322,0.1666667,1.0,9.615805480084347
314.0,0.477707,0.0159236,0.1815287,0.1829268,0.8184713,0.0,0.6439394,0.0151515,0.0454545,0.114094,0.0151515,1.0,0.1342282,0.0571429,1.0,9.852246888342531
170.0,0.4882353,0.0,0.3647059,0.2528736,0.7823529,0.0,0.6097561,0.0121951,0.0487805,0.2477064,0.0,1.0,0.3302752,0.0714286,0.0,9.615805480084347
32397.0,0.4935642,0.0376887,0.0935272,0.0794173,0.8570547,0.0337686,0.7581293,0.004019,0.0587322,0.0462584,0.0327914,0.8659116,0.249412,0.1127301,0.2425532,12.079380667837011
1678.0,0.4868892,0.0131108,0.2133492,0.1835075,0.7926103,0.0488677,0.6633381,0.0085592,0.0313837,0.1081425,0.0028531,0.9942939,0.3689567,0.0818182,0.8571429,10.367253014814716
494.0,0.4878543,0.0020243,0.1153846,0.0671937,0.8967611,0.0,0.7575758,0.0121212,0.0424242,0.0571429,0.0060606,1.0,0.1771429,0.2641509,0.0,9.809231816610408
4858.0,0.4890902,0.0113215,0.1193907,0.0987107,0.9209551,0.0179086,0.8530559,0.0026008,0.0325098,0.0435323,0.0084525,0.9778934,0.1442786,0.0431655,0.5238095,12.269052139516223
2534.0,0.4506709,0.0007893,0.2569061,0.1867816,0.8145225,0.0343331,0.6602687,0.0028791,0.0211132,0.0859649,0.0,0.9961612,0.272807,0.0941704,0.6,9.857495968685136
10807.0,0.4843157,0.0090682,0.1102063,0.0583169,0.9191265,0.0,0.8097252,0.0007928,0.0290698,0.0297436,0.0087209,0.9952431,0.0458974,0.075188,0.4473684,11.348062614163295
541.0,0.4547135,0.0073937,0.323475,0.2305085,0.7319778,0.1201479,0.6511628,0.0,0.0232558,0.0772532,0.0,0.9953488,0.3218884,0.0166667,1.0,9.717218213494077
1073.0,0.4296365,0.0,0.1929171,0.1781046,0.8387698,0.0,0.6637931,0.0064655,0.0280172,0.1161905,0.0,0.9978448,0.367619,0.0914286,0.5555556,10.30229722897745
5675.0,0.4926872,0.0273128,0.1147137,0.0802362,0.8456388,0.014978,0.7053232,0.0085551,0.0613118,0.0653043,0.023289,0.8654943,0.3998223,0.1102258,0.4888889,11.3350062038375
14475.0,0.4676339,0.348532,0.1474266,0.1372956,0.8300518,0.0266667,0.6817786,0.0027899,0.0331299,0.0784188,0.3049695,0.988143,0.3487064,0.1063472,0.5945946,10.515993929932415
692.0,0.4884393,0.1893064,0.1213873,0.1073446,0.8959538,0.0,0.7528517,0.0038023,0.0114068,0.1233333,0.1596958,1.0,0.4233333,0.1111111,0.5714286,10.030164255362632
7508.0,0.4938732,0.0102557,0.0351625,0.0186842,0.9135589,0.0,0.8064877,0.0029828,0.0398956,0.0745342,0.0108128,0.9891872,0.1701173,0.0377358,0.1052632,11.383966460172834
7192.0,0.4411846,0.0048665,0.2003615,0.1793979,0.8555339,0.0134872,0.6993509,0.0023915,0.0150325,0.0606547,0.0051247,0.9962419,0.3966624,0.087747,0.3870968,10.047631185616188
3062.0,0.4702809,0.1211626,0.1874592,0.1239211,0.7929458,0.0509471,0.6689478,0.0076989,0.0581694,0.0685259,0.1163388,0.9136014,0.4478088,0.1338912,0.4545455,10.614007941153417
9028.0,0.5148427,0.0025476,0.0444174,0.0278539,0.9570226,0.0143996,0.9017735,0.0009095,0.0154616,0.0196166,0.0013643,0.9877217,0.1038787,0.2341772,0.3333333,11.248972939884327
1361.0,0.483468,0.1087436,0.1535636,0.0981508,0.8471712,0.0095518,0.6799242,0.0,0.0416667,0.0311927,0.0890152,0.9943182,0.2568807,0.0467836,0.0,11.547336553476635
211.0,0.5118483,0.0900474,0.0758294,0.038835,0.943128,0.0,0.8421053,0.0,0.0,0.0843373,0.0394737,1.0,0.2048193,0.1538462,0.0,10.609081944147828
1377.0,0.459695,0.010167,0.2781409,0.2163978,0.7153232,0.0907771,0.5783133,0.0017212,0.0344234,0.0893417,0.0034423,0.9759036,0.4122257,0.0643777,0.5,11.149096419938578
2010.0,0.4507463,0.0084577,0.2169154,0.1594203,0.6273632,0.2467662,0.6444444,0.0015873,0.0349206,0.0468986,0.0015873,0.9904762,0.4523449,0.0553846,0.5,10.609081944147828
6875.0,0.4933818,0.0206545,0.1362909,0.0947459,0.9090909,0.0106182,0.7865025,0.0033956,0.0152801,0.2107203,0.0229202,0.7109508,0.3832496,0.1820128,0.7552448,9.723223876851618
247.0,0.4817814,0.0,0.1133603,0.1015625,0.8663968,0.0,0.6847826,0.0,0.0434783,0.2459016,0.0,0.9891304,0.3196721,0.2,1.0,9.615805480084347
5930.0,0.4785835,0.006914,0.1753794,0.1429495,0.8662732,0.0190556,0.7256881,0.0045872,0.0270642,0.0400705,0.0077982,0.903211,0.3896962,0.1494624,0.6956522,10.762170357789895
3280.0,0.4518293,0.3466463,0.197561,0.1813126,0.8128049,0.0204268,0.6266968,0.0045249,0.0286576,0.0628975,0.2918552,0.9977376,0.4925795,0.1120264,0.8,9.615805480084347
4155.0,0.4811071,0.0002407,0.154994,0.1150278,0.8669073,0.0016847,0.7137002,0.0035129,0.028103,0.0641096,0.0005855,0.9959016,0.2558904,0.0471311,0.6176471,10.419330568113901
289.0,0.4429066,0.0,0.200692,0.1428571,0.8685121,0.0,0.7094017,0.0,0.017094,0.1268657,0.0,0.982906,0.2835821,0.2272727,1.0,10.221977646629885
2551.0,0.4590357,0.0227362,0.2148177,0.1688406,0.8447668,0.0121521,0.6929577,0.0046948,0.0234742,0.1355519,0.0187793,0.9934272,0.375,0.0721311,0.6071429,10.413342705547674
517.0,0.4854932,0.0,0.1644101,0.1578947,0.8878143,0.0,0.7227723,0.0,0.009901,0.0334928,0.0,0.980198,0.2488038,0.1212121,1.0,10.50783084142058
217.0,0.4976959,0.0,0.1198157,0.0825688,0.9078341,0.0,0.75,0.0,0.0,0.1111111,0.0,0.8375,0.2777778,0.1666667,0.5,9.770013301136158
1026.0,0.4902534,0.6306043,0.1491228,0.1185468,0.880117,0.0,0.7112299,0.0026738,0.0320856,0.0900243,0.6016043,0.973262,0.2262774,0.1655172,0.6,10.77270764101727
1229.0,0.4751831,0.0008137,0.1537836,0.0837209,0.8665582,0.0309194,0.792735,0.0064103,0.0491453,0.0714286,0.0,0.982906,0.2380952,0.0526316,0.1428571,10.571342565808699
346.0,0.5115607,0.0,0.1416185,0.0946746,0.8843931,0.0,0.7067669,0.0,0.0075188,0.173913,0.0,1.0,0.3975155,0.1621622,0.3333333,9.615805480084347
6251.0,0.4522476,0.4429691,0.1817309,0.1267523,0.7889938,0.0,0.5855263,0.002193,0.058845,0.1052976,0.3527047,0.9254386,0.6111838,0.0512618,0.2745098,11.260623406285792
1084.0,0.5009225,0.0046125,0.1383764,0.103512,0.8708487,0.0,0.7238095,0.002381,0.052381,0.2236599,0.002381,0.9952381,0.3548983,0.1176471,0.4705882,10.468829770273567
3776.0,0.4666314,0.1573093,0.1668432,0.1434955,0.8633475,0.0230403,0.724234,0.0020891,0.0188022,0.0669266,0.1260446,0.9965181,0.3144899,0.078125,0.3571429,10.169728906753061
1248.0,0.5152244,0.0024038,0.0464744,0.0280992,0.9527244,0.0,0.8833747,0.0024814,0.0272953,0.0404762,0.0024814,0.9950372,0.0380952,0.0666667,1.0,11.8789634386217
510.0,0.4960784,0.0,0.0901961,0.0583658,0.9294118,0.0,0.8152866,0.0,0.0382166,0.0248447,0.0,1.0,0.1677019,0.0526316,0.0,11.106474871430772
1205.0,0.4647303,0.0008299,0.2481328,0.2139535,0.7950207,0.0431535,0.6470588,0.0141988,0.0263692,0.1101083,0.0,0.9959432,0.234657,0.075,0.8571429,9.615805480084347
761.0,0.4691196,0.0157687,0.1918528,0.1336634,0.8988173,0.0,0.7745098,0.0,0.0196078,0.0584615,0.0130719,1.0,0.2338462,0.0666667,0.6666667,10.2328272702548
228.0,0.4649123,0.0,0.1842105,0.1803279,0.8947368,0.0,0.7411765,0.0,0.0235294,0.0957447,0.0,1.0,0.3191489,0.1111111,1.0,9.873079890114703
422.0,0.4691943,0.0,0.1658768,0.1294643,0.8862559,0.0,0.7202381,0.0,0.0059524,0.0869565,0.0,1.0,0.2717391,0.0,1.0,9.90353755128617
658.0,0.4209726,0.3389058,0.2325228,0.191601,0.8343465,0.0,0.6353791,0.0072202,0.0216606,0.1755952,0.2924188,0.9891697,0.3035714,0.1428571,0.8333333,9.615805480084347
1415.0,0.4784452,0.0833922,0.1095406,0.1233062,0.9038869,0.0007067,0.7681992,0.0019157,0.0191571,0.0645161,0.0766284,0.98659,0.2007168,0.0757576,1.0,10.510559281627845
3973.0,0.4611125,0.2240121,0.1253461,0.0822046,0.7135666,0.0938837,0.6111809,0.004397,0.071608,0.0298598,0.2167085,0.9874372,0.2973796,0.0383387,0.5,11.026808713825016
15333.0,0.4828148,0.0067175,0.0986761,0.0755359,0.8659753,0.0069784,0.7354148,0.0058876,0.0635147,0.0197622,0.0053524,0.9930419,0.2826163,0.0739379,0.3333333,11.055656405795794
955.0,0.5036649,0.0,0.0115183,0.0316456,0.9832461,0.0,0.9533679,0.0051813,0.015544,0.0539216,0.0,0.9896373,0.2696078,0.5895954,0.0,10.862856930775358
13902.0,0.4747518,0.0025896,0.1676737,0.1222953,0.8288016,0.0103582,0.6688057,0.0060606,0.0545455,0.0992293,0.0026738,0.9959002,0.3946692,0.0762066,0.6111111,11.095908894882296
13726.0,0.4862305,0.0128952,0.1091359,0.0741634,0.9052164,0.004517,0.8227484,0.0026555,0.0462492,0.0500315,0.011507,0.9811905,0.1004835,0.1498054,0.3947368,12.033509321931893
1729.0,0.5037594,0.0028918,0.1353383,0.0664336,0.9421631,0.0057837,0.8657718,0.0,0.0134228,0.0277325,0.0016779,0.9983221,0.0261011,0.0952381,1.0,11.408686542313973
40843.0,0.4984942,0.1563059,0.0346693,0.040912,0.9338932,7.35e-05,0.8306289,0.0045209,0.037055,0.0389479,0.1484621,0.9532574,0.1526883,0.1523698,0.2592593,11.270866642542865
58.0,0.4137931,0.2068966,0.2068966,0.1764706,0.8448276,0.0,0.6086957,0.0,0.0,0.2068966,0.173913,0.9130435,0.137931,0.1111111,0.0,10.158168529848494
106.0,0.5,0.0471698,0.2264151,0.245283,0.8490566,0.0,0.6428571,0.0,0.0238095,0.2363636,0.0238095,1.0,0.2363636,0.375,0.0,9.770013301136158
1137.0,0.4925242,0.0211082,0.1116974,0.0987868,0.8680739,0.0,0.7119048,0.0119048,0.0428571,0.0454545,0.0261905,0.9952381,0.4636364,0.1484375,0.0,10.239995502805316
2591.0,0.4797376,0.0007719,0.2018526,0.1327893,0.8471633,0.01621,0.6916996,0.006917,0.0266798,0.0488722,0.0,0.9960474,0.1804511,0.0869565,0.4545455,10.419330568113901
181.0,0.4475138,0.0,0.2541436,0.15,0.8729282,0.0,0.7435897,0.0128205,0.0128205,0.2641509,0.0,0.974359,0.2830189,0.2,0.5,9.615805480084347
3516.0,0.4792378,0.0005688,0.213595,0.1485527,0.8387372,0.0145051,0.6741731,0.0042224,0.026038,0.082634,0.0,0.9619986,0.3841188,0.1361257,0.5263158,10.16203685698089
1007.0,0.509434,0.0287984,0.1519364,0.1234818,0.7328699,0.1380338,0.6685879,0.0028818,0.037464,0.0844327,0.0028818,0.9971182,0.2770449,0.0769231,0.8571429,10.328787967145063
19505.0,0.4551141,0.0558318,0.4193796,0.1909108,0.7749808,0.0111766,0.627407,0.0008151,0.0462557,0.3589995,0.0356597,0.9839022,0.3548197,0.0439509,0.3686067,11.939506063682469
2981.0,0.4890976,0.0026837,0.1519624,0.0472751,0.9158001,0.0,0.8175376,0.0044287,0.0301151,0.0366894,0.0017715,0.9937998,0.0469283,0.1333333,0.1666667,12.501726607862306
1323.0,0.5049131,0.0287226,0.0786092,0.0625954,0.9433107,0.0,0.8653846,0.0021368,0.0235043,0.037037,0.0235043,0.9978632,0.1316872,0.0740741,0.2222222,10.92775337907558
852.0,0.5164319,0.0058685,0.0950704,0.0679612,0.9084507,0.0,0.7912773,0.0031153,0.0280374,0.3422131,0.0093458,0.9719626,0.3995902,0.0833333,0.8,10.823790225800138
628.0,0.4808917,0.0,0.0923567,0.0920245,0.9156051,0.0318471,0.8564103,0.0051282,0.0102564,0.0151515,0.0,1.0,0.0959596,0.1212121,0.0,10.65492722584759
240.0,0.4625,0.0791667,0.2458333,0.1705426,0.8875,0.0,0.7326733,0.0,0.0,0.0900901,0.0594059,1.0,0.3153153,0.2142857,0.0,10.047631185616188
59718.0,0.4641314,0.0084732,0.1351854,0.104653,0.743059,0.0054088,0.5213897,0.0024445,0.0682618,0.0533642,0.0095929,0.9873329,0.3667122,0.035793,0.4680851,11.03005541721757
3825.0,0.4771242,0.0005229,0.136732,0.1185,0.8562092,0.0018301,0.6925152,0.0060688,0.0384356,0.0725453,0.0,0.9959541,0.3220763,0.0998217,0.4666667,10.221977646629885
1946.0,0.479445,0.0015416,0.229702,0.1411649,0.8663926,0.0241521,0.7136872,0.0027933,0.0069832,0.1556604,0.0027933,0.9860335,0.2759434,0.1285714,0.7333333,10.32551474894327
95.0,0.4947368,0.0,0.0526316,0.0208333,0.8736842,0.0,0.6363636,0.0,0.0,0.3888889,0.0,0.969697,0.2592593,0.3333333,1.0,10.2328272702548
623.0,0.4686998,0.0,0.2006421,0.1570997,0.8715891,0.0,0.7108434,0.0,0.0321285,0.03861,0.0,1.0,0.3474903,0.076087,0.75,10.434145214930487
94.0,0.4787234,0.0,0.1382979,0.1020408,0.9042553,0.0,0.7419355,0.0,0.0322581,0.2439024,0.0,1.0,0.2195122,0.5,0.0,9.615805480084347
3026.0,0.4702578,0.0244547,0.2964309,0.176544,0.8245208,0.0042961,0.671653,0.0007479,0.0471204,0.0867486,0.0142109,0.9790576,0.1782787,0.1135135,0.3529412,10.925956465688445
682.0,0.4956012,0.0,0.1334311,0.0726744,0.9325513,0.0,0.8382979,0.0042553,0.0297872,0.0408163,0.0,0.987234,0.2163265,0.2272727,0.0,10.742918838113225
554.0,0.4783394,0.0,0.3303249,0.2352941,0.765343,0.0595668,0.5983264,0.0,0.0041841,0.2265372,0.0,1.0,0.2880259,0.08,0.4,9.741027444837728
20469.0,0.4879085,0.0019053,0.134838,0.1004579,0.761835,0.0253066,0.6096646,0.0063336,0.0948862,0.0530875,0.0015247,0.9811166,0.4149267,0.0534254,0.056338,10.879951039444416
154.0,0.487013,0.0,0.2662338,0.2025316,0.8246753,0.0,0.6086957,0.0,0.0,0.2580645,0.0,1.0,0.3763441,0.1538462,1.0,9.615805480084347
2378.0,0.4432296,0.0142977,0.2018503,0.1873112,0.803196,0.0151388,0.6092843,0.0038685,0.0222437,0.0718133,0.0125725,0.9970986,0.3985637,0.0864198,0.6153846,10.199918739620157
61.0,0.5245902,0.0,0.2622951,0.2068966,0.7704918,0.0,0.5806452,0.0,0.0322581,0.0882353,0.0,1.0,0.2941176,0.0,1.0,9.615805480084347
407.0,0.4791155,0.0,0.2235872,0.1650943,0.8230958,0.0,0.6457143,0.0114286,0.04,0.1116751,0.0,1.0,0.3299492,0.0816327,0.2,9.937937287265354
5910.0,0.4949239,0.0189509,0.1448393,0.0924623,0.8783418,0.0045685,0.7301357,0.003876,0.0484496,0.053211,0.0155039,0.8047481,0.362844,0.1459732,0.6818182,12.21305322449757
137560.0,0.4708418,0.5130852,0.137809,0.1248231,0.8103809,0.0386304,0.6597867,0.0034657,0.0454195,0.1161295,0.4540799,0.9884093,0.3598584,0.1071345,0.5606436,10.604131561522696
1553.0,0.4958146,0.0,0.1281391,0.0817369,0.8847392,0.0,0.7594255,0.005386,0.05386,0.2967172,0.0,0.9874327,0.3282828,0.1076923,0.75,10.675931008412125
214.0,0.4859813,0.1261682,0.1542056,0.1545455,0.8785047,0.0,0.7209302,0.0,0.0232558,0.1041667,0.0813953,1.0,0.2604167,0.1578947,1.0,9.928228944424575
16032.0,0.4705589,0.0037425,0.1755863,0.1196984,0.8413797,0.0174651,0.6811229,0.002681,0.0318562,0.0310208,0.0017347,0.997319,0.2197433,0.03,0.5135135,11.065090289695444
2623.0,0.4422417,0.0316432,0.1597408,0.1203008,0.6019825,0.2493328,0.6126437,0.0022989,0.037931,0.1058582,0.0275862,0.9954023,0.3638232,0.0474576,0.6,9.90353755128617
14722.0,0.5002717,0.003668,0.0641217,0.0570885,0.9490558,0.0008151,0.8522694,0.0043365,0.0346921,0.0239842,0.0054929,0.1491761,0.6075056,0.3737705,0.1666667,11.795853756086931
3362.0,0.4794765,0.0002974,0.1389054,0.0908571,0.8732897,0.0,0.72,0.0037037,0.0288889,0.0506329,0.0,1.0,0.3607595,0.0239808,0.7777778,10.21833478806055
748.0,0.4839572,0.0574866,0.1617647,0.1606218,0.8649733,0.0040107,0.6923077,0.0100334,0.0133779,0.0828221,0.0501672,0.9632107,0.2147239,0.1639344,0.5,10.428245666832275
1491.0,0.4305835,0.056338,0.2676056,0.213192,0.7974514,0.0449363,0.6525157,0.0015723,0.0188679,0.0507463,0.0613208,1.0,0.2940299,0.0686275,0.6666667,10.278527816830314
2200.0,0.4931818,0.0,0.1754545,0.1085202,0.8622727,0.0177273,0.7086331,0.001199,0.0239808,0.0490308,0.0,1.0,0.3306727,0.0446097,0.5555556,10.638280388314705
637.0,0.5023548,0.0015699,0.1899529,0.0567823,0.9215071,0.0,0.8314607,0.0037453,0.0149813,0.1784615,0.0,0.9962547,0.1538462,0.0,0.0,11.467938559235831
2602.0,0.4769408,0.0299769,0.1014604,0.08964,0.8720215,0.0307456,0.7606094,0.007617,0.0228509,0.0564682,0.0359086,0.9902067,0.261807,0.108871,0.5909091,10.718874489469398
654.0,0.5015291,0.0030581,0.0412844,0.0398773,0.969419,0.0,0.8615385,0.0,0.0153846,0.1275168,0.0153846,1.0,0.3020134,0.5140187,1.0,9.615805480084347
290.0,0.5275862,0.0206897,0.1448276,0.0875912,0.8896552,0.0,0.7592593,0.0,0.037037,0.0526316,0.0092593,1.0,0.0789474,0.1818182,1.0,10.332050506334692
1595.0,0.4714734,0.0025078,0.1611285,0.1577699,0.8909091,0.0,0.7442573,0.0015314,0.0091884,0.0789845,0.0030628,0.9892802,0.2538787,0.0902778,0.7368421,10.335302435967074
263.0,0.486692,0.0038023,0.2509506,0.1481481,0.8821293,0.0,0.7741935,0.0,0.0241935,0.1677852,0.0,1.0,0.0268456,0.0,1.0,12.192992471824816
829.0,0.4704463,0.0,0.1785283,0.1138952,0.8866104,0.0,0.7272727,0.0,0.0188088,0.1163435,0.0,0.8902821,0.3545706,0.1511628,1.0,10.292179440058462
794.0,0.5969773,0.2103275,0.0062972,0.003125,0.0541562,0.9433249,0.8571429,0.0,0.0,0.2222222,0.0714286,1.0,0.3888889,0.2142857,0.0,0.0
57.0,0.4736842,0.0,0.245614,0.1,0.877193,0.0,0.75,0.0,0.0416667,0.1724138,0.0,0.875,0.1724138,0.5,0.0,9.65509029374725
2000.0,0.489,0.0,0.0715,0.0499022,0.92,0.0,0.7888386,0.0030166,0.0271493,0.1344648,0.0,0.9939668,0.2845953,0.0915033,0.2,10.628641991731053
306.0,0.4542484,0.0,0.2156863,0.2095808,0.8169935,0.0,0.5984848,0.0,0.0227273,0.0294118,0.0,1.0,0.1764706,0.0555556,0.0,9.615805480084347
478.0,0.4665272,0.0,0.1736402,0.1137255,0.91841,0.0,0.8089888,0.005618,0.0224719,0.0729167,0.0,0.994382,0.296875,0.1142857,1.0,10.003378135350923
262.0,0.4885496,0.0,0.1374046,0.0970149,0.9045802,0.0,0.7857143,0.0102041,0.0204082,0.1694915,0.0,0.9897959,0.2966102,0.2,0.5,9.873079890114703
2758.0,0.4285714,0.2193619,0.2106599,0.2087563,0.7527194,0.1229152,0.668357,0.0010142,0.015213,0.0733083,0.1774848,0.9878296,0.3928571,0.0995261,0.8,10.239995502805316
984.0,0.4817073,0.0213415,0.1615854,0.1254902,0.8506098,0.0,0.6633663,0.0024752,0.0173267,0.1022222,0.0247525,0.9950495,0.3911111,0.0555556,0.8181818,10.138599199626192
412.0,0.5145631,0.0,0.1213592,0.09,0.9126214,0.0,0.807947,0.0,0.0397351,0.0443038,0.0,0.986755,0.3860759,0.1111111,0.0,9.937937287265354
127.0,0.4645669,0.0,0.0551181,0.0294118,0.9448819,0.0,0.8461538,0.0,0.025641,0.1333333,0.0,0.974359,0.3777778,0.0909091,0.0,10.199918739620157
23755.0,0.4394864,0.5843822,0.1589139,0.1531356,0.8472743,0.0301831,0.6889245,0.0019471,0.0177528,0.0863332,0.523995,0.9972512,0.332252,0.1379818,0.5660377,10.354595018522993
1176.0,0.4396259,0.0,0.2789116,0.2124431,0.7823129,0.079932,0.6643836,0.0022831,0.0251142,0.0875,0.0,0.9977169,0.31875,0.1044776,0.0,9.6678285081515
7004.0,0.4553113,0.0037122,0.1723301,0.1368283,0.7822673,0.0295545,0.6270175,0.005614,0.0740351,0.0312712,0.0021053,0.9421053,0.4561523,0.0531915,0.3,11.93558195089097
264.0,0.4848485,0.0,0.1780303,0.125,0.9015152,0.0,0.7570093,0.0,0.0,0.0530973,0.0,1.0,0.300885,0.0588235,0.0,9.770013301136158
641.0,0.4664587,0.0078003,0.1528861,0.0935673,0.8985959,0.0,0.7877551,0.0040816,0.0408163,0.0354331,0.0040816,1.0,0.1692913,0.0454545,0.6666667,11.357452244304588
2293.0,0.4627126,0.0026167,0.2106411,0.150974,0.8264283,0.0,0.6425781,0.0019531,0.0283203,0.052729,0.0029297,0.9960938,0.346901,0.037464,0.8571429,10.442929787247998
806.0,0.4615385,0.0,0.1476427,0.140553,0.9032258,0.0,0.7614379,0.003268,0.0163399,0.0407524,0.0,1.0,0.1974922,0.09375,0.0,10.130662964963708
22203.0,0.4721884,0.0071612,0.1635815,0.1228774,0.8376796,0.0102238,0.6753217,0.0017387,0.0537846,0.0323051,0.0062594,0.987713,0.3363993,0.0442327,0.295082,12.02814741073532
1743.0,0.4618474,0.0,0.21572,0.1812367,0.8313253,0.0252438,0.6773296,0.0027816,0.0208623,0.0967337,0.0,0.8692629,0.3856784,0.1618257,0.7777778,9.952325334619427
323.0,0.4396285,0.0,0.0464396,0.0497238,0.9845201,0.0,0.9285714,0.0,0.0,0.1954023,0.0,1.0,0.7126437,0.2857143,0.0,9.615805480084347
341.0,0.4926686,0.0,0.2639296,0.1965318,0.8475073,0.0,0.6887417,0.0,0.0331126,0.1011905,0.0,1.0,0.2440476,0.05,1.0,9.62911649414402
1071.0,0.4659197,0.0,0.2539683,0.1958042,0.7889823,0.0718954,0.6626794,0.0023923,0.0167464,0.108742,0.0,0.9976077,0.3987207,0.0465116,0.3333333,10.199918739620157
5569.0,0.5070928,0.0037709,0.0563836,0.0349727,0.9222482,0.0,0.8255069,0.0021345,0.0432231,0.0285122,0.0032017,0.9973319,0.1213064,0.0536585,0.2352941,11.291043617373028
1963.0,0.4768212,0.0,0.1996943,0.1470302,0.8558329,0.016811,0.7043011,0.0040323,0.030914,0.0570342,0.0,0.9301075,0.3992395,0.1605505,0.4545455,10.158168529848494
2946.0,0.4874406,0.2942974,0.0594026,0.0655629,0.9076714,0.0,0.7791045,0.0059701,0.0378109,0.0929603,0.2646766,0.9721393,0.2942238,0.1693122,0.6896552,10.7706090484022
1296.0,0.5146605,0.0,0.1396605,0.0556439,0.9290123,0.0,0.843299,0.0082474,0.0206186,0.2750374,0.0,0.9979381,0.0971599,0.1071429,0.3333333,11.06195554002416
4877.0,0.4531474,0.0,0.2563051,0.1968504,0.8281731,0.0,0.635091,0.0009333,0.0219319,0.0770887,0.0,0.9976668,0.1886305,0.0541455,0.8695652,9.97119292889014
10066.0,0.4598649,0.30757,0.1228889,0.1096193,0.7190542,0.1564673,0.675787,0.0026478,0.0329509,0.0702954,0.338629,0.9599882,0.2809081,0.097493,0.2916667,10.021315031649332
619.0,0.5056543,0.0,0.088853,0.0653595,0.9224556,0.0,0.8133971,0.0047847,0.0382775,0.0141509,0.0,0.9904306,0.1886792,0.1351351,0.0,10.463131911491967
192.0,0.4739583,0.0,0.1354167,0.1089109,0.9322917,0.0,0.8030303,0.0,0.0,0.0833333,0.0,1.0,0.0833333,0.2222222,1.0,9.758519582283522
2267.0,0.470225,0.0,0.2382003,0.1815154,0.8173798,0.04367,0.6769912,0.0011062,0.0188053,0.1365807,0.0,0.9988938,0.2941738,0.0618182,0.9411765,10.12667110305036
334.0,0.505988,0.0329341,0.1257485,0.0424242,0.9341317,0.0,0.8173913,0.0,0.0086957,0.1221374,0.026087,0.9826087,0.2137405,0.1111111,0.5,10.413342705547674
1314.0,0.5068493,0.2511416,0.0601218,0.0540123,0.869863,0.0030441,0.7253669,0.0041929,0.067086,0.121547,0.2494759,0.7085954,0.7495396,0.1068966,0.3333333,11.532737896139919
129.0,0.496124,0.0,0.2248062,0.0923077,0.7906977,0.0,0.6034483,0.0,0.0689655,0.2658228,0.0,1.0,0.5063291,0.0666667,1.0,9.615805480084347
316.0,0.4746835,0.0063291,0.1898734,0.1144578,0.8449367,0.0,0.6590909,0.0075758,0.0151515,0.164557,0.0,0.9924242,0.3417722,0.0714286,1.0,9.814710982145282
2335.0,0.4980728,0.0,0.1447537,0.0853242,0.9254818,0.0,0.8086348,0.0011669,0.0116686,0.105428,0.0,0.9836639,0.2212944,0.1631206,0.7142857,10.281958234245314
954.0,0.4737945,0.0031447,0.2096436,0.1513944,0.7023061,0.0,0.507014,0.0,0.0741483,0.4101655,0.0,0.991984,0.4503546,0.0133333,0.9411765,11.05723491317159
398.0,0.4547739,0.0979899,0.1306533,0.1059908,0.9145729,0.0,0.7935484,0.0,0.0129032,0.0372671,0.1096774,0.9935484,0.1118012,0.0357143,0.4,10.576457535657255
878.0,0.476082,0.0,0.167426,0.0956522,0.8883827,0.0,0.7668539,0.005618,0.0365169,0.0246575,0.0,1.0,0.2575342,0.0384615,0.0,10.416341118636355
44922.0,0.4766262,0.1448733,0.0987489,0.0898728,0.7094297,0.094319,0.6083577,0.0026885,0.0929281,0.085418,0.1277031,0.9944477,0.4296558,0.0519452,0.2977941,10.957817003758691
123.0,0.4634146,0.0,0.203252,0.1818182,0.8861789,0.0,0.755102,0.0204082,0.0204082,0.1403509,0.0,0.9795918,0.1929825,0.1111111,0.0,9.615805480084347
1541.0,0.4717716,0.0,0.2102531,0.1793612,0.8319273,0.0266061,0.678511,0.0050761,0.0321489,0.0692913,0.0,1.0,0.3055118,0.0657895,0.7058824,10.142543822310387
1280.0,0.4242187,0.0007813,0.3117188,0.2279512,0.753125,0.053125,0.588968,0.0053381,0.0231317,0.1008,0.0017794,0.9982206,0.3568,0.0564972,0.5,9.615805480084347
1536.0,0.4388021,0.0,0.1861979,0.1612529,0.8398438,0.0325521,0.6976744,0.0083056,0.0149502,0.1068249,0.0,0.9933555,0.3961424,0.1202186,0.5454545,9.97119292889014
16434.0,0.4936717,0.0102836,0.0537301,0.0570845,0.9233297,0.0067543,0.8192574,0.005712,0.0361077,0.0275739,0.0077519,0.9016728,0.1888514,0.1794393,0.3571429,11.041336579870135
229.0,0.5021834,0.0,0.2663755,0.1754386,0.8427948,0.0,0.6777778,0.0111111,0.0555556,0.1176471,0.0,1.0,0.0882353,0.0,1.0,9.661479683575521
2774.0,0.4700793,0.0010815,0.1773612,0.1285714,0.8817592,0.0,0.7302573,0.0017746,0.0195209,0.0608333,0.0017746,1.0,0.1925,0.0612245,0.6666667,10.606609816118151
11938.0,0.4588708,0.0206065,0.1912381,0.1419505,0.7728263,0.0118948,0.5850379,0.0047348,0.0579545,0.0546106,0.0202652,0.9941288,0.3346464,0.0549856,0.4285714,10.542732775946709
1256.0,0.4578025,0.3113057,0.1584395,0.1908957,0.8622611,0.0,0.6782077,0.0020367,0.0203666,0.1563574,0.2688391,0.9959267,0.3367698,0.1438356,0.75,9.615805480084347
1705.0,0.4967742,0.0,0.058651,0.0559441,0.9747801,0.0,0.9124088,0.0048662,0.0072993,0.2126437,0.0,0.0097324,0.5306513,0.4285714,0.0,9.615805480084347
32000.0,0.4815313,0.01275,0.1560313,0.098246,0.9300312,0.009,0.8466507,0.0007381,0.0201144,0.0227232,0.0104263,0.9866211,0.0580703,0.1196054,0.4368932,12.212059687374296
5778.0,0.4440983,0.4541364,0.1825891,0.1646949,0.8419868,0.0179993,0.6774759,0.0048203,0.0223488,0.0764873,0.3978966,0.9973707,0.3476325,0.0858653,0.6785714,10.351405324899678
2597.0,0.4951868,0.0750866,0.1286099,0.109077,0.9256835,0.0,0.786134,0.0047004,0.0117509,0.1316327,0.0634548,0.6157462,0.3989796,0.1909548,0.7272727,9.615805480084347
1631.0,0.4733292,0.0079706,0.1410178,0.1117579,0.8841202,0.0,0.7334437,0.0066225,0.0331126,0.1104566,0.0066225,0.9089404,0.3578792,0.185654,0.5,11.0186455364637
232.0,0.5043103,0.0344828,0.1594828,0.0869565,0.9137931,0.0,0.7882353,0.0,0.0235294,0.0860215,0.0470588,0.9882353,0.2688172,0.1052632,0.0,10.657282884047461
579.0,0.5146805,0.0,0.1416235,0.0960854,0.8911917,0.0,0.7255814,0.0,0.0186047,0.1634241,0.0,1.0,0.2723735,0.1111111,0.6666667,10.457401400981889
38.0,0.5526316,0.0,0.2894737,0.1176471,0.8421053,0.0,0.6666667,0.0,0.0666667,0.9597855,0.0,0.9333333,0.1152815,0.0,0.9130435,12.323860125621126
53.0,0.490566,0.0,0.1698113,0.1481481,0.8301887,0.0,0.68,0.0,0.04,0.2857143,0.0,1.0,0.3714286,0.0,1.0,9.615805480084347
13305.0,0.4311913,0.0338219,0.1992484,0.152352,0.7746712,0.1076287,0.7188377,0.0014028,0.0288577,0.0364935,0.0298597,0.99499,0.2110446,0.0378422,0.2340426,11.038126355768453
939.0,0.4068158,0.3855165,0.2428115,0.2387792,0.7848775,0.1001065,0.6988304,0.002924,0.0087719,0.0338983,0.3421053,0.997076,0.2853107,0.1014493,0.3333333,10.43708198835482
1630.0,0.4846626,0.0006135,0.1601227,0.0964286,0.891411,0.0,0.7539432,0.0031546,0.0299685,0.0758017,0.0,0.9968454,0.2376093,0.0853659,0.3333333,10.589131655274922
5267.0,0.6576799,0.3140308,0.0007594,0.004437,0.6138219,0.3673818,0.8975713,0.0,0.0021119,0.0395538,0.3262936,0.9165787,0.1754564,0.2228145,0.0,9.615805480084347
4099.0,0.4462064,0.0236643,0.2737253,0.2026432,0.7977556,0.0453769,0.6598719,0.0058241,0.022714,0.1038622,0.0244613,0.9988352,0.3204593,0.089404,0.5294118,10.043292972227004
10013.0,0.5059423,0.0660142,0.0293618,0.02547,0.9659443,0.0136822,0.9377562,0.0011182,0.0111815,0.0310581,0.0663436,0.9645919,0.2322138,0.2967856,0.7333333,11.701071692055445
22906.0,0.4812276,0.3826508,0.1189208,0.1161323,0.8582031,0.0374574,0.7351084,0.0029721,0.0241486,0.0929005,0.3365944,0.9912074,0.3686812,0.1366341,0.6,10.318935994253193
514.0,0.4435798,0.2101167,0.2023346,0.1713287,0.8249027,0.0428016,0.69,0.005,0.015,0.0697674,0.15,1.0,0.227907,0.0447761,1.0,10.428245666832275
1139.0,0.4925373,0.0,0.1694469,0.1435986,0.8516242,0.0,0.6615385,0.0043956,0.0263736,0.0560166,0.0,1.0,0.3817427,0.054878,0.6,10.611547975828369
703.0,0.4907539,0.0056899,0.1038407,0.0977654,0.9061166,0.0,0.7831325,0.0040161,0.0321285,0.0423077,0.0,0.9799197,0.1192308,0.1282051,1.0,10.34177474101152
1360.0,0.4713235,0.2198529,0.1272059,0.0917942,0.9095588,0.0,0.7775468,0.002079,0.031185,0.0714286,0.1975052,0.991684,0.2451737,0.1637931,0.6666667,10.589131655274922
2040.0,0.495098,0.0019608,0.0867647,0.0912621,0.8901961,0.0,0.7441217,0.0096819,0.033195,0.068299,0.0013831,0.9861687,0.3002577,0.0764706,0.4285714,10.389026137075234
7005.0,0.5127766,0.0017131,0.0742327,0.0591855,0.9511777,0.0094218,0.8836795,0.0035608,0.0225519,0.0354894,0.0011869,0.2605341,0.5260446,0.4038462,0.4545455,10.766398604507042
7001.0,0.4736466,0.0051421,0.1956863,0.1169607,0.7964576,0.0175689,0.6392468,0.0066072,0.0479022,0.0771341,0.0029732,0.9900892,0.3506098,0.0585859,0.1142857,11.028433383156079
252.0,0.5198413,0.0,0.1825397,0.0578512,0.8968254,0.0,0.7446809,0.0,0.0212766,0.0105263,0.0,1.0,0.3894737,0.2142857,0.0,10.292179440058462
5592.0,0.4676323,0.0089413,0.1550429,0.1165603,0.8837625,0.0200286,0.7717231,0.005891,0.0260187,0.0304617,0.0098184,0.9916544,0.2141837,0.061144,0.6153846,11.211833885608513
69330.0,0.5047887,0.0243329,0.0557334,0.0539423,0.9425501,0.009736,0.8599374,0.0051764,0.0346696,0.032889,0.0290719,0.3825087,0.5443274,0.3948083,0.2357724,11.719134432217524
1748.0,0.4708238,0.0057208,0.1327231,0.067027,0.9439359,0.021167,0.9084112,0.0,0.0186916,0.0564374,0.0037383,0.988785,0.037037,0.0,0.2307692,13.122367377396328
1306.0,0.4640123,0.0099541,0.3399694,0.2471429,0.7526799,0.0658499,0.5993031,0.0,0.0121951,0.1846591,0.0052265,0.9982578,0.2997159,0.0915493,0.9047619,9.615805480084347
11587.0,0.4852852,0.1446449,0.068784,0.0591885,0.8930698,0.0027617,0.7614213,0.0025381,0.0325335,0.0503944,0.127365,0.9921551,0.2552585,0.0583942,0.42,11.098939154318382
4806.0,0.4633791,0.0006242,0.2172285,0.1601396,0.8478985,0.0185185,0.6925482,0.0026055,0.0224075,0.0616137,0.0,0.9979156,0.3334963,0.0795181,0.8,10.357774570341576
2963.0,0.4971313,0.0523118,0.1447857,0.1127517,0.8950388,0.0074249,0.7750929,0.0027881,0.0381041,0.067591,0.0446097,0.9526022,0.1715771,0.0578035,0.3225806,11.778369597156942
2705.0,0.4724584,0.0014787,0.3774492,0.1632796,0.8073937,0.0036969,0.6623672,0.0053111,0.0440061,0.3052188,0.0022762,0.9939302,0.5292567,0.0744186,0.3636364,10.5815464756746
709.0,0.4880113,0.0,0.235543,0.1652893,0.8363893,0.0,0.6449511,0.0032573,0.0228013,0.1178161,0.0,0.9609121,0.183908,0.0555556,0.8,9.615805480084347
17187.0,0.4768721,0.0105312,0.1548845,0.1204538,0.8997498,5.82e-05,0.7592683,0.0011332,0.0301117,0.0238622,0.0087421,0.9577465,0.2255057,0.0510719,0.2745098,12.017940238399461
1679.0,0.4776653,0.0,0.1268612,0.1208666,0.8254914,0.0285884,0.6617406,0.001642,0.0541872,0.1135371,0.0,0.9950739,0.4163028,0.0730769,0.4285714,10.657282884047461
1357.0,0.4502579,0.0,0.2866618,0.1970509,0.7951363,0.0648489,0.6615385,0.0038462,0.0192308,0.0647482,0.0,1.0,0.2176259,0.1010101,1.0,9.994287576862567
882.0,0.4455782,0.5102041,0.1530612,0.1697342,0.9058957,0.0022676,0.7550336,0.0033557,0.0167785,0.0996979,0.4261745,0.9966443,0.2386707,0.1333333,1.0,10.077482875583607
696.0,0.6652299,0.0545977,0.0158046,0.0128755,0.5272989,0.3836207,0.6582278,0.0063291,0.0443038,0.3070175,0.0063291,0.9620253,0.5394737,0.125,0.0,11.528808656597766
9188.0,0.4730083,0.0052242,0.1245102,0.0819909,0.7908141,0.0020679,0.633746,0.0061895,0.1022605,0.0532484,0.0040366,0.9480624,0.3979618,0.0823199,0.2857143,12.274203145281486
2403.0,0.4386184,0.0037453,0.1951727,0.1845812,0.7673741,0.0615897,0.6273486,0.0031315,0.045929,0.0542942,0.0010438,0.9791232,0.3494571,0.0516796,0.4,10.328787967145063
476.0,0.5,0.0,0.0714286,0.0714286,0.9180672,0.0,0.78125,0.00625,0.01875,0.0419162,0.0,1.0,0.0838323,0.1666667,0.5,10.573903321093981
9770.0,0.5764585,0.1694985,0.0472876,0.0442243,0.5078813,0.4365404,0.7534591,0.0081761,0.0446541,0.1047297,0.0238994,0.508805,0.5574324,0.3411911,0.75,10.616461869895815
1259.0,0.4837172,0.0,0.1231136,0.0753846,0.8864178,0.0,0.747807,0.0087719,0.0504386,0.0359408,0.0,0.9736842,0.3234672,0.0916667,0.0,10.725489582719506
252.0,0.4246032,0.0,0.2222222,0.1655172,0.8730159,0.0,0.7115385,0.0,0.0192308,0.0714286,0.0,1.0,0.1428571,0.0714286,0.6666667,9.841665338892785
14.0,0.5,0.0,0.0714286,0.1428571,0.9285714,0.0,0.75,0.0,0.0,0.0,0.0,1.0,0.0,1.0,0.0,9.615805480084347
26037.0,0.4766678,0.013404,0.143757,0.1000294,0.8082344,0.0170142,0.6637424,0.0049166,0.0793406,0.0258264,0.0122433,0.982358,0.3236289,0.0568505,0.1707317,11.608244735642321
261.0,0.5210728,0.0,0.1340996,0.064,0.8888889,0.0,0.7821782,0.019802,0.049505,0.1140351,0.0,1.0,0.2017544,0.0952381,1.0,9.615805480084347
1809.0,0.4383637,0.0469873,0.2371476,0.2175197,0.7407407,0.0641238,0.6072773,0.0100376,0.0376412,0.1134594,0.0451694,0.9987453,0.3959956,0.0346021,0.5,10.579005242826247
20.0,0.45,0.0,0.4,0.1818182,0.95,0.0,0.8888889,0.0,0.0,0.25,0.0,1.0,0.1666667,0.0,1.0,9.615805480084347
92.0,0.4456522,0.0,0.4782609,0.2941176,0.7391304,0.0,0.5294118,0.0,0.0,0.2816901,0.0,1.0,0.4647887,0.0625,0.0,9.615805480084347
4350.0,0.4737931,0.0294253,0.1135632,0.102228,0.8590805,0.0,0.6898008,0.008449,0.047073,0.0850359,0.0295715,0.9909475,0.4362231,0.100551,0.5833333,10.61890979160975
294.0,0.5034014,0.0,0.0442177,0.0753425,0.9489796,0.0,0.8,0.0,0.0307692,0.0972222,0.0,0.9538462,0.4305556,0.4909091,0.0,9.615805480084347
1623.0,0.5046211,0.008626,0.1201479,0.0696517,0.8237831,0.0,0.6796267,0.0015552,0.0777605,0.2750846,0.0062208,1.0,0.1984216,0.0670391,0.8181818,11.900233391293936
663.0,0.5143288,0.0060332,0.1719457,0.0652174,0.7888386,0.0,0.6019737,0.0,0.0625,0.0925373,0.0098684,0.4769737,0.8268657,0.1034483,0.3333333,10.413342705547674
51.0,0.4509804,0.0,0.1568627,0.1785714,0.9215686,0.0,0.7894737,0.0,0.0,0.0952381,0.0,1.0,0.3809524,0.1666667,0.0,9.966509298952284
8855.0,0.4725014,0.0001129,0.1408244,0.1089702,0.8559006,0.0117448,0.7092919,0.0041829,0.0457126,0.0222027,0.0,0.9793845,0.3067485,0.0674754,0.5454545,11.005444242454628
3979.0,0.476753,0.0588087,0.1256597,0.1143132,0.8419201,0.048002,0.743215,0.0048713,0.0410578,0.0546053,0.0452331,0.9839944,0.3736842,0.0851852,0.047619,10.721084386282662
45.0,0.4222222,0.0,0.1555556,0.1538462,0.8666667,0.0,0.6666667,0.0,0.0,0.1,0.0,1.0,0.4,0.0,0.0,9.615805480084347
2217.0,0.5119531,0.0027064,0.1222373,0.0711645,0.8755074,0.0193956,0.7569528,0.0024184,0.0326481,0.101087,0.0024184,0.9564692,0.2826087,0.1284404,0.1612903,11.246365410473757
1391.0,0.4435658,0.0007189,0.278936,0.1976744,0.7972682,0.0661395,0.6783088,0.0036765,0.0238971,0.1081967,0.0018382,0.9908088,0.2770492,0.0687023,0.6363636,9.61587214452889
449.0,0.4877506,0.0022272,0.1403118,0.126087,0.8418708,0.0,0.6685393,0.011236,0.0505618,0.0729167,0.0,0.9662921,0.4010417,0.1408451,0.5,10.5506169722625
2189.0,0.4920055,0.0009137,0.1201462,0.1007194,0.8848789,0.0146185,0.7631579,0.0012531,0.0338346,0.0373945,0.0012531,0.9761905,0.2617612,0.0884956,0.4,10.980212041446208
2090.0,0.4684211,0.05311,0.2138756,0.1791179,0.8492823,0.0277512,0.7089552,0.0037313,0.0223881,0.1464968,0.0547264,0.9838308,0.3280255,0.1060606,0.5714286,10.285376924115587
766.0,0.497389,0.0091384,0.1671018,0.1246753,0.886423,0.0,0.7241379,0.0,0.0172414,0.0429043,0.0103448,0.9931034,0.2046205,0.1,0.0,10.285376924115587
692.0,0.4754335,0.0014451,0.2471098,0.1928375,0.8251445,0.0867052,0.7541667,0.0,0.0083333,0.0874525,0.0041667,1.0,0.148289,0.1521739,0.25,10.146472946063877
3929.0,0.4871469,0.0025452,0.1079155,0.0774194,0.8953932,0.0,0.7600834,0.0062587,0.0333797,0.1204893,0.0013908,0.9937413,0.4036697,0.0647482,0.5,11.352768449837729
851.0,0.4782609,0.0035253,0.1504113,0.1148649,0.8636898,0.0105758,0.694864,0.0030211,0.0120846,0.0881543,0.0,0.9909366,0.3608815,0.0956522,0.25,10.043292972227004
567.0,0.5149912,0.0,0.1393298,0.0909091,0.8818342,0.0,0.7281106,0.0,0.0368664,0.0524017,0.0,0.9769585,0.3056769,0.0851064,0.2,10.898607948952096
11851.0,0.4642646,0.0005907,0.1792254,0.1414396,0.8089613,0.0303772,0.6489694,0.0054133,0.0324797,0.0506029,0.0004164,0.9972934,0.3395928,0.0569659,0.2156863,10.643064971973882
388.0,0.4536082,0.4690722,0.1494845,0.1650943,0.9020619,0.0,0.7428571,0.0,0.0071429,0.0789474,0.4,0.9857143,0.2960526,0.1351351,1.0,10.118639253920785
10555.0,0.4892468,0.0369493,0.0921838,0.0797626,0.8988157,0.0103269,0.792364,0.0044456,0.0326883,0.0684531,0.0371339,0.8606172,0.2967113,0.1063658,0.7384615,10.753659849198824
1981.0,0.4578496,0.0,0.2811711,0.207635,0.8061585,0.0176678,0.6252796,0.0011186,0.0145414,0.1077844,0.0,0.9955257,0.3073852,0.0564516,0.65,9.615805480084347
285.0,0.5192982,0.0,0.154386,0.1313869,0.9087719,0.0,0.75,0.0,0.0208333,0.25,0.0,0.9895833,0.203125,0.1538462,0.25,10.165890277802454
1412.0,0.4865439,0.0,0.1324363,0.1089655,0.8689802,0.0,0.7221207,0.0091408,0.0457038,0.0883333,0.0,0.9945155,0.2966667,0.0666667,0.8571429,10.261196961231647
769.0,0.4850455,0.0026008,0.1261378,0.1035354,0.8595579,0.0286086,0.7392857,0.0107143,0.0357143,0.0789474,0.0035714,0.9928571,0.2631579,0.0909091,0.5,10.298935994257638
1110.0,0.4603604,0.145045,0.2648649,0.2203673,0.8126126,0.0621622,0.6840855,0.0023753,0.0142518,0.2101313,0.1401425,0.9619952,0.4296435,0.0921986,0.4444444,9.898525260706313
239.0,0.4769874,0.0041841,0.2175732,0.112,0.8535565,0.0,0.7156863,0.0098039,0.0196078,0.0555556,0.0098039,1.0,0.2407407,0.0,0.0,10.576457535657255
35701.0,0.4646649,0.0316798,0.1644492,0.1265697,0.8188286,0.010728,0.6484719,0.002478,0.0546531,0.0576025,0.0318695,0.9721228,0.3940711,0.0634828,0.6666667,11.788289480716973
6705.0,0.4615958,0.0011931,0.1655481,0.1360111,0.8499627,0.0266965,0.7154378,0.0038402,0.0241935,0.0619597,0.0011521,0.9976959,0.2654899,0.0620783,0.8333333,10.776891660007811
747.0,0.4779116,0.0,0.1191432,0.0820513,0.9236948,0.0,0.798419,0.0039526,0.0158103,0.1122807,0.0,1.0,0.2701754,0.1724138,0.6666667,10.012386799492118
176.0,0.4886364,0.9943182,0.1647727,0.1333333,0.8295455,0.0,0.625,0.0138889,0.0277778,0.1627907,1.0,1.0,0.3372093,0.1578947,1.0,9.615805480084347
7511.0,0.4826255,0.0058581,0.2323259,0.1435924,0.8377047,0.0186393,0.6858506,0.0015898,0.0238474,0.0420347,0.0038156,0.9977742,0.2595187,0.0381862,0.5,10.643064971973882
587.0,0.451448,0.1039182,0.2367973,0.2204969,0.8415673,0.0596252,0.741784,0.0,0.0140845,0.0974576,0.1173709,0.9953052,0.3008475,0.173913,0.0,10.047631185616188
272.0,0.4669118,0.0,0.3125,0.2275862,0.7720588,0.0,0.5496183,0.0,0.0152672,0.1548387,0.0,1.0,0.3612903,0.0571429,1.0,9.615805480084347
411.0,0.4671533,0.0097324,0.1703163,0.0958904,0.8515815,0.0,0.6860465,0.005814,0.0348837,0.0851064,0.0116279,1.0,0.3776596,0.0163934,0.0,10.96648993456911
164.0,0.5121951,0.0182927,0.2134146,0.1375,0.8536585,0.0,0.6818182,0.0,0.0151515,0.12,0.030303,1.0,0.2533333,0.0,0.0,10.335302435967074
4122.0,0.4968462,0.0067928,0.2731684,0.123433,0.8486172,0.0,0.6823956,0.0018149,0.0508167,0.2676119,0.0054446,0.8378705,0.3380594,0.1892857,0.2325581,11.038126355768453
114.0,0.5175439,0.0,0.1578947,0.1818182,0.877193,0.0,0.7045455,0.0,0.0227273,0.0222222,0.0,1.0,0.1777778,0.0,0.0,9.615805480084347
90.0,0.5,0.0,0.2888889,0.2444444,0.7888889,0.0,0.5909091,0.0,0.0227273,0.12,0.0,1.0,0.52,0.0588235,0.0,10.056251557087757
87.0,0.4712644,0.0,0.1264368,0.0869565,0.8390805,0.0,0.6470588,0.0294118,0.0294118,0.2765957,0.0,0.9705882,0.5106383,0.1818182,0.0,10.428245666832275
2098.0,0.4957102,0.0019066,0.085796,0.0557656,0.8817922,0.0,0.7477004,0.0052562,0.064389,0.024359,0.0013141,0.9973719,0.2692308,0.026616,0.6666667,11.021918808236205
9656.0,0.4596106,0.2648094,0.230116,0.1830203,0.8248757,0.0085957,0.6440514,0.0024231,0.0278653,0.117408,0.249576,0.9953962,0.3736099,0.0734194,0.8064516,9.857495968685136
947.0,0.5279831,0.0,0.1108765,0.0738255,0.9429778,0.0,0.820339,0.0,0.0033898,0.0166667,0.0,0.9966102,0.1333333,0.0512821,0.3333333,10.725489582719506
6529.0,0.4588758,0.0,0.2095267,0.1701104,0.8120692,0.0304794,0.6623377,0.0059369,0.0319109,0.0789474,0.0,0.9977737,0.3198906,0.0678532,0.5416667,10.285376924115587
221.0,0.479638,0.0090498,0.2488688,0.1478261,0.8823529,0.0,0.7282609,0.0,0.0108696,0.1559633,0.0,1.0,0.1743119,0.0909091,0.8571429,9.615805480084347
3669.0,0.4870537,0.0166258,0.0575089,0.053135,0.9416735,0.0,0.8534622,0.0032206,0.0169082,0.0319564,0.0144928,0.9911433,0.0272798,0.2017937,0.2727273,10.39516093745751
737.0,0.4613297,0.0067843,0.2184532,0.1687657,0.816825,0.0,0.6231454,0.0,0.0178042,0.0533708,0.0029674,0.9940653,0.255618,0.0194175,0.25,11.157692338256169
6056.0,0.4474901,0.0036328,0.1905548,0.1503288,0.7595773,0.0312087,0.5876209,0.005029,0.0572534,0.0781027,0.0027079,0.9965184,0.3534237,0.0513259,0.2777778,10.757924157061597
229.0,0.419214,0.0,0.1528384,0.1278195,0.9432314,0.0,0.8169014,0.0,0.0,0.1341463,0.0,0.971831,0.2926829,0.3076923,1.0,10.868587496017359
1662.0,0.4855596,0.0018051,0.1353791,0.1111111,0.8393502,0.0138387,0.6871069,0.0078616,0.0534591,0.052161,0.0015723,0.9968553,0.2742176,0.05,0.5,10.685126264117057
414.0,0.4661836,0.6714976,0.1328502,0.1538462,0.8913043,0.0,0.7350993,0.0,0.0331126,0.1169591,0.589404,0.9933775,0.2631579,0.1212121,0.0,9.615805480084347
8399.0,0.4902965,0.0590546,0.0570306,0.0555945,0.7172282,0.0005953,0.5768335,0.0055297,0.1725844,0.0660506,0.0552969,0.9383003,0.3193803,0.0596473,0.25,11.995357787034976
11924.0,0.4713183,0.0765683,0.191211,0.1486358,0.7801912,0.0529185,0.6324111,0.0035365,0.0361972,0.1181435,0.0721864,0.9700437,0.3021464,0.0761844,0.5959596,9.852246888342531
1692.0,0.4846336,0.000591,0.2115839,0.125,0.8120567,0.0041371,0.6368491,0.0040053,0.0453939,0.1136095,0.0,0.9933244,0.4236686,0.05625,0.5,10.922352923113982
451.0,0.5521064,0.0,0.0909091,0.0346535,0.8181818,0.0776053,0.7655172,0.0137931,0.0482759,0.0880503,0.0,1.0,0.1761006,0.0666667,0.0,10.938467575959383
9200.0,0.4526087,0.0675,0.2233696,0.1735504,0.8219565,0.0258696,0.6648163,0.0018504,0.0290775,0.0741557,0.0637061,0.9952419,0.3524229,0.0542043,0.7,10.53212287826962
361.0,0.5041551,0.0,0.1412742,0.1675978,0.8614958,0.0,0.7042254,0.0070423,0.0422535,0.1012658,0.0,0.9929577,0.1202532,0.125,0.6666667,10.376642461280849
97.0,0.5051546,0.0,0.2268041,0.1041667,0.8762887,0.0,0.7209302,0.0,0.0,0.4625,0.0,1.0,0.3125,0.0,0.875,9.615805480084347
1811.0,0.4930977,0.0971839,0.1170624,0.0882353,0.8928769,0.0,0.7545455,0.0045455,0.0363636,0.0971272,0.1,0.9015152,0.4199726,0.1584906,0.75,10.521399202410167
2075.0,0.4881928,0.0086747,0.1508434,0.0781544,0.8862651,0.0,0.7556962,0.0075949,0.0392405,0.1143498,0.0101266,0.9822785,0.4147982,0.1032609,0.0,10.837637848711049
57.0,0.4561404,0.0,0.1403509,0.0967742,0.877193,0.0,0.6956522,0.0,0.0,0.2333333,0.0,1.0,0.2666667,0.3333333,1.0,10.499600568082863
508.0,0.5452756,0.0,0.0708661,0.034632,0.8543307,0.0,0.6951872,0.0160428,0.0534759,0.4483776,0.0,0.9893048,0.7345133,0.1944444,0.0,10.515993929932415
8170.0,0.45153,0.005508,0.1605875,0.1385851,0.7112607,0.1225214,0.6256341,0.0064254,0.0534325,0.0686614,0.0027054,0.99256,0.3483465,0.078534,0.5882353,10.292179440058462
42.0,0.5714286,0.0,0.1190476,0.1111111,0.7142857,0.0,0.6666667,0.0666667,0.1333333,0.2105263,0.0,1.0,0.2105263,0.0,0.0,9.615805480084347
2525.0,0.4554455,0.0756436,0.2237624,0.1992727,0.7390099,0.129505,0.6861314,0.0052138,0.0239833,0.0438684,0.0636079,0.983316,0.3509472,0.0694864,0.6666667,10.540090836284206
278.0,0.5323741,0.0,0.0827338,0.0461538,0.9784173,0.0,0.9032258,0.0,0.0,0.2051282,0.0,1.0,0.5769231,0.25,0.0,9.615805480084347
3269.0,0.5261548,0.0076476,0.0535332,0.0271143,0.8409299,0.0,0.6860294,0.0014706,0.0625,0.0640055,0.0066176,0.9772059,0.3234687,0.0229645,0.4545455,11.3655964644899
185.0,0.4594595,0.0,0.2378378,0.14,0.827027,0.0,0.6966292,0.0,0.0561798,0.4294872,0.0,1.0,0.5448718,0.047619,0.0,10.781058245898533
191.0,0.4973822,0.0,0.2146597,0.2291667,0.9057592,0.0,0.7792208,0.0,0.012987,0.0941176,0.0,1.0,0.2470588,0.0454545,0.0,10.727684925086583
14716.0,0.4823322,0.2948491,0.1681163,0.1244421,0.8244088,0.0571487,0.7219321,0.0027975,0.035994,0.0871638,0.2601641,0.9710929,0.3176711,0.1240709,0.4193548,10.563620718477313
6533.0,0.4683912,0.0038267,0.1875096,0.13389,0.83591,0.0001531,0.6594393,0.0048598,0.0500935,0.0610741,0.0014953,0.9869159,0.3495963,0.0686275,0.6666667,11.299744620670225
66692.0,0.4793229,0.0616566,0.1437504,0.0955508,0.8454087,0.0071073,0.7053494,0.0029446,0.0652724,0.098983,0.0503983,0.9327645,0.3513045,0.0494695,0.3528529,11.443586104891608
3709.0,0.4904287,0.0080884,0.0771097,0.0603175,0.9358318,0.0,0.8510274,0.010274,0.0351027,0.0217755,0.0085616,0.994863,0.1214405,0.0692308,0.0,11.812296455066814
873.0,0.4604811,0.161512,0.1798396,0.1231423,0.9026346,0.0,0.754491,0.0,0.008982,0.2159624,0.1437126,0.997006,0.342723,0.1818182,1.0,10.069044362997353
9840.0,0.4961382,0.0212398,0.0281504,0.0344897,0.9049797,0.0,0.7902307,0.0056937,0.0533413,0.0471159,0.0206773,0.973629,0.2721302,0.0887273,0.2903226,10.757924157061597
34438.0,0.4686103,0.0804634,0.1460596,0.1112022,0.718828,0.0880713,0.6147895,0.0031989,0.0802708,0.0810146,0.0647969,0.9965779,0.3895536,0.0490145,0.3513514,10.62135173563291
2864.0,0.4647346,0.0010475,0.1759777,0.1200261,0.8861732,0.0038408,0.7422868,0.0027223,0.0245009,0.0213144,0.0018149,0.9972777,0.1731794,0.0305677,0.3333333,11.008760940077243
848.0,0.495283,0.0,0.1084906,0.088785,0.9150943,0.0,0.7864407,0.0033898,0.0237288,0.0838509,0.0,0.979661,0.3478261,0.1129032,0.2,10.196194479235656
761.0,0.4664915,0.1458607,0.2444152,0.1995074,0.8094612,0.064389,0.6724739,0.0,0.0069686,0.1729107,0.1393728,1.0,0.4351585,0.1037736,0.5,9.61587214452889
1185.0,0.4886076,0.0708861,0.1662447,0.0874587,0.9037975,0.0168776,0.8153846,0.0,0.021978,0.2045455,0.0681319,1.0,0.2727273,0.0666667,0.6428571,10.599156550639583
11530.0,0.4637467,0.1521249,0.1189939,0.0857189,0.3876843,0.3665221,0.4619377,0.0020185,0.188293,0.1242424,0.1577278,0.9887543,0.4502525,0.0426111,0.35,11.356283350762888
201.0,0.4676617,0.7313433,0.1343284,0.1308411,0.8706468,0.0,0.6338028,0.0,0.0,0.2111111,0.6056338,1.0,0.5555556,0.0952381,0.0,10.351405324899678
164.0,0.5426829,0.0304878,0.3292683,0.1066667,0.847561,0.0,0.7195122,0.0,0.0243902,0.74613,0.0243902,0.9756098,0.123839,0.0,0.5,11.34333452885509
54.0,0.537037,0.0,0.0,0.12,0.6296296,0.0,0.483871,0.0,0.1290323,0.3921569,0.0,0.8709677,0.7647059,0.0,0.0,9.615805480084347
260.0,0.4884615,0.0038462,0.2,0.1353383,0.8730769,0.0,0.69,0.01,0.01,0.1304348,0.0,1.0,0.3478261,0.0625,0.0,9.615805480084347
2746.0,0.4799709,0.0014567,0.0568099,0.0322129,0.9202476,0.0,0.8203724,0.0065717,0.0460022,0.0419727,0.0021906,0.9912377,0.2235047,0.1218274,0.6,10.872389709681492
60838.0,0.4800947,0.0045531,0.1680693,0.1218147,0.8746507,0.0081364,0.7342096,0.0020912,0.0320929,0.0211788,0.0037129,0.9824172,0.1707674,0.0713511,0.350365,10.77270764101727
7163.0,0.4598632,0.0032109,0.2314673,0.1721375,0.7276281,0.0809717,0.6007363,0.0016734,0.0421687,0.0726257,0.003012,0.997992,0.3904407,0.0320988,0.6470588,10.32551474894327
193.0,0.4455959,0.0,0.134715,0.1308411,0.880829,0.0,0.7105263,0.0,0.0131579,0.05,0.0,1.0,0.1625,0.1818182,1.0,10.114599007626499
3964.0,0.4954591,0.0063068,0.0464178,0.0485,0.9316347,0.0,0.8324407,0.0015302,0.0298393,0.0296956,0.0045907,0.9770467,0.1870824,0.0794224,0.75,11.130214506480655
2654.0,0.4487566,0.0003768,0.1804823,0.16473,0.8568199,0.0241145,0.7149446,0.0009225,0.0055351,0.0541012,0.0,0.9944649,0.3987784,0.0718085,0.5,10.064798252418377
8485.0,0.4583382,0.0683559,0.2313494,0.1462141,0.8339423,0.0220389,0.6839437,0.0014085,0.0253521,0.0677521,0.0492958,0.9921127,0.2610294,0.0717172,0.2115385,10.868587496017359
1572.0,0.4669211,0.0,0.3307888,0.2195704,0.7881679,0.0585242,0.6490166,0.0,0.0121029,0.0768156,0.0,0.9969743,0.2863128,0.0469799,0.7,9.615805480084347
99.0,0.4646465,0.0,0.1919192,0.1320755,0.8686869,0.0,0.6904762,0.0,0.0,0.2222222,0.0,1.0,0.1111111,0.0,1.0,9.615805480084347
133850.0,0.5082854,0.028771,0.1180575,0.083384,0.7187673,0.0315951,0.5554062,0.0065112,0.1078448,0.0667601,0.0247879,0.9252872,0.5447837,0.0652432,0.2300557,11.366754528799243
55.0,0.5090909,0.0,0.1272727,0.1481481,0.9090909,0.0,0.75,0.0,0.0,0.2307692,0.0,1.0,0.3076923,0.0,0.5,9.615805480084347
7242.0,0.4410384,0.024855,0.1126761,0.0857213,0.5661419,0.2547639,0.5739348,0.0041771,0.0906433,0.0619122,0.0246449,0.9857978,0.572884,0.040411,0.5,11.696088334428081
7690.0,0.4657997,0.0197659,0.153186,0.0971276,0.806502,0.116515,0.7864434,0.0004083,0.0228665,0.03125,0.0040833,0.9861168,0.1392405,0.0415584,0.7777778,11.992885613168797
5469.0,0.4845493,0.0729567,0.1084293,0.0883292,0.9040044,0.0,0.7840152,0.0028544,0.0261656,0.044111,0.0689819,0.9947669,0.3306048,0.0663082,0.5,10.725489582719506
145.0,0.4344828,0.0206897,0.1172414,0.1707317,0.9172414,0.0,0.8,0.0,0.04,0.0566038,0.02,1.0,0.1320755,0.1428571,1.0,9.686636660844938
3858.0,0.4263867,0.5868326,0.1840332,0.1888839,0.8400726,0.0339554,0.6801394,0.0006969,0.0167247,0.090621,0.502439,0.9972125,0.2883397,0.1669267,0.7777778,10.499600568082863
1283.0,0.456742,0.0303975,0.1636789,0.1219512,0.8690569,0.0685892,0.8285714,0.0,0.0166667,0.025522,0.0214286,0.9952381,0.0742459,0.1136364,0.8,11.33381076072374
3305.0,0.4765507,0.0048411,0.086233,0.0843931,0.9192133,0.0,0.7989822,0.0016964,0.0203562,0.0642857,0.0042409,0.9923664,0.2309524,0.1264822,0.8125,10.623787731088578
6933.0,0.4516083,0.3193423,0.1961633,0.1864808,0.8349921,0.0265397,0.6704247,0.0022548,0.0199173,0.1382772,0.2950019,0.9436302,0.3591321,0.125136,0.7361111,9.888424674859083
2116.0,0.5113422,0.0014178,0.0779773,0.0299807,0.9494329,0.0,0.8787466,0.0040872,0.0163488,0.0625798,0.0013624,1.0,0.0702427,0.1395349,0.4545455,11.235866764155578
1612.0,0.4602978,0.0006203,0.2059553,0.1597701,0.867866,0.0,0.7051095,0.0029197,0.010219,0.0564738,0.0014599,0.9956204,0.1625344,0.0444444,1.0,10.783135046711445
731.0,0.4473324,0.5430917,0.1614227,0.1707921,0.8467852,0.0,0.6466667,0.0033333,0.02,0.0990991,0.5133333,1.0,0.3333333,0.1186441,1.0,10.207325906555994
622.0,0.4726688,0.0803859,0.085209,0.0823171,0.9405145,0.0,0.8447489,0.0,0.0091324,0.0519481,0.0684932,0.9771689,0.1168831,0.1304348,0.3333333,10.92775337907558
217.0,0.4423963,0.0,0.202765,0.1652893,0.8617512,0.0,0.6888889,0.0111111,0.0111111,0.2035398,0.0,1.0,0.2212389,0.05,0.0,9.615805480084347
237.0,0.5274262,0.0,0.1983122,0.1339286,0.8649789,0.0,0.7083333,0.0,0.03125,0.1028037,0.0,0.9583333,0.4205607,0.0714286,0.0,9.966509298952284
1131.0,0.4880637,0.0,0.2422635,0.1727116,0.7931034,0.0512821,0.6409692,0.0022026,0.0242291,0.1775362,0.0,1.0,0.3786232,0.0671141,0.6363636,10.130662964963708
368.0,0.5,0.0,0.1358696,0.0869565,0.9157609,0.0,0.7520661,0.0,0.0082645,0.141844,0.0,0.3471074,0.5602837,0.1764706,0.0,9.615805480084347
10152.0,0.4786249,0.0046296,0.1336682,0.0989987,0.8667258,0.0198976,0.74789,0.0049006,0.0457392,0.0192256,0.0027226,0.9861149,0.2699599,0.0914397,0.4166667,10.9525769086256
1602.0,0.4981273,0.0,0.1466916,0.0858209,0.9032459,0.0,0.7726524,0.0049423,0.0214168,0.1073529,0.0,0.9967051,0.2808824,0.0758621,0.5,10.328787967145063
5834.0,0.4768598,0.0013713,0.1895783,0.1385976,0.8213918,0.0116558,0.6516667,0.0041667,0.0429167,0.0342052,0.0008333,0.9991667,0.3062374,0.0417722,0.2777778,10.571342565808699
212.0,0.5188679,0.0,0.1226415,0.0196078,0.9245283,0.0,0.8271605,0.0,0.0246914,0.0470588,0.0,0.9876543,0.1176471,0.125,0.0,10.879951039444416
80.0,0.5375,0.025,0.225,0.0810811,0.9125,0.0,0.7931034,0.0,0.0344828,0.3095238,0.0,0.9310345,0.2380952,0.0,1.0,9.615805480084347
529.0,0.4669187,0.0,0.2665406,0.1631206,0.8487713,0.0,0.6680851,0.0,0.0085106,0.1098485,0.0,1.0,0.2840909,0.1020408,0.3333333,9.69898173460629
7071.0,0.4607552,0.0466695,0.2302362,0.19722,0.8256258,0.0236176,0.6657497,0.0020633,0.0202889,0.1646079,0.0481431,0.9900275,0.3332376,0.1036168,0.5116279,9.77571099759397
717.0,0.4658298,0.0,0.1143654,0.1018277,0.9218968,0.0,0.789272,0.0,0.0038314,0.1,0.0,1.0,0.3,0.1346154,0.3333333,10.328787967145063
9021.0,0.4778849,0.0023279,0.1459927,0.1146497,0.8362709,0.0130806,0.696325,0.0033158,0.0580271,0.0425926,0.0016579,0.9955789,0.2968254,0.0399693,0.5263158,11.072884439922198
265.0,0.4943396,0.0,0.2339623,0.2089552,0.8226415,0.0,0.6293103,0.0,0.0344828,0.2,0.0,1.0,0.3862069,0.0789474,0.7142857,9.615805480084347
1841.0,0.4334601,0.0010864,0.3068984,0.2473634,0.7289517,0.0847366,0.5895141,0.0025575,0.0204604,0.0821596,0.0,1.0,0.2406103,0.0744681,0.5384615,9.615805480084347
1149.0,0.4734552,0.0078329,0.3159269,0.1818182,0.7415144,0.0,0.5449915,0.0050934,0.040747,0.2692308,0.0118846,0.9864177,0.6401985,0.0622568,0.625,10.36410350510914
37.0,0.5945946,0.0,0.1621622,0.0,0.7027027,0.0,0.4666667,0.0,0.2,0.5714286,0.0,1.0,0.7428571,0.3333333,0.5,9.966509298952284
4442.0,0.5029266,0.0045025,0.0751914,0.0597826,0.9479964,0.0,0.8463435,0.0057518,0.0221857,0.0667178,0.0032868,0.26212,0.5038344,0.3959184,0.75,10.130662964963708
14536.0,0.4835581,0.0156852,0.1399972,0.1116291,0.8390204,0.0,0.6653973,0.0020772,0.0527956,0.0449661,0.0176562,0.9021984,0.5311622,0.062131,0.5909091,12.059895922372384
15571.0,0.4726736,0.0030184,0.1690964,0.1305566,0.759553,0.0728277,0.6300177,0.0032242,0.0414316,0.0796736,0.0009673,0.9972594,0.4045994,0.0375587,0.7482993,10.463131911491967
20412.0,0.4750147,0.0115128,0.1942485,0.1279395,0.8463159,0.0164119,0.7166267,0.0023951,0.0529434,0.0275803,0.0092021,0.9111307,0.3256926,0.0734364,0.3095238,12.6881931925273
12199.0,0.4797934,0.0246742,0.1843594,0.1350457,0.8198213,0.0228707,0.6630478,0.0016084,0.0430237,0.0559879,0.0235223,0.9674306,0.3543367,0.0616635,0.5362319,11.753523791492476
10464.0,0.4506881,0.4442852,0.1419151,0.1438761,0.8426988,0.0438647,0.7158556,0.0028781,0.0188383,0.0968809,0.3809524,0.9952904,0.3490076,0.1255973,0.6315789,10.434145214930487
1815.0,0.4363636,0.1371901,0.230854,0.2111437,0.8121212,0.0435262,0.6644385,0.0013369,0.013369,0.0844553,0.1336898,0.9973262,0.3684211,0.0923567,0.8571429,9.735128070758227
110002.0,0.4874184,0.1984782,0.1206342,0.1013213,0.8451665,0.0199905,0.6855835,0.0030434,0.0469297,0.0535883,0.1785888,0.6594972,0.5649522,0.1158167,0.5,11.588042213851855
4128.0,0.4953973,0.0176841,0.1082849,0.0768123,0.9035853,0.0,0.7807074,0.007074,0.0244373,0.0436654,0.0141479,0.9877814,0.1931119,0.1025641,0.1111111,10.831726617926124
63.0,0.5714286,0.0,0.2698413,0.2592593,0.7619048,0.0,0.5666667,0.0,0.0666667,0.2857143,0.0,1.0,0.3095238,0.0,0.75,9.615805480084347
2551.0,0.4919639,0.000392,0.0842807,0.0339506,0.9447276,0.0,0.8842593,0.0046296,0.037037,0.0837752,0.0,0.9733796,0.0965005,0.2177419,0.0882353,11.41422052949775
1794.0,0.4704571,0.0663322,0.1767001,0.1368421,0.8411371,0.0501672,0.7244733,0.006483,0.0324149,0.0419255,0.0664506,0.993517,0.2453416,0.1565217,0.7142857,10.385944565501662
1125.0,0.48,0.1777778,0.1111111,0.0820513,0.7591111,0.1377778,0.74,0.0057143,0.0485714,0.2009132,0.1942857,0.9657143,0.347032,0.1627907,0.6666667,10.635879484421974
4034.0,0.4876054,0.2424393,0.1445216,0.1417513,0.8996034,0.0,0.7696405,0.0046605,0.0312916,0.0779619,0.2256991,0.9973369,0.2922038,0.1397516,0.7058824,9.908524844053396
9034.0,0.4541731,0.0046491,0.1534204,0.1393227,0.7144122,0.1524242,0.6682801,0.0048403,0.0442078,0.0628969,0.0029042,0.945789,0.3169035,0.0731293,0.1923077,10.275085591132715
198.0,0.510101,0.0,0.2424242,0.1340206,0.8484848,0.0,0.6904762,0.0,0.047619,0.2695652,0.0,1.0,0.2086957,0.1111111,0.6666667,9.615805480084347
9884.0,0.4815864,0.0202347,0.272157,0.1397346,0.8244638,0.0028329,0.6732994,0.005553,0.0552985,0.1674051,0.0159648,0.9879685,0.4026199,0.0590238,0.3129771,11.101960259016467
1464.0,0.4569672,0.0034153,0.1714481,0.1446541,0.8620219,0.0560109,0.7807692,0.0019231,0.0096154,0.0562613,0.0,0.9980769,0.1343013,0.0714286,0.75,10.945547126244623
5678.0,0.4918986,0.0021134,0.2032406,0.1532062,0.8289891,0.0468475,0.7131747,0.0009149,0.0315645,0.0335986,0.0004575,0.9766697,0.3421751,0.0343348,0.3846154,11.273411140805074
54249.0,0.5295213,0.084573,0.0935685,0.0848646,0.795646,0.122546,0.7721519,0.0061599,0.0485345,0.0308338,0.0810939,0.5452515,0.6634521,0.208412,0.4042553,11.410903813540878
1302.0,0.4631336,0.6221198,0.155914,0.1702432,0.8425499,0.0353303,0.6836735,0.0,0.0081633,0.1042048,0.5714286,0.9959184,0.308958,0.1043956,0.6666667,10.012386799492118
1467.0,0.4437628,0.9488753,0.1138378,0.1311275,0.9032038,0.0,0.7172897,0.0023364,0.0373832,0.0467706,0.932243,0.9883178,0.4498886,0.3142857,0.25,9.615805480084347
271.0,0.501845,0.0073801,0.0811808,0.0740741,0.9077491,0.0,0.7777778,0.0,0.030303,0.0917431,0.010101,1.0,0.2477064,0.3333333,0.5,10.566201298475118
1107.0,0.4814815,0.0009033,0.1725384,0.1271777,0.862692,0.0,0.6993166,0.0068337,0.0296128,0.0777311,0.0,0.7972665,0.3865546,0.1290323,0.2857143,10.55843949396453
101.0,0.4851485,0.970297,0.1089109,0.2115385,0.7821782,0.0,0.5882353,0.0588235,0.0882353,0.1052632,0.9411765,1.0,0.4210526,0.2857143,0.0,9.615805480084347
10904.0,0.4620323,0.2013023,0.1723221,0.1489942,0.8013573,0.0466801,0.6584838,0.0038508,0.0409146,0.0415225,0.1752106,0.9872443,0.3310265,0.0682511,0.4727273,11.192733974822708
39386.0,0.4808308,0.0033768,0.1463464,0.1074433,0.82443,0.0283096,0.6772501,0.0045264,0.0443453,0.0385367,0.002952,0.9646418,0.3408389,0.0811851,0.3297872,10.480129006333248
301.0,0.5448505,0.0,0.0232558,0.0291971,0.9734219,0.0,0.9365079,0.015873,0.031746,0.0307692,0.0,1.0,0.0153846,0.3333333,0.0,11.58432477200052
582.0,0.5017182,0.0962199,0.080756,0.037931,0.9553265,0.0,0.9,0.0,0.02,0.0243902,0.08,0.995,0.0,0.3333333,0.0,11.598194491615347
516.0,0.5096899,0.0,0.1511628,0.1146245,0.8449612,0.0,0.6745283,0.0,0.0471698,0.0978723,0.0,1.0,0.2851064,0.0461538,0.5,11.19822841866684
1236.0,0.4919094,0.4126214,0.1415858,0.156051,0.8082524,0.0,0.5889571,0.00409,0.0593047,0.0239521,0.398773,0.9406953,0.3672655,0.0617978,0.0,11.269591961359195
194.0,0.5360825,0.0,0.314433,0.1555556,0.8865979,0.0,0.755814,0.0,0.0116279,0.1134021,0.0,1.0,0.1958763,0.1428571,1.0,9.615805480084347
2936.0,0.4679837,0.0871935,0.1345368,0.1363636,0.8967984,0.0,0.7553191,0.0044326,0.0177305,0.0910556,0.0824468,1.0,0.3545528,0.1117825,0.9090909,10.090008612393838
19926.0,0.4997491,0.0071766,0.0713139,0.0603933,0.8733815,0.0075279,0.7288296,0.0018878,0.0401834,0.0372582,0.0063376,0.9710086,0.3238998,0.0331867,0.2318841,11.2922912626048
432.0,0.4861111,0.0,0.1921296,0.1621622,0.837963,0.0,0.657754,0.0106952,0.0213904,0.3617747,0.0,0.9946524,0.559727,0.1090909,0.7333333,9.635673464721814
645.0,0.4434109,0.0,0.1705426,0.1810585,0.8341085,0.0124031,0.6830986,0.0070423,0.0140845,0.1497006,0.0,0.9929577,0.4251497,0.0113636,1.0,10.606609816118151
120.0,0.5083333,0.0,0.1583333,0.0677966,0.8916667,0.0,0.7727273,0.0227273,0.0454545,0.0222222,0.0,1.0,0.2444444,0.3333333,0.0,9.615805480084347
1450.0,0.4537931,0.0,0.2951724,0.2348485,0.7875862,0.0386207,0.6279809,0.0031797,0.0222576,0.0469697,0.0,0.9984102,0.2984848,0.0828402,0.5,10.077482875583607
307.0,0.504886,0.0,0.2703583,0.1644737,0.8599349,0.0,0.6744186,0.0,0.0077519,0.0652174,0.0,1.0,0.1811594,0.1666667,0.0,10.069044362997353
434.0,0.4769585,0.0,0.1751152,0.1145374,0.9124424,0.0,0.7901235,0.0,0.0246914,0.0470588,0.0,0.9938272,0.1823529,0.08,0.0,10.203629181337648
183.0,0.4972678,0.010929,0.1256831,0.0543478,0.8196721,0.0,0.7142857,0.012987,0.0779221,0.4689655,0.025974,0.961039,0.6344828,0.1034483,0.0,11.535674727063007
1451.0,0.4824259,0.0,0.1130255,0.0905459,0.911785,0.0,0.8035398,0.0,0.0300885,0.0358362,0.0,1.0,0.2150171,0.0686275,0.6666667,10.451637862362272
3558.0,0.4865093,0.0042159,0.1110174,0.0974275,0.9089376,0.0,0.7805695,0.0058626,0.0393635,0.0679157,0.0041876,0.9539363,0.2669789,0.1234043,0.3636364,11.552155793461898
3182.0,0.4418605,0.0295412,0.2976116,0.2274775,0.7115022,0.0983658,0.6005917,0.0036982,0.0414201,0.084631,0.0288462,0.9903846,0.3276913,0.05,0.3888889,11.083695189061785
445.0,0.4786517,0.0022472,0.1393258,0.1077586,0.894382,0.0,0.7586207,0.0,0.0229885,0.1212121,0.0,1.0,0.3030303,0.0980392,0.0,10.354595018522993
140.0,0.4142857,0.0,0.1714286,0.2073171,0.8285714,0.0,0.6206897,0.0,0.0344828,0.1594203,0.0,1.0,0.1449275,0.25,0.0,9.615805480084347
1379.0,0.475707,0.0050761,0.3647571,0.197787,0.8078318,0.0,0.6423135,0.0015221,0.0410959,0.180798,0.0030441,0.9893455,0.4775561,0.0854701,0.2727273,10.851296331126829
4749.0,0.4683091,0.0652769,0.2164666,0.1845545,0.8408086,0.0307433,0.6809816,0.0022309,0.0150586,0.1722068,0.0680424,0.755159,0.3518006,0.143469,0.4545455,9.615805480084347
171.0,0.4619883,0.0877193,0.1812865,0.1413043,0.9064327,0.0,0.7580645,0.0,0.016129,0.1506849,0.1129032,1.0,0.2328767,0.25,0.6666667,10.047631185616188
8888.0,0.4673717,0.004613,0.1770927,0.1320237,0.8466472,0.0158641,0.6892091,0.0055866,0.0355778,0.0515895,0.0029403,0.9935313,0.2325711,0.0806827,0.6666667,10.521399202410167
1139.0,0.4811238,0.0,0.1562774,0.1167513,0.8489903,0.0324846,0.7237443,0.0022831,0.0273973,0.1428571,0.0,0.9954338,0.3091977,0.1090909,0.7272727,10.691967639914864
648.0,0.4799383,0.0015432,0.1759259,0.1632047,0.8842593,0.0,0.7204724,0.0,0.015748,0.1389831,0.003937,0.992126,0.2508475,0.0526316,0.8,9.735128070758227
284.0,0.5,0.0,0.3908451,0.2394366,0.7887324,0.0,0.6013514,0.0,0.0067568,0.7191651,0.0,1.0,0.5863378,0.0,0.3333333,10.250652418696085
8475.0,0.500413,0.000708,0.080708,0.0547945,0.9484366,0.0035398,0.8404075,0.0008489,0.0110357,0.0268484,0.0,0.9851443,0.2416357,0.1848907,0.5454545,10.801634680173994
3465.0,0.4493506,0.0063492,0.2453102,0.2038784,0.7962482,0.0380952,0.6301835,0.0020394,0.0190347,0.0582586,0.0067981,0.9993202,0.340589,0.0646766,0.7142857,10.184937747111391
2839.0,0.4786897,0.0049313,0.1722437,0.0851351,0.9115886,0.0,0.7989081,0.0,0.0200182,0.0435161,0.0018198,0.9990901,0.0426458,0.0519481,0.5,12.375397611328344
11785.0,0.4952906,0.0065337,0.0955452,0.0470746,0.8980059,0.0039033,0.8079548,0.0056484,0.0647211,0.1001694,0.0061191,0.975053,0.2380347,0.0891393,0.2906977,11.042937835596494
36.0,0.5833333,0.0,0.0277778,0.1333333,0.6388889,0.0,0.5,0.0714286,0.3571429,0.3333333,0.0,0.9285714,0.5714286,0.0,0.0,11.34333452885509
8121.0,0.437754,0.0034479,0.3045191,0.1982041,0.7432582,0.0256126,0.5678366,0.0018334,0.0508119,0.0830932,0.0023573,0.9614982,0.3895293,0.0466531,0.2253521,12.09904963758644
4468.0,0.5315577,0.0026858,0.0331244,0.0296226,0.6927037,0.0337959,0.5611717,0.0068926,0.190695,0.6859668,0.0011488,0.9753016,0.5701659,0.0579531,0.2545455,11.692752245730048
1861.0,0.4728641,0.001612,0.1751746,0.1100917,0.8527673,0.0048361,0.6906946,0.0026212,0.0301442,0.064951,0.0013106,0.9606815,0.4068627,0.0953846,0.25,10.860939421415225
965.0,0.4818653,0.0,0.211399,0.138,0.8746114,0.0103627,0.7219251,0.0,0.0187166,0.0209424,0.0,0.9973262,0.2827225,0.0540541,0.0,10.537441898283253
7884.0,0.5144597,0.0073567,0.0690005,0.0438871,0.8395485,0.0041857,0.7132693,0.0074707,0.1010317,0.0747202,0.0039132,0.9640697,0.3383805,0.0843882,0.5,12.138334343884129
2810.0,0.4352313,0.1391459,0.1786477,0.178954,0.8128114,0.0480427,0.6805556,0.0037037,0.0314815,0.0689655,0.1101852,0.9962963,0.4517241,0.1196721,0.7,10.601647149919609
106.0,0.5188679,0.0,0.0283019,0.0588235,0.9433962,0.0,0.9230769,0.0,0.0769231,0.037037,0.0,0.8461538,0.5925926,0.36,0.0,9.966509298952284
819.0,0.4505495,0.041514,0.2405372,0.1777778,0.8253968,0.0,0.6467391,0.0054348,0.0217391,0.117506,0.0353261,1.0,0.2805755,0.0921053,1.0,9.615805480084347
5909.0,0.4652225,0.0148925,0.1939414,0.1699367,0.6412252,0.2012185,0.6064426,0.0028011,0.0312792,0.1282051,0.0079365,0.9976657,0.3243793,0.0535506,0.654321,10.529452721013085
2540.0,0.4614173,0.0003937,0.2271654,0.1710526,0.8216535,0.05,0.6813075,0.0,0.0122574,0.0420744,0.0,0.9979571,0.2906067,0.0883721,0.6153846,10.401258331428318
2408.0,0.4875415,0.0315615,0.0975914,0.089141,0.9028239,0.0066445,0.7707559,0.0024783,0.0309789,0.0993304,0.0309789,0.9987608,0.4118304,0.1805158,1.0,10.526775414924009
9332.0,0.4465281,0.2123875,0.2495714,0.2108422,0.7922203,0.0219674,0.6203132,0.0026103,0.0253916,0.0713971,0.1829616,0.9971523,0.3587483,0.0579897,0.5714286,10.214678610538817
2256.0,0.4437057,0.5757979,0.1888298,0.1641434,0.8603723,0.0088652,0.6736842,0.0011696,0.0128655,0.082618,0.4795322,0.9988304,0.3347639,0.1586207,0.8181818,10.138599199626192
727.0,0.4814305,0.0,0.2778542,0.1618037,0.8679505,0.0,0.7077922,0.0,0.0194805,0.0523077,0.0,1.0,0.2153846,0.0847458,1.0,10.36410350510914
549.0,0.4681239,0.3406193,0.1530055,0.1335616,0.8743169,0.0,0.6962617,0.0,0.0140187,0.0775862,0.2897196,1.0,0.3017241,0.1234568,1.0,9.888424674859083
255.0,0.5058824,0.0039216,0.0862745,0.0714286,0.9176471,0.0,0.8333333,0.0111111,0.0444444,0.0625,0.0111111,1.0,0.15625,0.2857143,0.5,10.857093336791094
2114.0,0.4806055,0.0,0.2057711,0.147541,0.8320719,0.0227058,0.6754587,0.0,0.0252294,0.0501089,0.0,0.9954128,0.2592593,0.0557769,0.375,10.448743588106625
541.0,0.5046211,0.0,0.2347505,0.1753731,0.8502773,0.0,0.6806723,0.0042017,0.0168067,0.0403226,0.0,0.9957983,0.1733871,0.0925926,0.0,10.275085591132715
126.0,0.531746,0.0,0.1587302,0.0847458,0.9047619,0.0,0.7708333,0.0,0.0208333,0.0943396,0.0,0.9791667,0.4716981,0.2,1.0,9.615805480084347
292.0,0.5239726,0.0,0.1027397,0.0863309,0.8458904,0.0,0.6788991,0.0091743,0.0642202,0.2430556,0.0,0.9816514,0.3541667,0.1034483,1.0,10.596659732783579
1112.0,0.4604317,0.0,0.4046763,0.2366667,0.778777,0.0494604,0.6308594,0.0,0.0039062,0.1111111,0.0,0.9980469,0.2673611,0.0625,1.0,9.615805480084347
2178.0,0.4738292,0.0280073,0.2213039,0.1771379,0.822314,0.0289256,0.6674286,0.008,0.0217143,0.1161616,0.0262857,0.9508571,0.2676768,0.0964467,0.6896552,9.76428295481558
17987.0,0.4794574,0.0637683,0.1550008,0.1105415,0.8536165,0.00467,0.7030269,0.0044637,0.0442182,0.0462951,0.0556563,0.9938625,0.3212718,0.059322,0.4177215,10.727684925086583
533.0,0.4821764,0.0,0.2213884,0.134058,0.8330206,0.0,0.6651786,0.0044643,0.0491071,0.0894309,0.0,1.0,0.2398374,0.0384615,1.0,9.787009914477434
3200.0,0.5,0.1153125,0.081875,0.0575,0.89875,0.035625,0.8271484,0.0,0.0273438,0.0163305,0.0712891,0.9726562,0.1604227,0.0639535,0.5,11.699413330633599
7187.0,0.3895923,0.0194796,0.0596911,0.04217,0.3233616,0.4427438,0.4943182,0.0044192,0.2291667,0.0311927,0.0157828,0.9886364,0.3590214,0.0680804,0.6666667,11.282266241614355
1173.0,0.4910486,0.001705,0.1483376,0.1088777,0.8473998,0.0,0.6915114,0.0062112,0.0538302,0.1104972,0.0,0.9979296,0.4143646,0.0588235,0.3333333,11.075985169527042
420.0,0.4690476,0.0,0.1214286,0.0717489,0.9071429,0.0,0.7792208,0.0,0.0324675,0.0941176,0.0,0.9935065,0.2117647,0.1785714,0.8333333,9.94755228369823
443.0,0.4808126,0.0,0.2799097,0.1695652,0.7832957,0.0,0.5862069,0.0098522,0.044335,0.1814516,0.0,0.9901478,0.6048387,0.0930233,0.8,10.515993929932415
147.0,0.462585,0.0,0.1564626,0.1518987,0.8843537,0.0,0.6964286,0.0,0.0,0.0967742,0.0,0.9821429,0.2419355,0.0909091,0.0,9.615805480084347
26623.0,0.4549074,0.4432633,0.1738347,0.1557332,0.8363821,0.017391,0.6708615,0.002776,0.0239659,0.1068595,0.380124,0.9938928,0.3047934,0.0928438,0.5297297,10.308985993422082
1955.0,0.4792839,0.001023,0.085422,0.064833,0.9242967,0.0005115,0.8,0.0047244,0.0251969,0.0634218,0.0015748,0.9937008,0.2433628,0.1443299,0.75,10.55323128448846
778.0,0.4858612,0.0,0.1709512,0.14,0.8521851,0.0128535,0.6745763,0.0,0.0305085,0.1114458,0.0,0.9898305,0.4638554,0.1386139,0.0,10.225607282932941
10092.0,0.4759215,0.002279,0.1768728,0.1073927,0.9087396,0.0,0.7826427,0.0,0.0200678,0.0278693,0.0015637,0.994527,0.0235622,0.0639535,0.1428571,11.789048488275174
10395.0,0.4739779,0.1800866,0.1599808,0.1177762,0.9113997,0.0,0.7886662,0.0019797,0.0141054,0.0286058,0.1460035,0.9975254,0.1180288,0.0602837,0.4166667,10.881832472145556
2200.0,0.4963636,0.0172727,0.1409091,0.0947653,0.8813636,0.0,0.7352587,0.0024067,0.0397112,0.0641892,0.0108303,0.9867629,0.2815315,0.0592105,0.5,11.532737896139919
3182.0,0.5116279,0.1825896,0.066939,0.0617761,0.929604,0.0,0.8058762,0.0020986,0.0283316,0.1085126,0.1783841,0.6243442,0.4218896,0.2807018,0.6,10.173552856959743
1180.0,0.4677966,0.0,0.1677966,0.1273885,0.8313559,0.0,0.6489796,0.0040816,0.0489796,0.1638225,0.0,0.9979592,0.2662116,0.045977,0.6,10.883710371704016
1951.0,0.5002563,0.0005126,0.1455664,0.0728205,0.9241415,0.0,0.8368794,0.0099291,0.0269504,0.0153631,0.0,0.9914894,0.1368715,0.0657895,0.3333333,11.10045084755119
4189.0,0.4559561,0.001671,0.1838148,0.1540149,0.8603485,0.0353306,0.7472924,0.0018051,0.0090253,0.0641892,0.0024067,0.9963899,0.1987613,0.064632,0.5416667,10.584081267024454
12586.0,0.4938821,0.0159701,0.0804863,0.0583987,0.9464484,0.0045288,0.8858017,0.0020393,0.0260005,0.0226707,0.0119806,0.9773133,0.0587942,0.1310541,0.2619048,12.266231276436766
13611.0,0.4536772,0.0492984,0.3937991,0.1871974,0.8368966,0.0008816,0.6843274,0.0028553,0.0290292,0.1615906,0.0412437,0.9682741,0.3491156,0.0935754,0.425,10.74937727911096
2254.0,0.4875776,0.0008873,0.1015972,0.0900433,0.8984028,0.0,0.7576471,0.0023529,0.0247059,0.0502793,0.0011765,0.9988235,0.3240223,0.0758017,0.0,10.685126264117057
953.0,0.5110178,0.0010493,0.1626443,0.1330472,0.86149,0.0083945,0.6721763,0.0027548,0.0110193,0.0992556,0.0,0.969697,0.3126551,0.1238095,0.6666667,10.188704088048116
1653.0,0.46219,0.0,0.477314,0.1631046,0.876588,0.0,0.756129,0.0,0.0167742,0.2736645,0.0,0.9767742,0.1199625,0.0,0.4193548,12.123782831670258
2724.0,0.4625551,0.0022026,0.1949339,0.1441257,0.8362702,0.0,0.6453287,0.0017301,0.0268166,0.0547833,0.0017301,0.9982699,0.2755519,0.025,0.8333333,11.382828169079987
615.0,0.4813008,0.0,0.302439,0.2068966,0.8065041,0.003252,0.5935252,0.0,0.0107914,0.0794702,0.0,1.0,0.205298,0.0816327,0.625,9.615805480084347
4146.0,0.4358418,0.0033767,0.2187651,0.1748611,0.7660396,0.0171249,0.5803109,0.0025907,0.0378238,0.0599123,0.0041451,0.9984456,0.2493911,0.0243161,0.1875,11.574970254341755
1884.0,0.4808917,0.0902335,0.0589172,0.0685072,0.8927813,0.0,0.7585266,0.0,0.0327422,0.066242,0.0818554,0.9863574,0.2063694,0.0880503,0.4166667,11.143324481431074
666.0,0.454955,0.0,0.1186186,0.1487603,0.9024024,0.0,0.7364017,0.0,0.0083682,0.0877863,0.0,1.0,0.1717557,0.1212121,0.0,9.75272280064639
2136.0,0.4653558,0.0,0.252809,0.1882662,0.7883895,0.0477528,0.640625,0.0033482,0.0234375,0.1854545,0.0,0.9977679,0.3863636,0.054902,0.7631579,10.351405324899678
257.0,0.4785992,0.0,0.2101167,0.1865672,0.8326848,0.0,0.635514,0.0093458,0.0186916,0.1705426,0.0,0.9626168,0.4573643,0.1219512,1.0,9.615805480084347
9126.0,0.431076,0.0283805,0.2029367,0.162943,0.7153189,0.0123822,0.5028134,0.0033761,0.0515418,0.0703076,0.0243079,0.9966239,0.5021971,0.0206338,0.5789474,10.568775236216993
5709.0,0.471361,0.0007006,0.2031879,0.1348575,0.8609214,0.0275004,0.7267168,0.0004704,0.0211665,0.0189202,0.0004704,0.980715,0.3239502,0.0901126,0.0909091,11.141876276228
30705.0,0.4859795,0.0138414,0.1021658,0.0861053,0.9244423,0.0047875,0.8001057,0.0020074,0.02187,0.1146759,0.0185948,0.3200211,0.45094,0.2144228,0.5833333,10.211009016314167
17829.0,0.4994672,0.0046553,0.0606876,0.0382116,0.9458747,0.0,0.847735,0.0053881,0.0261425,0.0945067,0.0033925,0.9243664,0.2627394,0.2628755,0.6946903,10.566201298475118
212.0,0.509434,0.0,0.1650943,0.1153846,0.8962264,0.0,0.7894737,0.0131579,0.0526316,0.1914894,0.0,1.0,0.3191489,0.3333333,0.3333333,9.615805480084347
181.0,0.4972376,0.0,0.2541436,0.1208791,0.8563536,0.0,0.7160494,0.0,0.037037,0.1098901,0.0,1.0,0.3626374,0.0588235,0.0,10.203629181337648
10747.0,0.4712013,0.0219596,0.2126175,0.1655816,0.8001303,0.0527589,0.6632606,0.0041802,0.0225267,0.0886772,0.018811,0.996052,0.2833862,0.097561,0.5454545,10.085850775128717
194.0,0.4329897,0.0,0.2268041,0.0727273,0.9278351,0.0,0.8055556,0.0,0.0,0.2,0.0,0.9861111,0.3222222,0.047619,1.0,9.615805480084347
33828.0,0.4642308,0.1907,0.17453,0.1388215,0.8168677,0.0201313,0.6436807,0.0045682,0.0327025,0.1001566,0.1611196,0.9870205,0.3274827,0.0887841,0.5431472,10.196194479235656
7807.0,0.470219,0.0845395,0.1438453,0.1245164,0.8350199,0.0204944,0.6833389,0.0066247,0.0430606,0.0571518,0.0824776,0.9963564,0.313554,0.0826508,0.3589744,10.666650414667744
170.0,0.5176471,0.0235294,0.2117647,0.0609756,0.8411765,0.0,0.7,0.0142857,0.0428571,0.1860465,0.0142857,1.0,0.2325581,0.1875,1.0,9.615805480084347
1542.0,0.4422827,0.1666667,0.1666667,0.1569767,0.7315175,0.0,0.5370611,0.0078023,0.0624187,0.0423412,0.1443433,0.9986996,0.6400996,0.0125,0.4285714,10.694237736914808
322.0,0.4937888,0.0,0.2080745,0.1717791,0.8385093,0.0,0.6642857,0.0071429,0.0285714,0.125,0.0,1.0,0.26875,0.1363636,1.0,9.711176264112805
4983.0,0.4760185,0.0034116,0.180012,0.1451551,0.8181818,0.0266907,0.6619443,0.0024426,0.0302882,0.1326271,0.0029311,0.951148,0.3182203,0.0922619,0.7142857,10.106469212026385
2556.0,0.5790297,0.1165884,0.0015649,0.0046468,0.7985133,0.1944444,0.9751938,0.0,0.0031008,0.0212443,0.1116279,0.8852713,0.2291351,0.119403,0.0,10.628641991731053
1974.0,0.5070922,0.0010132,0.0780142,0.0678314,0.91692,0.0,0.8002981,0.0029806,0.0387481,0.0146843,0.0,0.9925484,0.287812,0.1094891,0.5,10.150386692204734
3873.0,0.4990963,0.0007746,0.1394268,0.0953608,0.8900077,0.0,0.7475593,0.0055788,0.0355649,0.02977,0.0006974,0.9909344,0.2469553,0.0886076,0.5,10.698762529141884
600.0,0.4666667,0.2566667,0.1533333,0.15,0.8866667,0.0,0.7241379,0.0,0.0172414,0.0607287,0.1724138,0.9784483,0.3036437,0.047619,0.5,10.43708198835482
742.0,0.5,0.1226415,0.1455526,0.1212938,0.8477089,0.0215633,0.6907216,0.0068729,0.0171821,0.123494,0.0996564,0.9931271,0.3584337,0.092437,0.0,10.485731104959568
488.0,0.522541,0.0020492,0.1106557,0.0643777,0.875,0.0512295,0.775641,0.0,0.0064103,0.2427184,0.0,0.9935897,0.2524272,0.0322581,1.0,10.236417809461043
2952.0,0.5355691,0.2096883,0.0037263,0.0058352,0.8773713,0.0813008,0.8693743,0.0,0.0021954,0.0065431,0.2074643,0.9012075,0.387132,0.076412,0.0,12.80078251189375
385.0,0.4493506,0.0025974,0.3272727,0.2028302,0.7818182,0.0,0.5775401,0.0053476,0.0213904,0.1834061,0.0053476,0.9946524,0.2882096,0.1136364,0.8333333,9.615805480084347
415.0,0.4361446,0.6313253,0.1710843,0.1709402,0.8963855,0.0,0.7218543,0.0,0.0066225,0.1065089,0.5695364,1.0,0.3550296,0.1944444,0.3333333,9.615805480084347
289.0,0.4809689,0.0,0.1799308,0.1533333,0.899654,0.0,0.7410714,0.0,0.0,0.0344828,0.0,1.0,0.2068966,0.1212121,1.0,10.457401400981889
13915.0,0.6378728,0.2857348,0.0008624,0.0017861,0.6887531,0.3030543,0.9592894,0.0,0.0014804,0.0374065,0.2864545,0.850111,0.3491272,0.2085043,0.0,10.566201298475118
142.0,0.443662,0.0,0.4084507,0.278481,0.8098592,0.0,0.6231884,0.0,0.0144928,0.2659574,0.0,0.9130435,0.3404255,0.0769231,0.6666667,9.615805480084347
8327.0,0.468476,0.001321,0.1922661,0.1434704,0.8507266,0.0147712,0.6991412,0.0035534,0.0248741,0.1217165,0.0002961,0.9911164,0.3492848,0.1054852,0.6470588,10.360944044643913
86.0,0.4534884,0.0,0.2209302,0.2553191,0.8255814,0.0,0.625,0.0,0.0,0.1111111,0.0,1.0,0.3777778,0.0,1.0,10.192456296870509
20195.0,0.4777915,0.0209458,0.1539985,0.1261142,0.8661055,0.0266898,0.7470663,0.0035346,0.0404355,0.050094,0.0193694,0.9582921,0.3334676,0.0532044,0.4782609,11.715874472198905
1640.0,0.472561,0.072561,0.1579268,0.134104,0.8585366,0.0006098,0.69163,0.0044053,0.0264317,0.0632737,0.0690162,0.9867841,0.2778542,0.0621118,0.1666667,10.691967639914864
2353.0,0.4849129,0.00085,0.1138972,0.0775578,0.9243519,0.0,0.7988904,0.0041609,0.0291262,0.0412234,0.001387,0.7004161,0.4587766,0.2761194,0.0,10.604131561522696
22290.0,0.4778825,0.0451772,0.0530731,0.0416738,0.8923733,0.0007178,0.763504,0.0026816,0.0552931,0.0480185,0.0423956,0.6432129,0.3451252,0.1135684,0.114094,11.247670025080003
8173.0,0.4814634,0.0228802,0.1808393,0.1304861,0.8929402,0.0,0.7474878,0.0019449,0.0269044,0.0224968,0.0262561,0.9964344,0.1425856,0.043222,0.3636364,11.38737357979909
31099.0,0.4921702,0.0073314,0.1255667,0.0916862,0.8787099,0.0176533,0.7378404,0.0066759,0.0494861,0.0476335,0.0074176,0.5602416,0.5491977,0.2820877,0.4726027,11.893421422254848
113.0,0.4955752,0.0,0.1946903,0.122807,0.840708,0.0,0.673913,0.0,0.0652174,0.1153846,0.0,1.0,0.0961538,0.0,0.0,10.893047333337728
1534.0,0.4615385,0.0,0.4191656,0.1779661,0.8279009,0.0,0.6841415,0.0026212,0.0249017,0.1578366,0.0,1.0,0.4834437,0.0338983,0.5588235,10.55843949396453
3014.0,0.4638354,0.0696749,0.1585932,0.1287129,0.8244857,0.0,0.6536624,0.0055732,0.0589172,0.0584708,0.0533439,0.9227707,0.4092954,0.0501355,0.75,11.595435894542709
11299.0,0.6035932,0.2273653,0.0016816,0.0049118,0.7821931,0.2159483,0.9921223,0.0004634,0.0013902,0.0082721,0.2405005,0.8480074,0.2431066,0.3359702,0.0,11.51293546492023
6812.0,0.4608045,0.0447739,0.1992073,0.1875851,0.8371991,0.0155608,0.677588,0.0027884,0.0223074,0.0912258,0.0397351,0.9951203,0.2442192,0.0734908,0.7321429,10.318935994253193
1481.0,0.4807562,0.0,0.2066172,0.1794538,0.7758271,0.0411884,0.5876461,0.0033389,0.0283806,0.0770416,0.0,0.9883139,0.3220339,0.0406977,0.6666667,9.862717639992917
2206.0,0.494107,0.0054397,0.0815956,0.0555556,0.8771532,0.0,0.7562724,0.004779,0.0633214,0.0187573,0.0059737,0.995221,0.1242673,0.0628571,0.8,11.130214506480655
2078.0,0.4624639,0.0,0.2637151,0.1880036,0.8330125,0.0399423,0.7091776,0.0023838,0.0166865,0.0677778,0.0,1.0,0.2188889,0.037037,0.8333333,9.90353755128617
3008.0,0.4288564,0.021609,0.0847739,0.0628638,0.3859707,0.3208112,0.4638197,0.0035587,0.2562278,0.0496054,0.0189798,0.995255,0.3754228,0.0453608,0.6,10.69650269224425
848.0,0.5058962,0.0,0.1238208,0.0906921,0.9174528,0.0,0.7917981,0.0,0.0126183,0.0246154,0.0,0.9968454,0.1661538,0.147541,0.0,10.791399385808587
1887.0,0.5495495,0.0392157,0.163222,0.1917647,0.6804452,0.2056174,0.6814701,0.0015314,0.0091884,0.103022,0.0015314,0.9954058,0.3708791,0.0588235,0.5833333,10.422311107413181
261.0,0.4712644,0.0,0.1302682,0.0869565,0.9425287,0.0,0.8421053,0.0,0.0,0.0,0.0,0.9894737,0.0,0.0,0.0,11.52979241483
1934.0,0.4896587,0.0046536,0.1514995,0.1023303,0.8722854,0.0,0.7324503,0.0039735,0.0423841,0.0194805,0.002649,0.997351,0.1636364,0.0731707,0.4285714,11.065090289695444
1708.0,0.4637002,0.0005855,0.2833724,0.1954148,0.7675644,0.0275176,0.5879332,0.0,0.0269576,0.1157775,0.0,0.9974326,0.307605,0.0558376,0.6666667,10.016860879703811
286.0,0.5174825,0.0,0.1888112,0.1521739,0.8391608,0.0,0.6434783,0.0086957,0.0173913,0.0495868,0.0,0.9913043,0.2975207,0.1176471,1.0,10.376642461280849
1128.0,0.4654255,0.0026596,0.2597518,0.172471,0.8652482,0.0,0.6931106,0.0,0.0083507,0.0996241,0.0041754,1.0,0.3778195,0.0764331,0.8333333,10.142543822310387
1536.0,0.4778646,0.0175781,0.188151,0.1446384,0.828776,0.0696615,0.75,0.0074627,0.0317164,0.0342342,0.016791,0.9216418,0.1801802,0.1008403,0.6666667,10.606609816118151
1323.0,0.4640967,0.0113379,0.1851852,0.1565585,0.7959184,0.0823885,0.7181628,0.0146138,0.039666,0.0283976,0.0,1.0,0.2413793,0.0860215,0.5,10.584081267024454
48.0,0.4375,0.0,0.3541667,0.2592593,0.8333333,0.0,0.6363636,0.0,0.0,0.3888889,0.0,1.0,0.1944444,0.25,0.0,9.615805480084347
2553.0,0.4900118,0.0003917,0.1037995,0.09447,0.8828829,0.0023502,0.7422267,0.004012,0.0310933,0.059434,0.001003,0.995988,0.4377358,0.1038462,0.2,10.573903321093981
2428.0,0.4678748,0.0,0.2026359,0.1455108,0.8113674,0.0275947,0.6571429,0.005102,0.0459184,0.0657769,0.0,0.9959184,0.2926597,0.0477707,0.6666667,10.416341118636355
5194.0,0.48402,0.0435117,0.0897189,0.0798507,0.9460916,0.0021178,0.8556582,0.0005774,0.0086605,0.04573,0.0375289,0.9976905,0.1063361,0.1244019,0.4285714,10.776891660007811
53367.0,0.4927952,0.0237975,0.0931662,0.0742574,0.8192891,0.012742,0.6754049,0.0064199,0.0873012,0.0507387,0.0233452,0.9337581,0.4115882,0.0748992,0.2764706,11.325402403776808
3112.0,0.4758997,0.0774422,0.0408098,0.0398529,0.7741003,0.0,0.619883,0.001462,0.1147661,0.0769231,0.0614035,0.9729532,0.265857,0.0727273,0.225,11.792078770667635
1038.0,0.5154143,0.0,0.088632,0.0675944,0.9248555,0.0,0.8074713,0.0057471,0.0287356,0.0645161,0.0,0.8477011,0.0887097,0.0,0.2857143,12.333590367227897
315.0,0.5301587,0.0,0.1333333,0.1148649,0.8857143,0.0,0.779661,0.0169492,0.0677966,0.0634921,0.0,1.0,0.1904762,0.08,1.0,10.354595018522993
790.0,0.4924051,0.0,0.1556962,0.1246883,0.8417722,0.0,0.6576577,0.003003,0.027027,0.075,0.0,1.0,0.4027778,0.0652174,0.6,10.016860879703811
889.0,0.4499438,0.0056243,0.3172103,0.2453988,0.7604049,0.0753656,0.6341463,0.0054201,0.0162602,0.1458333,0.0054201,0.9810298,0.3032407,0.0449438,1.0,9.62911649414402
505.0,0.4752475,0.0019802,0.3207921,0.1207547,0.8217822,0.0415842,0.7297297,0.0045045,0.036036,0.5236052,0.0,0.9594595,0.3197425,0.1627907,0.0,11.033291613631048
2503.0,0.4854175,0.0051938,0.1274471,0.121118,0.8889333,0.0023971,0.7466667,0.0033333,0.0311111,0.0692865,0.0044444,0.9822222,0.3815926,0.1341463,0.6363636,10.31231367277647
248.0,0.4475806,0.0,0.4516129,0.2116788,0.6693548,0.0,0.4788732,0.0,0.0352113,0.7543253,0.0,1.0,0.3304498,0.0588235,0.6666667,11.912379207638454
9226.0,0.5068285,0.0515933,0.1471927,0.1142857,0.8806633,0.0213527,0.7748503,0.0026946,0.0359281,0.0556969,0.0422156,0.9907186,0.2148714,0.085592,0.5555556,11.140425970684525
726.0,0.4848485,0.0,0.0964187,0.0775401,0.9118457,0.0,0.796748,0.0121951,0.0365854,0.0610687,0.0,1.0,0.1450382,0.1632653,0.5,10.623787731088578
543.0,0.480663,0.2965009,0.1565378,0.1241135,0.878453,0.0,0.7209302,0.0046512,0.0232558,0.14,0.2511628,1.0,0.32,0.1186441,0.75,10.060534035475412
5666.0,0.4767031,0.0056477,0.1062478,0.0860034,0.8870455,0.0058242,0.7440559,0.0027972,0.0237762,0.0394089,0.0060606,0.9972028,0.2494402,0.0296736,0.3888889,11.07443600653965
3156.0,0.4695817,0.0025349,0.2230672,0.1732378,0.8314322,0.017744,0.6558978,0.0015026,0.012021,0.1423969,0.0022539,0.9984974,0.3621134,0.0678337,0.6603774,10.090008612393838
9507.0,0.4768066,0.0061008,0.1187546,0.0954966,0.8845062,0.0103082,0.7532468,0.0036702,0.028515,0.0612245,0.0056465,0.9966121,0.3599258,0.0626424,0.2352941,10.606609816118151
733.0,0.4583902,0.0559345,0.1746248,0.1486146,0.8731241,0.0,0.6904762,0.0,0.0068027,0.1197605,0.0578231,0.9931973,0.3143713,0.125,1.0,9.918425424900335
228.0,0.5087719,0.0,0.2105263,0.1428571,0.8815789,0.0,0.7419355,0.0107527,0.0107527,0.2377049,0.0,0.9784946,0.2540984,0.125,0.0,9.615805480084347
781.0,0.4929577,0.0076825,0.2112676,0.0833333,0.9116517,0.0,0.8139535,0.0033223,0.0398671,0.0163399,0.0099668,0.9900332,0.0555556,0.08,0.6666667,11.038126355768453
148.0,0.5067568,0.1486486,0.2027027,0.2191781,0.8648649,0.0,0.6774194,0.0,0.0,0.2051282,0.1451613,0.983871,0.2307692,0.0,1.0,9.717218213494077
152.0,0.5197368,0.0,0.1973684,0.0410959,0.8486842,0.0,0.7241379,0.0172414,0.0862069,0.0333333,0.0,1.0,0.15,0.1,0.0,10.39821428171237
147.0,0.5102041,0.0,0.0544218,0.0416667,0.8843537,0.0,0.75,0.0227273,0.0909091,0.4054054,0.0,1.0,0.7162162,0.1111111,0.0,10.938467575959383
1174.0,0.4625213,0.0,0.1942078,0.1489699,0.8816014,0.0,0.7303609,0.0021231,0.0191083,0.0484848,0.0,0.9978769,0.1474747,0.0620155,0.25,10.36410350510914
4841.0,0.473869,0.0024788,0.1914894,0.1456616,0.7008882,0.1464573,0.6261999,0.0022586,0.0361378,0.0504021,0.0005647,0.9949181,0.3233244,0.0551948,0.64,10.275085591132715
6246.0,0.4764649,0.0184118,0.1666667,0.1299694,0.8571886,0.0176113,0.7090384,0.0045398,0.0210483,0.1368009,0.0169212,0.871234,0.3056644,0.1072027,0.6071429,10.038935856711177
503.0,0.4811133,0.0,0.2882704,0.1915709,0.8369781,0.0,0.6497696,0.0046083,0.0184332,0.0765957,0.0,1.0,0.293617,0.0816327,0.1428571,9.94755228369823
27139.0,0.47043,0.8376506,0.0861859,0.084609,0.9144405,0.0068536,0.7829766,0.0043554,0.0333499,0.0597871,0.8251618,0.9497262,0.2628993,0.1717138,0.3975904,10.96302978336854
856.0,0.4778037,0.0689252,0.2476636,0.1655481,0.8399533,0.0,0.6449864,0.0,0.0162602,0.1,0.0569106,1.0,0.2560976,0.1058824,1.0,9.615805480084347
24846.0,0.4692908,0.2512678,0.0687032,0.0561201,0.5021734,0.1808339,0.4615834,0.0037423,0.2148287,0.0826092,0.2571629,0.9833938,0.5855595,0.0611993,0.5428571,10.742918838113225
26801.0,0.4668856,0.0097384,0.1875676,0.1259099,0.7208686,0.0182829,0.5391354,0.0030822,0.0879228,0.0452997,0.0105442,0.9252981,0.4901657,0.0314387,0.3596491,12.779875885354993
30576.0,0.4796572,0.0052002,0.1098901,0.0657448,0.8332679,0.0080128,0.6842316,0.0030432,0.0623849,0.047521,0.0044847,0.9878273,0.2332571,0.0220805,0.1885246,11.531757032705352
6977.0,0.5026516,0.0305289,0.035832,0.0270893,0.9013903,0.0,0.7939967,0.0028783,0.0649671,0.0169766,0.0337171,0.9239309,0.2890057,0.0520833,0.4,12.163170363711957
6542.0,0.5001529,0.0348517,0.071232,0.0486239,0.9252522,0.0,0.8387244,0.0027335,0.0432802,0.0575354,0.0314351,0.9917995,0.0734221,0.0886918,0.2,11.340962076644454
1071.0,0.4957983,0.0074697,0.130719,0.1055556,0.8954248,0.0,0.7656613,0.0,0.0232019,0.0292793,0.0046404,1.0,0.3198198,0.03,1.0,10.709985739582528
507.0,0.5187377,0.0,0.1163708,0.0778689,0.8856016,0.0,0.7783784,0.0216216,0.0594595,0.0463918,0.0,0.9945946,0.128866,0.125,1.0,10.534785924769006
152.0,0.4671053,0.0,0.2434211,0.1358025,0.875,0.0,0.7017544,0.0,0.0350877,0.2191781,0.0,0.6491228,0.3561644,0.2727273,1.0,9.615805480084347
763.0,0.4600262,0.0,0.4036697,0.276699,0.7614679,0.0655308,0.6097561,0.0,0.0091463,0.1206434,0.0,1.0,0.4128686,0.0515464,0.4285714,9.615805480084347
288.0,0.4930556,0.0034722,0.1354167,0.0684932,0.9270833,0.0,0.8247423,0.0103093,0.0206186,0.020202,0.0,1.0,0.0909091,0.1666667,1.0,10.687411927154141
251.0,0.4462151,0.0,0.1992032,0.1438849,0.8804781,0.0,0.7216495,0.0103093,0.0206186,0.204918,0.0,1.0,0.3360656,0.25,1.0,9.615805480084347
277.0,0.5740072,0.0072202,0.0866426,0.0338983,0.8844765,0.0,0.7093023,0.0232558,0.0348837,0.0752688,0.0,1.0,0.8709677,0.2424242,0.0,9.615805480084347
7713.0,0.4683003,0.013743,0.1273175,0.1029017,0.879943,0.0233372,0.7720149,0.0041045,0.0376866,0.0704128,0.0130597,0.208209,0.6805411,0.1788618,0.1176471,11.170449240431308
40.0,0.45,0.0,0.25,0.2272727,0.875,0.0,0.7222222,0.0,0.0,0.3076923,0.0,1.0,0.3846154,0.0,1.0,9.615805480084347
4490.0,0.5057906,0.0057906,0.0772829,0.0477693,0.8737194,0.0,0.7577519,0.0083979,0.0865633,0.0813056,0.0083979,0.9534884,0.3299703,0.1342926,0.3333333,11.984184555794167
3265.0,0.4817764,0.0094946,0.1194487,0.0856974,0.9148545,0.0030628,0.8017857,0.0026786,0.0330357,0.026087,0.00625,0.9821429,0.0834783,0.0948276,0.6153846,12.077107952499174
436.0,0.4495413,0.0825688,0.1215596,0.1125,0.8990826,0.0,0.7324841,0.0,0.0127389,0.1780105,0.0828025,0.955414,0.4188482,0.1836735,1.0,9.883335864325275
213.0,0.5399061,0.0,0.1314554,0.0612245,0.9248826,0.0,0.7972973,0.0,0.0135135,0.038961,0.0,1.0,0.2077922,0.0666667,1.0,10.047631185616188
843.0,0.4839858,0.0154211,0.1601423,0.1034483,0.8647687,0.0,0.7177177,0.0,0.0540541,0.075,0.015015,0.987988,0.3166667,0.0694444,0.375,10.893047333337728
58041.0,0.4904464,0.2059751,0.1039955,0.0921386,0.8731242,0.0107166,0.7167334,0.0027756,0.0500667,0.0450584,0.2028289,0.5957299,0.587033,0.1874583,0.839779,11.750374207389497
1906.0,0.4454355,0.0068206,0.272298,0.2005676,0.7854145,0.0592865,0.6670777,0.0024661,0.02836,0.0264106,0.0036991,0.9938348,0.3265306,0.0523256,0.0,10.628641991731053
25325.0,0.4807897,0.2021323,0.1530109,0.1187163,0.8630602,0.0061204,0.7090304,0.0022862,0.041671,0.0366403,0.1783228,0.9422218,0.3130443,0.0721431,0.6266667,11.755094871382958
342.0,0.4561404,0.005848,0.0292398,0.0376344,0.9736842,0.0,0.9272727,0.0,0.0090909,0.0178571,0.0090909,0.9909091,0.0089286,0.0,0.5,11.390769130367211
6242.0,0.4817366,0.1610061,0.0281961,0.0275116,0.9182954,0.0,0.8001894,0.0033144,0.0350379,0.0671378,0.1453598,0.9720644,0.1457597,0.1140625,0.5166667,10.918736348043124
2134.0,0.4765698,0.079194,0.1672915,0.1450313,0.8791003,0.0384255,0.7911227,0.0013055,0.0169713,0.0692588,0.0770235,0.9908616,0.236938,0.1523179,0.5333333,10.803669227477098
25840.0,0.4640093,0.1162926,0.1843653,0.132491,0.8,0.0222136,0.6334963,0.0041501,0.0455593,0.0749872,0.0963755,0.9938209,0.3004607,0.0551905,0.4666667,10.410335274932896
1528.0,0.4790576,0.0006545,0.151178,0.1331658,0.8802356,0.0,0.7197987,0.0016779,0.0234899,0.1248164,0.0016779,0.9966443,0.4140969,0.1176471,0.4,9.83097062169695
571.0,0.4868651,0.0,0.1768827,0.1672355,0.8476357,0.0,0.6580087,0.004329,0.025974,0.0685484,0.0,0.995671,0.25,0.1489362,1.0,9.70509758756311
291.0,0.4879725,0.0,0.1408935,0.0805369,0.9037801,0.0,0.7619048,0.0,0.0190476,0.0277778,0.0,0.9904762,0.1666667,0.1578947,0.6666667,10.419330568113901
937.0,0.4663821,0.0522946,0.1483458,0.144,0.8665955,0.0074707,0.7135135,0.0027027,0.0243243,0.1211401,0.0432432,0.9945946,0.3586698,0.1568627,0.0,10.285376924115587
3870.0,0.5093023,0.0064599,0.0744186,0.0389679,0.8922481,0.0095607,0.8077544,0.003231,0.082391,0.0469592,0.006462,0.9184168,0.3002309,0.1752022,0.0,12.098493002763465
10656.0,0.466967,0.0795796,0.1850601,0.1397887,0.7576014,0.1006006,0.6641733,0.0051586,0.0355945,0.0913991,0.075058,0.9819448,0.2826342,0.0731901,0.5964912,9.923339198238729
5348.0,0.4457741,0.0624533,0.2131638,0.1987179,0.8227375,0.0364622,0.675253,0.0022999,0.0165593,0.0653482,0.0556578,0.9977001,0.3521066,0.0764331,0.4666667,10.043292972227004
953.0,0.4826863,0.0010493,0.1647429,0.1257606,0.8625393,0.0,0.6923077,0.0,0.0397878,0.0782396,0.0,1.0,0.2665037,0.1229508,0.6666667,10.811766273800105
367.0,0.4768392,0.0,0.1743869,0.1302083,0.8283379,0.0,0.6486486,0.0,0.0472973,0.0326797,0.0,0.9932432,0.3202614,0.1176471,1.0,9.933094897288786
3310.0,0.5021148,0.0021148,0.0858006,0.0345874,0.9145015,0.0,0.819797,0.0101523,0.0423012,0.0255565,0.001692,0.9932318,0.1904369,0.0646388,0.0,10.980212041446208
11314.0,0.474368,0.3515114,0.1200283,0.1118211,0.8554888,0.0008839,0.6745548,0.004686,0.0424086,0.0852979,0.3280225,0.9746954,0.3229747,0.1007014,0.5714286,9.6678285081515
39127.0,0.4659442,0.0099675,0.1057071,0.0851359,0.5379917,0.1398778,0.4747275,0.0044278,0.2043597,0.0516796,0.0089237,0.9905995,0.4625969,0.0565371,0.4470588,11.39302644219128
667.0,0.5172414,0.011994,0.0434783,0.0372671,0.9070465,0.0,0.7761905,0.0,0.0428571,0.0829694,0.0047619,0.7047619,0.3231441,0.2477064,0.75,10.49684202174171
683.0,0.4919473,0.0,0.2240117,0.1325648,0.8726208,0.0,0.7137255,0.0039216,0.0431373,0.0413534,0.0,1.0,0.2067669,0.1698113,0.0,10.030164255362632
18044.0,0.4905232,0.0009421,0.1285192,0.0915914,0.9592108,0.0,0.8922886,0.0010612,0.0169791,0.0115385,0.0007075,0.9812522,0.0277972,0.1327014,0.4285714,12.033509321931893
4849.0,0.4943287,0.0096927,0.1371417,0.1125612,0.7426273,0.0,0.5358242,0.0021978,0.0756044,0.2128028,0.0079121,0.9815385,0.5415225,0.0498008,0.5280899,11.47937902264955
374.0,0.459893,0.0,0.2834225,0.2920792,0.7807487,0.0,0.5428571,0.0,0.0114286,0.1745283,0.0,0.9885714,0.3113208,0.075,1.0,9.615805480084347
384.0,0.5260417,0.0208333,0.0677083,0.043956,0.921875,0.0,0.7863248,0.008547,0.034188,0.0564516,0.008547,0.965812,0.1209677,0.0909091,0.0,9.883335864325275
978.0,0.4907975,0.0,0.0715746,0.064257,0.902863,0.0,0.7817109,0.0058997,0.0471976,0.0202312,0.0,0.979351,0.2369942,0.0409836,0.0,11.034905792929415
9711.0,0.480692,0.0143137,0.1248069,0.1146143,0.8828133,0.0419112,0.8135972,0.0025535,0.0379828,0.0386622,0.0063837,0.9763805,0.2022093,0.0913174,0.3333333,11.848690308590857
5988.0,0.4597528,0.00167,0.4006346,0.1357032,0.8273213,0.002505,0.7133266,0.0026855,0.0480027,0.2709251,0.0020141,0.9929507,0.3335781,0.0119284,0.447205,11.415323661400773
1708.0,0.4607728,0.0023419,0.2523419,0.1596091,0.8038642,0.0333724,0.678925,0.0014144,0.0551627,0.0697368,0.0028289,0.9985856,0.1842105,0.0298507,0.25,11.847975261832087
2238.0,0.4986595,0.0290438,0.1309205,0.1016043,0.8887399,0.0,0.7411348,0.0023641,0.0307329,0.1009564,0.0224586,0.9669031,0.4017003,0.1160714,0.5,10.150386692204734
34681.0,0.4682968,0.0259508,0.1723422,0.1285792,0.7919899,0.025576,0.6254818,0.0049758,0.0552947,0.0770972,0.0252996,0.9772234,0.316021,0.0715014,0.4263566,10.401258331428318
265.0,0.4981132,0.0,0.2113208,0.1503759,0.8264151,0.0,0.6491228,0.0175439,0.0350877,0.05,0.0,1.0,0.175,0.0,0.6666667,9.686636660844938
15346.0,0.4777141,0.0163561,0.1102567,0.0946974,0.8812068,0.0170729,0.7559682,0.0045977,0.0219275,0.1008109,0.0164456,0.9885057,0.2795357,0.0996355,0.5,10.63106031411106
1180.0,0.470339,0.2838983,0.1661017,0.1616,0.8847458,0.0,0.7203579,0.0044743,0.0178971,0.0745342,0.2706935,0.9932886,0.3395445,0.128,0.8571429,9.803722464346553
1527.0,0.4472823,0.0,0.1683039,0.1812796,0.8572364,0.0,0.6772152,0.0031646,0.0189873,0.0893372,0.0,0.9889241,0.3587896,0.1082251,0.5714286,10.360944044643913
20.0,0.55,0.0,0.2,0.0,0.8,0.0,0.6,0.0,0.0,0.0909091,0.0,1.0,0.5454545,0.0,0.0,9.90353755128617
17894.0,0.4788197,0.0022913,0.1601095,0.1022947,0.7944562,0.061026,0.6889662,0.004692,0.0564553,0.0252287,0.0018163,0.9514152,0.3635291,0.0966476,0.125,10.862856930775358
441.0,0.4716553,0.0,0.0884354,0.0815451,0.9160998,0.0,0.7880795,0.0066225,0.013245,0.1611111,0.0,1.0,0.1777778,0.1428571,0.7222222,9.913487387114461
682.0,0.4809384,0.0,0.1246334,0.1045198,0.9222874,0.0,0.8024194,0.0,0.016129,0.03125,0.0,0.9919355,0.21875,0.1481481,1.0,10.31231367277647
30533.0,0.4803,0.0022271,0.1577637,0.1088354,0.9029575,0.0037009,0.7799121,0.0010337,0.0223964,0.0186813,0.0018951,0.996296,0.1231615,0.0406061,0.2988506,10.975088291957388
68.0,0.4852941,0.0,0.2205882,0.0571429,0.9558824,0.0,0.8928571,0.0,0.0,0.1764706,0.0,1.0,0.2058824,0.0,0.0,9.615805480084347
47025.0,0.4824668,0.0106114,0.1316746,0.1022723,0.8805742,0.0420202,0.8118297,0.0013962,0.03243,0.0336686,0.0066637,0.9765184,0.1611063,0.047812,0.5830116,12.161080509711283
7122.0,0.4598427,0.0099691,0.1850604,0.145568,0.8404942,0.0241505,0.6887348,0.0020797,0.0180243,0.0858682,0.0107452,0.9941075,0.3922687,0.0923729,0.6666667,10.154285180632154
2788.0,0.4817073,0.0003587,0.1642755,0.083045,0.9124821,0.0,0.8039216,0.0028011,0.0261438,0.0219178,0.0009337,0.9943978,0.1726027,0.084507,0.2857143,10.70101727068921
364.0,0.4725275,0.0,0.1346154,0.0520833,0.9148352,0.0,0.7751938,0.0,0.0155039,0.0152672,0.0,0.9922481,0.2366412,0.1333333,0.0,10.799595985047786
11353.0,0.4747644,0.0699375,0.1668282,0.1336576,0.8171408,0.0317978,0.6716153,0.0035453,0.0403279,0.0552648,0.0629293,0.9902504,0.3117019,0.0656214,0.4736842,10.573903321093981
930.0,0.511828,0.0043011,0.0591398,0.0440529,0.9569892,0.0,0.8642857,0.0,0.0071429,0.047619,0.0035714,0.9857143,0.122449,0.1851852,0.6,10.817796321618971
27099.0,0.5087273,0.0152773,0.0630651,0.0357545,0.9017307,0.0004428,0.7961665,0.0063527,0.0653888,0.1434469,0.0161008,0.886966,0.2718829,0.1203369,0.1361789,11.971621655408228
37.0,0.4054054,0.0,0.2162162,0.2272727,0.8648649,0.0,0.6875,0.0,0.0,0.2,0.0,1.0,0.1,0.0,0.0,9.615805480084347
163.0,0.4969325,0.0,0.1656442,0.1341463,0.9263804,0.0,0.8135593,0.0,0.0169492,0.1917808,0.0,0.9830508,0.2876712,0.0,0.0,10.12667110305036
126.0,0.4603175,0.0,0.2857143,0.1323529,0.8412698,0.0,0.6727273,0.0,0.0363636,0.2253521,0.0,0.9818182,0.1549296,0.0,1.0,9.803722464346553
119.0,0.4957983,0.0,0.3109244,0.1333333,0.7478992,0.0,0.6031746,0.0,0.0793651,0.6785714,0.0,1.0,0.7295918,0.0,0.8181818,10.221977646629885
8434.0,0.4854162,0.0982926,0.1276974,0.1221198,0.8018734,0.0782547,0.7048213,0.0036077,0.0291899,0.0522226,0.0993768,0.9944244,0.4196456,0.1235795,0.4285714,10.526775414924009
7120.0,0.6042135,0.1245787,0.0683989,0.0670688,0.6911517,0.2490169,0.8110872,0.0037675,0.0317546,0.0765408,0.0462863,0.9881593,0.2102386,0.0966981,0.0909091,10.942013616092948
127.0,0.480315,0.007874,0.1023622,0.0454545,0.9685039,0.0,0.8974359,0.0,0.0,0.1333333,0.0,0.9487179,0.3333333,0.1111111,0.0,10.021315031649332
2901.0,0.4918993,0.0037918,0.1447777,0.1234735,0.9076181,0.0096518,0.8105168,0.0063463,0.0199456,0.0466724,0.0027199,0.9972801,0.2765774,0.0777778,0.5,10.604131561522696
131.0,0.519084,0.0,0.0839695,0.0952381,0.8854962,0.0,0.7446809,0.0212766,0.0425532,0.0408163,0.0,1.0,0.2040816,0.0,1.0,10.060534035475412
779.0,0.4762516,0.0,0.2490372,0.1813725,0.8151476,0.0474968,0.6566667,0.0033333,0.01,0.0740741,0.0,1.0,0.25,0.140625,1.0,9.942756341456828
1140.0,0.5087719,0.0,0.095614,0.0571429,0.8929825,0.0,0.7598039,0.004902,0.0490196,0.2430427,0.0,0.9901961,0.3432282,0.1216216,0.5,10.904137815028022
2443.0,0.4805567,0.0028653,0.1326238,0.1166273,0.8767908,0.0057307,0.7380457,0.0010395,0.031185,0.0475248,0.0031185,0.9989605,0.2673267,0.0744681,0.6666667,10.477316144080852
539.0,0.4768089,0.0037106,0.2263451,0.1631206,0.851577,0.0,0.6623377,0.0,0.008658,0.1081081,0.004329,1.0,0.2432432,0.1041667,1.0,9.615805480084347
247.0,0.4898785,0.0,0.1417004,0.1190476,0.8987854,0.0,0.7356322,0.0,0.0229885,0.1122449,0.0,1.0,0.1428571,0.0909091,1.0,9.820160289946374
1220.0,0.4254098,0.0106557,0.2606557,0.21398,0.7688525,0.0655738,0.6570156,0.0044543,0.0534521,0.0665281,0.0089087,0.9910913,0.3014553,0.0465116,0.6,10.348205424565993
23916.0,0.4877488,0.0012962,0.1203797,0.0887275,0.8601773,0.0165161,0.7302556,0.0057564,0.0550311,0.0226173,0.000921,0.9930923,0.2948126,0.063724,0.3333333,11.042937835596494
4847.0,0.4681246,0.0045389,0.1650505,0.1152056,0.8927171,0.0018568,0.7636665,0.0005522,0.0331309,0.0210811,0.0044174,0.9884042,0.1610811,0.0208333,0.2857143,12.182297237179363
951.0,0.4721346,0.0,0.212408,0.1553785,0.8685594,0.0,0.6936709,0.0,0.0101266,0.0813953,0.0,1.0,0.1953488,0.0666667,0.6666667,9.867912187022208
124.0,0.4677419,0.0,0.1048387,0.1515152,0.733871,0.0,0.537037,0.037037,0.1111111,0.0357143,0.0,1.0,0.4821429,0.0,0.0,9.615805480084347
930.0,0.4795699,0.0,0.1236559,0.1095041,0.8505376,0.0,0.6675603,0.0,0.0375335,0.0946602,0.0,1.0,0.3883495,0.0719424,0.6666667,10.55323128448846
10114.0,0.4946609,0.0041527,0.0394503,0.0315007,0.9247578,0.0003955,0.8344451,0.0063675,0.0488175,0.0501152,0.0045482,0.9899939,0.1892281,0.1164659,0.4787234,11.738474121698282
2873.0,0.4886878,0.0020884,0.1138183,0.089857,0.9140271,0.0,0.7967711,0.0047483,0.0218424,0.0522052,0.0018993,0.9962013,0.2547255,0.0925926,0.4444444,10.698762529141884
4638.0,0.4928849,0.0021561,0.1121173,0.087585,0.8924105,0.0023717,0.7688235,0.0070588,0.04,0.031339,0.0005882,0.9911765,0.3811966,0.1294363,0.6666667,10.188704088048116
563.0,0.5133215,0.0053286,0.1190053,0.1021898,0.9111901,0.0,0.7586207,0.0,0.0049261,0.1324786,0.0098522,0.9852217,0.2905983,0.1914894,0.5,10.199918739620157
250.0,0.504,0.0,0.14,0.0887097,0.896,0.0,0.7529412,0.0,0.0470588,0.076087,0.0,1.0,0.1956522,0.125,1.0,9.918425424900335
1334.0,0.4812594,0.0014993,0.1281859,0.0982659,0.8928036,0.0,0.7569721,0.0039841,0.0278884,0.0872727,0.0,1.0,0.2036364,0.1025641,0.8333333,11.549267037372665
142.0,0.5704225,0.0,0.2323944,0.0819672,0.9014085,0.0,0.7678571,0.0,0.0178571,0.0344828,0.0,1.0,0.2241379,0.0555556,0.0,10.188704088048116
21755.0,0.4865548,0.013698,0.1478741,0.0838854,0.8820041,0.0081361,0.7521069,0.0038526,0.0311823,0.0407668,0.0098724,0.9888033,0.2302806,0.0681818,0.4193548,10.69650269224425
207.0,0.4589372,0.0,0.2705314,0.2232143,0.8309179,0.0,0.6597938,0.0,0.0206186,0.1565217,0.0,0.9896907,0.3565217,0.0,0.5,9.615805480084347
9577.0,0.4577634,0.0858306,0.1685288,0.1413441,0.8195677,0.0371724,0.679397,0.0022613,0.0203518,0.0535077,0.0776382,0.9974874,0.329132,0.0667514,0.4827586,10.261196961231647
7471.0,0.488288,0.0313211,0.0855307,0.0677478,0.9238388,0.0194084,0.850939,0.0,0.014867,0.0533333,0.0305164,0.9937402,0.1007407,0.0666667,0.1428571,11.231901180182515
181.0,0.4751381,0.0055249,0.198895,0.1157895,0.878453,0.0,0.7260274,0.0,0.0273973,0.1411765,0.0136986,0.9863014,0.4235294,0.0588235,0.0,9.615805480084347
396.0,0.5075758,0.0,0.25,0.1641026,0.8434343,0.0,0.6407186,0.0,0.011976,0.1256545,0.0,0.994012,0.1937173,0.12,0.8,9.615805480084347
875.0,0.4628571,0.0011429,0.1497143,0.1276596,0.8651429,0.0,0.7028571,0.0028571,0.0371429,0.0140845,0.0,1.0,0.2169014,0.0384615,0.0,10.410335274932896
1765.0,0.4640227,0.0005666,0.3189802,0.2325581,0.7427762,0.0985836,0.6244726,0.0014065,0.0154712,0.0907928,0.0014065,0.9971871,0.2468031,0.0523256,0.4444444,9.803722464346553
5538.0,0.4420368,0.1664861,0.1114121,0.1067961,0.7051282,0.0500181,0.5597046,0.002462,0.1050472,0.0568885,0.1378744,0.9815347,0.369195,0.0348599,0.0,11.242441323346558
288.0,0.5208333,0.0,0.0902778,0.0652174,0.9340278,0.0,0.82,0.01,0.01,0.2,0.0,0.99,0.44,0.1428571,0.7142857,9.615805480084347
2199.0,0.471578,0.1896317,0.1241473,0.1084337,0.9090496,0.0,0.7486842,0.0013158,0.0118421,0.0709046,0.1565789,0.8447368,0.3471883,0.1122449,0.6,10.392098241730961
10152.0,0.4782309,0.0034476,0.141253,0.1013781,0.8977541,0.0,0.7550255,0.000536,0.0270705,0.0386498,0.0021442,0.9686411,0.3024994,0.042654,0.3103448,12.105705199284083
1966.0,0.4883011,0.0035605,0.0925738,0.0884692,0.8987792,0.0,0.7481698,0.0073206,0.0292826,0.0270655,0.0,0.9926794,0.1937322,0.1111111,0.0,10.635879484421974
11429.0,0.4926065,0.1998425,0.0565229,0.062597,0.9006037,0.000525,0.7734662,0.0081279,0.0529628,0.0481657,0.1992659,0.9334033,0.2830047,0.1092545,0.5869565,11.255462171102444
1928.0,0.5119295,0.1115145,0.0679461,0.0382572,0.9196058,0.0145228,0.8429487,0.0048077,0.0288462,0.2463768,0.0929487,0.9951923,0.3272947,0.25,0.5263158,10.571342565808699
6046.0,0.4829639,0.0129011,0.1334767,0.0908509,0.8827324,0.0153821,0.7748039,0.0018459,0.0452238,0.0364606,0.0101523,0.9916936,0.1249444,0.0516717,0.53125,12.162648309521318
10967.0,0.4646667,0.197228,0.1783532,0.1585761,0.802316,0.0552567,0.6691334,0.0040582,0.0310337,0.1260171,0.1730723,0.9503461,0.3907782,0.1139535,0.4907407,10.315630315397533
6684.0,0.4929683,0.0234889,0.13076,0.0908823,0.902304,0.0,0.7704123,0.0016168,0.0303153,0.0232925,0.0246564,0.9963622,0.2297671,0.0698254,0.2,10.981914140544825
18910.0,0.4754098,0.0120042,0.153834,0.1163306,0.8290323,0.0070333,0.6715169,0.0047644,0.0540819,0.0262069,0.007726,0.9912439,0.3256426,0.0495437,0.2830189,11.06665398721974
38145.0,0.4830777,0.0225455,0.1302923,0.0974744,0.8466116,0.0112466,0.700755,0.003101,0.0546717,0.045001,0.0229203,0.93434,0.3712741,0.0616264,0.5714286,11.633380483255026
392.0,0.4897959,0.002551,0.1887755,0.09,0.9107143,0.0,0.7763158,0.0,0.0065789,0.1058824,0.0,0.9868421,0.2764706,0.0588235,0.3333333,10.130662964963708
4670.0,0.4753747,0.0201285,0.1415418,0.1208163,0.885439,0.0353319,0.7990544,0.001773,0.0112293,0.0584307,0.0130024,0.998818,0.2270451,0.0848057,0.3333333,10.537441898283253
235.0,0.4723404,0.0,0.1446809,0.1129032,0.8851064,0.0,0.7349398,0.0120482,0.0361446,0.0777778,0.0,0.9879518,0.3888889,0.2580645,0.0,10.003378135350923
1828.0,0.4786652,0.0929978,0.0891685,0.0797482,0.9059081,0.0,0.7923664,0.0045802,0.0442748,0.0367647,0.0763359,0.9832061,0.2014706,0.0584795,1.0,11.704380187145405
4020.0,0.4636816,0.0042289,0.2238806,0.1210575,0.8437811,0.0,0.6811927,0.0,0.0372706,0.0668807,0.002867,0.9948394,0.0406635,0.0215054,0.6721311,11.587114148152441
5705.0,0.4920245,0.0124452,0.0893953,0.05245,0.9356705,0.0,0.8487955,0.004613,0.0261404,0.0245,0.0133265,0.9871861,0.1125,0.1384615,0.0,10.860939421415225
548.0,0.5109489,0.0182482,0.1642336,0.0746269,0.8558394,0.0,0.6990741,0.0046296,0.0555556,0.318612,0.0138889,0.9212963,0.5299685,0.1176471,0.8421053,10.31231367277647
724.0,0.4737569,0.0,0.2334254,0.1889764,0.8535912,0.0,0.6818182,0.0032468,0.0227273,0.0778443,0.0,0.9967532,0.4431138,0.0576923,0.625,9.87822102528824
8.0,0.625,0.0,0.0,0.0,0.75,0.0,0.5,0.0,0.0,0.0,0.0,1.0,0.25,0.0,0.0,9.615805480084347
65.0,0.4461538,0.0,0.3230769,0.1666667,0.6769231,0.0,0.5,0.0625,0.09375,0.255814,0.0,1.0,0.3255814,0.0,0.3333333,9.966509298952284
4937.0,0.4547296,0.186348,0.2047802,0.1530461,0.8440348,0.0322058,0.7095414,0.0031629,0.0242488,0.1081335,0.1470743,0.9868213,0.3488481,0.1184408,0.5454545,10.606609816118151
1310.0,0.4572519,0.0,0.3198473,0.2405063,0.7854962,0.0656489,0.646729,0.0,0.011215,0.1083333,0.0,0.9962617,0.2866667,0.0782609,0.9090909,9.615805480084347
1091.0,0.4711274,0.0073327,0.2007333,0.1767764,0.8203483,0.0,0.6207627,0.0021186,0.029661,0.1060606,0.0042373,0.9978814,0.2878788,0.036036,0.75,10.165890277802454
1638.0,0.4401709,0.0,0.3131868,0.2333697,0.7557998,0.0,0.5416667,0.0011905,0.0154762,0.0697674,0.0,1.0,0.345515,0.0165746,0.5,10.742918838113225
396.0,0.4267677,0.0934343,0.280303,0.2290749,0.760101,0.0176768,0.5765306,0.0,0.0255102,0.1171171,0.0867347,0.994898,0.3693694,0.0,0.0,10.614007941153417
79662.0,0.4905476,0.0162311,0.1014787,0.0793909,0.8228264,0.0120635,0.6735049,0.004863,0.0780651,0.0698559,0.014911,0.9767479,0.3754007,0.0649608,0.4871795,11.661354090741
4278.0,0.4597943,0.2613371,0.1757831,0.161402,0.8634876,0.0130902,0.7151265,0.0052972,0.0194232,0.0957956,0.2542672,0.9970571,0.3544439,0.073955,0.6666667,10.354595018522993
498.0,0.4799197,0.0,0.2650602,0.1776062,0.8473896,0.0,0.6604651,0.0,0.0139535,0.1666667,0.0,0.9953488,0.255814,0.0434783,1.0,9.615805480084347
456.0,0.4824561,0.002193,0.1513158,0.0847458,0.8881579,0.0,0.7352941,0.0058824,0.0235294,0.0285714,0.0,1.0,0.2114286,0.0769231,0.0,10.515993929932415
794.0,0.488665,0.0012594,0.0982368,0.0837438,0.9458438,0.0,0.8235294,0.0,0.0042017,0.1849315,0.0042017,0.4663866,0.3356164,0.25,0.5,9.87822102528824
584.0,0.4811644,0.0,0.140411,0.1023102,0.885274,0.0,0.7359307,0.0,0.017316,0.1046512,0.0,0.8484848,0.3527132,0.0540541,1.0,10.315630315397533
31903.0,0.4793593,0.1875059,0.1004294,0.0788079,0.8730213,0.007084,0.7294766,0.0063361,0.0549128,0.0591793,0.1833792,0.7970615,0.4831102,0.2102455,0.3134328,11.112462823634855
1096.0,0.4872263,0.0136861,0.2554745,0.1174377,0.8439781,0.0054745,0.7006508,0.0021692,0.0498915,0.1235741,0.010846,0.9739696,0.4714829,0.0816327,0.7142857,11.083695189061785
5627.0,0.4666785,0.0030211,0.1986849,0.1659447,0.7952728,0.0511818,0.6565022,0.0044843,0.0363229,0.0681153,0.0022422,1.0,0.3664856,0.0602958,0.5,10.471666571132038
11763.0,0.455496,0.020913,0.2335289,0.160968,0.8567542,0.0014452,0.6910879,0.0022079,0.0206744,0.06,0.0194701,0.9971899,0.2581132,0.0456165,0.6046512,10.425282789490705
851.0,0.4641598,0.0011751,0.1703878,0.1118421,0.8413631,0.0,0.680791,0.0,0.0451977,0.0432432,0.0028249,0.9915254,0.2567568,0.0350877,0.6,11.717505780625043
205.0,0.4926829,0.0,0.1170732,0.0384615,0.8341463,0.0,0.6842105,0.0131579,0.0921053,0.0731707,0.0,0.9868421,0.3414634,0.0869565,0.0,9.933094897288786
916.0,0.5382096,0.0065502,0.0491266,0.0449173,0.8689956,0.0218341,0.723127,0.0065147,0.0358306,0.2419753,0.0032573,0.980456,0.4148148,0.0927835,0.0,10.799595985047786
7081.0,0.4643412,0.1170739,0.1673492,0.1439494,0.7527185,0.018359,0.5717412,0.0028134,0.0659581,0.0635246,0.110347,0.993748,0.4385246,0.0300842,0.7058824,10.650199196425806
4600.0,0.4452174,0.4147826,0.1582609,0.1634013,0.856087,0.0002174,0.6758212,0.005385,0.0220786,0.0654253,0.360797,0.995692,0.3517866,0.0925059,0.5263158,10.32551474894327
111.0,0.4954955,0.0,0.2252252,0.1071429,0.8828829,0.0,0.7291667,0.0,0.0,0.2941176,0.0,1.0,0.5441176,0.1333333,0.0,9.735128070758227
662.0,0.4486405,0.0,0.2099698,0.1863014,0.8610272,0.0,0.7007576,0.0075758,0.0227273,0.175,0.0,0.9924242,0.390625,0.1204819,0.3333333,9.957075711706057
1275.0,0.5043137,0.0007843,0.0760784,0.0332278,0.9772549,0.0,0.9063545,0.0,0.0033445,0.0066445,0.0033445,0.9565217,0.1295681,0.3333333,0.0,10.815790343132422
242.0,0.5206612,0.0,0.1694215,0.137931,0.8429752,0.0,0.6836735,0.0102041,0.0510204,0.1009174,0.0,1.0,0.3486239,0.0952381,0.6666667,10.566201298475118
634.0,0.5,0.0,0.1198738,0.0347003,0.9100946,0.0,0.7866667,0.0133333,0.0311111,0.0625,0.0,1.0,0.3041667,0.0384615,0.5,10.069044362997353
547.0,0.4606947,0.0201097,0.1316271,0.0983051,0.820841,0.0347349,0.7087379,0.0194175,0.0533981,0.0593607,0.0097087,0.9660194,0.3561644,0.09375,0.0,10.894904309600681
1337.0,0.4689604,0.0,0.1832461,0.1422535,0.8646223,0.0359013,0.7532189,0.0107296,0.0236052,0.0898438,0.0,0.9957082,0.1738281,0.1503759,0.25,10.934908916663861
157.0,0.5031847,0.0063694,0.0828025,0.0641026,0.8025478,0.0,0.5909091,0.0,0.0606061,0.4054054,0.0151515,1.0,0.5675676,0.0,0.7142857,10.060534035475412
33845.0,0.4754321,0.0078889,0.0936623,0.0761519,0.9417639,0.0,0.8601797,0.0037685,0.0352691,0.0519421,0.00831,0.1700647,0.4827776,0.2428972,0.2990196,11.241129864948206
13131.0,0.4795522,0.0010662,0.1490366,0.1145742,0.820958,0.0263499,0.6612118,0.0048704,0.0387688,0.1561729,0.0007793,0.9970777,0.4022686,0.0742547,0.757732,10.322230781590136
2515.0,0.4791252,0.0035785,0.1626243,0.1007634,0.9522863,0.0,0.8638554,0.0,0.0084337,0.0223793,0.0024096,0.986747,0.0270907,0.0454545,0.75,12.625443946112906
4966.0,0.479259,0.9665727,0.0918244,0.103635,0.9053564,0.0,0.7396669,0.0024676,0.0259099,0.1294307,0.9586675,0.9987662,0.3791622,0.1385435,0.5882353,10.169728906753061
2472.0,0.4389159,0.6217638,0.2002427,0.1903389,0.8523463,0.0004045,0.6544916,0.0,0.0138203,0.0865645,0.5616979,0.9970385,0.3354373,0.0938416,0.7142857,10.110542371500753
807.0,0.5006196,0.4708798,0.0978934,0.1116625,0.9107807,0.0,0.7573529,0.0036765,0.0183824,0.0716724,0.4522059,0.9926471,0.3481229,0.1333333,0.0,10.376642461280849
1668.0,0.4856115,0.5635492,0.1942446,0.1876457,0.8453237,0.0395683,0.7037037,0.003367,0.0218855,0.0776398,0.5,0.996633,0.3307453,0.1851852,1.0,9.70509758756311
180.0,0.5055556,0.0,0.15,0.1235955,0.8833333,0.0,0.7313433,0.0,0.0447761,0.1066667,0.0,1.0,0.24,0.125,1.0,10.505094936455558
2635.0,0.48463,0.002277,0.1442125,0.1060383,0.8535104,0.0,0.6695652,0.0019324,0.0357488,0.0487132,0.0038647,0.9980676,0.375,0.0669643,0.0,11.390769130367211
169.0,0.5029586,0.0,0.112426,0.0714286,0.8816568,0.0,0.7377049,0.0,0.0491803,0.1527778,0.0,0.7868852,0.2916667,0.3125,0.0,9.90353755128617
327.0,0.5229358,0.3211009,0.1834862,0.1923077,0.7278287,0.1590214,0.7058824,0.0,0.0168067,0.1376812,0.1932773,1.0,0.0942029,0.1071429,0.6666667,10.308985993422082
264.0,0.469697,0.0,0.1931818,0.1071429,0.8522727,0.0,0.7155963,0.0183486,0.0366972,0.0683761,0.0,1.0,0.3162393,0.0,1.0,9.746892220313054
362.0,0.4972376,0.0,0.1243094,0.0989011,0.8839779,0.0,0.7185185,0.0,0.0296296,0.0425532,0.0,0.962963,0.3191489,0.0,0.0,9.952325334619427
241.0,0.4564315,0.4522822,0.120332,0.1603053,0.9045643,0.0,0.7560976,0.0,0.0365854,0.1717172,0.4390244,1.0,0.4242424,0.15625,0.5,9.841665338892785
3385.0,0.4939439,0.1861152,0.1412112,0.104495,0.8983752,0.0002954,0.7530662,0.002453,0.0253475,0.1079504,0.156991,0.9910057,0.321663,0.1417004,0.7777778,10.729875458480967
5295.0,0.4315392,0.7068933,0.1667611,0.1674419,0.8747875,0.0164306,0.7188172,0.0021505,0.0198925,0.075087,0.6392473,0.9973118,0.3585281,0.1754177,0.8125,10.250652418696085
4927.0,0.4942155,0.0042622,0.0633245,0.0260835,0.9415466,0.0,0.8479709,0.0012114,0.0187765,0.0478662,0.0054512,0.9957601,0.115917,0.0434783,0.3939394,11.761354623750297
2687.0,0.4975809,0.0100484,0.1194641,0.0733333,0.9043543,0.0,0.7896907,0.0030928,0.0412371,0.0338645,0.0061856,0.9845361,0.0966135,0.0483871,0.6923077,12.244817283839346
8087.0,0.4747125,0.0001237,0.1382466,0.1028719,0.8842587,0.0132311,0.7639895,0.0032916,0.0306122,0.0321759,0.0,0.9947334,0.2497611,0.0679694,0.2777778,10.78727575364831
11432.0,0.4784815,0.0161826,0.141795,0.1118752,0.86669,0.0104094,0.722,0.0024444,0.0282222,0.0272374,0.0133333,0.9951111,0.2107652,0.0323089,0.2380952,11.109473329472568
1370.0,0.4861314,0.0058394,0.1620438,0.09375,0.920438,0.0,0.8201161,0.0038685,0.0270793,0.0208333,0.0019342,0.9941973,0.1155303,0.0555556,1.0,11.128747176317603
12929.0,0.4653105,0.0055689,0.1666022,0.1332273,0.8251218,0.0100549,0.6480415,0.0049923,0.0445469,0.0592486,0.0042243,0.9896313,0.3271315,0.0921529,0.5,10.74937727911096
23478.0,0.5292614,0.019678,0.0423375,0.0252443,0.4045489,0.2649715,0.4325569,0.0013543,0.2971289,0.0214683,0.0200433,0.9806338,0.5620196,0.0335917,0.3684211,11.06665398721974
8183.0,0.4703654,0.0023219,0.1628987,0.116982,0.8103385,0.0307956,0.664903,0.0041152,0.0376249,0.141776,0.0014697,0.9902998,0.3259334,0.0468909,0.5897436,10.611547975828369
763.0,0.6264744,0.0157274,0.0366972,0.045614,0.6710354,0.2568807,0.7662338,0.012987,0.0779221,0.1299435,0.0,0.9935065,0.2655367,0.1428571,0.0,11.163382173096926
4519.0,0.4877185,0.0011064,0.097588,0.0842333,0.8820536,0.0106218,0.7565112,0.0030285,0.0430042,0.0125598,0.0006057,0.9939431,0.2601675,0.0583039,0.0,11.044536531401494
11096.0,0.5532624,0.1222062,0.125721,0.0919911,0.577235,0.0094629,0.4727744,0.002809,0.2608038,0.0457732,0.1110631,0.991357,0.4525773,0.026509,0.4722222,11.079076314320059
761.0,0.4546649,0.0,0.3377135,0.2819277,0.760841,0.0459921,0.5870206,0.0,0.020649,0.1007958,0.0,1.0,0.3076923,0.0454545,0.6,9.746892220313054
149.0,0.5100671,0.0,0.2885906,0.2054795,0.7919463,0.0,0.5857143,0.0,0.0285714,0.0540541,0.0,1.0,0.1891892,0.0625,1.0,9.615805480084347
1886.0,0.4734889,0.0005302,0.1887593,0.1399799,0.835631,0.014316,0.6718954,0.0052288,0.0326797,0.4,0.0013072,0.9960784,0.4831373,0.0817308,0.2352941,10.181157167204903
325.0,0.4430769,0.0,0.2430769,0.2320442,0.8553846,0.0,0.6642336,0.0,0.0072993,0.1490683,0.0,1.0,0.2732919,0.1363636,0.0,9.75272280064639
228.0,0.504386,0.0,0.1184211,0.0530973,0.9692982,0.0,0.8793103,0.0,0.0,0.1470588,0.0,1.0,0.1029412,0.0,1.0,10.428245666832275
7723.0,0.4836204,0.0167034,0.0600803,0.0448847,0.5694678,0.1718244,0.5310606,0.0022727,0.2034091,0.0340285,0.0132576,0.9723485,0.5506769,0.0453154,0.8,10.827766295132466
259.0,0.4440154,0.046332,0.2818533,0.2708333,0.8146718,0.0,0.6115702,0.0,0.0082645,0.0546875,0.0413223,0.9834711,0.234375,0.1071429,0.0,9.635673464721814
1763.0,0.3686897,0.0102099,0.4339195,0.3701707,0.6239365,0.0391378,0.4127967,0.003096,0.0216718,0.0377358,0.004128,0.995872,0.550149,0.0132743,0.2,11.021918808236205
230.0,0.473913,0.0043478,0.1304348,0.0909091,0.9086957,0.0,0.7682927,0.0,0.0243902,0.0888889,0.0,1.0,0.2,0.1578947,0.0,10.177362240256695
733.0,0.4583902,0.0,0.1050477,0.1108312,0.8703956,0.0,0.6992754,0.0036232,0.0362319,0.0383275,0.0,1.0,0.2648084,0.0227273,0.0,10.723289410218579
6007.0,0.4782753,0.0144831,0.1166972,0.0902999,0.5050774,0.3427668,0.5816619,0.0040115,0.086533,0.0772078,0.0051576,0.9931232,0.3945003,0.040404,0.3461538,11.364437057512568
640.0,0.478125,0.31875,0.2296875,0.1826347,0.8265625,0.096875,0.7835052,0.0051546,0.0257732,0.0717703,0.2628866,0.9896907,0.2344498,0.2307692,0.6,9.94755228369823
1792.0,0.4642857,0.0011161,0.2539062,0.1927083,0.8108259,0.030692,0.6512227,0.0,0.015444,0.1279461,0.0,0.990991,0.2760943,0.0533333,0.6315789,10.102379394048045
9800.0,0.4786735,0.0963265,0.1110204,0.0876884,0.8223469,0.0154082,0.6675153,0.00611,0.0552444,0.0360736,0.084776,0.9857434,0.3369325,0.0580431,0.3846154,11.287291314687705
3069.0,0.4809384,0.0013034,0.0508309,0.0433145,0.9830564,0.0,0.9337094,0.0,0.0042313,0.0910256,0.0014104,0.045134,0.5487179,0.3741007,0.5,9.615805480084347
1125.0,0.4773333,0.0,0.1528889,0.1020408,0.9093333,0.0,0.7674419,0.0,0.0046512,0.1434263,0.0,0.9651163,0.2171315,0.1304348,0.6875,10.199918739620157
5785.0,0.4791703,0.0181504,0.1350043,0.1194822,0.4331893,0.3496975,0.4969291,0.0011167,0.1049693,0.0345013,0.0106086,0.9916248,0.3773585,0.0438247,0.5,10.942013616092948
21625.0,0.4910983,0.004578,0.1627746,0.1084961,0.8041156,0.0840694,0.7360161,0.0017438,0.0453387,0.0633245,0.0040241,0.9843058,0.2888554,0.0694444,0.5116279,11.707677772181546
2749.0,0.5049109,0.0229174,0.1204074,0.0977223,0.8432157,0.0,0.6590909,0.0072314,0.0743802,0.1094756,0.017562,0.8109504,0.6228151,0.2060185,0.5882353,9.75272280064639
627.0,0.4226475,0.61563,0.2567783,0.2071823,0.8500797,0.0,0.6536965,0.0,0.0194553,0.1490066,0.5914397,0.9961089,0.2483444,0.1428571,1.0,9.615805480084347
611.0,0.4942717,0.0,0.1636661,0.1423948,0.8477905,0.0,0.7111111,0.0088889,0.0444444,0.0425532,0.0,0.9955556,0.1617021,0.0952381,0.5,10.214678610538817
5465.0,0.4602013,0.5714547,0.136871,0.1138983,0.8605672,0.0226898,0.7154213,0.0042395,0.0408055,0.0781632,0.5357711,0.9978802,0.3849536,0.1674009,0.5,9.615805480084347
196.0,0.4846939,0.0,0.1734694,0.1188119,0.872449,0.0,0.7341772,0.0126582,0.0253165,0.1318681,0.0,0.9873418,0.2857143,0.1176471,0.6,9.615805480084347
1658.0,0.451146,0.0,0.2135103,0.2197802,0.8033776,0.0386007,0.6360947,0.0,0.0221893,0.134443,0.0,0.9112426,0.3943662,0.0994475,0.7368421,9.661479683575521
2998.0,0.4606404,0.0,0.2084723,0.148423,0.817545,0.0170113,0.6543307,0.0055118,0.0362205,0.0327494,0.0,0.9952756,0.2757045,0.0680101,0.6666667,10.410335274932896
1294.0,0.4752705,0.0556414,0.1421947,0.1089838,0.8964451,0.0,0.7752381,0.0038095,0.0266667,0.0641711,0.047619,0.9980952,0.2032086,0.1111111,0.6363636,10.521399202410167
512.0,0.4902344,0.0,0.1503906,0.1149425,0.890625,0.0,0.7435897,0.0,0.0307692,0.0487805,0.0,1.0,0.1609756,0.03125,0.5,9.928228944424575
320.0,0.509375,0.0125,0.1625,0.0509554,0.93125,0.0,0.8455285,0.0,0.0162602,0.0314961,0.0081301,1.0,0.007874,0.0,0.0,12.697412651747085
2295.0,0.4296296,0.1433551,0.287146,0.2345302,0.6993464,0.0915033,0.5896373,0.0041451,0.0725389,0.5058884,0.1233161,0.9968912,0.2631848,0.0408719,0.3962264,11.551193801680078
13654.0,0.4561301,0.0508276,0.1853669,0.1594398,0.8290611,0.0252673,0.66814,0.0031308,0.0274401,0.1159232,0.0517495,0.9955801,0.3181374,0.0941343,0.6666667,9.615805480084347
323.0,0.4767802,0.0464396,0.2569659,0.2189349,0.8328173,0.0,0.6369863,0.0,0.0068493,0.294686,0.0479452,0.9383562,0.3864734,0.0434783,1.0,9.615805480084347
700.0,0.52,0.0,0.0985714,0.047619,0.9714286,0.0,0.9020619,0.0,0.0051546,0.03,0.0,0.9948454,0.105,0.1875,0.0,10.894904309600681
194.0,0.4793814,0.0,0.1804124,0.1584158,0.8402062,0.0,0.654321,0.0,0.037037,0.1,0.0,1.0,0.4,0.1666667,0.5,9.615805480084347
72.0,0.5,0.0,0.3333333,0.1944444,0.7777778,0.0,0.5897436,0.0,0.0,0.2352941,0.0,1.0,0.5098039,0.0,1.0,9.61587214452889
3671.0,0.4772542,0.1879597,0.1285753,0.1224596,0.9016617,0.0193408,0.7849206,0.0015873,0.0126984,0.0980673,0.1650794,0.9984127,0.2734431,0.1075949,0.6666667,10.392098241730961
2017.0,0.4635597,0.0004958,0.2776401,0.1968577,0.78235,0.0287556,0.610245,0.0,0.0267261,0.1178782,0.0011136,1.0,0.3477407,0.0528053,0.7058824,9.90353755128617
340.0,0.4794118,0.0,0.0588235,0.0508475,0.9676471,0.0,0.9029126,0.0,0.0097087,0.0283019,0.0,1.0,0.1226415,0.0909091,0.0,10.809748150372926
1043.0,0.4813039,0.0,0.1390221,0.1182994,0.8274209,0.0,0.6477273,0.0090909,0.0386364,0.1038697,0.0,0.9909091,0.3910387,0.0963855,0.7272727,10.39516093745751
3316.0,0.4936671,0.0009047,0.1776236,0.1197141,0.8516285,0.0,0.6995516,0.0067265,0.0515695,0.0483642,0.0007474,0.935725,0.3314367,0.1125,0.5,11.357452244304588
6853.0,0.4986137,0.0166351,0.0856559,0.0683935,0.882825,0.0,0.7370311,0.0047885,0.0418994,0.0283055,0.0159617,0.9728651,0.2962389,0.0900735,0.3636364,11.075985169527042
7348.0,0.4953729,0.0008165,0.1035656,0.0881877,0.8980675,0.0065324,0.7749134,0.0038476,0.0361678,0.0423729,0.0003848,0.9819161,0.2033898,0.047619,0.2419355,11.370220696727491
4582.0,0.4408555,0.52488,0.1870362,0.1857923,0.7752073,0.0883893,0.6608187,0.0023392,0.0204678,0.0771722,0.5076023,0.9964912,0.3367512,0.0866966,0.7777778,10.261196961231647
4021.0,0.4827157,0.021139,0.1337976,0.1014423,0.8940562,0.0323303,0.8107692,0.0023077,0.0338462,0.156939,0.02,0.9707692,0.1446174,0.1312217,0.5428571,11.807093955056784
678.0,0.4498525,0.0,0.1504425,0.1152815,0.9041298,0.0,0.7604563,0.0,0.0076046,0.0471014,0.0,1.0,0.2282609,0.1818182,0.0,10.098272780745283
137.0,0.5036496,0.0072993,0.2335766,0.1176471,0.8759124,0.0,0.7272727,0.0,0.0363636,0.1666667,0.0,1.0,0.1818182,0.2,1.0,9.615805480084347
273.0,0.4542125,0.003663,0.2344322,0.1677852,0.8498168,0.0,0.6814159,0.0088496,0.0088496,0.0813008,0.0,1.0,0.3170732,0.15,1.0,9.770013301136158
1255.0,0.4525896,0.0031873,0.1625498,0.1237263,0.7537849,0.0,0.5735027,0.0072595,0.1016334,0.1069692,0.0018149,0.9963702,0.3679092,0.0544872,0.0,10.911463720944793
91.0,0.4725275,0.0,0.1868132,0.2083333,0.8131868,0.0,0.627907,0.0,0.0232558,0.0444444,0.0,1.0,0.4,0.1428571,0.0,9.615805480084347
27291.0,0.4577333,0.0593236,0.1817083,0.121765,0.838335,0.0105896,0.6763289,0.0013379,0.0378166,0.0416275,0.0465573,0.994827,0.1953158,0.0376366,0.4814815,11.256754979390998
1386.0,0.4660895,0.0007215,0.1305916,0.0932432,0.8975469,0.0,0.7514677,0.0039139,0.0273973,0.0358491,0.0,1.0,0.1792453,0.1603053,0.2857143,10.468829770273567
1008.0,0.4930556,0.0128968,0.0486111,0.0313112,0.9801587,0.0,0.9381107,0.0,0.0032573,0.0160256,0.0162866,1.0,0.0128205,0.0,0.0,11.588042213851855
319.0,0.492163,0.0,0.1410658,0.1111111,0.8871473,0.0,0.7177419,0.0,0.0080645,0.1328671,0.0,0.9919355,0.1678322,0.0869565,1.0,9.729193687429403
984.0,0.4837398,0.0680894,0.1128049,0.0925197,0.9186992,0.0,0.7837838,0.003003,0.021021,0.097561,0.0780781,0.6966967,0.3279133,0.2615385,0.75,10.39821428171237
18374.0,0.485904,0.0103951,0.0508871,0.0362058,0.8885926,0.0028301,0.7575758,0.002687,0.0461263,0.0341696,0.0076131,0.988655,0.2501442,0.061086,0.3529412,11.178864319331653
560.0,0.4892857,0.0,0.1910714,0.1818182,0.8125,0.0,0.6218487,0.0,0.0462185,0.0916031,0.0,0.9957983,0.370229,0.0793651,0.5714286,9.862717639992917
6535.0,0.4732976,0.0110176,0.1337414,0.1013945,0.8560061,0.0055088,0.7016655,0.0010862,0.0267922,0.0563717,0.0108617,0.9960174,0.2459857,0.0259179,0.3333333,10.925956465688445
745.0,0.4483221,0.3114094,0.1597315,0.1459854,0.8805369,0.0,0.7239057,0.003367,0.020202,0.0689655,0.2760943,1.0,0.2915361,0.0891089,1.0,10.236417809461043
26095.0,0.4748802,0.1891933,0.1383024,0.1193899,0.8429967,0.0579805,0.7250187,0.0036133,0.0321455,0.0606273,0.177548,0.8806379,0.4126873,0.2026759,0.6962963,11.370220696727491
78122.0,0.4636082,0.5499347,0.1075497,0.1071497,0.8454725,0.0369806,0.7153549,0.0031154,0.0343408,0.0874751,0.4859987,0.9931605,0.3999935,0.1383938,0.3731778,10.606609816118151
1767.0,0.4640634,0.0011319,0.2422184,0.2038015,0.8211658,0.0373514,0.667147,0.0043228,0.018732,0.0334262,0.0014409,0.9985591,0.3245125,0.0397727,1.0,10.138599199626192
3325.0,0.472782,0.0222556,0.1885714,0.13919,0.7669173,0.004812,0.6020067,0.0040134,0.0876254,0.0266927,0.0160535,0.9438127,0.3059896,0.1141732,0.3529412,11.841516728140565
7373.0,0.4688729,0.1738777,0.1626204,0.1460674,0.8597586,0.0101723,0.7024508,0.0024163,0.0286503,0.095253,0.1542975,0.9955126,0.3488445,0.1127214,0.4473684,10.76004951120163
23.0,0.4782609,0.0,0.3913043,0.0,0.9130435,0.0,0.7777778,0.0,0.0,0.25,0.0,1.0,0.0,0.0,0.0,9.615805480084347
604.0,0.4735099,0.0,0.2566225,0.1918239,0.8311258,0.0,0.6398467,0.0076628,0.0191571,0.1470588,0.0,1.0,0.3104575,0.0645161,0.9285714,9.615805480084347
1393.0,0.4357502,0.7135678,0.1622398,0.1399491,0.8743719,0.0086145,0.6951456,0.0,0.0116505,0.1315346,0.6543689,0.992233,0.3001686,0.1258278,0.6666667,10.085850775128717
25.0,0.48,0.0,0.16,0.0,1.0,0.0,1.0,0.0,0.0,0.4166667,0.0,1.0,0.5833333,0.0,0.0,9.770013301136158
1134.0,0.4964727,0.0,0.1587302,0.1120841,0.8800705,0.0,0.7286652,0.0065646,0.0175055,0.1039216,0.0,0.9890591,0.3490196,0.1363636,0.0,9.846970109700957
14842.0,0.4779679,0.051745,0.1358308,0.1072535,0.7958496,0.0832098,0.7076656,0.0025101,0.0430585,0.1019594,0.0505889,0.8391581,0.3608462,0.0996636,0.5663717,10.793454842740767
1144.0,0.4772727,0.0,0.1424825,0.1153846,0.8916084,0.0,0.7398568,0.0047733,0.0286396,0.0389908,0.0,1.0,0.233945,0.0169492,1.0,11.896151780740423
681.0,0.5139501,0.0,0.1468429,0.102719,0.8854626,0.0,0.7431907,0.0077821,0.0389105,0.078853,0.0,1.0,0.2114695,0.0357143,1.0,10.367253014814716
1257.0,0.4478918,0.0071599,0.2386635,0.1829971,0.7271281,0.0620525,0.5842105,0.0035088,0.0421053,0.6005606,0.0017544,1.0,0.2796076,0.0574713,0.7631579,11.094390314766315
2050.0,0.4863415,0.0029268,0.1346341,0.0873694,0.8609756,0.0,0.7178841,0.011335,0.0579345,0.0636792,0.0,0.965995,0.3691038,0.115894,0.5,10.776891660007811
954.0,0.4989518,0.0052411,0.1215933,0.0794979,0.9224319,0.0,0.8075802,0.0058309,0.0145773,0.0338028,0.0029155,1.0,0.1746479,0.0833333,1.0,11.020283511637867
3003.0,0.4811855,0.000333,0.1471861,0.1290116,0.8498168,0.02331,0.71185,0.0025575,0.0306905,0.1848506,0.0,0.9897698,0.3683113,0.1039755,0.7555556,10.308985993422082
8948.0,0.49173,0.0515199,0.1113098,0.0901495,0.8364998,0.0268216,0.7137603,0.0015323,0.0732455,0.0489653,0.0487282,0.9840637,0.2497814,0.0225499,0.4285714,11.778369597156942
74.0,0.5,0.0,0.2432432,0.1621622,0.8513514,0.0,0.6333333,0.0,0.0,0.1428571,0.0,1.0,0.0857143,0.0,0.0,9.615805480084347
1078.0,0.4814471,0.0,0.1326531,0.1162791,0.8849722,0.0,0.7315271,0.0049261,0.0270936,0.055814,0.0,0.9876847,0.2139535,0.1293103,0.5,10.404293143019792
1653.0,0.4670296,0.0,0.1306715,0.1214529,0.8572293,0.0,0.7107692,0.0076923,0.0538462,0.0552326,0.0,0.9984615,0.2790698,0.029703,0.3333333,10.893047333337728
458.0,0.5043668,0.0240175,0.0960699,0.061674,0.9213974,0.0,0.7964072,0.0,0.011976,0.0564972,0.0179641,0.994012,0.2372881,0.1666667,0.0,10.925956465688445
488374.0,0.4744499,0.242902,0.1143099,0.0987513,0.773137,0.0429077,0.6280333,0.0039832,0.0654581,0.0954001,0.213007,0.9923056,0.4101162,0.0581476,0.4117808,10.950824090522445
229.0,0.4934498,0.0,0.1746725,0.1465517,0.8646288,0.0,0.6555556,0.0,0.0,0.0721649,0.0,1.0,0.4226804,0.3,0.5,9.841665338892785
2572.0,0.4716174,0.0015552,0.2356143,0.1751288,0.7974339,0.0392691,0.6345455,0.0027273,0.0127273,0.0740741,0.0009091,0.9990909,0.3526936,0.0591133,0.5714286,9.908524844053396
1520.0,0.4592105,0.0,0.2381579,0.1447689,0.8532895,0.0,0.6875981,0.0015699,0.032967,0.0520833,0.0,1.0,0.2470238,0.0653595,0.5454545,10.192456296870509
4547.0,0.476578,0.0136354,0.2372993,0.1941176,0.6492193,0.1126017,0.5260821,0.0016648,0.0799112,0.1025896,0.0038846,0.9950055,0.3391434,0.0442133,0.78125,10.16203685698089
467.0,0.509636,0.006424,0.0642398,0.0873362,0.9271949,0.0,0.8258065,0.0,0.0387097,0.054878,0.0064516,1.0,0.195122,0.2222222,1.0,10.357774570341576
3757.0,0.4769763,0.0010647,0.1205749,0.0814249,0.8876763,0.0101145,0.7430712,0.0022472,0.0284644,0.0812113,0.0007491,0.9131086,0.3633861,0.1616438,0.52,10.542732775946709
467.0,0.4796574,0.0,0.2740899,0.1481481,0.8479657,0.0,0.655,0.0,0.01,0.0196078,0.0,1.0,0.1666667,0.0,0.0,10.025749432069084
141.0,0.4609929,0.0,0.2624113,0.1184211,0.8652482,0.0,0.7258065,0.0,0.0322581,0.253012,0.0,1.0,0.4939759,0.1666667,1.0,9.615805480084347
344.0,0.497093,0.0,0.2267442,0.1271676,0.8430233,0.0,0.6575342,0.0,0.0273973,0.1257485,0.0,0.9931507,0.3173653,0.2,0.0,9.711176264112805
5197.0,0.5027901,0.005965,0.1008274,0.0804954,0.849721,0.0,0.7024752,0.0074257,0.0638614,0.0665434,0.0064356,0.7737624,0.3248614,0.0715373,0.5116279,11.033291613631048
1809.0,0.4621338,0.0044223,0.2316197,0.1531346,0.8579326,0.0,0.6912325,0.0012706,0.0165184,0.0686391,0.0050826,0.9987294,0.2556213,0.0460829,0.5,10.526775414924009
246.0,0.4878049,0.0,0.1341463,0.1587302,0.902439,0.0,0.7472527,0.0,0.010989,0.0319149,0.0,0.989011,0.0212766,0.0,0.0,11.910365121788654
19.0,0.3157895,0.0,0.2631579,0.2307692,1.0,0.0,1.0,0.0,0.0,0.7307692,0.0,1.0,0.5384615,0.0,1.0,10.566201298475118
75.0,0.4666667,0.0,0.2,0.175,0.8266667,0.0,0.625,0.0,0.03125,0.2380952,0.0,0.96875,0.3095238,0.0,0.0,9.615805480084347
354.0,0.4632768,0.2175141,0.1497175,0.1157895,0.920904,0.0,0.7956204,0.0,0.0,0.0866667,0.2116788,1.0,0.2066667,0.1315789,1.0,10.250652418696085
1063.0,0.4506115,0.0,0.20508,0.1386986,0.8523048,0.0,0.6740576,0.0,0.0221729,0.0424628,0.0,0.9977827,0.3014862,0.0620155,1.0,10.221977646629885
339.0,0.4631268,0.0265487,0.0324484,0.021978,0.519174,0.4542773,0.880597,0.0,0.0149254,0.0945946,0.0,1.0,0.2432432,0.0652174,0.0,9.966509298952284
683.0,0.4333821,0.0,0.3396779,0.2945736,0.7232796,0.1508053,0.6680162,0.0040486,0.0161943,0.0919118,0.0,1.0,0.2316176,0.0816327,1.0,9.792611856190192
4484.0,0.4964318,0.0082516,0.1701606,0.091674,0.8545941,0.0031222,0.7084469,0.0032698,0.0425068,0.0265252,0.0065395,0.9678474,0.2594164,0.0557229,0.5625,11.259335592686217
1331.0,0.4883546,0.0037566,0.2043576,0.0969163,0.8392186,0.0030053,0.6933798,0.0069686,0.043554,0.3887114,0.0034843,0.9930314,0.4621938,0.0598802,0.173913,11.050905878263567
6734.0,0.4612415,0.005049,0.2081972,0.1560088,0.8062073,0.0164835,0.6256906,0.003453,0.0300414,0.1197568,0.0037983,0.9837707,0.2930091,0.0474834,0.6041667,10.146472946063877
375.0,0.504,0.0,0.2826667,0.1666667,0.8613333,0.0,0.6975309,0.0,0.0185185,0.2636364,0.0,0.9938272,0.3409091,0.2777778,0.7142857,10.030164255362632
60.0,0.5333333,0.0,0.05,0.1428571,0.95,0.0,0.8333333,0.0,0.0,0.6727273,0.0,1.0,0.7636364,0.125,0.0,11.286037411751035
2803.0,0.496254,0.0627899,0.2140564,0.1834278,0.7377809,0.1105958,0.6306391,0.0028195,0.0253759,0.2187959,0.0216165,0.931391,0.3979442,0.1139601,0.5,9.615805480084347
4254.0,0.4666197,0.0002351,0.1897038,0.1511679,0.8164081,0.019511,0.6591435,0.0086806,0.0474537,0.0357143,0.0,0.9953704,0.3063616,0.0625,0.9,10.537441898283253
14325.0,0.483281,0.0034206,0.0995462,0.094569,0.925096,0.0118674,0.8396061,0.0028446,0.0275711,0.0214133,0.0026258,0.9730853,0.1623126,0.1131034,0.4411765,11.829930875050733
596.0,0.4765101,0.0,0.1342282,0.1153846,0.8993289,0.0,0.7662338,0.0,0.025974,0.2034483,0.0,1.0,0.3689655,0.0487805,1.0,9.615805480084347
816.0,0.5404412,0.0061275,0.0686275,0.0453333,0.9473039,0.0,0.8697183,0.0035211,0.0105634,0.1234568,0.0035211,0.9823944,0.2345679,0.0408163,0.8333333,10.819798284210286
1852.0,0.4929806,0.00054,0.187905,0.1246006,0.8342333,0.0,0.670303,0.0036364,0.0351515,0.6071429,0.0,1.0,0.2661905,0.028436,0.8888889,10.650199196425806
953.0,0.4963274,0.0125918,0.1406086,0.0854167,0.8971668,0.0,0.7545455,0.0060606,0.0393939,0.0651558,0.0090909,1.0,0.1784703,0.1685393,0.0,10.460270761075149
61.0,0.5245902,0.0,0.0655738,0.1034483,0.9672131,0.0,0.8947368,0.0,0.0,0.173913,0.0,1.0,0.3043478,0.0,0.0,9.615805480084347
6746.0,0.4816187,0.0219389,0.1675067,0.1292536,0.8190039,0.0168989,0.6622272,0.0099889,0.0469848,0.0367071,0.0203478,0.9966704,0.2626515,0.081266,0.5,10.460270761075149
193.0,0.4974093,0.0,0.2487047,0.1030928,0.8393782,0.0,0.6547619,0.0119048,0.0119048,0.106383,0.0,1.0,0.3085106,0.0588235,1.0,10.134638955251866
361.0,0.4764543,0.0,0.1218837,0.1058201,0.8975069,0.0277008,0.8,0.0,0.0347826,0.0495868,0.0,1.0,0.1818182,0.1515152,0.0,10.983613347424248
2239.0,0.4591335,0.0004466,0.561858,0.2039637,0.8021438,0.0317106,0.6968889,0.0008889,0.024,0.1541353,0.0,0.9955556,0.4240602,0.0638298,0.6666667,10.563620718477313
1395.0,0.483871,0.0,0.4616487,0.1611111,0.7691756,0.0,0.6369681,0.0,0.0638298,0.6211587,0.0,0.9920213,0.6261965,0.0038023,0.625,11.37826200322577
25.0,0.56,0.0,0.24,0.1818182,0.52,0.0,0.3125,0.0,0.0625,0.3043478,0.0,0.9375,0.5652174,0.3333333,1.0,9.615805480084347
683.0,0.4758419,0.0,0.2137628,0.1927374,0.7847731,0.0878477,0.6758893,0.0,0.0197628,0.0488722,0.0,0.9960474,0.2443609,0.0714286,0.25,10.298935994257638
595.0,0.4857143,0.0033613,0.210084,0.1666667,0.8537815,0.0,0.6745098,0.0039216,0.0117647,0.1052632,0.0039216,0.9960784,0.3087719,0.0952381,0.0,9.94755228369823
2669.0,0.4866991,0.0044961,0.1405021,0.0956204,0.8579993,0.002248,0.7088608,0.0038948,0.0506329,0.052583,0.0029211,0.9902629,0.2878229,0.0666667,0.6875,11.612779849672751
4703.0,0.4078248,0.0089305,0.4443972,0.2775583,0.6682968,0.0,0.4825046,0.0,0.0556169,0.1459578,0.0051565,0.8836096,0.7329349,0.015625,0.4,12.077676615757813
10.0,0.3,0.0,0.2,0.0,1.0,0.0,1.0,0.0,0.0,0.0,0.0,1.0,0.3333333,0.0,0.0,13.122367377396328
835.0,0.4778443,0.0011976,0.1341317,0.0688073,0.908982,0.0,0.7727273,0.0,0.0194805,0.0638298,0.0,0.9967532,0.1975684,0.173913,0.0,10.389026137075234
7669.0,0.463685,0.1906376,0.1854218,0.1672745,0.8484809,0.0230799,0.698544,0.0033091,0.0191926,0.0735745,0.152548,0.9983455,0.2654813,0.0915948,0.6382979,10.288783966353765
863.0,0.4611819,0.0011587,0.207416,0.1655914,0.8632677,0.0,0.6899441,0.0027933,0.0167598,0.1246944,0.0,0.9916201,0.2420538,0.125,0.875,9.758519582283522
180.0,0.5333333,0.0,0.1277778,0.0238095,0.9055556,0.0,0.7538462,0.0,0.0153846,0.0298507,0.0,1.0,0.1940299,0.1666667,0.0,10.652566005416872
7.0,0.4285714,0.0,0.2857143,0.25,0.8571429,0.0,0.6666667,0.0,0.0,0.5,0.0,1.0,0.3333333,0.0,0.0,9.615805480084347
1202.0,0.5083195,0.0,0.0673877,0.0507614,0.9301165,0.0,0.8130312,0.0084986,0.0311615,0.0759162,0.0,0.1586402,0.4267016,0.125,0.5,10.515993929932415
3294.0,0.3439587,0.0097146,0.0862174,0.0300787,0.4857316,0.3378871,0.6608579,0.0053619,0.1715818,0.0171278,0.0013405,0.9946381,0.2648221,0.2342342,0.5,10.841559345471941
1439.0,0.5003475,0.0104239,0.0826963,0.054242,0.914524,0.0,0.8097166,0.0060729,0.048583,0.1209964,0.0080972,0.9817814,0.3007117,0.1690141,0.35,10.542732775946709
1309.0,0.5469824,0.0038197,0.0145149,0.0168634,0.5668449,0.0320856,0.4638219,0.0018553,0.257885,0.5276074,0.0018553,0.9777365,0.6853637,0.0320513,0.375,12.132431487478716
6913.0,0.4916823,0.0122957,0.1106611,0.0822425,0.883842,0.0,0.7438459,0.001427,0.026757,0.0439973,0.0132001,0.9953621,0.3199181,0.0583153,0.3888889,10.911463720944793
6499.0,0.4743807,0.0053854,0.1546392,0.1340749,0.7839668,0.053239,0.6545307,0.006877,0.0590615,0.0328638,0.0044498,0.9898867,0.4131455,0.0654762,0.25,11.284781934567633
14732.0,0.4874423,0.1097611,0.0775183,0.0790624,0.9210562,0.0188026,0.8441374,0.0006096,0.0207275,0.0433515,0.0977444,0.9963422,0.1697123,0.1081081,0.16,11.02518140064756
6854.0,0.4584184,0.0892909,0.1778523,0.1457435,0.81281,0.0177998,0.64,0.0031304,0.0354783,0.0773427,0.0786087,0.9972174,0.3879974,0.0547264,0.7027027,10.130662964963708
235.0,0.4765957,0.0,0.1319149,0.1300813,0.906383,0.0,0.7674419,0.0,0.0232558,0.1962617,0.0,1.0,0.3084112,0.3157895,0.3333333,9.615805480084347
158.0,0.4556962,0.0,0.2468354,0.127907,0.8607595,0.0,0.671875,0.0,0.015625,0.0857143,0.0,1.0,0.1714286,0.0,0.0,9.615805480084347
250.0,0.5,0.004,0.208,0.176,0.888,0.0,0.7428571,0.0,0.0095238,0.1666667,0.0095238,0.9904762,0.2777778,0.0625,1.0,10.012386799492118
306.0,0.4607843,0.0,0.2026144,0.1818182,0.7941176,0.0,0.5441176,0.0,0.0073529,0.1392405,0.0,0.9926471,0.2658228,0.1315789,1.0,9.615805480084347
632.0,0.4762658,0.0047468,0.1803797,0.141994,0.8655063,0.0,0.7098039,0.0117647,0.027451,0.0860215,0.0,0.9960784,0.3763441,0.0307692,0.75,9.841665338892785
62.0,0.4677419,0.0,0.0483871,0.0606061,0.8709677,0.0,0.6666667,0.0,0.0,0.3684211,0.0,0.9583333,0.3157895,0.0,0.0,9.615805480084347
893.0,0.4568869,0.0526316,0.1545353,0.142268,0.8790594,0.0044793,0.7310924,0.0028011,0.0112045,0.0678851,0.0448179,1.0,0.2845953,0.0793651,0.8,10.43708198835482
450.0,0.4377778,0.0,0.3977778,0.2411067,0.7644444,0.0733333,0.6326531,0.0,0.005102,0.1131222,0.0,0.994898,0.3122172,0.1153846,0.3333333,9.615805480084347
2739.0,0.4574662,0.0186199,0.2774735,0.2207268,0.7159547,0.0434465,0.5625,0.0023734,0.0712025,0.0358505,0.0205696,0.9968354,0.3180778,0.0095087,0.5,11.192733974822708
1573.0,0.4386523,0.3591863,0.2002543,0.2015855,0.8258106,0.0425938,0.6710744,0.0016529,0.0099174,0.0819423,0.3090909,1.0,0.2792109,0.1075949,0.7,10.214678610538817
2377.0,0.4484645,0.7648296,0.1371477,0.1594203,0.9007152,0.0,0.7177215,0.0012658,0.0151899,0.0538922,0.6911392,0.9936709,0.3197605,0.2305389,0.75,10.268165387743457
1879.0,0.4417243,0.0063864,0.1953167,0.1877979,0.8371474,0.0351251,0.7124011,0.0026385,0.025066,0.1029586,0.005277,0.9960422,0.3585799,0.0654545,0.5,10.5610334618531
1075.0,0.4772093,0.0037209,0.1553488,0.1032028,0.9125581,0.0,0.7975,0.0025,0.0275,0.103139,0.005,0.94,0.2578475,0.1139241,0.2222222,10.203629181337648
654.0,0.4923547,0.0,0.1574924,0.0873494,0.8639144,0.0,0.703125,0.0039062,0.0429688,0.0411985,0.0,0.9882812,0.3258427,0.0410959,1.0,10.21833478806055
791.0,0.4614412,0.0,0.1908976,0.129108,0.82933,0.0012642,0.6636364,0.0151515,0.0393939,0.1152815,0.0,0.9939394,0.2654155,0.0363636,1.0,9.985113621416073
186.0,0.4946237,0.0,0.4193548,0.106383,0.8817204,0.0,0.7912088,0.010989,0.010989,0.8637725,0.0,1.0,0.1526946,0.0,1.0,11.955050317440996
2475.0,0.4791919,0.0008081,0.1284848,0.0961986,0.8880808,0.0,0.7341227,0.0021529,0.0269107,0.0322917,0.0,0.9946179,0.2822917,0.0591398,0.7142857,10.84546552414626
1088.0,0.4944853,0.0,0.0827206,0.0527273,0.9365809,0.0,0.8461538,0.0026525,0.0212202,0.0104987,0.0,0.9920424,0.2414698,0.2972973,1.0,10.373522431293592
145.0,0.4896552,0.0,0.1586207,0.1351351,0.8,0.0,0.546875,0.0,0.0,0.3333333,0.0,1.0,0.375,0.0,0.8888889,9.615805480084347
10610.0,0.4792648,0.0146089,0.1539114,0.1138462,0.8901037,0.0065975,0.7431052,0.0035751,0.0165986,0.1317073,0.01762,0.6869254,0.321286,0.1456311,0.8113208,10.332050506334692
226.0,0.460177,0.2079646,0.2168142,0.1639344,0.8982301,0.0,0.75,0.0,0.0,0.1067961,0.1847826,1.0,0.1650485,0.0,1.0,10.038935856711177
17076.0,0.4831928,0.0247716,0.1194074,0.0942776,0.8755563,0.0114781,0.7315663,0.0016064,0.0353414,0.0347341,0.0244177,0.9792771,0.2808187,0.0412917,0.3962264,11.498836682527127
1766.0,0.4796149,0.0764439,0.1862967,0.1381937,0.903171,0.0,0.7633588,0.0030534,0.0198473,0.0437956,0.0641221,0.9984733,0.2,0.1454545,1.0,9.873079890114703
847.0,0.4675325,0.0047226,0.2821724,0.2749446,0.7012987,0.0861865,0.5585106,0.0,0.0345745,0.1047619,0.0,0.9707447,0.5047619,0.0628931,0.5714286,10.471666571132038
2451.0,0.4463484,0.0991432,0.2158303,0.1879145,0.8298654,0.0236638,0.6670061,0.0010183,0.0274949,0.1355634,0.0855397,0.9949084,0.3433099,0.1021127,0.7272727,9.952325334619427
73.0,0.5479452,0.0,0.2191781,0.0909091,0.9041096,0.0,0.75,0.0,0.0,0.3,0.0,0.9642857,0.375,0.0,1.0,9.615805480084347
2504.0,0.4708466,0.0147764,0.1888978,0.1154717,0.9049521,0.0075879,0.7939394,0.0010101,0.0141414,0.0149254,0.0121212,1.0,0.1621891,0.0297619,0.0,10.933124826700707
3673.0,0.4492241,0.4004901,0.2281514,0.1982205,0.7998911,0.0590798,0.6577086,0.0021216,0.0162659,0.0976388,0.3500707,0.9936351,0.3165284,0.0925926,0.4285714,9.898525260706313
3017.0,0.501823,0.010938,0.021876,0.0172987,0.9221081,0.0,0.8204394,0.0019102,0.0372493,0.0233209,0.0124164,0.9875836,0.0429104,0.0978261,0.1764706,11.106474871430772
103.0,0.4660194,0.0,0.223301,0.1454545,0.8349515,0.0,0.6363636,0.0,0.0227273,0.0434783,0.0,1.0,0.173913,0.0,0.0,9.615805480084347
610.0,0.4672131,0.0,0.2770492,0.1907692,0.742623,0.0918033,0.6367521,0.0128205,0.0384615,0.0823529,0.0,1.0,0.345098,0.0869565,0.8333333,10.064798252418377
65674.0,0.4589944,0.0099126,0.3238572,0.1837321,0.7470993,0.0195054,0.5911469,0.0033834,0.0618402,0.1754023,0.0077379,0.9845243,0.5122833,0.0343753,0.4641256,10.97337452485014
171.0,0.4853801,0.0,0.128655,0.0454545,0.8654971,0.0,0.761194,0.0298507,0.0597015,0.1066667,0.0,1.0,0.2133333,0.0,0.0,9.615805480084347
580.0,0.5431034,0.0,0.0448276,0.0415094,0.8982759,0.0,0.7170732,0.0,0.004878,0.2463235,0.0,1.0,0.9154412,0.1132075,1.0,9.615805480084347
15385.0,0.6656484,0.4613585,0.0152746,0.0289658,0.5313617,0.359441,0.6836143,0.0055321,0.1014226,0.0502877,0.1609589,0.9641728,0.2314236,0.0769737,0.0434783,11.613684409620816
451.0,0.4900222,0.0,0.2172949,0.1565217,0.827051,0.0,0.6313131,0.0,0.0252525,0.2048193,0.0,0.989899,0.4417671,0.0444444,0.8,9.661479683575521
42192.0,0.4714875,0.2125521,0.1349782,0.1129199,0.7824469,0.0127749,0.600225,0.0070468,0.0812459,0.0825773,0.1733878,0.9493101,0.3373717,0.107126,0.4892704,10.32551474894327
3847.0,0.4886925,0.0018196,0.0917598,0.0442298,0.9602287,0.0,0.897498,0.0,0.0169492,0.0228707,0.0008071,0.9862793,0.0149842,0.1038961,0.5,12.52815976788113
210.0,0.4142857,0.952381,0.1714286,0.1544715,0.9095238,0.0,0.7272727,0.0,0.0151515,0.0571429,0.9393939,1.0,0.3714286,0.4,0.0,9.615805480084347
1562.0,0.4628681,0.4430218,0.1453265,0.1632896,0.8854033,0.0,0.70194,0.0017637,0.015873,0.1396055,0.4038801,0.989418,0.3748103,0.1428571,0.9230769,9.615805480084347
4388.0,0.4608022,0.9938469,0.2014585,0.1639899,0.9033728,0.0082042,0.780157,0.0057102,0.0392577,0.0270833,0.9992862,0.9978587,0.3902778,0.2325581,0.6153846,10.55843949396453
997.0,0.4774323,0.0,0.1614845,0.1420345,0.8956871,0.0,0.728,0.0,0.0053333,0.0359897,0.0,1.0,0.1645244,0.0857143,0.5,10.357774570341576
268.0,0.4029851,0.7947761,0.130597,0.075,0.8731343,0.0,0.7314815,0.0185185,0.037037,0.136,0.7962963,1.0,0.512,0.0519481,0.0,9.90353755128617
52978.0,0.4941674,0.0048133,0.046491,0.0451153,0.9032617,0.0095889,0.8115651,0.0060175,0.0556479,0.0358603,0.0037251,0.992779,0.2084208,0.0819954,0.46,11.131679686740132
521.0,0.4817658,0.0,0.193858,0.1888889,0.78119,0.0,0.573913,0.0043478,0.0478261,0.1221374,0.0,0.9956522,0.3854962,0.0537634,0.75,10.203629181337648
2443.0,0.494474,0.0675399,0.029472,0.0267206,0.9516987,0.0,0.8887363,0.0068681,0.0274725,0.0188679,0.0631868,0.9958791,0.0148248,0.2283951,0.2,11.358619773129229
552.0,0.4764493,0.0018116,0.25,0.100346,0.9021739,0.0,0.7772727,0.0,0.0227273,0.64687,0.0045455,1.0,0.4301766,0.0588235,0.5,12.199556461239876
854.0,0.4812646,0.0819672,0.1721311,0.1467269,0.8770492,0.0,0.7183099,0.0,0.0140845,0.0508021,0.0760563,1.0,0.2994652,0.032967,0.3333333,10.526775414924009
2220.0,0.4882883,0.0018018,0.1382883,0.0713028,0.8918919,0.0,0.7679623,0.0070671,0.0353357,0.0207612,0.0011779,0.9740872,0.1856978,0.1223404,0.3333333,11.147656555612986
864.0,0.4872685,0.0011574,0.15625,0.1218962,0.8888889,0.0,0.7275641,0.0032051,0.0288462,0.0310559,0.0,1.0,0.1459627,0.1481481,1.0,10.211009016314167
2054.0,0.473223,0.0009737,0.1523856,0.1256932,0.8500487,0.0,0.670398,0.0049751,0.0410448,0.0672854,0.0012438,0.9937811,0.3341067,0.052356,0.1666667,10.849356503939038
1809.0,0.4494196,0.0005528,0.1978994,0.1716867,0.8419016,0.0016584,0.6551282,0.0012821,0.0153846,0.0636255,0.0012821,0.9987179,0.3565426,0.0772201,1.0,10.207325906555994
2701.0,0.4594595,0.0014809,0.138097,0.1075342,0.8022954,0.0,0.6393162,0.008547,0.0709402,0.0386196,0.0017094,0.9794872,0.4658998,0.0560748,0.1666667,10.92775337907558
2238.0,0.4776586,0.0031278,0.1648794,0.112917,0.8270777,0.0,0.652452,0.0021322,0.0522388,0.0319917,0.0031983,0.9936034,0.2745098,0.0292398,0.6,11.268315653289422
29721.0,0.47384,0.035194,0.2510683,0.1408748,0.8373877,0.0105313,0.7025112,0.001968,0.0488074,0.1047921,0.029127,0.9867748,0.2516561,0.0535653,0.4310345,11.170449240431308
4194.0,0.4902241,0.0030997,0.1902718,0.1057063,0.8593228,0.0121602,0.7496933,0.001227,0.0533742,0.0268657,0.0030675,0.9852761,0.1826866,0.029703,0.5833333,13.122367377396328
60569.0,0.4629101,0.0104839,0.2281035,0.1517322,0.7436808,0.0127128,0.5679261,0.002293,0.0741172,0.054091,0.0095248,0.9668748,0.3779031,0.0312637,0.372591,12.304110918882833
300.0,0.44,0.0,0.21,0.202381,0.8266667,0.0,0.6183206,0.0,0.0152672,0.1148649,0.0,0.9847328,0.3783784,0.0555556,0.5,9.615805480084347
19291.0,0.4758177,0.0018662,0.1630294,0.1092761,0.8229226,0.0143072,0.6580703,0.0023095,0.0509366,0.0311995,0.0007698,0.9962792,0.3448104,0.0350154,0.375,10.638280388314705
5423.0,0.5072838,0.0210216,0.0534759,0.0239521,0.9190485,0.0,0.8232955,0.0113636,0.0448864,0.0847634,0.0244318,0.9090909,0.3151326,0.1204437,0.0666667,11.451060699493427
3551.0,0.4815545,0.2430301,0.1500986,0.1385117,0.8667981,0.0157702,0.7126895,0.0039904,0.0351157,0.1298611,0.2482043,0.6759777,0.3930556,0.1678322,0.84,9.758519582283522
1122.0,0.4572193,0.0,0.1755793,0.1330049,0.8172906,0.0,0.6377119,0.0084746,0.0466102,0.112782,0.0,0.9978814,0.3759398,0.0493274,0.6666667,10.837637848711049
484.0,0.4504132,0.0,0.1157025,0.1353383,0.8719008,0.0,0.6358025,0.0,0.0185185,0.2019704,0.0,0.9938272,0.4926108,0.2716049,1.0,9.615805480084347
3581.0,0.4666294,0.006702,0.1586149,0.1387435,0.8464116,0.0564088,0.7429519,0.0058043,0.0165837,0.1323741,0.0,0.8731343,0.3784173,0.1443038,0.75,10.069044362997353
3866.0,0.4441283,0.2604759,0.2033109,0.1824104,0.8150543,0.0550957,0.6884799,0.0054533,0.0204499,0.1060329,0.2188139,0.9870484,0.3126143,0.120155,0.8333333,10.207325906555994
22869.0,0.473698,0.0925707,0.2120775,0.1178132,0.7784774,0.0055096,0.6268642,0.0028214,0.0962314,0.0375327,0.0825272,0.944478,0.3486568,0.0453066,0.3235294,12.209073139542411
22107.0,0.4829692,0.2147736,0.1361107,0.1109361,0.8382413,0.0016737,0.6698135,0.0064472,0.0594059,0.1341707,0.1770665,0.9839972,0.3635367,0.1241165,0.5803109,10.250652418696085
4405.0,0.5030647,0.0052213,0.1754824,0.096391,0.768899,0.0263337,0.643779,0.0051626,0.0841507,0.3458291,0.0025813,0.9447599,0.5292131,0.04375,0.369863,11.575909653758895
341.0,0.4457478,0.0,0.2463343,0.1375661,0.8768328,0.0,0.7071429,0.0,0.0071429,0.2432432,0.0,0.9857143,0.2756757,0.15,1.0,9.615805480084347
527.0,0.4857685,0.0075901,0.1157495,0.0922509,0.8937381,0.0,0.7708333,0.015625,0.0416667,0.0447761,0.0104167,0.9947917,0.2139303,0.1590909,0.5,10.547995807489514
1711.0,0.4997078,0.0081823,0.1794272,0.1063084,0.8702513,0.0,0.7382445,0.0094044,0.0485893,0.0699708,0.0047022,0.9200627,0.3688047,0.1666667,0.0,12.1709686470671
1777.0,0.4805853,0.0,0.0973551,0.0790899,0.9009567,0.0,0.7647975,0.0062305,0.029595,0.0460624,0.0,0.9984424,0.3105498,0.080402,0.25,10.841559345471941
11961.0,0.4752947,0.0024245,0.1455564,0.1021351,0.8628041,0.0147981,0.728342,0.007012,0.0436553,0.040165,0.0024881,0.8826057,0.403604,0.1223432,0.15,11.326607934898927
1230.0,0.4569106,0.0,0.2650407,0.1976048,0.800813,0.095122,0.7217195,0.0,0.0113122,0.1247525,0.0,1.0,0.2613861,0.0892857,0.8,9.97119292889014
917.0,0.4558342,0.0,0.1221374,0.1022044,0.8854962,0.0152672,0.7617647,0.0,0.0264706,0.0422535,0.0,0.9970588,0.2985915,0.1192661,0.3333333,10.445840912706414
547.0,0.4771481,0.0457038,0.1499086,0.1713287,0.8848263,0.0,0.7464115,0.0143541,0.0239234,0.0913043,0.0382775,0.9952153,0.2347826,0.1428571,0.5,10.39516093745751
2530.0,0.4774704,0.0,0.1750988,0.1248109,0.8853755,0.0,0.753878,0.0041365,0.0403309,0.0358923,0.0,0.9875905,0.2522433,0.0763889,0.375,11.413116179350727
950.0,0.4905263,0.0010526,0.2126316,0.1466942,0.86,0.0,0.6823821,0.0,0.0124069,0.0562061,0.0,0.9925558,0.2529274,0.0217391,1.0,10.122663242288953
291.0,0.467354,0.0,0.2164948,0.1612903,0.8728522,0.0,0.697479,0.0,0.0084034,0.0703125,0.0,1.0,0.171875,0.0,0.3333333,10.030164255362632
59432.0,0.4675596,0.0220588,0.2073967,0.1330742,0.8803002,0.0130233,0.751189,0.0007046,0.0267747,0.0199396,0.0171305,0.9694381,0.2329305,0.0587921,0.2521739,11.705205603408396
317.0,0.444795,0.1514196,0.1766562,0.1136364,0.9242902,0.0,0.8119658,0.0,0.017094,0.1136364,0.1452991,0.991453,0.2575758,0.0526316,0.6666667,9.980494888896912
1864.0,0.4334764,0.0005365,0.2848712,0.2471591,0.7795064,0.0536481,0.6202046,0.0025575,0.0153453,0.1073059,0.0,0.9936061,0.3276256,0.0714286,0.8571429,9.758519582283522
2033.0,0.4481062,0.1446139,0.1918347,0.1595365,0.8824397,0.0,0.717284,0.0012346,0.0098765,0.0614137,0.1246914,0.991358,0.3881808,0.0853242,0.0,10.060534035475412
1242.0,0.4718196,0.0,0.2117552,0.1661585,0.8333333,0.0,0.651751,0.0097276,0.040856,0.0722022,0.0,0.9980545,0.2509025,0.0748299,0.4615385,10.410335274932896
404.0,0.5346535,0.0,0.0915842,0.0425532,0.8688119,0.0,0.7414966,0.0068027,0.0748299,0.0576923,0.0,1.0,0.1858974,0.0740741,0.6666667,10.335302435967074
601.0,0.4642263,0.0,0.3577371,0.189441,0.8086522,0.0682196,0.7028112,0.0,0.0,0.101083,0.0,0.9919679,0.2563177,0.1041667,0.75,9.90353755128617
3843.0,0.4980484,0.0338277,0.051262,0.0409539,0.9737184,0.0,0.9281867,0.0017953,0.0116697,0.0167696,0.035009,0.9883303,0.0229479,0.3421053,0.7272727,11.744838452135683
599.0,0.4974958,0.0,0.1903172,0.1096346,0.8881469,0.0,0.7322176,0.0,0.0125523,0.0664062,0.0,0.9958159,0.3164062,0.2586207,0.8,9.76428295481558
5525.0,0.4939367,0.1382805,0.04181,0.0543634,0.7156561,0.0038009,0.5510786,0.006512,0.1489621,0.1462821,0.1204721,0.973545,0.5062543,0.0424581,0.0782609,11.474195031610165
22881.0,0.4776889,0.0072549,0.1439185,0.109949,0.8551637,0.0153839,0.7078575,0.0039973,0.0351759,0.0581908,0.006053,0.9457515,0.3124664,0.1038961,0.4494382,10.518700218288165
425.0,0.48,0.0,0.0588235,0.0542986,0.9741176,0.0,0.8764045,0.0,0.0,0.152381,0.0,1.0,0.8761905,0.425,0.0,9.615805480084347
1512.0,0.4695767,0.0,0.2314815,0.180798,0.8108466,0.0019841,0.6070381,0.0014663,0.0190616,0.1485643,0.0,0.9956012,0.4082397,0.0864198,0.6428571,10.199918739620157
2754.0,0.4611474,0.0021786,0.2908497,0.1994609,0.7875817,0.0562818,0.6619965,0.0035026,0.0315236,0.081255,0.0008757,0.9929947,0.3370877,0.0319489,0.7,10.448743588106625
9392.0,0.4646508,0.0046848,0.1589651,0.1290772,0.8211244,0.026299,0.6551821,0.0061625,0.0392157,0.0656896,0.0036415,0.8515406,0.4394138,0.1285444,0.5135135,10.596659732783579
2121.0,0.4587459,0.0127298,0.272513,0.1707317,0.8514851,0.0,0.6783439,0.0,0.0116773,0.0228216,0.0159236,0.9989384,0.2157676,0.0179641,0.1,11.020283511637867
150.0,0.4866667,0.0,0.1333333,0.1038961,0.9466667,0.0,0.8367347,0.0,0.0,0.1403509,0.0,0.9795918,0.3508772,0.625,0.0,9.615805480084347
6549.0,0.4611391,0.0012216,0.1678119,0.1181638,0.8392121,0.0265689,0.6942346,0.005169,0.0353877,0.039343,0.0003976,0.994831,0.2517189,0.0736434,0.3333333,10.419330568113901
4142.0,0.4241912,0.0144858,0.2904394,0.2293501,0.6583776,0.1318204,0.5774481,0.010089,0.0700297,0.052306,0.0106825,0.9780415,0.2772778,0.0418605,0.3,10.87049040995193
1100.0,0.4836364,0.0036364,0.1527273,0.1161972,0.87,0.0218182,0.7321867,0.0,0.022113,0.0665138,0.002457,0.997543,0.3119266,0.0686275,0.5,10.158168529848494
1006.0,0.5159046,0.0049702,0.0904573,0.0410678,0.9423459,0.0,0.8727811,0.0059172,0.0236686,0.0478873,0.0029586,1.0,0.115493,0.173913,0.7142857,10.762170357789895
3694.0,0.4926909,0.0132648,0.1326475,0.1093917,0.8995669,0.016784,0.7617021,0.0034043,0.0212766,0.1701977,0.0017021,0.2459574,0.4611582,0.2133995,0.9285714,9.615805480084347
838.0,0.4868735,0.0,0.1873508,0.1790698,0.8329356,0.0477327,0.7062706,0.0033003,0.0264026,0.0900901,0.0,0.9966997,0.4174174,0.1333333,0.8333333,9.918425424900335
22095.0,0.50043,0.018692,0.1221091,0.0726581,0.8959493,0.0091423,0.7864894,0.0061042,0.0454422,0.0508562,0.0193977,0.8228432,0.4125145,0.1552186,0.3809524,11.921725007667265
13242.0,0.4843679,0.0226552,0.1328349,0.0871412,0.8990334,0.0007552,0.7772152,0.0019474,0.0278481,0.021532,0.0216164,0.9945472,0.2389482,0.0831696,0.3043478,10.783135046711445
463.0,0.4686825,0.0,0.2289417,0.1869919,0.8164147,0.0,0.625,0.0,0.0336538,0.0630631,0.0,0.9855769,0.3243243,0.0535714,0.5,9.852246888342531
167.0,0.5269461,0.0,0.0958084,0.1139241,0.8982036,0.0,0.6981132,0.0,0.0188679,0.2739726,0.0,1.0,0.3287671,0.3333333,0.8333333,10.566201298475118
1429.0,0.449965,0.213436,0.2449265,0.2290076,0.7529741,0.1154654,0.6706114,0.0019724,0.0335306,0.1120841,0.2071006,0.9960552,0.357268,0.1049383,0.6666667,10.077482875583607
2503.0,0.4282861,0.5657211,0.2057531,0.1844864,0.815022,0.009988,0.619666,0.0046382,0.0204082,0.0910624,0.5352505,0.9925788,0.4881956,0.0865225,1.0,9.65509029374725
2198.0,0.4372157,0.0418562,0.1974522,0.2263541,0.7966333,0.0473157,0.6308725,0.0011186,0.0134228,0.0754912,0.0391499,0.9977629,0.4829369,0.0846154,0.8,10.351405324899678
405.0,0.5111111,0.0024691,0.2246914,0.1515152,0.8888889,0.0,0.7151899,0.0,0.0,0.1979695,0.0,1.0,0.3857868,0.1935484,0.6666667,9.615805480084347
446.0,0.4843049,0.0022422,0.1838565,0.1608696,0.8587444,0.0,0.6966292,0.0,0.0393258,0.0481283,0.0,0.994382,0.1818182,0.173913,1.0,10.2328272702548
970.0,0.4639175,0.0463918,0.2061856,0.1634615,0.8453608,0.0134021,0.7012658,0.0025316,0.0329114,0.1202673,0.0405063,0.956962,0.3051225,0.1287879,1.0,9.99884318585288
28835.0,0.4607942,0.0710942,0.0701231,0.0560844,0.5135426,0.2483787,0.5468892,0.0026113,0.1726839,0.0503504,0.0627838,0.993188,0.4527224,0.0662472,0.4193548,10.92415631759022
3694.0,0.4645371,0.0005414,0.2441798,0.1769464,0.80536,0.0387114,0.643733,0.0020436,0.0245232,0.0749842,0.0006812,0.9911444,0.2703214,0.0485934,0.7142857,10.389026137075234
220.0,0.4863636,0.0,0.1909091,0.1150442,0.9090909,0.0,0.7738095,0.0,0.0119048,0.1157895,0.0,1.0,0.2526316,0.25,1.0,9.918425424900335
497.0,0.4889336,0.3561368,0.1287726,0.1062992,0.9074447,0.0,0.7650273,0.0054645,0.0163934,0.056701,0.3169399,1.0,0.3814433,0.1081081,0.0,10.199918739620157
1380.0,0.4565217,0.0007246,0.3956522,0.1426667,0.8304348,0.0,0.6788432,0.0045662,0.0273973,0.1204819,0.0,0.9802131,0.3681392,0.05,0.2222222,10.61890979160975
60.0,0.55,0.0,0.2166667,0.0740741,0.7833333,0.0,0.5517241,0.0,0.0,0.1212121,0.0,1.0,0.4242424,0.0,0.6666667,9.615805480084347
397.0,0.4584383,0.0,0.2493703,0.1767442,0.836272,0.0,0.6628571,0.0,0.0228571,0.1071429,0.0,1.0,0.1785714,0.0769231,0.5714286,9.798182590890704
18827.0,0.4492484,0.4809582,0.1871249,0.1705082,0.8411855,0.0210867,0.6723545,0.0027522,0.0214669,0.1329197,0.4084216,0.9962846,0.2880325,0.140246,0.6160338,10.247112717290387
16410.0,0.4439976,0.4872029,0.1868373,0.1691144,0.8271176,0.0201097,0.6525657,0.0033598,0.0274893,0.1291395,0.4234881,0.9943494,0.3211863,0.1241148,0.7037037,10.030164255362632
982.0,0.4562118,0.0,0.1446029,0.1273408,0.8869654,0.0,0.7411168,0.0025381,0.0203046,0.0707547,0.0,1.0,0.3018868,0.1075269,0.5,10.196194479235656
148.0,0.4864865,0.0,0.1013514,0.0526316,0.8986486,0.0,0.7454545,0.0,0.0181818,0.3125,0.0,0.8545455,0.35,0.0833333,1.0,9.615805480084347
502.0,0.498008,0.3346614,0.1474104,0.1547619,0.8844622,0.0,0.726776,0.0,0.0382514,0.0895522,0.2786885,1.0,0.2487562,0.2162162,0.0,9.723223876851618
83.0,0.4578313,0.0,0.0963855,0.1555556,0.6506024,0.0,0.5151515,0.0909091,0.1515152,0.0833333,0.0,1.0,0.2222222,0.0,0.0,9.615805480084347
3492.0,0.4627721,0.0034364,0.1606529,0.1162047,0.8762887,0.0,0.7305737,0.0058097,0.0319535,0.04242,0.0014524,0.9963689,0.2030598,0.0770975,0.6153846,11.07753193632009
6288.0,0.475827,0.004771,0.2076972,0.1353155,0.8070929,0.0090649,0.6246246,0.0041291,0.0469219,0.1625275,0.0045045,0.725976,0.381641,0.1106965,0.6666667,10.281958234245314
219.0,0.5068493,0.3881279,0.1598174,0.1111111,0.8721461,0.0,0.6904762,0.0,0.0238095,0.2222222,0.3333333,0.9761905,0.5462963,0.1333333,0.0,9.615805480084347
189.0,0.4973545,0.0,0.042328,0.0421053,0.8624339,0.005291,0.7432432,0.027027,0.0405405,0.5286624,0.0,0.8918919,0.5031847,0.08,1.0,10.445840912706414
4996.0,0.4461569,0.0164131,0.1821457,0.1568486,0.846277,0.0030024,0.6680517,0.0004617,0.0152355,0.1122951,0.0133887,0.9963066,0.3262295,0.0589651,0.7846154,10.524090921620362
778.0,0.5102828,0.0,0.1568123,0.1023622,0.8907455,0.0,0.74,0.0,0.0233333,0.044586,0.0,0.99,0.2579618,0.0408163,1.0,10.169728906753061
529.0,0.4574669,0.1134216,0.1965974,0.1498258,0.8809074,0.0,0.7348837,0.0046512,0.0232558,0.14,0.1069767,0.9906977,0.292,0.0634921,1.0,10.102379394048045
297.0,0.5319865,0.0,0.0909091,0.0359712,0.8956229,0.020202,0.8241758,0.0,0.0879121,0.0714286,0.0,0.4175824,0.3979592,0.0,0.5,10.668978650219241
1074.0,0.4627561,0.0,0.2094972,0.1733102,0.9003724,0.0,0.7576471,0.0,0.0094118,0.0449438,0.0,1.0,0.188764,0.1166667,1.0,9.937937287265354
12127.0,0.4769523,0.0054424,0.1540364,0.1215513,0.8373876,0.0320772,0.7012766,0.0038298,0.0295745,0.0493528,0.0034043,0.9934043,0.2799353,0.0716065,0.2962963,10.288783966353765
220.0,0.4772727,0.0,0.1409091,0.1304348,0.8545455,0.0,0.6790123,0.0123457,0.0617284,0.0581395,0.0,1.0,0.1744186,0.0526316,0.0,10.413342705547674
969.0,0.4912281,0.0,0.1351909,0.1054767,0.8926729,0.0,0.7411444,0.0054496,0.013624,0.1156627,0.0,0.9972752,0.3036145,0.1363636,0.75,10.173552856959743
382.0,0.5078534,0.0,0.2041885,0.1542553,0.8062827,0.0,0.597561,0.0,0.0487805,0.2931034,0.0,0.9695122,0.237069,0.1351351,0.5,9.846970109700957
1579.0,0.4825839,0.0,0.1342622,0.1126071,0.8929702,0.0,0.7427598,0.0051107,0.0238501,0.0667727,0.0,0.7938671,0.3624801,0.1351351,0.5555556,10.67130147767883
88.0,0.5340909,0.0,0.1022727,0.0,0.9545455,0.0,0.9259259,0.0,0.0740741,0.0,0.0,0.962963,0.0,0.0,0.0,12.312686874960354
1834.0,0.5114504,0.0528899,0.0550709,0.0491071,0.887132,0.0,0.742378,0.0106707,0.0411585,0.115903,0.0381098,0.9146341,0.3921833,0.125,0.625,10.488520429241627
57.0,0.5263158,0.0,0.1578947,0.037037,1.0,0.0,1.0,0.0,0.0,0.0,0.0,0.9444444,0.0,0.0,0.0,12.568981617474362
28870.0,0.4798407,0.0458261,0.1341185,0.090564,0.9003464,0.0083131,0.7923997,0.0016522,0.0353776,0.0282395,0.0424725,0.9834775,0.1379864,0.056594,0.5298507,12.215037342290755
838.0,0.4594272,0.0143198,0.2052506,0.1545254,0.8210024,0.0167064,0.6453488,0.005814,0.0290698,0.0677507,0.0232558,1.0,0.3577236,0.0705882,0.2857143,9.883335864325275
583.0,0.4854202,0.0017153,0.135506,0.0933333,0.8816467,0.0,0.7330317,0.0045249,0.0271493,0.0349345,0.0,1.0,0.1790393,0.0789474,0.0,10.21833478806055
257.0,0.5019455,0.0,0.1634241,0.109375,0.8715953,0.0,0.7319588,0.0103093,0.0515464,0.1779661,0.0,1.0,0.3813559,0.1621622,0.8333333,9.918425424900335
520.0,0.4615385,0.0,0.1192308,0.125,0.8865385,0.0,0.7263158,0.0105263,0.0263158,0.0594059,0.0,1.0,0.3069307,0.1025641,0.75,10.16203685698089
651.0,0.4746544,0.0015361,0.2119816,0.1140351,0.890937,0.0,0.7356322,0.0,0.0038314,0.0333333,0.0038314,1.0,0.2444444,0.0862069,0.6666667,10.12667110305036
940.0,0.4457447,0.0,0.3542553,0.2763916,0.7095745,0.1042553,0.5765306,0.0,0.0153061,0.0946882,0.0,0.994898,0.369515,0.0162602,1.0,9.873079890114703
2911.0,0.4874614,0.0103057,0.2322226,0.113941,0.8749571,0.0,0.7437348,0.0016168,0.0323363,0.0205859,0.0088925,0.9943411,0.0958036,0.0566038,0.2,11.052491896264268
394.0,0.5304569,0.0,0.2284264,0.1297297,0.8857868,0.0,0.73125,0.0,0.0125,0.0697674,0.0,1.0,0.2209302,0.0434783,0.5,9.615805480084347
27341.0,0.4451191,0.4560184,0.3052193,0.1894404,0.778172,0.0132036,0.6001505,0.0044307,0.0620298,0.1407226,0.3409129,0.9535195,0.656131,0.1085995,0.5581395,11.116930374363438
936.0,0.4978632,0.0021368,0.1933761,0.1595745,0.8782051,0.0,0.7085561,0.0,0.013369,0.1422018,0.0026738,1.0,0.3233945,0.0535714,0.75,9.814710982145282
1738.0,0.4792865,0.0005754,0.1783659,0.1314917,0.8561565,0.0218642,0.6992366,0.0030534,0.0183206,0.1381579,0.0015267,0.880916,0.3434211,0.171875,0.7,10.081675578048475
904.0,0.4480088,0.0011062,0.3550885,0.2825651,0.7367257,0.0918142,0.596206,0.0,0.0162602,0.0798005,0.0,1.0,0.2967581,0.0769231,0.875,10.261196961231647
2163.0,0.4835876,0.0175682,0.0550162,0.045658,0.8987517,0.0,0.7800253,0.0063211,0.0417193,0.0330073,0.0139064,0.9987358,0.0709046,0.0816327,0.5,11.153403615295403
867.0,0.4959631,0.0,0.2306805,0.1418764,0.8662053,0.0,0.7146814,0.0055402,0.0277008,0.1682028,0.0,0.9944598,0.3801843,0.1181102,0.875,10.138599199626192
4794.0,0.535461,0.2824364,0.1057572,0.0664571,0.8708803,0.0093867,0.7624914,0.0130048,0.0629706,0.1267185,0.2963723,0.7700205,0.4919307,0.2899687,0.3043478,10.563620718477313
1844.0,0.4430586,0.0005423,0.2857918,0.1898734,0.8085683,0.0265727,0.6439394,0.0075758,0.0164141,0.0503597,0.0,1.0,0.294964,0.0669643,0.5714286,10.085850775128717
655.0,0.4396947,0.1374046,0.2427481,0.1961853,0.8183206,0.0,0.6180556,0.0034722,0.0243056,0.1272727,0.0972222,0.9965278,0.3545455,0.0519481,0.9166667,9.615805480084347
110642.0,0.4996475,0.0153197,0.0625079,0.0519147,0.8706188,0.0110627,0.7518064,0.00603,0.0675001,0.064644,0.0140874,0.9070021,0.3036248,0.1274888,0.3374718,12.123782831670258
99581.0,0.4940199,0.1186371,0.0859903,0.0737903,0.8636587,0.0186682,0.7209137,0.0050133,0.0516464,0.0536481,0.1077128,0.8463661,0.3490076,0.1421101,0.2670683,11.017004873924424
764.0,0.4672775,0.0,0.1662304,0.1277641,0.8769634,0.0,0.7263844,0.0032573,0.019544,0.028481,0.0,1.0,0.2468354,0.0416667,1.0,10.460270761075149
1925.0,0.4649351,0.0244156,0.1537662,0.1126214,0.8763636,0.0,0.7163978,0.0026882,0.0295699,0.1705686,0.0241935,0.9919355,0.2664437,0.1489362,0.7966102,10.247112717290387
232.0,0.5086207,0.0,0.1293103,0.1403509,0.8793103,0.0,0.7252747,0.0,0.032967,0.1415094,0.0,0.989011,0.4811321,0.0714286,1.0,10.003378135350923
1269.0,0.4736013,0.000788,0.213554,0.1721557,0.7762017,0.0890465,0.6776316,0.002193,0.0504386,0.3846154,0.002193,0.997807,0.4534413,0.1129032,0.5,10.468829770273567
695.0,0.4791367,0.0,0.076259,0.0497238,0.9640288,0.0,0.9032258,0.0,0.0040323,0.0119522,0.0,0.9758065,0.0199203,0.1304348,0.5,11.173262142245258
393.0,0.480916,0.0,0.1806616,0.0784314,0.913486,0.0,0.7891156,0.0068027,0.0136054,0.0516129,0.0,1.0,0.2451613,0.125,1.0,9.918425424900335
8550.0,0.5134503,0.0031579,0.0609357,0.0507212,0.7025731,0.0045614,0.4856587,0.0021877,0.0894507,0.0806704,0.0041322,0.9893048,0.643352,0.0107169,0.1666667,11.273411140805074
15863.0,0.6617916,0.2586522,0.0010717,0.0022367,0.6303347,0.3664502,0.9823423,0.0,0.0007207,0.033101,0.2533333,0.9171171,0.2355401,0.2064353,0.0,10.268165387743457
1250.0,0.504,0.0032,0.0816,0.0516129,0.8408,0.0,0.6938776,0.0122449,0.0693878,0.2222222,0.0020408,0.9653061,0.5650794,0.1188811,0.75,10.454523783963511
2371.0,0.4757486,0.0282581,0.1598482,0.1351569,0.8738929,0.0,0.7263158,0.0063158,0.0231579,0.0566038,0.0315789,0.9968421,0.3753724,0.0813397,0.6,10.392098241730961
87.0,0.6091954,0.0114943,0.2758621,0.1176471,0.7816092,0.0,0.6315789,0.0,0.0789474,0.0731707,0.0,1.0,0.1463415,0.0,0.0,9.615805480084347
11002.0,0.4589166,0.0901654,0.2065079,0.1429531,0.8168515,0.0394474,0.6733411,0.0023283,0.0318976,0.0326577,0.0807916,0.9948778,0.2698198,0.0835821,0.3214286,10.734242182303689
1812.0,0.4834437,0.1501104,0.1479029,0.1068376,0.8846578,0.0,0.7254623,0.0042674,0.0156472,0.131026,0.1251778,0.9928876,0.3782447,0.1238532,0.4,10.094149233605084
78118.0,0.5067206,0.0111114,0.0937556,0.0757513,0.8823447,0.0047748,0.7537584,0.0050644,0.070782,0.0299783,0.0114846,0.8685648,0.3863918,0.2380289,0.1571429,12.14632794896594
6720.0,0.4733631,0.0025298,0.2032738,0.1576717,0.7883929,0.0489583,0.6530004,0.005218,0.0499441,0.0770554,0.0007454,0.9959001,0.2772618,0.056266,0.7058824,9.735128070758227
1812.0,0.48234,0.0,0.2047461,0.1748401,0.8173289,0.0380795,0.6499261,0.0044313,0.028065,0.0272989,0.0,1.0,0.2241379,0.0748299,0.5,10.477316144080852
17084.0,0.4704402,0.0042145,0.1746078,0.13043,0.8569422,0.0006439,0.7004831,0.0011711,0.0464061,0.0317505,0.003367,0.9752598,0.28618,0.0396588,0.375,12.01491819331946
19507.0,0.4936177,0.111601,0.1150869,0.0926301,0.7561388,0.0218383,0.5689633,0.0043786,0.0874437,0.049106,0.1108822,0.8189311,0.5944159,0.1545699,0.1470588,12.07994804051962
1065.0,0.4338028,0.0,0.2807512,0.2305141,0.8169014,0.0,0.6363636,0.0019763,0.0158103,0.1091549,0.0,0.9960474,0.318662,0.0405405,1.0,10.177362240256695
281.0,0.4946619,0.0,0.3274021,0.1901408,0.797153,0.0,0.5826772,0.007874,0.007874,0.2616279,0.0,1.0,0.2965116,0.0689655,0.8,9.615805480084347
185.0,0.5135135,0.0,0.1189189,0.1,0.772973,0.0162162,0.5696203,0.0126582,0.0632911,0.1413043,0.0,0.9620253,0.6521739,0.1818182,1.0,9.985113621416073
239.0,0.4518828,0.0,0.1506276,0.1679389,0.8619247,0.0,0.7096774,0.0107527,0.0430108,0.0606061,0.0,1.0,0.1414141,0.1538462,0.0,10.285376924115587
8489.0,0.4961715,0.0054188,0.0811639,0.0654664,0.9289669,0.0012958,0.827413,0.0021529,0.0315752,0.0927734,0.0050233,0.9712953,0.2298177,0.1047836,0.6122449,11.77760243768057
645.0,0.4868217,0.0015504,0.1627907,0.141994,0.7658915,0.0,0.5620438,0.0109489,0.0948905,0.1671733,0.0,0.9379562,0.6261398,0.1223022,0.5,10.335302435967074
14580.0,0.4771605,0.057476,0.0960905,0.0741178,0.7354595,0.0013717,0.5538847,0.0042754,0.1057054,0.066217,0.0583812,0.8005307,0.5805341,0.0274236,0.3333333,10.954326659732555
147.0,0.4897959,0.0,0.2721088,0.1066667,0.9047619,0.0,0.7666667,0.0,0.0,0.0322581,0.0,1.0,0.1451613,0.0769231,1.0,9.615805480084347
846.0,0.4479905,0.2234043,0.1631206,0.1584582,0.8865248,0.0,0.7210682,0.0,0.0059347,0.0916442,0.1988131,0.9970326,0.3261456,0.0487805,0.5,9.820160289946374
82.0,0.5121951,0.0,0.1463415,0.075,0.902439,0.0,0.7586207,0.0,0.0344828,0.0645161,0.0,1.0,0.1290323,0.0,0.0,9.841665338892785
402.0,0.4726368,0.0,0.2114428,0.1603774,0.8830846,0.0,0.7212121,0.0,0.0060606,0.1831683,0.0,0.9939394,0.4752475,0.1470588,0.6666667,9.615805480084347
1161.0,0.4771748,0.0,0.1679587,0.1268534,0.8570198,0.0,0.6794872,0.0042735,0.0299145,0.1034483,0.0,1.0,0.3409962,0.0982659,0.8333333,9.933094897288786
1654.0,0.4637243,0.0,0.1185006,0.096956,0.8869407,0.0,0.747541,0.0065574,0.0409836,0.0393701,0.0,0.9967213,0.2535433,0.0606061,1.0,10.134638955251866
1423.0,0.4869993,0.0203795,0.1468728,0.090411,0.8959944,0.0,0.7520161,0.0080645,0.0423387,0.0882353,0.0181452,1.0,0.1819853,0.1812865,0.4166667,9.77571099759397
178.0,0.5617978,0.0,0.0337079,0.0384615,0.9438202,0.0,0.804878,0.0,0.0487805,0.0,0.0,1.0,0.9756098,0.4848485,0.0,9.615805480084347
294.0,0.5136054,0.0,0.2142857,0.0699301,0.9353741,0.0,0.8348624,0.0,0.0091743,0.0603448,0.0,1.0,0.2586207,0.1333333,0.0,10.39821428171237
1230.0,0.4788618,0.0203252,0.0926829,0.074883,0.8585366,0.0,0.6993988,0.004008,0.0440882,0.1105169,0.0160321,1.0,0.4955437,0.0756757,0.6,9.961803629358965
4423.0,0.4935564,0.0067827,0.1128194,0.0642857,0.8553018,0.0,0.7190367,0.0057339,0.0688073,0.0443836,0.0086009,0.9805046,0.2613699,0.0458716,0.3636364,11.127277689932466
1094.0,0.4753199,0.0228519,0.1855576,0.1045296,0.8957952,0.0,0.752451,0.0,0.0269608,0.3634945,0.0343137,0.9926471,0.1029641,0.1323529,0.8125,11.864996828675356
2775.0,0.4854054,0.0079279,0.1181982,0.0784314,0.8645045,0.0,0.7302632,0.0009398,0.0704887,0.0193548,0.0028195,0.9915414,0.040553,0.1014493,0.1428571,11.200964361058276
31007.0,0.4742478,0.0983971,0.1581256,0.1236658,0.8342632,0.0272519,0.6912469,0.0038811,0.0339389,0.0549399,0.0858794,0.9925681,0.2564383,0.0880868,0.605042,10.367253014814716
301.0,0.4518272,0.0,0.3687708,0.2969697,0.730897,0.166113,0.6836735,0.0,0.0,0.1403509,0.0,1.0,0.2807018,0.24,1.0,9.615805480084347
2252.0,0.4653641,0.062167,0.1896092,0.1445183,0.8512433,0.0035524,0.6771058,0.0021598,0.0280778,0.0974659,0.0723542,0.9956803,0.3021442,0.0584615,0.5714286,10.36410350510914
3078.0,0.4372969,0.2076023,0.259909,0.2367206,0.7992203,0.0259909,0.6236882,0.0022489,0.0247376,0.0949796,0.1686657,0.9970015,0.3541384,0.0802048,0.4444444,10.030164255362632
169.0,0.4556213,0.0,0.3491124,0.2391304,0.7573964,0.035503,0.5875,0.0,0.025,0.1208791,0.0,1.0,0.2307692,0.1428571,0.5,9.615805480084347
3762.0,0.4463052,0.8343966,0.1116427,0.1238598,0.8718767,0.005848,0.6965779,0.0022814,0.026616,0.1433225,0.7688213,0.9977186,0.3609121,0.1865942,0.5384615,10.268165387743457
490.0,0.4816327,0.0,0.1,0.0944882,0.8571429,0.0,0.703125,0.0104167,0.0364583,0.0541872,0.0,1.0,0.2216749,0.0576923,0.0,10.442929787247998
8355.0,0.4640335,0.0026332,0.1988031,0.1364448,0.7561939,0.0677439,0.6437831,0.0082499,0.0565704,0.0479663,0.0008839,0.9599293,0.4339411,0.060049,0.2857143,11.440365524765756
235.0,0.5276596,0.0,0.2170213,0.1351351,0.906383,0.0,0.7582418,0.0,0.0,0.1165049,0.0,0.8681319,0.2912621,0.2,1.0,9.615805480084347
1856.0,0.4482759,0.5317888,0.1928879,0.2050781,0.8146552,0.0603448,0.681073,0.0,0.0253353,0.1124339,0.4888227,0.9940387,0.3716931,0.1423077,0.7333333,9.76428295481558
6240.0,0.5003205,0.0011218,0.0626603,0.0500321,0.9282051,0.0,0.8342246,0.006806,0.0384054,0.038785,0.0014584,0.9829849,0.2079439,0.1179487,0.3043478,11.156264806643742
7749.0,0.4690928,0.0908504,0.1380823,0.1191055,0.8082333,0.015873,0.6399869,0.004247,0.0689317,0.0304086,0.0797125,0.9866057,0.3310105,0.0450517,0.7,11.336200219573199
8022.0,0.4918973,0.0077287,0.1352531,0.1096663,0.8244827,0.0195712,0.6756497,0.003529,0.053898,0.0594448,0.0070581,0.9384023,0.467411,0.0624473,0.625,11.974777207691876
1802.0,0.4778024,0.0033296,0.2069922,0.141339,0.8568257,0.0099889,0.7105263,0.0039474,0.025,0.1224018,0.0013158,0.9815789,0.3371824,0.0621469,0.5454545,10.698762529141884
1051.0,0.4833492,0.0028544,0.1217888,0.0883978,0.8848716,0.0,0.7263682,0.0024876,0.0248756,0.056338,0.0049751,0.9950249,0.3122066,0.0344828,0.0,10.883710371704016
246.0,0.5121951,0.0365854,0.1747967,0.15,0.8455285,0.0,0.6826923,0.0,0.0384615,0.079646,0.0480769,1.0,0.3185841,0.0416667,1.0,10.229223792606835
16946.0,0.4637082,0.026909,0.1762658,0.1340229,0.8098076,0.0191786,0.6325879,0.002614,0.041824,0.0632567,0.0217833,0.9943363,0.2601007,0.0737168,0.4848485,10.34177474101152
91.0,0.5604396,0.0,0.1758242,0.05,0.967033,0.0,0.8965517,0.0,0.0,0.2564103,0.0,1.0,0.4358974,0.2857143,0.0,9.615805480084347
257.0,0.5603113,0.0,0.1595331,0.1327434,0.8910506,0.0,0.7474747,0.010101,0.020202,0.0917431,0.0,1.0,0.3302752,0.0384615,1.0,9.70509758756311
795.0,0.5345912,0.0012579,0.0490566,0.0432432,0.8943396,0.0050314,0.7561983,0.0082645,0.0619835,0.0970149,0.0,0.9876033,0.3171642,0.2253521,0.0,10.736418414365376
502.0,0.4800797,0.001992,0.1494024,0.1034483,0.8944223,0.0,0.7611111,0.0055556,0.0388889,0.0862944,0.0,0.9944444,0.2588832,0.0508475,0.0,10.392098241730961
78.0,0.5384615,0.0,0.2948718,0.1944444,0.8589744,0.0,0.6944444,0.0,0.0,0.28,0.0,1.0,0.24,0.0,0.8333333,9.615805480084347
290.0,0.5172414,0.0,0.3482759,0.1785714,0.7965517,0.0,0.5972222,0.0,0.0069444,0.1676301,0.0,1.0,0.2138728,0.0967742,1.0,9.615805480084347
1467.0,0.4519427,0.002045,0.1608725,0.1343284,0.7137014,0.0,0.5226064,0.0039894,0.0718085,0.0540881,0.0013298,0.9893617,0.6867925,0.0019493,0.0,11.442513730229855
493.0,0.525355,0.0,0.0730223,0.0598291,0.9634888,0.0,0.8717949,0.008547,0.025641,0.2777778,0.0,0.974359,0.8024691,0.7142857,0.0,9.615805480084347
612.0,0.4754902,0.3415033,0.1454248,0.1464174,0.8169935,0.0,0.6401515,0.0075758,0.0492424,0.0989761,0.3143939,1.0,0.4197952,0.0615385,1.0,10.094149233605084
2197.0,0.4770141,0.0414201,0.2234866,0.1723238,0.8361402,0.0263996,0.671156,0.0,0.010101,0.1780443,0.0516274,0.996633,0.3210332,0.1439394,0.7894737,9.735128070758227
610.0,0.4327869,0.4770492,0.1688525,0.1849711,0.8721311,0.0,0.6828194,0.0044053,0.0176211,0.1167315,0.3832599,0.9955947,0.4124514,0.1176471,1.0,9.787009914477434
89235.0,0.4904802,0.0057489,0.0761809,0.0564145,0.879991,0.0062532,0.7546421,0.0050696,0.050452,0.0520251,0.0051918,0.94231,0.2196231,0.0865665,0.397463,11.247670025080003
11221.0,0.458337,0.0432225,0.211122,0.1543271,0.8517957,0.0017824,0.6800422,0.001056,0.0228089,0.0821865,0.0380148,0.9972545,0.2781547,0.0641975,0.65625,10.295563423525277
9533.0,0.4865205,0.0215042,0.1441309,0.1092952,0.8775831,0.0135319,0.7480556,0.0030556,0.0305556,0.0405117,0.02,0.9961111,0.2126866,0.0451912,0.6206897,10.7706090484022
38.0,0.5263158,0.0,0.0,0.1111111,0.8421053,0.0,0.6,0.0,0.0,0.625,0.0,1.0,0.75,0.0,0.0,9.615805480084347
3144.0,0.4650127,0.273855,0.1574427,0.1462545,0.8622774,0.0098601,0.7146486,0.0025402,0.0406435,0.103265,0.2582557,0.9788315,0.2353834,0.1155378,0.6875,10.351405324899678
1323.0,0.4285714,0.0007559,0.1761149,0.1693122,0.8420257,0.0559335,0.7417355,0.0041322,0.0144628,0.0763359,0.0,1.0,0.2442748,0.1009174,0.25,10.118639253920785
456.0,0.5197368,0.0,0.1820175,0.086758,0.8925439,0.0,0.7526882,0.0,0.016129,0.2619048,0.0,0.9946237,0.4801587,0.1578947,1.0,10.184937747111391
49425.0,0.5004552,0.0079919,0.0915529,0.0766707,0.7139909,0.0876682,0.6104366,0.0024284,0.0989153,0.0540099,0.0079327,0.9902865,0.4592373,0.0406102,0.2288136,10.835671318412196
5246.0,0.4704537,0.0034312,0.195387,0.1407487,0.8497903,0.0060999,0.6739841,0.0014012,0.0228865,0.0621989,0.0037366,0.9771135,0.348664,0.0688468,0.2941176,10.308985993422082
641.0,0.4804992,0.0031201,0.0312012,0.036036,0.9875195,0.0,0.9393939,0.0,0.0,0.2903226,0.0,1.0,0.7419355,0.4736842,0.0,9.615805480084347
1042.0,0.4894434,0.0,0.1516315,0.1071429,0.8752399,0.0,0.7254902,0.0073529,0.0343137,0.0577367,0.0,0.9901961,0.1939954,0.0869565,0.5,10.392098241730961
2616.0,0.5535168,0.1441131,0.0053517,0.0008562,0.8696483,0.1150612,0.951567,0.0,0.008547,0.0303867,0.1381766,0.8717949,0.25,0.1632353,0.0,11.225256725762893
3541.0,0.499294,0.0251341,0.0895227,0.0665539,0.9212087,0.0,0.8155971,0.0016247,0.0333063,0.0427683,0.0235581,0.9910642,0.1065319,0.1566265,0.5294118,11.322986972837104
4601.0,0.4792436,0.0002173,0.2064769,0.1377295,0.8274288,0.0212997,0.6632096,0.0049127,0.0300218,0.0638733,0.0,0.94869,0.406234,0.1165217,0.2222222,10.295563423525277
27725.0,0.5087106,0.0318485,0.0691434,0.0601277,0.857385,0.0044725,0.7103102,0.0074403,0.0587496,0.0800071,0.0302445,0.9416369,0.307494,0.1158641,0.2035398,11.196857635323791
141.0,0.4964539,0.0,0.2340426,0.1690141,0.787234,0.0,0.5396825,0.0,0.015873,0.1369863,0.0,1.0,0.3424658,0.0,0.0,9.615805480084347
7170.0,0.4866109,0.0241283,0.1016736,0.0785113,0.8206416,0.0029289,0.6451502,0.0027615,0.0693821,0.0588044,0.0189852,0.9910252,0.402859,0.0439863,0.5714286,11.763691965388299
254.0,0.511811,0.0,0.1299213,0.0564516,0.9527559,0.0,0.875,0.0,0.0113636,0.0434783,0.0,1.0,0.2934783,0.0833333,1.0,10.021315031649332
296.0,0.4493243,0.0,0.1317568,0.1042945,0.9256757,0.0,0.8037383,0.0,0.0093458,0.0530973,0.0,1.0,0.1858407,0.2105263,1.0,9.857495968685136
207.0,0.4396135,0.0289855,0.1690821,0.1465517,0.8019324,0.0,0.6333333,0.0111111,0.0666667,0.5,0.0555556,1.0,0.4111111,0.0,0.0,10.056251557087757
3287.0,0.4898083,0.0027381,0.1107393,0.0548599,0.9266809,0.0,0.8435082,0.0017197,0.038693,0.0226891,0.0017197,0.972485,0.0705882,0.0804598,0.1,13.122367377396328
14439.0,0.4646444,0.0590069,0.1657317,0.1382924,0.5708152,0.2421913,0.5744352,0.0009654,0.0745318,0.0661738,0.0502027,0.9957521,0.3874865,0.0327501,0.3424658,10.5815464756746
845.0,0.5112426,0.0,0.0615385,0.0435835,0.9360947,0.0,0.7684211,0.0052632,0.0473684,0.0640394,0.0,1.0,0.7832512,0.34,1.0,9.62251624577579
2492.0,0.4654896,0.0,0.2780899,0.1981982,0.8005618,0.0373194,0.6524954,0.0046211,0.0184843,0.096828,0.0,0.9981516,0.2437396,0.0538721,0.7142857,9.711176264112805
100.0,0.5,0.0,0.14,0.08,0.81,0.0,0.6315789,0.0263158,0.0789474,0.2244898,0.0,0.9736842,0.2857143,0.0,1.0,9.615805480084347
2904.0,0.464876,0.0327135,0.1856061,0.1383526,0.8722452,0.0,0.7057357,0.0041563,0.0091438,0.0724749,0.0299252,0.9958437,0.3585197,0.0933014,0.5,10.21833478806055
5871.0,0.4687447,0.0032362,0.1722024,0.1420327,0.8461932,0.010901,0.6792453,0.0060034,0.0283019,0.0854902,0.0012864,0.9674099,0.2572549,0.0943644,0.75,10.056251557087757
310.0,0.4806452,0.0,0.1290323,0.1242236,0.8935484,0.0,0.7310924,0.0,0.0084034,0.0555556,0.0,1.0,0.1507937,0.0,0.0,10.367253014814716
248.0,0.4637097,0.0040323,0.1572581,0.112782,0.8830645,0.0,0.744898,0.0,0.0408163,0.1327434,0.0,0.9897959,0.2566372,0.0833333,0.3333333,10.102379394048045
4906.0,0.5050958,0.0089686,0.1017122,0.0411862,0.9525071,0.0,0.8823529,0.0011884,0.016637,0.0459184,0.0071301,0.9946524,0.0226757,0.1780822,0.8518519,11.759793355371237
1408.0,0.5056818,0.0035511,0.1697443,0.1178161,0.9012784,0.0,0.7762238,0.0017483,0.0157343,0.0545455,0.0034965,0.9982517,0.214876,0.1028037,0.5,10.50783084142058
1729.0,0.4650087,0.0011567,0.2024291,0.1664865,0.8230191,0.010989,0.6401099,0.0027473,0.0233516,0.0761421,0.0013736,0.9972527,0.3604061,0.0441176,0.8571429,10.477316144080852
36.0,0.6944444,0.0,0.0833333,0.0,0.6388889,0.0,0.3684211,0.0,0.0526316,0.2962963,0.0,1.0,0.6296296,0.0714286,0.0,10.499600568082863
929.0,0.474704,0.0043057,0.1227126,0.1004098,0.8439182,0.0,0.662234,0.0026596,0.0398936,0.1255814,0.0026596,0.9973404,0.2604651,0.0534351,0.6666667,10.566201298475118
2283.0,0.5015331,0.0070083,0.1533071,0.1115993,0.825668,0.0394218,0.6860335,0.0022346,0.0256983,0.0549102,0.0,0.9932961,0.3210137,0.0693878,0.75,10.322230781590136
3502.0,0.4945745,0.0456882,0.1213592,0.0920904,0.891205,0.0,0.7668196,0.0061162,0.0443425,0.0187547,0.0397554,0.9938838,0.1687922,0.1610169,0.3333333,10.275085591132715
281.0,0.6797153,0.0,0.0035587,0.0,0.1423488,0.8291815,0.7058824,0.0,0.1176471,0.1052632,0.0,1.0,0.0526316,0.0909091,0.0,11.119897691565697
150.0,0.4933333,0.0,0.2,0.0657895,0.9,0.0,0.754386,0.0,0.0175439,0.109375,0.0,1.0,0.140625,0.1052632,0.0,9.615805480084347
8763.0,0.45772,0.2043821,0.1706037,0.1527778,0.8656853,0.0141504,0.7248845,0.0034642,0.02194,0.0609921,0.1798499,0.9956697,0.3347791,0.1007937,0.4583333,10.434145214930487
181.0,0.5027624,0.0,0.0552486,0.0333333,0.9779006,0.0,0.9230769,0.0,0.0,0.1034483,0.0,0.9807692,0.0172414,0.5,0.6666667,10.012386799492118
97.0,0.5773196,0.0,0.0412371,0.0243902,0.9278351,0.0,0.75,0.0,0.0,0.1515152,0.0,1.0,0.8484848,0.2222222,1.0,9.615805480084347
682.0,0.441349,0.0029326,0.3651026,0.2414698,0.8064516,0.0,0.6130952,0.0,0.0059524,0.0819672,0.0,0.9970238,0.2513661,0.0615385,0.8333333,9.62911649414402
2188.0,0.4565814,0.2509141,0.2093236,0.1917578,0.8066728,0.0571298,0.6799544,0.001139,0.0170843,0.0892116,0.2551253,0.998861,0.3890041,0.0656716,0.5384615,10.142543822310387
2756.0,0.4843977,0.0126996,0.2119013,0.1175229,0.8320029,0.009434,0.6725044,0.0035026,0.0420315,0.4671022,0.0140105,0.9894921,0.2193187,0.0804598,0.5555556,11.818209214992565
1388.0,0.4978386,0.0,0.1030259,0.0573888,0.9502882,0.0,0.8787879,0.0021645,0.0238095,0.0273684,0.0,0.9675325,0.0063158,0.2,0.3333333,11.756663486852712
150.0,0.5066667,0.0,0.2066667,0.1891892,0.8333333,0.0,0.6567164,0.0149254,0.0149254,0.1829268,0.0,1.0,0.304878,0.0,0.5,9.615805480084347
1876.0,0.4829424,0.0037313,0.1375267,0.1402062,0.9072495,0.0,0.7790531,0.0043042,0.0229555,0.0743692,0.0028694,0.9856528,0.2589641,0.125,0.9230769,10.003378135350923
290.0,0.4931034,0.0,0.1275862,0.122449,0.8827586,0.0,0.7181818,0.0090909,0.0181818,0.2142857,0.0,0.9818182,0.3142857,0.047619,0.0,9.615805480084347
239.0,0.4895397,0.0041841,0.1548117,0.1065574,0.8995816,0.0,0.7640449,0.0,0.0337079,0.11,0.011236,1.0,0.29,0.2222222,0.0,9.615805480084347
21910.0,0.4935646,0.1218622,0.1130534,0.0969719,0.8528069,0.0442264,0.7453604,0.0026512,0.0233556,0.1327056,0.1105921,0.9152885,0.3607796,0.1114214,0.5797101,10.367253014814716
22817.0,0.5074725,0.0114827,0.0401893,0.0453817,0.9487663,0.0004383,0.8466071,0.0070329,0.0340239,0.0286189,0.0131154,0.1990116,0.8149926,0.4698217,0.1428571,11.667370387218226
269.0,0.5130112,0.0074349,0.1263941,0.0763359,0.8921933,0.0,0.7722772,0.019802,0.019802,0.0648148,0.019802,1.0,0.2314815,0.1363636,1.0,10.451637862362272
4621.0,0.4914521,0.0199091,0.0285652,0.0259574,0.89591,0.0,0.7516497,0.0017996,0.0353929,0.0528409,0.0155969,0.9940012,0.2204545,0.0110906,0.2307692,11.795099898183592
1944.0,0.4320988,0.0005144,0.2088477,0.2101449,0.7561728,0.0864198,0.6260274,0.0013699,0.0410959,0.0840652,0.0,0.9945205,0.3400251,0.0917431,0.2,10.278527816830314
307.0,0.4364821,0.0,0.1302932,0.1560694,0.9120521,0.0,0.7572816,0.0,0.0194175,0.0462963,0.0,1.0,0.0555556,0.1,0.0,9.62911649414402
9685.0,0.4827052,0.0249871,0.1457925,0.1087824,0.8479091,0.0205472,0.6976082,0.0045558,0.0452733,0.0554061,0.023918,0.8334282,0.5242066,0.1561504,0.4285714,11.171856680390034
152.0,0.4539474,0.0,0.2171053,0.1927711,0.8421053,0.0,0.6612903,0.0,0.0483871,0.1014493,0.0,1.0,0.115942,0.0,1.0,10.12667110305036
16362.0,0.4784867,0.2818726,0.0944261,0.0874253,0.8791713,0.0004889,0.738933,0.0043781,0.0470245,0.089204,0.2401492,0.9904329,0.3297888,0.0916473,0.4632353,10.576457535657255
2481.0,0.4675534,0.0008061,0.1543732,0.1188494,0.8968158,0.0,0.7442827,0.0,0.010395,0.038961,0.0010395,0.9968815,0.2627373,0.0582524,0.3636364,10.764286715905591
90.0,0.4888889,0.0,0.0777778,0.0434783,0.8777778,0.0,0.6944444,0.0,0.0,0.0526316,0.0,0.9166667,0.2368421,0.3,0.0,9.615805480084347
458.0,0.5,0.0,0.1572052,0.1048035,0.9082969,0.0,0.7810651,0.0059172,0.0177515,0.1952381,0.0,0.9881657,0.4,0.1904762,0.9545455,9.615805480084347
29809.0,0.4589553,0.2900131,0.1515314,0.1329985,0.8300178,0.0422356,0.7038239,0.0037713,0.0291177,0.0681595,0.2582003,0.9935976,0.3474992,0.1016427,0.4525547,10.344995251991222
1849.0,0.4667388,0.0005408,0.1865873,0.163286,0.8215251,0.0540833,0.6991018,0.005988,0.0329341,0.0318841,0.0,0.992515,0.2594203,0.0598291,0.8,10.645448706505872
3021.0,0.5087719,0.0029791,0.2052301,0.097035,0.8556769,0.0,0.7262181,0.003867,0.0564578,0.1239837,0.0023202,0.9845321,0.1714092,0.0521739,0.2777778,11.488643018250334
52133.0,0.4847601,0.0055052,0.1190992,0.0872641,0.8453762,0.0084975,0.6944771,0.0058858,0.0531685,0.0361651,0.0039239,0.9925937,0.290408,0.0652236,0.3333333,10.716659698193956
163.0,0.4785276,0.0,0.190184,0.1529412,0.9018405,0.0,0.7288136,0.0,0.0,0.2435897,0.0,1.0,0.2820513,0.1666667,0.0,9.615805480084347
12422.0,0.4851876,0.0146514,0.1568185,0.1122752,0.8100145,0.0545001,0.6864898,0.0033154,0.0290095,0.0570535,0.0122254,0.9883962,0.2993357,0.067942,0.4482759,10.529452721013085
563.0,0.4671403,0.0,0.1580817,0.1033333,0.9023091,0.0,0.760181,0.0,0.0090498,0.0979592,0.0,0.9954751,0.2734694,0.1351351,1.0,10.150386692204734
469.0,0.5095949,0.0,0.0767591,0.1,0.7803838,0.0,0.5721154,0.0048077,0.0625,0.7192982,0.0,0.9951923,0.562753,0.0309278,0.6666667,10.949068194652432
5694.0,0.4819108,0.1290832,0.103091,0.0857627,0.8566913,0.0219529,0.7540036,0.0017794,0.0520463,0.0450297,0.1063167,0.9884342,0.1983857,0.047486,0.4310345,11.275949181024878
308.0,0.4772727,0.0,0.0974026,0.0496894,0.9577922,0.0,0.8762887,0.0,0.0103093,0.039604,0.0,1.0,0.0693069,0.3333333,0.0,10.640675541671662
6985.0,0.4511095,0.1504653,0.1932713,0.1637976,0.8605583,0.0249105,0.730333,0.0018295,0.0168313,0.0582357,0.1207464,0.9978046,0.2656788,0.1169811,0.7647059,10.012386799492118
226338.0,0.5141293,0.0642579,0.0364853,0.0327268,0.820852,0.0224178,0.683212,0.0077386,0.0876641,0.1216212,0.0575802,0.968054,0.4099816,0.0933385,0.5635724,11.310821520675269
11668.0,0.4929722,0.0019712,0.0651354,0.0348208,0.9670895,0.0,0.8990883,0.0025149,0.0122603,0.0176035,0.0018862,0.9861679,0.1117974,0.228169,0.5714286,11.089820688682373
2108.0,0.4933586,0.0056926,0.028463,0.0280899,0.8676471,0.0815939,0.8096192,0.004008,0.0160321,0.2585438,0.012024,0.9819639,0.6121842,0.3414634,0.75,9.615805480084347
6569.0,0.4620186,0.0972751,0.1465977,0.1346916,0.8699954,0.0,0.7212557,0.0037821,0.0336611,0.0550393,0.0714826,0.9943268,0.4102931,0.085213,0.1304348,10.25769445336048
93613.0,0.5078889,0.0256802,0.0997511,0.0814014,0.7507718,0.0273253,0.6059926,0.0042961,0.1237105,0.0350646,0.0253113,0.882501,0.5132152,0.0783746,0.2236025,12.32029824991355
229.0,0.5240175,0.0,0.1572052,0.1376147,0.9257642,0.0,0.7875,0.0,0.0,0.0361446,0.0,1.0,0.2168675,0.0666667,0.5,10.853232402669228
978.0,0.4897751,0.006135,0.0347648,0.0300601,0.9427403,0.0,0.8726115,0.0063694,0.0318471,0.0308642,0.0031847,0.9840764,0.0833333,0.1052632,0.0,11.80560254159177
117810.0,0.4878873,0.0040319,0.0922842,0.0757144,0.9013242,0.005755,0.7735276,0.0017142,0.0357781,0.0350214,0.0048978,0.9903024,0.2434719,0.0340463,0.3170732,11.314486721293981
5897.0,0.4339495,0.0201798,0.248601,0.2097064,0.6489741,0.0340851,0.4687308,0.0003066,0.0389332,0.0968992,0.0190067,0.9463519,0.8045404,0.0170732,0.4556962,12.345838935721968
562.0,0.5142349,0.0,0.183274,0.1135531,0.905694,0.0,0.7652582,0.0,0.0140845,0.0533333,0.0,0.9812207,0.2044444,0.0882353,1.0,9.966509298952284
2027.0,0.4686729,0.0004933,0.2565368,0.1643454,0.8268377,0.0,0.6191562,0.0011403,0.0159635,0.0709746,0.0,0.9977195,0.2807203,0.042654,0.5555556,10.236417809461043
182.0,0.4725275,0.0,0.2307692,0.21875,0.8791209,0.0,0.7105263,0.0,0.0,0.2,0.0,1.0,0.2631579,0.0,1.0,9.615805480084347
10828.0,0.4747876,0.0270595,0.1701145,0.1292421,0.7994089,0.0,0.616127,0.0019301,0.0621917,0.0430946,0.028308,0.9633283,0.5528422,0.0381371,0.4482759,12.012493964400264
161.0,0.4720497,0.310559,0.1677019,0.1764706,0.9006211,0.0,0.754386,0.0,0.0350877,0.0655738,0.3333333,1.0,0.3278689,0.1666667,1.0,10.335302435967074
5002.0,0.5003998,0.0015994,0.0679728,0.0480192,0.9276289,0.0277889,0.8739431,0.0038432,0.0292083,0.0261976,0.0007686,0.980784,0.1571856,0.2522936,0.4615385,10.74507628970625
4450.0,0.5552809,0.0020225,0.0366292,0.0378979,0.9098876,0.0334831,0.8868132,0.010989,0.0494505,0.0277778,0.0010989,0.0824176,0.5929487,0.5475113,0.0,10.664316745782925
27600.0,0.487029,0.0003986,0.136087,0.1144936,0.9162681,0.0092754,0.8064551,0.0025079,0.0237706,0.0136589,0.000109,0.9657616,0.1912239,0.0683706,0.2173913,11.241129864948206
6419.0,0.4896401,0.0046736,0.1462845,0.0732601,0.9161863,0.0,0.8143939,0.0012626,0.0319865,0.0145168,0.003367,0.9941077,0.0087101,0.025,0.1111111,11.465844339561734
250.0,0.504,0.0,0.124,0.0806452,0.948,0.0,0.8452381,0.0,0.0,0.0117647,0.0,1.0,0.1764706,0.2142857,0.0,10.077482875583607
19833.0,0.4604447,0.0371603,0.155095,0.137931,0.8058791,0.0290425,0.6540115,0.0040546,0.0470574,0.0574406,0.0312078,0.9931195,0.3979155,0.043589,0.3095238,10.609081944147828
335.0,0.438806,0.0149254,0.241791,0.1861702,0.8238806,0.0,0.6381579,0.0,0.0263158,0.0559006,0.0065789,1.0,0.2111801,0.1,0.5,9.615805480084347
429.0,0.4685315,0.0,0.1072261,0.0701754,0.8531469,0.0,0.7,0.0117647,0.0470588,0.1370558,0.0,0.9941176,0.4060914,0.0333333,0.8,10.742918838113225
1022.0,0.4530333,0.9784736,0.092955,0.1073345,0.9383562,0.0,0.8047138,0.0,0.016835,0.1290323,0.969697,0.996633,0.228739,0.25,1.0,9.820160289946374
210.0,0.5,0.0,0.147619,0.1238095,0.8857143,0.0,0.7176471,0.0,0.0,0.2410714,0.0,1.0,0.375,0.0416667,1.0,9.758519582283522
28.0,0.4642857,0.0,0.5714286,0.0,0.7857143,0.0,0.6923077,0.0,0.0769231,0.5185185,0.0,1.0,0.037037,0.0,0.0,13.017005083966255
3617.0,0.4597733,0.1274537,0.2186895,0.1642784,0.7976223,0.0508709,0.6619145,0.0033944,0.0257977,0.0629771,0.1154107,0.9945689,0.3193384,0.0673077,0.45,10.50783084142058
213.0,0.5117371,0.0,0.0938967,0.0576923,0.8779343,0.0,0.7571429,0.0285714,0.0428571,0.125,0.0,0.9142857,0.3125,0.3125,0.0,9.6678285081515
200.0,0.505,0.0,0.135,0.1212121,0.895,0.0,0.7534247,0.0136986,0.0273973,0.1097561,0.0,0.9863014,0.304878,0.1176471,0.0,10.207325906555994
73.0,0.5342466,0.0,0.0547945,0.0882353,0.9178082,0.0,0.7826087,0.0,0.0434783,0.2580645,0.0,1.0,0.8709677,0.1818182,0.0,10.021315031649332
553.0,0.4394213,0.0,0.3869801,0.2548387,0.7287523,0.0940325,0.6115702,0.0041322,0.0123967,0.1357143,0.0,1.0,0.2642857,0.0652174,0.5555556,9.615805480084347
4082.0,0.4492896,0.4904459,0.1562959,0.1267794,0.88927,0.0058795,0.7503401,0.0047619,0.0244898,0.0964966,0.4156463,0.9972789,0.3066994,0.1612903,0.6666667,10.407318772389159
728.0,0.5082418,0.0,0.2637363,0.1648045,0.8076923,0.0645604,0.6703297,0.0,0.007326,0.1547988,0.0,1.0,0.3095975,0.05,0.9,10.199918739620157
18540.0,0.4728155,0.0009169,0.1712513,0.1377123,0.8503776,0.0224919,0.7199946,0.0061895,0.0270452,0.0597166,0.0004037,0.9958288,0.3362854,0.0721094,0.4190476,10.32551474894327
475.0,0.4442105,0.7410526,0.1936842,0.1666667,0.9010526,0.0,0.7298851,0.0,0.0,0.0842105,0.7068966,0.9942529,0.2210526,0.1935484,0.0,10.047631185616188
1302.0,0.5023041,0.1628264,0.1666667,0.1419753,0.8187404,0.0192012,0.68,0.004,0.068,0.270073,0.134,0.97,0.2058394,0.1078431,0.7272727,11.793590475326612
10005.0,0.4704648,0.3846077,0.2007996,0.1570404,0.7878061,0.0510745,0.6366897,0.0048681,0.039713,0.1315087,0.3289777,0.9877018,0.376057,0.1183363,0.4814815,10.169728906753061
4861.0,0.4865254,0.1765069,0.1168484,0.0977564,0.8839745,0.0,0.7425352,0.0067606,0.044507,0.0415767,0.1819718,0.9802817,0.2602592,0.0382979,0.4285714,11.223922520551032
3708.0,0.469795,0.0005394,0.1936354,0.1571719,0.8020496,0.0318231,0.6431957,0.0067705,0.0358835,0.0877085,0.0,0.9932295,0.3928351,0.0575221,0.6666667,10.275085591132715
607.0,0.446458,0.0,0.3097199,0.2083333,0.8253707,0.0856672,0.7627907,0.0,0.0139535,0.0401786,0.0,1.0,0.2723214,0.0588235,0.5,9.908524844053396
4426.0,0.4622684,0.1235879,0.1888839,0.1453782,0.8242205,0.0576141,0.7292327,0.0031706,0.0475587,0.1516945,0.1090679,0.994293,0.2291555,0.1178451,0.6153846,11.313266479778829
5990.0,0.4976628,0.1646077,0.069783,0.0644732,0.8644407,0.0,0.7245283,0.0070755,0.0792453,0.07585,0.1438679,0.9349057,0.3936356,0.1328321,0.5833333,10.774801838762809
3694.0,0.4734705,0.0113698,0.2717921,0.1552699,0.8787223,0.0121819,0.7506667,0.0,0.018,0.0221643,0.006,0.9966667,0.1290743,0.0927152,0.6,10.488520429241627
1388.0,0.4798271,0.0021614,0.148415,0.1066482,0.824928,0.0432277,0.6781377,0.0040486,0.0425101,0.1066908,0.0020243,1.0,0.4086799,0.1459459,0.7142857,10.295563423525277
867.0,0.5005767,0.0011534,0.0784314,0.0623557,0.9331027,0.0,0.8015564,0.0,0.0272374,0.0265152,0.0,0.9688716,0.1931818,0.2058824,0.0,10.609081944147828
210.0,0.4571429,0.0428571,0.1904762,0.1491228,0.8809524,0.0,0.6835443,0.0,0.0,0.2254902,0.0506329,0.8987342,0.3529412,0.0833333,1.0,9.615805480084347
707.0,0.4809052,0.0,0.1301273,0.0980926,0.9052334,0.0,0.7528958,0.0,0.011583,0.1068966,0.0,0.976834,0.2344828,0.1666667,1.0,10.064798252418377
3558.0,0.4963463,0.0095559,0.0309162,0.0239955,0.9735807,0.0,0.933908,0.0019157,0.0153257,0.0636771,0.0114943,0.9588123,0.0286996,0.1764706,0.6,12.357079818283598
851.0,0.4970623,0.0023502,0.0728555,0.0630841,0.9247944,0.0,0.8093645,0.0033445,0.0200669,0.0416667,0.0033445,0.993311,0.2051282,0.0617284,0.5,10.5506169722625
1385.0,0.4649819,0.000722,0.1920578,0.1592443,0.8541516,0.0382671,0.7376726,0.0039448,0.025641,0.0645756,0.0019724,1.0,0.2435424,0.0708661,1.0,10.090008612393838
37.0,0.5135135,0.0,0.1621622,0.1111111,0.8378378,0.0,0.7333333,0.0,0.1333333,0.0,0.0,1.0,0.2666667,0.0,0.0,10.021315031649332
24512.0,0.4895561,0.001999,0.0942804,0.0788843,0.8899723,0.008404,0.7648827,0.0027742,0.0434632,0.0358854,0.0015027,0.9827766,0.2026078,0.0671972,0.1791045,11.504903373867316
540.0,0.4703704,0.0,0.1740741,0.1538462,0.862963,0.0,0.6788991,0.0045872,0.0137615,0.0878661,0.0,1.0,0.2343096,0.0181818,0.5,9.787009914477434
170.0,0.5352941,0.0,0.1647059,0.0506329,0.8176471,0.0,0.6575342,0.0136986,0.0684932,0.0519481,0.0,1.0,0.2597403,0.0,1.0,9.615805480084347
1757.0,0.5036995,0.0011383,0.0358566,0.021789,0.8929994,0.0,0.7576244,0.0016051,0.0529695,0.1992288,0.0016051,0.7817014,0.3033419,0.12,0.8461538,10.611547975828369
2729.0,0.4803957,0.0032979,0.1465738,0.1304654,0.8233785,0.0219861,0.6831776,0.0046729,0.0616822,0.1336032,0.0018692,0.9906542,0.2890688,0.081571,0.375,10.640675541671662
5159.0,0.4764489,0.0031014,0.147703,0.1121807,0.8819539,0.0209343,0.7654573,0.001533,0.0168625,0.146905,0.0030659,0.9943792,0.2044464,0.0197531,0.2380952,11.724004532183379
2992.0,0.4903075,0.0013369,0.1714572,0.1003279,0.9087567,0.0043449,0.7912578,0.0008921,0.0178412,0.0201049,0.0017841,0.9982159,0.097028,0.0377358,0.0,10.945547126244623
4160.0,0.4629808,0.0290865,0.1795673,0.1544315,0.8201923,0.0,0.6235698,0.0028604,0.0429062,0.076598,0.0251716,0.9937071,0.3634443,0.0502092,0.5483871,10.177362240256695
72388.0,0.4892109,0.203542,0.0662403,0.0584178,0.9206913,0.0009394,0.8032248,0.0077194,0.0394647,0.0815154,0.1977344,0.7604257,0.3078117,0.2170732,0.2489362,11.519911009143941
196.0,0.4846939,0.0,0.2653061,0.1683168,0.8571429,0.0,0.6976744,0.0,0.0232558,0.2037037,0.0,1.0,0.287037,0.0714286,1.0,9.966509298952284
9654.0,0.4569091,0.1099026,0.2146261,0.1485791,0.784856,0.009219,0.6109576,0.0027624,0.0603131,0.0397878,0.0930018,0.9940147,0.3176393,0.0243261,0.3636364,11.063524143191238
2038.0,0.5034347,0.0,0.0686948,0.0503953,0.9450442,0.0,0.8694992,0.0075873,0.0273141,0.0280236,0.0,0.9984825,0.1976401,0.1587302,0.25,11.020283511637867
451.0,0.4722838,0.0,0.2084257,0.1470588,0.8403548,0.0,0.6345178,0.0,0.0,0.1687764,0.0,1.0,0.3881857,0.0833333,1.0,9.65509029374725
449.0,0.4966592,0.0022272,0.1982183,0.1858407,0.830735,0.0,0.6282723,0.0,0.0209424,0.1585903,0.0,1.0,0.3303965,0.106383,0.6666667,9.615805480084347
2878.0,0.4635163,0.0,0.0913829,0.0660622,0.9725504,0.0,0.8964088,0.0013812,0.0041436,0.1245466,0.0,0.0483425,0.5356711,0.4144144,0.8,9.615805480084347
1787.0,0.4879687,0.0005596,0.118075,0.0786885,0.9155008,0.0,0.808418,0.0,0.0232221,0.062585,0.0,0.9970972,0.277551,0.0769231,0.5,10.698762529141884
1569.0,0.4614404,0.0975143,0.1669853,0.1633136,0.8789038,0.0,0.7245902,0.0065574,0.0180328,0.058642,0.0934426,1.0,0.4598765,0.1354167,0.2857143,9.661479683575521
1273.0,0.4831108,0.0031422,0.1578947,0.1200608,0.8586017,0.0,0.7151277,0.0019646,0.0628684,0.0359848,0.0,0.9960707,0.2443182,0.0693642,0.2,11.73927188163082
1268.0,0.4802839,0.0,0.1403785,0.0940819,0.8785489,0.0,0.7259714,0.002045,0.0286299,0.027833,0.0,1.0,0.2624254,0.0578512,0.75,10.682835364853922
5168.0,0.4663313,0.001161,0.1716331,0.129079,0.8786765,0.0,0.723192,0.00399,0.0239401,0.0438722,0.0004988,0.9935162,0.2403433,0.0993266,0.6153846,10.298935994257638
8986.0,0.4748498,0.0161362,0.1790563,0.1398601,0.8628978,0.0190296,0.7217916,0.0028711,0.0206718,0.1448564,0.0120586,0.9534884,0.3461822,0.1227573,0.5619048,10.285376924115587
5.0,0.4,0.0,0.0,0.0,1.0,0.0,1.0,0.0,0.0,0.9444444,0.0,1.0,0.9722222,0.0,0.0,0.0
2217.0,0.4835363,0.0018042,0.0735228,0.0576419,0.9404601,0.0,0.8588874,0.0027137,0.0230665,0.0416125,0.0,0.9891452,0.1131339,0.1340206,0.0909091,11.026808713825016
1071.0,0.4696545,0.0,0.1372549,0.1637324,0.8618114,0.0,0.6966825,0.007109,0.028436,0.0982906,0.0,0.992891,0.4935897,0.1621622,0.8,9.846970109700957
378.0,0.537037,0.0,0.0582011,0.0514286,0.9470899,0.0,0.816092,0.0114943,0.0344828,0.1030928,0.0,1.0,0.8865979,0.4848485,0.0,9.615805480084347
150.0,0.4466667,0.1,0.1933333,0.1566265,0.8266667,0.0,0.6825397,0.015873,0.047619,0.1369863,0.1111111,1.0,0.2739726,0.0,0.75,9.803722464346553
465.0,0.4903226,0.0,0.3053763,0.1392405,0.8387097,0.0236559,0.715,0.0,0.03,0.376947,0.0,0.86,0.423676,0.1891892,0.25,10.518700218288165
12567.0,0.4875467,0.0062863,0.2232036,0.0995342,0.8523912,0.0244291,0.7426971,0.0036014,0.0402161,0.0727273,0.0020008,0.9747899,0.3072356,0.0878951,0.2394366,11.444657330797734
1980.0,0.4782828,0.0035354,0.1651515,0.1200387,0.7212121,0.0181818,0.6087533,0.005305,0.1352785,0.0431472,0.0013263,0.9960212,0.2601523,0.0851852,0.5,10.465984899076615
1097.0,0.4876937,0.0,0.2051048,0.133452,0.8240656,0.0182315,0.6680942,0.0021413,0.0321199,0.0825147,0.0,0.9978587,0.280943,0.0357143,0.8571429,9.841665338892785
383.0,0.462141,0.310705,0.229765,0.223301,0.8642298,0.0,0.6770186,0.0,0.0,0.2296651,0.2608696,0.9937888,0.430622,0.12,1.0,9.635673464721814
1612.0,0.4776675,0.0,0.1693548,0.1342043,0.8827543,0.0,0.718601,0.0,0.0174881,0.0323077,0.0,0.9968203,0.3046154,0.0537634,0.0,10.623787731088578
1911.0,0.4877028,0.0026164,0.1350078,0.0949949,0.9026688,0.0,0.7572254,0.0043353,0.017341,0.0507545,0.0014451,0.8684971,0.3484225,0.1205357,0.8,10.474495347310453
110.0,0.5,0.0181818,0.1454545,0.1272727,0.9272727,0.0,0.7894737,0.0,0.0,0.1162791,0.0263158,1.0,0.2325581,0.4,0.0,9.615805480084347
13.0,0.5384615,0.0,0.0769231,0.1666667,0.9230769,0.0,0.8,0.0,0.0,0.375,0.0,0.8,0.25,0.0,0.0,9.615805480084347
231.0,0.4588745,0.0,0.1731602,0.168,0.9004329,0.0,0.75,0.0,0.0113636,0.1456311,0.0,1.0,0.3398058,0.3636364,1.0,10.077482875583607
1522.0,0.4625493,0.0,0.2201051,0.1760391,0.8114323,0.0387648,0.6672,0.0032,0.0256,0.0754438,0.0,0.9952,0.295858,0.0465116,0.8333333,9.893487720457795
21748.0,0.4807798,0.0120471,0.2606676,0.1895147,0.7348722,0.0241861,0.5591772,0.0053662,0.0641956,0.1816703,0.0070556,0.981119,0.6053509,0.0593472,0.4073034,10.606609816118151
667.0,0.4032984,0.0764618,0.149925,0.1105528,0.7391304,0.1469265,0.6946903,0.0044248,0.0221239,0.1137255,0.0707965,1.0,0.3019608,0.140625,0.4,10.043292972227004
21476.0,0.4801173,0.0089402,0.1413671,0.1100761,0.8065282,0.0264016,0.6531146,0.0049929,0.0576557,0.0523826,0.0068949,0.9890632,0.3857159,0.061414,0.3604651,10.537441898283253
24391.0,0.5048583,0.0078718,0.0181624,0.0152356,0.9126317,0.0,0.8063722,0.0054127,0.0542502,0.0560845,0.007873,0.9532538,0.1263353,0.1022556,0.5158371,11.284781934567633
1058.0,0.5198488,0.0245747,0.0860113,0.0708661,0.8601134,0.0,0.7376623,0.0077922,0.0987013,0.0983607,0.0311688,0.9428571,0.1990632,0.075,0.1428571,11.284781934567633
2021.0,0.4789708,0.0044532,0.1830777,0.1424501,0.8624443,0.0,0.6921296,0.0,0.0138889,0.0410655,0.005787,0.9976852,0.2885683,0.025641,0.8333333,10.566201298475118
10014.0,0.4567605,0.2566407,0.1523867,0.1329044,0.6405033,0.2063112,0.6301013,0.0011577,0.051809,0.076697,0.2442836,0.9945007,0.3816141,0.0651757,0.4776119,10.460270761075149
2565.0,0.4366472,0.0093567,0.197271,0.1591696,0.8109162,0.0152047,0.6313321,0.0018762,0.0403377,0.0344203,0.0103189,0.9953096,0.3414855,0.0238612,0.6,11.878269721588795
1224.0,0.4771242,0.1078431,0.255719,0.1921875,0.8423203,0.0326797,0.6932515,0.0,0.006135,0.1465969,0.0797546,0.9222904,0.3071553,0.09,0.9,9.615805480084347
509.0,0.5068762,0.0,0.21611,0.0996016,0.8683694,0.0,0.7121212,0.0050505,0.040404,0.0571429,0.0,0.9747475,0.2095238,0.125,0.0,9.615805480084347
39.0,0.5384615,0.0,0.1538462,0.1111111,0.7692308,0.0,0.5555556,0.0,0.0555556,0.28,0.0,1.0,0.32,0.0,1.0,9.635673464721814
4217.0,0.450083,0.309936,0.1875741,0.1927555,0.8174057,0.0381788,0.6823881,0.0047761,0.0352239,0.0806806,0.2734328,0.998806,0.2832053,0.0990371,0.6666667,10.61890979160975
2041.0,0.4791769,0.0014699,0.1494366,0.1317027,0.8397844,0.0009799,0.656,0.0034286,0.0217143,0.0520043,0.0011429,0.9988571,0.3087757,0.0168919,0.1428571,10.87049040995193
1806.0,0.5022148,0.0022148,0.1046512,0.0678532,0.893134,0.0149502,0.7594728,0.0016474,0.0280066,0.1099707,0.0032949,0.9472817,0.3167155,0.1980198,0.6666667,10.385944565501662
460.0,0.4826087,0.0021739,0.123913,0.0672269,0.9304348,0.0,0.8060606,0.0,0.0,0.0677966,0.0060606,1.0,0.1468927,0.1315789,0.0,9.99884318585288
1633.0,0.5064299,0.0012247,0.033068,0.0223325,0.927128,0.0,0.8458574,0.0096339,0.0539499,0.0207547,0.0,0.9942197,0.1698113,0.0638298,0.6666667,11.250274159310356
187.0,0.486631,0.0,0.144385,0.1041667,0.9037433,0.0,0.7714286,0.0,0.0285714,0.1025641,0.0,1.0,0.2564103,0.3846154,1.0,9.615805480084347
1607.0,0.4878656,0.0,0.1244555,0.1044957,0.9197262,0.0,0.7937608,0.0,0.017331,0.0571895,0.0,0.9913345,0.254902,0.1532258,0.3333333,10.419330568113901
392.0,0.4617347,0.0076531,0.1505102,0.1327014,0.8418367,0.0,0.6687117,0.0122699,0.0245399,0.0685714,0.0122699,0.993865,0.3257143,0.03125,1.0,10.003378135350923
1761.0,0.4611016,0.0,0.1714935,0.1506849,0.8745031,0.0,0.7029703,0.0014144,0.0127298,0.0853816,0.0,0.9957567,0.2871928,0.1279621,0.6,10.413342705547674
401.0,0.4912718,0.0,0.2194514,0.1666667,0.8528678,0.0,0.6526946,0.0,0.005988,0.1117021,0.0,1.0,0.3031915,0.15625,1.0,9.615805480084347
8276.0,0.459884,0.0002417,0.2225713,0.1816555,0.8095698,0.0251329,0.6396476,0.0049927,0.0311307,0.0591324,0.0,0.9961821,0.3100304,0.0790656,0.5,10.199918739620157
2251.0,0.4575744,0.0004442,0.142159,0.1343161,0.88494,0.0222124,0.7707317,0.0036585,0.0158537,0.0702948,0.0012195,0.997561,0.3015873,0.1743119,0.7272727,10.146472946063877
226505.0,0.4971811,0.0739057,0.0894726,0.0706904,0.8409483,0.0272356,0.71598,0.0066258,0.0780647,0.0595339,0.0740098,0.8143859,0.3915877,0.1481953,0.149472,11.56362808494399
12026.0,0.4629137,0.0524696,0.2031432,0.1172008,0.8122401,0.0077332,0.656666,0.0022501,0.0543784,0.2115612,0.0448153,0.991562,0.289178,0.0389321,0.4452055,11.388506711556236
5112.0,0.4690923,0.0127152,0.2020736,0.1484893,0.7844288,0.0350156,0.6353965,0.0033849,0.0623791,0.3607419,0.0067698,0.9898453,0.3304482,0.0651907,0.796875,11.997823864326225
771.0,0.4876783,0.001297,0.1686122,0.1265823,0.9001297,0.0,0.7474048,0.0,0.0138408,0.052459,0.0,1.0,0.1508197,0.1,0.25,10.239995502805316
281.0,0.519573,0.0,0.1352313,0.1481481,0.8718861,0.0,0.7037037,0.0092593,0.0277778,0.1428571,0.0,1.0,0.4047619,0.2105263,1.0,9.615805480084347
676.0,0.5118343,0.0029586,0.1065089,0.0878788,0.908284,0.0133136,0.7932489,0.0042194,0.0126582,0.1123596,0.0,0.9873418,0.3707865,0.0972222,1.0,10.650199196425806
857.0,0.470245,0.0,0.176196,0.1321586,0.8413069,0.0,0.6467236,0.005698,0.02849,0.0564516,0.0,0.997151,0.2311828,0.1007752,0.0,10.712215345197256
177.0,0.4858757,0.3163842,0.1412429,0.1538462,0.9265537,0.0,0.8166667,0.0,0.0166667,0.1176471,0.25,1.0,0.3088235,0.1923077,0.0,9.615805480084347
1840.0,0.4820652,0.0,0.1016304,0.069255,0.9298913,0.0,0.8221529,0.0015601,0.0202808,0.0302572,0.0,0.9937598,0.1255673,0.0564516,0.0,10.839600519357369
119.0,0.4957983,0.0,0.1176471,0.1,0.9411765,0.0,0.8510638,0.0,0.0,0.0208333,0.0,1.0,0.125,0.0833333,0.0,10.322230781590136
1249.0,0.4763811,0.6613291,0.1641313,0.0902141,0.9231385,0.0,0.8232662,0.0022371,0.0290828,0.0282609,0.5838926,0.9955257,0.0913043,0.2222222,0.8,11.124332223082254
1195.0,0.4761506,0.0008368,0.1916318,0.1789137,0.8050209,0.1029289,0.7690217,0.0081522,0.0597826,0.0290237,0.0,0.9972826,0.2453826,0.0973451,0.0,11.321777065973317
3869.0,0.4556733,0.487206,0.1930731,0.1927825,0.8542259,0.0341173,0.7195652,0.0043478,0.026087,0.0885073,0.4195652,0.9891304,0.336856,0.1700555,0.68,9.952325334619427
2375.0,0.4867368,0.0016842,0.1595789,0.1304348,0.8850526,0.0,0.7244349,0.0010764,0.0161464,0.1067308,0.0,0.9989236,0.3298077,0.1190476,0.96,10.122663242288953
32862.0,0.4792161,0.0020997,0.1525774,0.1256866,0.8554561,0.0087335,0.7011839,0.0059194,0.0332872,0.0632292,0.0015375,0.9852399,0.3802391,0.0844282,0.3571429,10.373522431293592
244.0,0.4713115,0.0,0.1967213,0.124031,0.8483607,0.0,0.6826923,0.0096154,0.0288462,0.1260504,0.0,1.0,0.2941176,0.0666667,1.0,9.615805480084347
902.0,0.4878049,0.0,0.0665188,0.0735931,0.883592,0.0,0.7111111,0.0,0.0412698,0.0425532,0.0,0.9904762,0.3404255,0.0566038,0.0,10.900454637442037
7312.0,0.4983589,0.0179158,0.0968271,0.0460742,0.9425602,0.0,0.8635614,0.0053586,0.0251443,0.0237425,0.016488,0.9542457,0.0865191,0.1410658,0.4666667,10.981914140544825
161.0,0.5217391,0.0248447,0.1242236,0.0779221,0.9503106,0.0,0.8571429,0.0,0.0,0.0819672,0.0357143,0.9821429,0.1967213,0.1538462,1.0,10.192456296870509
63850.0,0.4926077,0.1201566,0.096758,0.081026,0.8808144,0.008426,0.7395861,0.0056641,0.0407189,0.1038369,0.1093123,0.8354741,0.4038769,0.1350906,0.5725806,10.460270761075149
516.0,0.5271318,0.003876,0.1395349,0.0655738,0.8643411,0.0290698,0.7578947,0.0052632,0.0368421,0.0865385,0.0,0.9894737,0.2740385,0.0888889,0.8,9.661479683575521
2617.0,0.4528086,0.0087887,0.2009935,0.1480447,0.8119985,0.0745128,0.7304075,0.0020899,0.0323929,0.0323559,0.0010449,0.9968652,0.1830131,0.05,0.3333333,11.104972264124868
278.0,0.471223,0.0,0.2913669,0.170068,0.823741,0.0,0.641791,0.0,0.0074627,0.2298851,0.0,1.0,0.1896552,0.0,1.0,9.615805480084347
30159.0,0.5010445,0.0512948,0.0466859,0.0420654,0.8979741,0.0047415,0.7831098,0.0051955,0.0457208,0.0698533,0.0444927,0.9146987,0.249363,0.0953155,0.3974359,10.942013616092948
1347.0,0.4795843,0.0059391,0.1529324,0.1226819,0.8210839,0.0534521,0.7045455,0.0103306,0.0433884,0.0565302,0.0020661,0.9938017,0.1793372,0.1411043,1.0,10.477316144080852
951.0,0.4858044,0.0,0.2239748,0.1533742,0.849632,0.0,0.6666667,0.0,0.0338542,0.0679612,0.0,0.9973958,0.2305825,0.0666667,0.6666667,10.373522431293592
9564.0,0.4712463,0.0012547,0.1633208,0.1378288,0.8467169,0.0175659,0.6888485,0.0020795,0.0218352,0.0411266,0.0002599,0.9966207,0.2976072,0.0616438,0.5769231,10.471666571132038
27973.0,0.5060952,0.027741,0.0409681,0.0469021,0.8873199,3.57e-05,0.7428482,0.0034329,0.0599189,0.0584721,0.028295,0.9539166,0.332713,0.0556124,0.2771084,11.38054769238444
401.0,0.4613466,0.80798,0.1571072,0.1851852,0.8778055,0.0,0.6783217,0.006993,0.020979,0.1118012,0.8041958,0.979021,0.2795031,0.1666667,0.0,9.770013301136158
5745.0,0.4774587,0.0100957,0.1192341,0.0866089,0.9321149,0.0097476,0.8243002,0.002978,0.0154854,0.1376477,0.0101251,0.1935676,0.4874165,0.230444,0.6956522,9.615805480084347
624.0,0.4455128,0.5016026,0.2067308,0.2196532,0.8205128,0.0,0.6231343,0.0,0.0298507,0.1155116,0.4253731,1.0,0.2640264,0.0769231,0.75,9.615805480084347
2799.0,0.4476599,0.0053591,0.2600929,0.194696,0.8074312,0.0421579,0.6638585,0.0016849,0.0168492,0.1796821,0.0067397,0.9974726,0.3524534,0.0769231,0.8142857,9.615805480084347
4924.0,0.4939074,0.0016247,0.1372868,0.0967095,0.8543867,0.0016247,0.6793362,0.003212,0.0471092,0.0811608,0.0010707,0.8972163,0.402361,0.1455526,0.0923077,11.7085004721646
2024.0,0.4896245,0.0103755,0.1368577,0.1006776,0.7643281,0.0177866,0.5949367,0.004603,0.0794016,0.1004141,0.004603,0.9159954,0.5020704,0.0754717,0.1176471,11.816734299348461
1468.0,0.4911444,0.0,0.1205722,0.0803213,0.9032698,0.0,0.7569061,0.0,0.0184162,0.0286225,0.0,0.9281768,0.2039356,0.0862069,1.0,10.31231367277647
1329.0,0.4973664,0.069225,0.1677953,0.1841317,0.8735892,0.0,0.6965377,0.00611,0.0264766,0.0770677,0.0488798,0.9246436,0.4530075,0.1687764,0.0,10.318935994253193
2082.0,0.4486071,0.0014409,0.26561,0.2099303,0.8342939,0.0,0.6338673,0.0034325,0.0217391,0.1604227,0.0011442,0.9954233,0.1748319,0.1329114,0.8,9.966509298952284
340.0,0.4352941,0.0,0.1970588,0.0833333,0.8735294,0.0,0.7260274,0.0,0.0205479,0.0135135,0.0,1.0,0.0135135,0.0,1.0,11.239816684367907
1757.0,0.4649972,0.0341491,0.0848036,0.0787234,0.8975526,0.007399,0.7662957,0.0031797,0.0238474,0.0857558,0.0317965,0.8394277,0.2994186,0.0878378,0.7,10.606609816118151
751.0,0.4966711,0.0026631,0.1185087,0.0608466,0.9214381,0.0,0.7962963,0.0,0.0148148,0.0391459,0.0,1.0,0.113879,0.1,0.3333333,10.513280297700861
515342.0,0.4796097,0.0343616,0.0873517,0.0692746,0.9094873,0.0119998,0.7894734,0.0033698,0.0313806,0.047917,0.0392102,0.4070759,0.3894322,0.1854405,0.3880597,10.725489582719506
1249.0,0.4683747,0.0408327,0.2433947,0.1792169,0.8654924,0.0,0.6795367,0.0,0.003861,0.2187029,0.0366795,0.8745174,0.3831071,0.0977011,0.56,9.615805480084347
3944.0,0.5065923,0.0131846,0.0347363,0.0184995,0.9345842,0.0109026,0.882904,0.0039032,0.0382514,0.0750903,0.0117096,0.9687744,0.0801444,0.1862069,0.6,11.134603622683905
800.0,0.4725,0.0025,0.115,0.0947867,0.88875,0.0,0.7610922,0.0068259,0.0341297,0.0393443,0.003413,0.996587,0.252459,0.0963855,0.0,10.110542371500753
1177.0,0.440102,0.0025489,0.2642311,0.2473445,0.7833475,0.046729,0.6252546,0.0020367,0.0264766,0.1325088,0.0,1.0,0.2561837,0.0863309,0.875,9.615805480084347
715.0,0.4811189,0.0041958,0.2125874,0.1293801,0.8685315,0.0,0.7097902,0.006993,0.0314685,0.0171821,0.0,0.986014,0.2302405,0.1267606,1.0,10.404293143019792
927.0,0.4768069,0.0010787,0.3139159,0.2350515,0.7443366,0.0916936,0.625323,0.0,0.0180879,0.1144165,0.0,1.0,0.3707094,0.08,0.6923077,9.615805480084347
312.0,0.4615385,0.0,0.1987179,0.1488095,0.8910256,0.0,0.75,0.0,0.015625,0.037594,0.0,1.0,0.037594,0.0,0.0,11.281006017883909
784.0,0.4783163,0.0,0.1543367,0.1540342,0.8928571,0.0,0.7475083,0.0066445,0.0199336,0.02589,0.0,1.0,0.1682848,0.0888889,0.0,10.568775236216993
2075.0,0.4433735,0.0004819,0.2645783,0.2147186,0.7643373,0.0481928,0.5909091,0.0022727,0.0261364,0.056806,0.0011364,1.0,0.3815648,0.0241692,0.5,10.318935994253193
9002.0,0.4914463,0.0112197,0.1248611,0.1035387,0.8411464,0.0,0.6959047,0.0055184,0.0917804,0.0483693,0.0063898,0.8910834,0.2025981,0.1356209,0.3333333,11.010415172807951
311.0,0.5209003,0.0,0.2250804,0.1677852,0.8135048,0.0,0.6478873,0.0140845,0.0352113,0.1885714,0.0,0.9859155,0.5314286,0.0571429,0.25,10.158168529848494
161.0,0.5217391,0.0,0.1552795,0.1038961,0.8881988,0.0,0.7142857,0.0,0.0357143,0.1764706,0.0,0.9821429,0.3970588,0.0769231,0.5,9.615805480084347
437.0,0.4622426,0.0,0.2677346,0.2085106,0.7620137,0.0800915,0.6373626,0.0,0.0164835,0.1495327,0.0,1.0,0.4813084,0.056338,0.8,9.841665338892785
473.0,0.4672304,0.0021142,0.1818182,0.1349206,0.8372093,0.0,0.6546392,0.0154639,0.0360825,0.0628019,0.0,0.9948454,0.3236715,0.08,0.5,9.70509758756311
13701.0,0.4885775,0.0315305,0.0690461,0.0560868,0.8652653,0.0,0.7177239,0.0018657,0.0548507,0.0378747,0.0348881,0.9761194,0.3091007,0.0345061,0.1111111,11.480412603789821
312.0,0.4935897,0.0,0.1891026,0.0886076,0.8846154,0.0320513,0.7837838,0.0,0.018018,0.1328125,0.0,0.990991,0.2890625,0.1851852,1.0,10.169728906753061
128.0,0.53125,0.0,0.1875,0.0833333,0.8203125,0.0,0.6734694,0.0408163,0.0612245,0.125,0.0,1.0,0.25,0.1111111,0.6666667,9.615805480084347
1060.0,0.4518868,0.2839623,0.2698113,0.1824441,0.7839623,0.0867925,0.6864198,0.0024691,0.0197531,0.0689655,0.2592593,0.9975309,0.216092,0.0695652,0.5,10.652566005416872
1892.0,0.5089852,0.0005285,0.2114165,0.1001076,0.7991543,0.0031712,0.634434,0.0070755,0.067217,0.2580927,0.0011792,0.9882075,0.5546807,0.0600601,0.3333333,10.5610334618531
13364.0,0.6895391,0.1712811,0.0483388,0.0624247,0.5719096,0.3779557,0.7982629,0.0094749,0.0319779,0.0666912,0.0371101,0.4923016,0.4281503,0.2428315,0.52,10.736418414365376
6652.0,0.4645219,0.0037583,0.2061034,0.1650758,0.8137402,0.0350271,0.6722222,0.0037037,0.0351852,0.0559441,0.0040741,0.9940741,0.315035,0.0682303,0.5217391,10.090008612393838
602.0,0.4667774,0.5232558,0.0946844,0.0996885,0.9435216,0.0,0.8245614,0.0,0.0233918,0.0756757,0.4736842,1.0,0.2324324,0.2857143,1.0,10.199918739620157
371.0,0.5121294,0.0,0.1132075,0.0607735,0.9245283,0.0,0.796875,0.0,0.015625,0.0921986,0.0,0.9921875,0.2198582,0.1363636,0.6666667,9.846970109700957
356.0,0.4803371,0.0,0.1713483,0.1027027,0.9522472,0.0,0.8595041,0.0,0.0,0.0,0.0,1.0,0.0247934,0.5,0.0,10.868587496017359
731.0,0.4733242,0.002736,0.2161423,0.1818182,0.8673051,0.0,0.7142857,0.0066445,0.0232558,0.0795107,0.0033223,1.0,0.1498471,0.0645161,0.6,10.043292972227004
5334.0,0.4548181,0.0022497,0.1850394,0.1629986,0.8211474,0.0382452,0.6849057,0.0037736,0.0273585,0.0535714,0.0004717,0.9985849,0.34375,0.0963665,0.5,10.328787967145063
1167.0,0.4430163,0.7514996,0.151671,0.14,0.8886033,0.0,0.7172897,0.0,0.021028,0.0815451,0.6752336,1.0,0.3669528,0.1797753,0.6666667,9.961803629358965
1955.0,0.4680307,0.4439898,0.141688,0.1403846,0.857289,0.0,0.7055058,0.0115237,0.0384123,0.0811765,0.3790013,1.0,0.4223529,0.1263941,0.75,9.908524844053396
534.0,0.4700375,0.0037453,0.2003745,0.1696113,0.835206,0.0,0.6331878,0.0,0.0174672,0.0691057,0.0043668,0.9912664,0.2560976,0.0638298,0.3333333,9.985113621416073
40452.0,0.4909028,0.013893,0.1140858,0.0791493,0.8844557,0.0369079,0.8116409,0.0033776,0.0410023,0.0466527,0.0114681,0.7989946,0.1923019,0.1859633,0.1151515,12.101828173530544
1271.0,0.5082612,0.0023603,0.0645161,0.0544,0.9181747,0.0,0.7935035,0.0092807,0.025522,0.1973929,0.0023202,0.9791183,0.4897579,0.1666667,0.4,10.34177474101152
1640.0,0.4335366,0.8073171,0.1158537,0.1194833,0.9109756,0.0,0.7693727,0.0073801,0.0258303,0.0829103,0.7656827,0.998155,0.3079526,0.2093863,0.5,9.87822102528824
14689.0,0.4873034,0.0047655,0.1488869,0.1249502,0.7442304,0.0673974,0.6265339,0.004446,0.0773608,0.0648595,0.0019563,0.9962653,0.3628804,0.0810267,0.525,10.021315031649332
2249.0,0.4739884,0.0004446,0.1111605,0.0921386,0.8995109,0.0253446,0.8007968,0.001328,0.0239044,0.0195312,0.0,0.9960159,0.1705729,0.025974,0.6666667,10.732061203925053
494.0,0.4676113,0.0,0.3036437,0.21673,0.7955466,0.0,0.5777778,0.0,0.0266667,0.0506329,0.0,1.0,0.1814346,0.1388889,1.0,9.615805480084347
1998.0,0.455956,0.0005005,0.2027027,0.1462741,0.8108108,0.0005005,0.6335616,0.0068493,0.053653,0.0690755,0.0,0.9828767,0.402763,0.0319767,0.7142857,11.790564777297387
3356.0,0.4356377,0.1912992,0.1924911,0.1895459,0.8414779,0.0214541,0.6802721,0.005291,0.0181406,0.0825243,0.1579743,0.9992441,0.3744799,0.1176471,0.2608696,10.229223792606835
123.0,0.5121951,0.0,0.1707317,0.0666667,0.8699187,0.0,0.7,0.0,0.02,0.0384615,0.0,0.96,0.25,0.4285714,1.0,10.056251557087757
218.0,0.4541284,0.0045872,0.2155963,0.1680672,0.853211,0.0,0.6774194,0.0,0.0215054,0.1388889,0.0,0.9892473,0.4537037,0.0,0.5,9.615805480084347
1407.0,0.4769012,0.0,0.1329069,0.1154891,0.8862829,0.0,0.7184466,0.0038835,0.023301,0.0550459,0.0,0.9961165,0.2899083,0.1153846,0.4,10.451637862362272
14754.0,0.4683476,0.0021689,0.1740545,0.1385773,0.8371967,0.0268402,0.6926144,0.0053745,0.032767,0.0615034,0.0015603,0.9850902,0.3273674,0.0941011,0.5797101,10.154285180632154
1762.0,0.4500568,0.030647,0.2088536,0.1351909,0.7565267,0.0,0.5592593,0.0074074,0.0716049,0.3778802,0.0259259,0.9925926,0.3079877,0.0298013,0.6190476,11.810812786275873
1505.0,0.4730897,0.0,0.1980066,0.1374527,0.8159468,0.0657807,0.7158273,0.0035971,0.0305755,0.0544218,0.0,0.9982014,0.2057823,0.0818182,0.25,10.102379394048045
243.0,0.4855967,0.0,0.1522634,0.064,0.9218107,0.0,0.7840909,0.0,0.0,0.1020408,0.0,0.9772727,0.255102,0.2,1.0,9.615805480084347
2455.0,0.4558045,0.189002,0.2472505,0.2103293,0.801222,0.0382892,0.6378109,0.000995,0.0238806,0.1358555,0.1631841,0.9442786,0.3121238,0.0886076,0.6666667,10.288783966353765
5001.0,0.5032993,0.0261948,0.0683863,0.0599839,0.9394121,0.0107978,0.8560127,0.0047468,0.0332278,0.4029287,0.0356013,0.2848101,0.6660368,0.3419355,0.5882353,10.49684202174171
1051.0,0.4643197,0.0,0.1579448,0.1136767,0.8610847,0.0,0.7093023,0.0023256,0.0465116,0.0205011,0.0,0.9953488,0.3143508,0.0612245,0.0,10.5506169722625
110.0,0.5090909,0.1363636,0.0454545,0.037037,0.9818182,0.0,0.9333333,0.0,0.0,0.1176471,0.1,1.0,0.0882353,0.2413793,0.0,0.0
3592.0,0.5141982,0.0044543,0.106069,0.0670487,0.8961581,0.0,0.7786458,0.0060764,0.0694444,0.0391993,0.0043403,0.9071181,0.41201,0.1463415,0.5,11.716690459057835
354.0,0.5112994,0.0,0.1384181,0.0809249,0.8672316,0.0,0.7222222,0.0069444,0.0347222,0.1325301,0.0,0.9930556,0.126506,0.24,0.625,9.615805480084347
15066.0,0.4834063,0.002124,0.1090535,0.0779905,0.9105934,0.0,0.7823054,0.0025698,0.0236784,0.0250537,0.0022026,0.9948605,0.1288475,0.0673759,0.2040816,11.178864319331653
527.0,0.5047438,0.0018975,0.1897533,0.1187739,0.8462998,0.0,0.6666667,0.0045662,0.0319635,0.1133603,0.0045662,1.0,0.2672065,0.1,0.0,10.225607282932941
450.0,0.4933333,0.0,0.1844444,0.1666667,0.5377778,0.0,0.3422053,0.0,0.1064639,0.1677215,0.0,0.9847909,0.6487342,0.0199005,0.0,11.504903373867316
531.0,0.4519774,0.4651601,0.2033898,0.1271478,0.8851224,0.039548,0.8031088,0.0,0.0103627,0.1306306,0.3834197,0.9948187,0.1666667,0.1142857,1.0,10.431199791458543
461.0,0.5140998,0.35141,0.1995662,0.2008929,0.7787419,0.0932755,0.6666667,0.0,0.0,0.15311,0.2768362,1.0,0.2966507,0.0487805,0.0,10.211009016314167
1696.0,0.4487028,0.709316,0.1774764,0.1336898,0.8602594,0.0188679,0.6919355,0.0016129,0.0209677,0.1091954,0.6370968,0.9935484,0.3405172,0.1838565,0.6666667,9.975854724662028
11414.0,0.4611004,0.0935693,0.1302786,0.1081125,0.796478,0.0860347,0.7160612,0.0040631,0.0279637,0.0714603,0.0939293,0.9959369,0.3861518,0.0659283,0.3333333,10.819798284210286
284.0,0.4964789,0.0,0.1901408,0.1398601,0.8626761,0.0,0.6545455,0.0,0.0090909,0.1791045,0.0,1.0,0.380597,0.24,1.0,9.615805480084347
1010.0,0.4891089,0.0,0.1356436,0.1027132,0.860396,0.0,0.7107232,0.0099751,0.0299252,0.049763,0.0,1.0,0.3246445,0.0521739,0.0,9.70509758756311
1702.0,0.4482961,0.1480611,0.2626322,0.2044728,0.8331375,0.0352526,0.6781955,0.0,0.0150376,0.1614124,0.1323308,0.9714286,0.3102144,0.1421053,0.8125,9.908524844053396
41194.0,0.4740982,0.0342526,0.1536389,0.1125369,0.7885129,0.0522892,0.6617848,0.0046866,0.0619671,0.0781278,0.0275988,0.9314587,0.3922592,0.0991444,0.4017857,11.532737896139919
152.0,0.5065789,0.0,0.4144737,0.1733333,0.8355263,0.0,0.6760563,0.0140845,0.028169,0.2022472,0.0,1.0,0.3258427,0.5,1.0,9.615805480084347
283.0,0.4946996,0.0,0.1837456,0.1258741,0.8869258,0.0,0.7333333,0.0,0.0380952,0.2279412,0.0,1.0,0.25,0.3181818,0.5,9.989711119284745
269.0,0.4981413,0.0,0.1040892,0.037037,0.9776952,0.0,0.9310345,0.0,0.0,0.0842105,0.0,1.0,0.1894737,0.2631579,0.0,9.792611856190192
257.0,0.4902724,0.0,0.1712062,0.129771,0.8871595,0.0,0.7171717,0.0,0.010101,0.2978723,0.0,1.0,0.2269504,0.0,0.0,9.615805480084347
2974.0,0.467384,0.0020175,0.2784129,0.219697,0.7750504,0.0205111,0.5861818,0.0050909,0.0225455,0.1564417,0.0,0.9854545,0.3392638,0.0714286,0.7272727,9.615805480084347
7863.0,0.483912,0.0030523,0.1571919,0.1323312,0.864174,0.0030523,0.7127297,0.0051055,0.0476515,0.0389271,0.0030633,0.9751532,0.2708538,0.0617512,0.35,11.583393248239855
1772.0,0.4706546,0.005079,0.2054176,0.1204691,0.8205418,0.0,0.6567742,0.0,0.0541935,0.0348692,0.003871,0.9664516,0.0709838,0.0842105,0.3,11.080618310893968
343.0,0.4664723,0.0379009,0.2769679,0.2185792,0.728863,0.2040816,0.8095238,0.0,0.0285714,0.0789474,0.0190476,1.0,0.2368421,0.1,0.0,10.221977646629885
143.0,0.5104895,0.0,0.2167832,0.2142857,0.8741259,0.0,0.7,0.0,0.0,0.1549296,0.0,1.0,0.2112676,0.0,0.6666667,9.615805480084347
3817.0,0.4545455,0.0783338,0.2473146,0.1873199,0.8095363,0.056065,0.6769852,0.0026918,0.0188425,0.1993534,0.0706595,0.8364738,0.3157328,0.1173594,0.8333333,9.615805480084347
3408.0,0.4665493,0.1173709,0.1889671,0.1529153,0.8309859,0.0228873,0.6582278,0.0029784,0.0230827,0.1632399,0.1094564,0.9791512,0.3358255,0.1334895,0.7380952,9.985113621416073
78.0,0.7307692,0.0,0.0512821,0.0,0.3076923,0.5,0.4347826,0.0,0.0869565,0.7526882,0.0,1.0,0.8924731,0.0,0.0,11.630717389475995
361.0,0.4626039,0.0,0.199446,0.1340206,0.8947368,0.0,0.7414966,0.0,0.0,0.1833333,0.0,0.9591837,0.3777778,0.0833333,0.5714286,10.021315031649332
1715.0,0.4588921,0.0046647,0.2116618,0.1702586,0.8058309,0.0,0.5929444,0.0027137,0.0379919,0.068268,0.0027137,0.9959294,0.4273072,0.0887372,0.5,10.165890277802454
1210.0,0.4884298,0.0024793,0.1876033,0.1227787,0.8793388,0.0,0.7223382,0.0,0.0271399,0.0439122,0.0,1.0,0.257485,0.0604027,0.375,10.638280388314705
7178.0,0.4653107,0.012399,0.1561716,0.1302762,0.8243243,0.0278629,0.6802013,0.0033557,0.0298658,0.1026799,0.0100671,0.995302,0.451069,0.0569476,0.4761905,10.668978650219241
489.0,0.4928425,0.0,0.2147239,0.1451613,0.8732106,0.0,0.721393,0.0049751,0.0248756,0.1298701,0.0,0.9900498,0.3939394,0.1384615,0.5,9.820160289946374
446.0,0.5022422,0.0,0.17713,0.1261261,0.8811659,0.0,0.7282609,0.0,0.0163043,0.1067961,0.0,1.0,0.2815534,0.1428571,0.5,10.32551474894327
24699.0,0.4594518,0.2212235,0.2009798,0.1661299,0.817604,0.0361958,0.6691821,0.0034673,0.0280441,0.1237602,0.1860086,0.9919437,0.3797695,0.1045113,0.5730337,10.038935856711177
6662.0,0.4788352,0.0073551,0.1196337,0.0987903,0.8665566,0.0070549,0.7191673,0.003535,0.0424195,0.0300952,0.0070699,0.9835035,0.2281905,0.063772,0.55,11.098939154318382
7216.0,0.4527439,0.0002772,0.2382206,0.1924538,0.8026608,0.031735,0.6458942,0.0038948,0.0275884,0.0900768,0.0,0.9974034,0.3984052,0.0736515,0.6216216,10.056251557087757
2552.0,0.4059561,0.0035266,0.8232759,0.3423483,0.7441223,0.0,0.5919283,0.0,0.0102498,0.0527913,0.0032031,0.9910314,0.2754854,0.0,0.6818182,11.206413891581187
15743.0,0.4733532,0.0012704,0.1531474,0.1191654,0.8018167,0.0273772,0.6528497,0.0066386,0.0684909,0.2469211,0.0008096,0.9959521,0.3737349,0.0771812,0.6959459,11.369066641827967
722.0,0.4930748,0.0,0.099723,0.0928962,0.8878116,0.0,0.7472527,0.007326,0.029304,0.025,0.0,0.996337,0.2,0.1363636,0.0,10.192456296870509
392.0,0.494898,0.005102,0.1836735,0.1212121,0.9158163,0.0,0.8053691,0.0,0.0268456,0.3196347,0.0,1.0,0.3378995,0.1290323,0.0,10.5610334618531
2218.0,0.528404,0.0960325,0.0018034,0.0028681,0.8917944,0.0297565,0.7997658,0.0,0.0035129,0.0138568,0.0960187,0.9344262,0.4180139,0.0376028,0.0,12.377927112974284
3122.0,0.4830237,0.0057655,0.168802,0.1263941,0.8526586,0.0240231,0.7116071,0.0035714,0.0401786,0.183078,0.0098214,0.7544643,0.4514953,0.1735537,0.4772727,10.428245666832275
3014.0,0.4873922,0.0544127,0.1526211,0.1003236,0.9280027,0.0,0.8269795,0.0009775,0.0312805,0.0182342,0.0410557,0.9657869,0.0902111,0.0747664,0.375,11.950541482162043
4728.0,0.4928088,0.03511,0.071489,0.0604671,0.8978426,0.0,0.7772109,0.0062358,0.037415,0.0511027,0.031746,0.9920635,0.2038731,0.0942982,0.4444444,11.083695189061785
6.0,0.6666667,0.0,0.1666667,0.5,0.8333333,0.0,0.6666667,0.0,0.0,0.6666667,0.0,1.0,0.4444444,0.0,0.0,0.0
389.0,0.5115681,0.1568123,0.218509,0.1736842,0.8791774,0.0,0.7239264,0.0,0.0122699,0.1189189,0.1533742,1.0,0.2324324,0.12,0.0,10.236417809461043
316.0,0.471519,0.0,0.2911392,0.1796407,0.8607595,0.0,0.6742424,0.0,0.0075758,0.0638298,0.0,1.0,0.3049645,0.0689655,1.0,9.918425424900335
6457.0,0.438284,0.0188942,0.1071705,0.0840915,0.3546539,0.3402509,0.4382955,0.0033204,0.252352,0.0573813,0.0199225,0.9950194,0.419927,0.0443396,0.4545455,10.803669227477098
613.0,0.5334421,0.0016313,0.050571,0.0524476,0.9510604,0.0,0.8410596,0.0066225,0.0397351,0.245,0.0,0.9933775,0.82,0.0869565,0.0,9.980494888896912
5172.0,0.4657773,0.0303558,0.1645398,0.1397032,0.8364269,0.0235886,0.6787695,0.0065557,0.0337872,0.0434153,0.0277358,0.9969743,0.3077665,0.1139241,0.2666667,10.16203685698089
4686.0,0.4626547,0.3420828,0.1395647,0.1258936,0.8790013,0.0219804,0.764774,0.0034762,0.0289687,0.0715438,0.311124,0.9947856,0.2388381,0.1068841,0.5769231,11.134603622683905
1752.0,0.4931507,0.0,0.1626712,0.1204955,0.8453196,0.0,0.670765,0.0013661,0.0368852,0.1537572,0.0,0.976776,0.3514451,0.1026616,0.4545455,10.673618922112436
796.0,0.4824121,0.3203518,0.1557789,0.1504854,0.8153266,0.0603015,0.715655,0.0031949,0.0191693,0.147139,0.2428115,0.9968051,0.2861035,0.0566038,0.3333333,10.31231367277647
696.0,0.4568966,0.0,0.1264368,0.1031746,0.8864943,0.0,0.7275986,0.0,0.0107527,0.0730897,0.0,1.0,0.3986711,0.0625,1.0,10.471666571132038
543.0,0.4972376,0.0,0.1307551,0.1172161,0.8710866,0.0,0.7136364,0.0,0.0272727,0.0833333,0.0,1.0,0.4875,0.1235955,0.0,10.480129006333248
5668.0,0.4640085,0.2120677,0.2085392,0.1777485,0.8452717,0.0243472,0.6986421,0.0026281,0.0135786,0.1178516,0.1804643,0.9943057,0.3056414,0.1022013,0.7317073,10.098272780745283
4254.0,0.484015,0.0086977,0.099906,0.0738041,0.9525153,0.0101081,0.8956255,0.0007675,0.0138143,0.0383764,0.0069071,0.9823484,0.0509225,0.1265823,0.7058824,12.458778882573533
57.0,0.4385965,0.0,0.245614,0.25,0.8245614,0.0,0.6,0.0,0.0,0.1935484,0.0,1.0,0.3548387,0.5,1.0,9.615805480084347
540.0,0.4851852,0.137037,0.187037,0.1402878,0.8851852,0.0,0.7128713,0.0049505,0.0148515,0.2230769,0.1089109,0.9554455,0.3076923,0.2222222,1.0,9.69898173460629
941.0,0.5908608,0.0,0.0403826,0.0337662,0.858661,0.0116897,0.7745902,0.0204918,0.102459,0.0827068,0.0,0.454918,0.5864662,0.4296296,0.0,10.389026137075234
1611.0,0.459342,0.150838,0.1707014,0.1377727,0.8466791,0.0,0.6606607,0.003003,0.0255255,0.1012146,0.1246246,0.9864865,0.3711201,0.1,0.7142857,9.913487387114461
4698.0,0.4631758,0.1213282,0.1260111,0.1360032,0.8959132,0.0,0.7587968,0.0068104,0.0221339,0.054721,0.1174801,0.9977299,0.3261803,0.1122625,0.1818182,10.413342705547674
87.0,0.4827586,0.0,0.091954,0.1333333,0.8505747,0.0,0.6944444,0.0,0.0555556,0.1,0.0,1.0,0.275,0.0,0.0,9.615805480084347
6513.0,0.4808844,0.0224167,0.1698142,0.1032239,0.9186243,0.0,0.788607,0.0,0.0200267,0.0653078,0.0182466,0.9701825,0.2558236,0.0628931,0.7391304,12.869020894009179
881.0,0.4880817,0.0,0.1486947,0.1396896,0.8297389,0.0295119,0.6751412,0.0,0.0254237,0.0829016,0.0,0.9887006,0.4455959,0.1,0.0,10.351405324899678
1824.0,0.4851974,0.1419956,0.0855263,0.0788072,0.9226974,0.0,0.7974684,0.0047468,0.0158228,0.0595238,0.1344937,0.9905063,0.2470238,0.1052632,0.6666667,10.911463720944793
15568.0,0.4901079,0.0052672,0.1050874,0.0762157,0.9205421,0.0125899,0.8290233,0.0011163,0.0204651,0.0273254,0.0053953,0.9970233,0.082338,0.0665557,0.516129,11.055656405795794
180.0,0.4388889,0.0,0.1555556,0.1782178,0.8666667,0.0,0.6901408,0.0,0.028169,0.0657895,0.0,1.0,0.4473684,0.0869565,0.0,9.933094897288786
1606.0,0.4638854,0.0031133,0.2285181,0.1777003,0.7889166,0.0386052,0.6160584,0.0014599,0.020438,0.1636142,0.0014599,0.9605839,0.3772894,0.0758294,0.8571429,10.094149233605084
894.0,0.4630872,0.0011186,0.2897092,0.2125,0.8020134,0.0514541,0.6657534,0.0027397,0.0246575,0.0664962,0.0027397,0.9972603,0.2404092,0.0776699,0.7142857,9.692828247710418
1277.0,0.4792482,0.4158183,0.1393892,0.1488722,0.8707909,0.0,0.692623,0.0061475,0.022541,0.0809793,0.3729508,0.9959016,0.3634652,0.1619048,0.3333333,9.615805480084347
4549.0,0.4664761,0.0002198,0.1778413,0.1334981,0.84612,0.0274786,0.7147577,0.001652,0.0269824,0.0340426,0.0,0.9988987,0.2202128,0.0541872,0.375,10.776891660007811
1110.0,0.5108108,0.0018018,0.1117117,0.0773481,0.8432432,0.0,0.6704545,0.0045455,0.0568182,0.1038697,0.0022727,0.9931818,0.4256619,0.0933333,0.4,10.077482875583607
16543.0,0.4635798,0.0811824,0.3533216,0.1902186,0.7849241,0.0119688,0.6344004,0.0044461,0.0480183,0.3140467,0.0635163,0.9897104,0.4422273,0.0549404,0.2862069,10.894904309600681
363.0,0.4876033,0.0,0.1652893,0.1290323,0.8870523,0.0,0.7424242,0.0151515,0.0378788,0.0503597,0.0,0.9924242,0.1654676,0.12,0.0,10.261196961231647
20651.0,0.4631253,0.0008716,0.1103579,0.0878506,0.9410682,0.0062467,0.8280504,0.0011929,0.011077,0.0770683,0.0011929,0.0727676,0.4880466,0.251698,0.5833333,10.33854382482173
5549.0,0.5098216,0.0046855,0.1007389,0.0698529,0.8835826,0.0007209,0.7458396,0.0095814,0.0484115,0.2093301,0.0040343,0.9404942,0.4397927,0.167894,0.5,10.360944044643913
12722.0,0.4886024,0.0028297,0.1704135,0.1123578,0.8372111,0.0284546,0.6997156,0.003657,0.0386022,0.100676,0.0032507,0.9447379,0.3851635,0.0912596,0.2407407,10.781058245898533
288.0,0.4895833,0.0,0.3263889,0.1972789,0.8159722,0.0,0.6258993,0.0,0.0071942,0.2362637,0.0,1.0,0.4175824,0.0540541,0.5555556,9.615805480084347
2047.0,0.4851001,0.4147533,0.098681,0.1072106,0.8417196,0.0635076,0.7514881,0.0059524,0.0252976,0.0967742,0.3541667,0.9925595,0.2983871,0.1758242,0.6923077,10.413342705547674
1043.0,0.4832215,0.1121764,0.0795781,0.0538033,0.9482263,0.0,0.867052,0.0,0.0202312,0.0846561,0.1011561,1.0,0.1428571,0.2368421,0.4,11.007103966325696
1562.0,0.4481434,0.0006402,0.2323944,0.199536,0.8194622,0.0390525,0.6712538,0.0015291,0.0076453,0.0991736,0.0,0.9984709,0.3829201,0.0306122,0.6875,10.090008612393838
4237.0,0.4807647,0.0016521,0.2296436,0.1204545,0.8506018,0.0,0.7019651,0.0054585,0.0387555,0.5941515,0.0021834,0.9896288,0.1284891,0.1643836,0.6850394,11.766799946849087
488.0,0.4569672,0.0163934,0.2561475,0.1584906,0.8790984,0.0,0.7355769,0.0,0.0192308,0.4680307,0.0192308,0.9951923,0.2634271,0.0526316,0.5,10.727684925086583
401.0,0.5561097,0.0,0.0174564,0.0280899,0.8952618,0.0,0.7608696,0.0144928,0.0362319,0.2540541,0.0,0.9927536,0.5891892,0.2,1.0,10.675931008412125
8389.0,0.4774109,0.0060794,0.1256407,0.0946624,0.8745977,0.0138276,0.7336433,0.0043175,0.03454,0.1117994,0.0046496,0.1956161,0.4073746,0.1356108,0.8571429,10.920546270529568
6739.0,0.469951,0.0108325,0.1791067,0.1284994,0.8476035,0.0305683,0.7149373,0.0019004,0.0209046,0.0508658,0.0053212,0.9965792,0.3268398,0.0748441,0.7142857,10.431199791458543
1736.0,0.4855991,0.0547235,0.1013825,0.0851064,0.8312212,0.0046083,0.6821918,0.0054795,0.0589041,0.0897756,0.0493151,0.9821918,0.4426434,0.0436364,0.6666667,10.616461869895815
1054.0,0.4990512,0.0,0.1337761,0.1022727,0.8795066,0.0,0.7251309,0.0078534,0.039267,0.0705596,0.0,0.9973822,0.2384428,0.0638298,0.5454545,10.783135046711445
367.0,0.506812,0.0,0.1117166,0.0662983,0.9400545,0.0,0.8333333,0.0,0.0079365,0.1310345,0.0,1.0,0.3310345,0.0,1.0,10.077482875583607
311.0,0.5209003,0.0,0.1832797,0.0671141,0.9324759,0.0,0.7934783,0.0,0.0217391,0.1559633,0.0,1.0,0.2018349,0.1538462,1.0,10.184937747111391
92.0,0.4456522,0.0,0.2608696,0.1176471,0.8913043,0.0,0.7804878,0.0,0.0243902,0.0681818,0.0,1.0,0.1590909,0.0,0.0,9.615805480084347
1414.0,0.4717115,0.0,0.1202263,0.0990629,0.8585573,0.0,0.6879433,0.0053191,0.037234,0.0391823,0.0,0.9911348,0.3270869,0.0480769,0.3,10.687411927154141
3228.0,0.4860595,0.0111524,0.1620198,0.1084991,0.7726146,0.0099133,0.606488,0.006347,0.0818054,0.0863402,0.0091678,0.9125529,0.3666237,0.0455312,0.0909091,11.769898298682092
8015.0,0.4706176,0.0083593,0.1157829,0.0980438,0.8184654,0.0168434,0.6725352,0.0076825,0.0771447,0.0806357,0.0096031,0.996799,0.4125956,0.0657343,0.4358974,11.595435894542709
17.0,0.4705882,0.0,0.0,0.0,1.0,0.0,1.0,0.0,0.0,0.4444444,0.0,1.0,0.1111111,0.0,0.0,9.615805480084347
5787.0,0.5031968,0.0544323,0.1629514,0.1394783,0.8030067,0.0749957,0.70625,0.0022321,0.0165179,0.0720795,0.0339286,0.9977679,0.3173157,0.0693717,0.625,10.413342705547674
3967.0,0.4597933,0.0713385,0.2185531,0.175455,0.8086715,0.0365516,0.6543665,0.00123,0.0270603,0.1006637,0.0670357,0.9944649,0.3877212,0.1061776,0.8666667,9.83633227734872
6205.0,0.4641418,0.5395649,0.119581,0.1073684,0.9215149,0.0,0.7835562,0.0034671,0.0193165,0.1050532,0.4695394,0.9876176,0.3515071,0.1944444,0.7843137,10.188704088048116
223.0,0.4887892,0.0,0.1121076,0.0614035,0.9237668,0.0,0.8148148,0.0,0.0246914,0.0121951,0.0,1.0,0.0487805,0.0,0.0,10.847412906506923
1373.0,0.4792425,0.01748,0.1405681,0.1090909,0.8747269,0.0,0.7275923,0.0052724,0.0210896,0.045302,0.0105448,0.9753954,0.364094,0.0822785,0.5,10.568775236216993
9799.0,0.4863762,0.0204102,0.1463415,0.123187,0.7866109,0.0383713,0.6455471,0.0050891,0.0651399,0.072238,0.0129771,0.9895674,0.3732295,0.0506964,0.1428571,11.178864319331653
2097.0,0.4430138,0.2241297,0.2584645,0.2200342,0.72103,0.0939437,0.6057692,0.0108173,0.0540865,0.0630631,0.2091346,0.9975962,0.3378378,0.0502793,0.625,11.034905792929415
7518.0,0.4799149,0.0005321,0.0819367,0.0677749,0.9159351,0.0,0.7927019,0.0046584,0.0275621,0.0323065,0.0007764,0.9965062,0.270849,0.0722733,0.3333333,10.843514342086866
970.0,0.5268041,0.0041237,0.1556701,0.08061,0.771134,0.0,0.6275304,0.0,0.0668016,0.779661,0.0060729,0.9919028,0.5539697,0.0212766,0.3068182,11.143324481431074
219.0,0.5114155,0.0,0.3105023,0.2242991,0.7990868,0.0,0.5981308,0.0,0.0093458,0.1083333,0.0,1.0,0.375,0.0526316,0.6666667,9.615805480084347
1609.0,0.4692356,0.0,0.0994406,0.0866511,0.8986948,0.0,0.7589577,0.0032573,0.019544,0.0539291,0.0,1.0,0.2003082,0.0185185,0.5,10.5506169722625
10241.0,0.4705595,0.0008788,0.1805488,0.1433051,0.7962113,0.0119129,0.6199773,0.0052213,0.0519864,0.0331431,0.000681,0.9984109,0.3266023,0.0417966,0.3043478,10.718874489469398
2721.0,0.507534,0.0011025,0.0915105,0.0492537,0.953326,0.0,0.8845714,0.0068571,0.0205714,0.0201568,0.0011429,0.9988571,0.0604703,0.1014493,0.3333333,11.167628403875849
274.0,0.5072993,0.0036496,0.2883212,0.0888889,0.8941606,0.0,0.74,0.0,0.02,0.0196078,0.01,1.0,0.2843137,0.1111111,0.0,10.295563423525277
1755.0,0.4780627,0.0125356,0.0951567,0.0611354,0.9225071,0.0,0.827044,0.0078616,0.0283019,0.0230415,0.0110063,0.9921384,0.1705069,0.0576923,0.0,10.78727575364831
2518.0,0.4563145,0.0007943,0.2370929,0.1811541,0.8145353,0.0615568,0.6958333,0.0020833,0.01875,0.0926276,0.0010417,0.996875,0.2627599,0.0564784,0.4615385,10.150386692204734
1749.0,0.4665523,0.004574,0.2018296,0.1575563,0.8164666,0.0457404,0.6804565,0.0014265,0.0228245,0.0715232,0.0,0.9857347,0.205298,0.0952381,0.75,10.250652418696085
1318.0,0.4423369,0.0,0.2943854,0.2462585,0.7905918,0.0584219,0.6630631,0.0036036,0.0198198,0.1314554,0.0,0.9945946,0.4209703,0.0876289,0.3333333,10.064798252418377
181.0,0.5248619,0.0,0.1823204,0.1162791,0.839779,0.0,0.6315789,0.0,0.0131579,0.1363636,0.0,1.0,0.3522727,0.125,1.0,9.686636660844938
304.0,0.4901316,0.0,0.1644737,0.1225806,0.9111842,0.0,0.7916667,0.0083333,0.0083333,0.3258427,0.0,1.0,0.2921348,0.0,0.0,10.591647316585027
692.0,0.4609827,0.0086705,0.1950867,0.1903485,0.8453757,0.0534682,0.7593985,0.0037594,0.0075188,0.0795848,0.0037594,0.9887218,0.3010381,0.0204082,0.6,10.073272520325904
1708.0,0.4859485,0.0040984,0.118267,0.1025057,0.9338407,0.0,0.8163265,0.0017007,0.0068027,0.0576923,0.0085034,0.872449,0.2740385,0.1958042,0.6,10.510559281627845
4141.0,0.4590679,0.0,0.1376479,0.15,0.8326491,0.0330838,0.6831169,0.0032468,0.0396104,0.0734055,0.0,0.9948052,0.3345367,0.0457256,0.0784314,10.945547126244623
1752.0,0.4891553,0.0057078,0.0759132,0.0625698,0.8972603,0.0,0.7938931,0.0122137,0.0473282,0.0548341,0.0061069,0.9969466,0.3795094,0.0714286,0.75,10.647826772357497
242.0,0.4710744,0.0,0.2024793,0.1796875,0.8016529,0.0,0.6116505,0.0097087,0.0582524,0.112069,0.0,1.0,0.4137931,0.0333333,1.0,9.957075711706057
140.0,0.4785714,0.6928571,0.1285714,0.109589,0.9357143,0.0,0.7906977,0.0,0.0,0.1730769,0.6976744,1.0,0.2692308,0.4444444,0.0,9.61587214452889
6851.0,0.4700044,0.0108013,0.1774923,0.1374277,0.8554955,0.0,0.6973273,0.0031239,0.0308921,0.0600326,0.0083304,0.9961819,0.2632953,0.056582,0.7435897,10.542732775946709
4143.0,0.4738112,0.0004827,0.1663046,0.1353211,0.8474535,0.0137581,0.6875384,0.0012277,0.0356047,0.0610951,0.0,0.9932474,0.3129683,0.0399202,0.2857143,10.823790225800138
1655.0,0.4827795,0.0012085,0.2030211,0.1553738,0.8217523,0.0265861,0.652968,0.0015221,0.0258752,0.0492041,0.0,0.9969559,0.3039074,0.0706522,0.6,10.419330568113901
4390.0,0.4610478,0.376082,0.1637813,0.1563821,0.7813212,0.0968109,0.6879747,0.0044304,0.0177215,0.1128579,0.3373418,0.9981013,0.3498035,0.0998152,0.4117647,10.034559673629849
27310.0,0.4709264,0.0798242,0.1844379,0.1184857,0.8389601,0.0089345,0.6770382,0.0026354,0.0254187,0.0733417,0.0716654,0.993199,0.3401607,0.0489972,0.3137255,10.718874489469398
6156.0,0.4969136,0.0060104,0.0930799,0.087504,0.9272255,0.0,0.8185035,0.0030334,0.0358948,0.0490385,0.0055612,0.9620829,0.2221154,0.1582734,0.6944444,11.519911009143941
2128.0,0.4713346,0.0009398,0.2180451,0.1164444,0.9027256,0.0,0.7747642,0.0023585,0.0141509,0.0252874,0.0023585,0.9976415,0.1126437,0.0743243,0.3333333,10.857093336791094
692.0,0.4812139,0.0,0.1777457,0.1420613,0.8236994,0.0,0.6323024,0.0103093,0.0412371,0.1018519,0.0,0.9965636,0.4475309,0.1617647,0.6666667,10.196194479235656
98962.0,0.4720398,0.0019502,0.0871951,0.0750459,0.9317011,0.0169459,0.830636,0.0022795,0.0176658,0.0920944,0.0025074,0.1592964,0.5398386,0.2791856,0.4705882,10.225607282932941
404.0,0.4851485,0.0,0.1856436,0.1153846,0.8762376,0.0,0.7283951,0.0061728,0.0308642,0.1382979,0.0,1.0,0.2021277,0.1,0.8333333,9.615805480084347
62.0,0.4677419,0.0,0.2580645,0.0606061,0.8870968,0.0,0.7391304,0.0,0.0434783,0.3235294,0.0,1.0,0.4705882,0.0,0.0,9.615805480084347
1914.0,0.4932079,0.0026123,0.1577847,0.1195876,0.8526646,0.0,0.6768061,0.0012674,0.0329531,0.0607143,0.0012674,0.9974651,0.3380952,0.0551181,0.75,10.261196961231647
283.0,0.4664311,0.0,0.3533569,0.2781457,0.6219081,0.2155477,0.5728155,0.0,0.0194175,0.1344538,0.0,1.0,0.4369748,0.03125,1.0,9.61587214452889
324.0,0.4691358,0.0,0.1574074,0.1453488,0.8518519,0.0,0.6511628,0.0,0.0232558,0.14,0.0,0.9922481,0.2333333,0.137931,1.0,9.615805480084347
2599.0,0.4990381,0.0053867,0.2131589,0.0645161,0.8922663,0.0,0.7964225,0.0025554,0.0306644,0.1024465,0.0051107,0.9940375,0.1047401,0.0426829,0.3636364,11.964644189595829
1607.0,0.4915993,0.0192906,0.0920971,0.0648715,0.9377722,0.0,0.8351648,0.0018315,0.014652,0.0553633,0.014652,0.992674,0.183391,0.14,0.6,10.729875458480967
6185.0,0.4693614,0.0333064,0.1576395,0.0441804,0.8926435,0.0535166,0.8661604,0.0018984,0.0175605,0.0290323,0.0317988,0.989084,0.0470046,0.0469799,0.25,12.301387370778713
1145.0,0.4655022,0.0,0.2593886,0.1568627,0.850655,0.0,0.6741344,0.0,0.0183299,0.0700758,0.0,0.9979633,0.2481061,0.0681818,0.6363636,9.867912187022208
6171.0,0.4947334,0.2028845,0.0863717,0.0760103,0.8865662,0.0003241,0.7572907,0.0094073,0.0611477,0.082038,0.1698024,0.9327375,0.2940415,0.2031524,0.5098039,10.591647316585027
1544.0,0.4948187,0.0006477,0.1994819,0.1128205,0.861399,0.0,0.7121951,0.003252,0.0520325,0.3058691,0.0,0.9544715,0.4650113,0.1363636,0.2222222,10.938467575959383
89286.0,0.4835249,0.0055328,0.1798266,0.1269246,0.8482517,0.0027328,0.6717454,0.0017211,0.0380058,0.0402665,0.0051634,0.9778229,0.2146281,0.07893,0.305,10.881832472145556
4271.0,0.462421,0.0042145,0.31749,0.1367596,0.846406,0.0,0.6971307,0.001594,0.0377258,0.2608013,0.0021254,0.9946865,0.1641791,0.0472727,0.6740331,11.884495917930655
724.0,0.4820442,0.0,0.2610497,0.112,0.8839779,0.0055249,0.775974,0.0064935,0.0227273,0.4155598,0.0,0.9967532,0.455408,0.1777778,0.8333333,10.647826772357497
6518.0,0.4808223,0.015649,0.1653882,0.0969267,0.7956428,0.02915,0.6585644,0.0034182,0.0755792,0.0215533,0.01861,0.9863274,0.2954292,0.035409,0.3125,11.649211809228195
5339.0,0.4813636,0.0001873,0.1629519,0.1292886,0.8902416,0.0007492,0.7456055,0.0019531,0.0214844,0.0366886,0.0,0.9980469,0.233302,0.0659341,0.8333333,10.83370091325064
415.0,0.4698795,0.1445783,0.1638554,0.1590909,0.8819277,0.0,0.6993464,0.0,0.0065359,0.1818182,0.1437908,0.9411765,0.4438503,0.1052632,0.8,9.803722464346553
1477.0,0.493568,0.0040623,0.3127962,0.0681818,0.8625592,0.0,0.7340267,0.0029718,0.0312036,0.1650124,0.0029718,0.97474,0.471464,0.04,0.8095238,11.147656555612986
114323.0,0.4756436,0.4125504,0.1376538,0.1135856,0.8300167,0.0310874,0.6810896,0.0027447,0.0377794,0.1155423,0.3604493,0.9650575,0.3342853,0.1051508,0.6054422,10.268165387743457
655.0,0.4870229,0.0305344,0.1877863,0.1666667,0.8687023,0.0,0.7035714,0.0035714,0.0071429,0.1222571,0.025,1.0,0.3605016,0.0422535,0.5,10.118639253920785
7835.0,0.4827058,0.0325463,0.0967454,0.0848754,0.9234205,0.0376516,0.8948291,0.0021911,0.0192813,0.0155306,0.0262927,0.9666959,0.0819672,0.111588,0.5,12.19552218463499
1934.0,0.4855222,0.0,0.1509824,0.1065327,0.9126163,0.0,0.7908232,0.0026991,0.0148448,0.0536398,0.0,0.9959514,0.2349936,0.078125,0.4285714,10.239995502805316
639.0,0.4694836,0.0,0.1001565,0.1032448,0.913928,0.0,0.7702703,0.0,0.018018,0.0711297,0.0,0.990991,0.0794979,0.1290323,0.3333333,10.085850775128717
2523.0,0.4716607,0.0174396,0.3242172,0.1477869,0.8370987,0.0519223,0.7877591,0.005923,0.0513327,0.1297251,0.0138203,0.9812438,0.2216495,0.0606061,0.2777778,11.11395422597838
2924.0,0.4627223,0.00513,0.2222982,0.1667728,0.8351573,0.0386457,0.7012876,0.0025751,0.0145923,0.077593,0.0042918,0.9965665,0.2304038,0.047619,0.8333333,10.261196961231647
18659.0,0.4871644,0.0057345,0.1383783,0.1056537,0.8520821,0.0023581,0.6872312,0.0038978,0.0424731,0.0264329,0.0037634,0.9836022,0.3501701,0.0667539,0.3181818,10.922352923113982
374.0,0.4893048,0.0,0.2165775,0.1832461,0.7941176,0.0,0.5730994,0.0,0.0233918,0.262931,0.0,0.994152,0.4612069,0.0943396,0.7142857,10.278527816830314
2201.0,0.485234,0.0090868,0.1272149,0.1147396,0.8355293,0.0,0.6529412,0.0035294,0.0682353,0.1164241,0.0094118,0.9882353,0.4760915,0.0936255,0.3125,11.551193801680078
1237.0,0.4616006,0.0097009,0.1649151,0.1381381,0.8593371,0.0,0.6812227,0.0065502,0.0480349,0.0691057,0.0021834,0.9956332,0.2398374,0.0737705,0.5,10.675931008412125
496.0,0.4556452,0.9112903,0.1330645,0.1296296,0.8709677,0.0,0.6783626,0.005848,0.0467836,0.2083333,0.9532164,0.9532164,0.3796296,0.1568627,0.8888889,9.758519582283522
3131.0,0.4615139,0.0076653,0.1465985,0.1026097,0.8482913,0.0,0.6824,0.0016,0.0528,0.0465294,0.0096,0.9904,0.2654462,0.0301075,0.0,11.167628403875849
608.0,0.4736842,0.0526316,0.1858553,0.15625,0.8717105,0.0,0.718254,0.0,0.0277778,0.106383,0.0396825,1.0,0.3120567,0.14,0.3333333,9.809231816610408
3701.0,0.4469062,0.467171,0.1848149,0.1748901,0.8265334,0.0586328,0.7034332,0.0014609,0.0102264,0.0903654,0.4360847,0.9978086,0.3129568,0.1105991,0.4444444,10.31231367277647
19082.0,0.4895713,0.0515669,0.1060685,0.0771047,0.8771093,0.0149355,0.7445727,0.0078522,0.0444958,0.1227715,0.0469592,0.7308699,0.4386818,0.1559294,0.5365854,10.768506042432708
2005.0,0.4842893,0.0004988,0.125187,0.0841393,0.9112219,0.0069825,0.7946824,0.0044313,0.0221566,0.0314735,0.0,0.9970458,0.1344778,0.1829268,0.625,10.081675578048475
2919.0,0.4652278,0.0013703,0.2655019,0.1633568,0.8674203,0.0,0.703974,0.000811,0.0162206,0.318408,0.0024331,0.6374696,0.3814262,0.163522,0.9553073,10.110542371500753
157.0,0.5350318,0.0,0.1528662,0.1643836,0.9171975,0.0,0.7735849,0.0,0.0188679,0.1311475,0.0,1.0,0.2131148,0.0,0.0,9.770013301136158
844.0,0.4609005,0.0,0.1279621,0.1098901,0.8803318,0.0,0.721875,0.003125,0.034375,0.0419162,0.0,0.9875,0.3263473,0.122449,0.0,10.477316144080852
957.0,0.46186,0.0031348,0.1964472,0.176699,0.8422153,0.0741902,0.7909091,0.0090909,0.0242424,0.0883978,0.0030303,0.9848485,0.2320442,0.0576923,0.6,10.130662964963708
82585.0,0.4608827,0.0207907,0.1488285,0.0936595,0.7533087,0.0724224,0.6744186,0.0017994,0.1012052,0.0341673,0.0163979,0.9866237,0.1995278,0.0488098,0.4495413,12.319852122072682
65410.0,0.4717933,0.0050757,0.1571625,0.1098987,0.7869133,0.0064822,0.607536,0.0023991,0.0691857,0.0280835,0.0048335,0.9911092,0.2908137,0.0290315,0.2704403,11.031674824544641
3167.0,0.4859488,0.0331544,0.088096,0.0718673,0.9150616,0.0,0.8054101,0.0069808,0.0253054,0.0288136,0.0279232,0.9895288,0.2364407,0.0833333,0.625,10.709985739582528
42.0,0.5238095,0.0,0.1190476,0.0,0.8571429,0.0,0.6428571,0.0,0.0714286,0.1764706,0.0,1.0,0.9411765,0.3333333,1.0,9.615805480084347
82.0,0.6219512,0.0,0.2073171,0.1290323,0.902439,0.0,0.75,0.0,0.0,0.2380952,0.0,1.0,0.3333333,0.0,0.0,9.615805480084347
651.0,0.4777266,0.1182796,0.1597542,0.1,0.9400922,0.0,0.835443,0.0,0.0,0.0246914,0.1139241,0.9957806,0.1851852,0.1851852,0.0,10.428245666832275
8319.0,0.4795047,0.0020435,0.0839043,0.0762125,0.9114076,0.0086549,0.8008299,0.0048409,0.0231674,0.0712909,0.0010373,0.992047,0.3105331,0.0928177,0.3283582,10.740756721857226
4934.0,0.4748683,0.0263478,0.147953,0.1227325,0.8660316,0.0038508,0.7083544,0.0050633,0.0243038,0.0826753,0.0268354,0.9959494,0.2763586,0.0864,0.7096774,10.254179634797001
7217.0,0.4744354,0.0363032,0.1558819,0.1278671,0.8464736,0.0199529,0.7019799,0.0041681,0.0281348,0.1103214,0.0309135,0.9965266,0.3658838,0.0566706,0.4202899,10.529452721013085
9214.0,0.4690688,0.0005427,0.1383764,0.1118152,0.8641198,0.0125895,0.7135991,0.0042409,0.0271416,0.0330782,0.0002827,0.9954764,0.279661,0.069723,0.2692308,10.606609816118151
4646.0,0.4530779,0.154972,0.1870426,0.1511216,0.8659062,0.0,0.7028986,0.0015528,0.0196687,0.0707071,0.1381988,0.9989648,0.3501684,0.1220826,0.8125,10.169728906753061
12430.0,0.5041834,0.0031376,0.1185036,0.09914,0.6254224,0.1296058,0.5548303,0.0032637,0.1444735,0.0652837,0.0015231,0.8977372,0.4130567,0.0539637,0.3333333,11.094390314766315
8064.0,0.4778026,0.0695685,0.1669147,0.1358347,0.8250248,0.0024802,0.6306663,0.0015211,0.0413751,0.0323815,0.0596288,0.9945239,0.2790698,0.058382,0.2173913,11.2922912626048
62.0,0.4354839,0.0,0.2419355,0.2285714,0.7741935,0.0,0.4814815,0.0,0.0,0.2058824,0.0,1.0,0.3529412,0.0,1.0,9.635673464721814
103.0,0.5048544,0.0,0.2912621,0.1764706,0.8446602,0.0,0.6444444,0.0,0.0,0.296875,0.0,1.0,0.28125,0.2222222,0.7,9.615805480084347
89.0,0.4719101,0.0,0.247191,0.212766,0.8426966,0.0,0.6578947,0.0,0.0263158,0.1162791,0.0,1.0,0.255814,0.0,1.0,9.615805480084347
16362.0,0.4550788,0.130852,0.1966752,0.156236,0.7840729,0.0415597,0.6385266,0.0037265,0.0381253,0.0652465,0.1132292,0.9929769,0.3996517,0.0591816,0.35,10.614007941153417
153.0,0.5163399,0.0,0.1503268,0.0810811,0.8366013,0.0261438,0.7391304,0.0,0.0434783,0.9165659,0.0,1.0,0.6529625,0.0,1.0,11.34333452885509
25276.0,0.4935512,0.0376246,0.0997784,0.0888212,0.8356148,0.0399193,0.7129792,0.0031657,0.0590925,0.1555446,0.0415055,0.4504631,0.4345545,0.1333696,0.7647059,10.214678610538817
1784.0,0.5022422,0.0,0.0767937,0.0844595,0.9372197,0.0,0.8327974,0.0016077,0.011254,0.0660661,0.0,0.9951768,0.3333333,0.0769231,1.0,9.615805480084347
1598.0,0.5018773,0.0068836,0.0663329,0.0603015,0.9286608,0.0,0.8243243,0.0057915,0.0328185,0.1145299,0.003861,0.9864865,0.1948718,0.2457627,0.5,10.385944565501662
88.0,0.5,0.0,0.25,0.1590909,0.8863636,0.0,0.7058824,0.0,0.0,0.1052632,0.0,1.0,0.0526316,0.0,0.0,9.615805480084347
5619.0,0.4527496,0.0026695,0.2228154,0.1866667,0.7867948,0.0485852,0.6530789,0.0069384,0.0346921,0.0761218,0.0,0.9952298,0.3405449,0.0662739,0.6888889,10.243560441877241
15307.0,0.4931731,0.0928333,0.0770236,0.0725703,0.8684262,0.0075782,0.7444587,0.0031141,0.0710753,0.0253526,0.0873786,0.9855285,0.1753258,0.0701187,0.2857143,11.279744203985432
22286.0,0.4706094,0.2507852,0.1568698,0.1057806,0.8478417,0.0124293,0.6958857,0.0042286,0.0420571,0.0637706,0.2328,0.9918857,0.2907126,0.0682569,0.437037,10.725489582719506
2555.0,0.4340509,0.2450098,0.2313112,0.2275242,0.8050881,0.0547945,0.6590909,0.0009881,0.0108696,0.0698529,0.2243083,0.9990119,0.2840074,0.1069652,0.2857143,10.214678610538817
1673.0,0.4512851,0.4584579,0.1470412,0.1481481,0.8786611,0.0059773,0.7088608,0.0015823,0.0110759,0.1073446,0.3939873,0.9936709,0.3841808,0.1558442,0.3333333,10.106469212026385
468.0,0.4893162,0.0,0.1474359,0.1213389,0.8803419,0.0,0.7126437,0.0057471,0.0287356,0.0984456,0.0,1.0,0.3367876,0.1551724,0.3333333,10.122663242288953
1747.0,0.4733829,0.0005724,0.136806,0.0978261,0.8609044,0.0165999,0.7263314,0.0,0.0325444,0.0384068,0.0,0.9763314,0.4807966,0.122449,0.0,10.881832472145556
7438.0,0.4643721,0.0077978,0.1486959,0.1091867,0.8082818,0.00363,0.608254,0.0038095,0.0450794,0.0608229,0.0079365,0.9949206,0.3553965,0.020712,0.1904762,11.203692838488003
608.0,0.4917763,0.0,0.1414474,0.0906149,0.9276316,0.0,0.798995,0.0,0.0201005,0.1877551,0.0,0.9899497,0.2163265,0.3076923,0.6153846,10.376642461280849
5686.0,0.4711572,0.0007035,0.1619768,0.1137346,0.8661625,0.009497,0.7113174,0.0022104,0.020336,0.1286595,0.0004421,0.989832,0.3540062,0.0822511,0.7906977,10.518700218288165
1025.0,0.4878049,0.0019512,0.2634146,0.1809524,0.7834146,0.0536585,0.6376147,0.0,0.0183486,0.202925,0.0045872,0.7981651,0.464351,0.0886076,0.6521739,9.787009914477434
2867.0,0.4792466,0.0101151,0.1102197,0.0864032,0.8402511,0.0038368,0.698915,0.0063291,0.0696203,0.0522708,0.0126582,0.9954792,0.2862039,0.0305085,0.3333333,11.790564777297387
3884.0,0.4147786,0.0028321,0.4940783,0.3035636,0.6851184,0.0648816,0.5298468,0.0036978,0.034337,0.1178938,0.0031696,0.9862652,0.6877912,0.0203139,0.3571429,10.881832472145556
364.0,0.4395604,0.0027473,0.2747253,0.2647059,0.739011,0.1978022,0.8137255,0.0,0.0392157,0.0192308,0.0,1.0,0.1826923,0.24,0.0,10.687411927154141
515.0,0.4737864,0.0,0.1184466,0.0774908,0.9300971,0.0,0.8142077,0.0,0.010929,0.056701,0.0,1.0,0.314433,0.2040816,0.0,10.169728906753061
11077.0,0.4802744,0.1224158,0.0802564,0.0724336,0.9195631,0.0069513,0.8126452,0.0020645,0.0175484,0.0336658,0.1130323,0.9950968,0.1987531,0.0740741,0.4545455,11.017004873924424
724.0,0.4792818,0.0,0.2955801,0.1193634,0.8687845,0.0,0.7467949,0.0032051,0.0448718,0.1111111,0.0,0.9839744,0.1139601,0.0597015,0.625,11.041336579870135
1227.0,0.4898126,0.000815,0.0700896,0.0670927,0.8508557,0.0,0.7115789,0.0,0.0863158,0.0667976,0.0021053,0.9663158,0.3634578,0.0955414,0.6363636,11.050905878263567
1617.0,0.4799011,0.0037106,0.1428571,0.0844233,0.8620903,0.0,0.7100775,0.0031008,0.0496124,0.0256798,0.0031008,0.9875969,0.2839879,0.0612245,0.0,10.950824090522445
10513.0,0.4548654,0.2113574,0.1754019,0.1561682,0.8320175,0.0226386,0.6789779,0.0039489,0.0250871,0.0659579,0.1911731,0.9955865,0.3636364,0.0647598,0.462963,10.463131911491967
942.0,0.5106157,0.0116773,0.1199575,0.0737527,0.9076433,0.0,0.7893258,0.008427,0.0252809,0.1032746,0.005618,1.0,0.3224181,0.1282051,0.0,10.118639253920785
17192.0,0.491275,0.0058167,0.1079572,0.0878116,0.8072359,0.0447301,0.6792305,0.0059431,0.0628714,0.0595676,0.0023459,0.9942133,0.4065304,0.0514837,0.3548387,11.107975224295076
343.0,0.4781341,0.0,0.2069971,0.122905,0.8688047,0.0,0.6986301,0.0,0.0068493,0.2588832,0.0,0.9863014,0.284264,0.0909091,1.0,9.87822102528824
584.0,0.4811644,0.0,0.2071918,0.1419142,0.8869863,0.0,0.75,0.0041667,0.0166667,0.0804598,0.0,0.9958333,0.1992337,0.0857143,0.3333333,9.711176264112805
21460.0,0.4945014,0.1299161,0.0962255,0.0676622,0.9068034,0.0098322,0.7951234,0.0052037,0.0380613,0.1333591,0.1412429,0.73595,0.4032985,0.2001977,0.4333333,11.433893080082035
134.0,0.5074627,0.0,0.0895522,0.1212121,0.9328358,0.0,0.8125,0.0,0.0,0.0204082,0.0,1.0,0.1632653,0.0909091,0.0,10.077482875583607
27957.0,0.509926,0.1033373,0.0495046,0.0526969,0.8543835,0.0234646,0.7491826,0.0055901,0.0807932,0.0733972,0.0937665,0.961502,0.2348514,0.124183,0.1888112,11.666513129191083
418.0,0.4712919,0.0,0.1746411,0.1266968,0.8923445,0.0,0.7414966,0.0068027,0.0272109,0.0454545,0.0,0.9387755,0.2207792,0.1111111,0.5,10.229223792606835
1008.0,0.4761905,0.0734127,0.1269841,0.1477273,0.889881,0.0,0.7323232,0.0,0.0126263,0.1020408,0.0757576,0.9949495,0.3469388,0.03125,0.1,9.758519582283522
4239.0,0.4142486,0.2368483,0.0898797,0.0720902,0.5602736,0.2753008,0.6003197,0.0047962,0.1159073,0.043578,0.2110312,0.9936051,0.3715596,0.0443686,0.25,10.611547975828369
32.0,0.5,0.0,0.21875,0.125,0.84375,0.0,0.7333333,0.0,0.0666667,0.1666667,0.0,1.0,0.1666667,0.0,1.0,9.615805480084347
74.0,0.4864865,0.0,0.2567568,0.2105263,0.8513514,0.0,0.65625,0.0,0.0,0.255814,0.0,1.0,0.2093023,0.0,0.0,9.615805480084347
1408.0,0.4730114,0.0021307,0.1754261,0.1132075,0.865767,0.0049716,0.7022059,0.0055147,0.0257353,0.1473354,0.0018382,0.9485294,0.4968652,0.1448276,0.7307692,10.229223792606835
929.0,0.4790097,0.0,0.1302476,0.0909091,0.9128095,0.0,0.7824859,0.0,0.0084746,0.0458221,0.0,1.0,0.1401617,0.0517241,0.0,10.55843949396453
44.0,0.3409091,0.7954545,0.1590909,0.1034483,0.6363636,0.0,0.4444444,0.0555556,0.1111111,0.0526316,0.7777778,1.0,0.4210526,0.0,0.0,10.021315031649332
2332.0,0.4802744,0.0021441,0.4777015,0.1311881,0.8765009,0.0034305,0.7730435,0.0,0.0165217,0.3908898,0.0008696,0.9982609,0.4952331,0.0502513,0.6764706,10.793454842740767
459.0,0.4749455,0.0,0.1198257,0.1120332,0.9150327,0.0,0.7743902,0.0,0.0060976,0.0888889,0.0,0.9878049,0.3444444,0.1698113,0.75,9.615805480084347
1282.0,0.4641186,0.3627145,0.1341654,0.1484716,0.8822153,0.0,0.6955603,0.0,0.0147992,0.1568627,0.3171247,0.9894292,0.5365419,0.1767442,0.8,9.76428295481558
148.0,0.4797297,0.0,0.0878378,0.1298701,0.8108108,0.0,0.6271186,0.0338983,0.0338983,0.0483871,0.0,0.9830508,0.2258065,0.5,0.0,9.615805480084347
1203.0,0.4829593,0.0,0.159601,0.1141479,0.8869493,0.0,0.7520661,0.0020661,0.0289256,0.0261569,0.0,0.9896694,0.1488934,0.0677966,0.0,10.943781931879723
96397.0,0.4625663,0.2426943,0.170607,0.1411971,0.7916636,0.0201562,0.6240068,0.0041921,0.0531075,0.0755678,0.2072386,0.9944675,0.3393115,0.0649584,0.4201878,10.596659732783579
1127.0,0.4747116,0.0017746,0.1118012,0.0760135,0.8873114,0.0106477,0.745,0.0,0.0325,0.0825688,0.0025,0.995,0.2408257,0.1709402,0.3333333,9.918425424900335
47.0,0.4893617,0.0,0.1702128,0.0833333,0.9148936,0.0,0.7777778,0.0,0.0,0.2173913,0.0,1.0,0.3043478,0.2857143,1.0,9.635673464721814
234.0,0.482906,0.2863248,0.1752137,0.1900826,0.8803419,0.0,0.7096774,0.0,0.0107527,0.0970874,0.2150538,1.0,0.2135922,0.2083333,0.5,10.275085591132715
7838.0,0.4524113,0.0003828,0.2429191,0.1740447,0.7057923,0.0335545,0.5406861,0.0045364,0.0836405,0.057204,0.0,0.9954636,0.4808875,0.032445,0.5833333,10.55843949396453
1226.0,0.4845024,0.0016313,0.1272431,0.0838608,0.8874388,0.0,0.7526882,0.0086022,0.0344086,0.0510204,0.0021505,0.9978495,0.2816327,0.0993377,0.3333333,11.230575816507569
4069.0,0.4770214,0.0140084,0.2005407,0.1715226,0.7820103,0.0176948,0.5974172,0.0039304,0.048849,0.0531632,0.0129141,0.9943852,0.4247741,0.0369541,0.4,11.39640288460621
3899.0,0.5050013,0.0066684,0.0887407,0.065285,0.9048474,0.0074378,0.7926398,0.0021231,0.0261854,0.1467391,0.0028309,0.985138,0.3611111,0.1371429,0.8,10.891186902297498
899.0,0.4649611,0.0,0.1679644,0.1247401,0.8565072,0.0,0.6842105,0.0083102,0.0249307,0.0647668,0.0,0.9861496,0.2253886,0.125,0.125,10.003378135350923
1583.0,0.4662034,0.0101074,0.1547694,0.1668639,0.8427037,0.0,0.6960486,0.0045593,0.0471125,0.0422125,0.0106383,0.9802432,0.294032,0.0854701,0.0,10.757924157061597
215.0,0.4930233,0.0,0.1953488,0.1009174,0.9209302,0.0,0.7875,0.0,0.0,0.0588235,0.0,1.0,0.1411765,0.0,0.0,10.268165387743457
122.0,0.4918033,0.0,0.2459016,0.1129032,0.8442623,0.0,0.6603774,0.0,0.0188679,0.4479167,0.0,0.9433962,0.34375,0.0,0.75,10.596659732783579
160.0,0.50625,0.0,0.28125,0.1265823,0.81875,0.0,0.6056338,0.0,0.0140845,0.1744186,0.0,1.0,0.2674419,0.0526316,1.0,9.615805480084347
24587.0,0.4912352,0.007443,0.0565339,0.0373331,0.885712,0.0029284,0.7574241,0.0022244,0.0497164,0.0311422,0.0071182,0.9938828,0.1840517,0.03083,0.575,11.364437057512568
8395.0,0.4896962,0.0102442,0.1242406,0.06676,0.942704,0.0121501,0.8794788,0.0,0.0141151,0.0174253,0.0083243,0.9942092,0.022404,0.0841121,0.4666667,11.769124610238766
9410.0,0.4649309,0.0034006,0.2584485,0.1962264,0.7368757,0.0356004,0.5571692,0.0032273,0.0405717,0.078198,0.0016136,0.9974643,0.3975776,0.0240506,0.7446809,10.188704088048116
1329.0,0.4928518,0.013544,0.0737397,0.0682493,0.9247555,0.0120391,0.8322148,0.0,0.0201342,0.0802469,0.0089485,0.9955257,0.244856,0.0833333,0.6666667,10.891186902297498
2532.0,0.4308847,0.0189573,0.2290679,0.1866759,0.8112164,0.049763,0.6783626,0.0019493,0.0155945,0.0706522,0.0185185,0.9922027,0.4057971,0.0390625,0.8823529,10.106469212026385
1039.0,0.4773821,0.0,0.1559192,0.1141805,0.8229066,0.0,0.6511628,0.0069767,0.0511628,0.0772532,0.0,0.9953488,0.3497854,0.0606061,0.5,10.422311107413181
1219.0,0.511895,0.0442986,0.1566858,0.0991597,0.8974569,0.0311731,0.8143236,0.005305,0.0318302,0.2129436,0.0424403,0.7214854,0.4551148,0.2711864,0.6666667,10.094149233605084
60946.0,0.4860368,0.0434483,0.0904899,0.0733623,0.8305549,0.007925,0.680766,0.0047044,0.0754371,0.1083559,0.0386761,0.8500833,0.3539478,0.0662685,0.3145917,10.96302978336854
40.0,0.525,0.0,0.15,0.0526316,0.875,0.0,0.7333333,0.0,0.0666667,0.3478261,0.0,1.0,0.2608696,0.0,0.0,9.746892220313054
4472.0,0.523703,0.0033542,0.0711091,0.0577465,0.7001342,0.0169946,0.5403397,0.0053079,0.1571125,0.157424,0.0021231,0.9867304,0.5447227,0.0582227,0.1111111,11.381688580803818
2399.0,0.4414339,0.0500208,0.1942476,0.2029851,0.8061692,0.0687787,0.6982942,0.0010661,0.0181237,0.0767717,0.0426439,0.9946695,0.3307087,0.0529412,0.5,10.328787967145063
2905.0,0.4974182,0.0099828,0.0760757,0.0684932,0.9067126,0.0,0.7873346,0.0056711,0.0349716,0.0815972,0.0066163,0.9914934,0.3237847,0.144,0.3333333,10.659633006160352
751.0,0.4540613,0.0,0.3302264,0.2341463,0.7376831,0.081225,0.581761,0.0,0.009434,0.0728863,0.0,1.0,0.3411079,0.0123457,0.6666667,9.61587214452889
26879.0,0.4875553,0.0047249,0.1073701,0.0932917,0.9235091,0.0052457,0.8224419,0.0024419,0.0313953,0.0279191,0.0022093,0.9684884,0.2058325,0.09839,0.4358974,11.804855999911272
22840.0,0.4880473,0.0188704,0.1054729,0.0856068,0.9305166,0.0,0.8362595,0.0046071,0.024779,0.0167728,0.0159382,0.9948948,0.1149608,0.1343284,0.2368421,10.5815464756746
560.0,0.5017857,0.0,0.1928571,0.1612903,0.8339286,0.0,0.6359649,0.0,0.0350877,0.1058824,0.0,0.9912281,0.3215686,0.0625,0.8571429,10.077482875583607
1058.0,0.5302457,0.0075614,0.120983,0.082495,0.6814745,0.0,0.4890656,0.0119284,0.1312127,0.3895631,0.0079523,0.9582505,0.6480583,0.0438596,0.3684211,11.410903813540878
2055.0,0.4690998,0.0540146,0.1187348,0.1054079,0.8978102,0.0,0.7617187,0.0026042,0.03125,0.0857143,0.0572917,1.0,0.2333333,0.0862069,0.2857143,10.357774570341576
102.0,0.5294118,0.0,0.1666667,0.1041667,0.9117647,0.0,0.775,0.0,0.0,0.1304348,0.0,0.975,0.173913,0.1111111,0.0,9.787009914477434
1301.0,0.4673328,0.0,0.1652575,0.1284271,0.8570331,0.0,0.6812144,0.0037951,0.028463,0.0504505,0.0,0.971537,0.2684685,0.0816327,0.2,10.114599007626499
8182.0,0.4919335,0.3232706,0.0537766,0.0574934,0.9531899,0.0047666,0.8956646,0.0066698,0.0328728,0.0591663,0.2901382,0.8589805,0.1340206,0.42,0.6976744,11.464795582766675
2580.0,0.4879845,0.0197674,0.1693798,0.0938683,0.8736434,0.0,0.759887,0.0037665,0.0546139,0.0265811,0.0188324,0.9952919,0.1741522,0.1268657,0.0,11.020283511637867
11492.0,0.5160111,0.2466934,0.1230421,0.1452715,0.4369997,0.4812043,0.6541176,0.0015686,0.0196078,0.1234101,0.04,0.9552941,0.3516672,0.1116122,0.75,10.173552856959743
1158.0,0.4827288,0.0034542,0.1027634,0.066778,0.9404145,0.0,0.8350254,0.0,0.0101523,0.0574163,0.0025381,0.9568528,0.215311,0.1149425,0.5,10.823790225800138
185.0,0.4918919,0.0054054,0.0378378,0.0425532,0.8486486,0.0,0.71875,0.03125,0.109375,0.0447761,0.015625,1.0,0.2686567,0.0,0.0,9.615805480084347
2832.0,0.5042373,0.0010593,0.1341808,0.0569801,0.9011299,0.0028249,0.785782,0.0037915,0.036019,0.0285451,0.0018957,0.9933649,0.1998158,0.1302083,0.75,10.857093336791094
1027.0,0.4761441,0.0,0.1295034,0.0910781,0.9084713,0.0,0.7963446,0.0052219,0.0339426,0.0448878,0.0,0.9895561,0.1670823,0.1176471,0.3333333,10.63106031411106
223.0,0.4887892,0.0,0.3991031,0.3245614,0.7713004,0.0,0.5714286,0.0,0.0,0.25625,0.0,1.0,0.2875,0.0434783,0.6666667,9.615805480084347
639.0,0.5039124,0.0,0.084507,0.0504732,0.9327074,0.0,0.811828,0.016129,0.0268817,0.0606061,0.0,0.9086022,0.1919192,0.3448276,0.5714286,10.729875458480967
1854.0,0.4994606,0.0183387,0.2173679,0.0797414,0.9039914,0.0,0.7963918,0.0025773,0.0219072,0.3998453,0.0115979,0.9987113,0.3271462,0.0853659,0.625,10.934908916663861
1033.0,0.4666021,0.0106486,0.1452081,0.1125227,0.8344627,0.0242014,0.7013699,0.0109589,0.0575342,0.0641026,0.0082192,0.9972603,0.1846154,0.1698113,0.6,10.225607282932941
912.0,0.4616228,0.0010965,0.1195175,0.1283096,0.8782895,0.0,0.7270115,0.0114943,0.0229885,0.0491803,0.0,1.0,0.1967213,0.1323529,0.8571429,10.698762529141884
568.0,0.4947183,0.0,0.1073944,0.1184669,0.9084507,0.0,0.7598039,0.004902,0.0098039,0.0511628,0.0,1.0,0.2418605,0.1428571,1.0,10.158168529848494
451.0,0.4988914,0.0,0.0509978,0.0530973,0.8713969,0.0221729,0.7423313,0.006135,0.0306748,0.2087379,0.0,1.0,0.461165,0.1470588,1.0,11.147656555612986
1464.0,0.488388,0.0075137,0.2192623,0.1602136,0.8230874,0.0389344,0.6695502,0.0017301,0.0155709,0.116208,0.0051903,0.9948097,0.3211009,0.0568182,0.6666667,10.389026137075234
708.0,0.4858757,0.0,0.170904,0.1208791,0.8870056,0.0,0.7526882,0.0107527,0.0250896,0.0912052,0.0,1.0,0.2703583,0.1621622,1.0,9.867912187022208
1978.0,0.4797776,0.0055612,0.0975733,0.0738581,0.9393327,0.0,0.8433048,0.0014245,0.0128205,0.025,0.0042735,0.997151,0.1347222,0.0789474,0.5714286,11.150534214035387
6419.0,0.4955601,0.0152672,0.0852158,0.0549722,0.8806668,0.0,0.7279412,0.0043253,0.0484429,0.045417,0.0142734,0.9649654,0.4029727,0.0748731,0.5,11.010415172807951
1037.0,0.4561234,0.0,0.2632594,0.2003546,0.8187078,0.0289296,0.6591422,0.0,0.0158014,0.181146,0.0,1.0,0.3031423,0.0900901,0.8666667,9.615805480084347
216.0,0.4861111,0.0046296,0.162037,0.1081081,0.8425926,0.0,0.6333333,0.0,0.0111111,0.1509434,0.0111111,1.0,0.2169811,0.2380952,0.0,9.6678285081515
215.0,0.5069767,0.0,0.1860465,0.0754717,0.8697674,0.0,0.702381,0.0,0.0357143,0.125,0.0,1.0,0.2604167,0.1111111,1.0,9.615805480084347
2894.0,0.4982723,0.5722184,0.1050449,0.0860882,0.9156876,0.0,0.7795276,0.0067492,0.0371204,0.0710554,0.5433071,0.943757,0.2810867,0.2,0.6,10.318935994253193
2431.0,0.4648293,0.0041135,0.1357466,0.1053036,0.8362814,0.0242698,0.7042889,0.0112867,0.0632054,0.0503751,0.0022573,0.9774266,0.4180064,0.0991501,0.125,10.6782377612977
87.0,0.5057471,0.0,0.1494253,0.1395349,0.8735632,0.0,0.7142857,0.0,0.0285714,0.1666667,0.0,1.0,0.3095238,0.0,0.0,9.615805480084347
8686.0,0.4857242,0.0343081,0.1775271,0.0832774,0.8438867,0.0002303,0.7024698,0.0037335,0.0617461,0.0462887,0.0333142,0.9322229,0.2495207,0.0961313,0.1029412,12.337982098521458
1977.0,0.4527061,0.0005058,0.2104198,0.1903882,0.8052605,0.0429944,0.6415094,0.0080863,0.0309973,0.0511509,0.0,0.9865229,0.3094629,0.0735931,0.0,10.225607282932941
11824.0,0.4750507,0.0012686,0.2007781,0.1553085,0.8193505,0.0183525,0.6649808,0.0040461,0.0410682,0.0873338,0.0008092,0.9959539,0.3517356,0.0349614,0.5849057,10.825780236605917
14814.0,0.4904145,0.0520454,0.081342,0.063982,0.9116376,0.0,0.797976,0.0035607,0.0341079,0.0321059,0.0462894,0.9956897,0.1706875,0.0667276,0.3448276,10.900454637442037
388.0,0.4819588,0.0,0.1108247,0.0895522,0.9329897,0.0,0.8167939,0.0,0.0152672,0.0437956,0.0,1.0,0.1386861,0.1764706,0.0,10.853232402669228
1031.0,0.4684772,0.0,0.2657614,0.1806569,0.814743,0.0,0.6183369,0.0021322,0.021322,0.1233645,0.0,0.9957356,0.2504673,0.0932203,0.3636364,9.746892220313054
5776.0,0.4797438,0.0017313,0.1327909,0.115807,0.8679017,0.0308172,0.7585693,0.0054645,0.0342772,0.0522599,0.0009935,0.9662196,0.2288136,0.1043165,0.4347826,10.591647316585027
12174.0,0.4887465,0.0036964,0.1290455,0.0633033,0.9277969,0.0,0.8188186,0.0009339,0.0196124,0.0433326,0.0014009,0.9953304,0.0839848,0.0667939,0.4509804,12.708969922854033
3967.0,0.5059239,0.0047895,0.047391,0.0331633,0.28485,0.395513,0.4097065,0.0022573,0.3905192,0.1688555,0.006772,0.9954853,0.5262664,0.0344203,0.0,11.275949181024878
5042.0,0.4932566,0.0001983,0.0676319,0.0344423,0.9438715,0.0,0.8431373,0.0013523,0.0263692,0.0494859,0.0006761,0.9871535,0.1715938,0.1234043,0.4285714,11.527823929632195
65.0,0.5384615,0.0,0.1692308,0.0333333,0.8615385,0.0,0.6785714,0.0,0.0,0.125,0.0,1.0,0.125,0.0,1.0,10.021315031649332
211.0,0.478673,0.2085308,0.1374408,0.1272727,0.8578199,0.0,0.7093023,0.0,0.0581395,0.14,0.1976744,0.9883721,0.36,0.0,0.0,9.615805480084347
1586.0,0.4514502,0.0208071,0.259773,0.2229885,0.8083228,0.0554855,0.6875,0.0015625,0.0203125,0.0844063,0.01875,0.9984375,0.211731,0.0608108,0.5714286,10.030164255362632
106.0,0.4716981,0.0377358,0.2169811,0.1785714,0.8113208,0.0,0.6086957,0.0,0.0434783,0.1636364,0.0217391,1.0,0.2545455,0.0,0.0,9.615805480084347
8857.0,0.5158632,0.0654849,0.1791803,0.0991138,0.7631252,0.0140002,0.6209514,0.0058198,0.1032389,0.2411674,0.0506073,0.9106781,0.6793395,0.083639,0.3023256,11.46374572492597
74.0,0.5,0.0,0.0810811,0.0810811,0.8648649,0.0,0.7142857,0.0,0.0714286,0.0666667,0.0,1.0,0.4333333,0.5,0.0,9.994287576862567
360.0,0.4722222,0.0,0.2111111,0.1684211,0.8638889,0.0,0.6737589,0.0070922,0.0141844,0.1349693,0.0,1.0,0.2576687,0.15625,0.0,9.615805480084347
1136.0,0.4612676,0.0,0.2482394,0.1683007,0.846831,0.0,0.6626263,0.0020202,0.0121212,0.0900735,0.0,1.0,0.2904412,0.031746,0.75,9.908524844053396
4754.0,0.473496,0.0136727,0.2257047,0.1370356,0.8697939,0.0361801,0.7732491,0.0011481,0.0258324,0.0124717,0.0114811,0.9936854,0.0521542,0.0518868,0.2,11.823354355742923
4754.0,0.4625578,0.2002524,0.1327303,0.1127202,0.8767354,0.0021035,0.7271285,0.0047594,0.0222105,0.062469,0.1813855,0.9931253,0.3292018,0.0590164,0.5,10.682835364853922
15550.0,0.4713183,0.0257878,0.1735691,0.1447512,0.8296463,0.0237942,0.677193,0.0044657,0.0295056,0.0617986,0.0264753,0.9963317,0.353883,0.0816938,0.4680851,10.239995502805316
684.0,0.4780702,0.0,0.1520468,0.1372549,0.8289474,0.0321637,0.7154472,0.0081301,0.097561,0.0955882,0.0,0.9918699,0.3713235,0.0636364,1.0,11.03005541721757
818.0,0.4669927,0.0,0.0599022,0.0481651,0.9205379,0.0,0.8158845,0.0108303,0.032491,0.1121795,0.0,0.9819495,0.2884615,0.109589,0.3076923,10.887455624298198
5463.0,0.490756,0.018305,0.1524803,0.1139468,0.8411129,0.0,0.6968864,0.0128205,0.0677656,0.1438652,0.0164835,0.9903846,0.4437475,0.0988593,0.2619048,10.491301994830229
8247.0,0.4612586,0.0044865,0.1533891,0.1251407,0.7355402,0.043531,0.570784,0.0053582,0.0673999,0.0591669,0.0031021,0.9870276,0.3600425,0.0378837,0.5526316,11.246365410473757
11157.0,0.4745003,0.0028682,0.1882226,0.1270681,0.8507663,0.0025993,0.6976893,0.0029953,0.0387249,0.0402464,0.0027813,0.9946513,0.2595483,0.0267857,0.3902439,11.305913595583258
5827.0,0.4714261,0.0580058,0.1199588,0.1012987,0.8493221,0.0173331,0.7075351,0.0017029,0.0344828,0.099655,0.0472542,0.9902086,0.3392104,0.0548098,0.0993377,11.230575816507569
311.0,0.5016077,0.0,0.0771704,0.0903226,0.8649518,0.0,0.7155963,0.0275229,0.0366972,0.0438596,0.0,1.0,0.1754386,0.0625,0.0,10.275085591132715
1138.0,0.5043937,0.0,0.1045694,0.0780142,0.900703,0.0,0.7729469,0.0072464,0.0410628,0.3561431,0.0,1.0,0.1944012,0.1126761,0.0,10.540090836284206
519.0,0.4759152,0.0019268,0.2292871,0.1433824,0.8323699,0.0,0.6315789,0.0,0.0131579,0.1648352,0.0,1.0,0.3516484,0.0517241,0.875,9.980494888896912
556.0,0.455036,0.0017986,0.2589928,0.1452145,0.8741007,0.0,0.7254098,0.0,0.0122951,0.024,0.0,0.9918033,0.044,0.1290323,1.0,10.085850775128717
3729.0,0.4923572,0.0010727,0.1373022,0.1093502,0.8417806,0.0045589,0.6787671,0.0047945,0.0582192,0.5025554,0.0006849,0.9945205,0.4494037,0.0861723,0.375,11.697752214480175
1931.0,0.4769549,0.0056965,0.2392543,0.1267327,0.9036769,0.0248576,0.8203018,0.0,0.0096022,0.028,0.0082305,0.994513,0.12,0.0681818,1.0,10.753659849198824
630.0,0.5031746,0.0,0.1809524,0.14377,0.8793651,0.0,0.7376426,0.0038023,0.0152091,0.1405229,0.0,0.9961977,0.3562092,0.0806452,0.625,9.83097062169695
59.0,0.5254237,0.0,0.0508475,0.0,0.9491525,0.0,0.8695652,0.0,0.0,0.1481481,0.0,0.9565217,0.2592593,0.0,0.0,9.615805480084347
560.0,0.5035714,0.0160714,0.1607143,0.1151079,0.9125,0.0,0.7932692,0.0048077,0.0192308,0.0588235,0.0096154,0.9807692,0.2217195,0.140625,0.3333333,10.84546552414626
261.0,0.4521073,0.0,0.1954023,0.1888112,0.789272,0.0,0.5803571,0.0089286,0.0446429,0.2275862,0.0,1.0,0.3655172,0.16,0.3333333,9.615805480084347
468.0,0.4786325,0.0,0.3290598,0.1557377,0.8589744,0.0,0.6826923,0.0,0.0,0.1713147,0.0,1.0,0.2948207,0.0810811,0.8888889,9.615805480084347
171.0,0.4444444,0.2807018,0.1988304,0.0947368,0.9005848,0.0,0.761194,0.0,0.0149254,0.1066667,0.2537313,1.0,0.28,0.0625,1.0,9.90353755128617
8761.0,0.4645588,0.0086748,0.2169844,0.1536986,0.8602899,0.0017121,0.7027027,0.0018919,0.0232432,0.0359562,0.0072973,0.9956757,0.2285044,0.0246253,0.6052632,10.609081944147828
1479.0,0.4908722,0.0033807,0.1162948,0.061089,0.8235294,0.0087897,0.6837061,0.0063898,0.0702875,0.2309582,0.0015974,0.9872204,0.2506143,0.0314465,0.5714286,11.227919807721856
38.0,0.5,0.0,0.2105263,0.1052632,0.8947368,0.0,0.7857143,0.0,0.0714286,0.4814815,0.0,1.0,0.5925926,0.0,0.0,9.615805480084347
16960.0,0.4770047,0.001592,0.1403302,0.1058625,0.8536557,0.001533,0.6924822,0.0027227,0.0529421,0.017536,0.0012101,0.991378,0.162134,0.0602041,0.3793103,10.909637269778615
2170.0,0.4548387,0.9451613,0.1013825,0.0769231,0.9032258,0.0046083,0.7589286,0.0044643,0.0431548,0.0614525,0.952381,0.9821429,0.372905,0.1773585,0.4,10.5610334618531
23302.0,0.5689211,0.0794782,0.0479358,0.0528621,0.7300232,0.2153034,0.8451359,0.0069742,0.0500715,0.0333621,0.0098355,0.8864449,0.1745895,0.2063008,0.2978723,11.938199736300925
2598.0,0.4761355,0.0019246,0.2709777,0.2042616,0.7105466,0.1204773,0.6023278,0.0029098,0.0203686,0.1142612,0.0,1.0,0.3565292,0.0685358,0.7428571,10.236417809461043
675.0,0.4711111,0.0177778,0.1392593,0.1316527,0.8725926,0.0,0.6992481,0.0037594,0.018797,0.0921502,0.0075188,0.9962406,0.3822526,0.0727273,0.5,9.75272280064639
542.0,0.5073801,0.0,0.1143911,0.0786517,0.9243542,0.0,0.8031915,0.0053191,0.0159574,0.1454545,0.0,0.9946809,0.3818182,0.1230769,0.3333333,10.376642461280849
334.0,0.505988,0.002994,0.1706587,0.1333333,0.8952096,0.0,0.7445255,0.0,0.0,0.0551724,0.0072993,1.0,0.2896552,0.08,1.0,9.90353755128617
13899.0,0.4942802,0.0022304,0.1095043,0.096173,0.8866825,0.006907,0.7579776,0.0093245,0.0457936,0.0473747,0.0012433,0.8992955,0.3365574,0.1555944,0.556962,10.243560441877241
849.0,0.4876325,0.0,0.1095406,0.0643678,0.8951708,0.0,0.7635783,0.0063898,0.028754,0.0398773,0.0,1.0,0.1993865,0.1481481,1.0,10.030164255362632
148.0,0.4391892,0.0067568,0.1418919,0.060241,0.9256757,0.0,0.8,0.0,0.02,0.3055556,0.02,1.0,0.3611111,0.0,0.5,10.102379394048045
5148.0,0.4722222,0.0001943,0.2263015,0.1641516,0.8395493,0.0244755,0.6927454,0.0037933,0.0184922,0.0639148,0.0,0.9976292,0.2556591,0.0597826,0.6944444,10.275085591132715
277.0,0.4693141,0.0,0.2093863,0.1292517,0.8483755,0.0,0.6434783,0.0,0.0086957,0.0944882,0.0,1.0,0.3622047,0.030303,1.0,9.61587214452889
8972.0,0.4898573,0.001449,0.1677441,0.1190736,0.8154258,0.0127062,0.6459764,0.0065916,0.0524581,0.0835641,0.0013732,0.9840703,0.3395419,0.0866477,0.5652174,10.308985993422082
173.0,0.4508671,0.0057803,0.150289,0.1578947,0.8786127,0.0,0.7313433,0.0,0.0447761,0.0428571,0.0,1.0,0.2857143,0.1764706,1.0,10.275085591132715
288091.0,0.4910601,0.0185428,0.1239643,0.0746482,0.8413835,0.0083099,0.6888924,0.0053123,0.0714888,0.2321169,0.0184957,0.9203619,0.4976365,0.0929003,0.3528986,11.138973558699526
5714.0,0.4838992,0.0259013,0.0658033,0.0508647,0.7948897,0.0,0.6361245,0.0070145,0.1157387,0.0624743,0.0210434,0.9355546,0.4414303,0.0721649,0.0655738,11.773757787382696
16141.0,0.493216,0.0402701,0.121306,0.0924205,0.8965368,0.0005576,0.7704693,0.0020555,0.04642,0.026026,0.0395683,0.9731072,0.2620954,0.0481651,0.40625,11.804855999911272
8787.0,0.4597701,0.0048936,0.2360305,0.1834843,0.853875,0.0240127,0.7266187,0.0028777,0.0273381,0.0497676,0.0014388,0.9548201,0.2545803,0.0919689,0.7567568,10.84546552414626
425.0,0.4870588,0.0094118,0.1576471,0.0688073,0.9552941,0.0,0.8782051,0.0,0.0,0.0429448,0.0064103,1.0,0.0,0.0,1.0,12.002124919798158
919.0,0.4396083,0.3253536,0.203482,0.1902913,0.8639826,0.0032644,0.6657303,0.0,0.005618,0.0631579,0.252809,1.0,0.3263158,0.0652174,0.0,9.908524844053396
560.0,0.5089286,0.0267857,0.1392857,0.0909091,0.9214286,0.0,0.7910448,0.0,0.0099502,0.1862348,0.0199005,0.8756219,0.3805668,0.2222222,1.0,9.615805480084347
364.0,0.5054945,0.0,0.1346154,0.1388889,0.9148352,0.0,0.7578125,0.0,0.0,0.1523179,0.0,1.0,0.2649007,0.16,1.0,10.370392636243981
36930.0,0.4521798,0.4691579,0.1378554,0.1370669,0.810046,0.0427566,0.6699398,0.0033884,0.035613,0.0599363,0.4272872,0.9946062,0.4114282,0.0916905,0.2868852,10.732061203925053
1638.0,0.4420024,0.2081807,0.2905983,0.2461707,0.7753358,0.0689866,0.6318253,0.0062402,0.0171607,0.1509934,0.2137285,0.8424337,0.3602649,0.11,0.6666667,9.6678285081515
6424.0,0.4570361,0.0024907,0.1885118,0.1502294,0.7898506,0.0273973,0.6233383,0.0036928,0.0520679,0.1092105,0.0,0.9974151,0.3516447,0.0501901,0.32,11.002116507732017
1922.0,0.4391259,0.0322581,0.2247659,0.2189239,0.8215401,0.0166493,0.6506603,0.0,0.0240096,0.1052632,0.027611,0.9987995,0.3598281,0.0751445,0.5555556,10.077482875583607
431.0,0.4756381,0.0185615,0.187935,0.1415929,0.8839907,0.0,0.752809,0.0,0.0224719,0.0871795,0.0168539,0.994382,0.2974359,0.122449,0.0,10.61890979160975
14065.0,0.4703164,0.1131177,0.141486,0.1296644,0.8564522,0.04401,0.7577759,0.0008522,0.0413294,0.0513339,0.0818066,0.960588,0.3158852,0.0658002,0.5689655,12.06105265381003
29.0,0.5172414,0.0,0.1724138,0.0714286,0.9655172,0.0,0.9,0.0,0.0,0.375,0.0,1.0,0.1875,0.0,0.0,9.615805480084347
1214.0,0.470346,0.0016474,0.121911,0.0839813,0.8673806,0.0,0.6818182,0.0022727,0.0477273,0.0413943,0.0,0.9954545,0.3093682,0.1483871,0.0,10.623787731088578
3085.0,0.4547812,0.0009724,0.228201,0.1777646,0.8074554,0.0363047,0.6579157,0.0031822,0.0373906,0.0255814,0.0007955,0.9968178,0.3054264,0.0434783,0.4285714,10.457401400981889
638.0,0.4968652,0.0,0.2210031,0.165109,0.8197492,0.0,0.6231884,0.0072464,0.0253623,0.0830565,0.0,1.0,0.3421927,0.060241,0.0,9.966509298952284
319.0,0.4796238,0.0,0.1880878,0.1204819,0.8996865,0.0,0.7578125,0.0,0.0078125,0.0921986,0.0,1.0,0.4042553,0.0952381,0.0,9.615805480084347
5682.0,0.4456177,0.0762056,0.2720873,0.195873,0.7745512,0.1094685,0.7302599,0.0004904,0.0416871,0.0206532,0.0613046,0.9960765,0.0691643,0.030303,0.0833333,11.704380187145405
902.0,0.4844789,0.3713969,0.1463415,0.1182796,0.8946785,0.0,0.7379518,0.003012,0.0150602,0.0928962,0.3192771,0.9819277,0.1775956,0.2830189,0.8333333,10.239995502805316
310.0,0.4741935,0.0,0.1709677,0.0797546,0.8870968,0.0,0.75,0.0,0.0322581,0.0606061,0.0,1.0,0.1287879,0.04,0.0,10.879951039444416
1952.0,0.463627,0.0020492,0.161373,0.1614136,0.817623,0.0394467,0.6699301,0.006993,0.0503497,0.0972222,0.0,0.9972028,0.3623737,0.1190476,0.625,10.27163147557801
717.0,0.5076709,0.0,0.2064156,0.1671388,0.8856346,0.0,0.7194245,0.0,0.0143885,0.1472393,0.0,0.9964029,0.3374233,0.238806,1.0,9.862717639992917
886.0,0.4740406,0.0045147,0.1625282,0.139485,0.9018059,0.0,0.7657658,0.006006,0.015015,0.0926431,0.006006,1.0,0.2697548,0.1186441,1.0,10.090008612393838
63.0,0.5396825,0.0,0.2539683,0.137931,0.7936508,0.0,0.5714286,0.0,0.0357143,0.2222222,0.0,0.9642857,0.1388889,0.0,0.0,9.615805480084347
21385.0,0.4651859,0.0901099,0.1527239,0.1442686,0.8194996,0.0339023,0.6802065,0.0029834,0.0305221,0.0576341,0.0774527,0.9969019,0.381596,0.0627206,0.4672897,10.385944565501662
30954.0,0.4803903,0.0703302,0.1229566,0.0938199,0.8725851,0.0098533,0.729702,0.0044536,0.0316033,0.1003236,0.0664611,0.7909387,0.3596856,0.105364,0.5339806,10.477316144080852
125.0,0.472,0.0,0.128,0.1060606,0.888,0.0,0.7209302,0.0,0.0465116,0.1568627,0.0,1.0,0.4117647,0.0,1.0,9.615805480084347
1072.0,0.4384328,0.9981343,0.0830224,0.0863787,0.954291,0.0,0.8508475,0.0,0.0169492,0.0664557,0.9966102,0.9898305,0.3322785,0.2093023,0.5,10.034559673629849
29744.0,0.4700108,0.0069258,0.1705554,0.1226846,0.8488771,0.0,0.6655058,0.0012741,0.0394972,0.0394876,0.0091735,0.9924403,0.2952599,0.0251928,0.25,11.462694763725304
628.0,0.4792994,0.0,0.1990446,0.1192661,0.8789809,0.0,0.7272727,0.0041322,0.0330579,0.0692308,0.0,0.9958678,0.1615385,0.2,0.5,9.87822102528824
2677.0,0.501681,0.0063504,0.0254016,0.017991,0.9002615,0.0022413,0.8017058,0.0042644,0.0660981,0.0329897,0.0063966,0.9264392,0.2247423,0.1025641,0.1363636,12.216522851424992
33997.0,0.4898962,0.0081478,0.0874783,0.0597394,0.8879901,0.003765,0.7498957,0.0057601,0.044578,0.0868969,0.0086819,0.8708573,0.3442336,0.1411849,0.5114504,10.817796321618971
921.0,0.4896851,0.0054289,0.1487514,0.1148936,0.8219327,0.019544,0.6691729,0.0,0.0325815,0.0220588,0.0050125,0.9974937,0.2843137,0.0346821,1.0,11.05723491317159
316.0,0.5063291,0.0,0.0791139,0.0769231,0.8829114,0.0,0.75,0.0089286,0.0357143,0.0508475,0.0,0.8392857,0.3220339,0.173913,0.0,10.571342565808699
6670.0,0.4508246,0.058021,0.2050975,0.1755392,0.8101949,0.0433283,0.6778182,0.0021818,0.0243636,0.0655793,0.048,0.992,0.3489636,0.0642939,0.625,10.328787967145063
436.0,0.4495413,0.0,0.2866972,0.1833333,0.8233945,0.0,0.6134021,0.0,0.0103093,0.044335,0.0,0.9948454,0.2068966,0.0512821,0.75,9.615805480084347
1564.0,0.4846547,0.0038363,0.1892583,0.0905707,0.8574169,0.0,0.7199367,0.0079114,0.0553797,0.2119701,0.0031646,0.9905063,0.3603491,0.125,0.0,11.367911253546788
2986.0,0.4544541,0.1875419,0.1955794,0.1884592,0.8496316,0.0395177,0.7219203,0.0009058,0.0144928,0.1089588,0.173913,0.9655797,0.2881356,0.1296296,0.6129032,10.344995251991222
876.0,0.4349315,0.2899543,0.2522831,0.2363636,0.7157534,0.1484018,0.6583851,0.0,0.0279503,0.1104972,0.242236,0.9968944,0.4861878,0.0659341,0.6666667,10.485731104959568
179.0,0.5139665,0.0,0.0893855,0.1034483,0.9385475,0.0,0.7560976,0.0,0.0243902,0.2264151,0.0,1.0,0.509434,0.5714286,0.0,9.615805480084347
525.0,0.4933333,0.0,0.1619048,0.1203008,0.9066667,0.0,0.7704082,0.0,0.0204082,0.0439024,0.0,0.994898,0.1414634,0.1785714,0.0,10.425282789490705
1315.0,0.4555133,0.0,0.2106464,0.1298883,0.895057,0.0,0.7455969,0.0019569,0.0136986,0.0955752,0.0,0.9941292,0.1893805,0.0777778,0.6842105,10.753659849198824
5196.0,0.4882602,0.0787144,0.1233641,0.1045506,0.9068514,0.0352194,0.8511941,0.0018371,0.0300061,0.0609546,0.0698102,0.9546846,0.0960322,0.125,0.5714286,11.672498559754418
2659.0,0.4670929,0.0003761,0.3140278,0.1474947,0.8758932,0.0,0.7600671,0.0008389,0.0327181,0.0539683,0.0008389,0.9899329,0.0404762,0.0972222,0.1764706,11.481445117743048
1351.0,0.488527,0.0022206,0.2028127,0.1070912,0.8105107,0.0355292,0.6879562,0.0072993,0.0492701,0.1175523,0.0,0.9817518,0.4621578,0.1290323,0.0,10.811766273800105
78.0,0.4871795,0.0,0.1923077,0.075,0.8589744,0.0,0.6666667,0.0,0.0333333,0.1176471,0.0,1.0,0.1470588,0.0,1.0,9.615805480084347
26421.0,0.492752,0.028008,0.0701336,0.059021,0.8952727,0.0057152,0.7810393,0.0032154,0.0441863,0.0636169,0.0299761,0.9882792,0.1410256,0.03671,0.2373418,11.511934974596555
1440.0,0.4819444,0.1097222,0.2194444,0.152815,0.8590278,0.0347222,0.7318436,0.0018622,0.009311,0.2137628,0.0931099,0.83054,0.3367496,0.175,0.5454545,9.75272280064639
95.0,0.5052632,0.0,0.1368421,0.0638298,0.9263158,0.0,0.7941176,0.0,0.0,0.2916667,0.0,1.0,0.3958333,0.1,1.0,9.615805480084347
1244.0,0.4590032,0.0,0.2081994,0.1649331,0.8376206,0.0401929,0.7076271,0.0042373,0.0254237,0.0634921,0.0,0.9915254,0.1924603,0.1097561,0.0,10.229223792606835
780.0,0.5012821,0.0,0.1512821,0.1156812,0.9,0.0,0.7413793,0.0,0.0103448,0.0136054,0.0,0.9965517,0.1802721,0.0847458,0.0,10.893047333337728
505616.0,0.4691525,0.4655806,0.1399343,0.1225536,0.8032717,0.0195089,0.6153604,0.0038241,0.0493976,0.1093303,0.4326758,0.9639766,0.3092269,0.0973063,0.517219,10.315630315397533
450.0,0.5022222,0.0688889,0.1311111,0.0982143,0.9333333,0.0,0.8280255,0.0,0.0127389,0.0872093,0.0828025,0.9745223,0.3023256,0.173913,0.0,10.419330568113901
420.0,0.4642857,0.0,0.2285714,0.12,0.8571429,0.0,0.6768293,0.0060976,0.0304878,0.0681818,0.0,1.0,0.3011364,0.0222222,1.0,9.615805480084347
1154.0,0.4878683,0.0407279,0.0979203,0.0829103,0.9020797,0.0,0.7755556,0.0022222,0.02,0.0384615,0.0466667,0.9977778,0.1709402,0.0588235,0.0,11.031674824544641
29764.0,0.4695941,0.1892555,0.1471576,0.1189586,0.8173297,0.0114232,0.6363712,0.0042292,0.0458579,0.1011479,0.1591343,0.9842441,0.3310972,0.0920437,0.6076555,10.5506169722625
183.0,0.5136612,0.0,0.147541,0.1011236,0.9180328,0.0,0.7936508,0.0,0.031746,0.2125,0.0,1.0,0.225,0.2222222,0.0,9.615805480084347
21744.0,0.4968267,0.0286516,0.1285872,0.1123298,0.6775662,0.1208149,0.6041107,0.002686,0.0907392,0.0776605,0.0233563,0.9928763,0.4099526,0.0434578,0.3983051,10.721084386282662
385.0,0.4753247,0.0,0.1766234,0.1683168,0.8441558,0.0,0.6604938,0.0,0.0308642,0.1518325,0.0,1.0,0.2303665,0.1132075,1.0,10.698762529141884
379.0,0.4881266,0.0,0.1583113,0.1340206,0.8918206,0.0,0.7260274,0.0,0.0068493,0.0700637,0.0,1.0,0.1528662,0.2,0.3333333,9.781376414141157
797.0,0.4567127,0.0,0.259724,0.2401848,0.7427854,0.0614806,0.5811209,0.0029499,0.0324484,0.2893082,0.0,0.9911504,0.3983229,0.0714286,0.5,10.025749432069084
8791.0,0.451712,0.094301,0.1782505,0.1443983,0.8323285,0.0354908,0.6962816,0.0028385,0.0201533,0.0772656,0.0828839,0.9954584,0.3389209,0.0657371,0.3521127,10.6782377612977
6732.0,0.4863339,0.0158942,0.0907605,0.06738,0.9258764,0.0147059,0.8431034,0.0012931,0.0116379,0.0219224,0.0107759,0.9935345,0.0674536,0.0976562,0.2307692,10.968215530759236
1624.0,0.4519704,0.1182266,0.3288177,0.2202247,0.8214286,0.0036946,0.6577181,0.0,0.0362416,0.2231491,0.0993289,0.990604,0.3993743,0.0585106,0.6666667,10.537441898283253
961.0,0.4745057,0.0,0.1987513,0.1623762,0.8647242,0.0,0.6692112,0.0,0.0,0.1208054,0.0,0.9974555,0.344519,0.0673077,1.0,10.158168529848494
252.0,0.4761905,0.0,0.2063492,0.1515152,0.8452381,0.0,0.625,0.0,0.0,0.1404959,0.0,1.0,0.2396694,0.2,1.0,9.888424674859083
1236.0,0.512945,0.0,0.1092233,0.0697674,0.9012945,0.0,0.7540603,0.0069606,0.025522,0.2317291,0.0,0.8306265,0.342246,0.1775701,0.8846154,10.098272780745283
82.0,0.4756098,0.0,0.2560976,0.2325581,0.804878,0.0,0.625,0.0,0.025,0.1111111,0.0,1.0,0.1555556,0.0,0.0,9.661479683575521
42155.0,0.4904993,0.0112917,0.0905705,0.0697458,0.8487724,0.0056696,0.6876944,0.0068433,0.0551201,0.0659539,0.0097673,0.942267,0.3937475,0.0860514,0.490566,10.77270764101727
1435.0,0.4801394,0.0,0.1783972,0.1219839,0.8864111,0.0,0.7316637,0.0017889,0.019678,0.0652174,0.0,0.9964222,0.2608696,0.1041667,0.1,10.521399202410167
53.0,0.509434,0.0,0.1132075,0.0,0.8113208,0.0,0.6923077,0.0,0.0769231,0.8555556,0.0,0.9615385,0.6833333,0.0,1.0,10.611547975828369
1251.0,0.5067946,0.0,0.0391687,0.0275527,0.9144684,0.0,0.8121951,0.004878,0.0609756,0.0191388,0.0,0.997561,0.2344498,0.056338,0.3333333,11.101960259016467
384.0,0.4817708,0.0052083,0.109375,0.0954774,0.9166667,0.0,0.792,0.008,0.04,0.1197183,0.008,1.0,0.1760563,0.1363636,0.6666667,10.196194479235656
635.0,0.4740157,0.0,0.192126,0.1317365,0.9023622,0.0,0.7222222,0.0,0.0092593,0.1496063,0.0,0.9768519,0.2795276,0.0714286,0.0,10.188704088048116
838.0,0.50358,0.0071599,0.1706444,0.1442308,0.8329356,0.0214797,0.6720779,0.0097403,0.0357143,0.058104,0.0064935,1.0,0.3058104,0.0967742,0.25,10.275085591132715
575.0,0.4591304,0.0,0.2347826,0.170418,0.8573913,0.0,0.6893617,0.0085106,0.0212766,0.1328413,0.0,0.9914894,0.2841328,0.0714286,0.8,9.615805480084347
400.0,0.4825,0.0025,0.0475,0.0821256,0.9475,0.0,0.8269231,0.0,0.0192308,0.0956522,0.0096154,0.8942308,0.5217391,0.3333333,1.0,9.615805480084347
95.0,0.4736842,0.0,0.2421053,0.14,0.8210526,0.0,0.6363636,0.0,0.0227273,0.2666667,0.0,1.0,0.3666667,0.0,0.0,9.615805480084347
243.0,0.4979424,0.0,0.1604938,0.0901639,0.9300412,0.0,0.8024691,0.0,0.0123457,0.1473684,0.0,0.5555556,0.3894737,0.1666667,0.0,9.686636660844938
1295.0,0.4610039,0.1359073,0.211583,0.1719198,0.8216216,0.0378378,0.6633466,0.001992,0.0219124,0.0971223,0.1374502,0.998008,0.2805755,0.0645161,0.3,9.857495968685136
1427.0,0.4667134,0.0,0.2964261,0.2286465,0.7841626,0.0595655,0.6432161,0.0033501,0.0150754,0.1603376,0.0,0.9899497,0.2897328,0.0857143,0.9183673,9.615805480084347
669.0,0.45142,0.1464873,0.1345291,0.147139,0.9043348,0.0,0.752,0.0,0.004,0.0530303,0.128,0.996,0.2045455,0.1111111,0.6666667,10.221977646629885
1294.0,0.4513138,0.0007728,0.3415765,0.2577465,0.7828439,0.0517774,0.6350626,0.0,0.0161002,0.0760331,0.0,1.0,0.2479339,0.0615385,0.7142857,9.913487387114461
1182.0,0.4746193,0.0143824,0.1302876,0.1207729,0.9196277,0.0,0.7953488,0.0,0.0139535,0.0870488,0.0232558,0.9930233,0.2845011,0.2045455,1.0,10.214678610538817
150.0,0.4866667,0.0,0.2333333,0.1818182,0.8533333,0.0,0.7014925,0.0,0.0298507,0.2717391,0.0,0.9850746,0.4673913,0.1111111,0.8,9.723223876851618
534.0,0.505618,0.0,0.1048689,0.0606061,0.917603,0.0,0.8,0.0,0.0378378,0.079602,0.0,0.9945946,0.3034826,0.0526316,1.0,10.732061203925053
1167.0,0.4995716,0.0,0.1473865,0.1061644,0.9271637,0.0,0.8074246,0.0,0.0046404,0.0464602,0.0,0.9976798,0.1371681,0.0384615,1.0,10.83370091325064
202.0,0.450495,0.0,0.1782178,0.1801802,0.8564356,0.0,0.695122,0.0,0.0487805,0.2264151,0.0,1.0,0.3207547,0.0,0.75,9.814710982145282
25474.0,0.4754652,0.3819188,0.1201225,0.1024547,0.8394441,0.0194316,0.683153,0.0040848,0.0617134,0.0688734,0.3440053,0.8265622,0.5193257,0.1078905,0.3057325,11.071330462204312
8385.0,0.4785927,0.0028623,0.1619559,0.1120769,0.7959451,0.045319,0.6557478,0.0037083,0.052225,0.0357569,0.0015451,0.9944376,0.2917163,0.0307062,0.2692308,10.65492722584759
1221.0,0.4717445,0.0,0.2006552,0.1131783,0.7141687,0.041769,0.5769231,0.0018315,0.0879121,0.6005852,0.0,0.9798535,0.4162399,0.0531401,0.2666667,11.170449240431308
255.0,0.4431373,0.0,0.3254902,0.1760563,0.8392157,0.0,0.6525424,0.0,0.0,0.1510791,0.0,1.0,0.2374101,0.05,0.0,9.615805480084347
13512.0,0.4936353,0.0115453,0.1435021,0.0584624,0.9310243,0.0008881,0.8471492,0.0010109,0.0268904,0.0360553,0.0097048,0.9809947,0.067823,0.0549451,0.24,13.122367377396328
3271.0,0.4750841,0.0,0.1959645,0.1456028,0.8278814,0.0235402,0.6683786,0.0036684,0.0205429,0.1513076,0.0,0.9559795,0.3325031,0.0666667,0.547619,10.537441898283253
2013.0,0.4868356,0.0029806,0.0635867,0.0464666,0.9225037,0.0342772,0.8875839,0.0016779,0.0234899,0.0083195,0.0016779,0.9983221,0.1730449,0.0471698,0.0,11.044536531401494
2536.0,0.4818612,0.009858,0.1277603,0.1187215,0.8158517,0.0027603,0.6411251,0.0077595,0.0698351,0.0811052,0.0077595,0.9806014,0.5106952,0.0809717,0.3333333,9.615805480084347
3248.0,0.466133,0.1604064,0.2078202,0.1937716,0.8186576,0.0492611,0.6826625,0.000774,0.0116099,0.0527859,0.1578947,0.99613,0.3218475,0.0588235,0.5555556,10.33854382482173
361.0,0.498615,0.0027701,0.3711911,0.2375691,0.8282548,0.0,0.6416185,0.0,0.0,0.2412281,0.0057803,0.9942197,0.3377193,0.0930233,1.0,9.615805480084347
24392.0,0.4930715,0.0118071,0.0369383,0.0244238,0.9287881,0.0,0.8321177,0.0023915,0.0336004,0.0322842,0.0114791,0.9799115,0.0762555,0.0815126,0.3555556,11.567423119906431
7946.0,0.4742009,0.0006292,0.1657438,0.1232647,0.8546438,0.0215203,0.7040211,0.0026368,0.0234015,0.0419956,0.0003296,0.9176005,0.3050205,0.0786638,0.3888889,10.401258331428318
4192.0,0.463979,0.0007156,0.2053912,0.1522029,0.8251431,0.0281489,0.66787,0.0018051,0.0288809,0.0588901,0.0,0.9987966,0.285957,0.0434783,0.4444444,10.471666571132038
5290.0,0.4688091,0.0003781,0.2523629,0.1839858,0.7905482,0.0342155,0.6214891,0.0031208,0.0276416,0.0673597,0.0004458,0.997325,0.2860707,0.0334029,0.4193548,9.952325334619427
15239.0,0.5100072,0.0171927,0.0885885,0.0625419,0.8341755,0.0009187,0.6679364,0.0026499,0.0684001,0.0370016,0.0165618,0.9137132,0.407815,0.1248128,0.1272727,11.737675724836684
1094.0,0.5466179,0.0009141,0.0895795,0.0766129,0.8318099,0.0018282,0.6926829,0.0097561,0.0707317,0.1632653,0.002439,0.8439024,0.4734694,0.1656805,0.5714286,10.540090836284206
70.0,0.4428571,0.0,0.1285714,0.1025641,0.9142857,0.0,0.8214286,0.0,0.0357143,0.0,0.0,1.0,0.1428571,0.0,0.0,9.90353755128617
1335.0,0.4516854,0.0014981,0.1161049,0.0833333,0.8981273,0.0,0.7674419,0.0,0.0338266,0.0688976,0.0,0.97463,0.1830709,0.0903614,0.0,10.5610334618531
4196.0,0.4506673,0.0002383,0.2690658,0.2117137,0.7969495,0.0450429,0.6430628,0.0017271,0.0207254,0.038206,0.0,0.9982729,0.3100775,0.056338,0.4090909,10.315630315397533
12551.0,0.4797227,0.006374,0.1160864,0.0914242,0.878177,0.0,0.7177252,0.0026982,0.0278124,0.0448057,0.0070569,0.988792,0.2462331,0.033261,0.2291667,11.25416768929685
1290.0,0.4705426,0.0015504,0.1751938,0.1420205,0.8589147,0.0372093,0.7349666,0.0044543,0.0222717,0.0405983,0.0022272,0.8195991,0.1538462,0.1415094,1.0,10.344995251991222
3739.0,0.4894357,0.0230008,0.1444236,0.1063384,0.884996,0.008291,0.7678143,0.0024019,0.0648519,0.0196232,0.0248199,0.868695,0.1789639,0.2397959,0.4444444,12.27560337234701
760.0,0.4684211,0.0131579,0.2986842,0.2178218,0.7342105,0.0907895,0.5846645,0.0,0.0095847,0.193299,0.0031949,0.9904153,0.2963918,0.1025641,0.826087,9.615805480084347
791.0,0.460177,0.2035398,0.1757269,0.1311475,0.8786346,0.0,0.716129,0.0032258,0.0225806,0.0962099,0.1709677,0.9967742,0.2857143,0.1463415,1.0,10.370392636243981
246.0,0.4878049,0.0,0.1504065,0.0555556,0.902439,0.0,0.7578947,0.0,0.0105263,0.0776699,0.0,1.0,0.1067961,0.08,0.25,9.846970109700957
231.0,0.5541126,0.0,0.0606061,0.0776699,0.9393939,0.0,0.7868852,0.0,0.0163934,0.1285714,0.0,1.0,0.9,0.0714286,0.0,10.077482875583607
2445.0,0.4703476,0.1554192,0.1893661,0.1142857,0.8552147,0.0216769,0.7286325,0.0042735,0.0363248,0.0497462,0.1442308,0.9946581,0.1248731,0.1453488,0.25,11.199597325534862
2284.0,0.4408932,0.0140105,0.2224168,0.2192639,0.7894046,0.0779335,0.6813063,0.0011261,0.0213964,0.0845361,0.0112613,0.9943694,0.4134021,0.0632911,0.6153846,10.184937747111391
24656.0,0.4753001,0.2462687,0.1058971,0.0762928,0.8646577,0.0210496,0.7328654,0.0031802,0.0335563,0.0342089,0.2089045,0.9765325,0.163101,0.103361,0.154321,10.734242182303689
2787.0,0.4603516,0.0,0.219591,0.1702128,0.8220309,0.0283459,0.6567299,0.0036134,0.0252936,0.0618644,0.0,1.0,0.2864407,0.0424242,0.5,10.060534035475412
429.0,0.4778555,0.0,0.0745921,0.0669643,0.9114219,0.0,0.7933333,0.0066667,0.0333333,0.025974,0.0,1.0,0.2142857,0.0833333,0.0,10.419330568113901
154.0,0.512987,0.0,0.1103896,0.1066667,0.8831169,0.0,0.7741935,0.016129,0.0322581,0.1267606,0.0,0.983871,0.3380282,0.0869565,0.0,10.401258331428318
795.0,0.4981132,0.0025157,0.0704403,0.0451128,0.9660377,0.0,0.904943,0.0,0.0076046,0.040146,0.0038023,0.9391635,0.1277372,0.0833333,0.3333333,11.420821140914589
16466.0,0.4972671,0.0286044,0.0988704,0.0765885,0.8750759,0.0130572,0.7408568,0.0073145,0.0456287,0.1047708,0.0240334,0.7027168,0.4301528,0.1529661,0.6884422,10.734242182303689
1025.0,0.4780488,0.0741463,0.177561,0.1084112,0.8692683,0.0,0.7204819,0.0024096,0.0385542,0.0503432,0.0626506,0.9951807,0.2128146,0.0493827,0.25,10.463131911491967
1221.0,0.4823915,0.007371,0.1326781,0.1012658,0.8779689,0.0,0.7165179,0.0066964,0.03125,0.0239651,0.0044643,0.9799107,0.2897603,0.0705128,0.0,10.650199196425806
633.0,0.4960506,0.0,0.1200632,0.1065831,0.9194313,0.0,0.7792793,0.0,0.009009,0.0512821,0.0,0.9954955,0.2179487,0.0243902,0.0,10.62135173563291
2398.0,0.4966639,0.0696414,0.1230192,0.1077051,0.9149291,0.0,0.7600487,0.0,0.0085262,0.1421108,0.0596833,0.637028,0.4555904,0.2200772,0.5,9.661479683575521
1377.0,0.5105301,0.0,0.10748,0.0949555,0.8881627,0.0,0.7480315,0.007874,0.0413386,0.0378788,0.0,0.9940945,0.2291667,0.0974026,0.0,10.657282884047461
1660.0,0.473494,0.0006024,0.2331325,0.1601831,0.8120482,0.0614458,0.6909667,0.0047544,0.0158479,0.1530201,0.0015848,0.9984152,0.3248322,0.1144578,0.8333333,10.419330568113901
289.0,0.5190311,0.0,0.083045,0.0791367,0.9100346,0.0,0.7980769,0.0,0.0480769,0.0458716,0.0,1.0,0.1376147,0.1875,0.0,10.457401400981889
1938.0,0.4597523,0.00258,0.5696594,0.1747851,0.7868937,0.0,0.6461101,0.0,0.0360531,0.1112985,0.0037951,0.9611006,0.198145,0.0170455,0.2307692,11.645715332733134
233.0,0.4635193,0.0,0.2274678,0.192,0.8412017,0.0,0.6571429,0.0,0.0095238,0.1732283,0.0,1.0,0.480315,0.0769231,1.0,9.615805480084347
180.0,0.5,0.0,0.2111111,0.1111111,0.8833333,0.0,0.7285714,0.0,0.0285714,0.0909091,0.0,1.0,0.1688312,0.1333333,1.0,9.87822102528824
15990.0,0.4717323,0.0158224,0.178424,0.1378004,0.8562852,0.0145716,0.7028868,0.0006487,0.0309763,0.0294349,0.016218,0.9594551,0.3658114,0.026178,0.6231884,12.118339189722553
1263.0,0.4718923,0.0007918,0.212985,0.1589205,0.8178939,0.0593824,0.7136564,0.0088106,0.0264317,0.0753564,0.0,0.8325991,0.3971487,0.1351351,0.4285714,10.36410350510914
277.0,0.4873646,0.0,0.1371841,0.0774648,0.8844765,0.0072202,0.7522936,0.0091743,0.0183486,0.2101449,0.0,0.9357798,0.2681159,0.1470588,1.0,9.615805480084347
88.0,0.3636364,0.0,0.2840909,0.1785714,0.8295455,0.0,0.6052632,0.0,0.0,0.40625,0.0,1.0,0.359375,0.1666667,1.0,9.615805480084347
1053.0,0.4852802,0.0018993,0.0940171,0.0719557,0.9135802,0.0,0.8066158,0.0050891,0.0254453,0.2012195,0.0025445,0.9974555,0.3150407,0.025,0.75,10.524090921620362
2971.0,0.4611242,0.0013463,0.149108,0.128045,0.860653,0.0148098,0.71529,0.0070299,0.0272408,0.0355932,0.0,0.9920914,0.2940678,0.0760626,0.25,10.664316745782925
2347.0,0.4784832,0.0021304,0.1751172,0.1437908,0.7660844,0.0656157,0.6125934,0.0021345,0.0309498,0.0849609,0.0010672,0.9914621,0.3876953,0.0613497,0.3684211,10.410335274932896
925.0,0.5048649,0.0,0.2097297,0.1441048,0.7967568,0.0237838,0.6340206,0.0103093,0.0438144,0.2032854,0.0,0.9948454,0.4086242,0.1075269,0.6,9.966509298952284
490.0,0.5,0.0,0.1040816,0.0653061,0.8897959,0.0,0.7526882,0.0,0.0430108,0.03125,0.0,0.9946237,0.09375,0.0588235,0.0,11.516927446349527
601.0,0.4991681,0.0,0.1014975,0.0631229,0.9417637,0.0,0.8208092,0.0,0.0231214,0.0748663,0.0,0.9132948,0.3368984,0.1904762,0.0,10.315630315397533
3943.0,0.507228,0.0050723,0.1653563,0.0941843,0.9188435,0.0,0.7958834,0.0051458,0.0454545,0.0323651,0.0051458,0.9356775,0.4257261,0.2289628,0.3333333,11.732069026983156
10950.0,0.4748858,0.0016438,0.1858447,0.1286957,0.8317808,0.0177169,0.6809788,0.0092336,0.0399354,0.0487484,0.001385,0.9863804,0.3719807,0.1072818,0.4255319,10.445840912706414
4080.0,0.4997549,0.0039216,0.1789216,0.1151396,0.8845588,0.0,0.7638376,0.0067651,0.0436654,0.0813559,0.00123,0.9833948,0.2220339,0.080402,0.53125,10.968215530759236
2366.0,0.4754861,0.0,0.1103128,0.0918614,0.9429417,0.0,0.8269504,0.0014184,0.0141844,0.1007653,0.0,0.293617,0.3711735,0.2663043,0.6666667,9.94755228369823
404.0,0.5420792,0.0123762,0.0891089,0.0756757,0.9356436,0.0,0.8285714,0.0,0.0071429,0.0604027,0.0142857,1.0,0.2080537,0.0833333,0.0,10.628641991731053
2223.0,0.4808817,0.0008997,0.0746739,0.0537262,0.9662618,0.0,0.8802817,0.0017606,0.0052817,0.0794165,0.0017606,0.0880282,0.5364668,0.3142857,1.0,9.62911649414402
24309.0,0.4811387,0.0047719,0.1545518,0.1185285,0.8116336,0.0298655,0.6707866,0.0058657,0.0593904,0.0825485,0.0025139,0.9952865,0.3833365,0.058666,0.4637681,11.130214506480655
464.0,0.4547414,0.0,0.1142241,0.1067194,0.8836207,0.0,0.7142857,0.0,0.0357143,0.1340206,0.0,1.0,0.2938144,0.140625,0.75,9.928228944424575
4984.0,0.4867576,0.0194623,0.1577047,0.1356529,0.7510032,0.0642055,0.6209677,0.0090726,0.0705645,0.0507177,0.0136089,0.9758065,0.4708134,0.0621915,0.4736842,10.86477077032911
302.0,0.4569536,0.6490066,0.1589404,0.0853659,0.9139073,0.0,0.7641509,0.009434,0.009434,0.0940171,0.5849057,0.9811321,0.2222222,0.2195122,0.0,9.893487720457795
1181.0,0.5071973,0.0,0.0660457,0.0670103,0.8772227,0.0279424,0.7476923,0.0092308,0.0676923,0.0740741,0.0,0.92,0.3817664,0.1,0.0,11.305913595583258
3643.0,0.4633544,0.0030195,0.2113643,0.1503836,0.845457,0.0362339,0.7218978,0.0021898,0.0218978,0.0392707,0.0029197,0.9817518,0.2223001,0.074359,0.5,10.513280297700861
106.0,0.5,0.009434,0.1981132,0.1886792,0.8867925,0.0283019,0.7804878,0.0,0.0,0.1086957,0.0243902,1.0,0.1956522,0.1666667,0.0,9.615805480084347
5369.0,0.4892904,0.0020488,0.1851369,0.1495259,0.8150494,0.0031663,0.6454668,0.0013532,0.0626973,0.3114907,0.0013532,0.984664,0.242236,0.0642202,0.6949153,11.947308393235778
709.0,0.4654443,0.0,0.2157969,0.2005277,0.832158,0.0,0.6397306,0.003367,0.030303,0.1727019,0.0,0.9090909,0.3760446,0.1168831,0.9230769,9.615805480084347
6824.0,0.4775791,0.1315944,0.1759965,0.1242637,0.8477433,0.0,0.6912035,0.0080972,0.0585204,0.1330568,0.1026868,0.9690835,0.4432036,0.129979,0.4626866,10.457401400981889
15238.0,0.453931,0.1859168,0.1917574,0.1613989,0.8356083,0.0146345,0.6733865,0.0028129,0.0250039,0.0585552,0.1590874,0.996562,0.3689863,0.0681055,0.6090909,10.203629181337648
66.0,0.4393939,0.9848485,0.2727273,0.1351351,0.8181818,0.0,0.6,0.0,0.0,0.2307692,1.0,1.0,0.3589744,0.0,0.0,9.615805480084347
575.0,0.466087,0.0017391,0.1321739,0.1270358,0.9043478,0.0,0.7558685,0.0,0.0140845,0.0273973,0.0,1.0,0.2054795,0.2272727,1.0,10.114599007626499
2203.0,0.487517,0.0,0.1516114,0.1009743,0.9001362,0.0,0.7526178,0.0026178,0.0287958,0.0850299,0.0,0.8010471,0.2311377,0.1569767,0.4285714,10.401258331428318
2121.0,0.4427157,0.0023574,0.5157944,0.286802,0.6869401,0.0259312,0.5407654,0.0,0.0432612,0.419043,0.0,0.9866889,0.4461092,0.007732,0.4596774,11.789806920177805
261.0,0.559387,0.0,0.1455939,0.1130435,0.8812261,0.0,0.7263158,0.0,0.0526316,0.1121495,0.0,1.0,0.271028,0.1666667,0.8,9.825580063659602
3164.0,0.4838812,0.0211757,0.2828698,0.1573791,0.534134,0.0148546,0.394001,0.0015252,0.1154042,0.1951718,0.01576,0.9796645,0.787234,0.0008606,0.4736842,10.768506042432708
956.0,0.4937238,0.334728,0.1286611,0.0950413,0.9100418,0.0,0.7878788,0.0030303,0.0393939,0.0909091,0.2545455,0.9939394,0.261708,0.2427184,0.25,10.643064971973882
7987.0,0.4599975,0.3613372,0.1432328,0.1384187,0.7283085,0.143984,0.6613561,0.0025936,0.0314931,0.0612174,0.3586514,0.998518,0.4069565,0.1068627,0.483871,10.134638955251866
707.0,0.4625177,0.6478076,0.1768034,0.1789474,0.8628006,0.0,0.664311,0.0,0.0070671,0.1501502,0.614841,0.9964664,0.3483483,0.0833333,1.0,9.615805480084347
18.0,0.5,0.0,0.1666667,0.0,0.8888889,0.0,0.7142857,0.0,0.0,0.3636364,0.0,1.0,0.2727273,0.0,0.0,9.615805480084347
11669.0,0.4542806,0.0191962,0.1664239,0.1016018,0.7958694,0.087154,0.7046403,0.0017186,0.0331451,0.0295449,0.0159588,0.9825681,0.1846557,0.0264624,0.2368421,12.087294740154986
1244.0,0.4557878,0.0,0.2106109,0.1757755,0.8159164,0.0,0.623327,0.0095602,0.0382409,0.0490909,0.0,0.9904398,0.2563636,0.0878378,1.0,10.275085591132715
10420.0,0.4584453,0.3012476,0.1639155,0.1495658,0.856238,0.018714,0.7035847,0.0034611,0.0192831,0.0823503,0.2548826,0.9970334,0.3076225,0.1078717,0.3913043,10.34177474101152
463.0,0.4773218,0.0,0.2073434,0.1694215,0.8142549,0.0,0.5979899,0.0050251,0.0301508,0.127193,0.0,0.9899497,0.3815789,0.0461538,0.7142857,9.908524844053396
12425.0,0.484507,0.002173,0.1117103,0.0874317,0.8931992,0.0,0.7658826,0.0010991,0.0485821,0.0315095,0.0026379,0.9540558,0.1933149,0.0583658,0.2592593,11.466891997618188
804.0,0.4912935,0.0024876,0.0995025,0.0586797,0.89801,0.0,0.7491039,0.0071685,0.0322581,0.0882353,0.0,0.9784946,0.3104575,0.1588785,0.6666667,10.288783966353765
42696.0,0.5012179,0.0253185,0.0555556,0.036204,0.9191259,0.0019908,0.8233855,0.0055913,0.0443808,0.0317385,0.0227146,0.9786134,0.1731069,0.1449021,0.3619048,11.49069008091951
54.0,0.5185185,0.0,0.2037037,0.1153846,0.8518519,0.0,0.6363636,0.0,0.0,0.12,0.0,1.0,0.28,0.0,0.0,9.825580063659602
6688.0,0.4760766,0.024073,0.0506878,0.0456621,0.9316687,0.0131579,0.8608534,0.0046382,0.0236549,0.1153057,0.0227273,0.9856215,0.1473123,0.1662469,0.6783626,10.628641991731053
8512.0,0.5099859,0.0583882,0.0620301,0.0640134,0.8724154,0.0572133,0.8175477,0.0044053,0.0260646,0.0606897,0.0326725,0.9687959,0.3006897,0.1637427,0.4,11.06665398721974
914.0,0.4485777,0.5021882,0.1411379,0.1428571,0.8884026,0.0,0.7118156,0.0028818,0.0057637,0.1170483,0.3948127,1.0,0.2849873,0.1261261,0.8,9.883335864325275
452.0,0.4911504,0.0,0.1659292,0.1347826,0.840708,0.0,0.6612903,0.016129,0.0268817,0.1142857,0.0,0.9946237,0.2428571,0.047619,0.75,9.615805480084347
1582.0,0.454488,0.0006321,0.2054362,0.1819235,0.8261694,0.039823,0.6815287,0.0031847,0.0159236,0.0654762,0.0,0.9952229,0.3035714,0.0555556,0.5,10.047631185616188
192.0,0.5260417,0.0052083,0.1458333,0.0769231,0.9375,0.0,0.8181818,0.0,0.0,0.1315789,0.0,1.0,0.1710526,0.2,0.0,9.635673464721814
2311.0,0.47209,0.0025963,0.2427521,0.1729508,0.797923,0.0367806,0.6278317,0.004315,0.0312837,0.0821782,0.0021575,0.9978425,0.3475248,0.0938416,0.5833333,10.030164255362632
481.0,0.4885655,0.0,0.1455301,0.101626,0.8565489,0.0,0.6959064,0.0292398,0.0409357,0.0446927,0.0,0.994152,0.2458101,0.1612903,1.0,10.239995502805316
464.0,0.4525862,0.0,0.3922414,0.2440945,0.7521552,0.125,0.6871508,0.0,0.0055866,0.0820513,0.0,1.0,0.3128205,0.0454545,0.75,9.711176264112805
1686.0,0.4667853,0.3007117,0.1637011,0.1646274,0.8819692,0.0,0.7133858,0.0047244,0.0173228,0.1289438,0.2976378,0.9968504,0.2839506,0.1069182,0.7222222,10.073272520325904
6924.0,0.486424,0.0239746,0.1126516,0.0978628,0.8971693,0.0397169,0.8019608,0.0004902,0.0112745,0.1056554,0.0058824,0.2480392,0.4769838,0.2330508,0.7241379,9.615805480084347
438.0,0.5045662,0.0022831,0.1461187,0.1382488,0.9086758,0.0,0.7771084,0.0,0.0180723,0.0292398,0.0,0.9879518,0.1111111,0.2222222,0.3333333,10.118639253920785
103.0,0.4271845,0.4854369,0.2330097,0.1525424,0.7961165,0.0,0.6086957,0.0,0.0652174,0.0612245,0.4565217,1.0,0.3061224,0.2142857,0.0,10.047631185616188
6193.0,0.4913612,0.0113031,0.1196512,0.0825397,0.9252382,0.0082351,0.8246214,0.0004885,0.0200293,0.019636,0.0097704,0.9863214,0.118295,0.05,0.5,12.17664898415669
8598.0,0.4755757,0.0112817,0.1303792,0.0946995,0.7685508,0.0105839,0.5819927,0.0020758,0.066165,0.0604583,0.0096004,0.9865075,0.3551926,0.0181369,0.4705882,11.82847315946983
660.0,0.4378788,0.8575758,0.1378788,0.1105121,0.8333333,0.0,0.6290909,0.0072727,0.0181818,0.0677966,0.8036364,0.9927273,0.3389831,0.0483871,0.8888889,10.457401400981889
763.0,0.4377457,0.0,0.3394495,0.2400932,0.757536,0.0668414,0.6170213,0.006079,0.0121581,0.1226667,0.0,0.9908815,0.2933333,0.0638298,1.0,9.615805480084347
69.0,0.5217391,0.0,0.2173913,0.1515152,0.8550725,0.0,0.7037037,0.0,0.0740741,0.1290323,0.0,1.0,0.4516129,0.0,0.0,9.615805480084347
17837.0,0.4770421,0.6547626,0.1133038,0.0942324,0.9110276,0.0051578,0.7798395,0.0028419,0.0220662,0.0943225,0.5929455,0.9958208,0.2428463,0.1590237,0.6404494,10.389026137075234
2093.0,0.4973722,0.0014333,0.134257,0.0627376,0.9068323,0.0,0.7766097,0.0013141,0.0289093,0.0742092,0.0026281,0.9960578,0.2457421,0.044335,0.9090909,11.666513129191083
9004.0,0.4705686,0.435251,0.133163,0.1210405,0.8752777,0.0278765,0.7477124,0.0026144,0.0264706,0.0906389,0.3630719,0.9888889,0.3676077,0.1804788,0.5681818,10.442929787247998
1534.0,0.4863103,0.0013038,0.1883963,0.1091371,0.922425,0.0,0.7971014,0.0,0.0126812,0.1139647,0.0,0.4655797,0.3194222,0.1829268,0.75,10.196194479235656
439.0,0.4373576,0.0,0.2209567,0.1619433,0.8109339,0.0,0.6467662,0.0,0.0547264,0.056338,0.0,0.9950249,0.4366197,0.0337079,1.0,10.428245666832275
939.0,0.4536741,0.2097977,0.1799787,0.1949318,0.8210863,0.0415335,0.6722222,0.0,0.0305556,0.0600522,0.1777778,0.9916667,0.2663185,0.0695652,0.5,10.534785924769006
463.0,0.4686825,0.0,0.1900648,0.1382114,0.887689,0.0,0.7287234,0.0,0.0053191,0.0917874,0.0,0.9787234,0.4009662,0.0555556,1.0,9.69898173460629
187.0,0.513369,0.0053476,0.3315508,0.0549451,0.9144385,0.0,0.8235294,0.0,0.0117647,0.7980998,0.0117647,1.0,0.1306413,0.0,0.9375,11.454247073019193
14939.0,0.4623469,0.1762501,0.1974028,0.1662102,0.8257581,0.0358792,0.6886356,0.0037991,0.02296,0.0745949,0.1536174,0.9955401,0.3388872,0.0773399,0.3647059,10.422311107413181
2308.0,0.4939341,0.0012998,0.0818891,0.0659247,0.8791161,0.0,0.7560096,0.0060096,0.0661058,0.0211765,0.0024038,0.9939904,0.1952941,0.0382979,0.0,11.18859323930985
1647.0,0.4754098,0.0163934,0.1621129,0.1423611,0.8567092,0.0,0.6967456,0.0014793,0.0399408,0.0384068,0.0133136,0.9970414,0.3499289,0.0931677,0.0,10.454523783963511
302.0,0.5231788,0.0,0.2748344,0.1944444,0.8013245,0.0,0.5766423,0.0,0.0145985,0.0866667,0.0,1.0,0.4266667,0.0588235,1.0,9.615805480084347
3571.0,0.4444133,0.5553066,0.1960235,0.1542339,0.8762251,0.0011201,0.7107143,0.0021429,0.0171429,0.0813648,0.5042857,0.9942857,0.2926509,0.108209,0.5555556,10.422311107413181
185.0,0.4864865,0.0,0.2972973,0.1473684,0.8486486,0.0,0.695122,0.0,0.0365854,0.0681818,0.0,1.0,0.1590909,0.0833333,0.0,9.615805480084347
35317.0,0.4820908,0.0100235,0.2256137,0.1116943,0.8393691,0.0049551,0.7082999,0.0042101,0.0604117,0.1207474,0.0081529,0.9843625,0.3574241,0.0590651,0.2237136,11.091346218718432
872.0,0.4277523,0.3405963,0.1869266,0.1783567,0.8715596,0.0045872,0.7188406,0.0028986,0.0231884,0.0308989,0.2985507,1.0,0.244382,0.0421053,0.0,10.332050506334692
634.0,0.4495268,0.0,0.2917981,0.1919771,0.8233438,0.0,0.6267123,0.0034247,0.0068493,0.148688,0.0,0.9931507,0.2565598,0.031746,0.8888889,9.642187721358466
650.0,0.4938462,0.2430769,0.1461538,0.1823708,0.8892308,0.0,0.7213115,0.0040984,0.0081967,0.1812081,0.2418033,0.9918033,0.3355705,0.0833333,0.8571429,9.615805480084347
16768.0,0.4838383,0.0232586,0.1266698,0.1030618,0.836355,0.0371541,0.7070805,0.0056579,0.038474,0.0446332,0.0215002,0.9109279,0.2492664,0.0942797,0.5324675,10.529452721013085
186.0,0.4623656,0.0,0.1290323,0.16,0.8387097,0.0,0.6447368,0.0,0.0394737,0.0731707,0.0,1.0,0.2439024,0.0833333,0.0,9.615805480084347
800.0,0.49125,0.0,0.1575,0.1179361,0.9075,0.0,0.759322,0.0033898,0.0067797,0.1571429,0.0,0.9762712,0.3371429,0.1298701,0.6428571,10.229223792606835
170.0,0.5058824,0.0,0.2941176,0.1071429,0.8941176,0.0,0.7702703,0.0,0.0135135,0.0512821,0.0,1.0,0.0769231,0.0,0.25,11.417526281205168
92.0,0.4565217,0.0,0.3804348,0.14,0.8804348,0.0,0.7857143,0.0238095,0.0238095,0.5757576,0.0,1.0,0.5555556,0.0,0.0,10.2328272702548
347.0,0.4466859,0.2651297,0.1613833,0.1145833,0.8876081,0.0,0.7222222,0.0,0.031746,0.0526316,0.2857143,1.0,0.3834586,0.0769231,1.0,9.781376414141157
354.0,0.5028249,0.0,0.2259887,0.1704545,0.8841808,0.0,0.7328767,0.0,0.0136986,0.1609195,0.0,0.9657534,0.3965517,0.1428571,0.3333333,10.016860879703811
5020.0,0.4766932,0.0051793,0.1113546,0.0787971,0.6880478,0.0165339,0.5521236,0.0072394,0.1853282,0.0586097,0.0048263,0.9975869,0.5102226,0.0330769,0.3333333,10.691967639914864
208.0,0.4759615,0.0,0.2019231,0.1926606,0.8846154,0.0,0.7241379,0.0,0.0,0.0543478,0.0,1.0,0.4021739,0.2,0.0,9.893487720457795
22591.0,0.5067505,0.0160241,0.0805188,0.0681145,0.842725,0.0142977,0.7149448,0.0038849,0.0746631,0.040424,0.0178463,0.9326211,0.2998602,0.1233108,0.26,11.58432477200052
3632.0,0.4575991,0.0121145,0.1822687,0.1522843,0.8191079,0.0134912,0.6366083,0.0047106,0.0343203,0.0541057,0.0100942,0.9952894,0.2603437,0.0786517,0.7333333,10.691967639914864
3917.0,0.4756191,0.0107225,0.1774317,0.1382668,0.7498085,0.0303804,0.5911536,0.006575,0.0824866,0.0434534,0.0119546,0.9874477,0.4265294,0.0322581,0.6,11.852257893055606
71872.0,0.4993043,0.0445375,0.1216886,0.0773912,0.8487867,0.019813,0.7280359,0.0064641,0.0718537,0.074659,0.0453273,0.8393047,0.4491575,0.1524526,0.16122,11.87965667474488
922.0,0.4761388,0.0032538,0.1019523,0.0993789,0.9164859,0.0,0.7861446,0.003012,0.0150602,0.0292398,0.0060241,0.9819277,0.1783626,0.1447368,1.0,10.482933978579906
375.0,0.52,0.0,0.1653333,0.1277778,0.8693333,0.0,0.6866667,0.0,0.0133333,0.1428571,0.0,1.0,0.3371429,0.0,1.0,9.966509298952284
4499.0,0.4674372,0.0011114,0.326517,0.1552588,0.8459658,0.0004445,0.7030632,0.0004941,0.0405138,0.1752241,0.0004941,0.9866601,0.2624287,0.025974,0.2777778,11.600945499760169
6876.0,0.4988365,0.0098895,0.0394124,0.0278584,0.9156486,0.0,0.8290409,0.0102131,0.0612789,0.0351328,0.0097691,0.9804618,0.1636675,0.1666667,0.1428571,11.476271853988816
5160.0,0.4868217,0.0003876,0.0494186,0.0373867,0.9689922,0.0,0.8980061,0.0023006,0.0184049,0.0557567,0.0007669,0.0352761,0.487328,0.3787879,1.0,10.199918739620157
261.0,0.4597701,0.9808429,0.1609195,0.1205674,0.8850575,0.0,0.6956522,0.0,0.0217391,0.2,0.9673913,1.0,0.5304348,0.0555556,1.0,9.933094897288786
132.0,0.5,0.0151515,0.1363636,0.0909091,0.9090909,0.0,0.7708333,0.0,0.0208333,0.2615385,0.0208333,0.8125,0.3230769,0.1428571,0.0,9.615805480084347
262.0,0.5076336,0.0,0.1526718,0.1007752,0.8969466,0.0,0.7647059,0.0,0.0294118,0.1428571,0.0,1.0,0.0756303,0.125,1.0,9.615805480084347
1424.0,0.5196629,0.002809,0.0323034,0.0190058,0.9445225,0.0,0.8641425,0.0022272,0.0378619,0.0684647,0.0044543,0.9933185,0.2178423,0.2142857,0.6153846,10.866680954096502
3007.0,0.4399734,0.3761224,0.2158297,0.1947743,0.8167609,0.0488859,0.6719577,0.0035273,0.0220459,0.1290323,0.3280423,0.9955908,0.2688172,0.1235632,0.6470588,10.118639253920785
3261.0,0.4799141,0.0003067,0.2612695,0.0955189,0.8095676,0.0211592,0.6947735,0.0076655,0.0627178,0.7116158,0.0006969,0.9958188,0.5799839,0.0461165,0.4042553,11.06195554002416
563.0,0.4955595,0.0017762,0.0479574,0.0915493,0.9360568,0.0,0.8300654,0.0065359,0.0522876,0.0192308,0.0065359,1.0,0.3653846,0.3191489,0.0,10.616461869895815
202.0,0.5049505,0.0148515,0.1584158,0.12,0.9059406,0.0,0.7352941,0.0,0.0147059,0.2,0.0294118,0.6029412,0.3294118,0.3333333,0.0,9.615805480084347
3421.0,0.4741304,0.0026308,0.0952938,0.0794886,0.8836597,0.0154925,0.7685106,0.0093617,0.0417021,0.0313273,0.0017021,0.9906383,0.2712284,0.0528302,0.7272727,10.762170357789895
428.0,0.4742991,0.0046729,0.161215,0.1111111,0.8551402,0.0,0.7087912,0.0054945,0.0384615,0.1034483,0.0,1.0,0.453202,0.0,0.5,9.615805480084347
8050.0,0.5160248,0.0024845,0.0390062,0.0290041,0.9242236,0.0,0.8359559,0.0106216,0.0487805,0.0661278,0.0015736,0.9968529,0.2005878,0.137931,0.7413793,11.098939154318382
4017.0,0.4963903,0.0535225,0.0694548,0.0558576,0.9255663,0.0,0.8350291,0.005814,0.0392442,0.072151,0.0472384,0.9752907,0.3007417,0.1266846,0.2380952,10.859018228147887
2558.0,0.4585614,0.0027365,0.1497263,0.132852,0.8080532,0.0015637,0.6151685,0.0046816,0.0589888,0.0863986,0.0018727,0.994382,0.4824636,0.0440367,0.3333333,11.307142836927456
85.0,0.5058824,0.0,0.1882353,0.0238095,0.8588235,0.0,0.6857143,0.0,0.0285714,0.3859649,0.0,1.0,0.4035088,0.1428571,1.0,10.628641991731053
284.0,0.4577465,0.0,0.2887324,0.2532468,0.7992958,0.0,0.5882353,0.0,0.0073529,0.133758,0.0,1.0,0.1910828,0.1666667,0.8333333,9.615805480084347
14519.0,0.4890144,0.0268614,0.1274881,0.0822213,0.8666575,0.03368,0.7514669,0.0041911,0.0393965,0.0587771,0.0268231,0.7244342,0.3688363,0.208618,0.2117647,11.340962076644454
525.0,0.4971429,0.0,0.1104762,0.125,0.8742857,0.0,0.7165775,0.0106952,0.0320856,0.0360825,0.0,0.9893048,0.2680412,0.1147541,0.0,10.573903321093981
569.0,0.4586995,0.7855888,0.1001757,0.1136364,0.8980668,0.0,0.7219251,0.0053476,0.026738,0.1261682,0.7219251,1.0,0.4065421,0.2533333,0.5,9.770013301136158
5668.0,0.4795342,0.0149965,0.0689838,0.060339,0.9131969,0.0169372,0.8186638,0.0021209,0.0254507,0.1264474,0.0127253,0.9909862,0.1760074,0.0503432,0.4929577,11.233224789593368
167.0,0.4850299,0.0,0.3353293,0.2325581,0.7964072,0.0,0.5903614,0.0,0.0,0.1443299,0.0,1.0,0.1752577,0.1428571,1.0,9.615805480084347
2745.0,0.4983607,0.0043716,0.1074681,0.0675381,0.9282332,0.0,0.835691,0.0032644,0.031556,0.0397074,0.0043526,0.9825898,0.0815047,0.125,0.5238095,12.56444964015848
1993.0,0.4786754,0.2232815,0.162569,0.1222329,0.835424,0.0501756,0.7217514,0.0028249,0.0338983,0.1060606,0.2245763,0.9548023,0.3383838,0.1538462,0.7333333,10.196194479235656
7440.0,0.4486559,0.2010753,0.3189516,0.1699171,0.7998656,0.0248656,0.6508423,0.0030628,0.0416539,0.174045,0.1448698,0.9859112,0.4991146,0.089083,0.6551724,10.571342565808699
1276.0,0.4568966,0.0086207,0.2374608,0.1774892,0.8158307,0.0431034,0.6666667,0.0,0.0175439,0.096831,0.0038986,0.994152,0.3010563,0.0746269,0.8888889,9.729193687429403
34.0,0.4705882,0.0,0.0588235,0.1111111,0.8529412,0.0,0.6153846,0.0,0.0,0.1875,0.0,1.0,0.0625,0.0,1.0,9.615805480084347
1655.0,0.4858006,0.2338369,0.0616314,0.0552291,0.8797583,0.0,0.7647059,0.017301,0.0743945,0.0897638,0.2041522,0.9723183,0.392126,0.1604938,0.6,10.905974329106854
4591.0,0.4831191,0.0032673,0.1566108,0.1268437,0.857983,0.0411675,0.7551893,0.003663,0.0311355,0.0787402,0.002442,0.95116,0.2885264,0.1468927,0.53125,10.5506169722625
545.0,0.4733945,0.0,0.1743119,0.1533101,0.8825688,0.0,0.7216981,0.0,0.0141509,0.2089552,0.0,0.990566,0.3880597,0.1538462,0.5,10.177362240256695
402.0,0.5248756,0.0,0.1666667,0.1099476,0.9303483,0.0,0.7741935,0.0,0.0,0.2,0.0,1.0,0.1612903,0.3571429,1.0,10.463131911491967
297.0,0.5218855,0.0,0.1245791,0.1478873,0.8484848,0.0,0.6896552,0.0,0.0689655,0.0866142,0.0,1.0,0.1811024,0.0909091,0.8,10.900454637442037
7389.0,0.4590608,0.288537,0.1660577,0.1553665,0.8375964,0.0265259,0.6705036,0.0039568,0.0219424,0.0557065,0.2348921,0.9953237,0.377038,0.1409861,0.5,9.928228944424575
330.0,0.4636364,0.1575758,0.1878788,0.180791,0.8878788,0.0,0.7251908,0.0,0.0076336,0.2012195,0.1068702,1.0,0.2317073,0.0,0.0,9.966509298952284
4516.0,0.4962356,0.0343224,0.0527015,0.0342857,0.954163,0.0,0.8803245,0.0047329,0.0162272,0.070396,0.0338066,0.9756592,0.142049,0.1016949,0.6153846,11.133142723386813
2414.0,0.4312345,0.6089478,0.1396023,0.1434814,0.8935377,0.0,0.7286036,0.0022523,0.0146396,0.0984772,0.5382883,0.9988739,0.3147208,0.1728723,0.7777778,10.207325906555994
14392.0,0.4866593,0.0248749,0.1527237,0.1223606,0.8784047,0.0002084,0.7255045,0.0019996,0.0370842,0.0253366,0.0298128,0.9536448,0.2930546,0.0334672,0.5,11.816734299348461
3413.0,0.4819807,0.004102,0.1570466,0.1159502,0.887782,0.0,0.7548291,0.0029718,0.0304606,0.0239304,0.0022288,0.9925706,0.204496,0.0063898,0.6666667,11.273411140805074
1249.0,0.4571657,0.8222578,0.1273018,0.1297935,0.826261,0.0160128,0.6644444,0.0111111,0.0755556,0.1412214,0.7955556,0.9777778,0.5305344,0.1494253,0.4,10.114599007626499
1405.0,0.5081851,0.0014235,0.0498221,0.0332851,0.9380783,0.0,0.8669623,0.0,0.0487805,0.021692,0.0022173,0.9977827,0.1041215,0.0972222,0.2,11.430641079947755
2435.0,0.4858316,0.001232,0.136345,0.1158147,0.8829569,0.0,0.7212249,0.0021119,0.0190074,0.0805825,0.0,0.9936642,0.2679612,0.1226415,0.84,9.980494888896912
1213.0,0.4229184,0.0338005,0.3017312,0.2757143,0.7403133,0.0131904,0.5236486,0.0016892,0.0253378,0.0864198,0.0405405,1.0,0.5154321,0.031746,0.8461538,10.142543822310387
275.0,0.4618182,0.0,0.1854545,0.1081081,0.9090909,0.0,0.7619048,0.0,0.0,0.0948276,0.0,1.0,0.1465517,0.1176471,1.0,9.87822102528824
496.0,0.4717742,0.0060484,0.3064516,0.1641221,0.8326613,0.0,0.6763485,0.0041494,0.0165975,0.2584615,0.0041494,0.9917012,0.1261538,0.0526316,0.375,11.405351390085748
528.0,0.4886364,0.1647727,0.1174242,0.1111111,0.8787879,0.0,0.7190476,0.0047619,0.0190476,0.0948276,0.1666667,0.9952381,0.3965517,0.0547945,1.0,10.247112717290387
1126.0,0.4751332,0.0,0.160746,0.1116751,0.8801066,0.0,0.724359,0.0021368,0.0128205,0.037037,0.0,1.0,0.3374486,0.0673077,1.0,10.638280388314705
551.0,0.4700544,0.0,0.2268603,0.1712329,0.8566243,0.0,0.6782609,0.0,0.0217391,0.1085271,0.0,0.9956522,0.3410853,0.1272727,0.5,9.615805480084347
625.0,0.4512,0.0016,0.3456,0.2653061,0.768,0.0,0.556962,0.0,0.0158228,0.1246537,0.0031646,1.0,0.299169,0.04,1.0,9.615805480084347
69.0,0.4637681,0.0,0.1884058,0.2162162,0.7971014,0.0,0.6129032,0.0,0.0645161,0.1388889,0.0,1.0,0.2222222,0.0,1.0,9.615805480084347
6146.0,0.5001627,0.0405142,0.1143833,0.0917969,0.8608851,0.0605272,0.7950461,0.001457,0.0247693,0.0418799,0.0165129,0.9878582,0.1163332,0.0848329,0.5517241,11.974777207691876
581.0,0.4939759,0.0,0.1738382,0.1428571,0.8709122,0.0,0.7090164,0.0,0.0163934,0.0792453,0.0,0.9918033,0.2490566,0.1896552,0.8333333,9.615805480084347
175.0,0.5085714,0.0,0.1771429,0.127907,0.8628571,0.0,0.68,0.0,0.0,0.0740741,0.0,1.0,0.1481481,0.0909091,0.0,9.615805480084347
7786.0,0.4865143,0.0693553,0.2392756,0.1113057,0.829309,0.0166966,0.7154247,0.0042932,0.0680773,0.2115571,0.0551978,0.9687213,0.4596228,0.0748815,0.2816901,11.1447705923684
363.0,0.5013774,0.0,0.1487603,0.121547,0.8732782,0.0,0.7142857,0.0075188,0.0526316,0.0567376,0.0,0.9849624,0.2553191,0.15,0.0,9.989711119284745
18230.0,0.5055403,0.0859024,0.0577619,0.0587974,0.8911684,0.0,0.7616852,0.0077901,0.0526232,0.0901201,0.0804452,0.8467409,0.4313612,0.1355105,0.407767,10.795506083434564
432.0,0.4814815,0.0,0.1273148,0.1205357,0.8958333,0.0,0.7345679,0.0061728,0.0123457,0.0299401,0.0,0.9691358,0.3293413,0.14,0.0,10.596659732783579
3371.0,0.458321,0.0281815,0.2118066,0.177437,0.8181549,0.0465737,0.6707317,0.0,0.0175305,0.1044369,0.023628,0.9977134,0.3651877,0.0775,0.55,10.32551474894327
126.0,0.5,0.0,0.1666667,0.2063492,0.8730159,0.0,0.6595745,0.0,0.0,0.2878788,0.0,1.0,0.5757576,0.1666667,1.0,9.615805480084347
1475.0,0.4705085,0.000678,0.2522034,0.1869398,0.7844068,0.04,0.6269113,0.0015291,0.0183486,0.2177033,0.0,0.9678899,0.3851675,0.046875,0.8823529,9.928228944424575
1780.0,0.4842697,0.002809,0.0898876,0.0555556,0.9410112,0.0,0.8635634,0.0032103,0.0256822,0.0173502,0.0016051,0.9951846,0.0488959,0.0727273,1.0,11.468984026707245
2947.0,0.4950797,0.0145911,0.0308789,0.0228495,0.9874449,0.0,0.9659521,0.0,0.0113493,0.0112219,0.0138714,0.9949559,0.0112219,0.2352941,0.25,12.432813717998226
373.0,0.4691689,0.0,0.1045576,0.0757576,0.9061662,0.0,0.7664234,0.0,0.0218978,0.0805369,0.0,1.0,0.1006711,0.3181818,0.0,9.928228944424575
1289.0,0.4910784,0.0007758,0.1225756,0.0777439,0.9022498,0.0,0.7792494,0.00883,0.0353201,0.0382166,0.0,0.9690949,0.3036093,0.22,0.2,10.524090921620362
1278.0,0.4671362,0.0007825,0.2410016,0.1277533,0.8262911,0.0305164,0.7065637,0.0,0.0444015,0.2139605,0.0,0.9942085,0.3990895,0.1188119,0.25,11.377117196515812
11522.0,0.4868078,0.0078979,0.1149974,0.0916624,0.9480993,0.0011283,0.8715134,0.0023739,0.031454,0.0146199,0.0062315,0.3670623,0.3251462,0.321608,0.0625,11.177466714598282
4720.0,0.4663136,0.009322,0.1838983,0.1353712,0.8266949,0.0118644,0.6534031,0.0041885,0.0434555,0.0628067,0.0062827,0.9963351,0.3140334,0.0735469,0.4615385,10.725489582719506
5241.0,0.4722381,0.0034345,0.1957642,0.1464208,0.7727533,0.020416,0.5993662,0.0045269,0.0606609,0.0745706,0.0022635,0.9932096,0.2836196,0.0545635,0.7142857,10.315630315397533
4848.0,0.4358498,0.0012376,0.2374175,0.2054845,0.790429,0.0946782,0.716114,0.0052356,0.0296684,0.0606557,0.0005817,0.9976731,0.2983607,0.094703,0.5384615,10.188704088048116
5691.0,0.4630118,0.0022843,0.1976805,0.1560864,0.8627658,0.0226674,0.7281064,0.000917,0.0224668,0.032816,0.000917,0.9977075,0.2532151,0.0757856,0.4285714,10.633472802314019
1186.0,0.4780776,0.0,0.1888702,0.1599354,0.8507589,0.0,0.6767677,0.0060606,0.020202,0.0350877,0.0,0.9959596,0.2319688,0.1103896,0.0,9.980494888896912
1334.0,0.4167916,0.8950525,0.1304348,0.1388175,0.9235382,0.0,0.7610837,0.0,0.0123153,0.0580046,0.8472906,1.0,0.3851508,0.2198582,0.6666667,9.615805480084347
45.0,0.4888889,0.0,0.3333333,0.2608696,0.8222222,0.0,0.6190476,0.0,0.0,0.16,0.0,1.0,0.24,0.0,0.0,9.615805480084347
6290.0,0.4441971,0.5944356,0.145151,0.1633295,0.8538951,0.0325914,0.7174688,0.0044563,0.0245098,0.0653894,0.5334225,0.9973262,0.3036235,0.1256545,0.7222222,10.211009016314167
13692.0,0.4867806,0.0394391,0.165206,0.1277928,0.8812445,0.0016068,0.7431157,0.0015736,0.0418961,0.035111,0.0306845,0.9443352,0.2634276,0.1034247,0.6296296,11.63956692643747
1255.0,0.47251,0.0007968,0.187251,0.1601208,0.8262948,0.0,0.6597744,0.0131579,0.056391,0.0567376,0.0,0.9981203,0.3421986,0.0555556,0.8333333,10.278527816830314
963.0,0.5109034,0.0,0.2149533,0.1252654,0.8161994,0.0207684,0.6486486,0.004914,0.02457,0.2050781,0.0,0.997543,0.4121094,0.1083333,0.625,9.94755228369823
17623.0,0.4720536,0.0082846,0.1932702,0.1403697,0.8807808,0.0,0.7416013,0.0014799,0.0384786,0.0263689,0.0071037,0.9261507,0.3123919,0.071934,0.3636364,12.013100572810686
5002.0,0.472611,0.0055978,0.1583367,0.1182714,0.8188725,0.017593,0.6572561,0.0064388,0.0495295,0.0449385,0.0044577,0.9955423,0.2861873,0.0564617,0.5833333,10.594156665220533
12362.0,0.4644879,0.0010516,0.214043,0.1741692,0.7493933,0.0600227,0.6025591,0.0029528,0.0458661,0.0566388,0.0003937,0.996063,0.3788301,0.0341314,0.5333333,10.440010162389305
5214.0,0.4836977,0.0021097,0.0755658,0.0549777,0.9225163,0.0072881,0.8207266,0.0071471,0.0273973,0.0904659,0.0011912,0.7599762,0.3775731,0.1947484,0.7368421,10.6782377612977
23255.0,0.4719415,0.0079553,0.1824124,0.125,0.9106429,0.0100194,0.8112252,0.0035995,0.0405279,0.0369752,0.0074657,0.2558326,0.4569264,0.1786408,0.3023256,11.170449240431308
4516.0,0.4619132,0.0197077,0.2147919,0.1345679,0.8407883,0.0,0.6757322,0.000523,0.0496862,0.0343434,0.0209205,0.9911088,0.2550505,0.0315582,0.8181818,10.957817003758691
550.0,0.4509091,0.7072727,0.2472727,0.2450331,0.8545455,0.0,0.645933,0.0,0.0239234,0.1899225,0.6363636,0.9952153,0.1472868,0.2962963,1.0,9.615805480084347
804.0,0.431592,0.0,0.3221393,0.2625821,0.7537313,0.0746269,0.6042945,0.0,0.0245399,0.1019284,0.0,0.9969325,0.3002755,0.0816327,0.5714286,9.615805480084347
403.0,0.4516129,0.0024814,0.1935484,0.1402715,0.8833747,0.0173697,0.7913669,0.0,0.0431655,0.0413793,0.0,1.0,0.1034483,0.2352941,1.0,10.069044362997353
68.0,0.5,0.0,0.2647059,0.1176471,0.7205882,0.0,0.4545455,0.0,0.030303,0.3653846,0.0,1.0,0.2115385,0.25,0.6666667,9.615805480084347
5049.0,0.5224797,0.0029709,0.0463458,0.0248859,0.4787087,0.0180234,0.3382987,0.0082321,0.2281458,0.3628871,0.00196,0.9678557,0.6463536,0.0306834,0.1351351,12.750722717999489
10453.0,0.4729743,0.0320482,0.1262795,0.1063714,0.8573615,0.0225773,0.7282064,0.004008,0.0343186,0.0313031,0.0293086,0.996493,0.3652026,0.0702045,0.5769231,10.954326659732555
460.0,0.4978261,0.0,0.126087,0.0865801,0.9,0.0,0.7657143,0.0057143,0.0171429,0.0641711,0.0,0.9828571,0.2459893,0.1315789,1.0,10.742918838113225
3181.0,0.4539453,0.1427224,0.1949073,0.1761658,0.8217542,0.0402389,0.6719138,0.001657,0.029826,0.1353868,0.1275891,0.8748964,0.3782235,0.1388175,0.8235294,10.351405324899678
19788.0,0.4838791,0.0089448,0.1244694,0.1023206,0.9087831,0.014908,0.7887302,0.0026683,0.0182075,0.114893,0.0095746,0.3296186,0.3666296,0.1903148,0.7227723,10.05195066017375
331.0,0.4501511,0.0,0.0906344,0.1263736,0.8670695,0.0,0.703125,0.0078125,0.0390625,0.1949686,0.0,0.9921875,0.4025157,0.1176471,1.0,9.615805480084347
976.0,0.494877,0.0,0.1598361,0.1156187,0.8770492,0.0,0.6989529,0.0,0.013089,0.1767241,0.0,0.9947644,0.2392241,0.0375,0.7692308,10.169728906753061
6529.0,0.4818502,0.0006127,0.1677133,0.1197162,0.856027,0.0136315,0.6940328,0.0040048,0.0268322,0.0772358,0.0,0.949139,0.3784183,0.1425121,0.4166667,10.27163147557801
2704.0,0.470784,0.0025888,0.1963757,0.1872816,0.7414941,0.0946746,0.6562814,0.0080402,0.0854271,0.0377176,0.001005,0.9949749,0.4303675,0.0308057,0.25,11.091346218718432
343.0,0.5014577,0.0145773,0.0174927,0.005848,0.96793,0.0,0.9351852,0.0,0.0277778,0.0,0.0185185,0.9907407,0.0185185,0.3333333,0.0,11.034905792929415
1195.0,0.4728033,0.0384937,0.2142259,0.2190476,0.7046025,0.1364017,0.6289979,0.0021322,0.0298507,0.0601202,0.0277186,0.9872068,0.507014,0.0410959,0.3333333,10.566201298475118
17000.0,0.4865294,0.0013529,0.132,0.0836293,0.9133529,0.0066471,0.8057739,0.0016038,0.0211708,0.0194999,0.0017642,0.9943865,0.0654191,0.0643016,0.4561404,11.3373928113354
394.0,0.5406091,0.0,0.0456853,0.0441989,0.8807107,0.0,0.7538462,0.0153846,0.0615385,0.037037,0.0,0.9923077,0.2666667,0.0,0.0,10.781058245898533
872.0,0.4724771,0.0,0.2110092,0.1478261,0.8233945,0.0,0.6344648,0.0052219,0.0234987,0.0902613,0.0,0.9817232,0.4204276,0.0780142,0.3,10.53212287826962
2371.0,0.5056938,0.0037959,0.2256432,0.056314,0.925348,0.0,0.8577633,0.0032573,0.0358306,0.0854022,0.0032573,0.9619978,0.1459782,0.1666667,0.625,12.382967001677175
836.0,0.4677033,0.0023923,0.0837321,0.1123596,0.9078947,0.0334928,0.81,0.005,0.035,0.0990991,0.0,1.0,0.4774775,0.4375,0.0,9.615805480084347
468.0,0.4764957,0.0,0.1346154,0.0571429,0.9337607,0.0,0.863354,0.0124224,0.0310559,0.0584795,0.0,0.9875776,0.1345029,0.1904762,0.6666667,10.774801838762809
272.0,0.4448529,0.0036765,0.1727941,0.1258278,0.8860294,0.0,0.7087379,0.0,0.0097087,0.2797203,0.0,0.0582524,0.4475524,0.1333333,0.0,9.989711119284745
425.0,0.5011765,0.0,0.1858824,0.1415094,0.8894118,0.0,0.7272727,0.0,0.0121212,0.1315789,0.0,1.0,0.3421053,0.1052632,0.75,9.758519582283522
111.0,0.5315315,0.0,0.1441441,0.0961538,0.9279279,0.0,0.804878,0.0,0.0,0.0465116,0.0,1.0,0.1395349,0.0,0.0,10.110542371500753
525.0,0.5714286,0.0,0.0419048,0.0577778,0.9542857,0.0,0.8166667,0.0,0.0166667,0.0909091,0.0,1.0,0.6742424,0.1111111,0.0,10.106469212026385
225.0,0.52,0.0,0.0977778,0.1018519,0.9288889,0.0,0.8356164,0.0136986,0.0273973,0.1309524,0.0,1.0,0.297619,0.1515152,0.0,10.203629181337648
1429.0,0.4485654,0.5017495,0.2092372,0.2055838,0.8362491,0.0587824,0.7250996,0.001992,0.0199203,0.1035714,0.4661355,0.9940239,0.3678571,0.1688312,0.75,9.69898173460629
1062.0,0.4792844,0.9416196,0.113936,0.1139241,0.9114878,0.0,0.7580175,0.0029155,0.0262391,0.1159794,0.9329446,0.9970845,0.2835052,0.1206897,0.75,9.852246888342531
716.0,0.4678771,0.0,0.2555866,0.2152231,0.7849162,0.0614525,0.6460481,0.0034364,0.0137457,0.1181818,0.0,0.9828179,0.269697,0.1125,0.6666667,9.615805480084347
3199.0,0.4707721,0.588934,0.0844014,0.0826934,0.8543295,0.0043764,0.6862245,0.0059524,0.047619,0.0953846,0.5255102,0.9957483,0.4146154,0.0842333,0.6521739,10.49684202174171
295.0,0.4779661,0.0,0.1186441,0.0974026,0.8779661,0.0,0.7272727,0.0090909,0.0363636,0.1269841,0.0,1.0,0.1666667,0.16,0.75,10.463131911491967
622.0,0.4662379,0.0,0.2057878,0.1385542,0.8826367,0.0,0.728,0.0,0.016,0.2331288,0.0,0.964,0.2944785,0.0833333,1.0,9.615805480084347
192.0,0.4947917,0.5833333,0.1979167,0.1546392,0.859375,0.0,0.6575342,0.0,0.0273973,0.2234043,0.4794521,0.9863014,0.4361702,0.125,1.0,9.65509029374725
2462.0,0.4618197,0.2818846,0.1535337,0.1373585,0.8960195,0.0,0.7462366,0.0032258,0.0172043,0.0510204,0.2483871,0.9903226,0.2867347,0.1206897,0.6666667,10.188704088048116
40213.0,0.4943178,0.0871857,0.0664213,0.0587657,0.8626066,0.008828,0.7115699,0.0084658,0.0695084,0.0881018,0.0942373,0.6034457,0.5212975,0.1458849,0.2222222,11.239816684367907
2020.0,0.4772277,0.0029703,0.2118812,0.1628788,0.7633663,0.0435644,0.6052632,0.0023923,0.0514354,0.0489192,0.0023923,0.992823,0.4095563,0.0510949,1.0,11.370220696727491
18005.0,0.4708137,0.0061094,0.1942238,0.1417926,0.8349903,0.0113302,0.6688724,0.0039163,0.0332208,0.0474659,0.0043214,0.9900068,0.4223051,0.071263,0.4259259,10.640675541671662
16.0,0.5,0.0,0.3125,0.25,0.875,0.0,0.7142857,0.0,0.0,0.3636364,0.0,1.0,0.0909091,0.0,1.0,9.615805480084347
7200.0,0.4758333,0.0004167,0.1979167,0.1481187,0.8181944,0.0191667,0.6478261,0.0033445,0.0327759,0.0725806,0.0003344,0.9986622,0.3111042,0.0484018,0.7391304,10.094149233605084
866.0,0.482679,0.0011547,0.1489607,0.0959821,0.869515,0.0,0.7058824,0.0029412,0.0323529,0.1846523,0.0,0.8911765,0.4508393,0.1221374,0.6428571,10.599156550639583
1134.0,0.4479718,0.0,0.3104056,0.2396166,0.79806,0.0361552,0.6415842,0.0019802,0.0138614,0.0818182,0.0,1.0,0.2145455,0.060241,0.75,9.792611856190192
345.0,0.5072464,0.1449275,0.1594203,0.1058824,0.8985507,0.0,0.7398374,0.0081301,0.0081301,0.0390625,0.1138211,0.9918699,0.171875,0.25,1.0,10.360944044643913
2255.0,0.4727273,0.0,0.1370288,0.1059714,0.8922395,0.0310421,0.7894737,0.0040486,0.0161943,0.0907975,0.0,0.5425101,0.4,0.1442786,0.7272727,10.225607282932941
371.0,0.490566,0.0,0.309973,0.2063492,0.8221024,0.0,0.6167665,0.0,0.005988,0.0722222,0.0,1.0,0.3666667,0.0425532,0.2857143,10.177362240256695
138.0,0.4855072,0.2971014,0.1956522,0.1126761,0.8768116,0.0,0.7037037,0.0,0.0185185,0.15625,0.2962963,1.0,0.265625,0.0909091,1.0,9.615805480084347
5651.0,0.4588568,0.0024774,0.1920014,0.1445389,0.8074677,0.0334454,0.6580786,0.0043668,0.0358079,0.0747475,0.0017467,0.9366812,0.3426263,0.0729313,0.6285714,10.61890979160975
470.0,0.4893617,0.0106383,0.287234,0.1208333,0.7957447,0.0340426,0.6714976,0.0048309,0.0289855,0.2607143,0.0048309,1.0,0.3178571,0.0517241,1.0,10.545367754151743
2205.0,0.4485261,0.0004535,0.2748299,0.2097039,0.8099773,0.0380952,0.6557203,0.0,0.0105932,0.1347388,0.0,1.0,0.3061412,0.0492611,0.5357143,9.923339198238729
9286.0,0.4641396,0.0008615,0.1670256,0.1332395,0.841051,0.0324144,0.7070301,0.0054519,0.03099,0.0417927,0.0,0.9942611,0.2829255,0.0802708,0.5555556,10.457401400981889
360.0,0.5,0.0,0.1833333,0.1,0.8833333,0.0,0.738255,0.0,0.0201342,0.1813187,0.0,0.9530201,0.2912088,0.0909091,1.0,9.692828247710418
205.0,0.5219512,0.0,0.1853659,0.0714286,0.9170732,0.0,0.8101266,0.0,0.0126582,0.0365854,0.0,1.0,0.1463415,0.0769231,0.0,9.989711119284745
7612.0,0.4654493,0.065423,0.1718339,0.1368887,0.8281661,0.0,0.66133,0.0036946,0.0455665,0.0672028,0.0594212,0.9910714,0.4086732,0.0731306,0.5517241,10.422311107413181
787.0,0.5133418,0.0,0.0825921,0.0443864,0.9237611,0.0,0.8136882,0.0,0.0380228,0.0186567,0.0,0.9923954,0.1231343,0.0294118,1.0,11.243751064074187
718.0,0.4930362,0.0,0.1350975,0.1016484,0.8899721,0.0,0.7472924,0.0,0.032491,0.0415225,0.0,0.9963899,0.2110727,0.0735294,0.0,10.322230781590136
733.0,0.4870396,0.0027285,0.2005457,0.1489362,0.8676671,0.0,0.7019868,0.0033113,0.0198675,0.0820669,0.0033113,0.9834437,0.2462006,0.0428571,0.0,9.615805480084347
5564.0,0.475018,0.2086628,0.1110712,0.1037316,0.90133,0.0140187,0.7863517,0.0041995,0.0251969,0.0828117,0.1716535,0.9900262,0.3712085,0.1515152,0.4137931,10.344995251991222
1394.0,0.5050215,0.0035868,0.0954089,0.0507246,0.8995696,0.0014347,0.7841141,0.0040733,0.0529532,0.0856611,0.0040733,0.9470468,0.3631285,0.0921986,0.3333333,10.691967639914864
3810.0,0.4611549,0.0007874,0.2307087,0.1651242,0.8052493,0.0574803,0.6858497,0.0020311,0.0270819,0.0698992,0.0,0.9959377,0.2531486,0.0679012,0.4444444,10.351405324899678
149.0,0.4295302,0.4966443,0.1677852,0.1058824,0.9395973,0.0,0.8125,0.0,0.0,0.0588235,0.5,1.0,0.3529412,0.3076923,1.0,10.077482875583607
695.0,0.476259,0.0028777,0.1654676,0.1263736,0.894964,0.0,0.75,0.0,0.0183824,0.1140065,0.0,0.9963235,0.1954397,0.122449,0.2,10.32551474894327
605.0,0.4892562,0.0,0.3157025,0.2135922,0.7520661,0.0876033,0.6532258,0.0,0.0403226,0.3130194,0.0,0.983871,0.2493075,0.0923077,1.0,10.729875458480967
15520.0,0.4862113,0.0207474,0.1162371,0.0862804,0.9206186,0.0012887,0.7929553,0.0034364,0.0360825,0.0334233,0.0229811,0.4271907,0.4363712,0.2169927,0.04,11.88380602959621
55998.0,0.4750705,0.4877674,0.0835744,0.0868515,0.8854602,0.0172328,0.7672458,0.0039346,0.0349515,0.089132,0.4423097,0.982882,0.2718641,0.1326248,0.4760383,10.635879484421974
988.0,0.4301619,0.5708502,0.1568826,0.1456483,0.8967611,0.0,0.7290503,0.0027933,0.0111732,0.0959596,0.5111732,1.0,0.2878788,0.1212121,0.6666667,9.99884318585288
10164.0,0.4877017,0.0021645,0.0909091,0.0672172,0.8445494,9.84e-05,0.7007586,0.0028773,0.0813497,0.0272265,0.001831,0.9921528,0.3010178,0.0303301,0.3478261,10.887455624298198
1471.0,0.4908226,0.0006798,0.1373215,0.0987984,0.900068,0.0346703,0.827853,0.0019342,0.0096712,0.1510673,0.0019342,0.9941973,0.2495895,0.1219512,0.6666667,9.985113621416073
47.0,0.5106383,0.0,0.1489362,0.0869565,0.9148936,0.0,0.8,0.0,0.0,0.047619,0.0,1.0,0.6190476,0.5,0.0,9.615805480084347
23.0,0.5652174,0.0,0.0869565,0.0,0.7826087,0.0,0.5833333,0.0,0.0,0.625,0.0,1.0,0.84375,0.0,0.0,11.305913595583258
353.0,0.5155807,0.0113314,0.1104816,0.0409357,0.98017,0.0,0.9448819,0.0,0.0,0.0155039,0.007874,0.992126,0.0,1.0,0.5,11.910365121788654
116.0,0.5172414,0.0,0.1896552,0.125,0.887931,0.0,0.7755102,0.0,0.0408163,0.4494382,0.0,1.0,0.2247191,0.0,0.0,10.003378135350923
300.0,0.4633333,0.0,0.1833333,0.1180124,0.9066667,0.0,0.7636364,0.0,0.0181818,0.1666667,0.0,0.9545455,0.2424242,0.0952381,0.0,10.221977646629885
71.0,0.4929577,0.0,0.1549296,0.0833333,0.8028169,0.0,0.5666667,0.0,0.0333333,0.2857143,0.0,1.0,0.3095238,0.0,0.0,9.615805480084347
870.0,0.4402299,0.0011494,0.1597701,0.1560575,0.8321839,0.0,0.6323907,0.0025707,0.0077121,0.0512195,0.0,0.9974293,0.5365854,0.0306513,0.5,9.735128070758227
521.0,0.4932821,0.0,0.0863724,0.0833333,0.9270633,0.0,0.7976879,0.0,0.017341,0.135,0.0,0.8092486,0.34,0.1568627,1.0,10.419330568113901
157.0,0.4968153,0.0,0.2229299,0.1772152,0.8853503,0.0,0.7313433,0.0,0.0,0.2637363,0.0,1.0,0.2527473,0.1111111,0.6666667,9.615805480084347
2702.0,0.46151,0.5451517,0.0592154,0.057732,0.9093264,0.0,0.7686318,0.0066741,0.0311457,0.1018981,0.5172414,0.9777531,0.3966034,0.1270903,0.2,10.524090921620362
20769.0,0.4945833,0.0467524,0.109442,0.0934553,0.9000915,0.0021185,0.7763993,0.0017311,0.0500577,0.0191029,0.0351991,0.9281593,0.2317815,0.1566509,0.5,11.776066350866136
434.0,0.4262673,0.9585253,0.0990783,0.0963855,0.9400922,0.0,0.8059701,0.0,0.0,0.1006711,0.9552239,1.0,0.2684564,0.2,0.0,9.615805480084347
3443.0,0.4757479,0.0023236,0.2242231,0.1745152,0.7984316,0.0328202,0.6373166,0.0027952,0.0279525,0.0797428,0.0020964,0.9965059,0.3061093,0.058296,0.6333333,10.073272520325904
472.0,0.5190678,0.0063559,0.1885593,0.1718062,0.8305085,0.0211864,0.6544503,0.0,0.0209424,0.0817308,0.0,1.0,0.375,0.0833333,0.6666667,9.966509298952284
6761.0,0.5506582,0.0304689,0.0931815,0.0734036,0.8091998,0.103535,0.7750912,0.0054745,0.0346715,0.0343612,0.0027372,0.9990876,0.2762115,0.064,0.4615385,10.76004951120163
1304.0,0.4815951,0.0015337,0.1633436,0.1079882,0.9079755,0.0,0.7666667,0.0041667,0.0125,0.030303,0.0,0.99375,0.169697,0.1238938,0.0,10.485731104959568
412.0,0.4635922,0.0,0.1237864,0.1085973,0.9150485,0.0,0.7933333,0.0066667,0.0066667,0.0625,0.0,0.9866667,0.19375,0.08,1.0,10.268165387743457
384.0,0.5052083,0.0,0.1458333,0.1105263,0.9010417,0.0,0.7671233,0.0068493,0.0205479,0.0875,0.0,1.0,0.15625,0.0,0.6666667,9.686636660844938
10542.0,0.4585468,0.4148169,0.1818441,0.1706377,0.7973819,0.0664011,0.66692,0.0027862,0.025076,0.0695263,0.3670213,0.9954407,0.3511666,0.1211921,0.625,10.385944565501662
1432.0,0.4622905,0.0,0.2381285,0.2168831,0.7332402,0.1075419,0.6315789,0.0017544,0.0263158,0.1162791,0.0,0.9964912,0.4403101,0.1020408,0.7142857,9.928228944424575
42029.0,0.4832378,0.0041638,0.1425682,0.0974723,0.8844845,0.0187252,0.7679551,0.0013214,0.0288735,0.0226656,0.0032375,0.9811034,0.1618236,0.0540759,0.2621359,11.59451466851004
12257.0,0.4443175,0.9667129,0.1463653,0.1228894,0.6574202,0.1617035,0.5835576,0.0026915,0.0910203,0.1328241,0.9542452,0.9960851,0.359007,0.1203657,0.5454545,10.488520429241627
5975.0,0.4989121,0.0033473,0.1290377,0.1025384,0.86159,0.0060251,0.7144186,0.0074419,0.0506977,0.0414623,0.0018605,0.9106977,0.3370486,0.1214529,0.3888889,11.034905792929415
354.0,0.4689266,0.0,0.2683616,0.1808511,0.8305085,0.0,0.6322581,0.0,0.0193548,0.1436464,0.0,1.0,0.2265193,0.125,0.0,9.635673464721814
970.0,0.4649485,0.0030928,0.3154639,0.1734104,0.7731959,0.0,0.603272,0.00818,0.0408998,0.6353468,0.002045,0.9836401,0.4459359,0.0866667,0.2857143,10.633472802314019
1117.0,0.4879141,0.1136974,0.0734109,0.0629371,0.9006267,0.0,0.7682927,0.004878,0.0341463,0.0969163,0.1146341,0.9902439,0.3414097,0.0676692,0.0,10.721084386282662
1741.0,0.4824813,0.0063182,0.1206203,0.1143174,0.8954624,0.0,0.7569231,0.0046154,0.0230769,0.0510949,0.0107692,0.9984615,0.2554745,0.0642857,1.0,10.12667110305036
1626.0,0.49877,0.00246,0.101476,0.0699387,0.8376384,0.00123,0.671275,0.0122888,0.0552995,0.4402408,0.0015361,0.9938556,0.5700774,0.09,0.9333333,10.261196961231647
7180.0,0.4931755,0.0013928,0.0951253,0.0774938,0.932312,0.0196379,0.8698784,0.0013507,0.0171094,0.0414329,0.0004502,0.9896443,0.0863185,0.0483271,0.34375,11.718320437984499
2742.0,0.4690007,0.0,0.221736,0.1607143,0.8384391,0.0,0.65,0.0016949,0.020339,0.0895062,0.0,0.9881356,0.2291667,0.0704698,0.64,9.77571099759397
200.0,0.545,0.0,0.225,0.1428571,0.815,0.0,0.5977011,0.0,0.0229885,0.1386139,0.0,1.0,0.3366337,0.2,0.75,9.908524844053396
199.0,0.4723618,0.0,0.241206,0.152381,0.8592965,0.0,0.7045455,0.0,0.0227273,0.0434783,0.0,1.0,0.2065217,0.1,0.0,9.852246888342531
6238.0,0.4504649,0.2257134,0.1607887,0.1391482,0.8318371,0.0206797,0.6678529,0.0015817,0.0268881,0.0726073,0.209569,0.9960459,0.4081408,0.0727273,0.3529412,10.510559281627845
1019.0,0.4946026,0.0,0.1138371,0.0893204,0.8930324,0.0,0.7493671,0.0,0.0227848,0.2300195,0.0,1.0,0.1871345,0.0333333,1.0,10.956073354557526
1063.0,0.476952,0.6839135,0.1345249,0.1348921,0.9106303,0.0028222,0.7572254,0.0,0.0231214,0.1262626,0.6213873,0.9971098,0.2424242,0.2424242,0.6666667,9.798182590890704
480.0,0.4895833,0.0,0.125,0.1183673,0.8854167,0.0,0.7257143,0.0114286,0.0171429,0.0223464,0.0,1.0,0.150838,0.0625,1.0,10.657282884047461
329.0,0.5197568,0.1884498,0.0820669,0.0949367,0.9392097,0.0,0.8318584,0.0,0.0088496,0.0887097,0.1769912,0.9823009,0.2419355,0.1764706,0.6666667,10.181157167204903
458.0,0.4934498,0.0,0.1659389,0.1422414,0.8231441,0.0,0.640884,0.0110497,0.0662983,0.1170732,0.0,0.9889503,0.3463415,0.1111111,0.0,10.318935994253193
920.0,0.4847826,0.0228261,0.1282609,0.0907173,0.875,0.0,0.7383721,0.0116279,0.0552326,0.4469453,0.0232558,0.630814,0.5675241,0.106383,0.6,10.376642461280849
494.0,0.3643725,0.0,0.5809717,0.3280255,0.6336032,0.208502,0.6336634,0.0049505,0.0049505,0.1140351,0.0,1.0,0.4078947,0.025974,1.0,10.586609649448985
6181.0,0.4801812,0.0304158,0.1350914,0.1073763,0.834331,0.0512862,0.726694,0.0027285,0.0418372,0.0476397,0.0263756,0.9854479,0.1940234,0.0210325,0.0851064,11.80186424743109
19.0,0.4736842,0.0,0.4736842,0.2,0.7368421,0.0,0.5454545,0.0,0.0,0.2142857,0.0,1.0,0.2142857,0.0,0.0,9.615805480084347
1141.0,0.4434706,0.0026293,0.2296231,0.2141732,0.8001753,0.0709904,0.6774194,0.0046083,0.0138249,0.1354582,0.0,1.0,0.3366534,0.0887097,0.7272727,10.192456296870509
54909.0,0.452312,0.5555373,0.1339307,0.1221029,0.7897977,0.0714273,0.6585646,0.0018818,0.0446396,0.1147154,0.4715383,0.9925252,0.4084683,0.1550076,0.5426621,10.332050506334692
3722.0,0.4645352,0.0660935,0.176518,0.1530356,0.8449758,0.0048361,0.6806182,0.0051513,0.0309079,0.0655836,0.052801,0.9916291,0.4061372,0.0658307,0.5294118,10.351405324899678
30.0,0.5666667,0.0333333,0.0666667,0.0,0.7666667,0.0,0.6153846,0.0,0.1538462,0.4583333,0.0,1.0,0.625,0.1666667,1.0,10.463131911491967
53286.0,0.4895657,0.002571,0.1077581,0.0854443,0.9401719,0.0003566,0.8560281,0.0018466,0.0290684,0.011773,0.0020848,0.9661663,0.0955969,0.1360045,0.3484848,11.890683588496984
382.0,0.4947644,0.0,0.1937173,0.1709845,0.8481675,0.0,0.65625,0.00625,0.0125,0.223301,0.0,1.0,0.276699,0.1111111,0.8333333,9.615805480084347
3566.0,0.4778463,0.0036455,0.1595625,0.1283566,0.8146383,0.0030847,0.626936,0.0047138,0.0525253,0.0419355,0.003367,0.996633,0.3670968,0.0421053,0.0,10.92775337907558
2118.0,0.4494806,0.0934844,0.2398489,0.2186964,0.7592068,0.1199245,0.7086614,0.003937,0.0354331,0.0819277,0.0879265,0.992126,0.2686747,0.0434783,0.625,11.230575816507569
1716.0,0.4889277,0.002331,0.0856643,0.0513113,0.8776224,0.0,0.7303922,0.0065359,0.0588235,0.0540958,0.001634,0.9477124,0.2905719,0.1180124,0.4615385,10.33854382482173
156.0,0.5576923,0.0064103,0.1538462,0.0869565,0.8910256,0.0,0.7413793,0.0172414,0.0172414,0.09375,0.0172414,0.9827586,0.28125,0.0,1.0,10.451637862362272
416.0,0.5,0.0,0.1754808,0.0865385,0.9447115,0.0,0.837037,0.0,0.0074074,0.2663043,0.0,0.962963,0.2391304,0.1428571,0.6,10.130662964963708
48.0,0.5416667,0.2708333,0.2083333,0.1363636,0.8541667,0.0,0.75,0.0625,0.0625,0.1111111,0.1875,1.0,0.0555556,0.0,0.0,9.841665338892785
14203.0,0.5067239,0.0108428,0.1171583,0.0959178,0.8464409,0.0572414,0.7614564,0.0046035,0.0341076,0.1018606,0.0023017,0.7250471,0.3497463,0.1265432,0.5411765,10.969938154395841
102.0,0.5196078,0.0,0.2647059,0.1428571,0.8137255,0.0,0.6458333,0.0,0.0416667,0.04,0.0,1.0,0.22,0.0,0.0,9.615805480084347
3109.0,0.5030556,0.0073979,0.065616,0.0368932,0.951753,0.0,0.8813725,0.0019608,0.0235294,0.0220518,0.0068627,0.9882353,0.0556088,0.2166667,0.1,11.225256725762893
55.0,0.5454545,0.0,0.0909091,0.16,0.9090909,0.0,0.7368421,0.0,0.0,0.05,0.0,1.0,0.3,0.0,0.0,9.615805480084347
1243.0,0.4794851,0.003218,0.0893001,0.0788253,0.8769107,0.0,0.6947608,0.0022779,0.0410023,0.0287611,0.0022779,0.9794989,0.369469,0.1395349,1.0,11.25416768929685
5665.0,0.4718447,0.0402471,0.1759929,0.1544118,0.8573698,0.0098853,0.6829378,0.0031348,0.0125392,0.2120677,0.0429915,0.9175996,0.353211,0.103125,0.7830189,9.792611856190192
223.0,0.4932735,0.0044843,0.2556054,0.159292,0.9013453,0.0,0.7692308,0.0,0.010989,0.2017544,0.0,1.0,0.3070175,0.1666667,0.0,9.615805480084347
1971.0,0.5098935,0.0350076,0.0522577,0.0465839,0.8523592,0.0,0.7061118,0.0104031,0.0663199,0.1417411,0.0364109,0.9869961,0.5613839,0.0697051,0.4,10.53212287826962
2075.0,0.4838554,0.0,0.1493976,0.0961718,0.893494,0.0,0.7406015,0.0012531,0.0150376,0.0397112,0.0,0.9924812,0.2298436,0.0159363,1.0,11.02518140064756
437319.0,0.4845753,0.0766717,0.1455619,0.1041104,0.7299386,0.0262714,0.5551776,0.0057137,0.0957879,0.0559566,0.0633637,0.9769849,0.4103686,0.0614794,0.3920386,10.703266939811954
1077.0,0.4661096,0.0,0.0789229,0.0573913,0.9619313,0.0,0.8700361,0.0036101,0.0072202,0.2748691,0.0,0.0469314,0.5,0.4444444,1.0,9.615805480084347
220.0,0.45,0.0,0.2909091,0.214876,0.7727273,0.0,0.5784314,0.0294118,0.0490196,0.1428571,0.0,1.0,0.302521,0.0666667,0.6666667,9.615805480084347
178681.0,0.4861681,0.3814451,0.1077563,0.1090707,0.8358919,0.0424108,0.7172045,0.0036719,0.0380443,0.0710899,0.3528811,0.9756529,0.3362583,0.0993364,0.3593131,10.666650414667744
2059.0,0.4900437,0.0,0.1063623,0.0780952,0.9086935,0.0,0.7711172,0.0013624,0.0231608,0.0291005,0.0,0.9891008,0.2513228,0.0631068,0.0,11.166214996056205
1784.0,0.4501121,0.0,0.1939462,0.1641182,0.8245516,0.0112108,0.638472,0.0013643,0.0218281,0.0590501,0.0,0.9972715,0.2400513,0.0740741,0.0,10.431199791458543
7163.0,0.4830378,0.0005584,0.1629206,0.1142317,0.8334497,0.0127042,0.6720619,0.0059817,0.0517241,0.0306958,0.0003519,0.9824068,0.3843793,0.0722367,0.3076923,10.707751151716078
2120.0,0.4716981,0.0476415,0.2117925,0.1794643,0.8471698,0.0122642,0.6769406,0.0022831,0.0125571,0.1528046,0.0513699,0.9885845,0.3568665,0.1300448,0.6428571,9.75272280064639
2078.0,0.4615014,0.0028874,0.2083734,0.1599643,0.8508181,0.0,0.677458,0.0035971,0.0395683,0.2072243,0.0,0.9856115,0.2718631,0.0961538,0.7058824,11.409795792463761
3098.0,0.46643,0.3160103,0.1778567,0.1548699,0.8534538,0.0361524,0.7300771,0.0034276,0.0197087,0.069378,0.2750643,0.9965724,0.3413078,0.1016949,0.7826087,10.012386799492118
4477.0,0.4927407,0.0002234,0.031941,0.0242184,0.970516,0.0,0.897366,0.0018165,0.013624,0.0204626,0.0,0.9881926,0.1343416,0.2280702,0.5,11.088292827848269
1297.0,0.4934464,0.0038551,0.1071704,0.0852359,0.8704703,0.0292984,0.7770115,0.0091954,0.0597701,0.043956,0.0022989,0.983908,0.2879121,0.1258741,0.5454545,10.736418414365376
14232.0,0.504778,0.0084317,0.070756,0.0543417,0.9491287,0.0082912,0.873847,0.002713,0.0271297,0.0294892,0.0075963,0.4237656,0.3370195,0.3943329,0.2,11.92504173829169
1640.0,0.4841463,0.0012195,0.2146341,0.1288416,0.8792683,0.0,0.730486,0.0,0.0162003,0.0313837,0.0,0.9970545,0.1298146,0.078125,0.2857143,11.063524143191238
3462.0,0.4667822,0.0025997,0.214327,0.116468,0.8974581,0.0,0.7590711,0.0,0.0152395,0.0268362,0.0021771,0.9956459,0.0748588,0.0179211,0.4545455,11.586185220346932
30013.0,0.4781595,0.2667844,0.077,0.0773848,0.8805518,0.0205578,0.7780322,0.0043972,0.0382008,0.0756986,0.2509161,0.9585013,0.3818798,0.0917038,0.3137255,10.853232402669228
1616.0,0.5012376,0.0216584,0.1701733,0.1414392,0.8081683,0.0563119,0.6994907,0.0050934,0.0458404,0.0768025,0.0135823,0.9066214,0.3056426,0.1223404,0.5,10.39821428171237
1107.0,0.4598013,0.0162602,0.2448058,0.2090301,0.8220416,0.0225836,0.6493506,0.0,0.021645,0.0796813,0.017316,0.9891775,0.3366534,0.032,0.6111111,9.814710982145282
243.0,0.4979424,0.0,0.1687243,0.0819672,0.8641975,0.0,0.6907216,0.0,0.0309278,0.7113095,0.0,1.0,0.4910714,0.1785714,1.0,10.236417809461043
1450.0,0.5124138,0.0013793,0.0641379,0.029703,0.9510345,0.0,0.8796499,0.0021882,0.0306346,0.035865,0.0,1.0,0.0949367,0.2258065,0.0,11.274680966120778
166.0,0.5120482,0.0,0.1024096,0.1234568,0.9156627,0.0,0.779661,0.0,0.0169492,0.1060606,0.0,0.9830508,0.3939394,0.3636364,1.0,9.615805480084347
83885.0,0.4679859,0.1668236,0.1614472,0.1217621,0.8111224,0.0320916,0.6630406,0.0042925,0.0379855,0.0922605,0.1383589,0.9960897,0.3382439,0.0784804,0.5263158,10.292179440058462
1510.0,0.4649007,0.0,0.2298013,0.1720297,0.8039735,0.0423841,0.6443719,0.0016313,0.0146819,0.0985294,0.0,1.0,0.3073529,0.0777202,0.7058824,9.898525260706313
361.0,0.4155125,0.0027701,0.2631579,0.1563981,0.7894737,0.0,0.5942857,0.0,0.0285714,0.0740741,0.0057143,1.0,0.1481481,0.04,0.75,11.282266241614355
1175.0,0.4825532,0.0,0.1489362,0.1233553,0.8953191,0.0,0.7314149,0.0,0.0215827,0.1221053,0.0,0.5755396,0.4,0.1491228,1.0,10.034559673629849
249.0,0.4859438,0.0,0.2128514,0.140625,0.8594378,0.0,0.6767677,0.0,0.030303,0.038835,0.0,1.0,0.2038835,0.1,0.0,9.615805480084347
7487.0,0.4545212,0.4200614,0.1550688,0.1523017,0.8522773,0.0323227,0.7064859,0.0032979,0.016856,0.065411,0.3587395,0.9985343,0.3815068,0.1357839,0.5454545,10.571342565808699
775.0,0.483871,0.0,0.1509677,0.13,0.8632258,0.0,0.6964856,0.0,0.028754,0.0339506,0.0,0.9968051,0.2808642,0.0493827,1.0,10.542732775946709
1012.0,0.513834,0.0019763,0.1096838,0.0589431,0.9051383,0.0,0.7791045,0.0089552,0.041791,0.1985646,0.0,0.2149254,0.423445,0.1325301,0.0,10.691967639914864
137.0,0.4744526,0.0,0.2189781,0.2083333,0.8613139,0.0,0.6896552,0.0,0.0172414,0.2658228,0.0,0.9827586,0.3544304,0.0,0.0,9.615805480084347
105.0,0.4857143,0.0,0.2380952,0.1111111,0.8571429,0.0,0.7209302,0.0232558,0.0465116,0.2586207,0.0,1.0,0.3275862,0.0,1.0,9.615805480084347
2919.0,0.4974306,0.0023981,0.0894142,0.0661213,0.8667352,0.0,0.712424,0.0017376,0.0408341,0.1014832,0.0026064,0.9939183,0.2974239,0.0452675,0.25,10.91328684226798
47409.0,0.4956654,0.0241093,0.0208399,0.0158093,0.8565884,0.001139,0.7221553,0.0041889,0.0880243,0.0554472,0.0230103,0.9901876,0.2698103,0.0464003,0.2887538,11.336200219573199
3370.0,0.4759644,0.0029674,0.1795252,0.1296716,0.8308605,0.0210682,0.6727009,0.0028965,0.0296886,0.0805593,0.0007241,0.980449,0.4280959,0.0873016,0.1333333,11.229248693912288
2542.0,0.3977183,0.0098348,0.5802518,0.3762247,0.620771,0.0889064,0.489083,0.0,0.0254731,0.1767525,0.007278,0.9628821,0.5811863,0.0296128,0.4444444,10.5506169722625
11455.0,0.505718,0.0062855,0.1119162,0.0566937,0.8373636,0.0061982,0.6801236,0.0035015,0.0397528,0.0596552,0.0051493,0.9009269,0.3153206,0.048913,0.1666667,11.404237196256764
1166.0,0.516295,0.0008576,0.1054889,0.0886525,0.873928,0.0,0.7104072,0.0067873,0.0294118,0.2107143,0.0022624,0.959276,0.3571429,0.0877193,0.9375,10.680539205318292
4479.0,0.4885019,0.0066979,0.0797053,0.0593627,0.8669346,0.0046885,0.7292419,0.0060168,0.0601685,0.0240752,0.0060168,0.9921781,0.2930123,0.0462107,0.3333333,11.454247073019193
2072.0,0.4927606,0.0009653,0.0926641,0.0504282,0.9618726,0.0,0.9084507,0.0014085,0.0169014,0.073107,0.0014085,0.9929577,0.0704961,0.2,0.0625,11.348062614163295
601.0,0.4642263,0.0,0.3294509,0.189441,0.8369384,0.0,0.6444444,0.0,0.0074074,0.1059603,0.0,0.9962963,0.2549669,0.1346154,0.875,9.615805480084347
65284.0,0.4699467,0.0072759,0.2001562,0.1292336,0.8568102,0.0076895,0.7052955,0.0011626,0.0312031,0.0218277,0.0071632,0.9938119,0.2063539,0.0409763,0.2131148,11.044536531401494
2136.0,0.4756554,0.0009363,0.204588,0.1651786,0.8075843,0.0444757,0.6694915,0.0024213,0.0472155,0.0634921,0.0024213,0.9975787,0.2970522,0.0452489,0.4166667,10.278527816830314
595.0,0.4369748,0.4504202,0.1596639,0.1373134,0.8453782,0.0,0.6651584,0.0090498,0.0452489,0.1532567,0.4072398,0.9909502,0.3563218,0.1355932,0.7142857,10.250652418696085
2105.0,0.4332542,0.4902613,0.2152019,0.1793797,0.832304,0.0365796,0.6798517,0.0,0.0197775,0.1139102,0.4388133,0.9950556,0.2738226,0.1462687,0.84,10.499600568082863
4557.0,0.4689489,0.0513496,0.0697828,0.0495868,0.9027869,0.0,0.7681071,0.0030432,0.0286062,0.0524798,0.0413877,0.9908704,0.2508651,0.1301059,0.0,11.038126355768453
1258.0,0.5127186,0.0031797,0.081876,0.0570962,0.8767886,0.0,0.7292576,0.0043668,0.0545852,0.1037182,0.0021834,0.768559,0.3463796,0.0970874,0.75,10.866680954096502
6542.0,0.4842556,0.16096,0.1060838,0.1129223,0.9026292,0.0,0.7628645,0.0042882,0.0244425,0.068318,0.1385077,0.9974271,0.3252097,0.1362468,0.3389831,10.555838779903407
3610.0,0.4576177,0.0268698,0.1058172,0.081716,0.6085873,0.3066482,0.7310838,0.0030675,0.0388548,0.0587103,0.0245399,0.9928425,0.2512031,0.0783699,0.1818182,10.379752786950895
3328.0,0.4720553,0.0,0.2100361,0.1673307,0.7986779,0.0429688,0.6587361,0.0052045,0.0423792,0.119188,0.0,0.998513,0.3333333,0.067086,0.5416667,10.322230781590136
982.0,0.5050916,0.0020367,0.1252546,0.0576132,0.9358452,0.0,0.8443114,0.002994,0.0209581,0.0205279,0.002994,0.988024,0.0381232,0.0740741,0.0,12.28765724080691
3280.0,0.5027439,0.0106707,0.0887195,0.0625383,0.9179878,0.017378,0.8333333,0.0065359,0.0392157,0.0357143,0.0087146,0.6928105,0.4243697,0.2852349,0.625,11.075985169527042
116.0,0.4224138,0.0,0.2068966,0.1492537,0.9137931,0.0,0.7959184,0.0,0.0,0.1694915,0.0,1.0,0.2711864,0.3333333,0.5,9.888424674859083
216.0,0.4861111,0.4768519,0.1944444,0.1621622,0.8240741,0.0046296,0.6551724,0.0114943,0.045977,0.2564103,0.4482759,0.9885057,0.4188034,0.1428571,0.0,10.407318772389159
24124.0,0.4856989,0.1083568,0.1045846,0.0893044,0.9032913,0.0164566,0.8020908,0.0025234,0.0265561,0.0841862,0.097813,0.9766883,0.1593485,0.1319108,0.5767442,10.885584751364705
293.0,0.4948805,0.3208191,0.1331058,0.1283784,0.9215017,0.0,0.776699,0.0,0.0,0.112069,0.2524272,0.9805825,0.2758621,0.2,0.0,10.047631185616188
361.0,0.5069252,0.0055402,0.132964,0.1067416,0.8919668,0.0,0.7573529,0.0,0.0367647,0.1656442,0.0073529,0.9411765,0.2208589,0.08,0.5,10.774801838762809
435.0,0.4574713,0.4574713,0.2045977,0.1949153,0.8804598,0.0,0.7109827,0.0,0.0115607,0.0698925,0.416185,0.9942197,0.3655914,0.1929825,0.0,9.873079890114703
648.0,0.507716,0.0,0.1188272,0.0595611,0.9367284,0.0,0.814433,0.0,0.0206186,0.1983471,0.0,0.9896907,0.2438017,0.2307692,0.8666667,10.428245666832275
28150.0,0.4630195,0.0055773,0.1690231,0.1212622,0.8380107,0.0116163,0.6758066,0.0012796,0.0467965,0.0315128,0.0061238,0.9937848,0.2986634,0.0330164,0.4102564,12.04414765726144
2241.0,0.4297189,0.033021,0.10888,0.1173709,0.842481,0.0129407,0.6674392,0.0023175,0.0393975,0.0609358,0.0359212,0.9884125,0.4504897,0.0948767,1.0,10.332050506334692
1493.0,0.470864,0.319491,0.1205626,0.1,0.8245144,0.0,0.64494,0.0,0.0789022,0.1337296,0.3327616,0.9605489,0.46211,0.1153846,0.7272727,10.521399202410167
23787.0,0.4808509,0.1975449,0.0604111,0.0606527,0.885862,0.0,0.7401538,0.0059427,0.0457935,0.1176229,0.1825915,0.9293871,0.3342587,0.1140201,0.4456522,10.97679912709094
245.0,0.477551,0.9755102,0.1265306,0.1015625,0.9428571,0.0,0.8028169,0.0,0.0,0.1012658,0.943662,1.0,0.1898734,0.1818182,0.0,9.615805480084347
144.0,0.5416667,0.0,0.2013889,0.1363636,0.8055556,0.0,0.6034483,0.0,0.0862069,0.1830986,0.0,1.0,0.3943662,0.4,0.0,9.615805480084347
645.0,0.4821705,0.0062016,0.1472868,0.1347305,0.8806202,0.0,0.7166667,0.0083333,0.0291667,0.1519435,0.0041667,0.9958333,0.4734982,0.125,0.5,9.841665338892785
1055.0,0.4834123,0.0009479,0.1260664,0.0678899,0.8663507,0.0,0.7190476,0.0071429,0.0452381,0.3225806,0.002381,0.997619,0.4370968,0.06,0.2857143,10.611547975828369
482.0,0.4979253,0.0,0.186722,0.0826446,0.9232365,0.0,0.8021978,0.0,0.0054945,0.0421053,0.0,1.0,0.1631579,0.0,1.0,10.454523783963511
18170.0,0.4851403,0.1751238,0.1057788,0.0967397,0.8673088,0.0097413,0.7125884,0.004512,0.0347421,0.1880571,0.1812303,0.7971123,0.4678227,0.1264984,0.6683168,10.5506169722625
1474.0,0.4423338,0.0020353,0.3147897,0.2493917,0.7598372,0.0915875,0.6442953,0.0,0.011745,0.1091181,0.0,1.0,0.4020927,0.0939227,0.7647059,10.114599007626499
18028.0,0.4613934,0.0023297,0.2051254,0.1325438,0.834757,0.0001664,0.6504055,0.0020595,0.0284464,0.0264411,0.0029605,0.9938216,0.2463659,0.0238095,0.1111111,11.219909190927746
5389.0,0.4945259,0.0285767,0.0636482,0.0532305,0.9465578,0.0,0.8629913,0.0005459,0.0196507,0.0488058,0.0327511,0.9956332,0.1443406,0.1355932,0.1960784,11.31813853725963
250.0,0.488,0.0,0.252,0.15625,0.816,0.0,0.625,0.0,0.0357143,0.0175439,0.0,0.9910714,0.245614,0.0869565,0.0,9.642187721358466
324.0,0.5092593,0.0246914,0.1080247,0.0880503,0.8796296,0.0,0.7606838,0.017094,0.0598291,0.0487805,0.025641,1.0,0.3252033,0.0,0.0,10.652566005416872
606.0,0.5033003,0.0,0.2343234,0.0930233,0.9158416,0.0,0.8032787,0.0,0.0122951,0.3048433,0.0,0.9918033,0.4472934,0.1153846,0.0,10.404293143019792
328.0,0.5030488,0.027439,0.1219512,0.0981595,0.929878,0.0,0.826087,0.0,0.0173913,0.0725806,0.026087,0.9913043,0.0564516,0.1176471,0.6666667,10.819798284210286
494.0,0.4919028,0.1356275,0.1680162,0.1314741,0.8744939,0.0,0.7079208,0.0049505,0.0049505,0.1101322,0.1386139,0.9950495,0.2643172,0.0652174,0.25,10.25769445336048
2764.0,0.5148336,0.0155572,0.1526773,0.0797912,0.8248915,0.0057887,0.6715771,0.0051993,0.0632582,0.0517666,0.0121317,0.9861352,0.3886606,0.0469208,0.0,11.06665398721974
56182.0,0.465149,0.0011748,0.202111,0.1539818,0.8701363,0.0095938,0.7134536,0.0009786,0.0241391,0.0172201,0.0006524,0.9825714,0.2484543,0.0350877,0.1276596,11.359785940419789
63.0,0.5396825,0.0,0.1269841,0.1034483,0.9206349,0.0,0.7619048,0.0,0.0,0.1923077,0.0,1.0,0.2692308,0.3333333,1.0,10.102379394048045
904.0,0.4745575,0.034292,0.1084071,0.0673684,0.9059735,0.0,0.75,0.0034722,0.0347222,0.1,0.03125,0.5069444,0.465625,0.1294118,0.0,9.94755228369823
99922.0,0.4686756,0.0407218,0.1738856,0.1268577,0.8375333,0.0238186,0.6851604,0.0021914,0.034289,0.0711686,0.0373311,0.9481798,0.3628592,0.0763828,0.4280576,11.417526281205168
20123.0,0.48293,0.2119465,0.115291,0.1000481,0.8758137,0.0091935,0.743714,0.0034049,0.034966,0.0980392,0.193033,0.9836302,0.2780534,0.0828319,0.4733333,10.703266939811954
13659.0,0.4615272,0.0005125,0.1918881,0.1547247,0.7899553,0.0282598,0.6204609,0.003317,0.044169,0.0552532,0.0003492,0.9958101,0.3359723,0.051532,0.5121951,10.32551474894327
3054.0,0.4963982,0.0278324,0.0779306,0.050065,0.9580878,0.0,0.8970588,0.0027574,0.0119485,0.0311665,0.0229779,0.9963235,0.0249332,0.0681818,0.4782609,11.516927446349527
11061.0,0.4498689,0.0164542,0.1712323,0.1446179,0.7821173,0.0008137,0.5785056,0.00348,0.0587513,0.0505345,0.0120778,0.9930399,0.3067055,0.0594025,0.6923077,11.031674824544641
1380.0,0.4978261,0.0485507,0.1405797,0.1038961,0.9094203,0.0304348,0.8316008,0.0,0.004158,0.0399202,0.037422,0.991684,0.1457086,0.122449,0.25,10.887455624298198
559.0,0.4955277,0.0053667,0.0858676,0.0531915,0.9499106,0.0,0.8743455,0.0,0.0209424,0.0591133,0.0052356,0.9842932,0.1231527,0.0666667,0.0,10.803669227477098
1412.0,0.4405099,0.0014164,0.2358357,0.1962025,0.8101983,0.0509915,0.6625,0.0,0.0125,0.08646,0.0,0.9875,0.3931485,0.0909091,0.5555556,10.221977646629885
452.0,0.449115,0.0,0.3960177,0.2971888,0.7212389,0.1349558,0.6574586,0.0,0.0165746,0.1809955,0.0,1.0,0.3076923,0.0952381,0.5,9.615805480084347
2458.0,0.4906428,0.0056957,0.0817738,0.0615016,0.9621644,0.0,0.8683812,0.0015129,0.0075643,0.0982265,0.0030257,0.0892587,0.4338336,0.3350785,0.9,9.923339198238729
1021.0,0.453477,0.2859941,0.1439765,0.1379928,0.8903036,0.0,0.738342,0.0051813,0.0207254,0.0896226,0.246114,1.0,0.3985849,0.0991736,1.0,9.642187721358466
396.0,0.5075758,0.0025253,0.0782828,0.0871795,0.9090909,0.0,0.7913669,0.0071942,0.0431655,0.2191011,0.0,0.9568345,0.4719101,0.1956522,0.0,10.214678610538817
778.0,0.5154242,0.0025707,0.1002571,0.0742706,0.9473008,0.0,0.8650794,0.0039683,0.0119048,0.0454545,0.0039683,0.9960317,0.155303,0.1896552,0.3333333,10.073272520325904
86.0,0.5348837,0.0,0.2325581,0.05,0.8488372,0.0,0.7272727,0.0,0.1212121,0.3265306,0.0,1.0,0.3061224,0.0,0.0,9.615805480084347
26.0,0.6923077,0.0,0.0,0.0,0.6923077,0.0,0.5,0.0,0.0714286,0.0,0.0,1.0,0.6428571,0.0,0.0,10.768506042432708
62.0,0.5806452,0.0,0.1774194,0.0769231,0.7258065,0.0,0.5172414,0.0,0.1034483,0.275,0.0,0.8965517,0.925,0.0,1.0,10.351405324899678
576.0,0.4600694,0.0,0.3611111,0.2057878,0.8246528,0.0,0.6407407,0.0,0.0148148,0.1233766,0.0,0.9962963,0.2954545,0.0454545,1.0,9.615805480084347
8024.0,0.4894068,0.0034895,0.1511715,0.0883573,0.9341974,0.0026171,0.839176,0.0010842,0.0180701,0.02433,0.0021684,0.9840983,0.0846262,0.0753425,0.4324324,12.352339472153524
427.0,0.4730679,0.1967213,0.1334895,0.0622222,0.9601874,0.0,0.8794326,0.0,0.0,0.0662252,0.1560284,0.9929078,0.218543,0.0833333,1.0,10.445840912706414
1773.0,0.4461365,0.000564,0.2064298,0.1558045,0.6108291,0.2182741,0.5845411,0.0032206,0.0547504,0.0921053,0.0,0.9967794,0.4356725,0.0542373,0.6666667,10.751520856703959
291.0,0.532646,0.0446735,0.0687285,0.0588235,0.9278351,0.0,0.8217822,0.009901,0.009901,0.0471698,0.039604,0.960396,0.3867925,0.0652174,0.0,10.318935994253193
214.0,0.5140187,0.0,0.0841121,0.0384615,0.9813084,0.0,0.9452055,0.0,0.0,0.0266667,0.0,1.0,0.0666667,0.5,0.0,10.675931008412125
12703.0,0.4653232,0.004251,0.1749193,0.1538575,0.878139,0.0374715,0.7866541,0.0009398,0.0270207,0.0388437,0.0030545,0.9835526,0.1915086,0.0846561,0.4423077,11.96655196818541
6296.0,0.4674396,0.0011118,0.1261118,0.1040859,0.8672173,0.0127065,0.7275021,0.0067283,0.0332212,0.0619329,0.0021026,0.9890664,0.2627219,0.0643185,0.64,10.30229722897745
818.0,0.4547677,0.0012225,0.2591687,0.1748879,0.7872861,0.0501222,0.6706231,0.0089021,0.041543,0.066482,0.0,1.0,0.2493075,0.0679612,0.6,9.661479683575521
16370.0,0.4859499,0.0766646,0.2071472,0.1821747,0.7641417,0.0914478,0.6597126,0.002318,0.0210168,0.1078175,0.0602689,0.9928914,0.3029091,0.0725118,0.7222222,10.056251557087757
13650.0,0.4649084,0.0047619,0.1854212,0.1206188,0.8561905,0.0148718,0.7268764,0.0015163,0.0477635,0.0665251,0.0051175,0.992608,0.2001062,0.0503331,0.3703704,12.104599010599317
1606.0,0.5136986,0.003736,0.0541719,0.0448143,0.9315068,0.0,0.8269231,0.0076923,0.0288462,0.0510949,0.0019231,0.9942308,0.1751825,0.0727273,0.4444444,10.703266939811954
762.0,0.4895013,0.0,0.2165354,0.1696658,0.835958,0.0,0.6533742,0.0030675,0.0276074,0.0969529,0.0,1.0,0.2243767,0.1355932,0.7142857,9.615805480084347
3762.0,0.4348751,0.5528974,0.1525784,0.144873,0.8790537,0.0175439,0.7451122,0.0014482,0.0209993,0.0335899,0.4815351,0.9992759,0.43317,0.1318681,0.25,10.146472946063877
851.0,0.4571093,0.0246769,0.0411281,0.021645,0.3149236,0.6333725,0.6791045,0.0,0.0074627,0.0758621,0.0074627,1.0,0.3724138,0.0714286,1.0,10.905974329106854
18372.0,0.4810037,0.1403222,0.2031352,0.1652858,0.7671457,0.0093621,0.5670207,0.0044259,0.0637329,0.0911389,0.1254426,0.9886191,0.343064,0.0763116,0.6190476,9.615805480084347
51.0,0.4901961,0.0,0.0784314,0.0,0.9215686,0.0,0.8235294,0.0,0.0588235,0.1052632,0.0,1.0,0.2631579,0.0,0.0,9.615805480084347
667.0,0.4992504,0.023988,0.1589205,0.1197605,0.8575712,0.0,0.7071429,0.0,0.0428571,0.0344828,0.0142857,0.9928571,0.1068966,0.0,0.5,10.825780236605917
2370.0,0.4911392,0.0147679,0.0995781,0.0845771,0.8793249,0.0,0.7326944,0.0042599,0.0330138,0.0534274,0.0212993,0.9925453,0.2883065,0.0598592,0.6,10.440010162389305
11860.0,0.4890388,0.0442664,0.1183811,0.0831683,0.8661889,0.0117201,0.7349238,0.0026508,0.0481555,0.0406866,0.0379943,0.9949194,0.1813944,0.0469738,0.3921569,11.202329530346486
171.0,0.5672515,0.6842105,0.1754386,0.1621622,0.8070175,0.0409357,0.6842105,0.0175439,0.0877193,0.2191781,0.6842105,0.9473684,0.4246575,0.1176471,0.0,9.615805480084347
3664.0,0.5641376,0.0349345,0.0816048,0.0676268,0.5652293,0.341976,0.6920732,0.004065,0.0345528,0.0672986,0.0284553,0.9867886,0.4407583,0.0528736,0.0,10.757924157061597
4769.0,0.454393,0.0004194,0.200671,0.1748655,0.8582512,0.0,0.6691099,0.0015707,0.0188482,0.0210149,0.0005236,0.9848168,0.5135828,0.0359551,0.3,11.000448478455008
169.0,0.4615385,0.0,0.183432,0.2087912,0.8284024,0.0,0.630137,0.0136986,0.0136986,0.1097561,0.0,1.0,0.4390244,0.0909091,0.0,10.090008612393838
1971.0,0.4464739,0.0471842,0.2567225,0.2355637,0.7686454,0.138001,0.7478754,0.0014164,0.0070822,0.0561497,0.0439093,0.9985836,0.3208556,0.0772059,0.8888889,10.499600568082863
485.0,0.4680412,0.0,0.1443299,0.0930233,0.8701031,0.0,0.7087912,0.010989,0.043956,0.0666667,0.0,1.0,0.3179487,0.1851852,0.0,10.077482875583607
4283.0,0.4718655,0.0002335,0.1986925,0.1458886,0.8076115,0.0277843,0.6462857,0.0017143,0.0422857,0.045281,0.0,0.9977143,0.3562466,0.0333333,0.7647059,10.513280297700861
3919.0,0.4664455,0.0048482,0.2245471,0.143472,0.8502169,0.0316407,0.7242268,0.0006443,0.0206186,0.0419753,0.005799,0.9954897,0.187037,0.0481481,0.6153846,10.905974329106854
1770.0,0.4881356,0.0011299,0.139548,0.1103753,0.8779661,0.0,0.7304217,0.0075301,0.0346386,0.041847,0.0,0.9939759,0.2554113,0.1244635,0.0,10.169728906753061
32196.0,0.4833209,0.0090694,0.1157597,0.1111512,0.836812,0.0044726,0.6616342,0.0029572,0.0509728,0.0279879,0.0141634,0.9909728,0.3608169,0.0434338,0.3921569,10.712215345197256
212.0,0.5235849,0.0,0.1226415,0.0990099,0.8679245,0.0,0.7083333,0.0138889,0.0277778,0.1,0.0,1.0,0.2375,0.3157895,0.5,9.90353755128617
933.0,0.5766345,0.0707395,0.0525188,0.0556962,0.2700965,0.6366559,0.5460123,0.0122699,0.0613497,0.2882096,0.006135,1.0,0.3973799,0.031746,0.75,10.841559345471941
13987.0,0.4705798,0.020948,0.1718739,0.1151924,0.8547937,0.0,0.6842375,0.0018765,0.0269533,0.0371222,0.0225179,0.9713408,0.2641261,0.0200108,0.16,11.0186455364637
28132.0,0.4846794,0.013721,0.100455,0.0736014,0.8805631,0.0066828,0.7447247,0.0033762,0.034043,0.0361566,0.0125668,0.9833068,0.2292326,0.0488936,0.25,10.868587496017359
4143.0,0.4931209,0.0487569,0.1443399,0.1266667,0.897176,0.0,0.763125,0.00375,0.021875,0.0532544,0.041875,0.993125,0.2881657,0.0823045,0.5333333,10.360944044643913
595.0,0.4890756,0.0,0.1176471,0.0625,0.9008403,0.0,0.7783019,0.004717,0.0471698,0.1016949,0.0,1.0,0.3813559,0.1538462,0.5,9.692828247710418
1381.0,0.4438812,0.0007241,0.346126,0.2513021,0.7552498,0.0572049,0.6099518,0.0016051,0.0224719,0.1454047,0.0016051,0.9935795,0.2729767,0.0289855,0.7857143,9.615805480084347
5268.0,0.4341306,0.5550494,0.2137434,0.1959074,0.8096052,0.0518223,0.6755293,0.0024618,0.024126,0.0763984,0.5036928,0.9940916,0.3269668,0.0968784,0.5217391,10.576457535657255
212.0,0.5,0.0,0.1320755,0.0943396,0.9575472,0.0,0.8695652,0.0,0.0,0.0142857,0.0,1.0,0.1285714,0.0,0.0,10.887455624298198
9976.0,0.4675221,0.0082197,0.1552727,0.1195407,0.7764635,0.0244587,0.6119159,0.0053738,0.0640187,0.0410038,0.0074766,0.9843458,0.392337,0.0415225,0.1428571,11.002116507732017
480.0,0.4666667,0.0,0.1333333,0.1054688,0.9333333,0.0,0.8181818,0.0,0.0121212,0.0782123,0.0,1.0,0.2067039,0.2105263,0.6,10.102379394048045
7257.0,0.6351109,0.0308667,0.0610445,0.0570242,0.6349731,0.3293372,0.8434086,0.0029133,0.0254916,0.0647139,0.0014567,0.9832484,0.2336512,0.1977612,0.3181818,11.187209175200515
1193.0,0.496228,0.0016764,0.1039396,0.0831947,0.8952221,0.0,0.7668269,0.0192308,0.0360577,0.0502283,0.0024038,0.9350962,0.3401826,0.2076923,1.0,10.482933978579906
98.0,0.4795918,0.0,0.2040816,0.0784314,0.8877551,0.0,0.7368421,0.0,0.0263158,0.1555556,0.0,1.0,0.0222222,0.0,0.8,9.615805480084347
170936.0,0.4913827,0.1049516,0.1135454,0.0804684,0.6484532,0.0243775,0.4753821,0.0026999,0.1319282,0.0745695,0.0915053,0.9148752,0.517119,0.0590196,0.5467337,12.094028734547074
5218.0,0.4620544,0.0097739,0.220391,0.1325258,0.8800307,0.0,0.7218009,0.0004739,0.0156398,0.0499775,0.0090047,0.9957346,0.0774426,0.0427046,0.3103448,10.988693712621323
634.0,0.5299685,0.0,0.0299685,0.0167785,0.862776,0.0,0.7117904,0.0174672,0.069869,0.1908127,0.0,0.9956332,0.385159,0.1139241,0.8,10.785207543360087
1886.0,0.4766702,0.0,0.2847296,0.2066869,0.7709438,0.0599152,0.6263021,0.0052083,0.0338542,0.0900474,0.0,0.9882812,0.3909953,0.0446097,0.3076923,10.348205424565993
20850.0,0.5173141,0.0048921,0.0551079,0.0533585,0.9408633,0.0075779,0.8611227,0.0056556,0.0406368,0.0191083,0.003561,0.2383745,0.5974933,0.5018496,0.3529412,11.769898298682092
579.0,0.4438687,0.0,0.2970639,0.2173913,0.8013817,0.0639033,0.6919643,0.0,0.0357143,0.1111111,0.0,1.0,0.0515873,0.1142857,0.6666667,9.615805480084347
541.0,0.4731978,0.0203327,0.1608133,0.1403509,0.8521257,0.0,0.6915888,0.0093458,0.0420561,0.0695652,0.0093458,0.9953271,0.4,0.0721649,0.0,10.723289410218579
90.0,0.5888889,0.0,0.1333333,0.0,0.9111111,0.0,0.7931034,0.0,0.0689655,0.1470588,0.0,1.0,0.1764706,0.25,0.0,9.862717639992917
199.0,0.4321608,0.0050251,0.1859296,0.159292,0.8643216,0.0,0.691358,0.0,0.0246914,0.0581395,0.0123457,0.9876543,0.1162791,0.0689655,0.0,10.142543822310387
451.0,0.5055432,0.0,0.1286031,0.1121076,0.8847007,0.0,0.75,0.0,0.0304878,0.0989011,0.0,1.0,0.2967033,0.1111111,1.0,9.65509029374725
209.0,0.4832536,0.215311,0.1004785,0.0648148,0.9569378,0.0,0.8714286,0.0,0.0,0.0789474,0.1285714,1.0,0.25,0.0,1.0,10.295563423525277
876.0,0.4942922,0.0707763,0.1118721,0.0880361,0.8995434,0.0,0.7668712,0.006135,0.0306748,0.091922,0.0582822,0.9846626,0.1337047,0.1044776,0.4545455,10.766398604507042
3517.0,0.4896218,0.0,0.1413136,0.0785515,0.9169747,0.0,0.8033033,0.0007508,0.0202703,0.0234604,0.0,0.9962462,0.1180352,0.016129,0.1428571,10.988693712621323
8000.0,0.470875,0.039625,0.174625,0.118592,0.824375,0.047125,0.7098987,0.0013068,0.0401829,0.0267091,0.0189481,0.9790918,0.318283,0.031865,0.3478261,12.39628383052922
4131.0,0.4633261,0.0002421,0.2171387,0.1511051,0.8048899,0.0096829,0.6198994,0.0039128,0.0380101,0.0696828,0.0,0.9960872,0.3858554,0.0543478,0.4827586,10.142543822310387
163.0,0.5582822,0.006135,0.0306748,0.0138889,0.9447853,0.0,0.8367347,0.0,0.0204082,0.1090909,0.0204082,0.9795918,0.4,0.1818182,0.0,10.768506042432708
741.0,0.4642375,0.0175439,0.2091768,0.1662469,0.7948718,0.0,0.6169591,0.0,0.0555556,0.1407035,0.0087719,0.997076,0.2638191,0.0347826,0.0,10.422311107413181
1496.0,0.5040107,0.0066845,0.1089572,0.0431267,0.8983957,0.0,0.8173759,0.0070922,0.0638298,0.1441578,0.0070922,0.9485816,0.2109256,0.1388889,0.0,11.305913595583258
1577.0,0.5041218,0.0025365,0.0957514,0.0805627,0.9112238,0.0120482,0.8196147,0.0070053,0.0192644,0.1387632,0.0017513,0.9982487,0.4434389,0.097561,0.6363636,10.118639253920785
1224.0,0.4730392,0.754902,0.1740196,0.1488372,0.8651961,0.0,0.6814516,0.0,0.0120968,0.1205674,0.7137097,1.0,0.3138298,0.1212121,0.6666667,9.615805480084347
209.0,0.5311005,0.0,0.076555,0.0816327,0.8851675,0.0,0.75,0.0147059,0.0882353,0.1707317,0.0,0.9705882,0.6463415,0.0,0.0,11.08523008522044
3553.0,0.4500422,0.2119336,0.2158739,0.1898669,0.8072052,0.0481283,0.6761838,0.0062674,0.0271588,0.0818414,0.1942897,0.9986072,0.3164962,0.0628366,0.5555556,10.047631185616188
2710.0,0.4664207,0.9741697,0.1084871,0.1113416,0.8889299,0.0225092,0.7502987,0.0059737,0.0286738,0.0679287,0.9784946,0.9892473,0.3296214,0.1964286,1.0,9.76428295481558
669.0,0.4723468,0.0059791,0.1584454,0.0849858,0.8908819,0.0014948,0.7528958,0.003861,0.023166,0.1130137,0.003861,0.976834,0.239726,0.0638298,0.6666667,10.526775414924009
2568.0,0.470405,0.0031153,0.1413551,0.0838235,0.8925234,0.0,0.7559761,0.0,0.0298805,0.0271318,0.001992,0.9940239,0.2112403,0.0578231,0.6,11.288543647320601
4426.0,0.5074559,0.0061003,0.0555807,0.0321101,0.8569815,0.0076819,0.7333333,0.0043614,0.0884735,0.0542133,0.0068536,0.9433022,0.2616382,0.0946602,0.4090909,12.57141343235417
6961.0,0.4335584,0.0103433,0.2539865,0.2087243,0.7517598,0.0566011,0.602995,0.0016639,0.0396007,0.0541391,0.0096506,0.9966722,0.3100409,0.0311314,0.7169811,10.849356503939038
257.0,0.4669261,0.0,0.311284,0.1751825,0.8015564,0.0,0.6183206,0.0,0.0076336,0.3578431,0.0,0.9770992,0.5441176,0.0,0.9090909,9.933094897288786
229.0,0.5021834,0.0,0.1091703,0.1140351,0.8908297,0.0,0.7125,0.0,0.025,0.1397849,0.0,1.0,0.1612903,0.2173913,1.0,10.373522431293592
4444.0,0.4963996,0.0441044,0.0330783,0.0254692,0.9556706,0.0,0.8929837,0.0028349,0.0255138,0.0618351,0.0432318,0.9121191,0.1010638,0.1453744,0.6071429,11.103467395592086
670.0,0.5208955,0.0,0.0462687,0.0373832,0.9238806,0.0,0.8146341,0.0,0.0585366,0.0144231,0.0,0.9804878,0.3028846,0.25,0.0,11.221248757912162
85.0,0.5058824,0.0,0.2235294,0.2142857,0.8352941,0.0,0.6388889,0.0277778,0.0277778,0.1428571,0.0,1.0,0.2380952,0.0,0.75,10.16203685698089
316.0,0.4651899,0.0,0.1708861,0.1065089,0.8797468,0.0,0.699187,0.0,0.0081301,0.0888889,0.0,1.0,0.2518519,0.0487805,0.5,10.457401400981889
531.0,0.5216573,0.0,0.126177,0.0748031,0.9077213,0.0,0.7927461,0.0,0.0466321,0.0631068,0.0,0.9948187,0.1796117,0.1290323,0.3333333,10.169728906753061
195.0,0.4461538,0.0,0.1538462,0.1111111,0.9076923,0.0,0.7875,0.0,0.0125,0.0361446,0.0,1.0,0.2168675,0.1176471,0.0,10.43708198835482
376.0,0.4734043,0.0,0.1888298,0.1212121,0.8696809,0.0,0.6875,0.0,0.0277778,0.0526316,0.0,1.0,0.1118421,0.0,1.0,10.419330568113901
14583.0,0.4924227,0.0529384,0.1372831,0.0953796,0.9432216,0.0077487,0.8730858,0.0012587,0.0151038,0.0225548,0.0558003,0.9890917,0.0350625,0.1674877,0.5283019,11.666513129191083
192.0,0.5260417,0.0,0.21875,0.1098901,0.8333333,0.0,0.6097561,0.0,0.0,0.18,0.0,1.0,0.18,0.0833333,1.0,9.615805480084347
726.0,0.4807163,0.0055096,0.2272727,0.1458886,0.8236915,0.0027548,0.6273292,0.0,0.0186335,0.3661417,0.0031056,0.8819876,0.4507874,0.0900901,1.0,10.566201298475118
556.0,0.5035971,0.0089928,0.0143885,0.0253623,0.7733813,0.0,0.6068702,0.0,0.0839695,0.0437956,0.0076336,0.9885496,0.4416058,0.0336134,1.0,10.943781931879723
16.0,0.5625,0.0,0.375,0.0,0.9375,0.0,0.8333333,0.0,0.0,0.1428571,0.0,1.0,0.1428571,1.0,0.0,10.221977646629885
1557.0,0.5234425,0.0,0.1271676,0.0539084,0.8953115,0.0,0.7910959,0.0119863,0.0565068,0.0378913,0.0,0.9982877,0.199341,0.1147541,0.3333333,10.664316745782925
2953.0,0.4869624,0.0118524,0.0958347,0.069967,0.8936675,0.0,0.7730061,0.0035057,0.0420684,0.0427852,0.0105171,0.9956179,0.2986577,0.0689655,0.7,10.638280388314705
100.0,0.53,0.54,0.18,0.1489362,0.86,0.0,0.6585366,0.0,0.0,0.18,0.5121951,1.0,0.26,0.0,0.0,9.615805480084347
2270.0,0.4506608,0.0022026,0.2264317,0.1948677,0.7881057,0.0352423,0.624076,0.0031679,0.0411827,0.0434343,0.0021119,1.0,0.2313131,0.0569106,0.3333333,10.077482875583607
268.0,0.5223881,0.880597,0.1156716,0.09375,0.9402985,0.0,0.7746479,0.0,0.0,0.1341463,0.7605634,1.0,0.3292683,0.3529412,1.0,9.615805480084347
5369.0,0.4693611,0.1139877,0.1666977,0.1228501,0.8606817,0.0003725,0.6957746,0.0051643,0.0347418,0.2833109,0.0967136,0.984507,0.3674293,0.0898876,0.5529412,10.534785924769006
426.0,0.4507042,0.4107981,0.213615,0.1324786,0.786385,0.0,0.5714286,0.0,0.0255102,0.0531401,0.3418367,0.9693878,0.1304348,0.0,0.5,10.883710371704016
7491.0,0.4456014,0.6332933,0.1692698,0.1716831,0.8328661,0.0360433,0.660273,0.0022132,0.0188122,0.0924004,0.5817042,0.9963113,0.424841,0.1787097,0.483871,10.196194479235656
211.0,0.521327,0.0,0.1184834,0.1089109,0.8957346,0.0,0.7307692,0.0,0.0128205,0.22,0.0,1.0,0.28,0.1538462,1.0,10.203629181337648
1283.0,0.4809041,0.0031177,0.3569758,0.1531532,0.826968,0.0,0.6793388,0.0033058,0.0363636,0.3232662,0.0016529,0.9917355,0.5346756,0.1264368,0.3125,10.900454637442037
520.0,0.4980769,0.0,0.1557692,0.1302682,0.8865385,0.0,0.7462687,0.0099502,0.0248756,0.0779817,0.0,1.0,0.2385321,0.0833333,0.0,9.841665338892785
22686.0,0.5032619,0.142643,0.0349996,0.0361168,0.9282818,0.0012342,0.8357986,0.0082175,0.048857,0.047802,0.148364,0.8765875,0.2482572,0.2217882,0.1904762,11.748795687555171
866.0,0.4792148,0.0127021,0.1524249,0.1463415,0.8660508,0.0,0.6950147,0.0029326,0.0322581,0.0954907,0.0058651,0.9970674,0.2360743,0.1632653,0.8,9.893487720457795
185.0,0.4864865,0.0,0.2756757,0.1894737,0.8594595,0.0,0.691358,0.0,0.0123457,0.1473684,0.0,1.0,0.2631579,0.1111111,1.0,9.615805480084347
1969.0,0.4916201,0.0035551,0.0959878,0.0739261,0.9055358,0.0,0.7876712,0.0027397,0.0356164,0.0482399,0.0027397,0.9972603,0.1329857,0.0962963,0.5,10.993748398115178
250.0,0.52,0.0,0.084,0.0916667,0.844,0.008,0.6836735,0.0,0.0612245,0.2686567,0.0,0.9897959,0.4253731,0.1818182,0.0,9.94755228369823
338.0,0.5177515,0.0,0.112426,0.0797546,0.9289941,0.0,0.8292683,0.0081301,0.0162602,0.1151079,0.0,1.0,0.323741,0.2592593,0.0,10.308985993422082
37.0,0.4864865,0.0,0.0540541,0.1578947,0.8918919,0.0,0.6923077,0.0,0.0,0.1875,0.0,1.0,0.375,0.5,1.0,9.615805480084347
5168.0,0.4694272,0.1358359,0.1749226,0.1498906,0.8266254,0.0534056,0.7230846,0.0050075,0.0250376,0.0746061,0.1201803,0.9974962,0.3058387,0.06875,0.4166667,10.154285180632154
3974.0,0.462003,0.0042778,0.1839456,0.1515435,0.7722698,0.0513337,0.6532663,0.0100503,0.076005,0.028083,0.0025126,0.9949749,0.3681319,0.0346821,0.5833333,10.821796246953596
2002.0,0.4805195,0.0044955,0.1438561,0.1,0.9315684,0.0,0.8217968,0.0014728,0.0191458,0.0286123,0.0044183,0.9808542,0.0615165,0.1034483,0.625,12.225880174775122
10883.0,0.4832307,0.0220527,0.1533584,0.0869488,0.9291556,0.0,0.8330304,0.000779,0.0249286,0.0282614,0.0233706,0.9831213,0.0542518,0.0733138,0.4677419,12.271865067705159
110.0,0.5090909,0.0,0.2818182,0.2037037,0.8,0.0,0.6153846,0.0,0.0384615,0.2,0.0,1.0,0.2461538,0.1111111,1.0,9.615805480084347
32762.0,0.4986875,0.005891,0.0877846,0.0620434,0.7509004,0.0340333,0.6551568,0.0023564,0.1276962,0.0354895,0.0059815,0.9759833,0.4906469,0.1325243,0.4482759,10.874285408908944
1000.0,0.511,0.006,0.093,0.0899796,0.909,0.0,0.773224,0.0054645,0.0136612,0.1347518,0.0054645,0.9918033,0.248227,0.1481481,0.6,10.254179634797001
63.0,0.5238095,0.0,0.1111111,0.0666667,0.9206349,0.0,0.7619048,0.0,0.0,0.125,0.0,1.0,0.1666667,0.5,0.0,9.90353755128617
792.0,0.4583333,0.0037879,0.145202,0.1328671,0.8813131,0.0,0.7346939,0.0034014,0.0204082,0.0953846,0.0,1.0,0.2676923,0.0818182,0.4285714,10.184937747111391
3803.0,0.5067052,0.0120957,0.063371,0.0522388,0.9077044,0.0,0.7958716,0.0091743,0.0496942,0.0216904,0.0114679,0.970948,0.275991,0.1038697,0.0,10.801634680173994
802.0,0.4526185,0.5860349,0.1882793,0.1275626,0.8865337,0.0,0.7021277,0.0,0.0212766,0.1296296,0.4716312,0.9822695,0.3395062,0.2037037,0.8333333,9.966509298952284
3423.0,0.4449313,0.028922,0.233421,0.1973684,0.8247152,0.026877,0.6537901,0.0021866,0.0167638,0.1784431,0.0298834,0.904519,0.4155689,0.1161826,0.8285714,10.335302435967074
1316.0,0.5235562,0.0,0.0775076,0.0574163,0.9278116,0.0007599,0.8373102,0.0021692,0.0303688,0.0649087,0.0,0.9587852,0.0567951,0.225,0.4545455,10.993748398115178
5644.0,0.3750886,0.0026577,0.6328845,0.3921179,0.5685684,0.0542169,0.4265254,0.0002865,0.0329419,0.2062301,0.0014323,0.9925523,0.7480673,0.0025047,0.3846154,11.140425970684525
4385.0,0.4944128,0.0018244,0.0508552,0.0306721,0.9822121,0.0,0.9302789,0.000996,0.0039841,0.0608045,0.000996,0.0448207,0.525725,0.3448276,0.6666667,9.989711119284745
4638.0,0.4952566,0.0032342,0.0912031,0.0709099,0.8891764,0.0120742,0.7578125,0.0045573,0.0325521,0.0616982,0.0026042,0.6308594,0.3934026,0.1702786,0.375,10.568775236216993
2577.0,0.4730307,0.0011641,0.2359333,0.1325479,0.8882421,0.0,0.7386831,0.0061728,0.0205761,0.0626808,0.0020576,0.9845679,0.4011572,0.1369863,0.6153846,11.267037714175425
1172.0,0.471843,0.0,0.246587,0.1793215,0.8404437,0.0025597,0.6628131,0.0019268,0.0115607,0.1505728,0.0,0.982659,0.2520458,0.0606061,0.875,9.87822102528824
3554.0,0.5014069,0.0132245,0.0967923,0.0705418,0.9071469,0.0,0.7939347,0.003888,0.0427683,0.0402985,0.0093313,0.9945568,0.1776119,0.0794702,0.375,10.956073354557526
5484.0,0.4104668,0.9857768,0.0568928,0.0426848,0.412655,0.5089351,0.6802721,0.0019436,0.0777454,0.10131,0.98931,0.9980564,0.3432314,0.1148515,0.2857143,10.604131561522696
5331.0,0.4689552,0.0202589,0.1658225,0.1250442,0.6027012,0.0112549,0.5056029,0.0044823,0.1792918,0.0570583,0.017481,0.9968624,0.3436179,0.093673,0.4444444,10.757924157061597
1906.0,0.4748164,0.2082896,0.1873033,0.1488511,0.8751312,0.0,0.7139175,0.003866,0.0154639,0.131019,0.1868557,0.9935567,0.2575588,0.0904255,1.0,10.007892611890918
153.0,0.503268,0.0,0.1830065,0.1447368,0.8888889,0.0,0.7192982,0.0,0.0175439,0.1363636,0.0,1.0,0.1818182,0.1,1.0,10.351405324899678
686.0,0.4635569,0.0043732,0.0991254,0.1032609,0.8221574,0.0,0.6319703,0.0148699,0.063197,0.1266234,0.0037175,0.9888476,0.3928571,0.08,0.5,10.25769445336048
103.0,0.5825243,0.0,0.0679612,0.0697674,0.7475728,0.0,0.4651163,0.0,0.0697674,0.1730769,0.0,1.0,0.9615385,0.1818182,0.0,9.615805480084347
9765.0,0.4830517,0.0239631,0.0585765,0.054477,0.9087558,0.0011265,0.7876352,0.0024951,0.0246742,0.0401809,0.0199612,0.9936235,0.2195317,0.0717213,0.2916667,11.202329530346486
12448.0,0.470678,0.0053824,0.2005141,0.1537411,0.7895244,0.0330174,0.6276151,0.0032332,0.0389882,0.0624108,0.0047547,0.9965766,0.3883738,0.0476424,0.5526316,10.047631185616188
898.0,0.4187082,0.0022272,0.3541203,0.3582375,0.6837416,0.2260579,0.7191011,0.0037453,0.011236,0.1188119,0.0,0.9026217,0.4026403,0.1333333,0.5,10.285376924115587
3330.0,0.4576577,0.0054054,0.236036,0.1976744,0.8168168,0.0462462,0.6899563,0.0014556,0.0196507,0.0948617,0.0058224,0.9912664,0.3603426,0.0521739,0.6111111,10.322230781590136
2514.0,0.482498,0.0071599,0.1889419,0.0953113,0.8890215,0.0003978,0.7734597,0.0028436,0.028436,0.1666667,0.0056872,0.9971564,0.2835703,0.0410256,0.7096774,10.729875458480967
585.0,0.5145299,0.0,0.1230769,0.1021127,0.8888889,0.0,0.7280702,0.0,0.0131579,0.0731707,0.0,1.0,0.2682927,0.0181818,0.8181818,10.295563423525277
474.0,0.5105485,0.0,0.1244726,0.0818966,0.9240506,0.0,0.8079096,0.0,0.0112994,0.0534759,0.0,1.0,0.2245989,0.04,0.0,10.448743588106625
517.0,0.5241779,0.0,0.1992263,0.1300813,0.8800774,0.0,0.715,0.0,0.025,0.0990991,0.0,1.0,0.2072072,0.027027,1.0,10.130662964963708
2123.0,0.4616109,0.0032972,0.1893547,0.1566054,0.7668394,0.0711258,0.6423529,0.0,0.04,0.0296804,0.0,0.9976471,0.4497717,0.0387597,0.6,10.515993929932415
593.0,0.4637437,0.0,0.2917369,0.2106918,0.767285,0.084317,0.6443515,0.0,0.0125523,0.0807692,0.0,0.9958159,0.2346154,0.0175439,1.0,9.615805480084347
978.0,0.4366053,0.7689162,0.1441718,0.154265,0.8762781,0.0,0.7006173,0.0154321,0.0308642,0.0470588,0.6851852,0.9907407,0.2794118,0.2439024,0.6666667,9.615805480084347
6418.0,0.4727329,0.0091929,0.174665,0.1258865,0.8454347,0.0014023,0.6897485,0.0046422,0.0572534,0.040104,0.0088975,0.9914894,0.2443372,0.0707214,0.25,10.85516473308054
3561.0,0.4779556,0.0016849,0.120191,0.0989779,0.8649256,0.0033698,0.7057011,0.0038521,0.0570108,0.0601014,0.0030817,0.9961479,0.2853005,0.0931174,0.5555556,10.718874489469398
10633.0,0.4582902,0.3647136,0.1335465,0.1328125,0.8770808,0.0124142,0.7268756,0.0030832,0.0210689,0.099491,0.3227133,0.9933196,0.2852846,0.1103604,0.691358,10.410335274932896
13233.0,0.4846218,0.27575,0.0763243,0.073607,0.9082597,0.0213859,0.8189754,0.0039054,0.0257294,0.0804816,0.2487939,0.9889731,0.2272919,0.1597981,0.6136364,10.689692377847104
10592.0,0.4610083,0.0061367,0.2019449,0.1334735,0.7816276,0.0193542,0.6231979,0.0052425,0.0677152,0.0404527,0.0058978,0.9670162,0.4273737,0.0443702,0.1034483,11.717505780625043
4165.0,0.4631453,0.0021609,0.2292917,0.1972272,0.7843938,0.070108,0.6544071,0.0038047,0.027267,0.0831395,0.0012682,0.8452758,0.4052326,0.109589,0.4,10.413342705547674
493.0,0.5091278,0.0,0.1318458,0.0702479,0.9026369,0.0,0.8055556,0.0,0.0611111,0.1666667,0.0,0.9944444,0.037037,0.0,0.4285714,12.226860081860359
11294.0,0.4607756,0.0171773,0.1638038,0.1146141,0.7685497,0.088454,0.6722511,0.0009438,0.0410571,0.0497758,0.0037754,0.9804153,0.311435,0.0373476,0.4512195,11.976665770490767
287.0,0.4947735,0.0,0.1533101,0.1241379,0.8397213,0.0,0.6491228,0.0087719,0.0350877,0.2962963,0.0,1.0,0.4012346,0.0,0.8235294,9.615805480084347
2180.0,0.4344037,0.0013761,0.2669725,0.1711273,0.7325688,0.0527523,0.5760981,0.0010215,0.0459653,0.1227599,0.0,0.9948927,0.2849462,0.0300926,0.7222222,11.444657330797734
28612.0,0.4934643,0.1426325,0.1558437,0.11647,0.8918286,0.0232769,0.7812467,0.0018176,0.0303646,0.0261349,0.1158986,0.9191703,0.2377135,0.0898204,0.4647887,11.951186847493476
862.0,0.4454756,0.0,0.3190255,0.209205,0.7819026,0.0603248,0.6430595,0.0028329,0.0226629,0.0854922,0.0,1.0,0.2357513,0.1142857,0.75,9.615805480084347
2683.0,0.4524786,0.0137905,0.657473,0.182437,0.8688036,0.0,0.7697011,0.0,0.0081522,0.1185629,0.0095109,0.997962,0.1401198,0.0119048,0.5797101,11.970356641102999
9971.0,0.5078728,0.1363955,0.1164377,0.0996536,0.882058,0.0016047,0.7118594,0.0044696,0.0420143,0.044963,0.1409416,0.7797974,0.4695504,0.1562889,0.3,10.985309671896763
200.0,0.525,0.0,0.085,0.0210526,0.835,0.0,0.7105263,0.0131579,0.1184211,0.4609929,0.0,1.0,0.4751773,0.1481481,1.0,10.868587496017359
205.0,0.4780488,0.004878,0.2829268,0.2616822,0.7512195,0.0,0.52,0.0,0.03,0.1596639,0.0,1.0,0.4201681,0.0416667,1.0,9.615805480084347
818.0,0.49511,0.0,0.1124694,0.0799031,0.9119804,0.0,0.8090615,0.0064725,0.0226537,0.0579268,0.0,0.9902913,0.2408537,0.1632653,0.25,10.645448706505872
172.0,0.5232558,0.0,0.1453488,0.0731707,0.8604651,0.0,0.7424242,0.0151515,0.0909091,0.25,0.0,0.9848485,0.2727273,0.0,0.0,10.154285180632154
14698.0,0.4823105,0.0033338,0.1217853,0.102773,0.8295686,0.0246292,0.6941048,0.0076656,0.0647928,0.0345374,0.0018252,0.9839387,0.3610573,0.0827443,0.4193548,10.797553125151618
118.0,0.4661017,0.0,0.1101695,0.1269841,0.8898305,0.0,0.7209302,0.0,0.0232558,0.0,0.0,0.9534884,0.255814,0.1111111,0.0,10.367253014814716
64358.0,0.4647285,0.0111874,0.1499736,0.1153299,0.6839709,0.0322104,0.5208075,0.0037542,0.1264034,0.0977215,0.0099876,0.9928812,0.4450197,0.0411873,0.441989,11.395278670032656
444.0,0.490991,0.0,0.1599099,0.1371681,0.8761261,0.0,0.7159091,0.0,0.0284091,0.0880829,0.0,0.9943182,0.2279793,0.025641,0.75,10.680539205318292
2605.0,0.4913628,0.0019194,0.0975048,0.0679245,0.8917466,0.0,0.7502488,0.0049751,0.0228856,0.0401146,0.000995,0.9970149,0.2827125,0.0649351,0.3,10.716659698193956
191.0,0.5235602,0.0,0.0837696,0.0769231,0.9162304,0.0,0.8028169,0.0,0.028169,0.1012658,0.0,0.9859155,0.2025316,0.0,0.0,10.021315031649332
4820.0,0.486722,0.0020747,0.096473,0.0828618,0.9228216,0.0124481,0.814346,0.0049226,0.0232068,0.0372376,0.0021097,0.4866385,0.4834123,0.2441077,0.3846154,10.961295207644392
549.0,0.4571949,0.0091075,0.431694,0.1510067,0.852459,0.0,0.7615063,0.0,0.0669456,0.4653244,0.0,1.0,0.0559284,0.0,0.3902439,13.122367377396328
1086.0,0.4373849,0.0101289,0.2845304,0.2209493,0.8370166,0.0285451,0.67713,0.0,0.0044843,0.164794,0.0044843,0.9865471,0.3202247,0.1555556,0.6,9.661479683575521
9.0,0.6666667,0.0,0.1111111,0.0,0.8888889,0.0,0.6666667,0.0,0.0,0.4,0.0,1.0,0.4,0.0,0.0,11.063524143191238
31813.0,0.4922516,0.0179801,0.1122183,0.087476,0.8011819,0.0266558,0.6621955,0.0042791,0.0864055,0.0671682,0.0170342,0.9679065,0.371536,0.0614536,0.3522013,11.852969885168331
16761.0,0.4734801,0.0688503,0.1437265,0.1151275,0.8716664,0.0118131,0.7321023,0.002573,0.0228545,0.0719202,0.0603905,0.9959134,0.2760219,0.0720449,0.4482759,10.55843949396453
817.0,0.5067319,0.001224,0.1529988,0.1265509,0.8873929,0.0,0.7324841,0.0063694,0.0127389,0.1028571,0.0,0.9904459,0.2285714,0.0851064,0.4615385,9.985113621416073
1987.0,0.4846502,0.0015098,0.1389029,0.1044922,0.859084,0.0080523,0.7446809,0.0039894,0.0704787,0.0346598,0.0,0.9973404,0.2310655,0.0572687,0.2,11.03973275601109
3728.0,0.4833691,0.0013412,0.2320279,0.1168224,0.8712446,0.005633,0.7339806,0.0019417,0.02589,0.0630685,0.0012945,0.968932,0.3123105,0.0782313,0.7142857,10.853232402669228
8579.0,0.5161441,0.149085,0.0016319,0.0031318,0.9498776,0.0420795,0.9713775,0.0,0.0022361,0.0880914,0.1484794,0.9660107,0.0978793,0.2343896,0.0,10.566201298475118
625.0,0.448,0.0,0.1792,0.1768116,0.8096,0.08,0.7247706,0.0091743,0.0275229,0.0954357,0.0,1.0,0.4149378,0.0860215,0.0,10.221977646629885
92.0,0.5,0.0,0.2282609,0.173913,0.8695652,0.0,0.7,0.0,0.0,0.2857143,0.0,1.0,0.4285714,0.0,0.0,9.615805480084347
996.0,0.4939759,0.0,0.187751,0.1289683,0.8574297,0.0,0.7041565,0.00978,0.0244499,0.1185345,0.0,0.99511,0.2586207,0.1456311,0.9090909,9.975854724662028
12142.0,0.4706803,0.0605337,0.1336683,0.1067372,0.8384121,0.0122715,0.6778735,0.0060937,0.0430763,0.0717769,0.0546333,0.9947468,0.293739,0.0953846,0.3611111,10.491301994830229
73.0,0.4246575,0.0,0.2054795,0.1428571,0.8219178,0.0,0.6333333,0.0333333,0.0333333,0.375,0.0,1.0,0.5208333,0.125,0.0,9.615805480084347
8196.0,0.4625427,0.6149341,0.1162762,0.0998865,0.8805515,0.0,0.7262846,0.0036232,0.0391963,0.0521386,0.5556653,0.9156785,0.2856697,0.179878,0.6896552,9.898525260706313
1334.0,0.4550225,0.0,0.1949025,0.1444292,0.8703148,0.0,0.6951673,0.0,0.0148699,0.0218182,0.0,0.9851301,0.2018182,0.0670732,0.6666667,10.747229096720554
1243.0,0.4899437,0.0482703,0.1222848,0.0962145,0.9066774,0.0,0.7935484,0.0086022,0.0301075,0.0471311,0.0537634,1.0,0.3442623,0.1153846,1.0,10.468829770273567
481.0,0.4469854,0.9397089,0.1496881,0.1691729,0.8586279,0.0,0.6428571,0.0,0.0164835,0.0990099,0.9230769,1.0,0.2920792,0.1666667,0.6666667,9.615805480084347
1760.0,0.4806818,0.0,0.1545455,0.1487965,0.8721591,0.0079545,0.712766,0.0015198,0.0258359,0.1398693,0.0,0.993921,0.1738562,0.1238938,0.6,10.335302435967074
353.0,0.5127479,0.0,0.184136,0.1395349,0.8810198,0.0,0.7183099,0.0,0.0070423,0.0469799,0.0,1.0,0.3288591,0.0,0.5,10.547995807489514
4748.0,0.4542965,0.0522325,0.1882898,0.1725203,0.848989,0.0370682,0.7212847,0.0010887,0.0136091,0.078274,0.0522591,0.9967338,0.2463623,0.065371,0.7142857,10.373522431293592
34590.0,0.5524718,0.0427002,0.0423822,0.0342377,0.3915004,0.2329864,0.4163758,0.0017897,0.3383445,0.0575188,0.0374944,0.9827293,0.4401619,0.0276033,0.5142857,11.207771646606407
2175.0,0.503908,0.0078161,0.0744828,0.0518999,0.9121839,0.0,0.7904509,0.0,0.0411141,0.1382857,0.0079576,0.7851459,0.4571429,0.238806,0.2608696,10.83370091325064
564.0,0.4574468,0.0585106,0.2996454,0.2385621,0.7641844,0.0106383,0.5672727,0.0036364,0.0145455,0.140625,0.0545455,0.9963636,0.38125,0.0561798,1.0,9.615805480084347
253.0,0.4901186,0.0,0.1067194,0.0620155,0.8893281,0.0,0.6989247,0.0,0.0,0.1057692,0.0,1.0,0.3269231,0.1304348,0.0,9.615805480084347
402.0,0.5,0.0,0.1293532,0.119403,0.8681592,0.0,0.7006369,0.0127389,0.0318471,0.0872093,0.0,1.0,0.4244186,0.1470588,0.2,10.451637862362272
299.0,0.4548495,0.4749164,0.1705686,0.1840491,0.8628763,0.0,0.6829268,0.0,0.0162602,0.1689189,0.4390244,1.0,0.2972973,0.0606061,0.0,10.315630315397533
1647.0,0.4590164,0.0024287,0.1760777,0.1447811,0.8548877,0.0,0.6789941,0.0029586,0.0281065,0.0584958,0.0029586,0.9985207,0.3356546,0.0733333,0.7272727,10.614007941153417
367.0,0.4959128,0.0027248,0.1444142,0.0810811,0.9155313,0.0,0.778626,0.0,0.0152672,0.196319,0.0,0.9923664,0.2760736,0.3548387,1.0,9.615805480084347
128.0,0.5234375,0.0,0.09375,0.0655738,0.921875,0.0,0.8,0.0,0.0222222,0.0217391,0.0,0.9777778,0.0652174,0.2,0.0,10.335302435967074
1182.0,0.4695431,0.0025381,0.1861252,0.1547049,0.8595601,0.0,0.6952191,0.0,0.0219124,0.0669145,0.0,0.9940239,0.197026,0.0419162,0.7142857,10.442929787247998
1284.0,0.4774143,0.0054517,0.2063863,0.1326379,0.7780374,0.0521807,0.6647399,0.0038536,0.0674374,0.4364821,0.0038536,0.9980732,0.2312704,0.0314465,0.4,11.795853756086931
122.0,0.4836066,0.0,0.2213115,0.1428571,0.852459,0.0,0.6792453,0.0,0.0188679,0.1311475,0.0,1.0,0.0983607,0.0,1.0,9.615805480084347
1258.0,0.4578696,0.0286169,0.1732909,0.1642229,0.8052464,0.0357711,0.6556017,0.0082988,0.0477178,0.0474308,0.0290456,0.9917012,0.3241107,0.0969388,0.0,10.571342565808699
1314.0,0.4802131,0.000761,0.1453577,0.0995608,0.8660578,0.0319635,0.7670103,0.0041237,0.0371134,0.0508806,0.0,0.9793814,0.260274,0.0515464,0.0,11.258046118484
1151.0,0.4995656,0.0,0.1954822,0.1284722,0.85404,0.0095569,0.6897321,0.0044643,0.0334821,0.026087,0.0,1.0,0.2217391,0.0097087,0.3333333,10.789339695269716
1364.0,0.4992669,0.0036657,0.1070381,0.0834553,0.9508798,0.0,0.8429319,0.0026178,0.013089,0.1548673,0.013089,0.0680628,0.3207965,0.2666667,0.0,9.99884318585288
750.0,0.5013333,0.0,0.1293333,0.0748663,0.932,0.0,0.7857143,0.0044643,0.0044643,0.1004016,0.0,0.6428571,0.2931727,0.28125,1.0,10.203629181337648
6078.0,0.4744982,0.0972359,0.1691346,0.1318096,0.8886147,0.0120105,0.7426103,0.0022738,0.0150068,0.0987705,0.0923147,0.7244202,0.3942623,0.1541039,0.7916667,9.883335864325275
10322.0,0.4487502,0.2652587,0.1922108,0.1671353,0.8292966,0.0196667,0.6690408,0.0040361,0.0320513,0.0654537,0.2293447,0.9928775,0.4284446,0.0926327,0.3225806,10.298935994257638
5168.0,0.4883901,0.0108359,0.1716331,0.0930408,0.880805,0.0137384,0.7727504,0.0040671,0.0406711,0.1234403,0.0101678,0.9827148,0.3016934,0.1172291,0.5,10.889323003601277
30981.0,0.4751945,0.1587425,0.0845034,0.0797097,0.6790614,0.011846,0.4938996,0.0044489,0.1183687,0.1181191,0.1500506,0.9747219,0.4494709,0.0418098,0.2176471,11.06665398721974
1273.0,0.4925373,0.0015711,0.0989788,0.0804954,0.9300864,0.0015711,0.8275109,0.0,0.0152838,0.0556701,0.0,1.0,0.2041237,0.1477273,0.6666667,10.70101727068921
59.0,0.4915254,0.0,0.1355932,0.1,0.779661,0.0,0.5555556,0.0,0.037037,0.1818182,0.0,1.0,0.3030303,0.0,0.0,9.615805480084347
1897.0,0.4728519,0.0005271,0.2261465,0.172,0.7764892,0.0189773,0.5959716,0.0047393,0.0390995,0.1217482,0.0,0.9988152,0.4318418,0.0484262,0.8666667,10.425282789490705
9342.0,0.485121,0.0093128,0.1549989,0.095842,0.7738172,0.0,0.5891381,0.0056671,0.0750885,0.1453078,0.0087367,0.9020071,0.5394551,0.048906,0.4827586,11.125806040978839
1447.0,0.4519696,0.0,0.2183829,0.185372,0.8251555,0.0145128,0.6502463,0.0065681,0.0246305,0.0688073,0.0,0.998358,0.3899083,0.0755556,0.3333333,9.717218213494077
147.0,0.4897959,0.0,0.1360544,0.1333333,0.7278912,0.0,0.5645161,0.0322581,0.0967742,0.1267606,0.0,1.0,0.1971831,0.0714286,1.0,9.615805480084347
132.0,0.5151515,0.0,0.1590909,0.0625,0.8787879,0.0,0.6923077,0.0,0.0,0.0877193,0.0,1.0,0.2280702,0.0,0.6666667,9.918425424900335
1902.0,0.502103,0.002103,0.0883281,0.0538543,0.9016824,0.0,0.7806268,0.0042735,0.042735,0.044898,0.002849,0.991453,0.2435374,0.062069,0.4285714,10.547995807489514
3374.0,0.4925904,0.0157084,0.1882039,0.1419393,0.511559,0.0198577,0.3388651,0.0042827,0.1643469,0.4896175,0.0123126,0.9850107,0.6480874,0.0102354,0.7526882,11.568369632551514
1830.0,0.4562842,0.1562842,0.2142077,0.1728643,0.8715847,0.0,0.7067371,0.002642,0.014531,0.0835351,0.1321004,0.994716,0.1634383,0.0920245,0.9,10.025749432069084
17176.0,0.4967396,0.0440731,0.0718444,0.0541416,0.8946786,0.0046577,0.7792665,0.0043544,0.0535924,0.0327231,0.0415341,0.9551164,0.3931638,0.1333519,0.1071429,11.156264806643742
27623.0,0.4678348,0.0526011,0.1689896,0.1319728,0.8490388,0.0089418,0.6850749,0.0024364,0.0330265,0.0553235,0.0441256,0.9974734,0.2940926,0.0828074,0.4625,10.428245666832275
2426.0,0.4707337,0.0,0.1859027,0.1596573,0.8367683,0.0276175,0.6869835,0.0010331,0.0237603,0.1255646,0.0,0.9628099,0.4137308,0.1282895,0.6923077,9.615805480084347
715.0,0.4951049,0.0,0.1594406,0.0803324,0.9090909,0.0,0.7398374,0.0,0.004065,0.1934426,0.0,0.9878049,0.2360656,0.1111111,0.5555556,10.357774570341576
19757.0,0.4734018,0.0565875,0.1575644,0.0982314,0.835147,0.0091107,0.6941773,0.0007798,0.0626462,0.0386105,0.0509488,0.9633481,0.1976759,0.0576613,0.3263158,12.313585343581135
4310.0,0.4814385,0.000232,0.1039443,0.1029083,0.9099768,0.0,0.7777053,0.0084746,0.0202086,0.0674772,0.0,0.988266,0.3902736,0.1581921,0.6111111,9.83633227734872
197.0,0.4568528,0.0203046,0.1015228,0.0934579,0.8172589,0.0,0.6309524,0.0119048,0.047619,0.0454545,0.0238095,1.0,0.4886364,0.0,0.0,10.221977646629885
2974.0,0.4791527,0.00269,0.1620713,0.1426727,0.8517149,0.0,0.6647157,0.0033445,0.0292642,0.0393574,0.0025084,0.9966555,0.3349398,0.0322581,0.7,10.351405324899678
160.0,0.49375,0.24375,0.2,0.1234568,0.875,0.0,0.71875,0.0,0.03125,0.2470588,0.21875,1.0,0.3058824,0.5,1.0,9.746892220313054
2322.0,0.4741602,0.0021533,0.1231697,0.1138411,0.8531438,0.0,0.6811111,0.0033333,0.0377778,0.0575916,0.0033333,0.9933333,0.4219895,0.0975,0.5,10.529452721013085
383.0,0.5274151,0.0,0.0365535,0.0276243,0.8877285,0.0052219,0.76,0.0,0.072,0.1721854,0.0,0.96,0.4834437,0.2222222,0.6666667,10.84546552414626
498.0,0.4638554,0.002008,0.2811245,0.2059925,0.8634538,0.0,0.6866359,0.0,0.0,0.0524017,0.0,0.9907834,0.279476,0.0169492,0.8333333,9.787009914477434
2805.0,0.4648841,0.0841355,0.1814617,0.1745503,0.8588235,0.0,0.6873385,0.0043066,0.0155039,0.0756369,0.0775194,0.997416,0.3184713,0.0656566,0.6363636,10.305647203635566
14399.0,0.4624627,0.0015279,0.2215432,0.1599483,0.7832488,0.0244461,0.6222293,0.0052248,0.0493984,0.0462096,0.001425,0.9933502,0.3187859,0.0430639,0.2156863,10.936689829317784
23903.0,0.5011923,0.1691838,0.0464795,0.0490648,0.8876292,0.0279044,0.7976776,0.0044175,0.0408936,0.0576832,0.1523413,0.9774075,0.2548763,0.157672,0.46,11.173262142245258
256.0,0.4765625,0.0,0.15625,0.1119403,0.875,0.0,0.7142857,0.0102041,0.0306122,0.0576923,0.0,1.0,0.1826923,0.1111111,1.0,10.056251557087757
4323.0,0.4804534,0.0020819,0.1265325,0.1135352,0.8808698,0.0226694,0.7784127,0.0069841,0.0304762,0.025974,0.0006349,0.9987302,0.2368584,0.0694143,0.375,10.716659698193956
37986.0,0.4719107,0.5131101,0.1917549,0.1658524,0.7126573,0.0463592,0.5201831,0.0042591,0.073549,0.2725886,0.4878902,0.8920603,0.6047813,0.0950859,0.8197183,10.902297921958713
1216.0,0.4703947,0.0008224,0.1570724,0.1335404,0.8955592,0.0,0.7339056,0.0,0.0064378,0.1055662,0.0,0.9914163,0.2917466,0.0909091,0.6666667,10.098272780745283
16700.0,0.4747904,0.0245509,0.1780838,0.1242732,0.8251497,0.037006,0.6884721,0.0019823,0.0306496,0.0570812,0.0234828,0.9402257,0.3066858,0.0819098,0.5243902,10.376642461280849
379.0,0.4643799,0.0,0.2453826,0.1724138,0.8627968,0.0,0.6790123,0.0,0.0,0.0898876,0.0,1.0,0.1797753,0.1470588,1.0,9.615805480084347
1128.0,0.4689716,0.212766,0.1445035,0.0934891,0.9078014,0.0088652,0.7853535,0.0,0.020202,0.1483871,0.1868687,0.9848485,0.2236559,0.244186,0.2727273,10.442929787247998
1392.0,0.5215517,0.0079023,0.1645115,0.0675676,0.8735632,0.0021552,0.750469,0.0093809,0.0487805,0.155309,0.0075047,0.9624765,0.451664,0.1682243,0.8888889,11.036517370851499
170.0,0.4823529,0.0,0.2823529,0.1818182,0.7823529,0.0,0.5802469,0.0,0.0246914,0.1,0.0,1.0,0.2,0.0,1.0,9.615805480084347
122.0,0.5655738,0.0,0.0409836,0.0754717,0.8114754,0.0,0.5833333,0.0,0.0625,0.2727273,0.0,0.9791667,0.6666667,0.1666667,0.0,10.142543822310387
4674.0,0.4820282,0.004065,0.1065469,0.0888063,0.9090715,0.0132649,0.8011152,0.0030979,0.0167286,0.0477876,0.0037175,0.9807931,0.1911504,0.1003236,0.2,10.77270764101727
2692.0,0.4862556,0.0026003,0.1244428,0.0759219,0.9643388,0.0,0.8957055,0.0,0.0122699,0.0262843,0.001227,0.9815951,0.0107527,0.08,0.7777778,13.053872522742985
17284.0,0.4877343,0.00162,0.1450474,0.115541,0.8658297,0.0,0.6986261,0.0024847,0.031862,0.0311526,0.0016077,0.9944461,0.2252903,0.0602667,0.1794872,10.841559345471941
3534.0,0.4419921,0.0016978,0.2617431,0.1942191,0.7509904,0.0,0.5352194,0.0017321,0.0363741,0.042565,0.0028868,0.9965358,0.4018795,0.0237838,0.0,11.010415172807951
55.0,0.4909091,0.0,0.0363636,0.0357143,0.9818182,0.0,0.9375,0.0,0.0,0.3333333,0.0,1.0,0.2083333,0.0,1.0,10.857093336791094
746.0,0.4879357,0.4075067,0.150134,0.1387435,0.8150134,0.0790885,0.752809,0.0074906,0.0262172,0.115894,0.3632959,0.9925094,0.3112583,0.076087,0.3333333,9.980494888896912
467610.0,0.4865529,0.1284104,0.1385877,0.1024728,0.7165309,0.0232031,0.5168806,0.0032709,0.0787573,0.1196982,0.1127508,0.8371288,0.4859787,0.063907,0.5601329,11.023551435004947
985.0,0.4720812,0.0,0.2162437,0.1711538,0.8649746,0.0,0.6878173,0.0025381,0.0203046,0.0772834,0.0,0.9949239,0.1615925,0.019802,1.0,10.261196961231647
2735.0,0.4946984,0.0051188,0.1301645,0.0984081,0.8566728,0.0,0.7090204,0.0096993,0.0640155,0.0523897,0.0038797,0.9185257,0.4448529,0.1428571,0.5,10.181157167204903
4275.0,0.4954386,0.0233918,0.0954386,0.0732499,0.8863158,0.0,0.7685901,0.0041642,0.0452112,0.0804158,0.0232005,0.9970256,0.2407002,0.0594406,0.4545455,11.026808713825016
5891.0,0.5627228,0.0049228,0.0981158,0.0493012,0.7954507,0.1373281,0.8166047,0.0099133,0.0421314,0.0300481,0.0012392,0.9609665,0.3527644,0.2367758,0.0869565,10.709985739582528
64942.0,0.4970435,0.0265622,0.0834283,0.055843,0.8666348,0.0096548,0.7461807,0.0067134,0.0738047,0.0851575,0.0254336,0.9354047,0.3304724,0.0961793,0.1451613,11.245059091624615
841.0,0.469679,0.0,0.2187872,0.1636771,0.8145065,0.059453,0.6993865,0.0,0.0245399,0.0632184,0.0,0.9969325,0.2528736,0.0327869,0.6666667,9.661479683575521
1915.0,0.4725849,0.0172324,0.2355091,0.1950495,0.8250653,0.0657963,0.7439545,0.0056899,0.0213371,0.078637,0.0156472,1.0,0.3591088,0.1024096,0.8461538,10.073272520325904
1346.0,0.4925706,0.0,0.1173848,0.0688141,0.9375929,0.0,0.8389831,0.0,0.0148305,0.0268041,0.0,0.9978814,0.1154639,0.0833333,0.75,11.097425172408931
560.0,0.4714286,0.0,0.1964286,0.1385135,0.8946429,0.0,0.7366071,0.0,0.0,0.1610487,0.0,1.0,0.1835206,0.0555556,0.8,9.883335864325275
41042.0,0.4848692,0.0277521,0.0848887,0.0594078,0.868866,0.0037279,0.7286481,0.003362,0.0555376,0.0412818,0.0272839,0.9888796,0.2735387,0.0400911,0.245283,10.907807476583594
696.0,0.4712644,0.0028736,0.3146552,0.1902174,0.7988506,0.0344828,0.6021127,0.0,0.0105634,0.1069182,0.0,1.0,0.2201258,0.0943396,0.875,9.615805480084347
451.0,0.4345898,0.5232816,0.1751663,0.2,0.8558758,0.0,0.6666667,0.0056497,0.0282486,0.1237624,0.4519774,1.0,0.3118812,0.1764706,1.0,10.32551474894327
4364.0,0.4725023,0.0009166,0.200275,0.1615986,0.8134739,0.0181027,0.6335227,0.0068182,0.0363636,0.0643275,0.0005682,0.9517045,0.3035619,0.0807692,0.5483871,10.229223792606835
120.0,0.4833333,0.0,0.0916667,0.0483871,0.9416667,0.0,0.8536585,0.0,0.0243902,0.0238095,0.0,0.9756098,0.0714286,0.0,1.0,10.687411927154141
1857.0,0.447496,0.0403877,0.1615509,0.1598441,0.8185245,0.0463113,0.6889819,0.0027894,0.0223152,0.0924051,0.0334728,0.9986053,0.3696203,0.0359712,0.7272727,10.513280297700861
38.0,0.5,0.0,0.1052632,0.1578947,0.9473684,0.0,0.8571429,0.0,0.0,0.5172414,0.0,1.0,0.2413793,0.0,1.0,9.615805480084347
14986.0,0.4923262,0.0930869,0.0720673,0.0588854,0.9011744,0.0,0.7811081,0.0043597,0.0408719,0.0572016,0.0882834,0.9887375,0.2471314,0.0837859,0.1864407,11.194110418585193
857.0,0.4597433,0.0,0.2683781,0.2051836,0.8074679,0.0431739,0.6345029,0.002924,0.0087719,0.1023622,0.0,0.9912281,0.2335958,0.0823529,0.9,9.723223876851618
3414.0,0.4551845,0.0169889,0.1792619,0.1483871,0.8391916,0.0213825,0.6876833,0.0043988,0.0256598,0.0912725,0.0197947,0.9941349,0.2551632,0.0911458,0.1875,10.094149233605084
9452.0,0.4767245,0.3789674,0.1288616,0.1217145,0.850931,0.0356538,0.7300173,0.0054629,0.0301898,0.06806,0.3289247,0.992812,0.3244909,0.1125281,0.4634146,10.614007941153417
118.0,0.440678,0.0,0.2627119,0.1363636,0.8050847,0.0,0.6181818,0.0,0.0363636,0.2028986,0.0,0.9818182,0.1884058,0.0,0.8,9.615805480084347
47.0,0.4468085,0.0,0.0638298,0.0769231,0.9574468,0.0,0.8461538,0.0,0.0,0.3157895,0.0,1.0,0.2105263,0.0,0.0,9.615805480084347
2256.0,0.4671986,0.0558511,0.1684397,0.1497504,0.8461879,0.0576241,0.7691343,0.0062735,0.0326223,0.0244798,0.0514429,0.9962359,0.1542228,0.1013514,0.6,11.052491896264268
5216.0,0.4929064,0.010161,0.0759202,0.0691871,0.8968558,0.0,0.7537027,0.0049369,0.0394953,0.0183091,0.0087767,0.993966,0.2444803,0.0691489,0.125,11.250274159310356
200.0,0.48,0.34,0.11,0.0961538,0.915,0.0,0.7538462,0.0,0.0153846,0.0714286,0.2153846,1.0,0.1571429,0.375,0.0,10.199918739620157
1136.0,0.4542254,0.0,0.1117958,0.0919355,0.9040493,0.0123239,0.7883721,0.0023256,0.0069767,0.0486726,0.0,0.9976744,0.3163717,0.0512821,0.5,10.74937727911096
484.0,0.4710744,0.0,0.2458678,0.140625,0.8016529,0.0,0.6220096,0.0143541,0.0526316,0.164,0.0,0.9856459,0.4,0.1449275,0.2,10.094149233605084
11236.0,0.4834461,0.01068,0.1011926,0.0637491,0.8290317,0.007031,0.6843037,0.0026566,0.0748284,0.0364761,0.0081913,0.9869382,0.2883959,0.0467233,0.4117647,11.569315250157509
109592.0,0.4945981,0.0903807,0.0719122,0.0541453,0.5811921,0.1163132,0.5096382,0.0024726,0.1759608,0.0534651,0.0832753,0.978491,0.460509,0.0561261,0.4171975,11.364437057512568
468.0,0.4957265,0.0021368,0.1858974,0.1228814,0.9038462,0.0,0.7597765,0.0,0.0111732,0.0478723,0.0055866,1.0,0.2925532,0.0714286,0.5,9.787009914477434
17767.0,0.4847751,0.0047842,0.1249508,0.0889229,0.7861766,0.020206,0.6192724,0.002777,0.0774785,0.0731017,0.0044432,0.9938906,0.3429858,0.0469388,0.5454545,10.601647149919609
623.0,0.505618,0.0,0.1027287,0.0811688,0.9004815,0.0,0.7831858,0.0088496,0.0265487,0.0737705,0.0,0.9778761,0.3688525,0.25,0.0,10.518700218288165
2009.0,0.4609258,0.0,0.2588352,0.2059095,0.777999,0.0751618,0.6644562,0.0039788,0.0384615,0.168688,0.0,0.9973475,0.4796031,0.034965,0.4444444,10.961295207644392
586.0,0.4590444,0.6450512,0.1484642,0.1451104,0.9061433,0.0,0.7524752,0.0049505,0.019802,0.0818182,0.5594059,1.0,0.3409091,0.2727273,1.0,9.615805480084347
218.0,0.4954128,0.0,0.0963303,0.0181818,0.8899083,0.0,0.7555556,0.0,0.0222222,0.1743119,0.0,1.0,0.1926606,0.0909091,0.3333333,11.225256725762893
655.0,0.4549618,0.0015267,0.1251908,0.1120448,0.8534351,0.0,0.6678967,0.00369,0.0184502,0.0216606,0.0,1.0,0.400722,0.0416667,0.0,10.33854382482173
227.0,0.4713656,0.0,0.1013216,0.0916667,0.907489,0.0,0.7619048,0.0,0.0119048,0.2566372,0.0,1.0,0.380531,0.1818182,0.6666667,10.604131561522696
1281.0,0.4473068,0.0,0.284153,0.1737288,0.8235753,0.0,0.6456559,0.0034072,0.0255537,0.1290801,0.0,0.9965928,0.2818991,0.0411765,0.75,9.792611856190192
7731.0,0.4862243,0.058854,0.091062,0.077291,0.8703919,0.0147458,0.7477829,0.0049663,0.0482441,0.052437,0.0599503,0.9914863,0.3089076,0.0528905,0.5263158,11.098939154318382
1068.0,0.4400749,0.5486891,0.1872659,0.1454849,0.8417603,0.005618,0.6456876,0.002331,0.020979,0.0813704,0.4778555,1.0,0.379015,0.0692308,1.0,9.933094897288786
2288.0,0.472028,0.0480769,0.1411713,0.1125828,0.7867133,0.0,0.5822785,0.0019474,0.0496592,0.0534562,0.0408958,0.9951315,0.3400922,0.013289,0.2307692,11.65356528276954
3886.0,0.4935666,0.0110654,0.0782295,0.0635163,0.8926917,0.0,0.7706553,0.002849,0.0562678,0.0343879,0.008547,0.9928775,0.170564,0.0902778,0.3636364,11.787529896628678
5501.0,0.491547,0.0030903,0.0447191,0.0421881,0.9481912,0.0,0.8652993,0.001663,0.018847,0.0120482,0.0038803,0.9944568,0.0668127,0.1111111,0.6666667,10.862856930775358
1217.0,0.4897288,0.021364,0.2522597,0.1078905,0.8455218,0.0139688,0.7125984,0.003937,0.0472441,0.1910828,0.0255906,0.9744094,0.4713376,0.11,0.6,11.015361515187424
2045.0,0.4806846,0.008802,0.1281174,0.0885122,0.9041565,0.0,0.7720994,0.0041436,0.0290055,0.1116564,0.0069061,0.9930939,0.2122699,0.0961538,0.7857143,11.269591961359195
879.0,0.4675768,0.0,0.1592719,0.1303419,0.8600683,0.0,0.6768802,0.0,0.0194986,0.1069652,0.0,0.9972145,0.3358209,0.1157895,0.6,9.65509029374725
9317.0,0.4574434,0.2295803,0.1723731,0.1461919,0.8439412,0.026618,0.702477,0.0033398,0.0300584,0.0564601,0.2001113,0.9949903,0.3589811,0.0892984,0.4193548,10.526775414924009
762.0,0.4973753,0.0026247,0.1417323,0.0678851,0.9186352,0.0,0.8108108,0.0033784,0.0168919,0.0543131,0.0033784,0.9966216,0.3482428,0.0416667,0.0,10.196194479235656
71349.0,0.4950034,0.2832836,0.0728532,0.064056,0.8091214,0.0084374,0.6200759,0.0057486,0.0784906,0.071096,0.3114198,0.7727825,0.7244472,0.1103247,0.1801242,12.076538965678628
16568.0,0.5054322,0.0063375,0.0583052,0.0479619,0.9332448,0.0006036,0.824538,0.0040008,0.0224805,0.1219471,0.0053343,0.762812,0.4138508,0.193248,0.7798165,10.275085591132715
2623.0,0.4433854,0.1204727,0.2188334,0.2082192,0.8204346,0.039268,0.6698382,0.0019029,0.0152236,0.1055319,0.1160799,0.9990485,0.4502128,0.0885417,0.4666667,9.61587214452889
164.0,0.5121951,0.0,0.1768293,0.175,0.8170732,0.0,0.6231884,0.0,0.057971,0.1038961,0.0,1.0,0.3116883,0.0,1.0,10.835671318412196
51412.0,0.4792655,0.0099782,0.1366996,0.1182579,0.8678324,0.002548,0.7120336,0.0045043,0.0409991,0.0243695,0.009418,0.9901213,0.2702122,0.0660491,0.2481752,10.709985739582528
210.0,0.4714286,0.0,0.1619048,0.1081081,0.9095238,0.0,0.7594937,0.0,0.0,0.0595238,0.0,1.0,0.1309524,0.1666667,0.3333333,10.499600568082863
1328.0,0.4706325,0.0,0.1724398,0.1052632,0.877259,0.0,0.7153846,0.0,0.0269231,0.037037,0.0,1.0,0.3481481,0.0987654,0.6,10.335302435967074
698.0,0.4527221,0.3567335,0.1017192,0.117801,0.9054441,0.0,0.765873,0.0,0.0277778,0.0597015,0.2777778,0.9880952,0.3208955,0.1547619,1.0,10.463131911491967
2722.0,0.5033064,0.0014695,0.1307862,0.0902367,0.9147686,0.0,0.7902174,0.0021739,0.0358696,0.0707071,0.001087,0.876087,0.3030303,0.2352941,0.0285714,11.38737357979909
33102.0,0.4882787,0.0136548,0.1163374,0.0876085,0.7953598,0.0183071,0.6409373,0.0087595,0.0827282,0.0443586,0.0116793,0.9783634,0.4584675,0.0673878,0.1666667,11.227919807721856
388.0,0.4613402,0.0,0.2216495,0.2248804,0.7835052,0.0,0.5810056,0.0055866,0.0446927,0.0578947,0.0,1.0,0.3842105,0.0350877,1.0,9.90353755128617
157.0,0.5095541,0.0,0.2101911,0.1818182,0.8535032,0.0,0.6716418,0.0,0.0149254,0.202381,0.0,0.9850746,0.5238095,0.0,1.0,9.873079890114703
272.0,0.4742647,0.0,0.1911765,0.1188811,0.9080882,0.0,0.7767857,0.0,0.0,0.8111298,0.0,0.9910714,0.1854975,0.5,1.0,11.275949181024878
18042.0,0.4614233,0.2356723,0.1646159,0.1447978,0.8622104,0.0254961,0.7256088,0.0040841,0.0214794,0.1387441,0.2193314,0.9422175,0.3086243,0.1464435,0.6352941,10.308985993422082
374.0,0.4973262,0.0,0.2005348,0.1808511,0.8529412,0.0,0.6711409,0.0,0.0402685,0.1767956,0.0,1.0,0.5690608,0.0877193,1.0,9.61587214452889
2682.0,0.4548844,0.0014914,0.2296793,0.1860465,0.7945563,0.0540641,0.6479925,0.0,0.0242764,0.0962025,0.0,0.9962652,0.3814346,0.0607477,0.4545455,10.379752786950895
2124.0,0.4995292,0.0028249,0.1854991,0.1147695,0.8615819,0.0193032,0.7267303,0.00358,0.0214797,0.043379,0.0,1.0,0.2111872,0.0928962,0.5384615,10.236417809461043
723.0,0.4854772,0.0041494,0.153527,0.1451613,0.8340249,0.0165975,0.6449275,0.0036232,0.0289855,0.0891089,0.0,1.0,0.2475248,0.1386139,0.9,10.285376924115587
6226.0,0.4715708,0.0014456,0.1206232,0.0957447,0.8557661,0.0091552,0.7029424,0.0016123,0.0378879,0.039489,0.0004031,0.9939541,0.2233837,0.022293,0.3333333,11.527823929632195
27575.0,0.4699184,0.3610879,0.1589121,0.1288226,0.7829193,0.051641,0.6270078,0.006348,0.048187,0.0863796,0.2972973,0.9828797,0.4065026,0.1242684,0.4580153,10.254179634797001
2796.0,0.5686695,0.0025036,0.0379113,0.0356551,0.7271102,0.0039342,0.5379689,0.0173833,0.1500457,0.4928074,0.0027447,0.7959744,0.6157773,0.1348774,0.3214286,11.362114203075018
13774.0,0.6780166,0.4178162,0.0008712,0.0033822,0.5865399,0.4113547,0.9871734,0.0,0.0009501,0.0149743,0.4484561,0.9016627,0.2863828,0.2671906,0.0,9.966509298952284
1250.0,0.4448,0.66,0.1752,0.1599424,0.8816,0.0,0.7120879,0.0065934,0.0263736,0.067623,0.610989,0.9978022,0.3647541,0.1428571,1.0,9.873079890114703
43.0,0.5116279,0.0,0.0,0.0,0.9069767,0.0,0.7692308,0.0,0.0769231,0.59375,0.0,1.0,0.28125,0.2307692,0.0,0.0
2042.0,0.5132223,0.0019589,0.1199804,0.0633803,0.9495593,0.0,0.8509532,0.0069324,0.0190641,0.1918768,0.0034662,0.4540728,0.4971989,0.2717391,0.4285714,10.110542371500753
2393.0,0.4717927,0.0016715,0.1529461,0.1431962,0.872127,0.0188048,0.7443946,0.0067265,0.0224215,0.0980789,0.0,1.0,0.421638,0.1197411,0.1666667,10.043292972227004
1515.0,0.4983498,0.0006601,0.1584158,0.1131579,0.8871287,0.0,0.7339286,0.0053571,0.0321429,0.0410959,0.0017857,0.9982143,0.2756849,0.0655738,0.5,10.367253014814716
15155.0,0.4629495,0.0023095,0.1680633,0.1309743,0.7320356,0.0505444,0.5912609,0.0048371,0.0875524,0.0541406,0.0014511,0.995969,0.2938844,0.0466779,0.4642857,10.815790343132422
1200.0,0.4783333,0.08,0.1683333,0.1246006,0.8283333,0.0116667,0.6765873,0.0099206,0.0396825,0.2851064,0.0615079,0.9920635,0.4425532,0.0917431,0.5555556,10.165890277802454
184.0,0.4728261,0.9728261,0.0815217,0.1340206,0.951087,0.0,0.8,0.0,0.0,0.0816327,0.9555556,1.0,0.2040816,0.4444444,0.0,9.841665338892785
6734.0,0.4968815,0.0727651,0.0369765,0.0495868,0.9008019,0.0,0.8006416,0.007791,0.0687443,0.0310835,0.0650779,0.9670027,0.1496448,0.2142857,0.125,11.371373421319406
160.0,0.49375,0.0,0.2375,0.1481481,0.79375,0.0,0.6323529,0.0294118,0.0735294,0.1282051,0.0,1.0,0.1923077,0.0,1.0,9.615805480084347
6775.0,0.4600738,0.2783764,0.182583,0.1656643,0.8448708,0.019631,0.6809771,0.0025907,0.015544,0.0598469,0.2401925,0.9959289,0.2853166,0.0847629,0.6521739,10.33854382482173
1745.0,0.5008596,0.0017192,0.077937,0.0608496,0.9094556,0.0,0.7970297,0.0115512,0.0412541,0.0272873,0.0016502,0.9570957,0.2857143,0.1111111,0.3333333,10.547995807489514
633.0,0.3807267,0.0,0.3538705,0.2882653,0.5924171,0.1295419,0.4623288,0.0,0.0513699,0.0457516,0.0,0.9931507,0.3856209,0.0076923,0.0,11.798863517502989
1455.0,0.4728522,0.04811,0.1243986,0.0990874,0.8721649,0.009622,0.7418773,0.0090253,0.0415162,0.0331588,0.0505415,1.0,0.1745201,0.0695652,0.5714286,10.774801838762809
681.0,0.4566814,0.0,0.3465492,0.1783784,0.8428781,0.0088106,0.6830065,0.0,0.0130719,0.1593407,0.0,1.0,0.3241758,0.1,0.7142857,9.87822102528824
354.0,0.4830508,0.0,0.2033898,0.1420765,0.8615819,0.0,0.6842105,0.0,0.0065789,0.0787879,0.0,0.9868421,0.4363636,0.0714286,1.0,9.792611856190192
386.0,0.5207254,0.0,0.253886,0.1837838,0.8264249,0.0,0.6416185,0.0,0.0289017,0.0989583,0.0,0.9942197,0.2447917,0.0,1.0,9.615805480084347
17824.0,0.4828321,0.0440978,0.0497083,0.0378607,0.2161692,0.6137792,0.4455976,0.0026783,0.2119183,0.0426282,0.0428524,0.9601607,0.4897436,0.0625626,0.3636364,11.83065893676428
5380.0,0.4516729,0.7821561,0.1241636,0.1244068,0.8776952,0.0066914,0.6952169,0.0055617,0.0283648,0.1229268,0.730812,0.9927697,0.3819512,0.2340153,0.6349206,9.615805480084347
2149.0,0.467194,0.0046533,0.1596091,0.1213974,0.8673802,0.0809679,0.8688525,0.0014903,0.0268256,0.0275362,0.0044709,0.9880775,0.0492754,0.0188679,0.7777778,12.318959268856462
908.0,0.4515419,0.0011013,0.1938326,0.1666667,0.7874449,0.0330396,0.6449086,0.0078329,0.0574413,0.2135524,0.0,1.0,0.3449692,0.0239521,0.5714286,10.712215345197256
7530.0,0.4933599,0.0039841,0.0942895,0.0817824,0.8904382,0.0,0.7622861,0.0021842,0.0531489,0.0579561,0.0029123,0.9752457,0.271262,0.037037,0.3636364,11.938853113303086
489.0,0.5010225,0.0,0.1411043,0.0778689,0.9386503,0.0,0.8603352,0.0,0.027933,0.0110497,0.0,0.9944134,0.0939227,0.0243902,0.0,11.080618310893968
4876.0,0.4854389,0.1066448,0.0605004,0.0354723,0.9288351,0.0,0.8461035,0.0039293,0.0517354,0.0767836,0.1021611,0.6869679,0.1892382,0.1935484,0.46875,11.141876276228
3802.0,0.5310363,0.000263,0.0486586,0.0286035,0.9110994,0.0,0.7934528,0.0077942,0.0436477,0.4111978,0.0007794,0.9937646,0.5346489,0.1428571,0.6507937,10.936689829317784
2357.0,0.4582096,0.0,0.2223165,0.1848081,0.8209588,0.0318201,0.668037,0.0,0.0195272,0.0794702,0.0,0.9948613,0.2544939,0.0355872,0.6666667,9.918425424900335
1125.0,0.4631111,0.0248889,0.2115556,0.1870861,0.8613333,0.0,0.6963563,0.0,0.0121457,0.05,0.0263158,0.9979757,0.2903846,0.0483871,1.0,10.499600568082863
5404.0,0.4739082,0.1852332,0.1138046,0.0956736,0.8547372,0.0,0.6929699,0.0047824,0.0569106,0.0677664,0.1740794,0.9885222,0.4779313,0.0722892,0.4516129,10.505094936455558
4917.0,0.5055928,0.0095587,0.0805369,0.0666392,0.7311369,0.0,0.5762386,0.003848,0.1539202,0.13375,0.008177,0.993266,0.5320833,0.0521523,0.28,11.528808656597766
1764.0,0.4546485,0.0017007,0.2573696,0.1517672,0.8526077,0.0034014,0.7178478,0.0052493,0.0406824,0.0142303,0.0,0.992126,0.1940492,0.0578512,0.125,11.01206667357142
4441.0,0.4814231,0.0461608,0.1571718,0.1089883,0.8775051,0.0049538,0.7255501,0.0030562,0.0366748,0.0709824,0.0354523,0.851467,0.3333333,0.0954274,0.5,11.031674824544641
746.0,0.5321716,0.0201072,0.0442359,0.0315186,0.9571046,0.0,0.8782609,0.0043478,0.0086957,0.08,0.0130435,0.8130435,0.224,0.2352941,0.2857143,11.020283511637867
290.0,0.4724138,0.0,0.137931,0.1503268,0.8827586,0.0,0.7345133,0.0088496,0.0265487,0.0173913,0.0,1.0,0.1478261,0.0,0.0,10.188704088048116
5325.0,0.4899531,0.0105164,0.1062911,0.0850515,0.9169953,0.021784,0.8371014,0.0011594,0.0208696,0.0710824,0.0075362,0.9814493,0.3387184,0.1687243,0.7307692,10.43708198835482
132.0,0.4924242,0.0,0.0984848,0.0298507,0.8560606,0.0,0.7045455,0.0454545,0.0909091,0.0833333,0.0,1.0,0.2708333,0.1111111,0.0,9.615805480084347
176.0,0.5284091,0.0,0.1704545,0.1084337,0.8806818,0.0,0.7205882,0.0,0.0147059,0.2608696,0.0,1.0,0.3586957,0.1111111,1.0,9.90353755128617
3046.0,0.4543664,0.0072226,0.1247538,0.0998797,0.8857518,0.0,0.7350498,0.0041528,0.0182724,0.0235199,0.0083056,0.994186,0.4014599,0.0772201,1.0,10.949068194652432
458.0,0.4912664,0.0,0.209607,0.1287554,0.8799127,0.0,0.7237569,0.0055249,0.0165746,0.1809955,0.0,1.0,0.1855204,0.0789474,1.0,9.615805480084347
926.0,0.4686825,0.0647948,0.2332613,0.203252,0.8401728,0.0475162,0.7188406,0.0057971,0.0115942,0.1176471,0.0521739,0.9884058,0.3171355,0.125,0.7142857,10.077482875583607
9278.0,0.4526838,0.0323346,0.2306532,0.1695549,0.791011,0.0021556,0.5934092,0.0016596,0.0372214,0.0580616,0.0260787,0.9952584,0.3899062,0.0291314,0.5777778,10.542732775946709
932.0,0.4806867,0.0021459,0.0751073,0.0681818,0.9087983,0.0,0.7705479,0.010274,0.0410959,0.0846395,0.0,0.9863014,0.3448276,0.1964286,0.6666667,10.254179634797001
1180.0,0.4805085,0.0,0.1381356,0.1076672,0.8872881,0.0,0.7219731,0.0,0.0201794,0.032538,0.0,1.0,0.2646421,0.0208333,0.2,10.664316745782925
5166.0,0.4879985,0.0017422,0.1962834,0.126276,0.9299264,0.0,0.8207965,0.0011062,0.0182522,0.0211153,0.0005531,0.9806416,0.1120736,0.0849673,0.625,12.198549416880068
9972.0,0.484657,0.0105295,0.1148215,0.0587663,0.9432411,0.0,0.8625954,0.0019791,0.0195081,0.0735987,0.0087645,0.9708793,0.0990047,0.1596386,0.2244898,11.309596795779068
1289.0,0.4934057,0.0162917,0.128782,0.0872894,0.9069046,0.0,0.7796258,0.002079,0.027027,0.1888702,0.014553,0.9147609,0.3743676,0.1392405,0.4693878,10.666650414667744
7455.0,0.4853119,0.0075117,0.1311871,0.0633307,0.9046278,0.0,0.7911661,0.0017668,0.0342756,0.0585496,0.0081272,0.9720848,0.1227545,0.0617978,0.1477273,12.684481476888676
2990.0,0.4879599,0.0043478,0.2324415,0.1273677,0.8204013,0.0558528,0.7102967,0.0034904,0.0270506,0.1136891,0.0026178,0.8499127,0.3727765,0.1114058,0.6756757,10.419330568113901
132.0,0.4318182,0.0,0.2272727,0.1866667,0.8181818,0.0,0.637931,0.0,0.0517241,0.1076923,0.0,1.0,0.2923077,0.1052632,1.0,10.250652418696085
286.0,0.4825175,0.0034965,0.2867133,0.1891892,0.8251748,0.0,0.616,0.0,0.016,0.2283951,0.0,0.936,0.3950617,0.1,0.6666667,9.615805480084347
22477.0,0.492459,0.0074298,0.057303,0.0441795,0.8795658,0.0104996,0.7717545,0.0048699,0.0651032,0.0424592,0.0076894,0.9820582,0.2608909,0.0520465,0.4693878,11.245059091624615
7337.0,0.4905275,0.0035437,0.1433829,0.1136972,0.8793785,0.0545182,0.8244435,0.0021,0.0201596,0.0181443,0.00126,0.9932801,0.0882474,0.1022099,0.3076923,11.124332223082254
2155.0,0.4533643,0.0027842,0.4974478,0.1960951,0.8408353,0.0083527,0.7147002,0.0,0.0290135,0.1953307,0.0029014,0.9777563,0.3657588,0.0769231,0.5357143,10.74937727911096
485.0,0.5154639,0.0082474,0.0948454,0.093617,0.9360825,0.0,0.8352941,0.0,0.0176471,0.0607735,0.0058824,0.9,0.3646409,0.225,0.5,10.142543822310387
2497.0,0.4833801,0.0192231,0.1261514,0.1062016,0.8994794,0.0076091,0.7770193,0.0056883,0.032992,0.0330033,0.0216155,0.9692833,0.1661166,0.1030303,0.5714286,11.648338835562747
334.0,0.488024,0.008982,0.3592814,0.1695906,0.8053892,0.0,0.626506,0.0,0.0180723,0.6445396,0.0060241,1.0,0.0192719,0.0714286,0.7777778,12.850557278777309
128.0,0.453125,0.0,0.1875,0.2142857,0.765625,0.0,0.5862069,0.0344828,0.0689655,0.1714286,0.0,1.0,0.3285714,0.0666667,1.0,10.351405324899678
3569.0,0.4679182,0.0008406,0.211824,0.1484992,0.8419725,0.0325021,0.7095561,0.0030098,0.0346125,0.0493562,0.0007524,0.9954853,0.2818312,0.0657534,0.375,10.891186902297498
75.0,0.52,0.0,0.0666667,0.0555556,0.8933333,0.0,0.7407407,0.0,0.037037,0.0357143,0.0,1.0,0.1785714,0.0,0.0,10.268165387743457
1744.0,0.4827982,0.0017202,0.3170872,0.1374723,0.7998853,0.0,0.6585366,0.0012195,0.0731707,0.3764259,0.0012195,0.9707317,0.3680608,0.0267857,0.2307692,11.470028402317833
6478.0,0.4896573,0.0098796,0.1447978,0.099516,0.8728002,0.0162087,0.7665858,0.0036408,0.046521,0.1537145,0.0072816,0.9583333,0.3396097,0.1044386,0.3291139,11.036517370851499
1683.0,0.4705882,0.0314914,0.1960784,0.1054994,0.9031491,0.0106952,0.811747,0.001506,0.0210843,0.0292398,0.0301205,0.9924699,0.0760234,0.0526316,0.0769231,11.171856680390034
48702.0,0.469837,0.0215186,0.1369348,0.0954686,0.8138269,0.0155435,0.6736469,0.0060698,0.0736469,0.0431247,0.0198786,0.9598887,0.3476598,0.0525255,0.0851064,11.754309639974188
1288.0,0.7057453,0.242236,0.0822981,0.0844327,0.5201863,0.4270186,0.7761194,0.0,0.0298507,0.056338,0.0,1.0,0.25,0.1060606,1.0,10.727684925086583
3828.0,0.4561129,0.0052247,0.1977534,0.1657061,0.8077325,0.0592999,0.6901311,0.0020704,0.0345066,0.0675676,0.0041408,0.9654934,0.2985843,0.0992736,0.7142857,10.056251557087757
1614.0,0.4361834,0.0,0.3172243,0.2351648,0.7769517,0.0371747,0.6052999,0.0041841,0.0223152,0.1126238,0.0,0.9944212,0.2673267,0.0368421,0.7142857,9.735128070758227
97.0,0.4948454,0.0,0.0412371,0.0,1.0,0.0,1.0,0.0,0.0,0.1034483,0.0,1.0,0.3448276,0.3333333,1.0,10.687411927154141
9268.0,0.4817652,0.1452309,0.2451446,0.1599001,0.8323263,0.0189901,0.686959,0.0058643,0.0483105,0.2651344,0.1172857,0.908964,0.5628976,0.1913198,0.6407767,10.74937727911096
2065.0,0.4653753,0.0145278,0.2276029,0.2201087,0.7748184,0.0,0.5566038,0.0,0.0398323,0.0383065,0.0136268,0.9863732,0.5564516,0.0209205,0.3,11.05407540279458
8201.0,0.475064,0.0463358,0.1587611,0.1212544,0.81612,0.0481649,0.7002527,0.004422,0.046115,0.0388585,0.0391661,0.9924195,0.3697632,0.0438799,0.4137931,10.975088291957388
456.0,0.4583333,0.0,0.3662281,0.2064777,0.8004386,0.004386,0.6531532,0.009009,0.036036,0.1526718,0.0,0.8963964,0.4618321,0.0952381,0.5714286,10.451637862362272
159.0,0.4654088,0.1509434,0.245283,0.2,0.8679245,0.0,0.6818182,0.0,0.0,0.0434783,0.1060606,1.0,0.3913043,0.0555556,0.0,10.389026137075234
1465.0,0.4300341,0.0,0.2614334,0.2467066,0.7699659,0.0709898,0.6315789,0.0016978,0.0152801,0.1248143,0.0,1.0,0.4130758,0.1142857,0.8,9.862717639992917
439.0,0.4624146,0.3189066,0.2300683,0.2076271,0.7881549,0.1412301,0.7723577,0.0,0.0243902,0.0888889,0.2926829,0.9918699,0.2666667,0.1052632,0.0,10.034559673629849
1591.0,0.4588309,0.0012571,0.2061596,0.1428571,0.8742929,0.0,0.6982622,0.0031596,0.0126382,0.1376022,0.0031596,0.9842022,0.3637602,0.1530612,0.625,9.65509029374725
39802.0,0.4892216,0.0125622,0.1122054,0.0833251,0.8568665,0.019195,0.7313706,0.0071137,0.0592337,0.041841,0.0123257,0.7927877,0.4047105,0.127509,0.1136364,11.524863917209606
461.0,0.5075922,0.0,0.1193059,0.0792952,0.9110629,0.0,0.8035714,0.0059524,0.0416667,0.0508475,0.0,1.0,0.0112994,0.2,0.0,11.600945499760169
32905.0,0.4665248,0.2306336,0.1732867,0.1344993,0.8154384,0.0252545,0.6525561,0.0047806,0.0427944,0.0874613,0.1903771,0.9915182,0.3853082,0.1027607,0.5185185,10.192456296870509
4365.0,0.4613975,0.2804124,0.1454754,0.1595066,0.8776632,0.0038946,0.7200726,0.0048368,0.0241838,0.0811111,0.2496977,0.9957678,0.4261111,0.1517129,0.9,9.94755228369823
2060.0,0.3354369,0.0,0.8441748,0.4543462,0.6024272,0.0,0.4270463,0.0,0.0099644,0.0350275,0.0,0.997153,0.4986264,0.0023697,0.0,11.071330462204312
12956.0,0.503782,0.0153597,0.054878,0.0412195,0.8900123,0.0,0.7685838,0.0095476,0.0670607,0.0789363,0.0127302,0.9772676,0.2447655,0.1527446,0.1020408,10.945547126244623
7658.0,0.430269,0.5949334,0.1506921,0.1563145,0.878036,0.0143641,0.7200862,0.001078,0.014373,0.0667337,0.5350341,0.9992814,0.27666,0.1591949,0.4666667,10.370392636243981
2182.0,0.4399633,0.6746104,0.1512374,0.1775777,0.8771769,0.0114574,0.7148438,0.0052083,0.0247396,0.1028037,0.6067708,1.0,0.3119159,0.1498127,0.6,10.106469212026385
1542.0,0.463035,0.001297,0.2996109,0.2137681,0.7983139,0.0525292,0.6509434,0.0,0.0125786,0.0991501,0.0015723,0.9921384,0.3994334,0.1030303,0.7142857,9.908524844053396
289.0,0.4809689,0.0069204,0.0276817,0.06,0.9653979,0.0,0.8636364,0.0,0.0151515,0.12,0.0151515,1.0,0.3733333,0.4,1.0,9.615805480084347
154.0,0.4545455,0.0,0.1688312,0.0833333,0.9415584,0.0,0.862069,0.0,0.0172414,0.0,0.0,1.0,0.0,0.0,0.0,11.886562731847148
2064.0,0.4457364,0.0,0.2262597,0.1809441,0.806686,0.0721899,0.724183,0.0052288,0.0248366,0.0871122,0.0,1.0,0.2553699,0.0405405,0.0,10.526775414924009
9650.0,0.4772021,0.0006218,0.1607254,0.1314172,0.8535751,0.0118135,0.6844076,0.0026745,0.0227334,0.0536573,0.0,0.9895694,0.277145,0.0944245,0.5925926,10.6782377612977
1235.0,0.4461538,0.1611336,0.1805668,0.1798246,0.8364372,0.0477733,0.7036199,0.0045249,0.0090498,0.1417476,0.1447964,0.9819005,0.361165,0.1623377,0.8333333,9.615805480084347
174.0,0.4425287,0.0,0.2643678,0.2061856,0.8103448,0.0,0.6184211,0.0131579,0.0394737,0.173913,0.0,1.0,0.5326087,0.0,0.5,9.648659816955295
264.0,0.5075758,0.0265152,0.3143939,0.2,0.8068182,0.0,0.6293103,0.0172414,0.0258621,0.2704403,0.0258621,0.9655172,0.490566,0.2,0.6666667,9.615805480084347
6816.0,0.4788732,0.0140845,0.1238263,0.0996622,0.7523474,0.0,0.5598055,0.0051864,0.0878444,0.0551302,0.0100486,0.9837925,0.3531394,0.0278422,0.36,11.246365410473757
1989.0,0.5651081,0.3519356,0.1387632,0.1421965,0.7179487,0.1618904,0.6838124,0.0015129,0.0302572,0.1198402,0.2859304,0.9848714,0.355526,0.1242604,0.4444444,10.264687244346277
1297.0,0.5080956,0.0,0.1218196,0.0564263,0.922128,0.0,0.8245243,0.0,0.0359408,0.1598579,0.0,0.9682875,0.2184725,0.0677966,0.4,11.990407312509369
673.0,0.5141159,0.0014859,0.102526,0.0978593,0.8870728,0.0,0.7387387,0.0135135,0.045045,0.1461538,0.0,0.9414414,0.4269231,0.2307692,0.7142857,10.130662964963708
441.0,0.4489796,0.0022676,0.2698413,0.1563786,0.8231293,0.0,0.6071429,0.0,0.005102,0.1327434,0.0,1.0,0.300885,0.0697674,1.0,9.615805480084347
48524.0,0.4777224,0.032149,0.084721,0.0645938,0.9222034,0.0002267,0.8166295,0.002676,0.044855,0.0837177,0.0327493,0.405352,0.4645922,0.1949361,0.3562341,11.12285622984002
803.0,0.5242839,0.0,0.0547945,0.0418848,0.9551681,0.0211706,0.9085714,0.0,0.0057143,0.0789474,0.0,0.9542857,0.1631579,0.4814815,0.8,10.78727575364831
101.0,0.4752475,0.0,0.2376238,0.1509434,0.8811881,0.0,0.7317073,0.0,0.0243902,0.4142857,0.0,1.0,0.4571429,0.1666667,0.75,9.820160289946374
3781.0,0.4411531,0.0153399,0.2409415,0.1987695,0.7773076,0.0021158,0.5760499,0.0,0.0408627,0.054721,0.0175936,0.9835414,0.4624464,0.025,0.6153846,10.308985993422082
138.0,0.4637681,0.0,0.0652174,0.0675676,0.9057971,0.0,0.7777778,0.0222222,0.0222222,0.3283582,0.0,1.0,0.4925373,0.3571429,0.0,10.638280388314705
919.0,0.4940152,0.0,0.1338411,0.1204301,0.8803047,0.0,0.7195467,0.0084986,0.0226629,0.1175,0.0,0.9971671,0.4025,0.1463415,0.75,9.873079890114703
170.0,0.5294118,0.0,0.0588235,0.0375,0.9235294,0.0,0.7833333,0.0,0.0,0.0163934,0.0,1.0,0.1639344,0.0,1.0,10.545367754151743
5204.0,0.5007686,0.0261337,0.0534204,0.0481139,0.9592621,0.0051883,0.9028609,0.0,0.0186294,0.0144262,0.0252828,0.9407851,0.1167213,0.0675676,0.5,12.130276325842603
4310.0,0.4858469,0.087239,0.0969838,0.0979242,0.8735499,0.0025522,0.7135279,0.0072944,0.051061,0.1134627,0.081565,0.8474801,0.6131687,0.1509922,0.0,11.5730888039415
547.0,0.440585,0.0,0.3528336,0.1895425,0.8171846,0.0,0.6507353,0.0036765,0.0183824,0.3233831,0.0,0.9926471,0.3532338,0.0434783,0.4444444,11.042937835596494
5791.0,0.4576066,0.0029356,0.2001381,0.1407195,0.8178208,0.0141599,0.6453367,0.0054371,0.0422417,0.0810915,0.0012547,0.9962359,0.2290546,0.0600667,0.375,10.440010162389305
2403.0,0.4635872,0.0016646,0.2284644,0.1458495,0.8002497,0.0287141,0.6612595,0.004771,0.0429389,0.2416787,0.0009542,0.971374,0.4037627,0.0658307,0.5666667,11.05723491317159
4376.0,0.5043419,0.2116088,0.0013711,0.0013831,0.9920018,0.0,0.9735152,0.0,0.0016051,0.0111111,0.2223114,0.9462279,0.1333333,0.1462036,0.0,10.328787967145063
619.0,0.4458805,0.0210016,0.2859451,0.2244898,0.8109855,0.0,0.5833333,0.0,0.0072464,0.08,0.0108696,1.0,0.4566667,0.0,0.0,11.559818592808288
2740.0,0.5350365,0.0014599,0.0729927,0.0541601,0.9587591,0.0,0.8880368,0.0046012,0.0245399,0.0764873,0.0,0.4187117,0.5807365,0.4562044,0.0,10.694237736914808
3745.0,0.4720961,0.0026702,0.1255007,0.12696,0.8843792,0.0226969,0.758567,0.0038941,0.0241433,0.0272727,0.0031153,0.9961059,0.1886364,0.0594406,0.2,11.072884439922198
8128.0,0.4781004,0.1091289,0.1451772,0.0813296,0.9005906,0.0,0.7672359,0.0015813,0.0173941,0.0359756,0.1223909,0.9924099,0.1030488,0.0446602,0.3333333,11.462694763725304
1160.0,0.4939655,0.0741379,0.1715517,0.1073254,0.9051724,0.0,0.7816092,0.0068966,0.0298851,0.2133816,0.0643678,0.8804598,0.3345389,0.2142857,0.8235294,10.422311107413181
450.0,0.4777778,0.0,0.1666667,0.106383,0.8888889,0.0,0.75,0.0059524,0.0238095,0.0869565,0.0,0.9821429,0.3043478,0.1372549,0.3333333,9.615805480084347
5904.0,0.4500339,0.0271003,0.2559282,0.1743148,0.8270664,0.0,0.6400307,0.002305,0.026892,0.0873072,0.022282,0.9950058,0.2608696,0.0654397,0.7142857,10.142543822310387
5557.0,0.4680583,0.3080799,0.1947094,0.1566306,0.8321037,0.0403095,0.6931546,0.0038296,0.0263284,0.2600071,0.2690282,0.9856391,0.3181013,0.1243942,0.675,10.566201298475118
388.0,0.4974227,0.0025773,0.1159794,0.0820513,0.8943299,0.0,0.7708333,0.0069444,0.0486111,0.033557,0.0,0.9930556,0.2885906,0.125,0.75,10.468829770273567
1938.0,0.4473684,0.3818369,0.2131063,0.2231559,0.8142415,0.0696594,0.6847507,0.0,0.0146628,0.130102,0.3181818,1.0,0.3469388,0.1666667,0.5833333,10.454523783963511
2172.0,0.4438306,0.0009208,0.1523941,0.1456954,0.839779,0.0395948,0.7202881,0.0072029,0.0252101,0.0629921,0.0012005,0.9927971,0.2587177,0.0452489,0.3333333,10.540090836284206
6291.0,0.468288,0.0012717,0.1758067,0.1470852,0.8871404,0.0076299,0.7507406,0.0029623,0.0190436,0.0386493,0.0012696,0.9991536,0.1818552,0.0550847,0.8181818,10.732061203925053
466.0,0.4935622,0.0,0.195279,0.1483051,0.8927039,0.0,0.7292818,0.0,0.0055249,0.0765306,0.0,1.0,0.3979592,0.2666667,0.5,9.615805480084347
333.0,0.4894895,0.0,0.1591592,0.1470588,0.8798799,0.0,0.7377049,0.0,0.057377,0.1812081,0.0,1.0,0.2281879,0.2222222,0.0,9.615805480084347
503.0,0.4831014,0.0,0.2425447,0.1076923,0.8767396,0.0,0.7442922,0.0,0.0273973,0.0266667,0.0,1.0,0.0666667,0.0,0.6666667,11.67335070422742
1071.0,0.4696545,0.1951447,0.2408964,0.221831,0.799253,0.0504202,0.6303318,0.0,0.0118483,0.2037736,0.1895735,0.9763033,0.3188679,0.1854839,0.25,9.741027444837728
14170.0,0.4841214,0.0752999,0.1702893,0.121067,0.5705716,0.0227946,0.4138026,0.0016497,0.1739071,0.1678298,0.0727248,0.9661809,0.4596728,0.0144127,0.7029703,11.48350695288756
656.0,0.4618902,0.0015244,0.1707317,0.1671388,0.8932927,0.0,0.7322835,0.0,0.007874,0.1241379,0.0,1.0,0.1517241,0.0909091,1.0,10.221977646629885
984.0,0.4827236,0.0020325,0.1473577,0.0550098,0.9065041,0.0,0.7813333,0.0,0.0266667,0.0763547,0.0053333,0.9946667,0.0862069,0.1318681,0.875,12.274203145281486
1304.0,0.4846626,0.0038344,0.1886503,0.1175595,0.8542945,0.0,0.6755725,0.0076336,0.0324427,0.1353135,0.0019084,0.9103053,0.3811881,0.1827957,0.2941176,10.007892611890918
413.0,0.4915254,0.0,0.0968523,0.0809524,0.8983051,0.0,0.7605634,0.0140845,0.028169,0.1931818,0.0,0.9859155,0.3352273,0.1724138,0.8,9.615805480084347
295.0,0.4745763,0.0,0.1423729,0.0903226,0.9118644,0.0,0.7685185,0.0,0.0092593,0.0769231,0.0,1.0,0.1709402,0.1034483,0.0,10.774801838762809
498.0,0.5,0.0,0.0522088,0.0522088,0.9658635,0.0,0.8905109,0.0072993,0.0072993,0.1941176,0.0,0.9927007,0.1411765,0.4545455,1.0,10.376642461280849
3635.0,0.4599725,0.0005502,0.1991747,0.1614875,0.8418157,0.0327373,0.7089606,0.0028674,0.0308244,0.0840446,0.0007168,0.9978495,0.2856205,0.1307506,0.6206897,10.32551474894327
13934.0,0.4783264,0.0260514,0.0821731,0.0646581,0.7988374,0.1024831,0.7534096,0.0039595,0.041575,0.0221553,0.0224373,0.9874615,0.3192084,0.037564,0.2173913,10.950824090522445
8268.0,0.4899613,0.0281809,0.1228834,0.1078966,0.7865264,0.0149976,0.6085844,0.0025583,0.0579875,0.2189165,0.0329733,0.6347356,0.6862789,0.0712237,0.5090909,11.669937760751914
81.0,0.4691358,0.0,0.1728395,0.2325581,0.8765432,0.0,0.78125,0.03125,0.0625,0.2,0.0,1.0,0.525,0.0833333,1.0,9.770013301136158
3507.0,0.4901625,0.0031366,0.2050185,0.0766219,0.905047,0.0,0.8076079,0.0043892,0.0424287,0.2125576,0.0029261,0.9846379,0.2741935,0.0967742,0.390625,11.595435894542709
1073.0,0.499534,0.0,0.1621622,0.0986965,0.8546132,0.0,0.6883408,0.0044843,0.0313901,0.1097804,0.0,0.9887892,0.3193613,0.0596026,0.0,10.454523783963511
328.0,0.5030488,0.0,0.0487805,0.0552147,0.9756098,0.0,0.8918919,0.0,0.0,0.2525253,0.0,1.0,0.8686869,0.5833333,0.0,10.714439990727769
4123.0,0.4562212,0.174145,0.182634,0.1779661,0.8513219,0.0167354,0.6833233,0.0012041,0.0096328,0.0888645,0.1818182,0.9987959,0.3883708,0.0910973,0.8181818,9.615805480084347
4197.0,0.4913033,0.0076245,0.1138909,0.0608899,0.9092209,0.0,0.8011436,0.0025413,0.0362135,0.0168645,0.0076239,0.9949174,0.07995,0.0898438,0.6,11.267037714175425
8441.0,0.479564,0.0011847,0.1447696,0.1279308,0.8775027,0.0114915,0.7318794,0.0035279,0.0262989,0.0508371,0.0019243,0.9971135,0.2404871,0.0803383,0.4545455,10.547995807489514
205.0,0.4780488,0.0,0.1902439,0.1588785,0.8195122,0.0,0.6385542,0.0120482,0.0481928,0.0879121,0.0,0.9879518,0.1648352,0.1875,1.0,9.852246888342531
4796.0,0.4916597,0.0002085,0.1995413,0.1086957,0.8577982,0.0050042,0.7142857,0.0030722,0.0409626,0.0677804,0.0,0.9871992,0.3914081,0.1126543,0.4285714,10.661977618146238
2322.0,0.4832041,0.0055986,0.1365202,0.0858333,0.8837209,0.0,0.7544843,0.0078475,0.0392377,0.0251366,0.0056054,0.9887892,0.2273224,0.0888031,0.2,11.000448478455008
129.0,0.5581395,0.0,0.3565891,0.245614,0.6899225,0.0,0.4444444,0.0,0.0,0.2,0.0,1.0,0.5111111,0.0,1.0,9.615805480084347
744.0,0.4879032,0.0241935,0.108871,0.0971129,0.8629032,0.0,0.7234848,0.0265152,0.0643939,0.2142857,0.0151515,0.969697,0.3511905,0.1910112,1.0,9.615805480084347
8.0,0.625,0.0,0.375,0.0,0.875,0.0,0.75,0.0,0.0,0.2,0.0,1.0,0.2,0.0,0.0,9.615805480084347
285.0,0.4526316,0.0,0.2350877,0.224359,0.7157895,0.0035088,0.4925373,0.0298507,0.0597015,0.1006711,0.0,1.0,0.4026846,0.0681818,1.0,9.615805480084347
7034.0,0.47441,0.0024168,0.1656241,0.1071139,0.9016207,0.0160648,0.7890474,0.0015426,0.0096413,0.0459897,0.0019283,0.9957578,0.1405445,0.0479303,0.5185185,11.339773736496767
35184.0,0.4929229,0.0038654,0.1262221,0.0726977,0.9375853,0.0089529,0.8677444,0.0012564,0.018762,0.0257059,0.0033504,0.9946394,0.0568794,0.070297,0.1404959,11.458479838780507
1401.0,0.4710921,0.0949322,0.2462527,0.17139,0.8900785,0.0,0.7434095,0.0017575,0.0105448,0.0420875,0.0808436,1.0,0.2053872,0.0909091,1.0,10.16203685698089
930.0,0.5,0.0,0.3172043,0.1526882,0.8086022,0.0473118,0.6683673,0.0,0.0102041,0.1478261,0.0,1.0,0.3152174,0.0615385,1.0,9.615805480084347
3037.0,0.4435298,0.3612117,0.2216003,0.2171598,0.5959829,0.2779058,0.6251298,0.0,0.01973,0.0949248,0.3956386,0.9968847,0.3345865,0.0645933,0.8823529,10.591647316585027
2193.0,0.4687642,0.000456,0.1956224,0.1476395,0.8312813,0.0205198,0.6647196,0.0058411,0.036215,0.0941799,0.0011682,0.9836449,0.3767196,0.1130137,0.3333333,10.410335274932896
920.0,0.4695652,0.3358696,0.1597826,0.1782787,0.8891304,0.0,0.7282609,0.0,0.0027174,0.102439,0.2853261,1.0,0.2682927,0.0833333,0.3529412,9.985113621416073
311.0,0.5434084,0.0,0.0385852,0.0492958,0.9517685,0.0,0.8169014,0.0140845,0.0140845,0.1012658,0.0,1.0,0.9746835,0.2941176,0.0,9.99884318585288
1151.0,0.4665508,0.0034752,0.1972198,0.1563518,0.8514335,0.0,0.6964657,0.004158,0.047817,0.1888702,0.004158,1.0,0.3558179,0.0314465,1.0,10.96302978336854
90.0,0.4111111,0.4111111,0.1777778,0.1698113,0.8444444,0.0,0.6486486,0.0,0.027027,0.1590909,0.3783784,1.0,0.4090909,0.0769231,0.0,9.615805480084347
342.0,0.4766082,0.0233918,0.1052632,0.0782123,0.8918129,0.0,0.8032787,0.0245902,0.057377,0.1347518,0.0163934,0.9918033,0.2269504,0.2142857,0.0,9.814710982145282
96357.0,0.5107569,0.0133047,0.081883,0.0648466,0.7281983,0.0239422,0.5721301,0.0060053,0.1556036,0.0541264,0.0121707,0.8817893,0.5452526,0.1029622,0.1293532,12.261038936200617
6725.0,0.450855,0.0086245,0.2005948,0.1578662,0.8260223,0.0304833,0.6735522,0.0022132,0.0254519,0.0622622,0.0077462,0.9985245,0.2964372,0.0655412,0.4814815,10.416341118636355
3348.0,0.5,0.0352449,0.1821983,0.1224612,0.8306452,0.0,0.6813725,0.0070028,0.0644258,0.0973451,0.0287115,0.9908964,0.3963338,0.0830671,0.375,11.230575816507569
9035.0,0.4613171,0.4813503,0.1464305,0.1432094,0.8750415,0.0139458,0.7217497,0.0018226,0.0227825,0.0729372,0.4252734,0.9866343,0.3154041,0.1501272,0.3023256,10.122663242288953
1123.0,0.4861977,0.0017809,0.1353517,0.0918544,0.8628673,0.0035619,0.7110609,0.0090293,0.0383747,0.0306346,0.0022573,1.0,0.1991247,0.097561,1.0,10.526775414924009
2650.0,0.4981132,0.0,0.1784906,0.1218045,0.8615094,0.0445283,0.7577778,0.0022222,0.0255556,0.0374332,0.0,0.9988889,0.1657754,0.0479042,0.625,11.031674824544641
406.0,0.4655172,0.0,0.1256158,0.1198157,0.8990148,0.0,0.7333333,0.0,0.0066667,0.1176471,0.0,0.8533333,0.3058824,0.1111111,0.0,9.83097062169695
568.0,0.5246479,0.0,0.0897887,0.0925926,0.9014085,0.0246479,0.7873563,0.0057471,0.0287356,0.1030928,0.0,0.3218391,0.4948454,0.225,0.3333333,9.852246888342531
577.0,0.4610052,0.6204506,0.1681109,0.1446945,0.8717504,0.0,0.690583,0.0044843,0.0134529,0.1150794,0.573991,0.9865471,0.1865079,0.0666667,1.0,9.615805480084347
624.0,0.4759615,0.1939103,0.1746795,0.1376147,0.8589744,0.0224359,0.7312253,0.0,0.0197628,0.0664207,0.1541502,1.0,0.3284133,0.0909091,0.5,10.318935994253193
58412.0,0.4945217,0.1267034,0.1068616,0.0706835,0.8195234,0.0337773,0.6990859,0.0069878,0.0599895,0.0609162,0.1188362,0.9538982,0.4819232,0.0754543,0.2936508,11.124332223082254
56.0,0.5178571,0.0,0.3928571,0.2962963,0.8035714,0.0,0.6206897,0.0,0.0,0.2926829,0.0,1.0,0.2682927,0.0,0.6666667,9.615805480084347
64.0,0.53125,0.0,0.140625,0.1,0.9375,0.0,0.8,0.0,0.0,0.0,0.0,0.95,0.15,0.0,0.0,10.53212287826962
1325.0,0.4898113,0.0,0.0173585,0.0517751,0.9932075,0.0,0.9419355,0.0,0.0,0.0828402,0.0,1.0,0.2544379,0.688,0.0,10.795506083434564
524.0,0.4675573,0.009542,0.1812977,0.1326165,0.8931298,0.0,0.7584541,0.0,0.0289855,0.1191489,0.0096618,1.0,0.2340426,0.1290323,0.6,10.505094936455558
364.0,0.478022,0.0054945,0.2115385,0.1473684,0.8571429,0.0,0.6912752,0.0134228,0.033557,0.128655,0.0134228,1.0,0.251462,0.0689655,1.0,9.615805480084347
340.0,0.4794118,0.0117647,0.1882353,0.1694915,0.85,0.0,0.6616541,0.0,0.0451128,0.0633803,0.0225564,1.0,0.1478873,0.2666667,0.0,10.056251557087757
2453.0,0.5405626,0.160212,0.0301671,0.028394,0.4105177,0.0,0.2337023,0.0055351,0.1143911,0.1882177,0.1426814,0.8843788,0.9365951,0.0144642,0.8709677,10.774801838762809
51638.0,0.4956234,0.006197,0.0897595,0.0760607,0.9237964,0.0124908,0.8195022,0.0042333,0.0374425,0.0306353,0.0062769,0.5498139,0.600467,0.3615152,0.2625,11.917063025610398
259.0,0.5173745,0.0,0.1698842,0.12,0.9034749,0.0,0.7745098,0.0098039,0.0098039,0.1282051,0.0,1.0,0.3846154,0.0526316,1.0,9.615805480084347
8542.0,0.4619527,0.0018731,0.1583938,0.124456,0.8632639,0.0176774,0.725318,0.0027256,0.0266505,0.020178,0.0012114,0.9918231,0.2198813,0.0298879,0.1538462,10.96476135554887
353.0,0.4532578,0.0028329,0.2294618,0.119171,0.8583569,0.0,0.6971831,0.0,0.0422535,0.083871,0.0,0.9859155,0.1935484,0.05,0.0,10.70551155928146
3895.0,0.4693196,0.0015404,0.0942234,0.0735365,0.8790757,0.0,0.7463087,0.0033557,0.0550336,0.0533672,0.0006711,0.9986577,0.2357052,0.0441989,0.3571429,11.178864319331653
2047.0,0.4572545,0.3937469,0.2056668,0.1953195,0.7967758,0.0293112,0.6138728,0.0,0.0231214,0.050494,0.3260116,0.9953757,0.417124,0.080402,0.8333333,10.55323128448846
4355.0,0.4886338,0.0135476,0.1494834,0.0929502,0.8179104,0.0013777,0.6558478,0.0022384,0.0817012,0.4833767,0.0100727,0.968103,0.1997687,0.1008902,0.55,11.942764435686394
311.0,0.5048232,0.0064309,0.1961415,0.1233766,0.8938907,0.0,0.768,0.008,0.024,0.2647059,0.0,0.976,0.3058824,0.1818182,0.6666667,9.918425424900335
412.0,0.5533981,0.0,0.1067961,0.0923913,0.9199029,0.0,0.761194,0.0,0.0074627,0.0218978,0.0,1.0,0.1532847,0.0833333,0.0,10.335302435967074
54523.0,0.4889863,0.0126736,0.1146855,0.0882205,0.8187921,0.0265393,0.67743,0.0041604,0.0582924,0.0611629,0.0124338,0.9827912,0.3956502,0.0773401,0.3857143,10.673618922112436
3572.0,0.5083987,0.0,0.0870661,0.0296128,0.9720045,0.006439,0.9171333,0.0,0.0022396,0.0304017,0.0,0.9798432,0.1270358,0.3461538,0.2,11.106474871430772
3408.0,0.48973,0.1370305,0.0868545,0.0615296,0.8805751,0.0,0.7592447,0.0055075,0.0653029,0.0875808,0.1431943,0.6986625,0.4213927,0.0746667,0.2307692,11.518917476956224
65.0,0.5846154,0.0,0.2461538,0.0740741,0.8923077,0.0,0.7307692,0.0,0.0,0.1612903,0.0,1.0,0.2580645,0.2,0.0,9.615805480084347
11821.0,0.4996193,0.0871331,0.0926318,0.0726965,0.858726,0.000423,0.7055188,0.0048565,0.0536424,0.2396777,0.0821192,0.9192053,0.504196,0.1041856,0.3706897,10.879951039444416
657.0,0.4596651,0.0,0.196347,0.1774648,0.8523592,0.0,0.6884058,0.0036232,0.0217391,0.1585366,0.0,0.9963768,0.3292683,0.0757576,0.6,9.841665338892785
361.0,0.4570637,0.0110803,0.2825485,0.1887755,0.8033241,0.0,0.5988024,0.005988,0.0179641,0.1971154,0.005988,0.988024,0.3509615,0.1428571,1.0,9.615805480084347
3099.0,0.494353,0.0019361,0.0961601,0.0778558,0.9060987,0.0,0.7801802,0.0072072,0.0288288,0.0726817,0.0018018,0.9972973,0.3316625,0.1105263,0.4444444,10.463131911491967
283.0,0.4805654,0.0,0.1236749,0.1156463,0.8727915,0.0,0.7238095,0.0190476,0.0380952,0.0707965,0.0,1.0,0.2654867,0.2352941,0.0,9.615805480084347
3329.0,0.4809252,0.0018023,0.1450886,0.0966435,0.8468008,0.0096125,0.6896272,0.006483,0.0591572,0.0500385,0.0008104,0.9100486,0.408776,0.1291866,0.2,12.074259775399616
217.0,0.4746544,0.0,0.2580645,0.2368421,0.8064516,0.0,0.5684211,0.0,0.0105263,0.0776699,0.0,1.0,0.2912621,0.0434783,0.5,9.615805480084347
45309.0,0.4786466,0.0440531,0.1584233,0.1225976,0.8174535,0.0363283,0.6802635,0.0046116,0.0341477,0.1598247,0.0375515,0.9839693,0.3181734,0.0916933,0.6252252,9.94755228369823
2774.0,0.4790916,0.0046864,0.1690699,0.1287197,0.8406633,0.0414564,0.7154472,0.0,0.0108401,0.0618644,0.0036134,0.99729,0.279661,0.0375723,0.5454545,10.62135173563291
7895.0,0.4476251,0.2651045,0.2135529,0.1715203,0.8069664,0.0396453,0.6614173,0.0030285,0.0233192,0.0685472,0.237129,0.9978801,0.374048,0.061445,0.3043478,10.482933978579906
645.0,0.4666667,0.5689922,0.1131783,0.1540698,0.8930233,0.0,0.723301,0.0097087,0.038835,0.0762332,0.5,0.9951456,0.3632287,0.2631579,0.6666667,9.711176264112805
957.0,0.5005225,0.0,0.1358412,0.1087866,0.8714734,0.0,0.6981132,0.0026954,0.0215633,0.1392111,0.0,0.9595687,0.2830626,0.1282051,0.3333333,10.196194479235656
3686.0,0.4582203,0.2004883,0.2105263,0.1492238,0.8497016,0.0208899,0.7011873,0.0013193,0.0131926,0.0630408,0.1609499,0.9986807,0.2793572,0.0859539,0.4285714,10.491301994830229
1525.0,0.4740984,0.0,0.1678689,0.1296758,0.8622951,0.0216393,0.7167832,0.0052448,0.0192308,0.0498339,0.0,0.9283217,0.3355482,0.1325967,0.25,10.207325906555994
8525.0,0.4849267,0.0015249,0.2131378,0.1427921,0.8133724,0.0187683,0.6527232,0.0058956,0.0384615,0.0599103,0.0005615,0.993543,0.3058855,0.0610902,0.4516129,10.348205424565993
873.0,0.4753723,0.0,0.325315,0.2401747,0.7502864,0.1019473,0.6426513,0.0028818,0.0115274,0.1010363,0.0,1.0,0.3834197,0.0505051,0.6666667,10.275085591132715
5701.0,0.4420277,0.582354,0.1555867,0.1546683,0.8628311,0.0268374,0.7229931,0.0024777,0.0262636,0.0922177,0.5436075,0.9945491,0.3432299,0.1543943,0.5,10.442929787247998
4062.0,0.4455933,0.0886263,0.2483998,0.196714,0.8200394,0.0233875,0.6466784,0.0011758,0.0170488,0.1533101,0.0793651,0.9970606,0.3603783,0.1223404,0.7373737,9.862717639992917
729.0,0.4938272,0.0,0.1481481,0.097561,0.8984911,0.0,0.7604563,0.0076046,0.0304183,0.0505415,0.0,0.9961977,0.1805054,0.2105263,0.75,10.292179440058462
1461.0,0.4579055,0.0034223,0.1608487,0.1477273,0.8370979,0.0,0.6354344,0.0051107,0.0272572,0.0329489,0.0017036,0.9965928,0.3855025,0.0458015,0.8333333,10.491301994830229
113.0,0.5309735,0.0,0.1415929,0.0754717,0.9115044,0.0,0.7906977,0.0,0.0232558,0.0652174,0.0,1.0,0.1956522,0.0,0.0,10.351405324899678
2791.0,0.4654246,0.0809746,0.2228592,0.1689008,0.858832,0.0207811,0.7027027,0.0018639,0.0111836,0.1436552,0.0745573,0.8657968,0.3471668,0.1559633,0.6511628,9.615805480084347
1758.0,0.4960182,0.0244596,0.0671217,0.0440181,0.9311718,0.0,0.8473154,0.0083893,0.0318792,0.056962,0.0184564,0.988255,0.096519,0.1197183,1.0,11.52387529615648
1576.0,0.5044416,0.0038071,0.1427665,0.0691421,0.8591371,0.0,0.7072785,0.0031646,0.0537975,0.3115468,0.0015823,0.971519,0.5490196,0.1352657,0.6315789,11.047726275896391
35573.0,0.4683046,0.15672,0.133978,0.1024638,0.8241925,0.0349141,0.689637,0.0075148,0.0477192,0.0517352,0.1345157,0.9885774,0.307347,0.1115305,0.4637681,10.298935994257638
771.0,0.5045396,0.0,0.1374838,0.0968586,0.8988327,0.0,0.7429577,0.0,0.0176056,0.024055,0.0,0.9894366,0.2268041,0.16,0.5,10.638280388314705
134.0,0.4850746,0.0,0.2835821,0.1449275,0.8955224,0.0,0.7636364,0.0,0.0181818,0.0178571,0.0,0.9818182,0.1964286,0.0,0.0,10.034559673629849
1182.0,0.4729272,0.0,0.1531303,0.1300161,0.8629442,0.0,0.6742081,0.0067873,0.0294118,0.0453564,0.0,0.9977376,0.2915767,0.0816327,1.0,10.521399202410167
2048.0,0.5014648,0.0976562,0.1064453,0.0881489,0.871582,0.0,0.7167785,0.0040268,0.0510067,0.0825123,0.0805369,0.7637584,0.3054187,0.1218638,0.5714286,10.250652418696085
629.0,0.4785374,0.0015898,0.1526232,0.1097561,0.863275,0.0,0.7081712,0.0038911,0.0389105,0.0338346,0.0,0.9922179,0.2406015,0.0338983,1.0,11.791322060504474
3340.0,0.4883234,0.2844311,0.1754491,0.1351668,0.8634731,0.0155689,0.7272727,0.0047022,0.0352665,0.1337407,0.2405956,0.9913793,0.3319756,0.1461318,0.2857143,10.207325906555994
2886.0,0.483368,0.011781,0.2976438,0.1971831,0.6902287,0.0616771,0.539267,0.0022438,0.0620793,0.033261,0.0052356,0.9880329,0.54953,0.0777778,0.75,11.03005541721757
904.0,0.4856195,0.0,0.2422566,0.1677419,0.8506637,0.0,0.6569149,0.0,0.0159574,0.0761671,0.0,0.9973404,0.2678133,0.0714286,0.5714286,9.908524844053396
232.0,0.4396552,0.0,0.1939655,0.1307692,0.8405172,0.0,0.65625,0.0,0.03125,0.0769231,0.0,1.0,0.2692308,0.0625,0.0,9.615805480084347
463.0,0.4600432,0.1015119,0.1900648,0.152,0.8920086,0.0,0.7567568,0.0054054,0.0216216,0.0561224,0.0918919,1.0,0.3112245,0.0967742,0.5,10.098272780745283
5935.0,0.4697557,0.0087616,0.1411963,0.1283762,0.8207245,0.0286436,0.6597437,0.0061865,0.0384445,0.0617745,0.0066284,0.9792311,0.2856551,0.0875,0.5517241,10.354595018522993
296.0,0.5033784,0.0,0.1925676,0.1088435,0.9054054,0.0,0.7610619,0.0,0.0088496,0.2206897,0.0,0.9823009,0.2758621,0.2727273,0.8333333,9.615805480084347
3422.0,0.4582116,0.1975453,0.1487434,0.1596548,0.8804793,0.0,0.7210728,0.0022989,0.0275862,0.0770863,0.1701149,0.994636,0.3408769,0.1258278,0.6428571,10.376642461280849
1160.0,0.4594828,0.0,0.2862069,0.2073365,0.8060345,0.037069,0.6568047,0.0,0.0138067,0.1888,0.0,0.974359,0.2992,0.0612245,0.7333333,9.615805480084347
25781.0,0.4805477,0.0508126,0.12292,0.0901284,0.8801831,0.0078352,0.772899,0.0025528,0.0500357,0.0598118,0.0426835,0.9834576,0.1291283,0.101022,0.1907514,11.373674891823535
928.0,0.4859914,0.0,0.205819,0.1698113,0.8351293,0.0,0.6476427,0.0049628,0.0173697,0.0799087,0.0,1.0,0.4292237,0.06,0.4285714,10.021315031649332
565.0,0.5079646,0.3769912,0.1752212,0.1438849,0.8619469,0.0,0.7027027,0.0045045,0.036036,0.0938776,0.3378378,1.0,0.2408163,0.24,1.0,10.203629181337648
851.0,0.479436,0.0,0.2984724,0.1986456,0.8213866,0.0,0.626943,0.0025907,0.0207254,0.0492611,0.0,1.0,0.2364532,0.0470588,0.75,9.825580063659602
2087.0,0.4590321,0.0004792,0.2256828,0.1718335,0.8576905,0.0,0.678733,0.0011312,0.0113122,0.0997963,0.0011312,0.9966063,0.385947,0.1206897,0.7037037,9.787009914477434
19872.0,0.4668378,0.3085749,0.1645028,0.1303445,0.8298611,0.0315519,0.6892502,0.0018067,0.0356175,0.0929416,0.2719061,0.9930314,0.2533068,0.1011064,0.3654822,10.853232402669228
4702.0,0.4931944,0.0040408,0.1203743,0.0956777,0.8175245,0.0448745,0.6968351,0.0016657,0.0483065,0.0425306,0.0049972,0.991116,0.3476874,0.0321101,0.2,11.160541302448653
1345.0,0.5130112,0.0,0.0446097,0.0259542,0.932342,0.0,0.8392857,0.0044643,0.0334821,0.0819672,0.0,0.9776786,0.1639344,0.1866667,0.5384615,11.008760940077243
19750.0,0.4837975,0.0472405,0.1603038,0.1085826,0.8342785,0.0119494,0.6993336,0.004704,0.0714752,0.039292,0.0376323,0.9894159,0.2083856,0.0794998,0.2941176,11.282266241614355
675.0,0.4637037,0.0014815,0.1555556,0.1353591,0.8740741,0.0,0.6966292,0.0037453,0.0149813,0.0531915,0.0037453,0.9962547,0.287234,0.0961538,0.75,10.367253014814716
92639.0,0.4662183,0.0517924,0.3010827,0.2262533,0.6372154,0.015501,0.4254741,0.0025758,0.0679039,0.2100203,0.0451273,0.5865328,0.8759393,0.0352868,0.3909884,11.726430716744437
447.0,0.4742729,0.0,0.147651,0.1319149,0.8747204,0.0,0.6900585,0.0,0.0175439,0.0284091,0.0,1.0,0.1704545,0.1724138,1.0,10.043292972227004
1517.0,0.4627554,0.0026368,0.2696111,0.1877301,0.8437706,0.0,0.6626506,0.001506,0.0135542,0.0568182,0.0045181,0.996988,0.3210227,0.0822511,0.75,10.33854382482173
374.0,0.5,0.0,0.1550802,0.0641711,0.9572193,0.0,0.8684211,0.0087719,0.0087719,0.2244898,0.0,0.9912281,0.170068,0.2777778,0.0,10.584081267024454
643.0,0.4494557,0.0,0.2628305,0.1892655,0.8040435,0.0762053,0.6820084,0.0,0.0041841,0.0912548,0.0,1.0,0.1939163,0.1904762,0.0,9.711176264112805
3684.0,0.4796417,0.0019001,0.1237785,0.0975483,0.8705212,0.0040717,0.7083936,0.0021708,0.0296671,0.0611413,0.0014472,0.9891462,0.2513587,0.1065574,0.3333333,10.419330568113901
14318.0,0.449993,0.0531499,0.1931834,0.1479365,0.6628021,0.1127951,0.5571653,0.005062,0.0703439,0.0684553,0.0464304,0.9940653,0.3188618,0.0626003,0.625,10.392098241730961
151.0,0.4370861,0.0,0.2516556,0.2823529,0.8344371,0.0,0.6268657,0.0,0.0,0.1625,0.0,1.0,0.2375,0.0,1.0,9.615805480084347
5137.0,0.4946467,0.0103173,0.1109597,0.085131,0.9199922,0.0,0.8056032,0.002287,0.0297313,0.0157569,0.0074328,0.9885649,0.1727631,0.1038251,0.1666667,11.603688960617083
1082.0,0.4759704,0.0,0.2310536,0.1640212,0.7735675,0.090573,0.6476427,0.0024814,0.0099256,0.1064302,0.0,0.9925558,0.2660754,0.09375,0.875,9.711176264112805
15.0,0.4666667,0.0,0.1333333,0.0,0.8666667,0.0,0.8333333,0.0,0.1666667,0.4,0.0,1.0,0.4,0.0,0.0,9.770013301136158
362.0,0.4972376,0.0,0.1740331,0.1098901,0.9254144,0.0,0.7923077,0.0,0.0,0.1156463,0.0,0.9769231,0.2312925,0.16,1.0,10.428245666832275
7876.0,0.4719401,0.0030472,0.1712798,0.1216639,0.8660488,0.0201879,0.7339327,0.002664,0.025974,0.0762842,0.001332,0.986014,0.3014457,0.0807018,0.3018868,10.586609649448985
1020.0,0.445098,0.0,0.222549,0.1448763,0.7745098,0.0392157,0.6153846,0.002331,0.044289,0.1118012,0.0,1.0,0.3768116,0.0275862,0.6666667,10.664316745782925
4751.0,0.4708482,0.0016839,0.1831193,0.1439936,0.8278257,0.0124184,0.6589304,0.0030272,0.0327952,0.0650943,0.0010091,0.993441,0.2773585,0.0645646,0.4,10.413342705547674
8294.0,0.4770919,0.0397878,0.1732578,0.1187457,0.8293947,0.0027731,0.6718023,0.0034884,0.0616279,0.0717755,0.0348837,0.9238372,0.3327037,0.0581297,0.2765957,11.230575816507569
211.0,0.492891,0.0,0.1374408,0.1121495,0.8815166,0.0,0.7058824,0.0,0.0,0.0860215,0.0,1.0,0.172043,0.1481481,1.0,10.169728906753061
169.0,0.5384615,0.0,0.1360947,0.1282051,0.8402367,0.0,0.6666667,0.0,0.0757576,0.195122,0.0,0.9848485,0.3780488,0.047619,0.5,9.615805480084347
546.0,0.4798535,0.0018315,0.1758242,0.0915493,0.9010989,0.0,0.7757009,0.0,0.0280374,0.036036,0.0,1.0,0.1036036,0.047619,0.0,11.015361515187424
17722.0,0.4835797,0.2853515,0.1249295,0.1031469,0.8179664,0.0025956,0.6464844,0.007115,0.070173,0.1309408,0.2512556,0.9792132,0.4707808,0.0981888,0.4210526,10.778977123006351
79.0,0.4683544,0.1012658,0.2278481,0.2142857,0.8987342,0.0,0.7333333,0.0,0.0,0.1176471,0.1333333,1.0,0.2058824,0.1428571,0.0,10.177362240256695
312.0,0.5128205,0.0,0.0961538,0.0986842,0.900641,0.0,0.754386,0.0,0.0263158,0.0578512,0.0,1.0,0.1818182,0.1071429,0.0,10.154285180632154
7780.0,0.5169666,0.0151671,0.0570694,0.0465673,0.9458869,0.0,0.8637519,0.009151,0.0416878,0.0367287,0.018302,0.5587189,0.3790402,0.4114286,0.5652174,11.546369912189585
8804.0,0.4299182,0.0356656,0.2129714,0.1548117,0.7631758,0.0788278,0.6366468,0.0039649,0.0243557,0.0894791,0.0189748,0.9971679,0.3037648,0.0560132,0.5862069,9.994287576862567
822.0,0.4793187,0.0036496,0.2676399,0.182243,0.7822384,0.1058394,0.7278689,0.0,0.0229508,0.0286624,0.0032787,0.9868852,0.1050955,0.0652174,0.4,10.647826772357497
581.0,0.4870912,0.0,0.151463,0.0771812,0.9173838,0.0,0.7688442,0.0050251,0.0100503,0.2683824,0.0,1.0,0.2352941,0.1923077,0.7142857,10.281958234245314
1421.0,0.4299789,0.0457424,0.3328642,0.2691358,0.7614356,0.08867,0.6500858,0.0017153,0.0120069,0.125937,0.0325901,0.9948542,0.3748126,0.0696203,0.6666667,9.615805480084347
72.0,0.5833333,0.0,0.2083333,0.2,0.8611111,0.0,0.6774194,0.0,0.0,0.1842105,0.0,1.0,0.2894737,0.0,0.0,9.615805480084347
1332.0,0.6861862,0.28003,0.0015015,0.007177,0.4444444,0.5540541,0.9880952,0.0,0.0,0.0232558,0.2797619,0.9404762,0.0465116,0.1190476,1.0,0.0
32873.0,0.497247,0.0107991,0.0928422,0.0717009,0.8479299,0.0034375,0.7054974,0.005072,0.0772251,0.0335231,0.0113711,0.8929156,0.344086,0.0778027,0.2833333,12.230770136157428
4467.0,0.4781733,0.0055966,0.1032013,0.0879451,0.9117976,0.0064921,0.7887014,0.0044021,0.0388848,0.2075581,0.0044021,0.3947175,0.647093,0.2540541,0.4,10.468829770273567
913.0,0.4523549,0.5115005,0.1478642,0.13,0.9079956,0.0043812,0.7708978,0.003096,0.0123839,0.2608696,0.4055728,1.0,0.4576659,0.212766,0.6,10.016860879703811
59646.0,0.4892197,0.0949938,0.169718,0.119182,0.7725246,0.0251148,0.6271295,0.0053461,0.0818671,0.1070538,0.0768003,0.9718332,0.4139651,0.0547306,0.3574297,10.837637848711049
15314.0,0.4839363,0.0039833,0.132036,0.0964191,0.9011362,0.0034609,0.7693885,0.0011186,0.0333706,0.0252589,0.0033557,0.9778151,0.2358713,0.0464037,0.375,12.09626335986454
52354.0,0.4974214,0.0210108,0.0771479,0.0549939,0.9364518,0.0034572,0.851693,0.0035845,0.0351405,0.0290846,0.0218268,0.7477437,0.2199366,0.234192,0.2857143,12.158462035413251
1057.0,0.4578997,0.9687796,0.1438032,0.1570681,0.897824,0.0,0.7328042,0.0,0.0185185,0.1168224,0.952381,0.9920635,0.2196262,0.1570248,1.0,10.247112717290387
195.0,0.4769231,0.0,0.0923077,0.1078431,0.8564103,0.0,0.6756757,0.0,0.0540541,0.1956522,0.0,1.0,0.4673913,0.12,1.0,9.615805480084347
8271.0,0.4974006,0.0067706,0.0539233,0.0579745,0.8871962,0.0,0.753216,0.0040623,0.056872,0.0221781,0.0067705,0.993568,0.2260841,0.0680571,0.75,10.957817003758691
5755.0,0.4359687,0.4872285,0.181755,0.1817622,0.8278019,0.0542137,0.6867655,0.0056208,0.0229944,0.1047575,0.4036791,0.9943792,0.3481244,0.2085561,0.7192982,10.034559673629849
1689.0,0.4807578,0.0059207,0.1053878,0.0900798,0.8679692,0.0,0.71266,0.0,0.027027,0.0487145,0.0071124,0.9985775,0.376184,0.033557,0.4285714,10.868587496017359
301.0,0.4950166,0.0465116,0.1395349,0.1184211,0.9069767,0.0,0.7610619,0.0,0.0088496,0.1751825,0.0442478,1.0,0.3065693,0.1428571,0.5,10.236417809461043
689.0,0.4876633,0.0,0.1959361,0.1331445,0.8635704,0.0,0.6843972,0.0035461,0.0141844,0.1159875,0.0,1.0,0.2507837,0.0909091,1.0,9.65509029374725
36.0,0.4444444,0.0,0.1388889,0.25,0.8333333,0.0,0.6,0.0,0.0,0.2857143,0.0,1.0,0.2380952,0.0,0.0,9.770013301136158
85351.0,0.4922262,0.0210308,0.0557111,0.0478553,0.8962754,0.0139307,0.7834095,0.0013058,0.0408577,0.0584029,0.0211333,0.9850521,0.2161716,0.0330888,0.2479675,11.852969885168331
9205.0,0.4761543,0.0020641,0.1792504,0.1296143,0.8498642,0.0,0.6717283,0.0024848,0.0436223,0.0356763,0.0022087,0.9925456,0.2412141,0.0419223,0.2916667,11.297266335365645
1713.0,0.530648,0.0081728,0.0653824,0.0447761,0.8849971,0.0326912,0.806867,0.0021459,0.0536481,0.031185,0.0042918,0.5579399,0.4532225,0.3598326,0.5,12.077676615757813
290.0,0.4793103,0.0,0.3827586,0.1125828,0.8862069,0.0,0.8014184,0.0070922,0.0283688,0.3088235,0.0,0.9929078,0.2696078,0.25,0.0,11.246365410473757
3653.0,0.4957569,0.0024637,0.0941692,0.0445168,0.9145907,0.005475,0.8232628,0.0022659,0.0354985,0.0419682,0.0007553,0.9984894,0.0709117,0.0422535,0.4210526,11.52979241483
23706.0,0.4490424,0.044166,0.2234455,0.1797718,0.7849068,0.0276723,0.6137736,0.0025326,0.035262,0.1019158,0.0362361,0.9962011,0.3037355,0.0641641,0.6223776,10.243560441877241
15195.0,0.4701547,0.1249095,0.1465614,0.1264439,0.8748272,0.0110563,0.7384073,0.0015121,0.0250336,0.063562,0.1172715,0.9934476,0.3239459,0.085177,0.5670103,10.614007941153417
2674.0,0.4768138,0.736724,0.1245325,0.0972123,0.8706058,0.0037397,0.7068437,0.0040858,0.0418795,0.1172227,0.6455567,0.9959142,0.2678088,0.0809969,0.6363636,10.689692377847104
1231.0,0.4524777,0.0008123,0.2339561,0.2166172,0.8115353,0.0333063,0.6517312,0.0081466,0.0285132,0.150519,0.0020367,0.9979633,0.3200692,0.0979021,0.4545455,9.615805480084347
5431.0,0.4982508,0.0651814,0.0379304,0.0333945,0.9419996,0.0,0.8592633,0.004398,0.0241891,0.0743003,0.059923,0.9846069,0.1954198,0.1446154,0.5121951,11.13751903414526
1180.0,0.5211864,0.0008475,0.0728814,0.040708,0.9127119,0.0,0.821608,0.0075377,0.0527638,0.0478469,0.0,0.9949749,0.2368421,0.0606061,0.0,11.17606715383184
830.0,0.4662651,0.0,0.2409639,0.1986456,0.8036145,0.0,0.6010782,0.0053908,0.032345,0.1568182,0.0,0.9973046,0.1909091,0.0666667,0.8235294,9.841665338892785
33687.0,0.480868,0.0168314,0.1856206,0.1277447,0.8157746,0.019889,0.6605921,0.0033854,0.0497011,0.0842952,0.0153425,0.9914284,0.3121166,0.048465,0.6232558,11.68352019721342
620.0,0.4741935,0.0,0.1741935,0.1257669,0.8725806,0.0,0.7137097,0.0,0.0322581,0.2274143,0.0,0.9959677,0.411215,0.0909091,0.5555556,9.635673464721814
301.0,0.4983389,0.0,0.1960133,0.1192053,0.8504983,0.0,0.7118644,0.0,0.059322,0.1917808,0.0,1.0,0.3493151,0.0416667,1.0,10.488520429241627
4198.0,0.4630777,0.0061934,0.2932349,0.1543922,0.856122,0.0126251,0.72,0.0005556,0.0238889,0.0566038,0.0038889,0.865,0.2127883,0.0514019,0.6206897,11.531757032705352
60.0,0.5,0.0,0.4,0.1,0.8333333,0.0,0.6875,0.0,0.0,0.3043478,0.0,1.0,0.3695652,0.0,1.0,9.615805480084347
121.0,0.4545455,0.0,0.1404959,0.1363636,0.8512397,0.0,0.6304348,0.0,0.0217391,0.1481481,0.0,1.0,0.3333333,0.3333333,0.0,9.615805480084347
211.0,0.4454976,0.0,0.1042654,0.0854701,0.9099526,0.0,0.7662338,0.0,0.012987,0.1149425,0.0,0.987013,0.1724138,0.0666667,0.3333333,9.615805480084347
178.0,0.5393258,0.0,0.0842697,0.0243902,0.9494382,0.0,0.826087,0.0,0.0217391,0.2068966,0.0,1.0,0.5,0.1,0.0,9.615805480084347
201.0,0.4427861,0.0,0.2736318,0.1785714,0.8706468,0.0,0.7142857,0.0,0.0,0.1333333,0.0,1.0,0.2857143,0.0,0.1666667,9.615805480084347
865.0,0.449711,0.0150289,0.1734104,0.1617647,0.7884393,0.1017341,0.7210884,0.0102041,0.0306122,0.0981595,0.0068027,0.9931973,0.2300613,0.084507,0.6363636,9.985113621416073
112.0,0.5,0.0,0.2142857,0.1964286,0.8571429,0.0,0.6938776,0.0,0.0204082,0.0754717,0.0,1.0,0.1886792,0.0,0.0,9.615805480084347
4014.0,0.4793224,0.0037369,0.1170902,0.0913876,0.8921276,0.0301445,0.8034483,0.0013793,0.0144828,0.0553746,0.0055172,0.9986207,0.1498371,0.0851852,0.2727273,10.791399385808587
32388.0,0.4895023,0.0048166,0.0968569,0.0769929,0.8973694,0.0068235,0.7830642,0.0021825,0.0426015,0.0306338,0.0045395,0.9922305,0.1731404,0.0613648,0.4742268,11.930984271840668
497.0,0.4547284,0.4808853,0.2092555,0.1697417,0.8832998,0.0,0.7135678,0.0,0.0050251,0.1708333,0.4371859,0.9949749,0.275,0.1428571,0.7333333,9.83097062169695
1378.0,0.4644412,0.2612482,0.1473149,0.1314363,0.8984035,0.0,0.7589641,0.0079681,0.0258964,0.0987433,0.2071713,0.9920319,0.3482944,0.1513158,0.6666667,9.942756341456828
24664.0,0.4703617,0.136758,0.1181479,0.1058715,0.8598362,0.0228673,0.7272325,0.0045314,0.0360301,0.0297051,0.1426835,0.9955791,0.2304558,0.1076687,0.3137255,10.6782377612977
1306.0,0.4839204,0.0,0.2013783,0.1231454,0.8690658,0.0,0.7039106,0.0,0.0204842,0.056239,0.0,0.9962756,0.2917399,0.0434783,0.5,10.207325906555994
478.0,0.5020921,0.0,0.1401674,0.105042,0.8556485,0.0,0.6648649,0.0054054,0.0324324,0.2060086,0.0,0.9945946,0.3433476,0.1395349,0.75,9.77571099759397
193.0,0.507772,0.0,0.1865285,0.1684211,0.880829,0.0,0.7162162,0.0135135,0.0135135,0.1777778,0.0,1.0,0.2222222,0.5,1.0,9.615805480084347
4149.0,0.4434804,0.0645939,0.2434322,0.2048506,0.779706,0.0426609,0.6256742,0.0021575,0.0199569,0.0706767,0.062028,0.9989213,0.3964912,0.0405229,0.3666667,10.34177474101152
2537.0,0.4647221,0.0,0.2033898,0.1642121,0.8249901,0.0252266,0.657614,0.0048497,0.0193986,0.0900265,0.0,0.9912706,0.4298323,0.0951087,0.7826087,10.130662964963708
13547.0,0.4815088,0.0336606,0.1175906,0.1063497,0.868458,0.0157969,0.7157176,0.003199,0.038601,0.1460572,0.0371081,0.4587332,0.4006556,0.1430036,0.7279412,10.165890277802454
311.0,0.4855305,0.0,0.2090032,0.0625,0.9099678,0.0,0.8129496,0.0,0.0143885,0.869606,0.0,0.9928058,0.1575985,0.0,0.3142857,11.697752214480175
1654.0,0.4631197,0.5822249,0.1825877,0.170045,0.8657799,0.0,0.6982622,0.0063191,0.0363349,0.1183844,0.5102686,0.9921011,0.3147632,0.1129944,0.4,10.292179440058462
135.0,0.4740741,0.0,0.162963,0.1408451,0.8888889,0.0,0.7142857,0.0,0.0204082,0.125,0.0,1.0,0.1964286,0.0,1.0,9.615805480084347
4427.0,0.4815902,0.0112943,0.1316919,0.1050109,0.8780212,0.0085837,0.729878,0.004878,0.0268293,0.0633923,0.0103659,0.9810976,0.3003998,0.0841487,0.2553191,11.665655135642039
4933.0,0.482465,0.1437259,0.2765052,0.1535448,0.709102,0.0510845,0.5738342,0.0025907,0.0772884,0.3319873,0.1079447,0.9136442,0.7531007,0.0689238,0.421875,10.712215345197256
8847.0,0.4817452,0.4607211,0.0879394,0.0874591,0.9226857,0.0003391,0.7925052,0.0038168,0.0215128,0.1332331,0.3986815,0.9795281,0.3190977,0.191453,0.7972973,10.609081944147828
1788.0,0.4703579,0.0005593,0.1756152,0.1520591,0.9077181,0.0,0.744,0.0016,0.008,0.1830065,0.0016,0.056,0.351634,0.1428571,1.0,9.615805480084347
9127.0,0.433001,0.2722691,0.2465213,0.2162319,0.8093569,0.0432782,0.6625,0.0015957,0.0175532,0.0658385,0.2234043,0.9973404,0.4250932,0.0887149,0.5526316,10.229223792606835
1725.0,0.5211594,0.0017391,0.1211594,0.0859564,0.8649275,0.0388406,0.7774141,0.0016367,0.0392799,0.2665066,0.0,0.9803601,0.3265306,0.0576923,0.8,10.938467575959383
995.0,0.4954774,0.0020101,0.1979899,0.1215139,0.8824121,0.0,0.7232376,0.0078329,0.0156658,0.0988235,0.002611,0.9556136,0.2517647,0.1428571,0.5,10.440010162389305
307.0,0.4820847,0.019544,0.2442997,0.1320755,0.8729642,0.0,0.72,0.0,0.024,0.1496599,0.016,1.0,0.2108844,0.1724138,1.0,10.16203685698089
5823.0,0.4873776,0.0015456,0.1432251,0.1145729,0.8509359,0.0211231,0.7157519,0.0022311,0.0419456,0.0269214,0.0008925,0.9973226,0.2522796,0.0417311,0.1111111,10.778977123006351
1515.0,0.5260726,0.0006601,0.1227723,0.0821727,0.8660066,0.0,0.7263158,0.0070175,0.0649123,0.2297297,0.0,0.9982456,0.1918919,0.12,0.8333333,11.112462823634855
368.0,0.4646739,0.0027174,0.1059783,0.0507614,0.9130435,0.0,0.7603306,0.0,0.0247934,0.1037037,0.0082645,0.6694215,0.4814815,0.1,1.0,10.021315031649332
14870.0,0.4911231,0.0514459,0.1600538,0.1326814,0.829388,0.0507061,0.7127112,0.0040411,0.0297575,0.1297954,0.0494122,0.9142175,0.3561381,0.1531049,0.7096774,9.994287576862567
525.0,0.4761905,0.0057143,0.1333333,0.1018182,0.8990476,0.0,0.7593583,0.0053476,0.0320856,0.0555556,0.0053476,1.0,0.2828283,0.0833333,0.75,10.62135173563291
2116.0,0.4877127,0.0255198,0.137051,0.1134686,0.9187146,0.0,0.7725322,0.0014306,0.0085837,0.1708185,0.0314735,0.5879828,0.4199288,0.2857143,0.7058824,9.615805480084347
419.0,0.4749403,0.0,0.1336516,0.1363636,0.8902148,0.0,0.7533333,0.02,0.0333333,0.0963855,0.0,1.0,0.2710843,0.0943396,0.0,10.835671318412196
535.0,0.5046729,0.011215,0.0878505,0.0641509,0.953271,0.0,0.8918919,0.0054054,0.0162162,0.0263158,0.0162162,0.9945946,0.0315789,0.0,0.5,11.325402403776808
15377.0,0.4958705,0.0029264,0.1273981,0.0895253,0.943422,0.0,0.8620479,0.0020317,0.0235677,0.0096579,0.0028444,0.9717594,0.0839034,0.1153846,0.4,11.984808576881369
396.0,0.4873737,0.0,0.2171717,0.137931,0.8510101,0.0,0.7142857,0.0119048,0.0416667,0.0918919,0.0,1.0,0.2810811,0.0731707,0.5,9.908524844053396
25597.0,0.4495839,0.4234871,0.1579873,0.15033,0.8243544,0.0313318,0.6717151,0.003377,0.0391936,0.1074984,0.3657388,0.9942693,0.4046945,0.1169298,0.4318182,10.401258331428318
5940.0,0.4957912,0.0309764,0.1079125,0.090818,0.8377104,0.0212121,0.6915468,0.0071942,0.0566547,0.0698453,0.0247302,0.9631295,0.3437892,0.0747423,0.4444444,11.296024885689746
541.0,0.5083179,0.0,0.0979667,0.0977444,0.9242144,0.0,0.7912088,0.0,0.0164835,0.0945274,0.0,0.956044,0.3084577,0.2954545,0.25,9.888424674859083
209.0,0.4688995,0.0,0.0861244,0.045045,0.8755981,0.0,0.7761194,0.0597015,0.0746269,0.0821918,0.0,0.9850746,0.0684932,0.2222222,0.3333333,10.199918739620157
332.0,0.4457831,0.0451807,0.2108434,0.1793478,0.8524096,0.0,0.6756757,0.0,0.0067568,0.1242604,0.027027,1.0,0.2781065,0.0652174,0.75,10.094149233605084
331.0,0.5045317,0.0,0.1661631,0.1768293,0.8640483,0.0,0.7014925,0.0074627,0.0298507,0.1066667,0.0,0.9701493,0.1733333,0.0,1.0,10.275085591132715
351.0,0.4729345,0.014245,0.1994302,0.1081081,0.7663818,0.0,0.5822785,0.0126582,0.0822785,0.4680135,0.0063291,1.0,0.3838384,0.015873,0.5,11.007103966325696
3937.0,0.4668529,0.003556,0.1219202,0.0900429,0.8585217,0.0,0.698,0.0053333,0.0526667,0.0390775,0.004,0.9906667,0.314542,0.0527307,0.0,10.463131911491967
77759.0,0.4775524,0.3549171,0.1168611,0.0970338,0.6749572,0.110148,0.5746768,0.0025452,0.1063563,0.0553632,0.3065124,0.99362,0.4227095,0.0645594,0.573913,10.703266939811954
4529.0,0.4605873,0.385074,0.0975933,0.0765452,0.8960035,0.0046368,0.7666463,0.0030544,0.0323763,0.0751412,0.357361,0.9865608,0.3028249,0.1481481,0.4358974,10.502351525774941
4252.0,0.4661336,0.0315146,0.1989652,0.1577093,0.8478363,0.0348071,0.715625,0.00375,0.0175,0.0990991,0.03,0.911875,0.3643018,0.1185468,0.64,10.428245666832275
8564.0,0.4678888,0.0790518,0.1308968,0.105113,0.8748248,0.0,0.7230437,0.0049291,0.0378928,0.0350773,0.0748614,0.9861368,0.2508918,0.0939153,0.3214286,11.279744203985432
2127.0,0.4494593,0.374236,0.1706629,0.176772,0.8622473,0.0023507,0.6800948,0.0035545,0.0165877,0.0735456,0.3246445,0.9964455,0.3304061,0.1218487,0.6363636,9.898525260706313
15864.0,0.463061,0.1305472,0.1852622,0.147922,0.7316566,0.0698437,0.5834087,0.00181,0.0449472,0.101626,0.119457,0.9935143,0.4394309,0.0622741,0.5757576,10.308985993422082
311.0,0.4469453,0.0,0.14791,0.1162791,0.8649518,0.0,0.6984127,0.0,0.031746,0.0454545,0.0,1.0,0.2045455,0.097561,0.0,10.36410350510914
582.0,0.4828179,0.0,0.1013746,0.0830565,0.9209622,0.0,0.7918552,0.0,0.0,0.0753138,0.0,0.9954751,0.4016736,0.0377358,0.0,10.451637862362272
4051.0,0.4912367,0.0024685,0.196001,0.1014071,0.8390521,0.0093804,0.7010839,0.0045636,0.0422133,0.708465,0.0034227,0.988591,0.7104607,0.0888383,0.3068182,10.85516473308054
2961.0,0.4883485,0.0128335,0.138129,0.1049505,0.6507937,0.2259372,0.6674058,0.0033259,0.0554324,0.0613944,0.0133038,0.9933481,0.264308,0.057554,0.5,10.626217806887722
126481.0,0.4850689,0.0104047,0.1054941,0.0736538,0.7938188,0.0274982,0.6527092,0.0054204,0.0724974,0.0722188,0.0080918,0.9280446,0.3489529,0.051845,0.4814385,11.25416768929685
9010.0,0.4675916,0.3056604,0.0921199,0.0704607,0.9008879,0.0016648,0.7756184,0.004417,0.0262073,0.03358,0.2897527,0.996172,0.1351736,0.1038961,0.4754098,11.178864319331653
755.0,0.5139073,0.0092715,0.0940397,0.0762943,0.9072848,0.0,0.7756654,0.0076046,0.0228137,0.0993151,0.0152091,1.0,0.1917808,0.12,0.0,10.801634680173994
57.0,0.5438596,0.0,0.0526316,0.0,0.7894737,0.0,0.5217391,0.0,0.0434783,0.4772727,0.0,0.9565217,0.8409091,0.2,0.0,11.37940550085183
2437.0,0.5231842,0.0028724,0.1095609,0.0473322,0.8740254,0.0250308,0.7809308,0.0079455,0.046538,0.2345786,0.0034052,0.9909194,0.3779322,0.0421687,0.5555556,11.507922973347437
1057.0,0.4947966,0.0018921,0.1561022,0.1367041,0.8902554,0.0,0.7244898,0.005102,0.0153061,0.0666667,0.0,0.994898,0.1452381,0.1230769,0.75,10.360944044643913
857.0,0.4760793,0.0,0.0443407,0.0757238,0.9533256,0.0,0.8333333,0.0,0.0294118,0.1936759,0.0,1.0,0.5533597,0.4,0.0,9.615805480084347
1629.0,0.4874156,0.0208717,0.1958257,0.154491,0.8440761,0.0,0.6826347,0.004491,0.0523952,0.1681196,0.0179641,0.9685629,0.3038605,0.1084906,0.826087,11.195484970354173
6716.0,0.488237,0.0081894,0.1072067,0.071574,0.9246575,0.0007445,0.8195429,0.000788,0.0157604,0.0287026,0.0078802,0.9960599,0.1569078,0.0484581,0.3928571,10.998777662206932
683.0,0.4553441,0.0190337,0.1888726,0.1505376,0.8653001,0.0,0.6962963,0.0,0.0296296,0.0939597,0.0148148,1.0,0.3255034,0.1190476,0.75,9.841665338892785
737.0,0.4423338,0.0,0.3595658,0.270073,0.743555,0.1058345,0.6515679,0.0069686,0.0209059,0.0369128,0.0,1.0,0.204698,0.0338983,0.5,9.615805480084347
8489.0,0.4534103,0.5253858,0.152786,0.1390086,0.8673578,0.0133113,0.7054362,0.0009482,0.0214918,0.0685899,0.4668142,0.9955752,0.3329408,0.0967473,0.5882353,10.379752786950895
1663.0,0.4798557,0.0006013,0.0877931,0.0462428,0.9386651,0.0,0.8645038,0.0057252,0.0305344,0.0168856,0.0,0.9656489,0.1425891,0.2065217,0.0,10.807725945886109
643.0,0.525661,0.0,0.1057543,0.0918033,0.8709176,0.0,0.7051282,0.008547,0.042735,0.0787402,0.0,0.9615385,0.3740157,0.106383,0.6666667,10.39821428171237
1482.0,0.4716599,0.0,0.2483131,0.1992337,0.8387314,0.0,0.670229,0.0061069,0.0244275,0.1460235,0.0,0.9984733,0.0977836,0.0612245,0.826087,9.661479683575521
532.0,0.5,0.0018797,0.1184211,0.1165414,0.8966165,0.0,0.755,0.005,0.015,0.0521327,0.005,0.995,0.2037915,0.0487805,0.75,10.184937747111391
2308.0,0.4844021,0.0290295,0.1767764,0.0764706,0.9038128,0.0,0.7860412,0.0045767,0.0263158,0.0406147,0.0354691,0.8432494,0.0944018,0.1318681,0.375,10.957817003758691
54843.0,0.4952683,0.0196379,0.0982805,0.0657129,0.9087213,0.0103021,0.8123804,0.0016031,0.0321146,0.0564555,0.0192377,0.9896571,0.1137894,0.0609756,0.3374083,11.735276702486741
1702.0,0.4682726,0.1568743,0.2344301,0.2033149,0.8325499,0.0,0.6475196,0.0013055,0.0143603,0.0880952,0.1462141,0.9934726,0.4083333,0.0687831,0.7777778,9.615805480084347
19.0,0.6315789,0.0,0.0526316,0.0,0.7368421,0.0,0.5,0.0,0.0,0.5238095,0.0,1.0,0.5714286,0.0,1.0,9.615805480084347
3002.0,0.5016656,0.0109927,0.071952,0.0735294,0.8267821,0.0343105,0.7188679,0.0075472,0.0839623,0.047619,0.0056604,0.9235849,0.3126685,0.1085714,0.1666667,12.631343648903034
1044.0,0.4645594,0.9980843,0.1178161,0.1234347,0.887931,0.0,0.7233429,0.0028818,0.0432277,0.1170483,0.9971182,1.0,0.437659,0.2176871,1.0,9.615805480084347
1614.0,0.4857497,0.0006196,0.1840149,0.1337349,0.8531599,0.0,0.6854103,0.0015198,0.0410334,0.0518732,0.0,0.9908815,0.3011527,0.0486726,0.3333333,10.841559345471941
1118.0,0.4794275,0.0178891,0.2110912,0.1305842,0.8470483,0.0,0.6963563,0.0060729,0.0364372,0.0834879,0.0161943,0.9838057,0.3339518,0.0378788,1.0,10.723289410218579
243.0,0.473251,0.0123457,0.2674897,0.1171875,0.8641975,0.0,0.7027027,0.0,0.0,0.1461538,0.0,0.990991,0.3461538,0.0,1.0,9.841665338892785
231.0,0.5281385,0.0,0.1471861,0.0825688,0.9177489,0.0,0.7816092,0.0,0.0,0.2090909,0.0,0.9885057,0.3727273,0.16,0.6666667,9.615805480084347
95.0,0.4842105,0.8,0.1263158,0.0816327,0.8947368,0.0,0.7333333,0.0,0.0666667,0.2105263,0.8,1.0,0.3157895,0.75,1.0,9.69898173460629
596.0,0.4714765,0.0,0.3691275,0.2603175,0.7265101,0.1073826,0.6097561,0.0,0.0121951,0.1338028,0.0,1.0,0.2711268,0.0185185,0.75,9.615805480084347
351.0,0.4729345,0.0,0.1680912,0.1891892,0.8603989,0.0,0.7,0.0142857,0.0214286,0.0789474,0.0,0.9928571,0.2434211,0.0,0.75,10.025749432069084
435.0,0.4689655,0.0,0.2114943,0.1255411,0.8735632,0.0,0.7538462,0.0,0.0307692,0.3367347,0.0,0.9948718,0.3809524,0.1111111,1.0,10.96648993456911
1196.0,0.4832776,0.0016722,0.2550167,0.1925566,0.8026756,0.0501672,0.6659836,0.0040984,0.0163934,0.0912477,0.0,0.9979508,0.3165736,0.0308642,1.0,10.081675578048475
669.0,0.4424514,0.3423019,0.1539611,0.1394102,0.8938714,0.0,0.7389558,0.0040161,0.0160643,0.1472603,0.3092369,1.0,0.2705479,0.1627907,0.6666667,9.615805480084347
7718.0,0.4670899,0.1534076,0.1653278,0.1132993,0.8999741,0.00298,0.7591718,0.0003632,0.0243371,0.0272085,0.1445696,0.9676716,0.1982332,0.0828402,0.3913043,12.645620288935495
979.0,0.46476,0.040858,0.1481103,0.120229,0.8937692,0.0,0.733711,0.0056657,0.01983,0.1063291,0.0481586,0.9943343,0.3139241,0.2087912,0.8333333,9.62911649414402
476.0,0.460084,0.0,0.1554622,0.1089494,0.9012605,0.0,0.7597765,0.0,0.0223464,0.0959596,0.0,1.0,0.2070707,0.0677966,0.5,10.344995251991222
5190.0,0.4732177,0.0078998,0.1911368,0.0863204,0.8358382,0.0030829,0.7035556,0.0022222,0.0595556,0.0225891,0.0057778,0.9937778,0.1833189,0.0380228,0.15,11.068215243411098
4931.0,0.4988846,0.0036504,0.0772663,0.0356131,0.9519367,0.0,0.8888228,0.0017836,0.0249703,0.0203844,0.0035672,0.9863258,0.0192196,0.0877193,0.15,12.502098561104633
1742.0,0.4270953,0.2962113,0.2428243,0.2034068,0.7910448,0.0568312,0.6618497,0.0057803,0.0303468,0.0894737,0.2442197,0.9898844,0.3644737,0.0865052,0.6,10.239995502805316
1055.0,0.5042654,0.0037915,0.1364929,0.1223709,0.8208531,0.0,0.6658879,0.0046729,0.088785,0.0614035,0.0,0.9976636,0.3508772,0.047619,0.8571429,11.246365410473757
4637.0,0.4580548,0.1884839,0.1938754,0.1575806,0.8358853,0.0,0.6603484,0.0081967,0.0389344,0.0726841,0.1577869,0.9933402,0.4299287,0.1041968,0.6666667,10.30229722897745
1023.0,0.485826,0.0048876,0.1202346,0.1197719,0.9227761,0.0,0.8,0.0027778,0.0138889,0.0954774,0.0,1.0,0.2864322,0.2025316,1.0,9.615805480084347
3202.0,0.4603373,0.0021861,0.2660837,0.1822917,0.7882573,0.0658963,0.6583463,0.0,0.0179407,0.0587372,0.0,0.9984399,0.3076358,0.0560748,0.5833333,10.499600568082863
1155.0,0.4891775,0.0,0.0969697,0.1033898,0.9229437,0.0,0.8031496,0.007874,0.0262467,0.1035294,0.0,0.9737533,0.4494118,0.2236842,0.375,9.952325334619427
1378.0,0.4528302,0.5319303,0.1995646,0.1697613,0.8468795,0.0130624,0.6923077,0.0,0.0232558,0.0790774,0.4973166,0.9946333,0.2570016,0.0684211,0.8571429,10.521399202410167
279.0,0.4946237,0.0035842,0.1039427,0.0638298,0.921147,0.0,0.826087,0.0217391,0.0217391,0.0212766,0.0,1.0,0.1382979,0.1818182,1.0,10.428245666832275
800.0,0.4625,0.0,0.295,0.2093023,0.80125,0.07,0.679868,0.0,0.019802,0.0928144,0.0,0.9966997,0.3053892,0.0588235,0.9,10.043292972227004
16988.0,0.4586767,0.1091359,0.1936661,0.1576773,0.8064516,0.0236049,0.6340676,0.00449,0.0308685,0.1003534,0.0844675,0.9956503,0.3852562,0.0744642,0.618705,10.090008612393838
9819.0,0.4402689,0.4201039,0.1449231,0.1475619,0.8664833,0.0198595,0.7318741,0.0016416,0.0309166,0.0623397,0.3677155,0.9948016,0.2532068,0.1147787,0.375,10.698762529141884
573.0,0.5061082,0.0,0.1029668,0.0848057,0.9249564,0.0,0.8112245,0.005102,0.0204082,0.0485437,0.0,1.0,0.2087379,0.1764706,0.0,10.410335274932896
16890.0,0.4632919,0.0149201,0.2209591,0.1705461,0.7424512,0.0408526,0.5889334,0.0031737,0.0674762,0.0673102,0.0124189,0.9873051,0.3728443,0.0482325,0.2962963,10.96476135554887
8858.0,0.4955972,0.0045157,0.2067058,0.0796777,0.8839467,0.0,0.7744253,0.0086207,0.0497126,0.1106568,0.004023,0.9577586,0.3444927,0.116092,0.5089286,10.909637269778615
613.0,0.4486134,0.3752039,0.1533442,0.1213018,0.8923328,0.0,0.7510549,0.0042194,0.0168776,0.0954198,0.3122363,1.0,0.3206107,0.1147541,0.5,10.376642461280849
745.0,0.485906,0.0,0.2697987,0.1618799,0.790604,0.0,0.5873926,0.0028653,0.0315186,0.1051282,0.0,0.9971347,0.3589744,0.0263158,0.75,9.913487387114461
9661.0,0.4958079,0.0127316,0.1192423,0.0780127,0.8750647,0.0,0.7442822,0.0052356,0.0575916,0.0304569,0.0115734,0.9853954,0.2233503,0.1037037,0.4,10.934908916663861
122.0,0.442623,0.0,0.1967213,0.1323529,0.8770492,0.0,0.7,0.0,0.0,0.1525424,0.0,1.0,0.4067797,0.125,0.0,9.615805480084347
3108.0,0.4977477,0.0434363,0.221686,0.074952,0.9308237,0.0,0.8461538,0.0008097,0.0194332,0.0321317,0.0340081,0.9967611,0.0094044,0.0344828,0.5714286,11.640447588047344
3670.0,0.4577657,0.0024523,0.1877384,0.1547739,0.7989101,0.026158,0.623816,0.0047361,0.0480379,0.0237781,0.0027064,0.988498,0.4299868,0.0634218,0.1428571,10.65492722584759
3072.0,0.4804688,0.0016276,0.1038411,0.0758145,0.9264323,0.016276,0.8197998,0.0022247,0.0111235,0.1429933,0.0,0.0878754,0.5853194,0.2115385,0.7142857,9.615805480084347
1274.0,0.5047096,0.0,0.1287284,0.0475436,0.9450549,0.0,0.8527132,0.0,0.0180879,0.0127551,0.0,0.9922481,0.0841837,0.2711864,0.0,11.000448478455008
134.0,0.4029851,0.0,0.2910448,0.1875,0.8432836,0.0,0.65,0.0,0.0,0.1666667,0.0,1.0,0.1527778,0.2307692,0.0,9.615805480084347
160.0,0.45,0.03125,0.1625,0.1477273,0.89375,0.0,0.7575758,0.0,0.0151515,0.12,0.0151515,0.9848485,0.2133333,0.0833333,0.5,9.615805480084347
6558.0,0.4650808,0.3745044,0.1358646,0.1165906,0.7343702,0.0,0.5175983,0.0017253,0.0931677,0.0423001,0.2819186,0.9610076,0.5763384,0.0655738,0.7,11.980432229642377
1044.0,0.4655172,0.0,0.217433,0.1792115,0.8285441,0.0,0.6379691,0.0066225,0.0198675,0.0976096,0.0,0.9977925,0.2350598,0.0892857,0.6,10.056251557087757
4050.0,0.448642,0.2464198,0.2375309,0.1898791,0.7982716,0.0567901,0.6533587,0.0025349,0.0202788,0.2149254,0.2186312,0.9968314,0.3273632,0.1555916,0.8289474,9.615805480084347
29115.0,0.4839773,0.0744633,0.108226,0.0900559,0.8885798,0.010304,0.7504394,0.0046866,0.0276313,0.1691409,0.0726421,0.7791447,0.3905249,0.1428982,0.7171717,10.203629181337648
22151.0,0.4941989,0.0299761,0.0924563,0.0559622,0.8921493,0.000632,0.7784297,0.0053676,0.0587942,0.07983,0.0264636,0.954188,0.1752814,0.0954379,0.4090909,11.19822841866684
869.0,0.4879171,0.0,0.1495972,0.1123596,0.9597238,0.0,0.8546256,0.0,0.0088106,0.2747604,0.0,0.938326,0.7316294,0.325,0.0,9.61587214452889
6366.0,0.4599434,0.5986491,0.1341502,0.1256545,0.9063776,0.0,0.7436019,0.0023697,0.0184834,0.0559284,0.5412322,0.9952607,0.3651007,0.2073027,0.7777778,10.038935856711177
6568.0,0.4756395,0.7802984,0.0408039,0.046748,0.7949147,0.1508831,0.8356259,0.0041265,0.0474553,0.0637476,0.7269601,0.8514443,0.4539601,0.2434783,0.5833333,10.74937727911096
74111.0,0.4963636,0.0035083,0.1005924,0.0780978,0.7110146,0.0548367,0.5747454,0.0028857,0.1113138,0.0492574,0.0026203,0.9945935,0.4697424,0.0286317,0.5,10.905974329106854
341.0,0.4692082,0.0,0.2434018,0.198895,0.8504399,0.0,0.6597222,0.0,0.0138889,0.1,0.0,1.0,0.2,0.0714286,1.0,9.615805480084347
729.0,0.4499314,0.005487,0.1371742,0.1246883,0.8875171,0.0,0.7472924,0.0108303,0.032491,0.1035599,0.0036101,1.0,0.2686084,0.0875,0.5,10.146472946063877
182.0,0.510989,0.0,0.0604396,0.1011236,0.9395604,0.0,0.78,0.0,0.0,0.21875,0.0,1.0,0.96875,0.0909091,0.0,9.615805480084347
1992.0,0.5140562,0.0215863,0.0271084,0.0309917,0.8413655,0.0,0.7076271,0.0070621,0.1186441,0.0585106,0.0254237,0.9378531,0.6928191,0.0769231,0.625,12.442333783869854
894.0,0.4653244,0.0,0.1297539,0.1087866,0.8791946,0.0,0.7129909,0.0,0.0302115,0.0264706,0.0,1.0,0.1794118,0.0645161,1.0,10.298935994257638
22191.0,0.4694245,0.0349241,0.143752,0.1066757,0.7616601,0.0752107,0.6491452,0.0032562,0.0483777,0.0461453,0.0284917,0.9961623,0.3276761,0.0582604,0.2531646,10.853232402669228
9185.0,0.4722918,0.0050082,0.1284703,0.098824,0.898748,0.0,0.7507941,0.0005775,0.0155934,0.087243,0.0051978,0.9959573,0.2021613,0.0364277,0.171875,11.33381076072374
24461.0,0.4714035,0.1259556,0.1695352,0.1348028,0.7310412,0.1134459,0.6501272,0.0037108,0.043151,0.0570829,0.1051739,0.9958651,0.2685194,0.0629103,0.5203252,10.740756721857226
1220.0,0.4885246,0.2172131,0.1565574,0.1426282,0.4844262,0.4204918,0.6577181,0.0,0.0436242,0.056962,0.3288591,1.0,0.2816456,0.0857143,1.0,10.428245666832275
2074.0,0.4590164,0.1253616,0.3148505,0.2317291,0.7945998,0.0424301,0.631699,0.0011403,0.0125428,0.1376598,0.1026226,0.963512,0.2999017,0.1065089,0.6956522,10.142543822310387
207.0,0.4782609,0.0,0.2077295,0.1111111,0.8357488,0.0,0.6781609,0.0114943,0.0574713,0.0645161,0.0,0.9885057,0.2258065,0.0526316,0.0,11.421917019425596
770.0,0.5012987,0.0,0.1818182,0.1354167,0.8844156,0.0168831,0.7630662,0.0034843,0.0174216,0.0771704,0.0,0.9965157,0.1672026,0.1851852,0.0,10.298935994257638
2192.0,0.504562,0.0104927,0.024635,0.0165746,0.9101277,0.0,0.8042254,0.0112676,0.0633803,0.0405405,0.0098592,0.9873239,0.2527027,0.089404,0.0,10.904137815028022
1281.0,0.4918033,0.0046838,0.1444184,0.0875576,0.8805621,0.0031226,0.7422037,0.006237,0.037422,0.0531496,0.004158,0.987526,0.2677165,0.1181102,0.3333333,10.491301994830229
295.0,0.4271186,0.0,0.1288136,0.147929,0.8915254,0.0,0.7102804,0.0,0.0093458,0.144,0.0,1.0,0.2,0.2105263,1.0,9.615805480084347
3959.0,0.4672897,0.0075777,0.1917151,0.1284969,0.7534731,0.0194494,0.6172539,0.0012151,0.109356,0.0323339,0.0078979,0.9738761,0.2310406,0.0734463,0.4166667,12.862039629665835
2469.0,0.4997975,0.0810045,0.0708789,0.0477733,0.9368165,0.0,0.8483221,0.0053691,0.042953,0.0387097,0.0899329,0.8161074,0.1612903,0.3178808,0.3333333,11.289794413577894
1158.0,0.4689119,0.1476684,0.164076,0.104065,0.8411054,0.0,0.6717391,0.0108696,0.0478261,0.2163543,0.123913,0.8826087,0.592845,0.1141553,0.4782609,10.34177474101152
31384.0,0.4899312,0.0448955,0.0799771,0.0677786,0.9046967,0.0159317,0.7829337,0.0029067,0.0311429,0.0537328,0.0514897,0.460708,0.5164047,0.2158793,0.3495146,11.060384472475045
998.0,0.4779559,0.0240481,0.1693387,0.1228407,0.8737475,0.002004,0.719697,0.0025253,0.0252525,0.0769231,0.0252525,1.0,0.3193473,0.1181818,0.8571429,10.27163147557801
645.0,0.496124,0.0,0.1178295,0.0769231,0.9472868,0.0,0.8206522,0.0,0.0054348,0.0935961,0.0,1.0,0.1970443,0.4285714,1.0,10.55323128448846
134.0,0.4402985,0.0,0.0373134,0.0533333,0.9477612,0.0,0.8684211,0.0,0.0526316,0.05,0.0,0.9473684,0.1,0.5,0.0,11.07443600653965
8615.0,0.4966918,0.0047591,0.1471851,0.0984779,0.8022055,0.0372606,0.6807301,0.0056852,0.0733094,0.06018,0.0044883,0.9661879,0.3371766,0.0851305,0.4935065,12.37243841643669
14049.0,0.468859,0.1701189,0.175742,0.1527741,0.8330842,0.0246993,0.690007,0.0043983,0.0318438,0.0777219,0.1606263,0.9943702,0.3444751,0.0752972,0.4814815,10.474495347310453
792.0,0.4810606,0.0012626,0.1704545,0.1265207,0.8484848,0.0,0.6613924,0.0031646,0.0316456,0.0705882,0.0,0.9968354,0.2970588,0.0695652,0.8,10.499600568082863
4637.0,0.4574078,0.0163899,0.2201855,0.163752,0.7867155,0.0618935,0.6688103,0.0016077,0.0385852,0.036157,0.0139335,0.9587353,0.2443182,0.0227273,0.65,11.07753193632009
18406.0,0.4905466,0.0352602,0.1210475,0.0801962,0.7961534,0.0,0.6254634,0.0012783,0.0898632,0.066022,0.0363032,0.9851719,0.3445559,0.0220708,0.3902439,11.717505780625043
281.0,0.5088968,0.0071174,0.2491103,0.0869565,0.9003559,0.0,0.8301887,0.0,0.0283019,0.0363636,0.0,1.0,0.0272727,0.25,0.0,11.133142723386813
2770.0,0.4404332,0.000722,0.2555957,0.1948387,0.7740072,0.0411552,0.601318,0.0016474,0.0205931,0.0704441,0.0008237,0.9983526,0.3690658,0.0473118,0.5833333,9.680406499268875
609.0,0.4729064,0.0,0.1461412,0.1090343,0.8768473,0.0,0.7098214,0.0089286,0.03125,0.0666667,0.0,0.9910714,0.2083333,0.06,1.0,10.566201298475118
560.0,0.4410714,0.0,0.4178571,0.3226837,0.6267857,0.1660714,0.526087,0.0086957,0.0217391,0.1015625,0.0,1.0,0.4726562,0.0357143,0.5,9.615805480084347
835.0,0.4814371,0.0,0.1820359,0.1293303,0.8718563,0.0,0.7125749,0.005988,0.0209581,0.0696379,0.0,0.9850299,0.3760446,0.1411765,0.0,9.888424674859083
431.0,0.4477958,0.3642691,0.1716937,0.1890756,0.8515081,0.0,0.6494253,0.0,0.0172414,0.1343284,0.2988506,0.9942529,0.2736318,0.1666667,0.0,10.034559673629849
954.0,0.490566,0.0073375,0.2023061,0.1255144,0.8322851,0.0387841,0.7245179,0.0055096,0.0385675,0.2108696,0.0055096,1.0,0.3521739,0.1122449,0.6666667,10.285376924115587
3071.0,0.4734614,0.0016281,0.1690003,0.1286333,0.8619342,0.0,0.7006689,0.0117057,0.0384615,0.095994,0.0008361,0.9941472,0.266062,0.0911063,0.7142857,10.454523783963511
262.0,0.4541985,0.0,0.2022901,0.1818182,0.8435115,0.0,0.6486486,0.0,0.018018,0.0901639,0.0,0.990991,0.2459016,0.0333333,0.4,9.69898173460629
699.0,0.4320458,0.0,0.2503577,0.2065491,0.8082976,0.0,0.615625,0.009375,0.021875,0.1086351,0.0,0.984375,0.3008357,0.0568182,1.0,9.615805480084347
1347.0,0.4706756,0.0556793,0.22049,0.1781206,0.827023,0.0430586,0.687747,0.0059289,0.027668,0.2179289,0.0632411,0.9782609,0.3261206,0.106383,0.6666667,9.615805480084347
4491.0,0.4800713,0.2961479,0.0521042,0.0496788,0.9365397,0.0008907,0.8502955,0.0019698,0.0288903,0.0504988,0.2665791,0.9888378,0.1945137,0.13,0.0,11.0186455364637
248.0,0.516129,0.0,0.2701613,0.1666667,0.8387097,0.0,0.6666667,0.0087719,0.0087719,0.173913,0.0,1.0,0.2391304,0.1,1.0,9.741027444837728
5479.0,0.5139624,0.0067531,0.078299,0.0578295,0.9355722,0.0098558,0.8498521,0.0059172,0.0340237,0.0188679,0.0059172,0.2655325,0.5464441,0.4040219,1.0,11.180259973491848
1754.0,0.458951,0.0644242,0.2212087,0.1759747,0.8078677,0.054732,0.6874096,0.0028944,0.0274964,0.1208651,0.0622287,0.9971056,0.2175573,0.0666667,0.6923077,10.21833478806055
8136.0,0.4743117,0.0025811,0.2338987,0.1589899,0.8424287,0.0,0.6699309,0.0037442,0.03197,0.3743017,0.0017281,0.9945276,0.3977293,0.1096979,0.4897959,10.943781931879723
37.0,0.4594595,0.0,0.1081081,0.15,0.9189189,0.0,0.75,0.0,0.0,0.2941176,0.0,1.0,0.4705882,0.5,1.0,9.615805480084347
8101.0,0.4845081,0.047525,0.1089989,0.1056034,0.8937168,0.0170349,0.76443,0.0021645,0.018759,0.1612708,0.0537518,0.7103175,0.4220877,0.1523438,0.5555556,9.989711119284745
299.0,0.5518395,0.0033445,0.1438127,0.0820896,0.9364548,0.0,0.8380952,0.0,0.0190476,0.0540541,0.0095238,0.9904762,0.2252252,0.16,0.0,10.474495347310453
6847.0,0.4870746,0.0457135,0.0795969,0.0760251,0.9128085,0.0,0.7951703,0.0073307,0.0375162,0.0313283,0.0448469,0.9965502,0.2614871,0.1585127,0.4736842,10.680539205318292
7702.0,0.480914,0.0101272,0.0959491,0.0855428,0.9144378,0.0061023,0.8105469,0.0035156,0.0367187,0.0707804,0.0089844,0.9710937,0.2137931,0.0743802,0.6153846,11.903622053373214
24563.0,0.477059,0.0015063,0.1715181,0.1278318,0.7832105,0.0266661,0.6274262,0.0044643,0.0639557,0.0595108,0.0007764,0.9876747,0.4221431,0.0555678,0.3333333,10.734242182303689
213.0,0.4694836,0.0,0.2112676,0.1504425,0.8920188,0.0,0.7471264,0.0,0.0114943,0.13,0.0,1.0,0.2,0.0,0.8,10.188704088048116
2663.0,0.4506196,0.000751,0.1896357,0.1770335,0.8114908,0.0431844,0.653426,0.0069513,0.019861,0.0870354,0.0,0.9860973,0.4188577,0.1285714,0.6,10.047631185616188
315.0,0.5015873,0.0,0.1619048,0.1146497,0.8984127,0.0,0.7478261,0.0086957,0.0173913,0.0944882,0.0,0.973913,0.1811024,0.2333333,0.0,10.322230781590136
149.0,0.5100671,0.0,0.2416107,0.1506849,0.7718121,0.0,0.6323529,0.0294118,0.1029412,0.1904762,0.0,1.0,0.4166667,0.1176471,0.0,10.181157167204903
4065.0,0.4664207,0.002706,0.1357934,0.1014292,0.8066421,0.0071341,0.6197101,0.0023188,0.0492754,0.1843972,0.0034783,0.4608696,0.4950355,0.0816062,0.2777778,11.013715451376466
571.0,0.4290718,0.9737303,0.1418564,0.1687117,0.9124343,0.0,0.7471264,0.0057471,0.0287356,0.1470588,0.9597701,0.9942529,0.504902,0.2183908,1.0,9.615805480084347
10567.0,0.4854736,0.0017981,0.1580392,0.1412544,0.8632535,0.0,0.7101238,0.0033989,0.0487983,0.029682,0.0012139,0.9864045,0.3010601,0.0430108,0.3181818,11.727238138609684
768.0,0.4570312,0.0013021,0.3841146,0.2254197,0.7721354,0.0625,0.6385542,0.003012,0.0210843,0.1075269,0.0,1.0,0.2768817,0.0555556,0.6666667,9.615805480084347
8886.0,0.5104659,0.0051767,0.0927301,0.0751724,0.8505514,0.0144047,0.7102327,0.0031878,0.0685368,0.0778954,0.0044629,0.8881097,0.2962963,0.1821229,0.0718563,12.542905531395343
1022.0,0.462818,0.0,0.1242661,0.1384335,0.9119374,0.0,0.7807487,0.0,0.0187166,0.0855746,0.0,1.0,0.3007335,0.0821918,0.5,9.661479683575521
913.0,0.4895947,0.0,0.1391019,0.1008584,0.9036145,0.0,0.7945619,0.0120846,0.0362538,0.0321637,0.0,1.0,0.1754386,0.06,1.0,10.214678610538817
1092.0,0.503663,0.0018315,0.1181319,0.1070111,0.8763736,0.0,0.7,0.002439,0.0243902,0.2931034,0.0,1.0,0.3137931,0.1217391,0.25,10.122663242288953
4047.0,0.4929577,0.0046948,0.0657277,0.0555556,0.9303188,0.0,0.8308244,0.0050179,0.0258065,0.0299026,0.0064516,0.9942652,0.2239221,0.1574803,0.5714286,10.938467575959383
198525.0,0.4606876,0.4476011,0.1370407,0.121905,0.8436318,0.0194333,0.6807456,0.0031859,0.0323749,0.1352189,0.380197,0.9901117,0.3323883,0.1175821,0.634632,10.480129006333248
1520.0,0.4328947,0.0111842,0.1309211,0.0893271,0.5493421,0.3217105,0.625,0.0072115,0.0625,0.0480549,0.0024038,0.9951923,0.2677346,0.0662252,0.3333333,11.101960259016467
116.0,0.5,0.0,0.1293103,0.0344828,0.8362069,0.0,0.7608696,0.0434783,0.0869565,0.08,0.0,0.9782609,0.22,0.0,0.0,10.285376924115587
383.0,0.5143603,0.0,0.1853786,0.1129032,0.8825065,0.0,0.7123288,0.0,0.0136986,0.0700637,0.0,0.9931507,0.4076433,0.1111111,0.0,9.862717639992917
6243.0,0.4802178,0.0020823,0.2186449,0.1047766,0.8561589,0.041967,0.7660215,0.003871,0.0292473,0.1810497,0.0004301,0.9664516,0.4635435,0.1666667,0.5232558,10.97337452485014
72.0,0.5,0.0,0.2361111,0.0833333,0.9027778,0.0,0.8333333,0.0,0.0666667,0.8591549,0.0,0.9666667,0.4553991,0.0,0.0,10.308985993422082
1030.0,0.476699,0.0,0.238835,0.1892393,0.831068,0.0252427,0.6767442,0.0,0.0209302,0.0947368,0.0,1.0,0.3115789,0.137931,0.6,9.729193687429403
304.0,0.5032895,0.0,0.1348684,0.0993377,0.8717105,0.0,0.7096774,0.0,0.0241935,0.0387597,0.0,1.0,0.2170543,0.0512821,0.0,10.893047333337728
2118.0,0.4608121,0.0047214,0.1935788,0.1646235,0.8432483,0.0,0.6632997,0.0056117,0.0246914,0.0861538,0.0044893,0.9955107,0.3384615,0.0923695,0.8,9.814710982145282
142.0,0.4929577,0.0,0.1549296,0.125,0.8732394,0.0,0.7213115,0.0,0.0163934,0.031746,0.0,1.0,0.2380952,0.0,0.0,10.576457535657255
333.0,0.4654655,0.0,0.2432432,0.1853933,0.8288288,0.0,0.6493506,0.0,0.0194805,0.0994152,0.0,1.0,0.4093567,0.0,1.0,9.615805480084347
2484.0,0.4698068,0.0040258,0.136876,0.0964313,0.8502415,0.0036232,0.6910891,0.0049505,0.0445545,0.032567,0.0039604,0.9940594,0.2768199,0.0277778,0.4285714,10.9525769086256
28040.0,0.4751783,0.1236448,0.1789586,0.1151808,0.7218616,0.0384807,0.56652,0.0023697,0.1024035,0.0351923,0.0909783,0.9504909,0.4045889,0.050835,0.25,12.672949516558306
116.0,0.4310345,0.3103448,0.1637931,0.0909091,0.9051724,0.0,0.7619048,0.0,0.0238095,0.1428571,0.3571429,1.0,0.4081633,0.1428571,1.0,9.994287576862567
31100.0,0.4759807,0.0061736,0.1494212,0.1082408,0.8681994,0.016463,0.7367707,0.0047942,0.0442334,0.0426914,0.005156,0.8537313,0.373398,0.1085329,0.2986111,12.224408511383015
2740.0,0.5164234,0.0072993,0.0923358,0.0641509,0.8978102,0.0,0.7575758,0.0041797,0.0397074,0.1260274,0.0041797,0.9038662,0.3680365,0.1775148,0.2941176,10.285376924115587
578.0,0.4792388,0.0017301,0.1401384,0.0930233,0.8892734,0.0,0.7522523,0.0,0.036036,0.0864198,0.0,0.9954955,0.3333333,0.04,0.5,10.221977646629885
2644.0,0.4591528,0.0412254,0.2409228,0.1888112,0.8422844,0.0461422,0.7090164,0.0030738,0.0081967,0.1578947,0.0358607,0.795082,0.3632442,0.1422925,0.5294118,9.615805480084347
3768.0,0.4633758,0.0005308,0.220276,0.152819,0.8171444,0.0315817,0.6694588,0.003866,0.0315722,0.1275998,0.0006443,0.996134,0.3867341,0.0910781,0.7073171,9.87822102528824
700.0,0.5042857,0.0,0.1185714,0.0835735,0.9185714,0.0,0.7725322,0.0,0.0171674,0.0251046,0.0,0.9914163,0.251046,0.1,0.0,10.652566005416872
125.0,0.472,0.0,0.152,0.1818182,0.888,0.0,0.7083333,0.0,0.0,0.1111111,0.0,1.0,0.3888889,0.1818182,0.0,9.615805480084347
6530.0,0.479173,0.0099541,0.1150077,0.0743899,0.8467075,0.0019908,0.7000771,0.0053971,0.0639938,0.0360461,0.0077101,0.9791827,0.3519138,0.0756757,0.3,11.01206667357142
501.0,0.499002,0.0,0.1437126,0.0876494,0.9021956,0.0,0.7914439,0.0106952,0.0427807,0.0157895,0.0,0.9946524,0.1263158,0.0666667,0.5,10.84546552414626
296.0,0.4966216,0.0033784,0.2027027,0.147651,0.8175676,0.0,0.6410256,0.034188,0.042735,0.1068702,0.008547,1.0,0.1984733,0.3333333,0.6666667,9.77571099759397
9763.0,0.4577486,0.0227389,0.2179658,0.1356252,0.7542763,0.0,0.5803591,0.0043262,0.0850097,0.1487755,0.0229288,0.9258058,0.5107715,0.0282152,0.3478261,11.034905792929415
4292.0,0.4704101,0.0135135,0.1824324,0.1425429,0.7924045,0.0,0.5802537,0.0027579,0.0535025,0.0432718,0.019305,0.9917264,0.3514512,0.0590452,0.5,11.177466714598282
8094.0,0.4914752,0.0113664,0.1240425,0.0823615,0.9294539,0.0060539,0.843387,0.001124,0.0295991,0.0354174,0.0089921,0.979393,0.1022768,0.1309524,0.3939394,12.287196307223885
95.0,0.4631579,0.0736842,0.1684211,0.1372549,0.8947368,0.0,0.7435897,0.0,0.0,0.1333333,0.0769231,1.0,0.4,0.2857143,0.0,9.615805480084347
192.0,0.484375,0.0,0.1145833,0.1111111,0.9010417,0.0,0.7313433,0.0,0.0149254,0.1066667,0.0,0.9850746,0.36,0.2222222,0.0,9.770013301136158
9254.0,0.4529933,0.0106981,0.2026151,0.1689056,0.8170521,0.0312297,0.6627784,0.0050371,0.0273065,0.0930512,0.0106045,0.9939024,0.317384,0.0807453,0.3981481,10.261196961231647
7913.0,0.4888159,0.0288133,0.1042588,0.0897404,0.8530267,0.0174397,0.7133139,0.0032394,0.0362812,0.0899175,0.0268869,0.9588597,0.3157429,0.0705191,0.4941176,10.70101727068921
2199.0,0.4561164,0.4133697,0.2451114,0.2274247,0.8090041,0.0309231,0.6482911,0.0022051,0.030871,0.1475564,0.3583241,0.9900772,0.3731203,0.1274131,0.5294118,10.030164255362632
216.0,0.4768519,0.0,0.25,0.2300885,0.837963,0.0,0.6494845,0.0,0.0103093,0.1637931,0.0,1.0,0.3793103,0.0714286,0.0,9.615805480084347
2371.0,0.4955715,0.0139182,0.2062421,0.1379599,0.8996204,0.0383804,0.8387879,0.0,0.0169697,0.0084135,0.0084848,0.9987879,0.0252404,0.1666667,0.0,11.493752839181418
1391.0,0.5075485,0.0,0.1631919,0.0773723,0.8828181,0.0,0.7536496,0.0036496,0.0346715,0.5213974,0.0,0.9981752,0.2227074,0.0394737,0.5833333,10.829748417047593
1190.0,0.492437,0.0226891,0.1277311,0.0844371,0.8369748,0.0,0.6991525,0.0148305,0.0826271,0.3925354,0.0211864,1.0,0.3603604,0.0526316,0.5555556,10.879951039444416
4325.0,0.4936416,0.0016185,0.1176879,0.0497717,0.9255491,0.0,0.8430729,0.0045962,0.0393959,0.0142395,0.0006566,0.9881812,0.0880259,0.1407035,0.4285714,11.060384472475045
23797.0,0.4868681,0.0106316,0.1397655,0.1011383,0.7901416,0.0520234,0.6706169,0.0068668,0.0592535,0.0518744,0.0040979,0.9681028,0.3749869,0.0890676,0.2830189,10.675931008412125
3155.0,0.4380349,0.7670365,0.1622821,0.1601805,0.8713154,0.0,0.6779221,0.0034632,0.0242424,0.0847861,0.7177489,0.9948052,0.3541997,0.2015504,0.4166667,9.615805480084347
40674.0,0.4955992,0.0958598,0.1156513,0.0768181,0.8751291,0.0103506,0.7446106,0.0065304,0.0532968,0.0886926,0.0901622,0.8279615,0.3714725,0.1601646,0.2721893,11.324195417595107
130.0,0.5307692,0.0,0.1,0.147541,0.9,0.0,0.7333333,0.0,0.0222222,0.0425532,0.0,1.0,0.1914894,0.0,0.0,9.852246888342531
554.0,0.4133574,0.6263538,0.2581227,0.2430769,0.7545126,0.1732852,0.7654321,0.0,0.0123457,0.0795455,0.6049383,0.9876543,0.2727273,0.1428571,1.0,9.615805480084347
2597.0,0.4809395,0.0,0.3573354,0.1327893,0.8093955,0.0003851,0.6789727,0.0032103,0.0658106,0.1786421,0.0,0.9951846,0.3651945,0.0343137,0.42,11.242441323346558
1775.0,0.4585915,0.1628169,0.1594366,0.1498439,0.8890141,0.0,0.7380282,0.0014085,0.0140845,0.0179806,0.143662,0.9957746,0.3609959,0.0745763,0.0,10.090008612393838
12915.0,0.4786682,0.0466125,0.0722416,0.0586663,0.3138986,0.3335656,0.3626943,0.0029608,0.315322,0.1060873,0.0313348,0.9933383,0.6369652,0.0093563,0.6666667,11.05723491317159
257.0,0.4708171,0.0,0.1867704,0.1323529,0.8832685,0.0,0.6969697,0.0,0.0,0.1315789,0.0,1.0,0.1754386,0.1923077,0.5,9.615805480084347
1002.0,0.4790419,0.0,0.1457086,0.1168582,0.8702595,0.0,0.7103275,0.0,0.0327456,0.1118568,0.0,0.9924433,0.2684564,0.1197605,1.0,10.038935856711177
2320.0,0.4715517,0.0008621,0.2030172,0.1574225,0.7702586,0.0590517,0.6489362,0.012766,0.0531915,0.0864917,0.0021277,0.9989362,0.4178814,0.0637755,1.0,10.894904309600681
1276.0,0.5054859,0.0,0.0893417,0.0744849,0.9286834,0.0,0.8187919,0.0,0.0223714,0.1813187,0.0,0.9910515,0.2472527,0.0930233,0.0,10.835671318412196
11365.0,0.4739991,0.025077,0.0993401,0.0799599,0.7278487,0.1062033,0.6438815,0.0023901,0.0712237,0.1234025,0.0191205,0.9292543,0.4284517,0.0629963,0.3625,10.709985739582528
20314.0,0.4755833,0.3803288,0.1464015,0.1194969,0.8619179,0.0013291,0.6859961,0.0022354,0.0414201,0.0372199,0.313741,0.9103222,0.3677681,0.0720471,0.5205479,11.672498559754418
2485.0,0.4853119,0.0064386,0.094165,0.084441,0.9130785,0.0156942,0.8127389,0.0025478,0.0280255,0.0272615,0.0063694,0.9949045,0.1363073,0.0392157,0.0714286,11.875490030985144
865.0,0.4843931,0.0184971,0.1271676,0.0717489,0.8751445,0.0,0.7317073,0.0121951,0.0457317,0.0324484,0.0091463,0.9756098,0.2625369,0.0970874,0.0,10.849356503939038
1090.0,0.487156,0.0027523,0.1633028,0.09839,0.8963303,0.0,0.7783251,0.0049261,0.0369458,0.0287081,0.0049261,0.9901478,0.1698565,0.1384615,0.5,10.666650414667744
742.0,0.4892183,0.0040431,0.1994609,0.1451187,0.8692722,0.0,0.6868687,0.0,0.013468,0.0541401,0.0,1.0,0.2165605,0.0862069,0.5,10.043292972227004
1042.0,0.5038388,0.0028791,0.0710173,0.0309478,0.9145873,0.0,0.8104396,0.0082418,0.043956,0.0319149,0.0027473,0.9972527,0.0904255,0.0384615,0.0,11.530775206233024
108.0,0.5,0.3611111,0.0925926,0.1111111,0.9074074,0.0,0.75,0.0,0.0277778,0.027027,0.2777778,1.0,0.1891892,0.4545455,1.0,10.236417809461043
289.0,0.4775087,0.0,0.366782,0.205298,0.7820069,0.0,0.6,0.0068966,0.0206897,0.1212121,0.0,1.0,0.2969697,0.0,0.8,9.615805480084347
1640.0,0.4987805,0.0060976,0.0323171,0.013382,0.9481707,0.0,0.8870056,0.0037665,0.039548,0.0829016,0.007533,0.9642185,0.0863558,0.15,0.5,11.308370569092329
14187.0,0.504053,0.4320152,0.0660464,0.0615406,0.8561359,0.0009163,0.6987878,0.0090405,0.0747894,0.0479264,0.442367,0.9274707,0.3515258,0.1483691,0.2758621,11.313266479778829
227.0,0.4669604,0.0,0.1629956,0.1239669,0.9162996,0.0,0.7764706,0.0,0.0,0.0957447,0.0,1.0,0.1808511,0.1363636,0.5,9.918425424900335
625.0,0.4624,0.008,0.288,0.1994048,0.76,0.08,0.6390977,0.0037594,0.0112782,0.1335505,0.0,0.9924812,0.3387622,0.0555556,0.0,9.615805480084347
288.0,0.5069444,0.0,0.2118056,0.1478873,0.8368056,0.0,0.6829268,0.0162602,0.0406504,0.075188,0.0,1.0,0.2406015,0.0967742,1.0,10.069044362997353
513.0,0.5321637,0.0038986,0.0779727,0.0958333,0.8986355,0.0,0.7472527,0.0054945,0.0274725,0.0666667,0.0,1.0,0.2205128,0.0571429,0.625,10.184937747111391
240.0,0.55,0.0,0.0416667,0.0740741,0.9416667,0.0,0.7777778,0.0,0.0,0.1486486,0.0,1.0,0.7297297,0.1,0.0,9.615805480084347
24529.0,0.4932937,0.0496963,0.0665743,0.0539062,0.9341596,0.0052998,0.847037,0.0017284,0.0241975,0.055834,0.0474074,0.9323457,0.1251894,0.1165331,0.2868852,11.151969943847991
54555.0,0.4879113,0.0278801,0.099001,0.0810037,0.8105398,0.0253322,0.6614675,0.0045224,0.0629442,0.0677966,0.0248731,0.9916013,0.400413,0.0359556,0.388601,11.06665398721974
1371.0,0.5127644,0.0153173,0.1276441,0.0958084,0.9015317,0.0262582,0.807611,0.0042283,0.0105708,0.0502008,0.0063425,0.9894292,0.1184739,0.1428571,0.3333333,11.109473329472568
4672.0,0.4991438,0.0511558,0.104024,0.0705128,0.8790668,0.0079195,0.749728,0.0021763,0.0304679,0.05111,0.0424374,0.9722524,0.3205989,0.0740741,0.047619,10.835671318412196
66072.0,0.5039048,0.0364148,0.1151017,0.0869486,0.7842505,0.0265014,0.6313106,0.0047072,0.0937905,0.0504339,0.0290668,0.8472914,0.4967408,0.1098271,0.2350877,12.52343851241165
4341.0,0.4609537,0.2626123,0.1151808,0.1111111,0.9235199,0.0110574,0.8035582,0.0022239,0.0074129,0.1030585,0.2594514,0.7731653,0.3989362,0.2092624,0.1666667,10.098272780745283
108635.0,0.4912045,0.0145901,0.1295531,0.0886328,0.8369402,0.0135223,0.6918277,0.0072835,0.0746938,0.065961,0.0124277,0.8583798,0.4657707,0.1504608,0.2642487,11.841516728140565
4551.0,0.4776972,0.0013184,0.133597,0.1081195,0.8842013,0.0,0.7241587,0.0048077,0.030649,0.0604178,0.0012019,0.9915865,0.2608696,0.1029748,0.6428571,10.657282884047461
169.0,0.5147929,0.2366864,0.2485207,0.1585366,0.8698225,0.0,0.7,0.0,0.0142857,0.1764706,0.2,1.0,0.4,0.1666667,0.0,9.615805480084347
977.0,0.4831116,0.0102354,0.1699079,0.1267327,0.8761515,0.0,0.7311558,0.0025126,0.0301508,0.0197044,0.0100503,0.9974874,0.1970443,0.056338,0.0,10.465984899076615
181519.0,0.5052584,0.0092938,0.0831208,0.0641056,0.802825,0.0041979,0.6612465,0.0058363,0.1241162,0.0530274,0.0080866,0.9255942,0.3619666,0.0935129,0.209713,12.348877778786173
23969.0,0.4989778,0.0050482,0.0491051,0.0252311,0.942217,0.0007092,0.8717592,0.0029088,0.0352852,0.0252712,0.0048059,0.9654736,0.0437623,0.1317365,0.3918919,11.395278670032656
1036.0,0.4797297,0.0,0.2335907,0.1985158,0.8127413,0.034749,0.6440281,0.0,0.0117096,0.2292419,0.0,0.9437939,0.3429603,0.1149425,0.6923077,9.69898173460629
12542.0,0.4944985,0.0272684,0.1000638,0.0602524,0.9134109,0.0086908,0.8254625,0.0041383,0.0489289,0.0359071,0.0289679,0.8339825,0.1635766,0.1302378,0.2622951,12.252006352956359
3473.0,0.4964008,0.0011517,0.1399367,0.0914808,0.9211057,0.0,0.8077532,0.0031646,0.0174051,0.017871,0.0007911,0.9992089,0.0784771,0.0777778,0.3333333,10.837637848711049
3393.0,0.4924845,0.0274094,0.0179782,0.0214866,0.870616,0.0,0.7769608,0.004085,0.1013072,0.1989529,0.0253268,0.9771242,0.138089,0.0934579,0.46,12.051761119434515
197.0,0.5076142,0.0203046,0.1624365,0.0824742,0.9187817,0.0,0.8101266,0.0,0.0126582,0.0813953,0.0126582,1.0,0.2790698,0.0909091,0.0,10.038935856711177
24704.0,0.4857513,0.0035217,0.1043151,0.0743073,0.8761739,0.007853,0.7533627,0.0045204,0.0538037,0.0417327,0.0025358,0.9919515,0.2559958,0.0275154,0.3076923,11.247670025080003
566.0,0.4522968,0.0477032,0.2243816,0.2096774,0.8144876,0.0088339,0.6086957,0.0,0.0039526,0.1452703,0.055336,0.9920949,0.25,0.08,0.8461538,10.376642461280849
801.0,0.4606742,0.0012484,0.1922597,0.1643519,0.8751561,0.0,0.7065868,0.0,0.005988,0.0747922,0.0,0.997006,0.2686981,0.0727273,1.0,10.370392636243981
272235.0,0.472408,0.0737708,0.1374254,0.1039693,0.7395192,0.0381913,0.5673339,0.0035465,0.0857513,0.062373,0.061733,0.9712832,0.434374,0.0719997,0.4345837,10.985309671896763
2279.0,0.4971479,0.0017552,0.0535323,0.0445026,0.8490566,0.0,0.694813,0.0108565,0.0772014,0.0514874,0.0012063,0.9915561,0.382151,0.0629921,0.4375,11.026808713825016
59.0,0.440678,0.0,0.1864407,0.2121212,0.779661,0.0,0.5714286,0.0,0.0357143,0.3170732,0.0,1.0,0.3170732,0.0,0.5,9.615805480084347
3357.0,0.4569556,0.0002979,0.2067322,0.171695,0.8305034,0.0128091,0.661163,0.0043073,0.0279971,0.1205808,0.0,0.9985642,0.3617424,0.1005587,0.5555556,9.615805480084347
13883.0,0.4781387,0.1819491,0.1419002,0.1293306,0.8825902,0.0262191,0.7627082,0.0025957,0.0246593,0.0845545,0.1652607,0.8544235,0.3138614,0.1849606,0.5079365,10.482933978579906
5409.0,0.5152524,0.0142355,0.1107414,0.0617849,0.8358292,0.0595304,0.7566519,0.0066519,0.0554324,0.0332262,0.0110865,0.9689579,0.2792069,0.1117735,0.2222222,10.981914140544825
35701.0,0.4935716,0.0129688,0.0918742,0.0726217,0.9127756,0.0076188,0.7981725,0.003726,0.0404542,0.0780304,0.0119766,0.3241661,0.3822182,0.2002165,0.5172414,10.78727575364831
499.0,0.4629259,0.9418838,0.1002004,0.0895522,0.9178357,0.0,0.7658228,0.0,0.0189873,0.0705882,0.9303797,0.9810127,0.2705882,0.2553191,0.0,10.488520429241627
25638.0,0.4888447,0.0039005,0.1064826,0.0993514,0.9263983,0.0154068,0.8493641,0.0017286,0.024077,0.0312201,0.0035807,0.9802445,0.126555,0.0732759,0.372093,12.068538968726306
830.0,0.460241,0.0168675,0.1506024,0.1473214,0.9048193,0.0,0.7704403,0.0062893,0.0125786,0.0914286,0.0220126,1.0,0.28,0.1688312,0.5625,9.758519582283522
830.0,0.4771084,0.0012048,0.1831325,0.1543779,0.8831325,0.0,0.7356322,0.0028736,0.0114943,0.1007752,0.0,0.9971264,0.3385013,0.0144928,0.6666667,10.090008612393838
99.0,0.4646465,0.0,0.1717172,0.0943396,0.8383838,0.0,0.6410256,0.0,0.0512821,0.0714286,0.0,1.0,0.3333333,0.0,0.0,9.615805480084347
230.0,0.4347826,0.0,0.3130435,0.2384615,0.7869565,0.0,0.5585586,0.0,0.0,0.0901639,0.0,1.0,0.3196721,0.0357143,1.0,9.615805480084347
406.0,0.5,0.0,0.2586207,0.1477833,0.8349754,0.0,0.6432749,0.005848,0.0233918,0.05,0.0,0.994152,0.2888889,0.0588235,0.75,9.615805480084347
849.0,0.5359246,0.0106007,0.0506478,0.0228426,0.9681979,0.0,0.9259259,0.0074074,0.0111111,0.0784983,0.0111111,0.9814815,0.003413,0.2307692,0.8235294,11.534696741439683
309.0,0.5113269,0.0,0.1391586,0.1258278,0.8770227,0.0,0.6890756,0.0,0.0084034,0.15,0.0,0.9663866,0.2785714,0.0434783,0.5,9.615805480084347
1151.0,0.4648132,0.0538662,0.2554301,0.1672078,0.8045178,0.032146,0.6507634,0.0019084,0.009542,0.1042735,0.0419847,0.9847328,0.3025641,0.0653266,0.6666667,10.776891660007811
3078.0,0.5097466,0.0961663,0.0766732,0.0695825,0.9145549,0.0,0.792695,0.0029615,0.0365252,0.0680773,0.088845,0.9378085,0.3348666,0.1971154,0.6666667,11.291043617373028
147.0,0.4897959,0.0,0.2244898,0.16,0.8571429,0.0,0.6825397,0.0,0.015873,0.0869565,0.0,1.0,0.1884058,0.25,0.0,9.69898173460629
9205.0,0.4744161,0.1016839,0.1500272,0.1256718,0.8813688,0.0271592,0.7562806,0.0035889,0.0218597,0.1162053,0.1102773,0.6058728,0.3806228,0.1849255,0.7096774,10.392098241730961
3758.0,0.4616817,0.002661,0.1314529,0.1141869,0.8610963,0.0212879,0.7228097,0.0075529,0.0415408,0.0377907,0.0015106,0.9712991,0.3568314,0.1087786,0.2666667,10.851296331126829
7535.0,0.4798938,0.0006636,0.1430657,0.1048737,0.8214997,0.0188454,0.6629779,0.0083836,0.0523139,0.0321324,0.0003353,0.9869215,0.3972736,0.0757946,0.4666667,10.623787731088578
2206.0,0.4564823,0.0643699,0.1813237,0.17598,0.8009973,0.0235721,0.6211962,0.0020986,0.0209864,0.1536412,0.0409234,0.9874082,0.3854352,0.0464135,0.6666667,10.165890277802454
1826.0,0.4572837,0.0005476,0.3329682,0.2320888,0.7398686,0.0558598,0.5726708,0.0,0.0298137,0.0914221,0.0012422,0.9975155,0.3160271,0.0461538,0.8888889,9.723223876851618
699.0,0.4692418,0.1645207,0.2002861,0.1778976,0.8626609,0.0,0.6868687,0.0,0.010101,0.0541401,0.1515152,0.996633,0.4203822,0.0434783,1.0,9.6678285081515
13443.0,0.4929703,0.0029011,0.0856952,0.0528169,0.8270475,0.0483523,0.7555391,0.0017233,0.0773018,0.0674931,0.0009847,0.9862137,0.3349403,0.1634163,0.4358974,10.900454637442037
40961.0,0.4634408,0.0212885,0.1724567,0.1345436,0.7762506,0.0357169,0.6228683,0.0042349,0.0501316,0.0977436,0.0198008,0.9915875,0.3746579,0.0573368,0.3815385,10.214678610538817
554.0,0.4873646,0.0162455,0.0234657,0.0211268,0.9476534,0.0,0.8782051,0.0064103,0.0448718,0.0545455,0.0064103,0.9551282,0.1454545,0.2631579,0.0,10.747229096720554
405.0,0.5135802,0.0,0.1259259,0.0964467,0.8567901,0.0,0.6928105,0.0130719,0.0522876,0.0783133,0.0,0.9803922,0.4156627,0.1219512,0.3333333,10.382853468483827
12849.0,0.4817496,0.0185228,0.1154954,0.1007659,0.944198,0.0070044,0.8430606,0.0025133,0.0103323,0.1339782,0.0237364,0.1312483,0.4401451,0.3015302,0.7831325,9.862717639992917
41659.0,0.4916105,0.0189155,0.1199981,0.0625148,0.9116397,0.0091697,0.824734,0.0017399,0.035602,0.033941,0.0175333,0.9611189,0.1668606,0.0864469,0.2727273,13.013666190132906
2808.0,0.4529915,0.0,0.2150997,0.1751302,0.8358262,0.0363248,0.6969697,0.0035651,0.013369,0.1144436,0.0,0.9973262,0.2273086,0.1085526,0.8888889,9.615805480084347
1065.0,0.4938967,0.0,0.1286385,0.0834879,0.9107981,0.0084507,0.7670455,0.0,0.0113636,0.1111111,0.0,0.9801136,0.260101,0.15,0.7777778,10.7706090484022
139.0,0.4748201,0.0,0.2302158,0.1780822,0.8633094,0.0,0.6470588,0.0,0.0196078,0.4269663,0.0,1.0,0.4831461,0.3529412,0.0,9.615805480084347
389.0,0.470437,0.0771208,0.1748072,0.1650485,0.8791774,0.0,0.7204969,0.0062112,0.0124224,0.1153846,0.1118012,1.0,0.3571429,0.0384615,0.5,9.913487387114461
38372.0,0.4763109,0.0087824,0.1384603,0.0975367,0.814005,0.0624153,0.7159806,0.0039789,0.0467337,0.0447132,0.0069449,0.965854,0.3315826,0.063861,0.4579439,11.603688960617083
4549.0,0.4728512,0.0046164,0.1736645,0.1234362,0.8716201,0.0,0.7100057,0.0028265,0.0333522,0.0258811,0.0050876,0.9971735,0.2329295,0.0158371,0.5333333,11.454247073019193
1065.0,0.5220657,0.0441315,0.0544601,0.0471513,0.5511737,0.2835681,0.6065089,0.0029586,0.1035503,0.2084309,0.0118343,0.9289941,0.5316159,0.0494505,0.875,10.165890277802454
1303.0,0.4643131,0.0,0.3000767,0.234957,0.7544129,0.0775134,0.6212687,0.005597,0.0223881,0.0790378,0.0,0.9869403,0.2920962,0.0571429,0.5714286,9.928228944424575
287.0,0.4912892,0.0,0.2543554,0.1712329,0.8606272,0.0,0.6890756,0.0084034,0.0168067,0.1313869,0.0,1.0,0.4452555,0.0714286,0.3333333,9.615805480084347
6342.0,0.4899085,0.0181331,0.1053295,0.0859351,0.9164301,0.0063072,0.7868696,0.0014272,0.0147479,0.0908304,0.0156993,0.7559467,0.3637543,0.194085,0.547619,10.165890277802454
15698.0,0.4635622,0.0066888,0.1613581,0.1192257,0.8287043,0.0114664,0.6621478,0.004265,0.0367098,0.053216,0.0067022,0.9966489,0.3159792,0.0671441,0.3958333,10.5506169722625
7786.0,0.4800925,0.0038531,0.1258669,0.1121542,0.8011816,0.0247881,0.659306,0.0031546,0.070347,0.0531661,0.0025237,0.9826498,0.4047192,0.0427969,0.0,11.757446872843532
4187.0,0.4798185,0.0062097,0.1554813,0.1235078,0.8860759,0.0,0.7428058,0.0029976,0.0221823,0.0939707,0.0035971,0.970024,0.3302553,0.1082474,0.5666667,10.102379394048045
1783.0,0.4817723,0.429613,0.1503085,0.1471861,0.8732473,0.0067302,0.7227139,0.0058997,0.0221239,0.1137255,0.3834808,0.9941003,0.3320261,0.0722222,0.4545455,10.094149233605084
2341.0,0.4886801,0.0064075,0.1183255,0.1119465,0.8735583,0.0046988,0.7098624,0.0057339,0.0309633,0.0449069,0.0103211,0.9610092,0.3504929,0.1188119,0.75,10.016860879703811
429.0,0.4848485,0.0,0.1655012,0.0950226,0.9137529,0.0,0.7625899,0.0071942,0.0143885,0.0671141,0.0,0.8920863,0.4026846,0.1463415,0.0,10.39516093745751
862.0,0.4895592,0.0,0.1032483,0.1022727,0.8793503,0.0,0.7208589,0.0,0.0368098,0.0297619,0.0,1.0,0.2380952,0.010989,0.0,10.687411927154141
267.0,0.494382,0.0037453,0.1835206,0.1185185,0.8651685,0.0,0.6886792,0.0,0.0283019,0.0782609,0.0,1.0,0.1826087,0.2142857,0.0,10.236417809461043
142.0,0.4647887,0.0,0.056338,0.0921053,0.8943662,0.0,0.75,0.0,0.0625,0.04,0.0,0.9791667,0.16,0.1538462,0.0,9.873079890114703
453.0,0.4856512,0.0,0.218543,0.1716738,0.8410596,0.0529801,0.7454545,0.0060606,0.030303,0.0406977,0.0,1.0,0.1860465,0.1111111,0.0,9.735128070758227
40443.0,0.5110897,0.0172589,0.1493707,0.0930056,0.7801103,0.0600598,0.6681346,0.0047185,0.0598301,0.0440823,0.0037119,0.9503617,0.3882608,0.0776176,0.2631579,11.324195417595107
187.0,0.4438503,0.0,0.0909091,0.0480769,0.9465241,0.0,0.862069,0.0,0.0344828,0.0793651,0.0,1.0,0.1111111,0.4285714,0.0,9.942756341456828
48478.0,0.492904,0.0359545,0.0900202,0.0803401,0.8336771,0.0192665,0.6904023,0.0022865,0.0622788,0.0311709,0.0399042,0.9650498,0.4004747,0.0399792,0.3870968,12.003962581340353
295.0,0.5322034,0.0,0.0372881,0.0434783,0.9389831,0.0,0.7971014,0.0,0.057971,0.1153846,0.0,1.0,0.7564103,0.25,0.0,9.980494888896912
311.0,0.4758842,0.7620579,0.1028939,0.0858896,0.9421222,0.0,0.8229167,0.0,0.0104167,0.0679612,0.6875,1.0,0.2524272,0.1333333,1.0,10.367253014814716
12105.0,0.4907063,0.0083437,0.1412639,0.0789943,0.8886411,0.0126394,0.7667055,0.0030268,0.0365541,0.0457676,0.0090803,0.9718277,0.251944,0.1100683,0.4047619,10.920546270529568
3061.0,0.5014701,0.3293041,0.041163,0.0543906,0.8513558,0.0009801,0.7098712,0.0103004,0.0763948,0.0869906,0.2806867,0.9725322,0.5180251,0.0992593,0.4375,10.542732775946709
797.0,0.4855709,0.0012547,0.1518193,0.104878,0.8720201,0.0,0.695082,0.0,0.0262295,0.0644172,0.0,0.9934426,0.2177914,0.1076923,0.5555556,10.328787967145063
529.0,0.489603,0.0283554,0.1190926,0.0962963,0.9035917,0.0,0.7635468,0.0,0.0147783,0.1057269,0.0344828,0.9950739,0.3259912,0.1578947,0.0,10.165890277802454
2875.0,0.426087,0.2295652,0.2125217,0.1854545,0.8438261,0.024,0.6882096,0.0026201,0.0157205,0.0402347,0.1965066,0.9956332,0.2808047,0.0693642,0.6666667,10.281958234245314
47923.0,0.4902239,0.0485571,0.0686727,0.0535817,0.8631346,0.0045281,0.7298367,0.002639,0.0650943,0.1047839,0.0486558,0.9790533,0.2029727,0.0540679,0.40625,11.58989576532275
7261.0,0.4427765,0.6961851,0.1282193,0.1270391,0.7909379,0.1111417,0.718353,0.0026281,0.021463,0.0570012,0.6022777,0.9969339,0.3630731,0.1350711,0.5294118,10.392098241730961
283.0,0.5017668,0.0,0.1413428,0.070922,0.9328622,0.0,0.8378378,0.0,0.009009,0.1048387,0.0,1.0,0.2177419,0.0,0.5,10.491301994830229
2892.0,0.4726833,0.4640387,0.1324343,0.1285246,0.8817427,0.0131397,0.7289896,0.0,0.0160529,0.1493976,0.3862134,0.9981114,0.286747,0.167382,0.6842105,10.150386692204734
1499.0,0.533022,0.0186791,0.0266845,0.0242857,0.521014,0.2328219,0.4800759,0.0037951,0.1726755,0.2878378,0.0246679,0.9203036,0.827027,0.0406699,0.0,9.615805480084347
1072.0,0.4496269,0.4477612,0.1324627,0.1220339,0.8992537,0.0,0.7382199,0.0052356,0.0157068,0.1511111,0.382199,0.973822,0.4711111,0.1470588,0.8,9.615805480084347
2126.0,0.4774224,0.0451552,0.1650988,0.1170117,0.7619944,0.0,0.5637306,0.0020725,0.0673575,0.076555,0.0352332,0.9968912,0.369378,0.0296443,1.0,11.086762629082946
74840.0,0.4870925,0.0467932,0.0752405,0.058563,0.8973009,0.0072956,0.7891991,0.0029023,0.0394195,0.0526902,0.0420279,0.9684791,0.1749495,0.0988386,0.3883792,11.360950749348124
4563.0,0.4933158,0.0043831,0.1277668,0.0869377,0.9320622,0.0,0.8429423,0.0026508,0.0291584,0.0302057,0.0039761,0.9569251,0.153599,0.1236364,0.2941176,12.172003838488783
3206.0,0.4616344,0.7872739,0.1294448,0.0874855,0.889582,0.0318153,0.8001949,0.0038986,0.0331384,0.0191205,0.7660819,0.9707602,0.124283,0.1584158,0.4,11.575909653758895
589.0,0.5042445,0.0,0.1137521,0.0753425,0.8947368,0.0,0.7603687,0.0046083,0.0368664,0.2022059,0.0,0.9953917,0.3529412,0.1896552,1.0,10.604131561522696
280.0,0.4642857,0.0,0.3285714,0.2466667,0.8142857,0.0,0.59375,0.0,0.0,0.2049689,0.0,1.0,0.3043478,0.0434783,1.0,9.615805480084347
552.0,0.4818841,0.009058,0.1322464,0.0909091,0.8913043,0.0,0.761194,0.0099502,0.039801,0.0737327,0.0099502,0.9950249,0.202765,0.0652174,1.0,10.39516093745751
48735.0,0.4746281,0.0076126,0.1323484,0.090728,0.8938956,0.0250949,0.7747759,0.0026627,0.0244188,0.1348466,0.0079881,0.4003117,0.4865715,0.1948361,0.4435798,10.278527816830314
117.0,0.4358974,0.2905983,0.2393162,0.2727273,0.8290598,0.0,0.6,0.0,0.0,0.1666667,0.18,1.0,0.2666667,0.1666667,1.0,10.2328272702548
3640.0,0.4925824,0.0010989,0.3211538,0.0909583,0.8931319,0.0,0.7924165,0.001928,0.0379177,0.1966959,0.0012853,0.9768638,0.3252452,0.08,0.4933333,11.146214615088313
326.0,0.5245399,0.0,0.1319018,0.0322581,0.9325153,0.0,0.8527132,0.0,0.0155039,0.1456954,0.0,0.9922481,0.192053,0.0,1.0,11.06665398721974
69.0,0.4782609,0.0,0.1594203,0.1111111,0.826087,0.0,0.6206897,0.0,0.0344828,0.1212121,0.0,0.9310345,0.3030303,0.1428571,0.0,9.642187721358466
156.0,0.5384615,0.0128205,0.1987179,0.1666667,0.8461538,0.0,0.7,0.0166667,0.0666667,0.1176471,0.0166667,0.9833333,0.2058824,0.0909091,0.0,9.717218213494077
418.0,0.4880383,0.0119617,0.2272727,0.1728972,0.8397129,0.0,0.6574586,0.0,0.0220994,0.037234,0.0110497,1.0,0.2553191,0.0517241,1.0,10.184937747111391
4231.0,0.4868825,0.0089813,0.1588277,0.0557347,0.9491846,0.0,0.8760491,0.0,0.0135571,0.0300564,0.0077469,0.9928986,0.0112711,0.06,0.7407407,12.132969552931216
3527.0,0.444854,0.4961724,0.1701162,0.1853933,0.8403743,0.005387,0.653277,0.0035236,0.0295983,0.092711,0.4594785,0.9957717,0.3286445,0.1355311,0.8214286,10.25769445336048
1507.0,0.4591904,0.0053086,0.2879894,0.2196319,0.8049104,0.023225,0.633383,0.0014903,0.0149031,0.1685254,0.0029806,1.0,0.2639405,0.0927152,0.8965517,9.615805480084347
70745.0,0.4771221,0.0102905,0.1095484,0.0784245,0.7856668,0.0339247,0.6368359,0.0026511,0.0717587,0.0361866,0.0069502,0.9919751,0.3540624,0.0398854,0.3,10.985309671896763
3182.0,0.4676304,0.0,0.6794469,0.1328217,0.9038341,0.0,0.8249849,0.0006035,0.008449,0.1255937,0.0,0.9921545,0.2184697,0.038961,0.1388889,11.275949181024878
2503.0,0.6276468,0.2165402,0.0,0.0042918,0.6052737,0.3931282,0.9930556,0.0,0.0023148,0.1787072,0.1759259,0.9537037,0.0931559,0.1911422,0.0,9.841665338892785
11187.0,0.4664343,0.3706087,0.1577724,0.1351985,0.8668097,0.0065254,0.6988884,0.0053166,0.0318995,0.1382757,0.3119865,0.9891252,0.4546022,0.1617381,0.6976744,10.090008612393838
3849.0,0.4920759,0.0558587,0.0849571,0.0664962,0.9379059,0.0,0.8403614,0.002259,0.0188253,0.0452912,0.0466867,0.996988,0.240115,0.0866667,0.3125,10.694237736914808
700.0,0.4657143,0.0142857,0.0642857,0.0641711,0.5,0.4614286,0.8059701,0.0,0.0074627,0.0496454,0.0,1.0,0.1702128,0.0888889,0.0,10.680539205318292
572.0,0.5017483,0.0,0.1188811,0.1157895,0.9055944,0.0,0.7777778,0.0048309,0.0338164,0.1,0.0,0.8985507,0.4217391,0.25,0.8,9.814710982145282
39681.0,0.4627152,0.0414556,0.201885,0.145075,0.7760389,0.0541065,0.6292428,0.0037921,0.0366157,0.0823731,0.0384185,0.9968295,0.37085,0.0659398,0.56,10.322230781590136
5969.0,0.4679176,0.4866812,0.1402245,0.1237406,0.7788574,0.1068856,0.7095,0.0015,0.034,0.0467112,0.4215,0.981,0.3036225,0.1076696,0.55,10.422311107413181
1515.0,0.440264,0.0,0.2930693,0.1639151,0.8765677,0.0,0.7276853,0.0,0.01059,0.0364431,0.0,0.9984871,0.2172012,0.0933333,0.7142857,10.555838779903407
9614.0,0.4903266,0.0043686,0.1558144,0.1061224,0.8244227,0.0382775,0.6995731,0.0034685,0.0453575,0.0571069,0.0018677,0.9802561,0.3672956,0.0722506,0.3636364,10.586609649448985
3490.0,0.4512894,0.0037249,0.2458453,0.1989556,0.7441261,0.0618911,0.5951087,0.0027174,0.0373641,0.0484809,0.0,0.9972826,0.3884939,0.0661417,0.6363636,10.389026137075234
3326.0,0.4696332,0.0261575,0.1954299,0.1394558,0.8493686,0.0189417,0.7086438,0.0022355,0.0275708,0.115942,0.0290611,0.9821162,0.2964427,0.0631579,0.6428571,9.94755228369823
2193.0,0.4842681,0.00456,0.1573187,0.1052166,0.8381213,0.004104,0.662237,0.0022148,0.0321152,0.0988024,0.0066445,0.9346622,0.4550898,0.0969388,0.375,10.823790225800138
1378.0,0.4869376,0.0195936,0.2278665,0.18529,0.7329463,0.0856313,0.6050269,0.005386,0.043088,0.0716667,0.0071813,0.9928187,0.2583333,0.025641,0.8,12.08164822965012
9401.0,0.4855866,0.0031911,0.1344538,0.0992556,0.8812892,0.0,0.7316187,0.0025161,0.0369024,0.0303605,0.0030752,0.9734414,0.26701,0.0587065,0.4761905,11.11395422597838
1026.0,0.4658869,0.0,0.2358674,0.1806569,0.8518519,0.0,0.6674312,0.0,0.016055,0.1065574,0.0,0.9931193,0.3012295,0.03125,0.75,9.615805480084347
3699.0,0.4882401,0.0191944,0.1032712,0.0839937,0.9318735,0.0305488,0.9055912,0.0,0.020165,0.0224014,0.020165,0.9963336,0.0394265,0.0322581,0.4545455,12.176133921127343
51.0,0.4117647,0.0,0.4705882,0.2,0.745098,0.0,0.5357143,0.0,0.0,0.2432432,0.0,1.0,0.2702703,0.0,1.0,9.615805480084347
198.0,0.4848485,0.0,0.0454545,0.0784314,0.9141414,0.0,0.754717,0.0,0.0754717,0.171875,0.0,1.0,0.8125,0.1333333,0.0,10.106469212026385
1441.0,0.4954892,0.0013879,0.0916031,0.0440165,0.9389313,0.0,0.8363273,0.0,0.00998,0.0529301,0.001996,0.9840319,0.168242,0.25,0.7142857,10.805699643800724
6687.0,0.473456,0.0164498,0.2021833,0.1539335,0.803948,0.039031,0.6514716,0.0014358,0.0247667,0.1318168,0.0157933,0.9888729,0.3406045,0.0600751,0.5849057,10.16203685698089
4128.0,0.4978198,0.0465116,0.1126453,0.0906898,0.8490795,0.0164729,0.720524,0.0087336,0.0829694,0.0398323,0.0436681,0.8770015,0.4074074,0.1590909,0.25,11.690242855114947
3430.0,0.4489796,0.0069971,0.2603499,0.1793651,0.7836735,0.0524781,0.6473868,0.0041812,0.0292683,0.0534301,0.0062718,0.9986063,0.2565963,0.039548,0.5,10.606609816118151
671.0,0.4709389,0.0,0.1147541,0.0816901,0.9150522,0.0,0.7848606,0.0039841,0.0079681,0.0839416,0.0,1.0,0.1532847,0.125,0.0,10.614007941153417
1843.0,0.4910472,0.002713,0.1725448,0.1108742,0.9034183,0.0,0.7812062,0.0056101,0.0252454,0.0493333,0.002805,0.9985975,0.2146667,0.0616438,0.75,10.799595985047786
3823.0,0.4590636,0.8278839,0.0933822,0.1039652,0.8977243,0.0,0.7333849,0.0046368,0.0270479,0.180494,0.7867079,0.9976816,0.4496517,0.1603448,0.5714286,9.923339198238729
6777.0,0.447248,0.0020658,0.1959569,0.1777896,0.7609562,0.0419064,0.5950355,0.0056738,0.0539007,0.0714521,0.0014184,0.9957447,0.3737241,0.0494978,0.5789474,10.425282789490705
725.0,0.4744828,0.2813793,0.1641379,0.1653543,0.9034483,0.0,0.7384615,0.0,0.0076923,0.0909091,0.2423077,1.0,0.2972028,0.1777778,1.0,9.975854724662028
566.0,0.4628975,0.0,0.2420495,0.1513158,0.9169611,0.0,0.7943925,0.0,0.0140187,0.0138249,0.0,0.9813084,0.0921659,0.1111111,0.0,11.237185138527495
1491.0,0.4426559,0.0013414,0.1837693,0.1805054,0.8001341,0.0503018,0.6737968,0.0071301,0.0552585,0.0426621,0.0017825,0.9964349,0.2406143,0.1135135,0.3333333,11.215879689565481
5162.0,0.4697792,0.0007749,0.2940721,0.1351845,0.8142193,0.0141418,0.6711614,0.0047847,0.0417573,0.161255,0.000435,0.984341,0.4979934,0.0647482,0.2291667,10.751520856703959
75.0,0.48,0.0,0.1466667,0.0769231,0.9333333,0.0,0.8275862,0.0,0.0,0.3555556,0.0,1.0,0.2,0.0,1.0,9.615805480084347
2092.0,0.4875717,0.0,0.1701721,0.1128731,0.9067878,0.0076482,0.7586207,0.0014368,0.0158046,0.1501832,0.0,0.9827586,0.2539683,0.1780822,0.7666667,10.379752786950895
574.0,0.5,0.0017422,0.1864111,0.1324042,0.7891986,0.0487805,0.6217391,0.0043478,0.0217391,0.3274854,0.0,0.9956522,0.4561404,0.0892857,0.85,10.030164255362632
118.0,0.5254237,0.0,0.1610169,0.0892857,0.8898305,0.0,0.8,0.05,0.05,0.0909091,0.0,0.975,0.1590909,0.4,0.0,9.65509029374725
2380.0,0.4890756,0.0058824,0.1315126,0.0830592,0.8945378,0.0012605,0.7596472,0.0044101,0.0264609,0.0856855,0.0110254,0.9536935,0.34375,0.1198347,0.5333333,10.448743588106625
547.0,0.4698355,0.0018282,0.3711152,0.2034483,0.7294333,0.1151737,0.647619,0.0095238,0.0333333,0.0540541,0.0,0.9952381,0.2837838,0.0217391,1.0,9.615805480084347
9058.0,0.4638993,0.0086112,0.195849,0.1567133,0.8136454,0.0133584,0.6430868,0.0066988,0.0503751,0.0601864,0.0077706,0.9954448,0.2364644,0.0623715,0.7916667,10.604131561522696
552.0,0.5253623,0.4981884,0.1177536,0.1221374,0.9148551,0.0163043,0.7977528,0.0,0.011236,0.152381,0.4157303,1.0,0.3047619,0.1052632,1.0,9.83097062169695
5123.0,0.4405622,0.2416553,0.1877806,0.1741103,0.829592,0.0357213,0.6874362,0.005618,0.0275792,0.0930987,0.1838611,0.994382,0.344604,0.1271989,0.5151515,9.615805480084347
37049.0,0.4932117,0.247672,0.1432697,0.1185556,0.7156468,0.0385705,0.533467,0.0026118,0.0694242,0.0700932,0.2120384,0.8974125,0.673821,0.054942,0.5418182,11.960817678718287
14745.0,0.4863344,0.0200746,0.116175,0.0970425,0.9056629,0.0158698,0.785625,0.0033333,0.0179167,0.1117691,0.0210417,0.595,0.3939674,0.2098462,0.4903846,10.275085591132715
4990.0,0.4577154,0.0002004,0.2569138,0.2113821,0.8172345,0.0450902,0.6749751,0.0014955,0.0149551,0.1785422,0.0004985,0.9890329,0.2919738,0.1033138,0.5737705,10.106469212026385
1334.0,0.4685157,0.0,0.2008996,0.1509168,0.8583208,0.0,0.6890909,0.0054545,0.02,0.0740741,0.0,0.9945455,0.2087542,0.0583942,0.6666667,10.165890277802454
314.0,0.4808917,0.0,0.1273885,0.1288344,0.8248408,0.0,0.6722689,0.0168067,0.092437,0.0916031,0.0,1.0,0.2442748,0.1052632,0.6666667,9.852246888342531
103.0,0.5436893,0.0,0.1650485,0.1702128,0.8737864,0.0,0.6666667,0.0,0.0,0.1875,0.0,1.0,0.25,0.1,1.0,9.615805480084347
10109.0,0.499357,0.0094965,0.0740924,0.0472239,0.9588486,0.0,0.8889917,0.0018501,0.0132593,0.0517544,0.0083256,0.9962997,0.0304094,0.075,0.2521739,11.532737896139919
2452.0,0.4673736,0.0012235,0.1941272,0.1462481,0.8278956,0.004894,0.6455567,0.0051073,0.0459653,0.0586538,0.0010215,0.9959142,0.2461538,0.0675325,0.0,10.328787967145063
1831.0,0.4642272,0.058438,0.1064992,0.1029562,0.8984162,0.014746,0.7886297,0.0,0.0145773,0.0324401,0.0641399,0.9941691,0.2693935,0.0505051,0.5555556,10.943781931879723
383.0,0.4699739,0.0,0.2349869,0.1625616,0.845953,0.0,0.6477987,0.0,0.0188679,0.1887755,0.0,0.9811321,0.2397959,0.0961538,0.0,10.181157167204903
1740.0,0.4793103,0.0005747,0.141954,0.1092715,0.8925287,0.0,0.7433904,0.007776,0.0248834,0.1369128,0.0,0.9797823,0.347651,0.1069519,0.6111111,10.599156550639583
828.0,0.5096618,0.0012077,0.0458937,0.0295567,0.955314,0.0,0.8983051,0.0042373,0.0466102,0.0327869,0.0,0.9110169,0.0942623,0.2826087,0.0,10.537441898283253
370.0,0.4972973,0.0,0.172973,0.1075269,0.9324324,0.0,0.8308824,0.0,0.0147059,0.0748299,0.0,0.9926471,0.1768707,0.1785714,0.0,10.566201298475118
9668.0,0.4680389,0.7622052,0.0841953,0.0740813,0.9166322,0.002379,0.7820021,0.0041856,0.041158,0.065515,0.7070108,0.7823509,0.511734,0.1622137,0.7752809,10.817796321618971
311.0,0.4598071,0.0,0.3118971,0.2261905,0.85209,0.0,0.6690647,0.0,0.0,0.1626506,0.0,1.0,0.2771084,0.0625,0.8,9.615805480084347
1434.0,0.4811715,0.013947,0.0334728,0.0376344,0.2782427,0.6694561,0.6759777,0.0,0.0502793,0.1635514,0.0,1.0,0.2242991,0.0888889,0.8,10.308985993422082
481.0,0.5051975,0.0,0.0540541,0.0546218,0.964657,0.0,0.8482143,0.0,0.0,0.1317829,0.0,0.9910714,0.8062016,0.325,0.0,9.615805480084347
11668.0,0.4821735,0.0399383,0.1452691,0.091857,0.793795,0.0111416,0.6197122,0.0069778,0.0918011,0.1652712,0.0327082,0.8615351,0.5644339,0.1233255,0.32,11.013715451376466
929.0,0.4660926,0.7427341,0.153929,0.141129,0.8869752,0.0,0.7096774,0.0029326,0.0146628,0.125641,0.6627566,0.9912023,0.3384615,0.1550388,0.7142857,9.615805480084347
512.0,0.4902344,0.0078125,0.1210938,0.1149425,0.9296875,0.0,0.8152174,0.0,0.0108696,0.0466321,0.0054348,1.0,0.134715,0.1764706,0.75,10.599156550639583
2623.0,0.467785,0.0011437,0.2005337,0.1511461,0.8124285,0.0346931,0.6545802,0.0057252,0.0276718,0.0934256,0.0,0.9885496,0.3096886,0.0477941,0.7368421,10.288783966353765
207.0,0.4879227,0.0,0.1111111,0.0566038,0.9178744,0.0,0.8026316,0.0,0.0263158,0.05,0.0,1.0,0.275,0.1111111,0.0,9.615805480084347
783.0,0.4610473,0.3039591,0.1494253,0.1682464,0.8876117,0.0,0.7104377,0.0,0.003367,0.175,0.2794613,0.989899,0.3361111,0.15,0.5333333,9.90353755128617
804.0,0.4664179,0.0012438,0.1343284,0.0909091,0.9067164,0.0,0.7868852,0.0,0.0327869,0.0378549,0.0,0.9934426,0.2176656,0.027027,0.5,10.77270764101727
5222.0,0.4578705,0.0021065,0.1968594,0.158248,0.8512064,0.0047874,0.6684011,0.0009461,0.0193945,0.0515926,0.0023652,0.9957427,0.2682817,0.0665796,0.7777778,10.687411927154141
36.0,0.5833333,0.0,0.2222222,0.0666667,0.8055556,0.0,0.5625,0.0,0.0,0.36,0.0,0.9375,0.24,0.0,1.0,9.615805480084347
5628.0,0.4557569,0.0003554,0.2592395,0.1811949,0.8159204,0.0392679,0.686217,0.0037704,0.0226225,0.1006029,0.0004189,0.9958106,0.3142427,0.0679191,0.6808511,10.491301994830229
2969.0,0.4786123,0.0010104,0.2105086,0.123385,0.8049848,0.0262715,0.65625,0.0048077,0.0448718,0.25,0.0008013,0.9655449,0.4447115,0.082218,0.0434783,10.909637269778615
1046.0,0.4340344,0.749522,0.1481836,0.1469595,0.8814532,0.0066922,0.6963351,0.0,0.0026178,0.1074766,0.6989529,0.9973822,0.4228972,0.1746032,0.875,9.803722464346553
89699.0,0.483807,0.0596997,0.1006366,0.0845536,0.8763531,0.0097103,0.7275331,0.0035642,0.0307988,0.1304601,0.0583988,0.7695729,0.4266377,0.1022853,0.6902655,10.275085591132715
806.0,0.4602978,0.0,0.1674938,0.137931,0.808933,0.0,0.6294118,0.0088235,0.0676471,0.1282051,0.0,0.9911765,0.2461538,0.0347222,0.0,10.694237736914808
1422.0,0.4901547,0.0,0.0991561,0.0689655,0.9233474,0.0,0.8003992,0.0,0.0179641,0.0824176,0.0,0.994012,0.3351648,0.1710526,0.1428571,10.056251557087757
364.0,0.5027473,0.0,0.1291209,0.0773481,0.8543956,0.0,0.6756757,0.0,0.0337838,0.1731844,0.0,0.8851351,0.3575419,0.0652174,1.0,10.199918739620157
154.0,0.4025974,0.0779221,0.3636364,0.3478261,0.7077922,0.0,0.5061728,0.0,0.0493827,0.25,0.0740741,1.0,0.2407407,0.0666667,0.0,10.454523783963511
6504.0,0.454797,0.022909,0.024139,0.0093063,0.1857319,0.772909,0.6808511,0.001773,0.0992908,0.0738916,0.0124113,0.9911348,0.3087028,0.0536585,0.0,11.832113471896832
391.0,0.4808184,0.0,0.1381074,0.1133005,0.9002558,0.0,0.737931,0.0,0.0068966,0.0705128,0.0,1.0,0.3461538,0.1515152,0.3333333,9.942756341456828
414.0,0.4516908,0.0,0.2415459,0.2114537,0.7971014,0.0,0.6030928,0.0,0.0360825,0.1300448,0.0,0.9896907,0.3542601,0.0789474,0.6,9.615805480084347
32308.0,0.4866597,0.0021047,0.1462486,0.0880314,0.9113842,0.0193141,0.8244228,0.0007023,0.0172066,0.0241583,0.0013168,0.9887631,0.098775,0.0560224,0.2357724,12.149507585033072
731327.0,0.4750515,0.2263967,0.114351,0.0918655,0.8072463,0.0184705,0.6426428,0.0051688,0.0637207,0.0876117,0.2049557,0.991543,0.3411276,0.0727434,0.4076624,10.568775236216993
421.0,0.4394299,0.9548694,0.1353919,0.1144068,0.9073634,0.0,0.7323944,0.0,0.0070423,0.1445783,0.9647887,1.0,0.3072289,0.2063492,1.0,10.012386799492118
231.0,0.5324675,0.0,0.1601732,0.0925926,0.9090909,0.0,0.7752809,0.0,0.011236,0.021978,0.0,1.0,0.2857143,0.15625,1.0,10.188704088048116
642.0,0.4719626,0.0,0.1962617,0.1297935,0.8551402,0.0,0.6872587,0.0,0.042471,0.0477941,0.0,0.996139,0.2573529,0.0684932,1.0,10.742918838113225
3537.0,0.4786542,0.0022618,0.1258128,0.1073753,0.870229,0.0016964,0.7063253,0.0052711,0.0338855,0.1008802,0.001506,0.997741,0.2972241,0.1051661,0.5263158,10.184937747111391
2310.0,0.4606061,0.0004329,0.2679654,0.1990369,0.8047619,0.0393939,0.6571136,0.0010235,0.0225179,0.0686368,0.0,0.9979529,0.2469018,0.0472727,0.6428571,10.211009016314167
22018.0,0.4893269,0.0019984,0.123399,0.0938278,0.9445,0.0004542,0.86594,0.0012741,0.0266138,0.0222837,0.0011325,0.9844281,0.0549481,0.1073559,0.3529412,12.066241450757124
2391.0,0.3810121,0.0020912,0.7227102,0.4344595,0.6532831,0.0033459,0.4690207,0.0,0.0159893,0.0768758,0.0013324,0.9913391,0.3075031,0.0107527,0.5192308,11.05881093278828
2552.0,0.4847179,0.0027429,0.1590909,0.1307985,0.8119122,0.0340909,0.6590198,0.008342,0.0469239,0.0643902,0.0020855,0.9968717,0.3190244,0.0541237,0.4,10.643064971973882
378.0,0.462963,0.0,0.1058201,0.1133005,0.8783069,0.0,0.7202797,0.006993,0.027972,0.0529801,0.0,1.0,0.1324503,0.0384615,1.0,10.138599199626192
3702.0,0.5748244,0.0656402,0.002161,0.0031766,0.8273906,0.1709887,0.9949749,0.0012563,0.0012563,0.005,0.0590452,0.9522613,0.18125,0.2768647,0.0,11.119897691565697
918.0,0.4771242,0.0,0.1154684,0.1,0.9074074,0.0,0.7641791,0.0,0.0149254,0.0846995,0.0,0.9910448,0.352459,0.1195652,0.5,10.165890277802454
3069.0,0.4887586,0.0329097,0.1616162,0.1153601,0.7015314,0.010101,0.5304223,0.0050107,0.1281317,0.5623434,0.0307802,0.9942734,0.3004386,0.0335008,0.75,12.289958727201455
565.0,0.479646,0.099115,0.240708,0.1802721,0.8707965,0.0,0.6982759,0.0,0.012931,0.1178707,0.0818966,0.9956897,0.2205323,0.0882353,1.0,9.615805480084347
667.0,0.4707646,0.0,0.113943,0.1161473,0.868066,0.0,0.7056452,0.0080645,0.0483871,0.0387597,0.0,0.9919355,0.2713178,0.1147541,0.0,10.090008612393838
2307.0,0.4781101,0.0004335,0.1647161,0.1461794,0.8734287,0.0277417,0.7611765,0.0035294,0.0247059,0.0373726,0.0,0.9941176,0.2616082,0.0663265,0.375,10.488520429241627
1971.0,0.4485033,0.1801116,0.2257737,0.1922723,0.8214105,0.0598681,0.7043011,0.0013441,0.016129,0.0826141,0.141129,1.0,0.3403206,0.0830189,0.625,10.199918739620157
157.0,0.5477707,0.0,0.044586,0.056338,0.9235669,0.0,0.7272727,0.0,0.0,0.1851852,0.0,1.0,0.9444444,0.1764706,0.0,10.53212287826962
8361.0,0.499103,0.0066978,0.090659,0.07617,0.9223777,0.0047841,0.7949827,0.0038927,0.0371972,0.0261163,0.0069204,0.5367647,0.4978939,0.2804391,0.2727273,11.942113610091182
2276.0,0.4661687,0.0004394,0.1278559,0.1037037,0.8712654,0.0052724,0.7183258,0.0033937,0.030543,0.0886598,0.0011312,0.9875566,0.2515464,0.0550459,0.4615385,10.515993929932415
7637.0,0.4643184,0.0087731,0.1717952,0.1319971,0.843394,0.0295928,0.6967809,0.0031153,0.0263067,0.1124424,0.0065767,0.674974,0.3628264,0.1075772,0.7333333,10.27163147557801
50961.0,0.4704382,0.1622025,0.2523695,0.1664135,0.7118188,0.0403838,0.5651564,0.0054334,0.0924985,0.153926,0.1225572,0.9678381,0.4980351,0.0661518,0.3175355,10.92775337907558
1152.0,0.4401042,0.0034722,0.3489583,0.2248062,0.703125,0.0416667,0.5180103,0.0034305,0.0205832,0.1388479,0.0051458,0.9656947,0.5672083,0.0471014,0.7142857,11.260623406285792
239.0,0.4560669,0.0,0.2050209,0.1615385,0.8786611,0.0,0.7010309,0.0,0.0,0.1100917,0.0,1.0,0.1926606,0.0,0.5,10.203629181337648
614.0,0.470684,0.0032573,0.2605863,0.2307692,0.7980456,0.0798046,0.6893617,0.0,0.0085106,0.048583,0.0042553,1.0,0.2186235,0.0847458,1.0,9.913487387114461
754.0,0.7824934,0.4018568,0.0251989,0.0853659,0.229443,0.7519894,0.8142857,0.0,0.0142857,0.1954023,0.0142857,1.0,0.2068966,0.1875,0.0,10.666650414667744
1873.0,0.4634277,0.0,0.1884677,0.1661692,0.8195408,0.0229578,0.6571038,0.0040984,0.0423497,0.0906832,0.0,0.9959016,0.2944099,0.0892857,0.75,9.893487720457795
1158.0,0.4620035,0.0,0.2936097,0.2279294,0.8031088,0.0535406,0.6596639,0.0021008,0.0063025,0.1018868,0.0,1.0,0.2169811,0.0595238,0.7,9.615805480084347
4710.0,0.470913,0.0934183,0.0675159,0.0545746,0.673673,0.0369427,0.5328978,0.0027998,0.1437238,0.0381508,0.0746617,0.9874008,0.491921,0.0253239,0.0,11.541522639947903
992.0,0.4879032,0.0070565,0.1169355,0.0807087,0.9143145,0.0,0.8104956,0.0,0.0466472,0.077957,0.0087464,0.9970845,0.1236559,0.1555556,0.4444444,11.539577132967588
3885.0,0.4617761,0.0172458,0.2429858,0.1640363,0.8265122,0.0164736,0.6652868,0.0029568,0.0224719,0.0799782,0.017741,0.9929036,0.2725789,0.0203046,0.3,10.835671318412196
164164.0,0.4949441,0.1600899,0.0998757,0.0813151,0.8346166,0.0369082,0.7042326,0.0078558,0.0622591,0.0734984,0.1520686,0.7410337,0.4835555,0.1849389,0.3433333,11.231901180182515
2309.0,0.5032482,0.0030316,0.0783889,0.0671316,0.9138155,0.0,0.7777778,0.001292,0.0335917,0.0420792,0.0,0.9883721,0.2017327,0.1744966,0.6666667,10.488520429241627
278.0,0.5215827,0.0,0.2625899,0.1203008,0.8201439,0.0,0.728972,0.0093458,0.046729,0.0530973,0.0,1.0,0.1858407,0.1428571,1.0,9.893487720457795
9502.0,0.5048411,0.03494,0.0272574,0.0229543,0.9366449,0.0,0.8364544,0.0006242,0.022784,0.0755915,0.031211,0.9325843,0.1771495,0.0700549,0.2844828,11.277215789596893
7855.0,0.5171229,0.01655,0.1042648,0.06512,0.8048377,0.0381922,0.691727,0.0059767,0.0663731,0.2659894,0.0084932,0.9811261,0.4622489,0.0619308,0.3466667,11.147656555612986
3977.0,0.5054061,0.1224541,0.0917777,0.0721912,0.879306,0.0100578,0.7621993,0.0082474,0.0515464,0.1001855,0.1044674,0.9835052,0.3617811,0.0718954,0.25,10.84546552414626
9037.0,0.4510346,0.4702888,0.1807016,0.1638783,0.841651,0.0304305,0.6841492,0.0026224,0.0145688,0.0776673,0.3860723,0.9935897,0.4780973,0.165328,0.6923077,9.65509029374725
3681.0,0.4539527,0.0029883,0.2483021,0.1935323,0.7965227,0.0619397,0.6738227,0.0048476,0.0256233,0.0611183,0.0,0.998615,0.2639792,0.0377358,1.0,10.12667110305036
1890.0,0.5005291,0.0190476,0.1079365,0.0529661,0.8814815,0.0,0.7471429,0.0042857,0.0571429,0.0450205,0.0128571,0.9985714,0.2878581,0.0547945,0.25,11.52683823202353
43929.0,0.4995106,0.0058276,0.1026429,0.0752297,0.8599103,0.0112454,0.7081226,0.0039958,0.0454517,0.0491541,0.005619,0.9677218,0.3412882,0.0892477,0.3834951,10.7706090484022
132.0,0.5378788,0.0,0.0984848,0.0655738,0.8939394,0.0,0.7234043,0.0,0.0212766,0.0408163,0.0,1.0,0.1020408,0.1428571,1.0,10.445840912706414
208.0,0.4951923,0.0,0.1346154,0.152381,0.8605769,0.0,0.7083333,0.0,0.0104167,0.1028037,0.0,1.0,0.4579439,0.0,1.0,9.615805480084347
9345.0,0.4480471,0.5731407,0.1446763,0.1448236,0.8830391,0.0017121,0.7102289,0.0023182,0.0185453,0.0787507,0.5079687,0.9971023,0.3310198,0.1361257,0.5,10.221977646629885
4440.0,0.4887387,0.0009009,0.1484234,0.123348,0.85,0.0042793,0.6906682,0.0046083,0.0501152,0.0334076,0.000576,0.9959677,0.2188196,0.0566038,0.7142857,11.119897691565697
32520.0,0.4730627,0.0021833,0.1983702,0.1404645,0.8019065,0.0344711,0.6472155,0.0033475,0.0416159,0.0425408,0.0015216,0.9917833,0.3138112,0.0645954,0.5212766,10.547995807489514
2828.0,0.4699434,0.001768,0.1951909,0.2128085,0.7754597,0.0975955,0.705036,0.004111,0.0462487,0.0562561,0.0,0.9743063,0.3404462,0.1479915,0.3636364,11.050905878263567
66.0,0.530303,0.7878788,0.1969697,0.1612903,0.8030303,0.0,0.625,0.0,0.03125,0.255814,0.90625,1.0,0.4418605,0.0,0.0,9.615805480084347
875.0,0.5188571,0.0,0.08,0.0546318,0.8971429,0.0,0.7852349,0.0067114,0.0671141,0.013245,0.0,0.9932886,0.2384106,0.0517241,0.0,10.97679912709094
15810.0,0.483112,0.0207464,0.0993675,0.0790504,0.9228969,0.000759,0.8290207,0.0041799,0.0493631,0.0349597,0.0199045,0.4402866,0.3359585,0.1665214,0.2391304,11.38054769238444
1144.0,0.5087413,0.0236014,0.0725524,0.0569395,0.9344406,0.0,0.8357843,0.0,0.0171569,0.0377358,0.0171569,0.9926471,0.1179245,0.1186441,0.0,11.031674824544641
5416.0,0.4573486,0.0670236,0.1573117,0.1623001,0.8329025,0.0389586,0.6988473,0.0043228,0.0192123,0.085639,0.0600384,0.9980788,0.3715415,0.0848168,0.5652174,10.471666571132038
247.0,0.5222672,0.0,0.0769231,0.0932203,0.9230769,0.0,0.8045977,0.0,0.0229885,0.0113636,0.0,0.9885057,0.0568182,0.0,0.0,11.758229645621093
316.0,0.471519,0.4873418,0.1424051,0.1377246,0.8797468,0.0,0.7068966,0.0,0.0344828,0.1343284,0.4482759,0.9913793,0.2462687,0.1304348,0.6666667,10.268165387743457
679.0,0.4815906,0.0029455,0.2135493,0.1022727,0.8527246,0.0073638,0.7043796,0.0,0.0510949,0.2259887,0.0,0.9890511,0.4350282,0.1261261,0.0,10.687411927154141
2629.0,0.5055154,0.0022822,0.1380753,0.1030769,0.7801445,0.0072271,0.5956332,0.0061135,0.0646288,0.2462146,0.0017467,0.8087336,0.3383805,0.088993,0.4642857,10.328787967145063
27485.0,0.4564672,0.0148081,0.362052,0.1670795,0.7817355,0.0,0.6324862,0.0029466,0.065046,0.1393521,0.0111234,0.9713444,0.5443479,0.0264977,0.3513514,11.345701365855424
1751.0,0.4825814,0.2004569,0.1113649,0.107064,0.8697887,0.0,0.7084592,0.0045317,0.0407855,0.0894085,0.1722054,0.9833837,0.3768913,0.1403509,1.0,10.513280297700861
560.0,0.5,0.0,0.1428571,0.0821429,0.9107143,0.0,0.771028,0.0,0.0046729,0.0815451,0.0,1.0,0.3733906,0.0689655,0.8571429,9.792611856190192
7541.0,0.4868055,0.0013261,0.0539716,0.0348837,0.8669938,0.0,0.7260372,0.0060801,0.0726037,0.0254444,0.0021459,0.9971388,0.3569188,0.0251397,0.3181818,11.106474871430772
1269.0,0.4751773,0.001576,0.2710796,0.2027027,0.8092987,0.0401891,0.6566604,0.0018762,0.0131332,0.2297688,0.0018762,0.5891182,0.4407514,0.096,0.75,9.729193687429403
5117.0,0.4629666,0.0003909,0.145984,0.1273654,0.8600743,0.0216924,0.7127883,0.0041929,0.0220126,0.0679043,0.0,0.9989518,0.3273083,0.1109531,0.4,10.207325906555994
176664.0,0.4835847,0.1138319,0.1373115,0.1085584,0.7768136,0.0327458,0.6154935,0.0065629,0.071977,0.0693042,0.0993008,0.972333,0.4258853,0.0918765,0.370258,10.849356503939038
1909.0,0.458879,0.0,0.2519644,0.1558567,0.8328968,0.0288109,0.6941323,0.0,0.0212235,0.045292,0.0,0.9975031,0.2252682,0.0523256,0.5,10.25769445336048
3872.0,0.5018079,0.1084711,0.0852273,0.0637636,0.9178719,0.0,0.8048091,0.0035361,0.0226308,0.0380952,0.0912306,0.9915134,0.2380952,0.0956175,0.4666667,10.807725945886109
1635.0,0.4917431,0.0012232,0.1730887,0.1022864,0.8788991,0.0,0.7361963,0.0,0.0306748,0.6718671,0.0015337,0.9907975,0.2033216,0.1171171,0.8695652,11.233224789593368
135.0,0.5037037,0.0,0.2592593,0.1492537,0.8296296,0.0,0.65,0.0,0.0333333,0.1780822,0.0,1.0,0.2876712,0.0,0.5,9.615805480084347
150.0,0.52,0.0,0.1,0.0277778,0.9066667,0.0,0.7931034,0.0172414,0.0172414,0.6898396,0.0,0.9827586,0.5187166,0.1875,0.5,11.533717798424087
3950.0,0.4513924,0.0005063,0.255443,0.2113521,0.8037975,0.0407595,0.6509492,0.0030618,0.0226577,0.0836139,0.0012247,0.9957134,0.3580247,0.085595,0.5714286,10.056251557087757
3842.0,0.4828214,0.0005206,0.2196773,0.1665828,0.8917231,0.0036439,0.7524752,0.0019802,0.0125413,0.0750916,0.0013201,0.9986799,0.3003663,0.1094527,0.8214286,9.94755228369823
1370.0,0.479562,0.0072993,0.1766423,0.1234222,0.8649635,0.0,0.704461,0.0055762,0.035316,0.155416,0.0074349,0.9962825,0.1821036,0.1179775,0.625,10.094149233605084
4704.0,0.4494048,0.0078656,0.1751701,0.134749,0.5325255,0.0274235,0.490878,0.0039909,0.2360319,0.0282548,0.0062714,0.9948689,0.3246537,0.1697674,0.3529412,11.101960259016467
2916.0,0.4612483,0.0,0.1920439,0.1419478,0.8477366,0.0222908,0.6908297,0.0026201,0.0183406,0.047421,0.0,0.9930131,0.2603993,0.0520833,0.5384615,10.463131911491967
1018.0,0.478389,0.1178782,0.1355599,0.1186441,0.9115914,0.0,0.7809278,0.0,0.0128866,0.1201814,0.1185567,1.0,0.260771,0.0526316,0.4285714,10.488520429241627
1068.0,0.4719101,0.002809,0.1526217,0.1152482,0.8726592,0.0224719,0.7430025,0.0025445,0.0229008,0.0552885,0.0025445,0.9974555,0.1850962,0.0884956,0.25,11.034905792929415
257.0,0.4747082,0.2023346,0.1011673,0.0962963,0.8949416,0.0,0.7222222,0.0,0.0222222,0.1818182,0.2111111,0.9555556,0.2454545,0.25,0.0,9.615805480084347
2814.0,0.4701493,0.0003554,0.2405828,0.1804158,0.8216063,0.0408671,0.6821015,0.0035619,0.0204809,0.0869919,0.0,0.9973286,0.3121951,0.0944625,0.862069,9.77571099759397
722.0,0.4529086,0.0,0.2077562,0.1873418,0.8559557,0.0,0.6850649,0.0032468,0.0194805,0.1098266,0.0,1.0,0.3554913,0.0714286,0.4,9.642187721358466
1139.0,0.4899034,0.0395083,0.2028095,0.1325301,0.904302,0.0,0.7281796,0.0,0.0,0.139485,0.0374065,0.3815461,0.4270386,0.2596154,0.7142857,9.615805480084347
96.0,0.4895833,0.0104167,0.2604167,0.1632653,0.8541667,0.0,0.6585366,0.0,0.0,0.1960784,0.0243902,1.0,0.3333333,0.0,0.0,9.615805480084347
7393.0,0.5114297,0.013391,0.0791289,0.055371,0.9199243,0.0078453,0.8347898,0.0037453,0.0461923,0.0279126,0.0153974,0.8988764,0.2313916,0.1509847,0.0526316,12.117246896289503
199.0,0.4522613,0.0,0.1658291,0.146789,0.8743719,0.0,0.7407407,0.0,0.0493827,0.1195652,0.0,1.0,0.423913,0.0588235,0.0,9.615805480084347
478.0,0.5251046,0.0,0.083682,0.0440529,0.9560669,0.0,0.8742138,0.0,0.0062893,0.1358696,0.0,0.9874214,0.25,0.0833333,0.3333333,10.138599199626192
301.0,0.4950166,0.0166113,0.1063123,0.0592105,0.9468439,0.0,0.8785047,0.0,0.0186916,0.0932203,0.0186916,0.9626168,0.2118644,0.2,1.0,10.499600568082863
3446.0,0.4872316,0.0002902,0.1781776,0.0673458,0.9376088,0.0,0.8507347,0.0,0.0162413,0.0300075,0.0,0.9907193,0.0045011,0.0,0.1071429,12.486356166069786
383.0,0.5274151,0.0,0.1409922,0.0828729,0.9503916,0.0,0.859375,0.0,0.0078125,0.0724638,0.0,0.9921875,0.2898551,0.1363636,0.75,10.39516093745751
623.0,0.4991974,0.0048154,0.0738363,0.0352564,0.975923,0.0,0.9348837,0.0,0.0046512,0.0271493,0.0046512,0.9906977,0.0045249,0.3636364,0.0,11.906324739459684
252.0,0.4801587,0.0,0.1666667,0.1145038,0.8730159,0.0,0.6804124,0.0,0.0103093,0.204918,0.0,1.0,0.4836066,0.1428571,0.5,9.615805480084347
1040.0,0.4403846,0.0009615,0.2682692,0.257732,0.6855769,0.0807692,0.5252101,0.0,0.0357143,0.3131313,0.0,0.9831933,0.4011544,0.0368098,0.4545455,10.902297921958713
1157.0,0.4840104,0.0017286,0.1806396,0.1155779,0.8643042,0.0233362,0.724537,0.0046296,0.0208333,0.0526316,0.0,0.9953704,0.2258772,0.0900901,0.2222222,10.379752786950895
6378.0,0.4832236,0.0004704,0.1144559,0.1016383,0.8267482,0.0136406,0.6671968,0.0031809,0.0604374,0.0451784,0.0003976,0.9992048,0.3470008,0.0289855,0.25,11.082157933374816
2482.0,0.4576954,0.0064464,0.22361,0.1255572,0.8593876,0.0,0.7162409,0.0009124,0.0301095,0.3200993,0.004562,0.9972628,0.2959057,0.047619,0.3636364,10.971657815702502
256.0,0.4765625,0.0,0.1132812,0.0820896,0.890625,0.0,0.75,0.0,0.0192308,0.2463768,0.0,1.0,0.3550725,0.0625,0.1428571,10.31231367277647
2567.0,0.4698091,0.0,0.1721854,0.1249082,0.8546942,0.0190884,0.6992032,0.002988,0.0179283,0.040153,0.0,0.9760956,0.2820268,0.0656716,0.6,10.471666571132038
6938.0,0.4822715,0.0187374,0.1092534,0.0812918,0.8186797,0.0159988,0.6769912,0.005531,0.0778024,0.0563674,0.0173304,0.9811947,0.3402923,0.0803506,0.2222222,10.96302978336854
1165.0,0.4944206,0.0060086,0.1175966,0.0882852,0.8463519,0.0,0.6839729,0.0022573,0.0722348,0.0751566,0.0045147,1.0,0.3402923,0.1015228,0.4444444,11.359785940419789
162.0,0.4444444,0.0061728,0.1790123,0.1,0.8518519,0.0123457,0.7101449,0.0,0.0289855,0.1375,0.0,1.0,0.3,0.0,0.0,10.596659732783579
19386.0,0.4801919,0.0022697,0.1366966,0.1009229,0.8359641,0.0321882,0.7015714,0.0031157,0.0380656,0.0258643,0.0016256,0.988621,0.2661652,0.0426587,0.3043478,10.831726617926124
201.0,0.4378109,0.0,0.199005,0.1238938,0.8855721,0.0,0.7349398,0.0,0.0120482,0.1170213,0.0,1.0,0.1276596,0.25,0.0,10.188704088048116
4555.0,0.4322722,0.3407245,0.2329308,0.2273782,0.8109769,0.0544457,0.67176,0.0016978,0.0158461,0.0787278,0.2671194,0.9977363,0.3086548,0.1145299,0.6923077,10.32551474894327
7400.0,0.4856757,0.0062162,0.2156757,0.1284813,0.8660811,0.0160811,0.7491301,0.0027836,0.0427975,0.3857662,0.006263,0.9798191,0.2049583,0.1790744,0.3957055,11.390769130367211
3557.0,0.4829913,0.0028114,0.1186393,0.0929853,0.8838909,0.0286759,0.7780549,0.0074813,0.0282627,0.026699,0.0,0.9950125,0.1885113,0.1078431,0.625,10.797553125151618
409.0,0.4669927,0.0,0.2127139,0.2018349,0.8141809,0.0,0.6067416,0.0,0.0337079,0.1010101,0.0,1.0,0.3232323,0.0277778,0.5,9.615805480084347
436.0,0.4678899,0.0,0.1490826,0.1206897,0.8256881,0.0,0.6549708,0.0292398,0.0701754,0.0855615,0.0,1.0,0.3262032,0.0746269,1.0,10.460270761075149
1492.0,0.483244,0.0020107,0.233244,0.1893645,0.6809651,0.0516086,0.5101744,0.002907,0.0726744,0.1599512,0.002907,0.9956395,0.5665446,0.0359281,0.3333333,11.40646434386837
5611.0,0.4680093,0.1450722,0.2097665,0.1644891,0.8447692,0.0188915,0.6787517,0.0022946,0.0211106,0.1304868,0.1385957,0.801285,0.3451716,0.1567164,0.8356164,10.007892611890918
1216.0,0.4893092,0.0024671,0.2664474,0.1127214,0.9128289,0.0,0.8031809,0.0,0.0119284,0.1206294,0.0019881,0.9343936,0.1433566,0.1111111,0.7058824,11.159117834926688
308.0,0.5097403,0.0,0.1168831,0.0927152,0.8863636,0.0,0.7363636,0.0,0.0545455,0.0434783,0.0,1.0,0.3217391,0.04,0.0,9.966509298952284
1922.0,0.458897,0.1279917,0.1467222,0.1240385,0.8563996,0.0,0.6901218,0.0067659,0.0446549,0.1009732,0.1312585,0.962111,0.3467153,0.1262458,0.8333333,9.961803629358965
254.0,0.5393701,0.0,0.0866142,0.0598291,0.9015748,0.0,0.7222222,0.0138889,0.0416667,0.1,0.0,0.9861111,0.8375,0.3125,0.0,9.615805480084347
339.0,0.4985251,0.0,0.079646,0.0529412,0.8967552,0.0,0.7777778,0.0,0.0555556,0.0666667,0.0,0.9920635,0.1925926,0.0,1.0,11.180259973491848
184.0,0.4673913,0.0,0.201087,0.1428571,0.8804348,0.0,0.7123288,0.0,0.0136986,0.0641026,0.0,1.0,0.2948718,0.0526316,1.0,9.873079890114703
289.0,0.4152249,0.0934256,0.2249135,0.1775148,0.8131488,0.0,0.6062992,0.0,0.0314961,0.2012579,0.0787402,0.984252,0.2578616,0.0625,0.3333333,9.615805480084347
4201.0,0.4641752,0.0226137,0.1621043,0.1341626,0.8019519,0.0,0.6265651,0.0021775,0.0647795,0.0801202,0.0179641,0.9951007,0.3465198,0.0390516,0.8709677,10.664316745782925
1784.0,0.4960762,0.0033632,0.0857623,0.0756396,0.9204036,0.0,0.7896552,0.0051724,0.0241379,0.0734824,0.0034483,0.9896552,0.3626198,0.2666667,0.875,10.298935994257638
2111.0,0.4822359,0.0236855,0.1425865,0.0814273,0.8223591,0.0587399,0.7516255,0.0013004,0.0676203,0.071256,0.006502,0.9908973,0.1654589,0.039823,0.7272727,12.37581963951765
3008.0,0.4694149,0.0016622,0.1156915,0.1002506,0.8946144,0.0,0.759447,0.0101382,0.035023,0.0303843,0.0009217,0.9806452,0.4155496,0.1416431,0.5,10.740756721857226
180.0,0.4944444,0.1722222,0.1277778,0.0989011,0.9277778,0.0,0.7936508,0.0,0.0,0.1486486,0.1269841,1.0,0.2027027,0.3636364,0.5,10.747229096720554
501.0,0.4690619,0.0918164,0.2315369,0.1992481,0.8642715,0.0,0.6842105,0.0,0.0095694,0.1673307,0.0669856,0.9856459,0.3306773,0.1590909,0.5,10.034559673629849
11712.0,0.4596141,0.051571,0.1734119,0.1155001,0.8125,0.0006831,0.6182632,0.0018304,0.0543014,0.0387097,0.0486069,0.9922717,0.3212121,0.0188141,0.3103448,11.352768449837729
1116.0,0.4820789,0.0,0.1863799,0.1211073,0.8826165,0.0,0.7594655,0.0089087,0.0378619,0.0217865,0.0,0.9955457,0.2091503,0.0576923,0.0,10.736418414365376
11751.0,0.4913624,0.0671432,0.1067143,0.0816463,0.9213684,0.0,0.8091354,0.0023305,0.0186437,0.0451713,0.0617572,0.9958052,0.2087227,0.086999,0.5238095,10.675931008412125
2751.0,0.4681934,0.0003635,0.1057797,0.1066302,0.8964013,0.0163577,0.7706612,0.0030992,0.0144628,0.194005,0.0010331,0.6270661,0.3980017,0.1469534,0.6190476,10.122663242288953
228.0,0.4736842,0.0,0.1140351,0.075,0.877193,0.0,0.7065217,0.0,0.0108696,0.1858407,0.0,0.9565217,0.3716814,0.1463415,1.0,9.615805480084347
24825.0,0.4739577,0.0043907,0.155569,0.1114174,0.8624773,0.0109164,0.7193417,0.0011833,0.047117,0.0235294,0.0031196,0.9932229,0.2570378,0.0370093,0.1818182,12.012493964400264
3783.0,0.5107058,0.1060005,0.0359503,0.0356564,0.9243986,0.0,0.8230294,0.0069552,0.0324575,0.0629978,0.1020093,0.9853168,0.4265025,0.083958,0.3,10.555838779903407
221.0,0.4751131,0.0723982,0.1764706,0.1465517,0.9049774,0.0,0.7701149,0.0,0.0114943,0.1386139,0.0574713,0.9770115,0.1584158,0.1875,0.0,9.957075711706057
12200.0,0.4408197,0.7501639,0.1764754,0.1671064,0.8527869,0.0298361,0.7110333,0.0013135,0.0172942,0.0842021,0.6992119,0.9982487,0.2794707,0.0997639,0.3692308,10.460270761075149
4228.0,0.4957427,0.0011826,0.1109272,0.0787992,0.9179281,0.0,0.8154362,0.0067114,0.0355705,0.0454837,0.0013423,0.9932886,0.0922486,0.1234568,0.3181818,11.773757787382696
992.0,0.5060484,0.0010081,0.2137097,0.1326531,0.8195565,0.0,0.6144578,0.0,0.0289157,0.1132479,0.0,0.9831325,0.4358974,0.1428571,0.5,10.328787967145063
291.0,0.443299,0.0,0.3780069,0.2037037,0.7972509,0.0,0.6164384,0.0,0.0205479,0.3452915,0.0,1.0,0.2286996,0.1111111,1.0,10.645448706505872
1438.0,0.4826147,0.0006954,0.2614743,0.1787634,0.8129346,0.0083449,0.6366412,0.0030534,0.0259542,0.0735502,0.0015267,0.9923664,0.3479491,0.0361991,0.6153846,9.989711119284745
1162.0,0.475043,0.1462995,0.1798623,0.1836066,0.8881239,0.0,0.7325843,0.0044944,0.0179775,0.0572034,0.1168539,0.9977528,0.4110169,0.1707317,0.5,9.957075711706057
38.0,0.5789474,0.0,0.1052632,0.0625,0.9473684,0.0,0.8333333,0.0,0.0,0.3333333,0.0,1.0,0.2777778,1.0,0.0,10.077482875583607
8703.0,0.4585775,0.0210272,0.2254395,0.1769949,0.8044353,0.0301046,0.6432877,0.0035616,0.030411,0.0700637,0.0194521,0.9956164,0.3503185,0.0558615,0.4782609,10.250652418696085
11744.0,0.4751362,0.0107289,0.0739101,0.0648929,0.8749149,0.0011921,0.7346845,0.0062183,0.0568862,0.0214109,0.0108245,0.9815753,0.3337841,0.0519856,0.4,10.859018228147887
27033.0,0.5368624,0.1740835,0.0709503,0.0658147,0.3930381,0.2454408,0.3813242,0.0022902,0.238705,0.077765,0.1822819,0.9790756,0.5729647,0.0360863,0.5737705,10.601647149919609
155.0,0.4580645,0.0064516,0.116129,0.0714286,0.9225806,0.0,0.8135593,0.0,0.0169492,0.119403,0.0,1.0,0.2686567,0.0,1.0,10.389026137075234
1497.0,0.492318,0.000668,0.1442886,0.1039474,0.8209753,0.0,0.6461295,0.0015798,0.0552923,0.0636095,0.0015798,0.9952607,0.3284024,0.0625,0.3333333,11.089820688682373
1693.0,0.5126994,0.021264,0.1417602,0.1054545,0.6485529,0.0,0.4683685,0.0022198,0.1154273,0.2516611,0.0244173,0.982242,0.4385382,0.0180879,0.7205882,11.941462360646149
1688.0,0.492891,0.0,0.1451422,0.0841121,0.8483412,0.0,0.6982507,0.0029155,0.0641399,0.0432357,0.0,0.9970845,0.3082287,0.0648855,0.75,10.968215530759236
70207.0,0.4777729,0.0640392,0.1260273,0.096907,0.8537753,0.0216503,0.6960857,0.0036259,0.0416564,0.0982723,0.049485,0.6769262,0.4409066,0.1681824,0.4444444,11.574029971623514
859.0,0.4388824,0.0,0.3969732,0.2946058,0.7357392,0.0616997,0.5801527,0.0050891,0.0152672,0.2528517,0.0,0.9872774,0.4163498,0.0740741,0.7692308,9.615805480084347
17451.0,0.4703455,0.0080798,0.1888717,0.1420534,0.8260845,0.0240674,0.6699776,0.0036374,0.0281198,0.0483291,0.006995,0.9686626,0.3196645,0.0470685,0.5660377,10.61890979160975
327.0,0.4954128,0.0,0.0856269,0.0606061,0.9510703,0.0,0.8623853,0.0,0.0091743,0.0916667,0.0,0.9908257,0.3416667,0.1142857,0.0,9.615805480084347
19661.0,0.4781039,0.0054422,0.1039622,0.0919014,0.8772189,0.0150043,0.7534543,0.0029802,0.0331888,0.0381759,0.0041994,0.9943105,0.237785,0.0542636,0.35,11.05407540279458
5877.0,0.4794963,0.004424,0.0784414,0.0565544,0.8517951,0.0049345,0.7061567,0.0060634,0.0811567,0.0608848,0.0046642,0.8064366,0.4314498,0.112529,0.5,10.7706090484022
484.0,0.4566116,0.0020661,0.2747934,0.1825095,0.7623967,0.0454545,0.600939,0.0046948,0.0328638,0.1581028,0.0,0.9624413,0.4624506,0.0,0.2,11.050905878263567
140.0,0.45,0.0,0.0642857,0.0779221,0.9571429,0.0,0.8863636,0.0,0.0227273,0.1851852,0.0,1.0,0.2407407,0.3333333,0.0,9.966509298952284
1064.0,0.4671053,0.0037594,0.2095865,0.1375661,0.7509398,0.0432331,0.5924276,0.0022272,0.0734967,0.2039007,0.0044543,0.986637,0.3634752,0.0418848,0.1612903,11.568369632551514
1718.0,0.4871944,0.0122235,0.0343423,0.0351873,0.8923166,0.0779977,0.9278557,0.002004,0.0140281,0.0253906,0.008016,0.9759519,0.0195312,0.1481481,0.4285714,11.101960259016467
3739.0,0.4792725,0.0,0.1449585,0.0996405,0.9301952,0.0,0.8221258,0.0007231,0.0093999,0.0527397,0.0,0.9992769,0.1328767,0.1265823,0.4285714,10.61890979160975
1482.0,0.5182186,0.0,0.0681511,0.0644258,0.9561404,0.0,0.844086,0.0,0.0134409,0.0606061,0.0,0.3252688,0.4494949,0.3888889,1.0,10.130662964963708
3526.0,0.479013,0.0085082,0.1117413,0.0881873,0.9395916,0.0,0.84,0.0,0.0175,0.0204082,0.0083333,0.9966667,0.1159184,0.0737705,0.5714286,10.521399202410167
249.0,0.4939759,0.0,0.1967871,0.0952381,0.8232932,0.0,0.6346154,0.0,0.0576923,0.0458716,0.0,0.9903846,0.3302752,0.1052632,0.0,9.966509298952284
165.0,0.5090909,0.0,0.1939394,0.1481481,0.8666667,0.0,0.671875,0.0,0.015625,0.1351351,0.0,0.96875,0.4459459,0.0909091,0.5,9.615805480084347
13208.0,0.4733495,0.1639915,0.1368867,0.1309661,0.8822683,0.023622,0.7721607,0.0034626,0.0387812,0.0201312,0.1241921,0.9621422,0.1834427,0.08742,0.6428571,11.98168457011701
66.0,0.5454545,0.0,0.1060606,0.0666667,0.8333333,0.0,0.6666667,0.0416667,0.0416667,0.0769231,0.0,1.0,0.1923077,0.0,0.0,9.615805480084347
1764.0,0.5062358,0.1003401,0.069161,0.0516648,0.9319728,0.0,0.837884,0.0051195,0.0324232,0.0970724,0.0904437,0.9044369,0.3143297,0.1627907,0.6,10.821796246953596
5001.0,0.4889022,0.0307938,0.1011798,0.0899844,0.7336533,0.0015997,0.5398305,0.0016949,0.0855932,0.1651928,0.0258475,0.9139831,0.5496993,0.0473186,0.6928571,11.946012225174645
1046.0,0.4847036,0.3680688,0.0898662,0.0816327,0.9034417,0.0,0.7586207,0.005305,0.0159151,0.0503778,0.3183024,0.9973475,0.3526448,0.1572327,1.0,10.434145214930487
282.0,0.5141844,0.0,0.0283688,0.0364964,0.9148936,0.0,0.7647059,0.0,0.0352941,0.0,0.0,0.9764706,0.2823529,0.2714286,0.0,9.90353755128617
857.0,0.5005834,0.0011669,0.0268378,0.0350467,0.9789965,0.0,0.9109948,0.0,0.0052356,0.1585903,0.0052356,0.9947644,0.6519824,0.4736842,0.0,9.841665338892785
104.0,0.4711538,0.0,0.2403846,0.1636364,0.9423077,0.0,0.8461538,0.0,0.0,0.2641509,0.0,0.4615385,0.4339623,0.1111111,0.0,10.047631185616188
1374.0,0.4839884,0.0014556,0.1710335,0.1410437,0.8245997,0.0262009,0.6573034,0.0074906,0.0280899,0.0680628,0.0,0.9868914,0.4048866,0.0773196,0.6,10.916923143796645
191.0,0.4816754,0.0,0.1989529,0.1818182,0.8586387,0.0,0.6835443,0.0,0.0253165,0.2685185,0.0,1.0,0.212963,0.1538462,1.0,9.928228944424575
4509.0,0.4606343,0.0011089,0.4726103,0.2027138,0.7864271,0.0108672,0.6532815,0.0021589,0.0427461,0.2829721,0.0012953,0.9943869,0.5352941,0.0352113,0.4354839,11.147656555612986
206.0,0.5194175,0.0,0.1067961,0.0707071,0.9271845,0.0,0.8194444,0.0,0.0138889,0.0136986,0.0,1.0,0.1232877,0.4545455,0.0,10.521399202410167
2861.0,0.4753583,0.0048934,0.1950367,0.1379081,0.8619364,0.0,0.704918,0.007286,0.0418944,0.0687023,0.0027322,0.9007286,0.4393554,0.173913,0.5909091,11.089820688682373
3292.0,0.4796476,0.0060753,0.0765492,0.0630473,0.9638518,0.003949,0.8813983,0.0,0.0124844,0.0897727,0.0037453,0.0299625,0.5931818,0.3810742,0.375,10.003378135350923
2022.0,0.4683482,0.0004946,0.1958457,0.1469767,0.8086053,0.0464886,0.6791511,0.0049938,0.0349563,0.0255474,0.0,0.9987516,0.3698297,0.0246479,0.5,10.753659849198824
7417.0,0.49036,0.1093434,0.0419307,0.0298942,0.561413,0.0,0.3901254,0.0020466,0.1887951,0.1607986,0.1117933,0.9813251,0.4669386,0.0073866,0.6415094,12.056417678159836
8248.0,0.4632638,0.4068865,0.0751697,0.0594082,0.7864937,0.0016974,0.6136495,0.0052053,0.0965876,0.1434233,0.3334297,0.9320416,0.4983899,0.0576254,0.325,10.84546552414626
482.0,0.5124481,0.0207469,0.1908714,0.1234043,0.6742739,0.2240664,0.6907895,0.0,0.0131579,0.1005917,0.0065789,1.0,0.3017751,0.0857143,0.6666667,9.980494888896912
70.0,0.3571429,0.0285714,0.1571429,0.0666667,0.8285714,0.0,0.6764706,0.0,0.0294118,0.0,0.0294118,1.0,0.0882353,0.1666667,0.0,11.11395422597838
2004.0,0.4366267,0.24002,0.2729541,0.231178,0.7984032,0.0508982,0.6445557,0.0037547,0.0150188,0.1580611,0.2152691,0.9824781,0.2897787,0.111588,0.8,9.741027444837728
3184.0,0.4481784,0.0018844,0.2870603,0.2009106,0.8125,0.0562186,0.702454,0.0007669,0.0207055,0.0411765,0.0007669,0.9953988,0.2963235,0.0304709,0.0,10.604131561522696
1287.0,0.4623155,0.2960373,0.1926962,0.1864162,0.8368298,0.008547,0.66171,0.0037175,0.0185874,0.0819113,0.295539,0.9907063,0.2798635,0.0920245,1.0,10.211009016314167
926.0,0.487041,0.0097192,0.1349892,0.0757895,0.9017279,0.0,0.7848485,0.0030303,0.0484848,0.0462428,0.0030303,1.0,0.2774566,0.1447368,0.5,10.633472802314019
468.0,0.4444444,0.4401709,0.2094017,0.2,0.8717949,0.0,0.6756757,0.0,0.0,0.079602,0.3459459,1.0,0.2437811,0.097561,0.0,10.214678610538817
35748.0,0.4858454,0.1206221,0.0675283,0.0554407,0.9172821,0.0018183,0.8039811,0.0036774,0.0271804,0.0635574,0.1199137,0.9513151,0.2182962,0.1069837,0.4763636,11.086762629082946
655.0,0.4748092,0.0,0.2564885,0.1918605,0.8183206,0.0,0.625,0.0,0.0101351,0.142029,0.0,1.0,0.2666667,0.0759494,0.8823529,9.615805480084347
499.0,0.496994,0.0200401,0.0961924,0.0836653,0.9038076,0.0,0.7588235,0.0058824,0.0235294,0.2201835,0.0176471,0.8176471,0.3394495,0.2407407,1.0,10.542732775946709
464.0,0.5172414,0.0,0.1314655,0.0848214,0.9396552,0.0,0.7984496,0.0077519,0.0077519,0.1164384,0.0,0.9844961,0.2328767,0.3333333,0.0,10.308985993422082
347.0,0.4668588,0.0,0.1469741,0.1027027,0.9106628,0.0,0.7923077,0.0076923,0.0230769,0.1216216,0.0,1.0,0.2702703,0.0869565,0.8,9.686636660844938
213.0,0.4507042,0.0,0.1877934,0.0854701,0.9248826,0.0,0.7948718,0.0,0.0,0.0,0.0,1.0,0.2564103,0.25,0.0,9.615805480084347
92.0,0.5543478,0.0,0.1413043,0.0731707,0.8913043,0.0,0.7058824,0.0,0.0,0.0,0.0,1.0,0.1470588,0.0,0.0,10.102379394048045
701.0,0.4878745,0.0014265,0.2453638,0.1337047,0.8801712,0.0,0.7201365,0.0,0.0068259,0.0727848,0.0,0.9829352,0.3291139,0.115942,0.5,9.933094897288786
3510.0,0.4592593,0.0045584,0.1438746,0.1232877,0.7917379,0.1017094,0.7270588,0.0015686,0.0180392,0.0506329,0.0023529,0.9992157,0.3283693,0.1008772,0.4,10.410335274932896
1496.0,0.5020053,0.0033422,0.0989305,0.0778523,0.8743316,0.0,0.7454545,0.0072727,0.0654545,0.0802676,0.0018182,0.9981818,0.3093645,0.0425532,0.5,10.753659849198824
536.0,0.4514925,0.3656716,0.1231343,0.1496599,0.8768657,0.0,0.6683673,0.0,0.005102,0.1478261,0.3316327,1.0,0.4043478,0.3225806,0.5,9.615805480084347
14280.0,0.4461485,0.3483894,0.1888655,0.1728411,0.8520308,0.012465,0.6869947,0.0022847,0.0217926,0.1213712,0.3181019,0.9954306,0.3156269,0.1181021,0.7333333,9.862717639992917
660.0,0.4878788,0.0,0.2030303,0.1272189,0.8727273,0.0,0.7078652,0.0,0.0149813,0.097973,0.0,1.0,0.1418919,0.1428571,1.0,10.488520429241627
1279.0,0.4847537,0.0,0.4026583,0.1911988,0.8318999,0.0015637,0.7025316,0.0,0.039557,0.432675,0.0,0.9968354,0.5197487,0.057971,0.7555556,10.805699643800724
5053.0,0.4771423,0.0560063,0.1252721,0.0927328,0.8867999,0.0,0.7491639,0.0011148,0.0479376,0.047265,0.041806,0.8918618,0.3154541,0.1125541,0.7,11.787529896628678
783.0,0.4699872,0.0,0.1902937,0.1349398,0.8927203,0.0,0.7451613,0.0032258,0.0129032,0.0606061,0.0,0.9967742,0.2878788,0.0555556,0.75,10.064798252418377
10401.0,0.5037977,0.0130757,0.0805692,0.0629723,0.9162581,0.0040381,0.8146298,0.0049941,0.0405405,0.0424754,0.0135135,0.7758519,0.2793249,0.1814198,0.0363636,11.623580937568695
4863.0,0.4838577,0.0014394,0.1466173,0.1087649,0.8799095,0.0,0.7365364,0.0026399,0.032735,0.041498,0.000528,0.9936642,0.2368421,0.0681818,0.5555556,10.382853468483827
1443.0,0.4899515,0.000693,0.1628552,0.1195652,0.8752599,0.0,0.7422145,0.0069204,0.0397924,0.026936,0.0017301,0.9913495,0.2811448,0.060241,0.6666667,10.862856930775358
19597.0,0.6414757,0.2528448,0.0014798,0.0044122,0.6851559,0.3105577,0.9788813,0.0,0.0022831,0.0146232,0.2451484,0.8938356,0.2620922,0.2665135,0.0,11.574029971623514
198.0,0.520202,0.0,0.1969697,0.0421053,0.9242424,0.0,0.7777778,0.0,0.015873,0.2409639,0.0,1.0,0.2891566,0.3333333,0.8,10.485731104959568
1856.0,0.4574353,0.012931,0.2225216,0.1320755,0.8502155,0.0,0.6924051,0.0012658,0.0367089,0.4633152,0.0088608,0.9848101,0.2839674,0.083682,0.0555556,11.756663486852712
4206.0,0.4838326,0.0035663,0.0958155,0.0787655,0.9284356,0.0,0.813413,0.002656,0.0092961,0.1019678,0.0033201,0.9800797,0.2766846,0.103125,0.9180328,10.573903321093981
1382.0,0.4732272,0.0007236,0.1722142,0.1565934,0.845152,0.0,0.6576087,0.0036232,0.0326087,0.0891089,0.0,0.9963768,0.3646865,0.0890052,0.3333333,9.883335864325275
35233.0,0.4640252,0.0925553,0.2041268,0.1550519,0.7473959,0.0783073,0.6487848,0.0027416,0.0689834,0.0414773,0.0798755,0.9915531,0.2210938,0.033772,0.3168317,11.383966460172834
321.0,0.5389408,0.0373832,0.2056075,0.1554054,0.834891,0.0654206,0.7578125,0.0,0.0078125,0.0857143,0.0390625,1.0,0.2714286,0.0,1.0,10.177362240256695
17654.0,0.502549,0.0044183,0.0916506,0.070599,0.9419395,0.0,0.8559078,0.0019813,0.0300793,0.0202929,0.0034222,0.9967579,0.082054,0.1133005,0.325,11.928347504569842
253.0,0.4624506,0.0039526,0.2173913,0.1985294,0.7865613,0.0,0.5945946,0.018018,0.0540541,0.30625,0.009009,1.0,0.5,0.0769231,0.0,9.615805480084347
14431.0,0.5074492,0.0291733,0.1247315,0.0820203,0.8420068,0.0718592,0.7859727,0.0014068,0.0277331,0.0177655,0.0022106,0.9965836,0.1379787,0.0443491,0.4761905,10.934908916663861
1601.0,0.4497189,0.5571518,0.182386,0.1759364,0.8632105,0.0505934,0.7577413,0.0,0.0091075,0.1299525,0.5154827,0.996357,0.3470681,0.1153846,0.7777778,9.862717639992917
7248.0,0.4921358,0.0016556,0.1034768,0.0872046,0.8798289,0.0129691,0.7613365,0.0095465,0.0513126,0.0338201,0.0011933,0.7947494,0.3777863,0.1064278,0.2,11.32781201446548
1503.0,0.4471058,0.0086494,0.2461743,0.1817088,0.8290086,0.0312708,0.6866142,0.0,0.0141732,0.0889527,0.007874,0.9984252,0.3672884,0.0588235,0.7142857,10.177362240256695
2246.0,0.4857524,0.0008905,0.150935,0.0987013,0.8708816,0.0,0.7280188,0.007034,0.0550996,0.0798274,0.0,0.9976553,0.227616,0.0876494,0.5,11.206413891581187
1144.0,0.4903846,0.0061189,0.0979021,0.0703259,0.7937063,0.0,0.617284,0.0102881,0.0843621,0.0881801,0.0061728,0.8868313,0.4727955,0.0228311,0.0,11.852257893055606
188.0,0.4787234,0.0,0.2659574,0.1938776,0.8351064,0.0,0.6588235,0.0,0.0235294,0.1414141,0.0,1.0,0.3737374,0.0909091,0.3333333,10.357774570341576
178.0,0.5168539,0.0,0.2022472,0.127907,0.8651685,0.0,0.7297297,0.0135135,0.027027,0.1084337,0.0,1.0,0.2048193,0.0,0.0,9.841665338892785
469.0,0.4541578,0.2153518,0.0810235,0.0820312,0.9189765,0.0,0.7987805,0.0,0.0304878,0.1322751,0.2195122,0.9878049,0.4391534,0.1428571,0.5,10.801634680173994
1008.0,0.4831349,0.0,0.3015873,0.1132438,0.8938492,0.0,0.7891156,0.0045351,0.0272109,0.2396552,0.0,0.9931973,0.1603448,0.1206897,0.4545455,11.159117834926688
350.0,0.4171429,0.0,0.4428571,0.3431373,0.6314286,0.1685714,0.5971223,0.0071942,0.0503597,0.136646,0.0,1.0,0.2981366,0.030303,1.0,9.615805480084347
1170.0,0.4957265,0.0059829,0.1529915,0.1135593,0.8350427,0.0,0.670282,0.010846,0.0694143,0.1383178,0.0043384,0.9934924,0.2971963,0.0636943,0.8787879,11.729656499978892
12736.0,0.4894001,0.020022,0.1386621,0.0885745,0.8422582,0.0,0.6777223,0.0025974,0.0603397,0.0553039,0.0205794,0.8585415,0.4222348,0.087424,0.372549,12.30501712236033
1397.0,0.4788833,0.0007158,0.1861131,0.146978,0.8482462,0.0107373,0.7019749,0.0035907,0.037702,0.0575296,0.0,1.0,0.1996616,0.0683761,0.75,10.727684925086583
393.0,0.4529262,0.0178117,0.1170483,0.0744186,0.8854962,0.0,0.7515924,0.0,0.0382166,0.0063291,0.0063694,0.9936306,0.0316456,0.1304348,0.0,10.789339695269716
231.0,0.4588745,0.0,0.3419913,0.272,0.7792208,0.0,0.5677966,0.0,0.0,0.1386861,0.0,1.0,0.1824818,0.1111111,1.0,9.615805480084347
2906.0,0.4690296,0.1376462,0.1820372,0.1659106,0.8657949,0.0230557,0.7342781,0.0026572,0.0159433,0.0730706,0.1204606,1.0,0.3136289,0.0765027,0.6,10.370392636243981
1203.0,0.6650042,0.0507066,0.117207,0.0620347,0.5818786,0.3449709,0.7508306,0.0033223,0.0299003,0.1753425,0.0033223,0.9401993,0.5150685,0.0819672,0.6666667,10.797553125151618
3871.0,0.4634461,0.0036166,0.19659,0.1641791,0.8047016,0.0371997,0.656801,0.0050378,0.0321159,0.0820809,0.0018892,0.9981108,0.3323699,0.0470085,0.8333333,10.457401400981889
1953.0,0.4592934,0.0020481,0.1638505,0.1193182,0.8806964,0.0,0.7286432,0.0025126,0.0163317,0.039807,0.0012563,1.0,0.1954162,0.0495495,0.3571429,10.694237736914808
2435.0,0.4887064,0.0431211,0.0821355,0.102008,0.9474333,0.0,0.8468244,0.0012453,0.0062267,0.0662791,0.0485679,0.9975093,0.2697674,0.1172414,0.5454545,10.081675578048475
187106.0,0.4654314,0.4233803,0.1169604,0.109317,0.8327579,0.0304587,0.6858278,0.0024297,0.0404042,0.0870087,0.3684256,0.993397,0.2950833,0.1104786,0.3848548,10.694237736914808
1350.0,0.4955556,0.0044444,0.1622222,0.1116006,0.8977778,0.0037037,0.7631068,0.0019417,0.0194175,0.0337711,0.007767,1.0,0.2307692,0.0909091,0.0,10.344995251991222
110.0,0.5363636,0.0,0.1363636,0.1176471,0.9,0.0,0.7619048,0.0,0.0238095,0.2881356,0.0,1.0,0.4067797,0.2857143,0.0,9.615805480084347
113.0,0.5132743,0.0,0.1238938,0.1090909,0.8672566,0.0,0.6511628,0.0,0.0,0.0444444,0.0,1.0,0.0888889,0.2,0.0,10.515993929932415
177.0,0.4519774,0.0,0.1073446,0.0824742,0.8757062,0.0,0.7205882,0.0147059,0.0294118,0.1052632,0.0,1.0,0.4605263,0.0,0.0,9.615805480084347
13242.0,0.4713034,0.0669083,0.1678749,0.1054135,0.8850627,0.0033228,0.7493591,0.001972,0.0329324,0.0337271,0.0688227,0.9929008,0.1484375,0.0556038,0.4,11.669937760751914
6118.0,0.4583197,0.2608696,0.1820856,0.1535908,0.8615561,0.0163452,0.7124155,0.0021115,0.0223818,0.1341865,0.2259291,0.9877534,0.3330896,0.1363057,0.5,10.305647203635566
1415.0,0.5010601,0.0063604,0.0932862,0.072238,0.945583,0.0091873,0.8616505,0.0,0.0169903,0.0213777,0.0024272,0.5898058,0.3539192,0.3566434,0.0,10.793454842740767
1689.0,0.5020722,0.0118413,0.1130847,0.059453,0.9224393,0.0,0.8091873,0.0035336,0.0353357,0.0690789,0.0176678,0.8621908,0.3601974,0.2348485,0.6666667,11.170449240431308
1449.0,0.52657,0.0027605,0.0724638,0.0393586,0.7460317,0.0069013,0.6365188,0.0068259,0.162116,0.6608796,0.0017065,0.9709898,0.181713,0.06,0.3333333,12.04355959836804
389.0,0.4524422,0.3161954,0.2622108,0.2018779,0.8508997,0.0,0.6586826,0.0,0.005988,0.1391753,0.245509,1.0,0.2268041,0.2244898,0.5,10.064798252418377
764.0,0.4725131,0.0013089,0.1426702,0.0967742,0.8900524,0.0,0.7543253,0.0103806,0.0311419,0.0302013,0.0,0.9930796,0.2651007,0.0769231,0.25,10.524090921620362
711.0,0.4739803,0.1589311,0.1265823,0.0989305,0.9127989,0.0,0.7751938,0.003876,0.0116279,0.0719424,0.1124031,0.996124,0.3381295,0.0857143,0.0,9.99884318585288
2959.0,0.4890166,0.0040554,0.1767489,0.0919312,0.9009801,0.0263603,0.8250702,0.0,0.0224509,0.040395,0.0028064,0.9859682,0.1418312,0.1192053,0.3333333,10.862856930775358
706.0,0.4830028,0.0084986,0.1898017,0.1013699,0.8031161,0.0,0.6403785,0.0031546,0.0567823,0.0335366,0.0094637,0.977918,0.4085366,0.0714286,0.5,10.370392636243981
9251.0,0.4665442,0.0132959,0.1578208,0.1234043,0.899146,0.0157821,0.7944162,0.000846,0.0149464,0.0369364,0.0093063,0.9960519,0.1414992,0.0644258,0.4848485,10.893047333337728
39498.0,0.4614664,0.2255557,0.1721353,0.1350665,0.8321181,0.0120766,0.6746256,0.0022253,0.0365069,0.0604091,0.1953449,0.9948277,0.3518309,0.063002,0.4055556,10.747229096720554
696.0,0.4511494,0.2643678,0.262931,0.2251309,0.8635057,0.0,0.6829268,0.0,0.0139373,0.0433333,0.2055749,1.0,0.2766667,0.1764706,1.0,9.94755228369823
211.0,0.4597156,0.1279621,0.2511848,0.2192982,0.8388626,0.0,0.6162791,0.0,0.0116279,0.1313131,0.1511628,1.0,0.2121212,0.0625,0.0,10.090008612393838
4134.0,0.4409773,0.1207063,0.2264151,0.1514496,0.7552008,0.0099178,0.554931,0.001533,0.0454778,0.0751418,0.1078181,0.9954011,0.3842155,0.0199778,0.6818182,10.900454637442037
3122.0,0.4346573,0.0852018,0.2309417,0.2045326,0.8014094,0.0544523,0.6684741,0.0023238,0.0116189,0.1163587,0.0805577,0.9976762,0.3107461,0.0565611,0.72,10.335302435967074
53240.0,0.4929564,0.0743802,0.0572502,0.0517503,0.9557851,0.001991,0.8966458,0.0024624,0.0294157,0.0219995,0.0773992,0.8905896,0.2307342,0.2555243,0.2738854,12.454497904177053
183.0,0.4590164,0.0819672,0.2513661,0.1212121,0.863388,0.0,0.7361111,0.0277778,0.0277778,0.0769231,0.0555556,0.9861111,0.2564103,0.2941176,0.0,10.599156550639583
3499.0,0.4587025,0.0008574,0.225493,0.1536431,0.8562446,0.0080023,0.6994894,0.0021882,0.0306346,0.2746032,0.0,0.9956236,0.1137566,0.0709459,0.5208333,12.629053454184358
1538.0,0.4759428,0.0,0.0377113,0.0483871,0.920026,0.023407,0.8071979,0.0025707,0.0308483,0.1652361,0.0,0.9871465,0.4957082,0.3511706,0.0,9.615805480084347
7700.0,0.5020779,0.0064935,0.1064935,0.0878978,0.9167532,0.0294805,0.841954,0.0033525,0.0277778,0.0328856,0.0052682,0.5421456,0.4284391,0.3534338,0.1538462,11.827013315851762
2260.0,0.4920354,0.0022124,0.0544248,0.0226481,0.8849558,0.0,0.7720764,0.0047733,0.0727924,0.0444698,0.0023866,0.9069212,0.1995439,0.0461538,0.1818182,11.52979241483
2901.0,0.4639779,0.0031024,0.2075147,0.1871383,0.7642192,0.0568769,0.6135792,0.0041911,0.0419111,0.089313,0.0016764,0.9865884,0.2870229,0.0588235,0.25,10.468829770273567
182.0,0.4615385,0.6208791,0.2307692,0.2040816,0.8406593,0.0,0.6575342,0.0136986,0.0273973,0.1411765,0.5479452,0.9726027,0.3176471,0.1578947,1.0,9.923339198238729
11290.0,0.4896368,0.1589017,0.1048716,0.0701145,0.868822,0.0103632,0.734754,0.003854,0.0364997,0.0949938,0.1371571,0.9918386,0.275954,0.0466563,0.5981308,11.020283511637867
435146.0,0.475622,0.2959191,0.1290739,0.1017131,0.7897947,0.0207333,0.6133486,0.0043861,0.0618275,0.119838,0.2622138,0.9704685,0.3368172,0.072014,0.4420571,10.518700218288165
1341.0,0.4369873,0.0022371,0.2445936,0.1655629,0.836689,0.0,0.6482412,0.001675,0.0117253,0.119469,0.001675,0.9932998,0.3731563,0.0653595,0.7391304,9.787009914477434
1391.0,0.4428469,0.7721064,0.1466571,0.163871,0.8943206,0.0,0.7,0.0071429,0.0238095,0.0519187,0.7095238,0.997619,0.3340858,0.2898551,0.0,9.648659816955295
24396.0,0.4785621,0.0050008,0.1091162,0.0851348,0.6830628,0.0984588,0.5942271,0.003009,0.1269364,0.0425736,0.0035663,0.9770422,0.3912719,0.0489755,0.3676471,10.63106031411106
3872.0,0.5028409,0.0043905,0.0779959,0.0483117,0.9212293,0.0,0.8139711,0.0053151,0.0387244,0.0948454,0.0045558,0.5679575,0.3353952,0.0862944,0.7241379,11.026808713825016
1039.0,0.4562079,0.0019249,0.2271415,0.1734513,0.7940327,0.0,0.5826271,0.0,0.0338983,0.1675485,0.0021186,0.9957627,0.4091711,0.0643275,0.6,9.648659816955295
2216.0,0.4593863,0.0009025,0.1407942,0.1285476,0.8348375,0.0094765,0.6580796,0.0046838,0.0562061,0.043673,0.0,0.9941452,0.3135498,0.05625,1.0,10.43708198835482
13912.0,0.4979155,0.0414031,0.0400374,0.0359341,0.956153,0.0,0.8907079,0.0013834,0.024902,0.0675124,0.0382753,0.9492737,0.1171791,0.1175595,0.2789116,11.366754528799243
12822.0,0.4682577,0.0106848,0.1410076,0.0956292,0.9186554,0.0074871,0.7870855,0.0024931,0.0164547,0.0730298,0.0099726,0.2375966,0.3422695,0.2239513,0.5365854,10.351405324899678
1450.0,0.48,0.0027586,0.2110345,0.1286472,0.9096552,0.0,0.7862319,0.0,0.0181159,0.0107527,0.0018116,0.9963768,0.0949821,0.0967742,0.5,11.094390314766315
556.0,0.471223,0.0,0.3633094,0.2482993,0.7535971,0.057554,0.5953307,0.0,0.0038911,0.1815287,0.0,1.0,0.2324841,0.0434783,0.6666667,9.615805480084347
11265.0,0.4725255,0.0004439,0.2068353,0.1411982,0.8179316,0.0223702,0.6563494,0.003816,0.0288319,0.0545199,0.0,0.994276,0.2946482,0.0336391,0.6037736,10.401258331428318
206.0,0.4708738,0.0,0.2378641,0.1926606,0.8300971,0.0,0.6666667,0.0107527,0.0322581,0.0510204,0.0,1.0,0.244898,0.0909091,0.0,9.770013301136158
4866.0,0.4642417,0.0028771,0.1652281,0.1311853,0.8394986,0.0147965,0.6698541,0.0015098,0.0226472,0.0701919,0.0040262,0.9974836,0.3869911,0.0693512,0.375,10.524090921620362
180650.0,0.4944035,0.0887241,0.0551896,0.0516664,0.8951896,0.0025242,0.7691042,0.0056652,0.0466666,0.0919894,0.0782207,0.9189942,0.2811121,0.1311737,0.4333561,10.971657815702502
12218.0,0.483467,0.0018006,0.1373384,0.1022025,0.8878704,0.0,0.7450182,0.0053568,0.0310692,0.0329465,0.002357,0.9933576,0.2169499,0.0577819,0.5,11.112462823634855
199.0,0.5477387,0.040201,0.1105528,0.0444444,0.798995,0.0,0.5949367,0.0,0.1012658,0.1022727,0.0379747,0.6329114,0.6818182,0.1311475,0.0,10.177362240256695
775.0,0.4645161,0.0,0.2812903,0.2481928,0.7587097,0.0916129,0.6535948,0.0065359,0.0228758,0.0865672,0.0,1.0,0.3343284,0.0588235,0.4,10.285376924115587
16413.0,0.4762079,0.0549564,0.0973009,0.0765383,0.876744,0.019253,0.7649291,0.0013197,0.0382712,0.0303903,0.0399208,0.9935665,0.12508,0.0525346,0.2575758,11.275949181024878
8868.0,0.4818448,0.0048489,0.1080289,0.0948857,0.8973839,0.0133063,0.7913691,0.0049674,0.028873,0.0733602,0.0037256,0.9782676,0.2905639,0.1067653,0.5894737,10.762170357789895
26.0,0.5384615,0.0,0.4230769,0.1666667,0.7307692,0.0,0.5384615,0.0,0.0769231,0.3157895,0.0,1.0,0.1578947,0.3333333,0.0,9.615805480084347
1478.0,0.4695535,0.123816,0.082544,0.0778061,0.9140731,0.0,0.7788845,0.0079681,0.0179283,0.0651769,0.0956175,0.9780876,0.2700186,0.1277955,0.4285714,10.39821428171237
51288.0,0.4949891,0.0226759,0.038625,0.0311185,0.8503939,0.0036656,0.7169446,0.0040257,0.0881476,0.0551768,0.020756,0.9924714,0.305078,0.039666,0.2756184,11.395278670032656
25748.0,0.4796101,0.0406634,0.0777924,0.0658258,0.860494,0.0,0.7125539,0.0046088,0.0562068,0.05724,0.0411782,0.9922853,0.2516294,0.0577022,0.3414634,11.07753193632009
5143.0,0.4524597,0.5251799,0.1328019,0.1395597,0.8788645,0.0161384,0.7284345,0.0026624,0.0095847,0.0918762,0.4510117,0.9978701,0.3786267,0.1109299,0.6923077,10.102379394048045
196.0,0.4642857,0.0204082,0.1428571,0.1333333,0.9183673,0.0,0.7837838,0.0,0.0,0.1685393,0.0135135,1.0,0.258427,0.0416667,1.0,10.16203685698089
3462.0,0.4971115,0.3180243,0.0808781,0.0706491,0.9500289,0.0,0.8505014,0.0,0.0072926,0.0368745,0.2980857,0.9945305,0.2695347,0.1025641,1.0,10.448743588106625
1059.0,0.5203022,0.0009443,0.0453258,0.0393701,0.9707271,0.0047214,0.9090909,0.0,0.0165289,0.12,0.0,0.9793388,0.36,0.4945055,1.0,9.862717639992917
979.0,0.4719101,0.0010215,0.2819203,0.2030948,0.8161389,0.0306435,0.6546763,0.0023981,0.0095923,0.1437372,0.0,0.9904077,0.238193,0.0705882,1.0,9.867912187022208
6704.0,0.4777745,0.747315,0.0872613,0.0696944,0.8808174,0.0002983,0.729594,0.0058602,0.0447886,0.0790285,0.7095019,0.9937212,0.3843485,0.0814095,0.6923077,11.366754528799243
39.0,0.4615385,0.0,0.2564103,0.0952381,0.8974359,0.0,0.75,0.0,0.0,0.2380952,0.0,1.0,0.2857143,0.0,0.0,9.615805480084347
2417.0,0.4737278,0.7314853,0.1166736,0.1336478,0.7459661,0.1737691,0.7248841,0.0046368,0.0185471,0.0623188,0.7588872,0.9969088,0.3391304,0.2157676,0.25,9.615805480084347
2560.0,0.4632812,0.3667969,0.1257812,0.1317322,0.8929687,0.0035156,0.7420382,0.0010616,0.0201699,0.0827653,0.3184713,0.9968153,0.3417722,0.1411411,0.6666667,9.937937287265354
7683.0,0.4621892,0.007419,0.1681635,0.1447241,0.8245477,0.0472472,0.7023973,0.0041096,0.0273973,0.0580645,0.0047945,0.9955479,0.3022581,0.0737864,0.4166667,10.703266939811954
6635.0,0.4482291,0.0016579,0.256217,0.2149686,0.7466466,0.0385833,0.5661962,0.0016801,0.0352823,0.1182222,0.000672,0.9912634,0.4385185,0.0428212,0.4772727,10.357774570341576
138.0,0.5217391,0.0,0.1014493,0.1060606,0.9275362,0.0,0.8235294,0.0,0.0196078,0.1052632,0.0,1.0,0.1578947,0.1666667,0.0,9.867912187022208
912.0,0.4747807,0.0,0.1502193,0.1148225,0.8695175,0.0,0.7114286,0.0028571,0.04,0.0463215,0.0,0.9657143,0.2833787,0.1868132,1.0,10.285376924115587
2645.0,0.4400756,0.0034026,0.2665406,0.2255233,0.7712665,0.0616257,0.6198347,0.0018365,0.0229568,0.137084,0.0036731,0.9880624,0.3066561,0.0611511,0.75,9.615805480084347
3612.0,0.4742525,0.0035991,0.1531008,0.1179568,0.8485604,0.0,0.6819389,0.0059761,0.0345286,0.0922242,0.0033201,0.9833997,0.2730561,0.073913,0.25,10.021315031649332
1998.0,0.4499499,0.0,0.2232232,0.1847134,0.7897898,0.033033,0.6096698,0.004717,0.0200472,0.1311475,0.0,0.9787736,0.3145492,0.09319,0.5833333,10.295563423525277
753.0,0.4807437,0.0,0.2217795,0.1790281,0.8247012,0.0,0.6184615,0.0030769,0.0215385,0.109589,0.0,1.0,0.369863,0.1707317,0.7692308,9.729193687429403
26016.0,0.4528752,0.1722786,0.231742,0.1863847,0.7927814,0.0450876,0.6407095,0.0027506,0.0310158,0.158915,0.1522337,0.9895665,0.3579577,0.0839277,0.771987,9.83633227734872
485.0,0.4659794,0.0,0.185567,0.1274131,0.8783505,0.0,0.7239583,0.0052083,0.0260417,0.1111111,0.0,0.9895833,0.2916667,0.0645161,0.5,10.416341118636355
697.0,0.4878049,0.0014347,0.1176471,0.1008403,0.9182209,0.0,0.8041667,0.0041667,0.0333333,0.0283401,0.0,0.9958333,0.1821862,0.1724138,1.0,10.169728906753061
1470.0,0.5183673,0.0061224,0.0673469,0.0663842,0.8870748,0.0272109,0.7801268,0.0063425,0.0359408,0.072549,0.0021142,0.9238901,0.3,0.1621622,0.0,10.351405324899678
421.0,0.5106888,0.0,0.064133,0.0728155,0.888361,0.0,0.7435897,0.0064103,0.0192308,0.1034483,0.0,0.8589744,0.2988506,0.1176471,0.0,10.268165387743457
11671.0,0.4931026,0.0026562,0.1448034,0.0628803,0.9207437,0.0,0.828856,0.0020843,0.0305697,0.0909474,0.0025475,0.9874942,0.0416842,0.11,0.3670886,12.44588057164006
3502.0,0.5125642,0.0145631,0.0768132,0.0544815,0.9006282,0.0182753,0.813617,0.0076596,0.0382979,0.0313273,0.0153191,0.9795745,0.2052762,0.2,0.125,11.289794413577894
7938.0,0.4982363,0.010582,0.1390779,0.0454431,0.9230285,0.0005039,0.8449859,0.0056497,0.0434322,0.1840968,0.0088277,0.9551554,0.0665514,0.2074074,0.2378049,12.032914971806521
3925.0,0.4973248,0.0030573,0.153121,0.0638621,0.8733758,0.0,0.7484076,0.0019108,0.0585987,0.1827173,0.0038217,0.9859873,0.2706923,0.0545852,0.5479452,11.219909190927746
100.0,0.52,0.0,0.15,0.0416667,0.91,0.0,0.8235294,0.0,0.0294118,0.1282051,0.0,0.9705882,0.1282051,0.2,1.0,9.648659816955295
88.0,0.5454545,0.0,0.1931818,0.1,0.9090909,0.0,0.7777778,0.0,0.0,0.1627907,0.0,1.0,0.2093023,0.1666667,0.0,9.615805480084347
6078.0,0.4807502,0.0047713,0.1612372,0.1346641,0.7818361,0.0207305,0.6126451,0.0088035,0.0664266,0.0494485,0.0040016,0.917567,0.508178,0.0987749,0.6666667,11.314486721293981
79.0,0.4556962,0.0,0.1012658,0.0697674,0.9493671,0.0,0.8846154,0.0,0.0384615,0.2972973,0.0,1.0,0.0810811,0.0,0.0,9.770013301136158
4972.0,0.4975865,0.0118665,0.0583266,0.0364291,0.9724457,0.0,0.9238411,0.0006623,0.0119205,0.0201168,0.0112583,0.9933775,0.0110318,0.2131148,0.2142857,11.277215789596893
21855.0,0.5185999,0.0374285,0.0728895,0.0587397,0.8497369,0.0537634,0.7725316,0.0030939,0.0472155,0.0411454,0.0033629,0.988297,0.2103702,0.0485876,0.2166667,11.256754979390998
4375.0,0.4667429,0.0457143,0.1828571,0.1603086,0.7835429,0.0649143,0.6555024,0.0059809,0.0388756,0.1044456,0.0442584,0.9958134,0.4579539,0.0521628,0.7142857,10.229223792606835
12363.0,0.4735906,0.0055812,0.1633099,0.1221573,0.806843,0.0380167,0.6654198,0.0051953,0.048005,0.0493876,0.0031172,0.9386949,0.4703674,0.0951586,0.4,10.817796321618971
279.0,0.5232975,0.0,0.1075269,0.0977444,0.9175627,0.0,0.7857143,0.0,0.0204082,0.0392157,0.0,1.0,0.1764706,0.0416667,0.5,10.106469212026385
461.0,0.5097614,0.0021692,0.0433839,0.0265487,0.9696312,0.0,0.8811881,0.0,0.019802,0.0733945,0.0,1.0,0.853211,0.3181818,0.0,9.857495968685136
3840.0,0.5033854,0.0757812,0.1135417,0.0718406,0.8934896,0.0059896,0.793876,0.017177,0.04705,0.1865128,0.0597461,0.9761016,0.4471446,0.1961853,0.2857143,10.410335274932896
15337.0,0.5073352,0.0444024,0.1262959,0.093171,0.7639043,0.0181261,0.5896439,0.0057534,0.0886332,0.0404357,0.0443166,0.9636137,0.4713518,0.0545873,0.25,11.17606715383184
1538.0,0.4817945,0.0006502,0.1547464,0.0953576,0.8680104,0.0019506,0.7154472,0.003252,0.0341463,0.0450311,0.0,0.998374,0.3229814,0.1082803,1.0,10.579005242826247
532.0,0.4454887,0.406015,0.1203008,0.1355932,0.8909774,0.0,0.7360406,0.0101523,0.0203046,0.0794393,0.3350254,1.0,0.3084112,0.1392405,0.5,10.288783966353765
479.0,0.4780793,0.0,0.1336117,0.132,0.8329854,0.0,0.6546392,0.0051546,0.056701,0.167382,0.0,0.9948454,0.3862661,0.0754717,1.0,10.030164255362632
622.0,0.4807074,0.0257235,0.0868167,0.0526316,0.9228296,0.0,0.8160377,0.0,0.0377358,0.045045,0.0188679,1.0,0.0540541,0.1851852,0.2,11.300981463909618
328.0,0.5091463,0.0121951,0.1341463,0.0248447,0.9390244,0.0,0.8606557,0.0,0.0245902,0.115942,0.0081967,1.0,0.0362319,0.0,0.5,12.568981617474362
207.0,0.4879227,0.0,0.2705314,0.1698113,0.8357488,0.0,0.6444444,0.0,0.0222222,0.0526316,0.0,1.0,0.2421053,0.0666667,0.0,9.615805480084347
1163.0,0.4797936,0.0851247,0.1702494,0.1371901,0.8736028,0.0,0.7333333,0.0064516,0.0344086,0.0271967,0.0774194,0.9978495,0.2301255,0.1445783,0.8181818,10.891186902297498
1490.0,0.5,0.0013423,0.1154362,0.0778523,0.7845638,0.0,0.5918058,0.0015175,0.0743551,0.1130552,0.0030349,0.6494689,0.448183,0.021978,1.0,11.427378469795439
4106.0,0.4715051,0.0024355,0.1251827,0.1170507,0.8774963,0.0226498,0.7673496,0.0066094,0.0264375,0.0381437,0.0019828,0.9993391,0.224412,0.0564516,0.375,10.442929787247998
3916.0,0.4834014,0.1624106,0.1585802,0.1314879,0.8217569,0.0676711,0.7227505,0.0029261,0.0336503,0.0624143,0.1492319,0.8822238,0.3518519,0.0864865,0.3636364,10.859018228147887
690.0,0.4797101,0.0028986,0.3710145,0.1281337,0.8521739,0.0,0.7284345,0.0031949,0.0447284,0.3340426,0.0,0.9904153,0.1914894,0.0263158,0.8235294,12.575222947577679
183.0,0.442623,0.0,0.2076503,0.127451,0.8469945,0.0,0.6625,0.0,0.0125,0.2079208,0.0,0.95,0.4554455,0.1875,0.25,9.615805480084347
2612.0,0.4781776,0.0191424,0.1780245,0.104182,0.8801685,0.0,0.7378833,0.0009891,0.0365974,0.0306807,0.0128586,0.9376855,0.325024,0.1076923,0.625,12.672949516558306
14748.0,0.4641307,0.005221,0.1885679,0.1221055,0.8328587,0.0155275,0.6781116,0.0009537,0.0303608,0.0371901,0.0046098,0.9947544,0.241659,0.0282667,0.3030303,10.978507040265917
446.0,0.4865471,0.0,0.161435,0.1441048,0.8565022,0.0,0.6686047,0.0116279,0.0290698,0.0444444,0.0,1.0,0.2833333,0.0625,0.0,10.173552856959743
979.0,0.4555669,0.0,0.1082737,0.0994371,0.8886619,0.0,0.7377049,0.0027322,0.0218579,0.0687023,0.0,0.9945355,0.3282443,0.1170213,0.5714286,10.122663242288953
217.0,0.4746544,0.0,0.2718894,0.2280702,0.8248848,0.0,0.6603774,0.0,0.0188679,0.0619469,0.0,1.0,0.1504425,0.0,0.3333333,10.734242182303689
130.0,0.4615385,0.0,0.3076923,0.2,0.7923077,0.0,0.5689655,0.0,0.0172414,0.2054795,0.0,1.0,0.3835616,0.0769231,1.0,9.615805480084347
1419.0,0.5031712,0.0035236,0.0796335,0.0453901,0.8914729,0.0,0.7645914,0.0097276,0.0447471,0.3100671,0.0038911,0.9941634,0.4416107,0.0943396,0.4615385,10.813780332606648
138.0,0.5072464,0.0,0.0869565,0.0882353,0.9347826,0.0,0.8181818,0.0,0.0227273,0.0222222,0.0,1.0,0.1333333,0.2,0.0,10.485731104959568
437.0,0.4599542,0.0022883,0.1510297,0.1355932,0.8924485,0.0,0.739645,0.0,0.0177515,0.1197917,0.0059172,0.9408284,0.2604167,0.1923077,0.25,10.034559673629849
218.0,0.4724771,0.0,0.1284404,0.1478261,0.9174312,0.0,0.7820513,0.0,0.0128205,0.1235955,0.0,1.0,0.3033708,0.1515152,0.0,9.994287576862567
1985.0,0.4921914,0.0,0.0176322,0.0327381,0.9707809,0.0,0.8798077,0.0,0.0192308,0.292517,0.0,0.9927885,0.6462585,0.5243553,0.0,9.615805480084347
24952.0,0.4801619,0.0257695,0.1837929,0.1192661,0.868227,0.0223229,0.7382724,0.0050685,0.0229699,0.1231206,0.0281462,0.7369783,0.3799527,0.1204207,0.6531792,10.376642461280849
45779.0,0.4941567,0.0222154,0.0449988,0.0383901,0.9257083,0.0026213,0.8233594,0.0034816,0.0327793,0.0348697,0.0214807,0.9908691,0.1789767,0.0729631,0.4436364,11.206413891581187
160.0,0.4875,0.0,0.23125,0.1097561,0.88125,0.0,0.7076923,0.0,0.0,0.3298969,0.0,1.0,0.2164948,0.1,0.75,9.615805480084347
1978.0,0.4721941,0.1643074,0.1410516,0.1159004,0.8822042,0.0,0.7203274,0.0081855,0.0300136,0.1050061,0.1418827,0.9904502,0.4212454,0.1392405,0.5833333,10.085850775128717
1582.0,0.4721871,0.0006321,0.1795196,0.1580838,0.8476612,0.0,0.6486486,0.0031797,0.0286169,0.0830904,0.0,0.9777424,0.2492711,0.1371681,0.5833333,10.090008612393838
2201.0,0.4647887,0.5311222,0.0995002,0.1044143,0.9077692,0.0,0.7620321,0.0040107,0.0294118,0.1261682,0.4826203,0.986631,0.4205607,0.1717557,0.75,10.184937747111391
564.0,0.4468085,0.0035461,0.3351064,0.2532051,0.7570922,0.1117021,0.682243,0.0046729,0.0233645,0.1008403,0.0,0.9906542,0.2689076,0.1142857,1.0,10.007892611890918
25992.0,0.4738381,0.0844491,0.1338489,0.1110705,0.8603416,0.0104263,0.7135892,0.0059129,0.048444,0.0502463,0.0754149,0.9436722,0.2920197,0.1033221,0.4653465,10.835671318412196
2047.0,0.4518808,0.0004885,0.3058134,0.2263815,0.7508549,0.061065,0.5848624,0.0034404,0.0240826,0.1129196,0.0,0.9988532,0.3784334,0.0413793,0.8125,9.615805480084347
1353.0,0.4685883,0.0,0.1611234,0.1599444,0.8610495,0.0,0.6838235,0.0018382,0.0257353,0.0872483,0.0,0.9981618,0.340604,0.0943396,0.875,9.97119292889014
5804.0,0.4488284,0.05255,0.2220882,0.1916224,0.7644728,0.0763267,0.6308152,0.0017072,0.0213402,0.1047,0.0456679,0.9940248,0.3251815,0.080916,0.7,9.888424674859083
3577.0,0.4948281,0.1112664,0.0424937,0.0387382,0.7920045,0.0749231,0.7418525,0.0008576,0.1046312,0.0876369,0.0943396,0.9759863,0.301252,0.0647059,0.1702128,11.871305953640322
18692.0,0.4753905,0.0064199,0.1497967,0.103814,0.8103467,0.0055639,0.643038,0.0040506,0.0646835,0.0330477,0.0041772,0.985443,0.3529988,0.0471299,0.125,10.896757843893464
16177.0,0.4774062,0.0006182,0.1479879,0.1194701,0.8632008,0.0202757,0.7278588,0.002545,0.0398711,0.0448874,0.0003393,0.9842212,0.2563604,0.0545822,0.3442623,11.320565693461432
10823.0,0.4659521,0.0402846,0.1486649,0.1546713,0.7967292,0.0584866,0.6686275,0.0026961,0.0473039,0.0239234,0.0306373,0.9786765,0.3669856,0.0414462,0.15,11.277215789596893
130.0,0.5153846,0.0,0.1461538,0.0634921,0.8846154,0.0,0.7592593,0.0,0.037037,0.0357143,0.0,1.0,0.1785714,0.0,0.0,10.221977646629885
354.0,0.4463277,0.7853107,0.2090395,0.127551,0.9011299,0.0,0.725,0.0,0.0166667,0.0769231,0.7416667,0.9916667,0.3384615,0.2857143,0.0,9.615805480084347
8051.0,0.4741026,0.3269159,0.1577444,0.1034483,0.8364178,0.0016147,0.6764079,0.005175,0.0581431,0.0321155,0.2812785,0.9920852,0.2911019,0.0733945,0.2173913,10.407318772389159
192.0,0.4739583,0.1979167,0.234375,0.1485149,0.890625,0.0,0.7272727,0.0,0.0,0.1894737,0.1688312,1.0,0.3052632,0.1333333,1.0,9.841665338892785
15174.0,0.4403585,0.0354554,0.0992487,0.0644136,0.3703704,0.2926717,0.4363554,0.0027131,0.2649785,0.0791172,0.0183134,0.9952521,0.3728919,0.1198866,0.2647059,10.776891660007811
506.0,0.4881423,0.0,0.1857708,0.1312741,0.8972332,0.0,0.7412935,0.0,0.0,0.0336538,0.0,1.0,0.2451923,0.0444444,0.0,10.360944044643913
419.0,0.4892601,0.0,0.1217184,0.1261682,0.9069212,0.0,0.7682119,0.0,0.0264901,0.0382166,0.0,1.0,0.1528662,0.1666667,0.0,10.465984899076615
260.0,0.4538462,0.3961538,0.2192308,0.2042254,0.8730769,0.0,0.7009346,0.0,0.0093458,0.1229508,0.3925234,1.0,0.1557377,0.1,1.0,10.165890277802454
1166.0,0.4528302,0.2864494,0.2272727,0.1598746,0.906518,0.0,0.7695652,0.0,0.0065217,0.1304348,0.3043478,0.9978261,0.3100189,0.0842105,0.3076923,9.661479683575521
10446.0,0.4664944,0.0658625,0.1674325,0.1369101,0.8394601,0.0087115,0.6775849,0.0019555,0.0491322,0.0396714,0.0547543,0.9745783,0.3253521,0.0273516,0.0909091,12.12649358035784
7455.0,0.4949698,0.0036217,0.0904091,0.0541833,0.8967136,0.016499,0.8258449,0.0067594,0.0624254,0.1049822,0.0035785,0.9550696,0.2003559,0.1201983,0.21875,11.298506245754995
1442.0,0.4667129,0.0034674,0.1588072,0.1495449,0.8633842,0.0,0.6888519,0.0016639,0.0133111,0.0490506,0.0049917,0.9966722,0.2848101,0.0693642,0.6666667,10.247112717290387
4601.0,0.4998913,0.000652,0.0499891,0.0321599,0.912845,0.0,0.7909207,0.0044757,0.0409207,0.0480828,0.0,0.991688,0.2678028,0.1659193,0.4285714,10.77270764101727
1090.0,0.5018349,0.0211009,0.0559633,0.0276243,0.9633028,0.0,0.9104046,0.0028902,0.0202312,0.0362117,0.017341,0.9855491,0.0111421,0.28125,0.3333333,11.151969943847991
130.0,0.4615385,0.0076923,0.1692308,0.1142857,0.8692308,0.0,0.7058824,0.0196078,0.0196078,0.4069767,0.0,1.0,0.2790698,0.0,1.0,9.994287576862567
9359.0,0.4715247,0.2373117,0.0567368,0.0580267,0.8477401,0.0012822,0.6973432,0.0043824,0.0684744,0.0991858,0.2248699,0.9808272,0.4199358,0.066271,0.3157895,11.033291613631048
2760.0,0.5003623,0.1166667,0.0851449,0.0717912,0.8818841,0.0,0.7424094,0.0039177,0.0509305,0.0692799,0.1106758,0.993144,0.3400182,0.1404959,0.3076923,10.422311107413181
21505.0,0.4706812,0.0968147,0.1836317,0.1512782,0.8463613,0.0119507,0.6886338,0.0037887,0.0306544,0.1566615,0.0916188,0.9840413,0.3285244,0.0911972,0.6078431,10.102379394048045
1200.0,0.4341667,0.0,0.285,0.2326951,0.7391667,0.1325,0.6795181,0.0048193,0.0240964,0.0393519,0.0,1.0,0.3425926,0.1267606,1.0,10.521399202410167
529.0,0.4725898,0.0,0.2457467,0.1397849,0.6994329,0.1342155,0.600939,0.0,0.0140845,0.2081784,0.0,0.9953052,0.4089219,0.0416667,0.5,9.852246888342531
170.0,0.4588235,0.0,0.1411765,0.1195652,0.8647059,0.0,0.71875,0.015625,0.046875,0.1351351,0.0,1.0,0.3513514,0.25,0.0,9.615805480084347
1510.0,0.5059603,0.1456954,0.0847682,0.0831099,0.6291391,0.3145695,0.7926509,0.0,0.015748,0.1160093,0.0288714,0.9973753,0.3062645,0.1391304,0.8,10.460270761075149
1068.0,0.4878277,0.005618,0.1526217,0.1334552,0.8754682,0.0,0.700495,0.0024752,0.0247525,0.0241546,0.0024752,1.0,0.2149758,0.0659341,0.5,10.425282789490705
23822.0,0.4908068,0.095332,0.0578037,0.0523495,0.9391739,0.0005457,0.8567961,0.0047266,0.0286152,0.0719621,0.0899336,0.9193919,0.098281,0.2264658,0.6501901,10.9525769086256
3184.0,0.4651382,0.0015704,0.2298995,0.126835,0.8049623,0.0153894,0.6572022,0.0027701,0.0463989,0.2801595,0.0020776,0.9937673,0.3968096,0.0434084,0.5714286,11.234546649377918
1423.0,0.468728,0.0014055,0.0562193,0.0714286,0.9121574,0.0,0.7296037,0.0,0.018648,0.1702128,0.002331,0.993007,0.6711799,0.2522523,0.0,9.615805480084347
1510.0,0.4529801,0.5211921,0.1523179,0.1452785,0.8774834,0.005298,0.6994536,0.0,0.0218579,0.1044046,0.4444444,0.9981785,0.3556281,0.1708543,0.3333333,9.928228944424575
532.0,0.4661654,0.0056391,0.1823308,0.1373239,0.8966165,0.0,0.7512195,0.0,0.0195122,0.0639269,0.004878,0.995122,0.1872146,0.0888889,0.75,9.729193687429403
4906.0,0.5095801,0.031594,0.0827558,0.063591,0.940481,0.0,0.8611449,0.001827,0.0267966,0.0284024,0.0292326,0.9872107,0.0461538,0.1621622,0.5263158,11.795099898183592
423.0,0.5035461,0.0,0.0567376,0.0714286,0.9503546,0.0,0.8461538,0.0,0.0480769,0.2352941,0.0,1.0,0.875,0.2333333,0.0,10.268165387743457
238.0,0.4831933,0.0,0.1680672,0.1056911,0.8991597,0.0,0.7555556,0.0,0.0222222,0.0526316,0.0,1.0,0.2526316,0.0,1.0,9.729193687429403
2708.0,0.437223,0.6846381,0.1340473,0.1404199,0.8681684,0.0169867,0.7075665,0.0030675,0.0184049,0.0816901,0.6145194,0.9989775,0.4169014,0.1302211,0.7142857,9.937937287265354
1517.0,0.4403428,0.649967,0.151615,0.1330978,0.8892551,0.0092287,0.7251908,0.0,0.019084,0.1353135,0.6145038,0.9942748,0.3135314,0.2333333,1.0,9.798182590890704
3222.0,0.4782744,0.0021726,0.1623215,0.1522903,0.8367474,0.0322781,0.7102415,0.0066611,0.050791,0.0704334,0.0024979,0.9950042,0.3034056,0.0701299,0.2,10.633472802314019
1441.0,0.5052047,0.0027759,0.1963914,0.0995792,0.8403886,0.0229008,0.7239669,0.0066116,0.0396694,0.1206395,0.0,0.9603306,0.2078488,0.0648649,0.3125,11.675902789388996
4072.0,0.4909136,0.0547642,0.1426817,0.1099855,0.8180255,0.0054028,0.6469194,0.0065166,0.0545024,0.0564561,0.0515403,0.9691943,0.4002236,0.056872,0.55,10.236417809461043
199.0,0.4773869,0.0,0.2211055,0.1730769,0.8442211,0.0,0.7160494,0.0246914,0.0493827,0.2702703,0.0,1.0,0.1981982,0.1363636,1.0,9.615805480084347
1329.0,0.4905944,0.0,0.1376975,0.1033973,0.9292701,0.0,0.8285124,0.0061983,0.0123967,0.0281124,0.0,0.9958678,0.1566265,0.1034483,0.0,10.67130147767883
103.0,0.4563107,0.0,0.184466,0.1785714,0.7864078,0.0,0.5909091,0.0227273,0.0227273,0.0638298,0.0,1.0,0.2340426,0.0,0.0,9.615805480084347
2144.0,0.4794776,0.2532649,0.0932836,0.0967742,0.9211754,0.0,0.7876344,0.0026882,0.0107527,0.1236749,0.2069892,0.9879032,0.4617197,0.1494845,0.875,10.038935856711177
432.0,0.4791667,0.0,0.1550926,0.0622222,0.8865741,0.0,0.7456647,0.0,0.0289017,0.7990708,0.0,0.9942197,0.4912892,0.0909091,0.0,10.811766273800105
210.0,0.4571429,0.0,0.1380952,0.0964912,0.8666667,0.0,0.7093023,0.0,0.0232558,0.0114943,0.0,1.0,0.1149425,0.0,0.0,11.015361515187424
3327.0,0.4207995,0.008416,0.4920349,0.3165542,0.6402164,0.1220319,0.5551969,0.0012912,0.058102,0.2851869,0.0077469,0.983215,0.6119059,0.0208333,0.4186047,10.809748150372926
5165.0,0.4737657,0.0172314,0.1424976,0.1122149,0.8942885,0.0,0.7480759,0.0035916,0.0225757,0.0723465,0.0210364,0.9974346,0.3046168,0.1183746,0.3333333,10.55843949396453
1010.0,0.4752475,0.0,0.1623762,0.1320755,0.8594059,0.0366337,0.7329545,0.0085227,0.0198864,0.0880829,0.0,0.9943182,0.2227979,0.0918367,0.75,10.373522431293592
323.0,0.4674923,0.0,0.3003096,0.2325581,0.7956656,0.0,0.5695364,0.0,0.0066225,0.1117647,0.0,1.0,0.3470588,0.0666667,1.0,9.615805480084347
1140.0,0.4868421,0.0,0.1877193,0.1282051,0.8552632,0.0,0.6810345,0.0043103,0.0323276,0.0373444,0.0,0.9978448,0.246888,0.0610687,0.5,10.529452721013085
15894.0,0.4609916,0.0849377,0.2223481,0.1502276,0.8313829,0.0025796,0.649846,0.0017603,0.0299252,0.0621819,0.074813,0.9944257,0.3087082,0.066315,0.6290323,10.465984899076615
2782.0,0.4194824,0.015816,0.3005032,0.2501548,0.736161,0.143422,0.6984925,0.001005,0.0281407,0.0302144,0.0070352,0.9959799,0.1754386,0.0414201,0.3636364,12.157412722878947
1393.0,0.4407753,0.0007179,0.2605887,0.241335,0.7616655,0.074659,0.6272727,0.0018182,0.0345455,0.089404,0.0,1.0,0.2897351,0.1428571,0.6666667,10.184937747111391
187.0,0.4331551,0.7540107,0.1122995,0.0754717,0.9197861,0.0,0.7321429,0.0,0.0,0.2112676,0.6785714,1.0,0.5352113,0.3103448,0.0,9.94755228369823
3268.0,0.4467564,0.00306,0.2359241,0.2168142,0.8041616,0.0278458,0.6310122,0.0035894,0.0179469,0.093689,0.0043073,0.9863604,0.3175016,0.0582278,0.5294118,9.735128070758227
1621.0,0.4867366,0.0080197,0.1252313,0.0600962,0.9228871,0.0,0.8216667,0.0033333,0.0233333,0.0521327,0.0083333,0.9966667,0.1026856,0.1150442,0.5,11.307142836927456
14459.0,0.4669756,0.0008299,0.2587316,0.1773712,0.8667266,0.0320907,0.7558651,0.0009164,0.0205279,0.0172911,0.0009164,0.9818548,0.1902017,0.0369942,0.3214286,11.597275804538212
40775.0,0.4896137,0.2858614,0.1444022,0.116573,0.7940895,0.0515512,0.6580363,0.004178,0.0457682,0.1337464,0.2456163,0.9872761,0.4003071,0.0866959,0.5376344,10.526775414924009
229.0,0.4759825,0.0,0.2489083,0.1833333,0.8296943,0.0,0.6407767,0.0,0.0194175,0.1043478,0.0,1.0,0.3043478,0.12,0.8,9.966509298952284
663.0,0.4600302,0.0180995,0.2473605,0.2039106,0.8129713,0.1025641,0.7545455,0.0,0.0090909,0.07173,0.0227273,0.9954545,0.2447257,0.173913,1.0,10.243560441877241
48.0,0.4791667,0.0,0.1875,0.04,0.8958333,0.0,0.7368421,0.0,0.0,0.2083333,0.0,1.0,0.3333333,0.4,1.0,9.615805480084347
10181.0,0.4956291,0.0110991,0.0139475,0.0103213,0.919556,0.0,0.8162393,0.0022792,0.0441595,0.0642495,0.0128205,0.9723647,0.1031725,0.0343511,0.375,11.520903555205116
8924.0,0.5118781,0.0012326,0.0320484,0.0273186,0.9365755,0.0,0.8610294,0.0073529,0.0496324,0.0327169,0.0014706,0.9955882,0.1194879,0.1094891,0.7083333,11.235866764155578
583.0,0.4768439,0.0,0.1217839,0.0786885,0.9073756,0.0,0.7621359,0.0,0.0242718,0.0678733,0.0,0.9902913,0.2262443,0.16,0.0,9.942756341456828
5662.0,0.4745673,0.0010597,0.2306605,0.1418487,0.8539385,0.0,0.6964803,0.0037267,0.0298137,0.0246365,0.0016563,0.9846791,0.2100162,0.0390492,0.6,11.273411140805074
736.0,0.4809783,0.0027174,0.1127717,0.078534,0.892663,0.0,0.7562724,0.0,0.0250896,0.0477816,0.0035842,1.0,0.2320819,0.1285714,0.5,10.261196961231647
4483.0,0.5184029,0.0015615,0.1146554,0.0745716,0.8666072,0.0,0.7453416,0.0149068,0.0857143,0.195,0.0006211,0.9677019,0.532,0.1542373,0.3913043,10.295563423525277
2154.0,0.5064995,0.0129991,0.0232126,0.0244591,0.95961,0.0,0.9081921,0.0014124,0.0282486,0.0585106,0.0127119,0.9985876,0.0159574,0.0588235,0.5172414,12.142605550210915
2360.0,0.4605932,0.0021186,0.1686441,0.1421838,0.85,0.0076271,0.7002119,0.0095339,0.0423729,0.0606965,0.0010593,0.9957627,0.2885572,0.0915033,0.3333333,11.05723491317159
4223.0,0.4896993,0.0078143,0.1302392,0.062181,0.8837319,0.0,0.7625767,0.004908,0.0515337,0.0297619,0.0055215,0.9588957,0.1857143,0.0909091,0.3888889,10.933124826700707
2685.0,0.4454376,0.003352,0.2048417,0.1417058,0.7884544,0.0256983,0.6305677,0.0026201,0.0558952,0.0675896,0.0008734,0.9973799,0.3314332,0.026694,0.2857143,11.625369830810577
227.0,0.5198238,0.0,0.1365639,0.0917431,0.8898678,0.0,0.7439024,0.0,0.0487805,0.0681818,0.0,1.0,0.2159091,0.1818182,0.0,10.97679912709094
133.0,0.4586466,0.0,0.1804511,0.125,0.8120301,0.0,0.6034483,0.0,0.0344828,0.1470588,0.0,1.0,0.3529412,0.3333333,1.0,9.615805480084347
152466.0,0.46188,0.3367177,0.1526176,0.1339509,0.8037136,0.0325909,0.6481496,0.0030075,0.0409637,0.1066651,0.3022018,0.9944996,0.3983276,0.0661372,0.4954407,10.534785924769006
557.0,0.5260323,0.0035907,0.1400359,0.0984848,0.8599641,0.0,0.6696833,0.0045249,0.0180995,0.116,0.0090498,0.959276,0.396,0.1833333,0.75,10.05195066017375
4400.0,0.4570455,0.0088636,0.2179545,0.1720385,0.83,0.0329545,0.6833999,0.0039932,0.0222476,0.0977869,0.0108386,0.9925841,0.2882141,0.0837887,0.7037037,10.173552856959743
115.0,0.5043478,0.0,0.2608696,0.122807,0.8608696,0.0,0.6875,0.0,0.0208333,0.1864407,0.0,1.0,0.2881356,0.1428571,0.0,9.615805480084347
71.0,0.4366197,0.0,0.1971831,0.05,0.8591549,0.0,0.6551724,0.0,0.0,0.1470588,0.0,1.0,0.1176471,0.0,1.0,9.615805480084347
2421.0,0.4791409,0.0012392,0.1553077,0.1086439,0.8603883,0.0,0.6927966,0.0042373,0.0381356,0.0931796,0.0010593,0.996822,0.2238232,0.0408163,0.5,10.154285180632154
2098.0,0.4971401,0.0452812,0.0104862,0.0170616,0.9394662,0.0,0.8603269,0.0059435,0.0297177,0.0480905,0.0430906,0.9881129,0.1074965,0.1639344,0.4,11.05723491317159
7492.0,0.4499466,0.4438067,0.1809931,0.1662218,0.8557128,0.019354,0.688542,0.0017737,0.0166726,0.0781557,0.3777935,0.9985811,0.3136037,0.1454082,0.6515152,10.173552856959743
26401.0,0.5113064,0.1325329,0.044771,0.0541776,0.8758002,0.0067422,0.7684091,0.0095455,0.0822727,0.0749501,0.1263636,0.9419318,0.2469253,0.1361621,0.2545455,11.52683823202353
28419.0,0.4884408,0.0015483,0.1023611,0.0892145,0.9397938,0.0115416,0.8737898,0.0030697,0.0251476,0.021601,0.0012987,0.974144,0.072889,0.1759398,0.6081081,11.875490030985144
548.0,0.4854015,0.0018248,0.1113139,0.1276596,0.8850365,0.0,0.7357513,0.0,0.0569948,0.0492611,0.0,0.9430052,0.2857143,0.1,0.0,11.265758139843117
4356.0,0.4545455,0.1120294,0.1721763,0.1603535,0.8507805,0.0264004,0.7110199,0.0017585,0.0187573,0.0590182,0.0908558,0.9976553,0.2879206,0.0875,0.6190476,10.524090921620362
187.0,0.4491979,0.0,0.2139037,0.1747573,0.9090909,0.0160428,0.7910448,0.0,0.0,0.1927711,0.0,1.0,0.2289157,0.1818182,0.0,9.966509298952284
1140.0,0.4526316,0.0,0.2105263,0.2115385,0.8105263,0.077193,0.7283372,0.0046838,0.0187354,0.0777538,0.0,0.9906323,0.3736501,0.1180556,1.0,9.770013301136158
2296.0,0.46777,0.0008711,0.1907666,0.1489362,0.8401568,0.0413763,0.710496,0.0023068,0.0196078,0.0493421,0.0,0.9965398,0.2434211,0.0779817,0.2727273,10.203629181337648
42608.0,0.4684332,0.0159125,0.1479065,0.1172679,0.7914711,0.0177197,0.6133548,0.0049997,0.0540526,0.0539731,0.0152769,0.9921671,0.419382,0.0431971,0.4117647,10.502351525774941
15388.0,0.5074734,0.145503,0.0496491,0.0455205,0.8115415,0.0,0.653086,0.0090153,0.1213592,0.0841537,0.1367892,0.7969834,0.5320737,0.0837438,0.3181818,10.995427631436174
441.0,0.4739229,0.0,0.3061224,0.2241379,0.7823129,0.0,0.549763,0.0,0.0047393,0.0982906,0.0,1.0,0.4273504,0.0645161,0.5,9.615805480084347
1043.0,0.5071908,0.0910834,0.2061361,0.1789883,0.8772771,0.0,0.7018779,0.0,0.0023474,0.1870229,0.0751174,0.899061,0.3683206,0.0980392,0.6666667,9.615805480084347
139.0,0.4388489,0.0,0.1870504,0.0897436,0.9208633,0.0,0.8163265,0.0,0.0204082,0.0754717,0.0,1.0,0.2264151,0.3333333,0.0,9.615805480084347
3024.0,0.4520503,0.0,0.2380952,0.2015691,0.8141534,0.0373677,0.6708661,0.0031496,0.0173228,0.0960854,0.0,0.9937008,0.4448399,0.082774,0.7368421,10.173552856959743
4271.0,0.5574807,0.1320534,0.0007024,0.0026455,0.8644346,0.131351,0.9839167,0.0,0.0009461,0.0637733,0.1343425,0.962157,0.2409212,0.1745731,0.0,10.628641991731053
1867.0,0.4724156,0.0005356,0.1531869,0.1279188,0.8296733,0.0,0.6462766,0.0106383,0.0505319,0.0481013,0.0,0.9986702,0.3987342,0.0505051,0.4,10.847412906506923
116646.0,0.4595271,0.8057027,0.1136859,0.1040226,0.8751522,0.0077242,0.7107987,0.0047598,0.0332455,0.1298585,0.7831722,0.953183,0.3621766,0.1439948,0.7783712,10.003378135350923
6815.0,0.4498899,0.2856933,0.2101247,0.1971192,0.8165811,0.0402054,0.6603704,0.0018519,0.0196296,0.0912151,0.2544444,0.9962963,0.3288455,0.1089536,0.5849057,10.295563423525277
4123.0,0.4911472,0.1474654,0.0419597,0.0424214,0.9209314,0.0,0.8132102,0.0021307,0.037642,0.0309704,0.1392045,0.9865057,0.074329,0.1493056,0.25,11.211833885608513
1298.0,0.4876733,0.0007704,0.1910632,0.1428571,0.8528505,0.0354391,0.708061,0.0,0.0239651,0.0417537,0.0,1.0,0.2484342,0.0416667,0.3333333,10.586609649448985
1243.0,0.4947707,0.003218,0.1987128,0.093949,0.9090909,0.0,0.7942974,0.0020367,0.0224033,0.1635434,0.0020367,0.9755601,0.3219761,0.0434783,0.5,11.194110418585193
9556.0,0.48964,0.0048137,0.1139598,0.1039574,0.8997488,0.0185224,0.7928248,0.0022624,0.0342599,0.033125,0.0054945,0.9806076,0.2815625,0.0560345,0.6060606,11.885874268401459
1070.0,0.4672897,0.0,0.2074766,0.1561404,0.8439252,0.0,0.6666667,0.0021786,0.0261438,0.0594262,0.0,0.9978214,0.3053279,0.0869565,1.0,9.615805480084347
3076.0,0.4642393,0.0071521,0.2278934,0.1735437,0.6579974,0.2074122,0.6347746,0.0,0.0147194,0.0803723,0.00092,0.9944802,0.2808799,0.0558824,0.7,10.416341118636355
1354.0,0.4615953,0.0,0.2496307,0.2098765,0.8190547,0.0568685,0.7021661,0.0018051,0.0054152,0.0947712,0.0,1.0,0.380719,0.0714286,0.6363636,10.073272520325904
15144.0,0.5094427,0.0783148,0.1605917,0.1346076,0.7243133,0.1262546,0.6441076,0.0048728,0.0406064,0.0547595,0.023281,0.9839379,0.3065507,0.0549118,0.4827586,10.434145214930487
439.0,0.4851936,0.0523918,0.1275626,0.1150442,0.904328,0.0,0.748503,0.0,0.0,0.1021505,0.0538922,0.994012,0.327957,0.1041667,1.0,10.30229722897745
25925.0,0.4934619,0.0460174,0.1215815,0.094502,0.7428351,0.047676,0.6108045,0.0039694,0.103495,0.0914768,0.0352406,0.985865,0.468203,0.0726304,0.7151515,11.610968271383634
824.0,0.4550971,0.4502427,0.2148058,0.2427617,0.7924757,0.086165,0.677305,0.0035461,0.0212766,0.1705882,0.3758865,0.9929078,0.3882353,0.1359223,0.8,9.615805480084347
5892.0,0.4558724,0.0015275,0.2615411,0.1584529,0.7477936,0.0168024,0.5799782,0.0090678,0.0649256,0.3146905,0.0010881,0.9880305,0.4941586,0.0492424,0.3131313,10.774801838762809
502.0,0.501992,0.0,0.1693227,0.108,0.9123506,0.0,0.7857143,0.0,0.0102041,0.1131222,0.0,1.0,0.39819,0.0263158,0.0,10.064798252418377
133.0,0.4661654,0.0,0.2556391,0.1690141,0.8345865,0.0,0.6779661,0.0169492,0.0338983,0.1805556,0.0,1.0,0.1666667,0.1111111,0.0,9.615805480084347
5143.0,0.488042,0.3293797,0.1238577,0.1109001,0.8841143,0.0130274,0.7569181,0.0043407,0.032013,0.0485287,0.3255562,0.9962018,0.2632938,0.152439,0.4666667,9.820160289946374
1782.0,0.4753086,0.0662177,0.1116723,0.0641711,0.8613917,0.0084175,0.7014706,0.0058824,0.0323529,0.1875747,0.0705882,0.8867647,0.5005974,0.1,0.5,10.609081944147828
5374.0,0.474879,0.0033495,0.0861556,0.0719348,0.8781169,0.0119092,0.7650131,0.0067885,0.0522193,0.0179487,0.002611,0.9958225,0.2235897,0.0612903,0.5,11.211833885608513
22326.0,0.475589,0.0073009,0.1345964,0.0900239,0.8548777,0.0119144,0.7182186,0.005321,0.0484673,0.0305035,0.0057837,0.9882013,0.2836156,0.0608,0.3333333,10.881832472145556
916.0,0.5043668,0.0076419,0.0927948,0.0770925,0.889738,0.0,0.7460815,0.0062696,0.0376176,0.042042,0.0062696,0.9937304,0.1591592,0.1204819,0.0,11.500863005142227
301.0,0.4684385,0.0,0.2657807,0.1625,0.8604651,0.0,0.6821705,0.0,0.0077519,0.1677419,0.0,1.0,0.316129,0.0294118,1.0,9.615805480084347
1863.0,0.4949007,0.0,0.1529791,0.1253985,0.8582931,0.0010735,0.7034014,0.0054422,0.0517007,0.0173797,0.0,0.9959184,0.2553476,0.0681004,0.0,10.83370091325064
1820.0,0.4917582,0.0032967,0.1664835,0.1221622,0.8741758,0.0027473,0.723796,0.0014164,0.0311615,0.0722733,0.0014164,0.9886686,0.2746386,0.0869565,0.6666667,10.261196961231647
577.0,0.4558059,0.7850953,0.0866551,0.089172,0.9428076,0.0,0.8154762,0.0,0.0119048,0.1016043,0.7083333,0.9880952,0.2352941,0.2857143,0.5,9.994287576862567
16609.0,0.4552953,0.4985851,0.1302908,0.120703,0.7333976,0.147691,0.6788458,0.0011242,0.0380364,0.1240768,0.4697396,0.9891325,0.3664861,0.1336312,0.7916667,10.416341118636355
318.0,0.5125786,0.0,0.1509434,0.1483871,0.6949686,0.0,0.4657534,0.0205479,0.0753425,0.0931677,0.0,1.0,0.6335404,0.08,1.0,10.39821428171237
18567.0,0.4887704,0.0015619,0.117628,0.083228,0.9475413,0.0012926,0.8700794,0.0006758,0.0216253,0.0146496,0.0010137,0.9832742,0.0615948,0.0761671,0.5925926,12.063938642041201
625.0,0.5008,0.0032,0.1728,0.1410256,0.8304,0.0,0.6177606,0.003861,0.019305,0.1480263,0.007722,0.984556,0.5526316,0.0714286,0.6666667,10.505094936455558
752.0,0.4441489,0.4534574,0.1609043,0.1555024,0.8856383,0.0,0.7118056,0.0034722,0.0069444,0.0588235,0.3576389,1.0,0.3300654,0.1304348,0.0,9.798182590890704
3050.0,0.4521311,0.6022951,0.1144262,0.1262717,0.9081967,0.0,0.7490234,0.0039062,0.0185547,0.0970018,0.5195312,0.9960938,0.2504409,0.1818182,0.5555556,10.440010162389305
373.0,0.541555,0.002681,0.075067,0.0935673,0.9410188,0.0,0.8058252,0.0,0.0194175,0.2255639,0.0,0.9902913,0.6315789,0.1666667,0.0,9.615805480084347
7380.0,0.4615176,0.2178862,0.1100271,0.1092099,0.8531165,0.0089431,0.7040743,0.0075054,0.0493209,0.142244,0.1890636,0.9899929,0.4451257,0.0991464,0.3076923,10.900454637442037
230.0,0.4956522,0.0956522,0.1130435,0.1293103,0.8913043,0.0,0.7472527,0.0,0.021978,0.125,0.0769231,1.0,0.3942308,0.0,0.0,10.499600568082863
879.0,0.5005688,0.0,0.1217292,0.1070615,0.8919226,0.0,0.754717,0.009434,0.0471698,0.133515,0.0,0.9937107,0.3106267,0.0721649,0.5,10.268165387743457
725.0,0.4993103,0.0,0.1117241,0.0991736,0.897931,0.0,0.778626,0.0152672,0.0305344,0.070922,0.0,1.0,0.2659574,0.1,0.25,10.081675578048475
1799.0,0.5364091,0.0088938,0.0138966,0.0191847,0.9021679,0.0,0.7237288,0.0016949,0.0186441,0.2257218,0.0101695,0.6288136,0.2414698,0.2273504,0.0,11.063524143191238
1147.0,0.4960767,0.0,0.1595466,0.1245675,0.8735833,0.0,0.6981982,0.0022523,0.0225225,0.075,0.0,0.9977477,0.3479167,0.0821918,0.7692308,9.615805480084347
265.0,0.4716981,0.4528302,0.1924528,0.1571429,0.9056604,0.0,0.7473684,0.0,0.0105263,0.1037736,0.3578947,0.9894737,0.2924528,0.375,0.5,9.615805480084347
6837.0,0.4578031,0.5193798,0.1519672,0.1521446,0.8594413,0.0299839,0.7145757,0.001218,0.0186764,0.0688091,0.4596021,0.9951279,0.3391304,0.1484099,0.53125,10.295563423525277
1467.0,0.4907975,0.002045,0.1792774,0.1646586,0.8275392,0.0224949,0.6854701,0.0102564,0.0461538,0.0503247,0.0017094,0.9965812,0.2256494,0.0541872,0.25,10.379752786950895
593.0,0.4637437,0.0,0.2731872,0.1132075,0.9123103,0.0,0.7983871,0.0,0.0080645,0.042471,0.0,0.9959677,0.003861,0.0,0.0,12.058158312538197
7687.0,0.4778197,0.0022115,0.037726,0.0565521,0.9447119,0.0251073,0.8913878,0.0032913,0.0137137,0.1791986,0.0016456,0.9873834,0.667267,0.3961783,0.0,9.615805480084347
1178.0,0.475382,0.0,0.1808149,0.1343042,0.8913413,0.0,0.7352298,0.0,0.0153173,0.0235043,0.0,1.0,0.2521368,0.0917431,0.6666667,10.502351525774941
2936.0,0.494891,0.015327,0.0378065,0.0276467,0.9615123,0.0,0.9095982,0.0100446,0.0223214,0.0344828,0.0145089,0.9933036,0.0431034,0.2068966,0.5,11.372524818667134
33111.0,0.4972668,0.058319,0.0304733,0.030638,0.9299931,0.0,0.8363279,0.0052405,0.0404267,0.068271,0.0525922,0.9288789,0.1341006,0.1592814,0.5413105,10.723289410218579
240.0,0.4833333,0.0,0.1,0.1048387,0.8458333,0.0,0.6631579,0.0,0.0526316,0.0952381,0.0,1.0,0.3333333,0.0952381,1.0,9.615805480084347
8357.0,0.4642814,0.0342228,0.0908221,0.0848783,0.4466914,0.4219217,0.594023,0.0018391,0.0777011,0.0649183,0.0105747,0.9967816,0.455718,0.0434419,0.4166667,10.480129006333248
740.0,0.4635135,0.0,0.1608108,0.1486146,0.8878378,0.0,0.7266436,0.0,0.0138408,0.0302013,0.0,1.0,0.2013423,0.0,0.0,10.177362240256695
841.0,0.508918,0.0023781,0.1664685,0.0895884,0.9060642,0.0,0.7707006,0.0,0.022293,0.0542169,0.0031847,1.0,0.2228916,0.0740741,1.0,10.214678610538817
342.0,0.4473684,0.0,0.122807,0.1322751,0.8859649,0.0,0.7218045,0.0,0.0150376,0.1474359,0.0,1.0,0.2692308,0.15,0.6666667,10.36410350510914
105.0,0.4761905,0.0,0.3047619,0.1454545,0.8761905,0.0,0.7173913,0.0,0.0,0.1481481,0.0,1.0,0.1481481,0.2,1.0,9.615805480084347
1650.0,0.4618182,0.0545455,0.1660606,0.1463964,0.8927273,0.0,0.7496013,0.0063796,0.0223285,0.0542986,0.0510367,0.9920255,0.3755656,0.127451,0.4,10.25769445336048
15607.0,0.4949702,0.026911,0.0635612,0.0515098,0.930544,0.0072403,0.8475634,0.0037037,0.0243665,0.0701468,0.0272904,0.939961,0.2184158,0.153913,0.5151515,10.96648993456911
1533.0,0.4716243,0.0,0.1082844,0.0888889,0.8956295,0.0,0.7555556,0.0051282,0.0239316,0.0549273,0.0,0.9931624,0.3053312,0.0810811,0.5555556,10.410335274932896
115.0,0.5130435,0.0,0.2,0.1071429,0.8521739,0.0,0.6530612,0.0,0.0,0.0392157,0.0,1.0,0.2352941,0.0833333,0.0,10.335302435967074
1542.0,0.4798962,0.0071336,0.0817121,0.0623441,0.9332036,0.0,0.8308271,0.0,0.0225564,0.025641,0.0056391,0.9718045,0.1575092,0.0967742,0.6666667,10.891186902297498
1506.0,0.5212483,0.0146082,0.060425,0.0402219,0.9010624,0.0,0.7921847,0.0071048,0.0408526,0.123053,0.0142096,1.0,0.2975078,0.0555556,0.5,11.047726275896391
85.0,0.5058824,0.0,0.2941176,0.3095238,0.8235294,0.0,0.5833333,0.0,0.0,0.3333333,0.0,0.8611111,0.5555556,0.2,0.0,9.615805480084347
249.0,0.4899598,0.0160643,0.060241,0.0314961,0.9156627,0.0,0.804878,0.0121951,0.0243902,0.0989011,0.0121951,1.0,0.2637363,0.0714286,0.0,9.615805480084347
219531.0,0.4727168,0.438872,0.1146125,0.0981815,0.7762503,0.0484442,0.6317855,0.0030238,0.0713223,0.1418421,0.3766739,0.9851572,0.4197704,0.0864411,0.7057878,10.668978650219241
848.0,0.4893868,0.0,0.1450472,0.108545,0.8726415,0.0,0.7029412,0.0029412,0.0176471,0.0581717,0.0,0.9735294,0.2354571,0.0526316,0.2,10.32551474894327
5810.0,0.4511188,0.1488812,0.1965577,0.1740357,0.8187608,0.0364888,0.6795351,0.0024907,0.0182648,0.0777182,0.1407223,0.9941885,0.3319296,0.0816078,0.4545455,10.39821428171237
282.0,0.4432624,0.2446809,0.2304965,0.1847134,0.8652482,0.0,0.6923077,0.008547,0.008547,0.025,0.1880342,0.982906,0.1583333,0.16,0.0,10.25769445336048
2292.0,0.4982548,0.0235602,0.0728621,0.066087,0.9018325,0.0,0.7697044,0.0073892,0.0381773,0.0793651,0.0246305,0.9926108,0.3004535,0.1055901,0.35,10.751520856703959
3206.0,0.4828447,0.0299439,0.0630069,0.0560917,0.893325,0.0,0.7671875,0.0046875,0.0289063,0.0426328,0.0304687,0.9945312,0.2640239,0.0178042,0.2222222,11.13751903414526
26.0,0.5384615,0.0,0.2307692,0.0833333,0.7307692,0.0,0.5833333,0.0,0.1666667,0.3333333,0.0,0.9166667,0.4444444,0.0,0.0,9.615805480084347
6869.0,0.6552628,0.1637793,0.0005823,0.0021115,0.6446353,0.3505605,0.9743809,0.0,0.0025619,0.0306291,0.1665243,0.8633646,0.375,0.2549187,0.0,11.959538914341756
386.0,0.4455959,0.3419689,0.246114,0.2009346,0.7849741,0.0751295,0.6709677,0.0,0.0193548,0.1091954,0.2709677,0.9935484,0.2183908,0.0909091,0.75,10.468829770273567
15076.0,0.4820907,0.0027196,0.1770363,0.1155225,0.8084373,0.0186389,0.6564299,0.0084773,0.0574216,0.0551609,0.0023992,0.9849648,0.4155962,0.0793531,0.3492063,10.485731104959568
2541.0,0.4994097,0.0373869,0.2011019,0.1367925,0.8953168,0.0,0.757515,0.002004,0.0200401,0.0272904,0.0370741,1.0,0.1803119,0.0818182,0.7142857,10.278527816830314
719.0,0.4687065,0.0013908,0.1529903,0.1151832,0.8817803,0.0,0.7178571,0.0,0.0214286,0.0572391,0.0,0.9892857,0.2828283,0.0535714,1.0,10.243560441877241
11598.0,0.5436282,0.0782894,0.1826177,0.1689023,0.6541645,0.2302983,0.6727127,0.0042678,0.0242731,0.091812,0.0069352,0.9957322,0.3631298,0.0763052,0.3466667,10.529452721013085
3241.0,0.4615859,0.0003085,0.1181734,0.1077364,0.8719531,0.0283863,0.7688442,0.0025126,0.0335008,0.0292683,0.0,0.9924623,0.298374,0.0375427,0.0,10.801634680173994
79.0,0.5189873,0.0,0.1139241,0.0789474,0.9240506,0.0,0.8148148,0.0,0.037037,0.0689655,0.0,0.8518519,0.3103448,0.1666667,1.0,10.75579427616868
3655.0,0.4954856,0.0076607,0.1288646,0.0900217,0.8415869,0.0,0.6730506,0.004104,0.0444596,0.0494148,0.005472,0.994528,0.2938882,0.0701299,0.5,10.474495347310453
438.0,0.5045662,0.0,0.1141553,0.0599078,0.9474886,0.0,0.869281,0.0,0.0196078,0.0254777,0.0,1.0,0.0636943,0.125,1.0,10.821796246953596
1431.0,0.4654088,0.0006988,0.1774983,0.1411765,0.9035639,0.0,0.7595628,0.0,0.010929,0.0647359,0.0,0.996357,0.197615,0.0740741,0.8,10.012386799492118
33836.0,0.4710959,0.0060291,0.1708535,0.1274586,0.8669169,0.0296725,0.7535306,0.001345,0.0375757,0.0225947,0.0063887,0.9934432,0.2013803,0.0547945,0.5357143,11.869207331664223
446.0,0.4596413,0.2466368,0.1636771,0.1369295,0.8811659,0.0,0.7175141,0.0,0.0169492,0.1365854,0.2372881,0.9943503,0.3219512,0.1333333,1.0,9.615805480084347
1695.0,0.4914454,0.0082596,0.0867257,0.075406,0.919174,0.0,0.8045375,0.008726,0.0314136,0.0682927,0.0052356,0.3769634,0.3674797,0.1269841,0.4444444,10.868587496017359
3806.0,0.4737257,0.0055176,0.1613242,0.1298053,0.7301629,0.0,0.5469388,0.0069971,0.0886297,0.0633534,0.0052478,0.9941691,0.379574,0.0341772,0.7368421,11.47107168834584
1321.0,0.4981075,0.0,0.0915973,0.0769231,0.9114307,0.0,0.7826087,0.0043478,0.023913,0.0376569,0.0,0.9978261,0.1192469,0.0746269,0.0,10.680539205318292
322.0,0.5031056,0.0,0.1521739,0.11875,0.8136646,0.0,0.6240602,0.0075188,0.0601504,0.4035874,0.0,0.962406,0.4035874,0.0540541,1.0,10.604131561522696
379.0,0.4907652,0.0,0.23219,0.1295337,0.8812665,0.0,0.7333333,0.0,0.0333333,0.0853659,0.0,1.0,0.2439024,0.125,1.0,10.056251557087757
996.0,0.4628514,0.0,0.2680723,0.1869159,0.7831325,0.0662651,0.6573604,0.0,0.035533,0.1224944,0.0,0.9974619,0.4253898,0.0300752,0.6,10.292179440058462
1293.0,0.4748647,0.0046404,0.162413,0.1237113,0.8894045,0.0,0.75,0.0,0.0362903,0.0641509,0.0040323,0.9959677,0.1377358,0.0210526,0.4,11.472113887062386
15208.0,0.4681089,0.1490663,0.1522225,0.139325,0.8405445,0.0325487,0.7146725,0.0045693,0.0301235,0.1036104,0.1380944,0.9976307,0.3446602,0.0727347,0.3604651,10.77270764101727
1392.0,0.4640805,0.0007184,0.1918103,0.1662198,0.8491379,0.0301724,0.7058824,0.0056926,0.0170778,0.158147,0.0,0.9924099,0.313099,0.1351351,0.6451613,9.615805480084347
5209.0,0.4471108,0.0007679,0.2918026,0.2395833,0.8110962,0.0,0.6031343,0.0016942,0.0156713,0.1531564,0.0004235,0.9944939,0.1535151,0.0491803,0.9605263,9.615805480084347
205.0,0.4878049,0.0,0.1219512,0.047619,0.9317073,0.0,0.8196721,0.0,0.0327869,0.115942,0.0,0.9836066,0.2173913,0.3333333,1.0,10.207325906555994
740.0,0.4837838,0.0,0.2594595,0.1649215,0.7824324,0.0621622,0.6568627,0.003268,0.0261438,0.1523546,0.0,0.996732,0.3379501,0.0978261,0.0,10.043292972227004
1199.0,0.4753962,0.000834,0.1000834,0.0620032,0.9316097,0.0,0.8439024,0.0073171,0.0268293,0.0352941,0.002439,1.0,0.1717647,0.1370968,0.6,10.887455624298198
4136.0,0.4726789,0.0024178,0.2475822,0.1980743,0.7954545,0.0079787,0.6109604,0.002713,0.0379816,0.078039,0.0,0.9934889,0.2711356,0.0494905,0.4666667,10.21833478806055
565.0,0.5044248,0.0,0.1451327,0.1071429,0.8849558,0.0,0.7214612,0.0,0.0182648,0.0720339,0.0,1.0,0.2457627,0.137931,0.5,10.138599199626192
2752.0,0.4890988,0.0054506,0.2921512,0.1372688,0.8492006,0.002907,0.7218107,0.0024691,0.0502058,0.244403,0.0041152,0.9917695,0.4060945,0.1172414,0.5185185,10.638280388314705
6577.0,0.4812224,0.2878212,0.1444428,0.1254396,0.8835335,0.0030409,0.7383409,0.0053652,0.0359059,0.0623065,0.2637227,0.9867932,0.2685759,0.1206897,0.625,10.866680954096502
20268.0,0.5571344,0.1795441,0.0183047,0.0197193,0.8174956,0.134103,0.869811,0.0040629,0.0307366,0.0713583,0.166225,0.9436495,0.3654856,0.141994,0.2608696,10.891186902297498
288.0,0.5138889,0.0,0.1631944,0.1,0.8715278,0.0,0.7391304,0.0086957,0.0434783,0.0086207,0.0,0.9826087,0.3534483,0.1333333,0.0,9.615805480084347
3490.0,0.4739255,0.0054441,0.1710602,0.1399782,0.8280802,0.0191977,0.6671544,0.0043892,0.0490124,0.0825503,0.0021946,0.9934162,0.2610738,0.0704501,0.6842105,10.969938154395841
2763.0,0.4654361,0.2099168,0.1509229,0.1286391,0.9001086,0.0,0.7556818,0.0018939,0.0113636,0.0704225,0.1912879,0.9962121,0.2878521,0.1126761,0.5,10.555838779903407
704.0,0.4488636,0.4048295,0.1576705,0.1340206,0.9119318,0.0,0.7601626,0.0,0.0121951,0.0955882,0.2764228,0.9918699,0.3051471,0.25,1.0,9.686636660844938
71.0,0.4225352,0.0,0.0985915,0.1463415,0.915493,0.0,0.8,0.0,0.04,0.2424242,0.0,1.0,0.3030303,0.5,0.6666667,9.75272280064639
10507.0,0.5016656,0.0466356,0.0885124,0.0700917,0.8873132,0.0091368,0.773997,0.0048248,0.0380904,0.0749354,0.0431691,0.9766379,0.2793047,0.0747521,0.4927536,11.007103966325696
323.0,0.4798762,0.0619195,0.1517028,0.1488095,0.8575851,0.0,0.6742424,0.0075758,0.0151515,0.1081081,0.030303,0.9924242,0.4594595,0.12,0.5,9.883335864325275
391.0,0.4757033,0.0,0.2046036,0.1317073,0.8721228,0.0,0.6956522,0.0,0.0062112,0.0584795,0.0,0.9751553,0.3157895,0.0909091,0.0,10.142543822310387
1801.0,0.5008329,0.103276,0.0749584,0.0823137,0.8978345,0.0,0.7658321,0.005891,0.0265096,0.0946667,0.10162,0.9985272,0.3786667,0.0900474,1.0,10.718874489469398
562.0,0.4697509,0.0,0.202847,0.1375839,0.8523132,0.0,0.6848739,0.0042017,0.0168067,0.1376812,0.0,0.9957983,0.3333333,0.0540541,0.6666667,10.664316745782925
303.0,0.4719472,0.0,0.1122112,0.1125,0.8052805,0.0429043,0.6724138,0.0,0.0603448,0.0413223,0.0,0.9913793,0.3057851,0.08,0.0,10.680539205318292
15576.0,0.4707242,0.4918464,0.0980996,0.0851528,0.8973421,0.0116846,0.7776883,0.0048329,0.0455095,0.0497512,0.4603302,0.882199,0.4137007,0.230654,0.5128205,11.16479958768697
5571.0,0.4512655,0.0592353,0.2509424,0.1874387,0.8056004,0.0344642,0.6523207,0.0037975,0.0206751,0.091606,0.0518987,0.9978903,0.3250287,0.0520984,0.7435897,10.142543822310387
7010.0,0.463766,0.0061341,0.1146933,0.0763501,0.8285307,0.0,0.6614853,0.0037997,0.0639033,0.0391636,0.0048359,0.9903282,0.2054431,0.0362647,0.1764706,11.217224661591072
3858.0,0.4955936,0.005184,0.0790565,0.0241521,0.9629342,0.0,0.9164063,0.003125,0.0179687,0.0361446,0.00625,0.9828125,0.0316265,0.1459854,0.3181818,11.796607046116602
181.0,0.5469613,0.0,0.0773481,0.1097561,0.9171271,0.0,0.7619048,0.0,0.0,0.1126761,0.0,1.0,0.2535211,0.3333333,1.0,9.615805480084347
291.0,0.4879725,0.2955326,0.1477663,0.1073826,0.9037801,0.0,0.7619048,0.0,0.0285714,0.0540541,0.2095238,1.0,0.2882883,0.2413793,1.0,10.723289410218579
1118.0,0.5125224,0.0017889,0.2155635,0.146789,0.8336315,0.0,0.6453608,0.0020619,0.0247423,0.1197822,0.0020619,1.0,0.353902,0.0327869,0.4666667,9.615805480084347
2057.0,0.6898396,0.1463296,0.1565386,0.2225705,0.4453087,0.4569762,0.6229167,0.0041667,0.0229167,0.1078067,0.00625,0.9854167,0.3011152,0.0795455,1.0,10.047631185616188
282.0,0.4964539,0.0,0.1241135,0.1267606,0.9007092,0.0,0.7788462,0.0096154,0.0288462,0.0956522,0.0,1.0,0.3304348,0.2173913,0.6666667,9.615805480084347
1494.0,0.4745649,0.0,0.2690763,0.2038217,0.7436412,0.0689424,0.6041667,0.0032051,0.0336538,0.0429448,0.0,1.0,0.3312883,0.04329,0.8888889,10.382853468483827
6019.0,0.5032397,0.0209337,0.0714404,0.0585284,0.8436617,0.0,0.7232388,0.0045746,0.1107045,0.0374284,0.0169259,0.9464776,0.1730515,0.0919708,0.1538462,11.863589378812122
802.0,0.5062344,0.0037406,0.0897756,0.0757576,0.8877805,0.0261845,0.7843866,0.0111524,0.0297398,0.1723077,0.0037175,0.9665428,0.2861538,0.2083333,0.6,10.034559673629849
183.0,0.4863388,0.0,0.2295082,0.1170213,0.8469945,0.0,0.6623377,0.0,0.012987,0.1149425,0.0,1.0,0.2528736,0.05,1.0,9.741027444837728
1233.0,0.458232,0.0,0.2570965,0.2125749,0.8167072,0.0324412,0.6610169,0.0,0.0112994,0.1337684,0.0,0.9887006,0.314845,0.0909091,0.3636364,10.142543822310387
700.0,0.4571429,0.0,0.3557143,0.2763158,0.7171429,0.0842857,0.5661017,0.0067797,0.0271186,0.0838509,0.0,1.0,0.3291925,0.0142857,0.6666667,10.021315031649332
2910.0,0.4783505,0.0006873,0.1707904,0.1100132,0.8635739,0.0,0.7019983,0.0017376,0.0399652,0.0254022,0.0,1.0,0.2506351,0.0431894,0.7142857,10.67130147767883
8590.0,0.5818393,0.3100116,0.0029104,0.0066815,0.7742724,0.2182771,0.967008,0.0,0.0022753,0.1652422,0.3100114,0.9277588,0.2193732,0.2744425,0.0,11.091346218718432
761.0,0.457293,0.0,0.2155059,0.1912833,0.7950066,0.0788436,0.6920415,0.0,0.0207612,0.0737179,0.0,1.0,0.2788462,0.1139241,0.75,10.188704088048116
209.0,0.5358852,0.0,0.1100478,0.0927835,0.8947368,0.0,0.7638889,0.0138889,0.0555556,0.0886076,0.0,1.0,0.2278481,0.0909091,0.0,9.615805480084347
1045.0,0.4851675,0.0038278,0.1511962,0.1040892,0.8851675,0.0,0.7447917,0.0052083,0.0364583,0.042394,0.0026042,0.9869792,0.2194514,0.1353383,0.25,11.094390314766315
1143.0,0.4969379,0.0,0.1312336,0.0834783,0.9011374,0.0,0.7736318,0.0049751,0.0373134,0.0863636,0.0,0.9726368,0.3340909,0.1923077,0.2,10.576457535657255
4759.0,0.4742593,0.0563144,0.2964909,0.1758593,0.8161378,0.011557,0.6549597,0.002373,0.0346464,0.0999573,0.0341718,0.9743711,0.3323366,0.1181818,0.640625,11.532737896139919
126.0,0.515873,0.0,0.1031746,0.1639344,0.8730159,0.0,0.6666667,0.0,0.0,0.1272727,0.0,1.0,0.4363636,0.0,1.0,9.615805480084347
1694.0,0.4822904,0.0,0.081464,0.0672748,0.9321133,0.0,0.8338762,0.0032573,0.0130293,0.0553846,0.0,0.9918567,0.1523077,0.09375,0.2,10.445840912706414
9841.0,0.4961894,0.0173763,0.0526369,0.0439693,0.9762219,0.0,0.930546,0.0003455,0.0096752,0.0337229,0.0145128,0.987906,0.0427379,0.0970149,0.7297297,12.253437985595856
2172.0,0.4429098,0.0124309,0.2854512,0.2256198,0.7720994,0.058011,0.6147903,0.0011038,0.0187638,0.0848485,0.0121413,1.0,0.3333333,0.0731707,0.6153846,9.717218213494077
5113.0,0.4594172,0.0015646,0.168981,0.1497829,0.8372775,0.0580872,0.7427835,0.0025773,0.0149485,0.0646095,0.0015464,0.9989691,0.3375121,0.0547337,0.5769231,10.499600568082863
59.0,0.5084746,0.0,0.3898305,0.2758621,0.7966102,0.0,0.6129032,0.0,0.0,0.1621622,0.0,1.0,0.2162162,0.3333333,0.0,9.61587214452889
1530.0,0.5091503,0.0130719,0.0777778,0.0505992,0.9104575,0.0,0.8201161,0.0058027,0.0522244,0.0318352,0.0096712,0.9961315,0.0543071,0.1489362,0.3846154,11.965916446305247
142.0,0.4507042,0.028169,0.1619718,0.1282051,0.8802817,0.0,0.7068966,0.0,0.0,0.2266667,0.0517241,1.0,0.28,0.25,0.5,9.615805480084347
29911.0,0.4884491,0.01685,0.0837819,0.0746356,0.8098024,0.0035104,0.632018,0.0025666,0.0686558,0.0407755,0.0161213,0.9495509,0.3583628,0.0498527,0.1408451,11.433893080082035
3600.0,0.4808333,0.0163889,0.1861111,0.1278759,0.8472222,0.0005556,0.6894569,0.0051118,0.0319489,0.0303594,0.0153355,0.9942492,0.2843866,0.0282132,0.2,10.959557617938563
584.0,0.515411,0.0017123,0.0787671,0.0706714,0.9178082,0.0,0.8103448,0.0057471,0.0517241,0.043956,0.0,0.9712644,0.1593407,0.3666667,1.0,10.92775337907558
10395.0,0.4758057,0.7897066,0.0618567,0.0583593,0.9326599,0.0088504,0.8365931,0.0041009,0.0205047,0.0819577,0.7252366,0.9902208,0.1653635,0.2185792,0.6890756,10.604131561522696
15132.0,0.4707243,0.0171821,0.164618,0.1223623,0.8257996,0.0202881,0.6615613,0.0055995,0.0363966,0.0458831,0.0141634,0.8825758,0.3153677,0.0640585,0.5102041,10.419330568113901
1300.0,0.5092308,0.0046154,0.1007692,0.0423197,0.8030769,0.0030769,0.6555118,0.0137795,0.1102362,0.2267884,0.0019685,0.9744094,0.4368341,0.1089744,0.4444444,11.442513730229855
6946.0,0.5,0.0077743,0.0882522,0.0679528,0.9252807,0.0012957,0.8266723,0.0012621,0.0281868,0.0254203,0.008414,0.9785444,0.1488315,0.0533981,0.0,12.34496899599742
393.0,0.5292621,0.0,0.0305344,0.0378378,0.8956743,0.0,0.6869565,0.0086957,0.0434783,0.1726619,0.0,0.9652174,0.6043165,0.2533333,1.0,10.077482875583607
5475.0,0.4557078,0.0,0.2794521,0.2040268,0.8089498,0.0334247,0.6588983,0.0021186,0.0186441,0.0988927,0.0,0.9940678,0.34937,0.0714286,0.630137,10.110542371500753
4411.0,0.4350487,0.6558603,0.1983677,0.2014446,0.8000453,0.0836545,0.6804408,0.0055096,0.0206612,0.1097486,0.5915978,0.9931129,0.3905579,0.1780604,0.9285714,9.957075711706057
1037.0,0.4657666,0.0,0.1890068,0.1173285,0.8919961,0.0,0.747619,0.0,0.0142857,0.0366972,0.0,1.0,0.3577982,0.0588235,0.6666667,10.278527816830314
580.0,0.4465517,0.0,0.1793103,0.1401869,0.8758621,0.0,0.7088608,0.0,0.0084388,0.0632411,0.0,0.9957806,0.3280632,0.1142857,0.0,10.199918739620157
1700.0,0.5117647,0.0023529,0.2923529,0.1156627,0.7894118,0.0276471,0.6706192,0.0052701,0.0645586,0.2609542,0.002635,0.9762846,0.5851996,0.0935252,0.4375,10.725489582719506
6874.0,0.5034914,0.0069828,0.0884492,0.0298857,0.9467559,0.0,0.8844244,0.0058691,0.0361174,0.1154153,0.0090293,0.9489842,0.1277955,0.2051282,0.4358974,12.103491596905931
1216.0,0.4761513,0.0065789,0.1036184,0.1083203,0.9013158,0.0,0.7470726,0.0046838,0.0210773,0.2375,0.0117096,0.9906323,0.5214286,0.2193548,0.25,9.758519582283522
475.0,0.4905263,0.0,0.1747368,0.0785124,0.8947368,0.0,0.7329545,0.0,0.0170455,0.078534,0.0,1.0,0.3089005,0.08,0.0,10.379752786950895
1119.0,0.5022341,0.0,0.0705987,0.0502693,0.9213584,0.0,0.8315789,0.0105263,0.0447368,0.0330789,0.0,1.0,0.1475827,0.1346154,0.0,10.499600568082863
173.0,0.4913295,0.0,0.1907514,0.1590909,0.849711,0.0,0.6621622,0.0,0.0135135,0.1190476,0.0,0.9864865,0.1785714,0.0769231,0.5,9.820160289946374
7119.0,0.4875685,0.0,0.1431381,0.0833333,0.9450766,0.0008428,0.8370166,0.0009208,0.0115101,0.310695,0.0,0.2895948,0.5715646,0.3034826,0.9230769,10.073272520325904
264.0,0.4810606,0.0,0.2272727,0.1386861,0.8674242,0.0,0.6909091,0.0,0.0090909,0.2517007,0.0,0.9909091,0.3809524,0.1666667,0.7142857,9.615805480084347
2159.0,0.4854099,0.0009264,0.1324687,0.0972097,0.8906901,0.0027791,0.7513089,0.0065445,0.0327225,0.1105937,0.0013089,0.7185864,0.3457509,0.1493213,0.7391304,10.716659698193956
225.0,0.4622222,0.0,0.1511111,0.1157025,0.8933333,0.0,0.7317073,0.0,0.0243902,0.1086957,0.0,1.0,0.2173913,0.3076923,1.0,9.615805480084347
2302.0,0.4913119,0.0,0.1581234,0.1093083,0.8331885,0.0,0.6648765,0.0064447,0.0590763,0.0736318,0.0,0.9967777,0.3273632,0.0716612,0.1666667,10.474495347310453
6181.0,0.4774308,0.0137518,0.1281346,0.0879257,0.8864261,0.0071186,0.7428066,0.0,0.0309872,0.0329623,0.0119522,0.9628154,0.2910959,0.0665722,0.5882353,12.722187257904775
346.0,0.4739884,0.0,0.2109827,0.1483516,0.8468208,0.0346821,0.7424242,0.0151515,0.030303,0.1020408,0.0,1.0,0.2176871,0.0769231,0.5,9.69898173460629
385.0,0.4727273,0.0,0.1194805,0.0689655,0.9428571,0.0,0.8181818,0.0,0.0,0.0763359,0.0,0.9752066,0.1755725,0.1666667,0.0,10.229223792606835
12183.0,0.4732004,0.0041041,0.1305097,0.1036148,0.7775589,0.0136255,0.6106708,0.0048328,0.0809975,0.095313,0.0046395,0.9926542,0.452256,0.0376452,0.625,11.395278670032656
31954.0,0.5069788,0.0293234,0.1290605,0.0895646,0.676535,0.1015835,0.5765382,0.004018,0.10557,0.0595688,0.0262349,0.9357126,0.5429355,0.0559235,0.2465753,12.221950915934197
336.0,0.4672619,0.0,0.1815476,0.150838,0.8958333,0.0,0.75,0.0,0.0234375,0.037594,0.0,1.0,0.2255639,0.1612903,0.5,9.961803629358965
2662.0,0.5075131,0.0,0.0864012,0.064836,0.9312547,0.0,0.8258427,0.0022472,0.0202247,0.1713222,0.0,0.9853933,0.2001862,0.1346154,0.7142857,10.868587496017359
204.0,0.5098039,0.0147059,0.1568627,0.13,0.877451,0.0,0.7037037,0.0,0.0123457,0.1649485,0.0123457,1.0,0.3092784,0.0833333,1.0,10.077482875583607
11809.0,0.4527056,0.6600051,0.1253281,0.124091,0.9015158,0.0105005,0.7476038,0.0045261,0.015442,0.0327067,0.5841321,0.9960064,0.2953902,0.2181947,0.1111111,10.344995251991222
2537.0,0.4808829,0.0240441,0.1217974,0.0721336,0.9014584,0.0,0.7774159,0.0010858,0.0380022,0.0274551,0.0260586,0.9923996,0.1151003,0.0680272,0.0,12.23125781971899
5583.0,0.4270106,0.0050152,0.2790614,0.2303845,0.7420742,0.0392262,0.5586836,0.0003965,0.035686,0.0348259,0.0043616,0.998414,0.2946804,0.0201613,0.2727273,11.170449240431308
2165.0,0.4605081,0.0120092,0.0891455,0.0667808,0.8055427,0.0794457,0.7067568,0.0027027,0.0337838,0.0339426,0.0040541,0.9932432,0.3655352,0.0748299,0.25,11.202329530346486
75.0,0.5333333,0.0,0.1733333,0.1142857,0.8666667,0.0,0.7,0.0,0.0333333,0.2682927,0.0,1.0,0.6829268,0.3333333,0.0,10.53212287826962
191.0,0.4659686,0.0,0.1780105,0.127451,0.8638743,0.0,0.675,0.0,0.0,0.1011236,0.0,1.0,0.3258427,0.1176471,1.0,9.729193687429403
300.0,0.44,0.0,0.1866667,0.1369048,0.8,0.0,0.5986395,0.0,0.0068027,0.4257812,0.0,1.0,0.484375,0.0135135,0.625,11.298506245754995
205.0,0.4829268,0.0,0.195122,0.1320755,0.8682927,0.0,0.686747,0.0,0.0120482,0.2844828,0.0,1.0,0.2327586,0.0,0.7777778,9.615805480084347
421.0,0.5083135,0.0071259,0.1543943,0.1256039,0.8503563,0.0,0.6863905,0.0118343,0.0414201,0.0611111,0.0,0.9940828,0.3222222,0.1304348,1.0,9.741027444837728
119.0,0.5630252,0.0,0.0168067,0.0384615,0.8739496,0.0,0.7142857,0.0238095,0.0714286,0.3114754,0.0,1.0,0.5409836,0.1538462,1.0,11.283524879179666
1842.0,0.4771987,0.0103149,0.1340934,0.0882658,0.8729642,0.0070575,0.7359307,0.0,0.046176,0.276618,0.008658,0.995671,0.2473904,0.0793651,0.5,11.712603850073448
5533.0,0.4718959,0.0178926,0.1783842,0.1492129,0.8362552,0.0350624,0.7057711,0.0037843,0.0307474,0.0860355,0.0184484,0.999527,0.2658885,0.0921986,0.4166667,10.146472946063877
5829.0,0.459427,0.0008578,0.2866701,0.2008886,0.7524447,0.0524961,0.5873397,0.0036058,0.0356571,0.0786268,0.0004006,0.9955929,0.2687339,0.0577586,0.5714286,10.25769445336048
264.0,0.4962121,0.0,0.1287879,0.1052632,0.8825758,0.0,0.7222222,0.0,0.0092593,0.107438,0.0,1.0,0.5289256,0.0,0.6666667,9.61587214452889
4504.0,0.4864565,0.0155417,0.1099023,0.0951146,0.937167,0.0035524,0.8129278,0.0007605,0.008365,0.040146,0.0144487,0.9847909,0.1978102,0.0528169,0.55,12.298200494359103
4222.0,0.4850782,0.0037897,0.1293226,0.0952162,0.8841781,0.0,0.7473421,0.0087555,0.0375235,0.0214198,0.003127,0.9962477,0.1982864,0.0399061,0.4,11.015361515187424
243.0,0.436214,0.0,0.2386831,0.1970803,0.8600823,0.0,0.6831683,0.0,0.019802,0.0560748,0.0,1.0,0.2897196,0.0714286,0.5,9.873079890114703
9616.0,0.453827,0.0087354,0.2097546,0.1568926,0.7981489,0.0107113,0.6014371,0.0026347,0.0356886,0.0397884,0.0100599,0.9952096,0.375805,0.0306825,0.3333333,10.849356503939038
50.0,0.5,0.0,0.14,0.08,0.96,0.0,0.8823529,0.0,0.0,0.0555556,0.0,1.0,0.1111111,0.0,0.0,10.53212287826962
11234.0,0.476945,0.005519,0.1848852,0.0997277,0.8916682,0.0,0.7610914,0.0011091,0.0250665,0.0180788,0.005102,0.993567,0.1060771,0.0668258,0.3333333,11.230575816507569
783.0,0.467433,0.0051086,0.1762452,0.1247002,0.8786718,0.0332056,0.7810219,0.0072993,0.0255474,0.0986842,0.0072993,0.9963504,0.3519737,0.2244898,0.5,9.989711119284745
296.0,0.5135135,0.0,0.097973,0.0763889,0.9121622,0.0,0.79,0.0,0.04,0.0291262,0.0,1.0,0.0873786,0.2727273,0.0,10.392098241730961
442.0,0.4909502,0.0429864,0.1085973,0.0933333,0.9366516,0.0,0.8344371,0.0,0.013245,0.1371429,0.0264901,0.807947,0.3257143,0.1891892,1.0,10.146472946063877
148.0,0.5810811,0.0,0.0337838,0.0806452,0.6891892,0.0,0.5277778,0.0,0.125,0.52,0.0,0.9861111,0.8533333,0.0,0.0,10.389026137075234
411.0,0.4476886,0.0,0.1386861,0.1321586,0.8394161,0.0413625,0.7114094,0.0067114,0.0268456,0.056962,0.0,1.0,0.2025316,0.0714286,1.0,10.373522431293592
1801.0,0.4886174,0.002221,0.1399223,0.1259501,0.8323154,0.0194336,0.6836735,0.0029155,0.0655977,0.0472222,0.0029155,0.9970845,0.3097222,0.054902,0.5,11.215879689565481
1575.0,0.4438095,0.0514286,0.24,0.1997717,0.8025397,0.0177778,0.6202532,0.0014065,0.0154712,0.1145704,0.0421941,0.9915612,0.3935243,0.0684039,0.7777778,10.579005242826247
892.0,0.4977578,0.0078475,0.1636771,0.1160714,0.8789238,0.0,0.7227139,0.0117994,0.0353982,0.1007958,0.0088496,0.9498525,0.4164456,0.2477876,0.0,10.34177474101152
28.0,0.5357143,0.0,0.4285714,0.1538462,0.8928571,0.0,0.7857143,0.0,0.0,0.5172414,0.0,1.0,0.1724138,0.0,0.0,9.615805480084347
1256.0,0.4498408,0.0,0.3280255,0.2460203,0.7707006,0.0589172,0.6240602,0.0,0.0225564,0.1221122,0.0,0.9981203,0.2970297,0.075188,0.8333333,10.130662964963708
2939.0,0.4375638,0.2674379,0.181014,0.1572898,0.848588,0.0204151,0.7017094,0.0017094,0.0230769,0.0647482,0.2324786,0.9965812,0.2629896,0.1064935,0.6666667,10.351405324899678
2775.0,0.5254054,0.0082883,0.1232432,0.0858011,0.8590991,0.0,0.7037718,0.0055198,0.0524379,0.4925303,0.0091996,0.9788408,0.5578898,0.1146497,0.4333333,10.27163147557801
8835.0,0.4840973,0.0174307,0.1162422,0.1011409,0.8344086,0.0,0.6642755,0.0037303,0.0662841,0.0359613,0.0172166,0.9836442,0.33361,0.0655738,0.3,11.92504173829169
3861.0,0.4527325,0.001295,0.2605543,0.1864647,0.8300958,0.040145,0.7101081,0.0038144,0.0203433,0.0414381,0.0012715,0.9961856,0.1852529,0.0334347,0.7142857,10.540090836284206
3229.0,0.440384,0.0006194,0.2493032,0.1826231,0.7993187,0.0346857,0.6530172,0.0071839,0.0280172,0.067649,0.0007184,1.0,0.351641,0.0749354,0.6470588,10.207325906555994
187.0,0.486631,0.0,0.1764706,0.0729167,0.8770053,0.0,0.6944444,0.0,0.0138889,0.257732,0.0,0.9861111,0.2989691,0.1764706,1.0,9.69898173460629
789.0,0.4562738,0.0,0.1698352,0.1351981,0.8998733,0.0,0.7581699,0.003268,0.0130719,0.0755287,0.0,0.996732,0.2114804,0.0441176,0.6666667,10.077482875583607
2417.0,0.4753827,0.0024824,0.1559785,0.1309148,0.8733968,0.0206868,0.7352614,0.0022247,0.0166852,0.1675926,0.0022247,0.9154616,0.3166667,0.1330472,0.7058824,10.236417809461043
22762.0,0.5014498,0.0234602,0.1048678,0.0749912,0.9274229,0.0033828,0.8159076,0.0051315,0.0381655,0.0379512,0.0301475,0.452694,0.5553841,0.2906777,0.2352941,10.889323003601277
952.0,0.4737395,0.0,0.3088235,0.2015968,0.7857143,0.0262605,0.6172249,0.0023923,0.0382775,0.1345756,0.0,0.9880383,0.3436853,0.0869565,0.8,10.016860879703811
9029.0,0.4878724,0.0523868,0.0485104,0.0449827,0.8530291,0.0,0.7134251,0.0034423,0.0794607,0.1129771,0.0444636,0.9781985,0.3035623,0.043758,0.3770492,11.344518647594766
7094.0,0.4994361,0.0900761,0.0114181,0.0157702,0.6990414,0.0,0.4881462,0.0045701,0.0874036,0.1009245,0.0876892,0.8788917,0.616076,0.0176693,0.6025641,11.063524143191238
293.0,0.4812287,0.0,0.1877133,0.1447368,0.8668942,0.0,0.6949153,0.0,0.0254237,0.2337662,0.0,1.0,0.3246753,0.1111111,1.0,9.615805480084347
15.0,0.6666667,0.0,0.0,0.2,0.7333333,0.0,0.4285714,0.0,0.0,0.3636364,0.0,1.0,0.4545455,0.0,0.0,9.615805480084347
5308.0,0.4932178,0.0489827,0.0755463,0.0464684,0.9140919,0.0,0.821448,0.005988,0.0528035,0.0603581,0.0408274,0.9760479,0.1953964,0.145679,0.2777778,10.740756721857226
10129.0,0.4938296,0.0132293,0.1344654,0.114882,0.7515056,0.0145128,0.5543995,0.007012,0.0762271,0.1129615,0.0137978,0.9176657,0.6462681,0.0677527,0.469697,10.599156550639583
10205.0,0.6074473,0.3467908,0.0016659,0.0042436,0.4437041,0.5516903,0.9696728,0.0007981,0.0055866,0.0157109,0.3758978,0.8818835,0.4045562,0.2231337,0.0,11.305913595583258
345.0,0.4724638,0.0,0.2550725,0.1868132,0.8115942,0.0,0.6064516,0.0064516,0.0193548,0.0935673,0.0,1.0,0.3918129,0.0,1.0,9.615805480084347
1494.0,0.5060241,0.0937082,0.04083,0.0501355,0.8915663,0.0,0.7678571,0.0053571,0.0428571,0.2838875,0.0839286,0.9767857,0.5485934,0.0828402,0.25,10.077482875583607
6647.0,0.4587032,0.002708,0.1940725,0.1567538,0.813901,0.053558,0.6897106,0.0036174,0.0329582,0.0341615,0.0020096,0.9975884,0.2278727,0.0547196,0.3636364,11.19135563385109
118.0,0.5084746,0.3474576,0.1610169,0.1034483,0.8728814,0.0,0.7045455,0.0227273,0.0227273,0.2280702,0.25,1.0,0.3508772,0.0,1.0,10.077482875583607
56216.0,0.4938807,0.0686637,0.0899566,0.0796078,0.8703394,0.0154049,0.7272727,0.0065638,0.0560114,0.0360137,0.068428,0.7564271,0.4799895,0.2120913,0.2473118,11.173262142245258
1362.0,0.4992658,0.0073421,0.1071953,0.085044,0.8913363,0.0,0.7796258,0.008316,0.0519751,0.0642023,0.008316,1.0,0.2451362,0.1481481,0.6666667,11.1447705923684
23101.0,0.4744816,0.2558331,0.1301675,0.1154036,0.8500065,0.0135925,0.7073441,0.0066563,0.0439317,0.0634805,0.2318615,0.9860217,0.3074286,0.0850077,0.4,10.640675541671662
12361.0,0.4930022,0.1732061,0.0816277,0.0582416,0.8792978,0.0168271,0.7713767,0.0027217,0.0512588,0.0510116,0.1485598,0.9725561,0.2066294,0.1248835,0.352,11.786008995353765
3359.0,0.4599583,0.0,0.2619827,0.2056229,0.7829711,0.0416791,0.6167706,0.001386,0.023562,0.1065015,0.0,0.992377,0.3275542,0.0425532,0.4516129,9.989711119284745
481.0,0.5051975,0.0,0.1268191,0.0798319,0.9168399,0.0,0.8072289,0.0060241,0.0301205,0.0348837,0.0,1.0,0.2325581,0.16,1.0,10.184937747111391
287.0,0.5226481,0.0,0.1184669,0.0729927,0.8083624,0.0,0.6403509,0.0087719,0.0789474,0.0655738,0.0,1.0,0.3032787,0.0357143,1.0,10.184937747111391
321.0,0.4953271,0.8785047,0.1806854,0.2037037,0.8753894,0.0,0.6923077,0.0,0.034188,0.0930233,0.8376068,1.0,0.2403101,0.1212121,0.0,9.809231816610408
1975.0,0.4739241,0.0020253,0.1372152,0.0683349,0.878481,0.003038,0.7317744,0.0,0.0412655,0.0762389,0.0013755,0.4910591,0.3113088,0.0616114,0.3333333,11.133142723386813
2140.0,0.4934579,0.0130841,0.1897196,0.1531365,0.8252336,0.0,0.6409666,0.0057537,0.0471807,0.0823654,0.009206,0.7548907,0.532207,0.1269036,0.5,10.021315031649332
203.0,0.5221675,0.0,0.1576355,0.0824742,0.9310345,0.0,0.8194444,0.0,0.0138889,0.1529412,0.0,1.0,0.2117647,0.1,1.0,9.615805480084347
9935.0,0.4439859,0.1314545,0.2424761,0.204924,0.7998993,0.02154,0.6239355,0.0026894,0.0152398,0.0817041,0.1234872,0.9957418,0.360568,0.0519703,0.5942029,10.064798252418377
1790.0,0.4782123,0.0022346,0.1642458,0.120985,0.9195531,0.0,0.7955882,0.0,0.0073529,0.0381895,0.0029412,0.9970588,0.1640736,0.0540541,0.5555556,10.659633006160352
66.0,0.4545455,0.2121212,0.1060606,0.1111111,0.6818182,0.0,0.4285714,0.0714286,0.1785714,0.1515152,0.1428571,1.0,0.5151515,0.0833333,0.0,9.770013301136158
9175.0,0.4766213,0.0100272,0.1399455,0.1226572,0.8839237,0.0017439,0.721435,0.0027133,0.0307507,0.0476601,0.0096473,0.9957793,0.2230835,0.0576441,0.5,10.990381448250039
2930.0,0.494198,0.0860068,0.1511945,0.1099865,0.8757679,0.0006826,0.7251101,0.0026432,0.0343612,0.2458472,0.0634361,0.9806167,0.3946844,0.1272085,0.7021277,9.918425424900335
81.0,0.4320988,0.0,0.0493827,0.0869565,0.962963,0.0,0.8888889,0.0,0.0,0.1,0.0,1.0,0.0666667,0.0,1.0,9.615805480084347
17140.0,0.4890898,0.1043757,0.0875146,0.0786799,0.8866394,0.0194866,0.7650714,0.0043661,0.0282116,0.1118568,0.0975651,0.8587741,0.3407905,0.125411,0.6380368,10.589131655274922
1014.0,0.4506903,0.0,0.3491124,0.2657092,0.739645,0.0996055,0.6256158,0.0049261,0.0221675,0.0333333,0.0,1.0,0.3190476,0.0625,0.25,10.373522431293592
578.0,0.4861592,0.0017301,0.183391,0.1515152,0.8408304,0.0,0.6363636,0.004329,0.025974,0.1444444,0.0,1.0,0.3296296,0.0574713,0.6666667,9.873079890114703
682.0,0.5029326,0.0014663,0.2404692,0.1474926,0.7917889,0.0,0.6063492,0.0095238,0.0444444,0.157754,0.0031746,0.9904762,0.5240642,0.0884956,0.6666667,9.94755228369823
409.0,0.4669927,0.0,0.0831296,0.0963303,0.8899756,0.0,0.7123288,0.0,0.0205479,0.1151515,0.0,0.9726027,0.3939394,0.0731707,0.5,10.370392636243981
24967.0,0.4930508,0.1695037,0.0751792,0.0669195,0.8470381,0.0161013,0.7083378,0.0087369,0.0580304,0.1012118,0.1463704,0.9878115,0.299176,0.0680389,0.5,10.811766273800105
514.0,0.4961089,0.0019455,0.1011673,0.0617761,0.9202335,0.0,0.8121547,0.0,0.0220994,0.0904523,0.0055249,0.9889503,0.2562814,0.1395349,0.0,10.229223792606835
938.0,0.4573561,0.0010661,0.2643923,0.2062868,0.7867804,0.0895522,0.7052342,0.0055096,0.0137741,0.1377672,0.0,0.9917355,0.3800475,0.0510204,0.75,9.980494888896912
1605.0,0.4647975,0.0,0.2598131,0.185099,0.8267913,0.0311526,0.6787791,0.0014535,0.0087209,0.0536451,0.0,1.0,0.2558459,0.0440252,0.8571429,10.173552856959743
187.0,0.6363636,0.0,0.0,0.0147059,0.7540107,0.1925134,0.8363636,0.0,0.0181818,0.1269841,0.0,1.0,0.4285714,0.027027,1.0,9.615805480084347
4972.0,0.4595736,0.0012068,0.2186243,0.1626349,0.8063154,0.0166935,0.6261283,0.0023753,0.0370546,0.0899265,0.0014252,0.9952494,0.3091224,0.0568603,0.5,10.998777662206932
944.0,0.470339,0.0,0.128178,0.102,0.8972458,0.0,0.7628571,0.0028571,0.0285714,0.0514905,0.0,0.9914286,0.2303523,0.0707071,0.4,10.288783966353765
404.0,0.4826733,0.3019802,0.0742574,0.076555,0.9430693,0.0,0.8267717,0.0,0.007874,0.130137,0.2362205,1.0,0.239726,0.25,0.625,10.499600568082863
3207.0,0.505145,0.0966635,0.0177736,0.0182735,0.9101964,0.0,0.8032345,0.0026954,0.0512129,0.1131474,0.0943396,0.8796047,0.2183267,0.1122995,0.5208333,10.918736348043124
3441.0,0.485324,0.1819239,0.1124673,0.0965556,0.8538216,0.0,0.704918,0.0029806,0.0611028,0.0699931,0.1527571,0.9940387,0.3298683,0.07109,0.4,10.703266939811954
2810.0,0.4978648,0.0953737,0.1487544,0.0722892,0.9359431,0.0,0.8335005,0.0,0.0120361,0.0477555,0.0892678,0.9929789,0.0238777,0.122449,0.4666667,11.699413330633599
932.0,0.47103,0.0,0.139485,0.1298174,0.8969957,0.0,0.7533875,0.0,0.0135501,0.0866337,0.0,0.99729,0.2524752,0.1046512,0.6666667,10.221977646629885
6308.0,0.4717819,0.0125238,0.1599556,0.0894358,0.6999049,0.1441027,0.6449497,0.005247,0.0590293,0.0596217,0.0091823,0.9256668,0.4370888,0.0888889,0.3043478,10.657282884047461
1022.0,0.4373777,0.0,0.3189824,0.2504348,0.7426614,0.090998,0.6293706,0.002331,0.020979,0.1437126,0.0,0.995338,0.4171657,0.0070922,0.3333333,10.39516093745751
130.0,0.4615385,0.0,0.1230769,0.1285714,0.8846154,0.0,0.7254902,0.0,0.0196078,0.1052632,0.0,1.0,0.1578947,0.2,0.0,9.70509758756311
3688.0,0.4614967,0.0151844,0.2201735,0.1666667,0.8202278,0.0238612,0.6598203,0.0044929,0.0198973,0.1382743,0.0121951,0.957638,0.3058628,0.094382,0.6530612,9.893487720457795
1237.0,0.4640259,0.004042,0.1438965,0.1206637,0.8383185,0.0,0.6659919,0.0101215,0.0506073,0.0608365,0.0040486,0.9979757,0.3288973,0.1145038,0.6666667,10.12667110305036
2142.0,0.5014006,0.0023343,0.0662932,0.0533708,0.926704,0.0,0.819464,0.0070522,0.0253879,0.0327422,0.0014104,1.0,0.2223738,0.0136054,0.5,11.184435286790631
7072.0,0.4594174,0.1791572,0.2347285,0.1927805,0.8289027,0.033371,0.6715169,0.0014551,0.020371,0.1441469,0.1615133,0.8966897,0.3284558,0.1463878,0.7241379,9.942756341456828
4888.0,0.4517185,0.0180033,0.2690262,0.208209,0.7772095,0.0362111,0.6099391,0.0046882,0.0285982,0.1360875,0.0182841,0.9948429,0.2737951,0.0755396,0.6818182,9.615805480084347
1743.0,0.4675846,0.0051635,0.2960413,0.1239224,0.908778,0.0,0.8053977,0.0028409,0.0241477,0.0382514,0.0042614,0.9872159,0.0819672,0.2465753,1.0,10.915106645867503
2115.0,0.5068558,0.0099291,0.21513,0.1380633,0.741844,0.0392435,0.6181263,0.0040733,0.0835031,0.2187749,0.00611,0.9592668,0.5624503,0.0481928,0.5483871,11.86569981146014
1946.0,0.4295992,0.0231244,0.2631038,0.2378378,0.7877698,0.0,0.5590909,0.0022727,0.0215909,0.0537634,0.0193182,0.9761364,0.4,0.0165746,0.8571429,10.981914140544825
9175.0,0.4842507,0.0039237,0.1017984,0.0710059,0.9105177,0.0,0.8011823,0.0028002,0.044804,0.1846778,0.0046671,0.9791537,0.1486555,0.0798193,0.5777778,11.749585258937909
2251.0,0.4469125,0.0062195,0.2465571,0.2176707,0.7334518,0.0932919,0.5961538,0.0033937,0.0282805,0.0349345,0.0045249,0.9932127,0.3231441,0.0635697,0.0,10.911463720944793
36.0,0.4166667,0.0,0.0555556,0.047619,1.0,0.0,1.0,0.0,0.0,0.0,0.0,1.0,0.2727273,0.0,0.0,10.177362240256695
2054.0,0.4722493,0.0092502,0.0803311,0.0876384,0.8636806,0.0,0.7032828,0.0025253,0.0454545,0.0446321,0.0075758,0.979798,0.26538,0.0348837,0.9166667,12.02874460037869
59564.0,0.4838157,0.0097206,0.1191492,0.0898003,0.9012659,0.0076053,0.7732839,0.0044581,0.0439897,0.0299588,0.011172,0.3907509,0.5492106,0.2093386,0.4352941,12.00579687207606
538.0,0.4814126,0.0130112,0.0855019,0.0860215,0.9256506,0.0,0.7956989,0.0,0.0107527,0.03125,0.0053763,1.0,0.28125,0.2307692,0.0,10.351405324899678
13882.0,0.4831436,0.0026653,0.1192912,0.0878049,0.8557845,0.0271575,0.7328382,0.0038137,0.0469691,0.024094,0.0020072,0.996387,0.2409403,0.0440945,0.3636364,11.189975390433117
5601.0,0.4759864,0.0735583,0.1314051,0.1035775,0.8219961,0.0,0.6393805,0.0097345,0.0637168,0.0661157,0.0752212,0.9862832,0.3983471,0.0622665,0.5925926,11.041336579870135
629.0,0.4626391,0.0,0.1717011,0.1715976,0.8267091,0.0,0.6212121,0.0075758,0.0227273,0.0927835,0.0,0.9924242,0.3505155,0.0674157,0.3333333,9.873079890114703
639.0,0.4397496,0.0078247,0.258216,0.2234637,0.7652582,0.0078247,0.5671141,0.0,0.0302013,0.1509972,0.0033557,0.9832215,0.3361823,0.0550459,0.875,11.131679686740132
1970.0,0.4908629,0.0020305,0.1568528,0.1226321,0.8837563,0.0050761,0.744249,0.0,0.0243572,0.0263505,0.0027064,0.985115,0.2648221,0.0681818,0.4285714,11.947308393235778
1592.0,0.4849246,0.0125628,0.129397,0.0817073,0.9032663,0.0,0.7785714,0.0,0.0464286,0.0175439,0.0160714,0.9875,0.1719298,0.0545455,0.0,11.101960259016467
538.0,0.4962825,0.0,0.1431227,0.1254613,0.901487,0.0,0.75,0.005102,0.0102041,0.1623932,0.0,0.994898,0.3846154,0.1,0.8,10.085850775128717
141.0,0.5106383,0.0,0.177305,0.2028986,0.858156,0.0,0.6896552,0.0,0.0344828,0.0793651,0.0,1.0,0.5079365,0.0,0.0,9.615805480084347
69.0,0.5652174,0.0,0.1014493,0.1333333,0.9130435,0.0,0.6666667,0.0,0.0,0.25,0.0,1.0,0.9583333,0.1666667,0.0,9.615805480084347
8765.0,0.4930975,0.0725613,0.0635482,0.0551429,0.9021107,0.0034227,0.780114,0.0060584,0.0584462,0.0818063,0.0627227,0.9208838,0.3759817,0.075067,0.297619,11.680987503016127
46742.0,0.4844465,0.0092636,0.1137307,0.082206,0.8359505,0.0161097,0.6816364,0.0053502,0.0426935,0.1472811,0.0082144,0.9701686,0.3041014,0.068739,0.7074742,10.518700218288165
101.0,0.4851485,0.0,0.1485149,0.1153846,0.950495,0.0,0.8611111,0.0,0.0,0.2173913,0.0,1.0,0.2173913,0.1111111,0.5,10.515993929932415
1143.0,0.4505687,0.0,0.3928259,0.2738854,0.7462817,0.0656168,0.5972222,0.0,0.015873,0.1095406,0.0,0.9980159,0.3233216,0.0458716,0.75,9.873079890114703
236.0,0.470339,0.0,0.2754237,0.152,0.8728814,0.0,0.7029703,0.0,0.0,0.1217391,0.0,1.0,0.1652174,0.25,0.8,9.615805480084347
222.0,0.481982,0.0,0.1576577,0.1130435,0.8828829,0.0,0.7294118,0.0,0.0352941,0.1052632,0.0,1.0,0.3684211,0.125,0.0,9.635673464721814
57.0,0.5438596,0.0,0.2105263,0.0769231,0.877193,0.0,0.7083333,0.0,0.0,0.0,0.0,1.0,0.0416667,0.0,0.0,10.714439990727769
167.0,0.508982,0.0,0.1736527,0.1341463,0.9161677,0.0,0.7857143,0.0,0.0357143,0.1884058,0.0,0.9107143,0.173913,0.4,0.0,10.098272780745283
1126.0,0.4671403,0.0008881,0.1927176,0.145,0.8445826,0.0,0.6622807,0.0065789,0.0394737,0.0916335,0.0,0.9736842,0.3207171,0.1142857,0.7857143,10.098272780745283
5104.0,0.4884404,0.0139107,0.2225705,0.1803907,0.7356975,0.1075627,0.633,0.004,0.0265,0.0757856,0.005,0.997,0.2980591,0.0531561,0.4230769,10.069044362997353
192.0,0.4010417,0.0208333,0.3020833,0.3826087,0.6875,0.0,0.47,0.0,0.06,0.009901,0.01,1.0,0.5742574,0.0263158,0.0,9.615805480084347
5643.0,0.4752791,0.0145313,0.1359206,0.0935495,0.8849903,0.0,0.7448933,0.0049932,0.0340445,0.0379913,0.0118021,0.9950068,0.2650655,0.0596708,0.3846154,10.422311107413181
362.0,0.5082873,0.0,0.1464088,0.1348315,0.7762431,0.0,0.5914634,0.0182927,0.0670732,0.4036364,0.0,0.9756098,0.4581818,0.0625,1.0,10.12667110305036
11478.0,0.4751699,0.0032236,0.1650984,0.1025896,0.8958007,0.0416449,0.833162,0.0010283,0.0141388,0.0226131,0.0010283,0.9902314,0.0492462,0.15,0.3,11.76446986680519
1043.0,0.4506232,0.1610738,0.2492809,0.2076789,0.7785235,0.0853308,0.6641791,0.0024876,0.0149254,0.1354839,0.1567164,0.9850746,0.4301075,0.0608696,0.625,9.862717639992917
805.0,0.4795031,0.0,0.1900621,0.1026253,0.9142857,0.0,0.7821782,0.0,0.009901,0.0590062,0.0,1.0,0.2515528,0.0555556,0.3333333,9.97119292889014
1529.0,0.4447351,0.1223022,0.2831916,0.1743227,0.8260301,0.087639,0.8,0.0058824,0.0372549,0.2056075,0.1313725,0.9784314,0.4376947,0.1162791,0.3333333,10.482933978579906
16406.0,0.4906741,0.049616,0.0662562,0.0457157,0.9259417,0.0001829,0.8328316,0.0033646,0.0400213,0.0582055,0.0462192,0.9943333,0.1312542,0.0759184,0.2173913,10.929547069355774
4632.0,0.4775475,0.0034542,0.1632124,0.1256198,0.7983592,0.0166235,0.6287028,0.0025536,0.0541369,0.1382042,0.0040858,0.9356486,0.4480634,0.0755124,0.2702703,11.026808713825016
319.0,0.507837,0.0188088,0.1912226,0.1656051,0.8808777,0.0,0.7086614,0.0,0.007874,0.0729927,0.015748,0.9527559,0.2481752,0.2413793,0.6666667,9.852246888342531
80071.0,0.4994567,0.0357308,0.082302,0.0666434,0.7226961,0.0676525,0.5980192,0.0029461,0.0989438,0.104993,0.0336603,0.9814461,0.4169986,0.0455738,0.533557,10.753659849198824
506.0,0.4288538,0.0158103,0.3794466,0.1384083,0.6857708,0.0,0.5286195,0.003367,0.0505051,0.1315789,0.010101,0.996633,0.4298246,0.0,0.75,11.554077005184336
616.0,0.474026,0.0,0.1298701,0.0771605,0.8571429,0.0,0.710084,0.0,0.0672269,0.0555556,0.0,0.9957983,0.4126984,0.0526316,0.0,10.61890979160975
24832.0,0.5336662,0.1038579,0.1167043,0.0889465,0.7008698,0.0286727,0.5472947,0.0039332,0.149079,0.147042,0.0899847,0.8552379,0.5792488,0.0706954,0.3626374,11.546369912189585
291.0,0.532646,0.0034364,0.0549828,0.0955882,0.9621993,0.0,0.8656716,0.0,0.0298507,0.0821918,0.0,1.0,0.8767123,0.45,0.0,10.868587496017359
210.0,0.5190476,0.0,0.0,0.009901,0.9809524,0.0,0.9642857,0.0,0.0357143,0.0,0.0,1.0,0.0,1.0,0.0,11.174665631549477
69.0,0.4347826,0.4782609,0.2318841,0.1025641,0.8550725,0.0,0.6774194,0.0,0.0,0.1842105,0.4516129,1.0,0.2894737,0.0,0.0,9.615805480084347
404.0,0.4678218,0.6039604,0.1757426,0.172093,0.9084158,0.0,0.75,0.0,0.0220588,0.1052632,0.5,1.0,0.3486842,0.2439024,1.0,10.077482875583607
12671.0,0.480704,0.0026044,0.0861021,0.0594225,0.8815405,0.0026833,0.7609075,0.0093805,0.0623909,0.0686713,0.0021815,0.9397906,0.3667208,0.1188329,0.4880952,10.579005242826247
215.0,0.5162791,0.0,0.1674419,0.1346154,0.8465116,0.0,0.6470588,0.0,0.0352941,0.0116279,0.0,1.0,0.127907,0.0,0.0,10.030164255362632
671.0,0.4217586,0.0,0.2935917,0.2525773,0.7481371,0.0864382,0.6179775,0.0,0.011236,0.1442308,0.0,1.0,0.3012821,0.03125,1.0,9.642187721358466
1669.0,0.4967046,0.0023966,0.111444,0.077381,0.9568604,0.0,0.8975332,0.0,0.0208729,0.0204461,0.0037951,0.9810247,0.0204461,0.1904762,0.375,12.134044816071038
96.0,0.4583333,0.0,0.1458333,0.1153846,0.9375,0.0,0.8484848,0.030303,0.030303,0.1081081,0.0,0.969697,0.2162162,0.2,1.0,9.615805480084347
426.0,0.4976526,0.0,0.1150235,0.0607477,0.9084507,0.0,0.7744361,0.0150376,0.037594,0.1013514,0.0,0.9172932,0.3108108,0.3529412,0.6666667,10.344995251991222
2354.0,0.5067969,0.0050977,0.068819,0.044789,0.8853016,0.0475786,0.8399471,0.0039683,0.0383598,0.0538173,0.0039683,0.9960317,0.1276596,0.0537634,0.1363636,11.418625774449596
2037.0,0.4869907,0.0029455,0.1099656,0.0727273,0.9140893,0.0,0.8032564,0.009498,0.027137,0.0251323,0.0013569,0.9972863,0.1759259,0.081761,0.2,10.63106031411106
26778.0,0.4526104,0.107551,0.1680111,0.1496794,0.8149974,0.0209127,0.6405398,0.0041593,0.036325,0.0807986,0.0948332,0.9965801,0.3547154,0.0963371,0.5561798,10.081675578048475
392.0,0.4668367,0.0,0.2831633,0.2248804,0.8010204,0.0,0.5873016,0.0,0.0,0.2730769,0.0,0.994709,0.3153846,0.106383,1.0,9.615805480084347
2680.0,0.4391791,0.0011194,0.2802239,0.2228876,0.7287313,0.0731343,0.5720721,0.0036036,0.0405405,0.0742285,0.0009009,0.9963964,0.3344454,0.0621762,0.6190476,10.21833478806055
2890.0,0.4823529,0.1373702,0.1114187,0.1169786,0.8432526,0.0280277,0.7302326,0.0065116,0.0623256,0.0858844,0.1274419,0.9832558,0.4098639,0.0754352,0.4,10.803669227477098
33397.0,0.4907327,0.0551846,0.1105189,0.0936618,0.6585621,0.0210498,0.4726656,0.0009311,0.1491088,0.1369037,0.0410348,0.7790636,0.7119568,0.0682339,0.4543147,12.177163782032679
1360.0,0.4889706,0.0,0.3139706,0.0935252,0.8757353,0.0,0.7632399,0.0,0.0233645,0.5836576,0.0,0.9968847,0.1932555,0.0267857,0.375,11.628047184686986
4910.0,0.4562118,0.6558045,0.1281059,0.1359551,0.8368635,0.0401222,0.7218732,0.0045688,0.0525414,0.1147624,0.6133638,0.9988578,0.39636,0.0912343,0.6153846,10.188704088048116
1955.0,0.4818414,0.0,0.1575448,0.1253702,0.8987212,0.0,0.7662338,0.0025974,0.0168831,0.0844233,0.0,0.9987013,0.2282996,0.0491803,0.9090909,10.351405324899678
1609.0,0.5077688,0.0006215,0.0870106,0.0315657,0.9738968,0.0,0.9317739,0.0,0.0136452,0.0375235,0.0,0.9902534,0.0318949,0.2105263,0.5,11.884495917930655
6015.0,0.4598504,0.0009975,0.2023275,0.1594337,0.8182876,0.0312552,0.6611707,0.004122,0.0267931,0.0567652,0.0004122,0.9942292,0.2729393,0.0591472,0.6206897,10.285376924115587
732.0,0.4685792,0.0,0.2472678,0.1465296,0.8538251,0.0245902,0.722408,0.0,0.0167224,0.0507937,0.0,0.9966555,0.2349206,0.030303,0.6666667,10.030164255362632
611.0,0.4844517,0.0,0.1783961,0.1333333,0.8821604,0.0,0.7302905,0.0,0.0165975,0.120438,0.0,1.0,0.3029197,0.1346154,0.7142857,9.746892220313054
911.0,0.4840834,0.0010977,0.1416026,0.1021277,0.8583974,0.0,0.6931507,0.0,0.0465753,0.0782828,0.0027397,1.0,0.3308081,0.0828402,0.5,10.332050506334692
553.0,0.4900542,0.0,0.119349,0.0921986,0.9095841,0.0,0.7688442,0.0050251,0.0201005,0.0432692,0.0,1.0,0.2163462,0.1864407,0.0,10.184937747111391
1731.0,0.4725592,0.0629694,0.1513576,0.1237678,0.8942808,0.0,0.7275641,0.0032051,0.0176282,0.1440329,0.0560897,0.6089744,0.3786008,0.1864407,0.8333333,9.809231816610408
9107.0,0.5047765,0.0104315,0.0343692,0.021286,0.9495992,0.0,0.8821138,0.0020325,0.0315041,0.0381232,0.0105014,0.9786585,0.0798306,0.107362,0.025,11.915727028992151
9517.0,0.4494063,0.5416623,0.166439,0.1540076,0.865714,0.0189135,0.7095197,0.002876,0.0207075,0.1006208,0.4880644,0.9962611,0.2630626,0.1740798,0.5357143,10.604131561522696
45426.0,0.464976,0.0011887,0.2143926,0.1615372,0.8151939,0.0041826,0.6211006,0.0023837,0.0387605,0.0372181,0.0012437,0.9489584,0.3255338,0.0405553,0.3564356,11.246365410473757
13158.0,0.4527284,0.0117039,0.244338,0.1909457,0.8196534,0.0167959,0.644895,0.0021532,0.0240445,0.0449015,0.0095101,0.9938992,0.2760925,0.0418911,0.5217391,10.335302435967074
257453.0,0.4883066,0.0479583,0.1007291,0.082103,0.8727962,0.0164768,0.7337148,0.0043256,0.0410873,0.1071503,0.0486766,0.5801963,0.4025148,0.1316338,0.5514403,10.599156550639583
7392.0,0.4825487,0.0027056,0.1045725,0.0870588,0.8906926,0.0024351,0.758349,0.0033771,0.0446529,0.0309091,0.0026266,0.980863,0.2785455,0.0485437,0.3684211,11.942113610091182
184.0,0.4728261,0.0,0.1847826,0.1546392,0.8641304,0.0,0.68,0.0,0.0133333,0.0963855,0.0,1.0,0.3614458,0.15,1.0,9.615805480084347
3842.0,0.5117126,0.0234253,0.0476314,0.0421109,0.941697,0.0,0.8437002,0.0015949,0.0191388,0.0485584,0.0215311,0.9744817,0.1274659,0.0391304,0.6764706,12.170450649220749
1459.0,0.5099383,0.0,0.0678547,0.0447552,0.9616175,0.0,0.8625954,0.0,0.0050891,0.1656051,0.0,0.9949109,0.1677282,0.2115385,0.9166667,10.586609649448985
48556.0,0.4835654,0.109523,0.0612901,0.0620514,0.796606,0.0176291,0.6557022,0.0034319,0.09868,0.0529526,0.0954065,0.9648363,0.2284114,0.0818632,0.2806452,11.912379207638454
5738.0,0.4597421,0.0430464,0.1976298,0.1687097,0.8300802,0.0287557,0.6784788,0.0034572,0.0224719,0.0695617,0.0414866,0.9956785,0.3297145,0.0660377,0.452381,10.214678610538817
446.0,0.4686099,0.0,0.3004484,0.2025316,0.8251121,0.0,0.6180905,0.0050251,0.0100503,0.167364,0.0,1.0,0.4476987,0.0740741,0.8,9.781376414141157
6166.0,0.5024327,0.0590334,0.0222186,0.0273794,0.9416153,0.0,0.856531,0.006424,0.0390792,0.0570419,0.0562099,0.8335118,0.177688,0.1795841,0.5660377,10.729875458480967
14489.0,0.4785699,0.0650839,0.1492166,0.1090668,0.8028849,0.003796,0.618927,0.0044311,0.0528565,0.0685436,0.0631429,0.9897136,0.4372052,0.037394,0.4615385,10.817796321618971
6866.0,0.4817943,0.0080105,0.1431692,0.1129848,0.9024177,0.0179144,0.8068761,0.0012733,0.0314092,0.0541951,0.0050934,0.9885399,0.076676,0.1237113,0.8208955,11.595435894542709
184.0,0.5108696,0.0108696,0.2065217,0.1666667,0.8097826,0.0,0.5930233,0.0,0.0,0.295082,0.0116279,1.0,0.3770492,0.2352941,0.0,9.615805480084347
578.0,0.5276817,0.0,0.0968858,0.043956,0.8823529,0.0,0.7655502,0.0191388,0.0669856,0.05,0.0,0.9952153,0.3318182,0.1568627,0.0,10.573903321093981
93.0,0.5053763,0.0,0.2903226,0.2608696,0.7741935,0.0,0.5625,0.0,0.0,0.2131148,0.0,1.0,0.3934426,0.0714286,1.0,9.615805480084347
7043.0,0.4418572,0.0762459,0.2534431,0.2203002,0.7850348,0.0168962,0.5970753,0.0031114,0.0267579,0.1146006,0.0681394,0.9922215,0.3553719,0.0365217,0.8026316,10.351405324899678
277.0,0.4512635,0.0072202,0.2274368,0.1447368,0.8916968,0.0,0.7387387,0.0,0.009009,0.097561,0.0,0.9099099,0.4146341,0.125,0.0,9.615805480084347
1359.0,0.4834437,0.0073584,0.1214128,0.1096866,0.8991906,0.0,0.7605932,0.0063559,0.0423729,0.0578842,0.0063559,0.9957627,0.2355289,0.1388889,0.8333333,10.594156665220533
111.0,0.5225225,0.1171171,0.1891892,0.1320755,0.9099099,0.0,0.7560976,0.0,0.0,0.18,0.0731707,1.0,0.28,0.1428571,1.0,9.918425424900335
841.0,0.4839477,0.0011891,0.1474435,0.0691244,0.9179548,0.0,0.8119658,0.0,0.0598291,0.025,0.0,0.9316239,0.3958333,0.3275862,0.0,11.621788838451959
694.0,0.4193084,0.7881844,0.1930836,0.1687345,0.9092219,0.0,0.7379913,0.0,0.0131004,0.0337553,0.7379913,0.9956332,0.185654,0.3606557,1.0,9.87822102528824
345.0,0.4463768,0.0,0.1652174,0.0994764,0.8985507,0.0,0.766129,0.0,0.016129,0.1267606,0.0,0.9354839,0.3943662,0.2105263,0.6666667,10.077482875583607
2166.0,0.4519852,0.001385,0.2137581,0.2283067,0.8130194,0.0558633,0.6931155,0.0035006,0.0186698,0.060307,0.0011669,0.9953326,0.4506579,0.0737101,0.375,10.077482875583607
918.0,0.5054466,0.0,0.0958606,0.0594714,0.8801743,0.0108932,0.7476341,0.0031546,0.0410095,0.0968661,0.0,0.8990536,0.3817664,0.1344538,0.75,10.725489582719506
1829.0,0.5948606,0.0995079,0.0054675,0.0013495,0.6768726,0.3154729,0.9673913,0.0,0.0054348,0.0416667,0.0679348,0.9538043,0.2057292,0.1533923,1.0,11.305913595583258
4437.0,0.4832094,0.0031553,0.1568627,0.1116441,0.8951995,0.0,0.75,0.004386,0.0313283,0.0268293,0.0018797,0.8884712,0.3396341,0.1395833,0.2,11.418625774449596
41643.0,0.4548183,0.3814327,0.1237183,0.1121878,0.7894484,0.0709363,0.6911855,0.0032722,0.06299,0.0645964,0.3266071,0.9947508,0.3840709,0.1097975,0.4709677,10.606609816118151
1157.0,0.4770959,0.0,0.2506482,0.1768595,0.8003457,0.0760588,0.6985646,0.0023923,0.0239234,0.1181435,0.0,0.9904306,0.2827004,0.1012658,0.6,9.933094897288786
2321.0,0.4571305,0.0021542,0.1301163,0.1166667,0.891857,0.0,0.7423383,0.0011351,0.0238365,0.130306,0.0011351,0.9738933,0.4086871,0.0869565,0.4761905,10.518700218288165
226.0,0.4911504,0.0,0.1415929,0.0869565,0.9070796,0.0,0.7887324,0.0140845,0.056338,0.0897436,0.0,1.0,0.0769231,0.3333333,0.0,10.114599007626499
387.0,0.5219638,0.005168,0.0723514,0.0756757,0.7984496,0.0,0.6411765,0.0117647,0.0705882,0.4117647,0.0058824,0.9823529,0.3944637,0.0447761,0.6666667,10.659633006160352
935.0,0.4780749,0.0032086,0.2534759,0.1782787,0.7957219,0.0737968,0.66,0.0,0.0085714,0.1071429,0.0028571,1.0,0.244898,0.0657895,0.75,9.680406499268875
401.0,0.4588529,0.0149626,0.2144638,0.1198157,0.8902743,0.0,0.7546012,0.006135,0.0184049,0.0738636,0.006135,0.9693252,0.4034091,0.1190476,0.0,10.851296331126829
227.0,0.4757709,0.0,0.2599119,0.1848739,0.8193833,0.0,0.6019417,0.0,0.0,0.1487603,0.0,1.0,0.2479339,0.0769231,0.8333333,9.615805480084347
23170.0,0.5114804,0.007035,0.1392318,0.0843714,0.6693138,0.006517,0.5037431,0.0040588,0.1455759,0.1369298,0.0058627,0.9581492,0.4490114,0.0282575,0.2692308,12.748109104238171
2010.0,0.4955224,0.0850746,0.041791,0.0394477,0.9492537,0.0,0.8770764,0.0033223,0.0348837,0.0489731,0.0747508,0.9784053,0.0189573,0.4017857,0.3846154,10.957817003758691
511.0,0.4677104,0.0,0.1819961,0.1433824,0.8454012,0.0,0.6519608,0.0,0.0392157,0.0331754,0.0,0.995098,0.2701422,0.0384615,0.0,10.465984899076615
22631.0,0.4644072,0.3174407,0.155583,0.1404175,0.8413238,0.0301798,0.6994253,0.0027586,0.0275862,0.1171098,0.2788506,0.9941379,0.3774102,0.0993771,0.525641,10.243560441877241
46858.0,0.483354,0.0172649,0.1218148,0.0931885,0.8700969,0.0084937,0.7241789,0.0017554,0.0375425,0.0278542,0.0167044,0.9823896,0.2547066,0.0461863,0.2539683,11.636920278634463
2948.0,0.4786296,0.0040706,0.10346,0.0722186,0.890095,0.0,0.7511353,0.0009083,0.0399637,0.0316623,0.0072661,0.9972752,0.2735268,0.0632054,0.2222222,10.839600519357369
3790.0,0.4459103,0.0936675,0.2556728,0.2090476,0.7720317,0.0509235,0.6272401,0.0035842,0.0227001,0.0689655,0.0842294,0.9934289,0.3487208,0.0307167,0.5909091,10.454523783963511
1458.0,0.5281207,0.0130316,0.0740741,0.0465116,0.9108368,0.0,0.8122363,0.0084388,0.0611814,0.0576541,0.0168776,0.8206751,0.2962227,0.1333333,0.4,12.058158312538197
420.0,0.5142857,0.0,0.0404762,0.0245098,0.9690476,0.0,0.8636364,0.0,0.0113636,0.1456311,0.0,1.0,0.6893204,0.0555556,0.0,11.19135563385109
16040.0,0.4772444,0.1869077,0.157419,0.1113894,0.8319825,0.0,0.6676678,0.0055564,0.0551134,0.1183636,0.1567803,0.9761225,0.3671389,0.0956091,0.5443038,10.448743588106625
1220.0,0.4647541,0.0032787,0.095082,0.0995406,0.9311475,0.0,0.8283753,0.0022883,0.0160183,0.0310421,0.0022883,0.9977117,0.2084257,0.137931,0.5,10.332050506334692
5716.0,0.4730581,0.0164451,0.1791463,0.123838,0.8946816,0.0,0.752093,0.0009302,0.0260465,0.0549451,0.0088372,0.9697674,0.2879121,0.0570108,0.5769231,12.192485760421583
2524.0,0.4492868,0.0225832,0.2662441,0.2410072,0.7603011,0.0471474,0.5862385,0.0045872,0.0211009,0.1484375,0.0183486,0.9972477,0.4359375,0.0854271,0.6666667,9.62251624577579
14196.0,0.468794,0.0013384,0.1852635,0.1347301,0.8236827,0.0185968,0.663189,0.0050426,0.0434707,0.0410205,0.0005216,0.9930447,0.2901451,0.0492424,0.34375,10.589131655274922
1496.0,0.4625668,0.0020053,0.2573529,0.1778607,0.8395722,0.0447861,0.7306397,0.003367,0.020202,0.0804954,0.003367,0.9983165,0.2430341,0.0656934,0.8333333,10.165890277802454
8507.0,0.458446,0.0048196,0.2094746,0.1623616,0.790643,0.0285647,0.6202285,0.0050153,0.0356645,0.0925411,0.0036222,0.9880189,0.3274336,0.055325,0.5918367,10.305647203635566
657.0,0.4855403,0.0030441,0.1491629,0.0798817,0.8797565,0.0,0.744,0.0,0.056,0.0601504,0.004,0.96,0.2180451,0.0487805,1.0,12.095146671399466
7188.0,0.457429,0.0119644,0.1591541,0.1238462,0.7846411,0.0,0.5800063,0.0022006,0.0543854,0.0599882,0.0138321,0.9949701,0.375591,0.0240889,0.5,10.712215345197256
2428.0,0.4633443,0.0761944,0.2030478,0.1596316,0.8471993,0.0523064,0.7388759,0.0035129,0.0175644,0.0646221,0.0702576,0.9964871,0.4786418,0.1254613,0.8333333,10.094149233605084
1339.0,0.4996266,0.0067214,0.1135176,0.0671642,0.935773,0.0007468,0.8300654,0.0021786,0.0130719,0.021322,0.0065359,0.8910675,0.206823,0.1458333,1.0,11.574029971623514
3645.0,0.4625514,0.0002743,0.1925926,0.1398673,0.8716049,0.0,0.7066849,0.0034106,0.0197817,0.0608584,0.0,0.9952251,0.2600897,0.0965732,0.59375,10.173552856959743
961.0,0.4880333,0.0020812,0.1134235,0.0833333,0.9136316,0.0,0.7863777,0.0092879,0.0309598,0.1717949,0.003096,0.4798762,0.3692308,0.1782178,0.6666667,9.62911649414402
2666.0,0.4872468,0.0056264,0.0442611,0.0292612,0.8567142,0.0,0.6985507,0.0048309,0.057971,0.0625,0.0048309,0.9826087,0.2001812,0.0225989,0.3684211,11.466891997618188
8521.0,0.4776435,0.0053984,0.1358995,0.07459,0.9077573,0.0177209,0.8339076,0.0010338,0.0306685,0.0225665,0.0051688,0.9875948,0.0299764,0.1054852,0.4285714,12.258669839471109
904.0,0.4955752,0.0,0.2466814,0.122807,0.9358407,0.0,0.841954,0.0,0.0086207,0.0197183,0.0,0.9942529,0.0225352,0.0833333,0.0,11.870606902224587
4916.0,0.4845403,0.0050854,0.1104557,0.0781373,0.9082587,0.0,0.7839472,0.0027488,0.0263881,0.0345011,0.0032985,0.997801,0.183121,0.0728477,0.5714286,10.809748150372926
834.0,0.4592326,0.001199,0.2290168,0.1640798,0.8117506,0.0611511,0.7097792,0.0094637,0.0252366,0.1169916,0.0031546,1.0,0.1810585,0.0824742,0.8,10.05195066017375
1384.0,0.4682081,0.0,0.2796243,0.2065217,0.7933526,0.0,0.5643879,0.0015898,0.0158983,0.116573,0.0,0.9968203,0.3890449,0.0873786,0.6666667,9.6678285081515
16121.0,0.4722412,0.0061411,0.1327461,0.0981429,0.8442404,0.0037839,0.7013703,0.0042526,0.0702473,0.0405017,0.0044101,0.9965349,0.3531812,0.0553124,0.4285714,11.358619773129229
335.0,0.4298507,0.3850746,0.2298507,0.1884817,0.8656716,0.0,0.7202797,0.0,0.020979,0.1118012,0.3286713,1.0,0.3540373,0.0697674,0.0,10.188704088048116
4419.0,0.4428604,0.0,0.2459833,0.1917141,0.7893189,0.0176511,0.6042094,0.0061602,0.0308008,0.0806984,0.0,0.9953799,0.3695139,0.0672269,0.5576923,10.27163147557801
168.0,0.5297619,0.0,0.0714286,0.0506329,0.8869048,0.0,0.7424242,0.0151515,0.030303,0.5479452,0.0,1.0,0.9041096,0.1428571,1.0,10.250652418696085
116.0,0.4741379,0.0,0.1206897,0.0983607,0.9224138,0.0,0.775,0.0,0.0,0.1836735,0.0,1.0,0.1632653,0.0,1.0,9.615805480084347
762.0,0.4711286,0.0,0.3044619,0.2084367,0.7939633,0.0538058,0.6604361,0.0031153,0.0186916,0.0854701,0.0,0.9968847,0.2962963,0.0273973,0.8333333,9.77571099759397
779.0,0.4608472,0.0,0.2130937,0.1666667,0.8279846,0.0,0.6436782,0.0028736,0.0258621,0.1212121,0.0,1.0,0.2348485,0.075,1.0,10.021315031649332
11257.0,0.4768588,0.0023985,0.1405348,0.1074885,0.8680821,0.0173226,0.7369902,0.003985,0.0297703,0.0481928,0.0021097,0.9871074,0.3266399,0.1029619,0.5245902,10.616461869895815
26256.0,0.4978672,0.0609004,0.0377818,0.0361044,0.8743144,0.0,0.7270838,0.00291,0.0585117,0.0564817,0.0601746,0.9692372,0.3181016,0.0524755,0.2131148,11.558863947911393
1746.0,0.5005727,0.0366552,0.128866,0.0997706,0.9043528,0.0,0.7824675,0.0064935,0.0324675,0.0609756,0.0275974,0.9902597,0.4085366,0.1821862,0.4,10.077482875583607
634.0,0.466877,0.0189274,0.1798107,0.1420118,0.8438486,0.0,0.6693227,0.0119522,0.0398406,0.0738007,0.0278884,0.9960159,0.3247232,0.1369863,1.0,10.056251557087757
5510.0,0.484029,0.0005445,0.1139746,0.1030601,0.8575318,0.0087114,0.7041109,0.0062141,0.043021,0.0473588,0.0,0.9913958,0.3278689,0.0894886,0.4210526,10.67130147767883
305.0,0.4688525,0.0,0.1868852,0.0740741,0.9114754,0.0,0.7798165,0.0091743,0.0091743,0.1925926,0.0,0.9724771,0.2666667,0.3888889,0.6666667,10.254179634797001
473.0,0.4820296,0.0,0.2093023,0.1346939,0.8731501,0.0,0.6956522,0.0,0.0217391,0.1559633,0.0,0.9619565,0.3807339,0.1458333,1.0,9.615805480084347
528.0,0.4526515,0.7045455,0.1439394,0.1695502,0.875,0.0,0.688172,0.0107527,0.0376344,0.1428571,0.6827957,0.9946237,0.3271889,0.2131148,0.0,9.615805480084347
17032.0,0.4843236,0.0022311,0.1775481,0.122054,0.784993,0.0482034,0.6543704,0.0078519,0.0545185,0.0428247,0.0013333,0.9811852,0.4044243,0.0855811,0.3695652,10.694237736914808
115.0,0.4608696,0.0,0.2086957,0.1935484,0.8,0.0,0.6153846,0.0192308,0.0192308,0.0714286,0.0,1.0,0.2142857,0.0,1.0,9.615805480084347
158.0,0.443038,0.0316456,0.1898734,0.125,0.8670886,0.0,0.6865672,0.0,0.0,0.056338,0.0298507,1.0,0.2957746,0.1111111,0.0,10.442929787247998
690.0,0.4666667,0.0,0.2130435,0.1576087,0.8246377,0.0376812,0.6730769,0.0038462,0.0346154,0.0334572,0.0,0.9961538,0.4052045,0.1363636,0.0,10.034559673629849
14972.0,0.4941224,0.0083489,0.0564387,0.056113,0.9495057,0.0008015,0.8760499,0.0034052,0.0286039,0.0280229,0.0079455,0.9561862,0.1257723,0.1121643,0.48,11.783723297487764
1512.0,0.4874339,0.1838624,0.1501323,0.0606452,0.8928571,0.0,0.7753623,0.0108696,0.0471014,0.183432,0.1884058,0.8387681,0.3639053,0.1734694,0.1818182,10.6782377612977
5120.0,0.4193359,0.0054687,0.2507812,0.226707,0.6865234,0.0986328,0.5477198,0.003291,0.0371415,0.1104141,0.0042313,0.9981194,0.3960686,0.0594228,0.7368421,10.118639253920785
577.0,0.5043328,0.0,0.1265165,0.1118881,0.8526863,0.0,0.6858407,0.0088496,0.0442478,0.0737705,0.0,1.0,0.2704918,0.0714286,0.5,10.344995251991222
1090.0,0.4954128,0.0036697,0.0926606,0.0654545,0.9018349,0.0,0.7708895,0.0107817,0.0431267,0.0929095,0.0053908,0.8975741,0.3545232,0.1354167,0.2,10.75579427616868
760.0,0.4894737,0.0,0.1855263,0.1262887,0.8828947,0.0,0.7401316,0.0065789,0.0197368,0.0759878,0.0,1.0,0.2370821,0.0363636,1.0,10.102379394048045
175.0,0.5028571,0.0,0.1314286,0.0574713,0.8914286,0.0,0.7166667,0.0166667,0.0166667,0.1176471,0.0,1.0,0.2352941,0.0833333,1.0,9.615805480084347
4532.0,0.4545455,0.0783319,0.1710062,0.1432039,0.848632,0.0055163,0.6718062,0.0022026,0.0297357,0.1128481,0.0792952,0.9977974,0.2936004,0.0867508,0.7692308,9.635673464721814
18871.0,0.4714112,0.0379948,0.1265434,0.1281203,0.8244396,0.012029,0.638866,0.004817,0.0492706,0.0983993,0.0353702,0.9957336,0.5158208,0.1059653,0.5054945,10.146472946063877
1929.0,0.4712286,0.0015552,0.1373769,0.1137255,0.8786936,0.0108865,0.7359249,0.0013405,0.0174263,0.0435897,0.0013405,1.0,0.3846154,0.0761589,0.7777778,10.491301994830229
2397.0,0.4760117,0.0120985,0.0926158,0.0342357,0.1910722,0.773884,0.6899563,0.0,0.0305677,0.0458333,0.0043668,0.9956332,0.3166667,0.0588235,0.0,10.616461869895815
815.0,0.4515337,0.0920245,0.203681,0.1767338,0.8527607,0.0,0.6816901,0.0056338,0.0169014,0.0431267,0.0788732,0.9971831,0.2533693,0.0762712,0.4,10.318935994253193
850.0,0.4576471,0.0082353,0.2423529,0.1822126,0.8141176,0.0505882,0.6754386,0.002924,0.0087719,0.1857143,0.0087719,0.9912281,0.3452381,0.1186441,0.7692308,9.746892220313054
2714.0,0.4848931,0.0025792,0.0773766,0.0457797,0.9414149,0.0,0.8359096,0.0035672,0.019025,0.0696903,0.0011891,0.8145065,0.2477876,0.1861702,0.5833333,10.39516093745751
19.0,0.4210526,0.0,0.2631579,0.1818182,0.7894737,0.0,0.5555556,0.0,0.0,0.1,0.0,1.0,0.3,0.0,0.0,9.615805480084347
164.0,0.4878049,0.1707317,0.1219512,0.0952381,0.9146341,0.0,0.8,0.0,0.0153846,0.084507,0.1692308,0.9846154,0.1971831,0.2272727,1.0,11.002116507732017
4644.0,0.4950474,0.0077519,0.124677,0.0810235,0.9209733,0.0023686,0.8198683,0.0017953,0.0299222,0.0357761,0.0047876,0.9940156,0.1240623,0.0673077,0.7692308,11.595435894542709
1519.0,0.4878209,0.0032916,0.0980908,0.0758355,0.8729427,0.0217248,0.7648148,0.0074074,0.05,0.027027,0.0055556,0.9944444,0.1927928,0.0581395,0.0,11.430641079947755
3112.0,0.4964653,0.0061054,0.1301414,0.0842374,0.8971722,0.0,0.7707442,0.0017109,0.0359281,0.0640512,0.0034217,0.9923011,0.2201761,0.0852018,0.3333333,11.598194491615347
8101.0,0.4587088,0.0017282,0.1622022,0.1315849,0.8295272,0.0203679,0.6713792,0.0040842,0.0430412,0.0607849,0.0021992,0.9855482,0.3363824,0.0732323,0.2962963,10.392098241730961
380.0,0.4631579,0.0,0.1894737,0.1666667,0.9078947,0.0,0.7687075,0.0068027,0.0068027,0.1403509,0.0,1.0,0.1754386,0.1111111,1.0,10.098272780745283
647.0,0.4775889,0.0108192,0.1823802,0.1153846,0.885626,0.0,0.7376426,0.0038023,0.0152091,0.0223048,0.0114068,0.9923954,0.2304833,0.027027,0.3333333,10.308985993422082
10663.0,0.4645972,0.0153803,0.1316703,0.1003678,0.5394354,0.236425,0.5376587,0.003103,0.1337094,0.0646438,0.0107193,0.9921016,0.3783641,0.0458606,0.5833333,10.431199791458543
1218.0,0.4827586,0.090312,0.1724138,0.168254,0.8743842,0.0,0.7131148,0.0020492,0.022541,0.0740038,0.0963115,0.9979508,0.3814042,0.060241,0.875,9.615805480084347
644.0,0.4906832,0.0,0.113354,0.1097561,0.9006211,0.0,0.7613169,0.0041152,0.0164609,0.0830189,0.0,1.0,0.1735849,0.08,1.0,10.25769445336048
11471.0,0.4815622,0.0866533,0.0691309,0.0638978,0.923372,0.0,0.8108527,0.0043928,0.0281654,0.0293454,0.0741602,0.9917313,0.1218962,0.1604621,0.45,10.687411927154141
99.0,0.5353535,0.0,0.1010101,0.0869565,0.9090909,0.0,0.7692308,0.0,0.0,0.0,0.0,1.0,0.1794872,0.2,0.0,10.134638955251866
1110.0,0.4459459,0.0,0.2900901,0.2065041,0.7612613,0.0747748,0.6244541,0.0,0.0218341,0.0255319,0.0,1.0,0.3531915,0.0396825,0.5,10.146472946063877
35.0,0.4571429,0.7142857,0.0857143,0.1578947,0.9714286,0.0,0.9166667,0.0,0.0,0.0,0.6666667,1.0,0.25,0.1,0.0,10.915106645867503
23163.0,0.471053,0.0029357,0.1550317,0.1127163,0.7901826,0.029055,0.6539621,0.0037683,0.0852713,0.0437558,0.002907,0.9949397,0.3408834,0.042853,0.6410256,11.357452244304588
962.0,0.452183,0.1403326,0.2681913,0.1973435,0.7681913,0.1091476,0.6978193,0.0031153,0.0560748,0.0957746,0.105919,0.9937695,0.2,0.1123596,1.0,10.716659698193956
446.0,0.4596413,0.8991031,0.1233184,0.1037344,0.8116592,0.0,0.6296296,0.010582,0.0529101,0.4056604,0.8677249,0.994709,0.7106918,0.078125,0.3333333,10.723289410218579
499.0,0.4669339,0.002004,0.1523046,0.112782,0.8136273,0.0,0.6495327,0.0046729,0.0747664,0.0272727,0.0,0.9906542,0.3363636,0.0352941,1.0,10.813780332606648
33485.0,0.467911,0.0164253,0.1681051,0.1041702,0.7901448,0.0401971,0.6648724,0.0015484,0.0653296,0.0460045,0.0145259,0.9916679,0.351224,0.0156542,0.557377,11.32781201446548
691.0,0.5079595,0.0014472,0.1418234,0.0823529,0.9030391,0.0,0.7786561,0.0039526,0.0197628,0.0343511,0.0,0.9881423,0.1183206,0.125,0.0,10.709985739582528
10.0,0.4,0.0,0.1,0.1666667,0.9,0.0,0.75,0.0,0.0,0.2,0.0,1.0,0.2,0.0,0.0,0.0
11249.0,0.493555,0.0219575,0.0496933,0.0372126,0.9036359,0.0009779,0.7916882,0.0041301,0.0560145,0.0495584,0.017811,0.9775426,0.2026497,0.1353328,0.2121212,11.01206667357142
261.0,0.4521073,0.0,0.2145594,0.1678322,0.8084291,0.0689655,0.6631579,0.0,0.0,0.1037736,0.0,1.0,0.1132075,0.0,0.5,9.883335864325275
1139.0,0.4064969,0.6268657,0.2036874,0.2026627,0.856892,0.0,0.6563193,0.0022173,0.0133038,0.0701031,0.556541,0.9977827,0.2804124,0.130719,0.0,10.158168529848494
131.0,0.5419847,0.0,0.2061069,0.1,0.7480916,0.0,0.5666667,0.0,0.0833333,0.8954704,0.0,0.9666667,0.2125436,0.0,0.5,12.07254696717504
358.0,0.4804469,0.896648,0.1452514,0.172043,0.877095,0.0027933,0.6803279,0.0,0.0327869,0.0393701,0.8688525,0.9918033,0.3228346,0.1627907,1.0,9.615805480084347
165121.0,0.4666093,0.1577813,0.1540749,0.1326385,0.7199084,0.0668116,0.5798236,0.0026725,0.0654252,0.084758,0.1394967,0.9945693,0.4351693,0.0463499,0.4893365,10.488520429241627
33574.0,0.4887115,0.0260618,0.0894144,0.0729349,0.8809198,0.0061953,0.7574928,0.00493,0.0411613,0.0740526,0.0244151,0.9611863,0.2872256,0.0854503,0.4637681,11.065090289695444
1395.0,0.4422939,0.6121864,0.1569892,0.1478149,0.9039427,0.0,0.75,0.0,0.016,0.1212654,0.558,0.998,0.3128295,0.2027972,0.5,9.83633227734872
3132.0,0.4466794,0.0233078,0.1794381,0.1557992,0.6848659,0.1452746,0.6001656,0.0008278,0.0322848,0.099851,0.0107616,0.9917219,0.3435171,0.0631164,0.8333333,10.332050506334692
1890.0,0.4708995,0.0148148,0.1333333,0.114,0.8306878,0.0,0.6460526,0.0065789,0.0513158,0.0523691,0.0157895,0.9855263,0.3291771,0.0490798,1.0,10.893047333337728
387.0,0.4806202,0.002584,0.1679587,0.1343284,0.9173127,0.0,0.7894737,0.0,0.0225564,0.130719,0.0,1.0,0.2875817,0.3809524,0.6,10.003378135350923
1130.0,0.4646018,0.3646018,0.1884956,0.1735537,0.860177,0.0,0.6779279,0.0045045,0.0225225,0.1411992,0.2972973,0.9954955,0.3017408,0.175,0.7777778,9.615805480084347
1844.0,0.6778742,0.1046638,0.1415401,0.1952862,0.521692,0.3872017,0.6673469,0.0,0.0102041,0.165247,0.0,0.9795918,0.2964225,0.0948905,0.7142857,9.615805480084347
202.0,0.480198,0.0,0.1534653,0.1238095,0.9158416,0.0,0.7972973,0.0135135,0.0135135,0.1190476,0.0,1.0,0.297619,0.3333333,0.0,9.873079890114703
15982.0,0.4732824,0.0046928,0.2408334,0.1315039,0.8809911,0.0008134,0.7334347,0.0009119,0.0165653,0.022143,0.0039514,0.9974164,0.115619,0.0327044,0.2857143,11.222586532857163
1389.0,0.5104392,0.0,0.0813535,0.0764706,0.8797696,0.0,0.7356557,0.0020492,0.0532787,0.1029412,0.0,0.5717213,0.3216912,0.1946903,0.4166667,10.513280297700861
1539.0,0.4938272,0.0,0.1364522,0.114249,0.8726446,0.0,0.7037037,0.005291,0.0405644,0.055,0.0,0.9770723,0.3116667,0.0966184,0.6666667,10.682835364853922
139.0,0.4388489,0.0,0.0863309,0.0897436,0.9280576,0.0,0.8297872,0.0,0.0212766,0.0408163,0.0,1.0,0.1836735,0.25,0.0,10.034559673629849
1026.0,0.5185185,0.0,0.0516569,0.0202429,0.9697856,0.0,0.9288026,0.0064725,0.0161812,0.0190476,0.0,1.0,0.0507937,0.0666667,0.5,11.05407540279458
1849.0,0.4624121,0.0108167,0.2082207,0.1488934,0.8393726,0.0037858,0.6740548,0.0052151,0.0338983,0.0495663,0.0091265,0.9973924,0.2416357,0.0772059,0.3333333,10.073272520325904
152.0,0.5328947,0.0,0.0657895,0.084507,0.9539474,0.0,0.8653846,0.0,0.0,0.0714286,0.0,1.0,0.0,0.0,0.75,11.309596795779068
676.0,0.4482249,0.0,0.2692308,0.233244,0.7795858,0.0177515,0.5760518,0.0,0.0194175,0.0991254,0.0,0.9902913,0.3877551,0.0714286,0.6666667,10.292179440058462
1326.0,0.4819005,0.0,0.2149321,0.1717613,0.8107089,0.0286576,0.6532567,0.0038314,0.0344828,0.0543478,0.0,0.9904215,0.2355072,0.1237113,0.6,9.898525260706313
299.0,0.4816054,0.0,0.1605351,0.0516129,0.9130435,0.0033445,0.7735849,0.0,0.009434,0.1239669,0.0,0.990566,0.1487603,0.0,0.5,9.615805480084347
1681.0,0.4491374,0.1915526,0.2522308,0.1922246,0.8233195,0.0,0.6243243,0.0027027,0.0189189,0.1232227,0.177027,0.9945946,0.3317536,0.0714286,0.7894737,9.873079890114703
10426.0,0.4940533,0.0742375,0.0507385,0.0415166,0.8999616,0.0,0.7891264,0.0044867,0.0533122,0.0933238,0.0712589,0.9894431,0.3275903,0.0991903,0.2020202,11.034905792929415
1526.0,0.5078637,0.0045872,0.2247706,0.0758988,0.895806,0.0,0.7851373,0.0016155,0.0387722,0.3972736,0.003231,0.9919225,0.3271665,0.1034483,0.8,11.206413891581187
139739.0,0.4768819,0.3888535,0.0988199,0.078591,0.7601457,0.0595396,0.6012941,0.0032256,0.0707873,0.0826054,0.3784587,0.7470853,0.568006,0.1185643,0.3893443,11.581527593460411
3922.0,0.5056094,0.0168281,0.0308516,0.0195977,0.9260581,0.0,0.8347398,0.0035162,0.0316456,0.1017056,0.0175809,0.9824191,0.0897031,0.0686275,0.4027778,11.710143844404854
981.0,0.4678899,0.1182467,0.09684,0.0823755,0.8990826,0.0,0.7725948,0.0058309,0.0495627,0.0973684,0.1107872,0.9970845,0.4605263,0.1222222,0.4,9.746892220313054
1700.0,0.4817647,0.3064706,0.1064706,0.0953462,0.8664706,0.0147059,0.7165354,0.0031496,0.0220472,0.1056338,0.2629921,0.9952756,0.3760563,0.1324921,0.8888889,10.837637848711049
19386.0,0.4879294,0.0646343,0.0761374,0.0629596,0.9114309,0.0011348,0.7997963,0.0036374,0.0371017,0.0804121,0.0555798,0.9813764,0.2346802,0.1153247,0.3937008,10.781058245898533
7582.0,0.5025059,0.0025059,0.0563176,0.0323436,0.87866,0.0031654,0.762605,0.0073529,0.0609244,0.1007557,0.0021008,0.9877451,0.188602,0.0700152,0.4468085,11.489667073393028
871.0,0.4592423,0.0149254,0.2468427,0.163482,0.8059701,0.0597015,0.6775148,0.0029586,0.0177515,0.0584958,0.0059172,0.9792899,0.2228412,0.0384615,0.25,10.169728906753061
1289.0,0.4778898,0.1908456,0.1148177,0.1114413,0.9115593,0.0,0.7583893,0.0022371,0.0067114,0.0914634,0.2035794,0.9194631,0.4065041,0.1385542,1.0,10.214678610538817
97.0,0.4536082,0.0,0.1443299,0.1132075,0.8969072,0.0,0.7692308,0.0,0.025641,0.1521739,0.0,1.0,0.3913043,0.1666667,0.0,9.69898173460629
1859.0,0.4588488,0.0005379,0.1452394,0.1202783,0.8343195,0.0,0.6546185,0.0093708,0.0414993,0.1032413,0.0,0.9946452,0.3529412,0.0366667,0.2,11.05407540279458
3197.0,0.4785737,0.0,0.1473256,0.1091782,0.8786362,0.0234595,0.7474662,0.0,0.0118243,0.1451264,0.0,0.8572635,0.3068592,0.1402214,0.4827586,10.30229722897745
1068.0,0.4588015,0.0365169,0.1610487,0.1176471,0.8867041,0.0,0.7405542,0.0075567,0.0251889,0.0502392,0.0403023,0.97733,0.1866029,0.1206897,0.75,10.354595018522993
291.0,0.5292096,0.0,0.0687285,0.0729927,0.9656357,0.0,0.8875,0.0,0.0125,0.1011236,0.0,0.9125,0.2696629,0.1428571,1.0,10.335302435967074
11189.0,0.5141657,0.0110823,0.0919653,0.0829654,0.8594155,0.0,0.6947167,0.0045422,0.0576142,0.030591,0.0148219,0.9053311,0.4799537,0.0607453,0.3333333,11.403121759615027
923.0,0.4257855,0.0032503,0.3412784,0.2679245,0.7713976,0.063922,0.6122449,0.0,0.0,0.1050228,0.005102,0.9336735,0.3082192,0.0263158,0.9,9.957075711706057
142.0,0.4859155,0.0,0.2394366,0.1506849,0.8239437,0.0,0.6610169,0.0169492,0.0677966,0.1060606,0.0,1.0,0.2121212,0.0,1.0,10.586609649448985
993.0,0.4914401,0.0080564,0.1852971,0.1405941,0.8630413,0.0,0.7157107,0.0049875,0.0374065,0.0452381,0.0049875,0.9700748,0.2690476,0.0758621,0.25,11.060384472475045
676.0,0.510355,0.0014793,0.1183432,0.0755287,0.9142012,0.0,0.7982833,0.0042918,0.0300429,0.2154882,0.0,0.2875536,0.4646465,0.1607143,1.0,9.90353755128617
32295.0,0.46549,0.0047066,0.1111318,0.0844051,0.6817154,0.1230841,0.6324686,0.0021694,0.1193166,0.0389193,0.0043388,0.9800235,0.3975328,0.051148,0.3164557,10.821796246953596
338.0,0.4940828,0.0,0.204142,0.1052632,0.8402367,0.0,0.6965517,0.0,0.062069,0.3881857,0.0,0.9862069,0.1983122,0.0540541,1.0,11.548302261270587
2674.0,0.4521316,0.039267,0.1645475,0.1412969,0.750561,0.0867614,0.6515881,0.0,0.0673725,0.0965217,0.0307988,0.9865255,0.4678261,0.0394973,0.1666667,11.192733974822708
10762.0,0.4822524,0.0085486,0.1511801,0.0931443,0.7754135,0.01273,0.6094189,0.0015122,0.0838194,0.0490961,0.0079931,0.9254699,0.351479,0.0298343,0.3225806,12.483708170000067
15761.0,0.4881035,0.0013324,0.1334941,0.0966782,0.938075,0.0020938,0.8549512,0.0015939,0.0290895,0.0116187,0.0011955,0.9768878,0.0905868,0.102349,0.65,12.012493964400264
134.0,0.5074627,0.0,0.1940299,0.1212121,0.9104478,0.0,0.7818182,0.0,0.0,0.1269841,0.0,1.0,0.1746032,0.0,0.0,9.615805480084347
22902.0,0.4645009,0.0461532,0.1489826,0.1119537,0.839359,0.0367217,0.7061684,0.0033215,0.032503,0.0463801,0.0422301,0.9877817,0.2994344,0.0937406,0.5,10.803669227477098
16812.0,0.4571734,0.0117178,0.1833214,0.1552707,0.7997264,0.0295622,0.6418063,0.006992,0.0423889,0.0667482,0.0116533,0.99563,0.2531267,0.0725615,0.5806452,10.056251557087757
3119.0,0.4857326,0.2487977,0.0907342,0.1009975,0.8784867,0.0185957,0.755,0.006,0.057,0.0627929,0.23,0.964,0.3814433,0.1633987,0.8181818,10.505094936455558
1411.0,0.4720057,0.0,0.210489,0.1436242,0.8667612,0.0,0.7008403,0.0016807,0.010084,0.115899,0.0,0.989916,0.3417533,0.0740741,0.8125,9.97119292889014
1549.0,0.5009684,0.0103292,0.1129761,0.084088,0.9141382,0.0,0.7834008,0.0020243,0.0242915,0.1209964,0.0101215,0.5020243,0.411032,0.2666667,0.1666667,9.686636660844938
7706.0,0.5018168,0.0081754,0.107319,0.0888252,0.8392162,0.0186867,0.7125749,0.0116238,0.0651638,0.1286065,0.0063403,0.9471645,0.5085942,0.1719227,0.6785714,10.659633006160352
12959.0,0.4862258,0.0024693,0.1549502,0.0764494,0.9302415,0.0121151,0.8508018,0.0018592,0.0192889,0.0362822,0.001162,0.9660702,0.0788354,0.1564885,0.4090909,13.122367377396328
1937.0,0.4372741,0.0036138,0.2343831,0.193578,0.8198245,0.0258131,0.6567696,0.0011876,0.0095012,0.0696133,0.0035629,0.9976247,0.3690608,0.05919,0.1111111,10.12667110305036
2575.0,0.431068,0.5728155,0.223301,0.1979522,0.8469903,0.0279612,0.6904277,0.0,0.0183299,0.0787992,0.5020367,0.9949084,0.2964353,0.1294964,0.6315789,10.250652418696085
328.0,0.4481707,0.0,0.320122,0.2375691,0.7743902,0.0,0.5493827,0.0,0.0061728,0.1290323,0.0,1.0,0.3225806,0.0384615,1.0,9.615805480084347
224.0,0.4821429,0.0,0.1919643,0.1034483,0.8616071,0.0,0.7311828,0.0107527,0.0322581,0.1308411,0.0,0.9892473,0.2523364,0.0833333,0.8,9.615805480084347
61.0,0.4754098,0.0,0.1311475,0.125,0.9016393,0.0,0.7916667,0.0,0.0416667,0.1111111,0.0,1.0,0.4074074,0.0,0.0,9.615805480084347
4695.0,0.4681576,0.000852,0.1337593,0.1121346,0.8489883,0.0091587,0.6952169,0.0072303,0.0500556,0.0395299,0.0011123,0.9827586,0.2938034,0.0576271,0.5714286,10.5815464756746
83312.0,0.5049093,0.0125792,0.0784041,0.06255,0.5492966,0.0909353,0.4575704,0.0045846,0.2088752,0.0438103,0.011822,0.9629192,0.4703888,0.0373782,0.2773723,11.46374572492597
482.0,0.5,0.0,0.120332,0.0912863,0.9170124,0.0,0.7928994,0.0,0.0295858,0.0174419,0.0,0.9940828,0.1453488,0.0952381,1.0,10.488520429241627
2371.0,0.4597216,0.0,0.2319696,0.1842311,0.8068326,0.024884,0.6353535,0.0060606,0.0262626,0.0833333,0.0,0.9939394,0.325,0.1075949,0.6153846,10.295563423525277
439.0,0.4783599,0.0,0.3211845,0.2576419,0.7220957,0.0432802,0.5263158,0.0047847,0.0143541,0.2891156,0.0,1.0,0.5034014,0.0384615,0.8181818,9.615805480084347
1523.0,0.4950755,0.0,0.1103086,0.0715215,0.9317137,0.0,0.8377425,0.0035273,0.0123457,0.0518395,0.0,0.9964727,0.1371237,0.1097561,0.375,11.275949181024878
1062.0,0.4962335,0.0282486,0.153484,0.0971963,0.7843691,0.0047081,0.6234568,0.0041152,0.0720165,0.0760456,0.0185185,0.9506173,0.3269962,0.0344828,0.2142857,11.487617913343598
6455.0,0.4557707,0.4009295,0.2052672,0.1912895,0.8226181,0.0408985,0.6856582,0.0051081,0.0212181,0.0971976,0.3654224,0.9917485,0.3199716,0.0735108,0.516129,9.898525260706313
9922.0,0.4479944,0.0,0.2147752,0.1740004,0.8040718,0.0369885,0.6614944,0.0023872,0.0300788,0.0861693,0.0,0.9937933,0.3529668,0.0655405,0.4722222,10.485731104959568
341.0,0.4780059,0.1319648,0.1935484,0.1123596,0.914956,0.0,0.8203125,0.0,0.0234375,0.0985915,0.1015625,0.984375,0.2042254,0.1071429,1.0,10.606609816118151
875.0,0.4788571,0.3954286,0.1771429,0.1008772,0.8822857,0.0057143,0.7507886,0.0031546,0.0473186,0.150134,0.3564669,0.9747634,0.4155496,0.1098901,0.4166667,10.250652418696085
230.0,0.5173913,0.0,0.1695652,0.0990991,0.8347826,0.0,0.6630435,0.0108696,0.0543478,0.2923077,0.0,1.0,0.5230769,0.0666667,0.0,9.918425424900335
6447.0,0.4820847,0.3153405,0.1025283,0.0967355,0.9159299,0.0302466,0.8479564,0.0021798,0.0283379,0.0239362,0.2675749,0.9318801,0.193617,0.1394102,0.5454545,12.027549864243364
3516.0,0.511661,0.0110922,0.1021047,0.0646476,0.7238339,0.162116,0.7098821,0.011786,0.0580236,0.0290493,0.0045331,0.9891206,0.2984155,0.0780781,0.6666667,10.975088291957388
3305.0,0.4944024,0.0060514,0.0850227,0.0658288,0.9055976,0.0,0.7931937,0.0122164,0.0410122,0.0868526,0.0052356,0.9904014,0.3131474,0.1592357,0.7857143,10.579005242826247
3616.0,0.4466261,0.059458,0.2364491,0.2083958,0.8050332,0.0555863,0.6792708,0.0006752,0.0182309,0.0766833,0.0540176,0.9979743,0.324813,0.0585859,0.3571429,10.454523783963511
36.0,0.5,0.0,0.1388889,0.0,0.9444444,0.0,0.8461538,0.0,0.0,0.1875,0.0,1.0,0.125,0.0,0.0,9.615805480084347
2734.0,0.4886613,0.0007315,0.1294806,0.1044349,0.8906364,0.0,0.739726,0.0058708,0.0225049,0.0501859,0.0009785,0.9990215,0.2174721,0.1171875,0.6,10.332050506334692
235.0,0.4765957,0.0,0.2680851,0.1788618,0.8382979,0.0,0.6534653,0.0,0.029703,0.0900901,0.0,1.0,0.2522523,0.0,1.0,9.615805480084347
1033.0,0.4801549,0.0019361,0.2371733,0.1899441,0.803485,0.0687318,0.707124,0.0131926,0.0343008,0.0997625,0.0,0.9894459,0.2945368,0.1313131,0.5,10.264687244346277
139.0,0.4748201,0.0,0.1007194,0.0547945,0.6043165,0.0,0.4166667,0.0138889,0.1666667,0.2941176,0.0,0.9861111,0.5588235,0.0869565,0.0,11.010415172807951
173.0,0.4450867,0.0,0.2890173,0.3125,0.7687861,0.0,0.5517241,0.0,0.0114943,0.2018349,0.0,1.0,0.3302752,0.0625,1.0,9.615805480084347
4474.0,0.4722843,0.0006705,0.1817166,0.1440068,0.8314707,0.0297273,0.6794796,0.0047309,0.0396215,0.0814775,0.0,0.9958604,0.2509506,0.0847107,0.4285714,10.150386692204734
22.0,0.5454545,0.0,0.1363636,0.1,0.9090909,0.0,0.7777778,0.0,0.0,0.1818182,0.0,1.0,0.1818182,0.5,0.0,9.841665338892785
6867.0,0.4964322,0.0208242,0.0937819,0.0777906,0.9303917,0.0131062,0.8616438,0.0013699,0.026484,0.0157303,0.0159817,0.9547945,0.0737079,0.127451,0.4666667,12.219980481653478
408.0,0.4632353,0.002451,0.2941176,0.196347,0.7769608,0.0416667,0.5955056,0.0,0.011236,0.1945701,0.005618,1.0,0.39819,0.122807,0.6666667,9.723223876851618
188004.0,0.4776015,0.01934,0.1400928,0.0969118,0.918523,0.0103934,0.826207,0.0041933,0.0351964,0.045122,0.0199559,0.1123255,0.6895171,0.1551261,0.2544379,11.091346218718432
407.0,0.3759214,0.4078624,0.4176904,0.3779528,0.5773956,0.3562654,0.75,0.0,0.0096154,0.1544715,0.375,1.0,0.3089431,0.0277778,1.0,10.714439990727769
504.0,0.4960317,0.0019841,0.1904762,0.1299213,0.8492063,0.0,0.6323529,0.0,0.004902,0.0642202,0.0,0.9852941,0.2201835,0.0434783,0.75,9.952325334619427
639.0,0.4710485,0.5367762,0.1283255,0.1390533,0.8841941,0.0,0.7366255,0.0041152,0.0205761,0.2186495,0.4444444,0.9711934,0.5980707,0.1086957,1.0,9.615805480084347
351.0,0.4814815,0.0,0.1680912,0.1208791,0.9145299,0.0,0.7851852,0.0,0.0074074,0.0939597,0.0,0.9851852,0.5234899,0.2380952,0.6666667,9.615805480084347
565.0,0.4566372,0.099115,0.1380531,0.1628664,0.8973451,0.0,0.7464115,0.0047847,0.0143541,0.1803922,0.0956938,1.0,0.3568627,0.2972973,0.6363636,9.62251624577579
1070.0,0.4719626,0.1140187,0.1,0.0849558,0.9336449,0.0,0.8346667,0.0026667,0.0186667,0.0359897,0.088,0.9946667,0.0616967,0.1857143,0.0,10.766398604507042
3698.0,0.48053,0.0002704,0.1960519,0.1197293,0.8534343,0.0221741,0.7115118,0.0020804,0.0270458,0.0593607,0.0,0.9937587,0.2759295,0.0699088,0.3571429,10.281958234245314
68107.0,0.4739895,0.0020703,0.185561,0.1397906,0.862716,0.0065338,0.7075465,0.0020575,0.0290249,0.0254574,0.0015798,0.9926887,0.1758387,0.0454109,0.5907173,10.993748398115178
1230.0,0.4642276,0.002439,0.199187,0.1471927,0.8146341,0.0,0.6358595,0.0018484,0.0480591,0.0508772,0.0055453,0.9981516,0.3754386,0.0432432,0.6666667,10.776891660007811
8708.0,0.4985071,0.0041341,0.0586817,0.0485459,0.8801102,0.0040193,0.748068,0.0046368,0.0491499,0.0833097,0.0027821,0.9625966,0.2964012,0.064632,0.3614458,11.259335592686217
194.0,0.4896907,0.0,0.2319588,0.1212121,0.9381443,0.0,0.8208955,0.0,0.0,0.1066667,0.0,1.0,0.1333333,0.0,0.0,10.243560441877241
253.0,0.4782609,0.0,0.1225296,0.0984848,0.8616601,0.0474308,0.8139535,0.0116279,0.0465116,0.1134021,0.0,0.9534884,0.2268041,0.0833333,0.3333333,10.566201298475118
60.0,0.4833333,0.0,0.05,0.0967742,0.75,0.0,0.5217391,0.0434783,0.0869565,0.2333333,0.0,0.9130435,0.5333333,0.2,0.0,0.0
9958.0,0.479514,0.0244025,0.1121711,0.094154,0.8518779,0.0049207,0.7001764,0.0070547,0.0458554,0.049569,0.0201562,0.9934492,0.2935824,0.0736544,0.52,10.84546552414626
11070.0,0.4486902,0.0079494,0.2065944,0.1286253,0.6457091,0.0186089,0.4732611,0.0027962,0.1048584,0.0408984,0.006641,0.9701153,0.5363728,0.0106724,0.2142857,12.67670420258797
554.0,0.5252708,0.0090253,0.0776173,0.0532319,0.8194946,0.0,0.6696429,0.0,0.1026786,0.0819672,0.0044643,0.9866071,0.307377,0.05,0.2,11.124332223082254
48655.0,0.4990032,0.002898,0.0740109,0.0569002,0.912157,0.0002672,0.7992991,0.0021383,0.0447256,0.0450369,0.0035044,0.9923972,0.2256948,0.0509259,0.3664122,11.291043617373028
1056.0,0.4763258,0.1524621,0.1818182,0.1537071,0.8560606,0.0,0.6847291,0.0073892,0.0394089,0.1380042,0.1280788,0.9753695,0.3566879,0.1862069,1.0,9.942756341456828
1419.0,0.4362227,0.0021142,0.2487667,0.21625,0.7610994,0.1071177,0.7001934,0.0019342,0.0560928,0.1340034,0.0019342,0.9980658,0.3232831,0.0611111,0.4285714,11.513934955263402
93.0,0.4408602,0.0,0.2365591,0.1346154,0.8817204,0.0,0.7428571,0.0,0.0285714,0.2222222,0.0,1.0,0.2444444,0.5,0.0,9.615805480084347
8254.0,0.4752847,0.004725,0.1608917,0.117063,0.8107584,0.0129634,0.6475508,0.0062724,0.0672043,0.0809772,0.0041816,0.9901434,0.3667307,0.0620061,0.7241379,11.61549107852535
351.0,0.4957265,0.0,0.1994302,0.1751412,0.8290598,0.002849,0.6748466,0.0,0.0368098,0.1641026,0.0,1.0,0.4307692,0.0540541,1.0,10.003378135350923
174.0,0.4827586,0.0229885,0.1091954,0.1111111,0.908046,0.0,0.7540984,0.0,0.0163934,0.1866667,0.0163934,1.0,0.2133333,0.1904762,1.0,10.021315031649332
6934.0,0.4584655,0.0015864,0.3154024,0.2,0.80848,0.0519181,0.6836699,0.0021254,0.0205455,0.1069282,0.0003542,0.9110875,0.2907308,0.1194245,0.6603774,10.718874489469398
924.0,0.5,0.0010823,0.1298701,0.0757576,0.8614719,0.0,0.7019499,0.005571,0.0473538,0.0244565,0.0,0.9972145,0.2771739,0.0987654,0.25,11.06665398721974
440.0,0.5318182,0.0022727,0.0204545,0.0097087,0.7272727,0.0,0.6646341,0.0182927,0.2134146,0.6168224,0.0,0.9817073,0.3294393,0.1111111,0.0,11.538602958260002
11274.0,0.49113,0.0009757,0.1430726,0.0847133,0.9298386,0.0,0.825332,0.0005107,0.0211951,0.0290107,0.0005107,0.9946374,0.0845524,0.0608365,0.4047619,12.250572667806054
412.0,0.4781553,0.0024272,0.2961165,0.2511628,0.7961165,0.0364078,0.6264368,0.0,0.0229885,0.0793651,0.0,1.0,0.3386243,0.0238095,0.0,10.254179634797001
1984.0,0.4455645,0.000504,0.2484879,0.2245455,0.6910282,0.0705645,0.5455635,0.0095923,0.0971223,0.078453,0.001199,0.9928058,0.4839779,0.0263736,0.0,11.072884439922198
239.0,0.5188285,0.0,0.1506276,0.0782609,0.8410042,0.0,0.7155963,0.0,0.0550459,0.9262018,0.0,0.9908257,0.2647258,0.0434783,1.0,11.177466714598282
3896.0,0.4689425,0.0610883,0.186345,0.1338811,0.87654,0.0164271,0.7157969,0.0021157,0.0084626,0.1358927,0.0627645,0.7002821,0.3960999,0.2015707,0.6,9.615805480084347
2906.0,0.4772884,0.0158293,0.1328286,0.1066491,0.8871301,0.003097,0.7586513,0.0062112,0.0292813,0.0317869,0.0133097,0.9964508,0.290378,0.0820896,0.5,10.712215345197256
8567.0,0.4762461,0.0098051,0.1428738,0.1034099,0.8518735,0.0008171,0.6912771,0.0017104,0.0444698,0.0242003,0.0108324,0.9917332,0.2717663,0.0372671,0.2068966,11.476271853988816
277.0,0.6281588,0.2238267,0.1624549,0.1456311,0.6895307,0.2490975,0.7848101,0.0,0.0,0.091954,0.0759494,1.0,0.2068966,0.2142857,0.0,9.87822102528824
66473.0,0.4774119,0.0063033,0.1731831,0.1150613,0.8844493,0.0045582,0.7502103,0.0031644,0.0359704,0.134452,0.0055277,0.9814941,0.2303505,0.0851308,0.5720721,11.564578194753137
173.0,0.4797688,0.0,0.283237,0.1333333,0.9075145,0.0,0.7857143,0.0,0.0142857,0.1025641,0.0,0.9857143,0.3461538,0.1428571,1.0,9.770013301136158
1003.0,0.8045862,0.3928215,0.0548355,0.1122449,0.332004,0.6251246,0.7266187,0.0,0.0359712,0.0479452,0.0071942,1.0,0.2328767,0.1282051,0.0,10.110542371500753
3633.0,0.4693091,0.8841178,0.0770713,0.0886929,0.9000826,0.0035783,0.7535088,0.0070175,0.0394737,0.057072,0.8640351,0.9903509,0.2109181,0.183908,0.6296296,11.163382173096926
1095.0,0.5013699,0.0018265,0.1031963,0.1007326,0.8557078,0.0,0.6970387,0.0045558,0.0455581,0.0873181,0.0,0.9453303,0.3929314,0.0340136,0.8,10.614007941153417
2814.0,0.4552239,0.0003554,0.6115849,0.1806915,0.8457711,0.0,0.7219917,0.0006916,0.0207469,0.1578334,0.0006916,0.9896266,0.314502,0.147541,0.5869565,10.61890979160975
2287.0,0.4989069,0.0069961,0.0524705,0.0418848,0.9811981,0.0,0.9468391,0.0014368,0.0071839,0.0113636,0.0071839,0.9971264,0.0042614,0.2105263,0.1666667,11.82115253615114
776.0,0.4845361,0.0090206,0.125,0.0725,0.8402062,0.0,0.6570513,0.0032051,0.0448718,0.0714286,0.0096154,0.9711538,0.389881,0.0873786,0.3,10.666650414667744
402.0,0.4278607,0.3706468,0.1791045,0.1695652,0.8358209,0.0,0.6337209,0.0,0.0116279,0.1041667,0.3604651,0.9883721,0.5104167,0.025,1.0,9.615805480084347
208.0,0.4903846,0.0,0.1634615,0.1509434,0.8509615,0.0,0.6627907,0.0,0.0232558,0.0851064,0.0,0.9767442,0.3829787,0.1666667,0.0,9.814710982145282
297.0,0.5185185,0.023569,0.1144781,0.0769231,0.9225589,0.0,0.847619,0.0190476,0.0285714,0.0948276,0.0380952,1.0,0.1810345,0.1428571,0.6666667,10.268165387743457
5646.0,0.4844137,0.0058448,0.1842012,0.1326005,0.8618491,0.0150549,0.7218225,0.006235,0.0417266,0.0453297,0.0043165,0.971223,0.3878205,0.1669794,0.3333333,10.793454842740767
834.0,0.5023981,0.0059952,0.1738609,0.1060241,0.793765,0.0647482,0.6707692,0.0061538,0.0246154,0.1492147,0.0030769,0.9969231,0.3193717,0.0520833,0.6428571,9.883335864325275
5232.0,0.4963685,0.0013379,0.0640291,0.0485769,0.8992737,0.0,0.7686891,0.0027086,0.0476706,0.0360313,0.0010834,0.9929577,0.2516971,0.0453649,0.0,11.131679686740132
60110.0,0.455465,0.0217934,0.2206954,0.1306978,0.8019464,0.0394776,0.6725205,0.001129,0.0544405,0.0441629,0.0186904,0.9779227,0.1979138,0.0424146,0.4115044,12.02035131605286
15269.0,0.4792062,0.0058943,0.1811514,0.1194668,0.8863711,0.0,0.7493412,0.0023057,0.0293149,0.0217496,0.0075758,0.9972003,0.1661028,0.0481809,0.1176471,11.028433383156079
9.0,0.5555556,0.0,0.3333333,0.0,0.8888889,0.0,0.75,0.0,0.0,0.4285714,0.0,1.0,0.5714286,0.0,0.0,9.615805480084347
690.0,0.4884058,0.0,0.1724638,0.1076487,0.9014493,0.0,0.7744361,0.0037594,0.018797,0.125,0.0,0.9924812,0.3256579,0.1044776,0.6666667,10.292179440058462
9893.0,0.482058,0.0043465,0.1743657,0.0786495,0.9136763,0.0,0.817004,0.0018893,0.037247,0.0232006,0.0040486,0.9651822,0.0635381,0.0831409,0.3235294,12.677640675462799
634.0,0.4605678,0.0,0.2492114,0.1842105,0.8280757,0.0157729,0.6329588,0.0,0.0037453,0.0761246,0.0,1.0,0.2698962,0.1071429,0.75,9.615805480084347
510.0,0.4627451,0.0,0.1862745,0.1313869,0.8745098,0.0,0.7106599,0.0101523,0.0152284,0.0390244,0.0,0.9949239,0.204878,0.1463415,1.0,10.250652418696085
1817.0,0.4903687,0.0,0.1166758,0.0680346,0.916896,0.0,0.7926267,0.0015361,0.0184332,0.0537791,0.0,0.9938556,0.0639535,0.1272727,0.3333333,10.980212041446208
569.0,0.4762742,0.1142355,0.1581722,0.1375839,0.8857645,0.0,0.7314815,0.0046296,0.0231481,0.15625,0.125,0.9675926,0.3632812,0.0833333,0.2,9.94755228369823
5761.0,0.4863739,0.0088526,0.0994619,0.0932748,0.8738066,0.0151015,0.7512124,0.0019399,0.0514064,0.0278171,0.0077595,0.9912706,0.2281942,0.0628571,0.2105263,11.86147448281689
2601.0,0.4609765,0.0007689,0.2529796,0.1847361,0.8204537,0.0422914,0.6835206,0.002809,0.0131086,0.0769231,0.0,0.9990637,0.2722558,0.0581818,0.6,10.047631185616188
844.0,0.4656398,0.0023697,0.186019,0.1241685,0.8779621,0.0177725,0.7353846,0.0030769,0.0030769,0.0687679,0.0,0.9969231,0.3094556,0.1176471,0.5,10.142543822310387
1907.0,0.501311,0.0,0.1074987,0.0662461,0.9444153,0.0,0.8265306,0.0,0.0068027,0.0117647,0.0,1.0,0.1428571,0.010989,1.0,10.891186902297498
1264.0,0.4738924,0.3330696,0.2151899,0.1849624,0.8575949,0.0,0.6762452,0.0,0.0210728,0.0711744,0.3045977,0.9961686,0.2455516,0.0855263,1.0,10.188704088048116
1659.0,0.4629295,0.0096444,0.1464738,0.1066218,0.8631706,0.0,0.7209653,0.0075415,0.0512821,0.0582386,0.0075415,0.9291101,0.2727273,0.1061224,0.2,10.638280388314705
2019.0,0.4779594,0.0039624,0.1431402,0.1072106,0.8925211,0.0,0.7628866,0.0051546,0.0296392,0.1211778,0.0064433,0.9987113,0.2695357,0.106383,0.75,10.2328272702548
1871.0,0.4778193,0.0117584,0.2250134,0.1402252,0.7883485,0.0042758,0.6085366,0.004878,0.0585366,0.6658517,0.0085366,0.9890244,0.3455583,0.0753425,0.8421053,12.077107952499174
9096.0,0.5016491,0.0086851,0.1833773,0.1016987,0.8793975,0.0423263,0.8028773,0.0003061,0.0189777,0.0325733,0.0045914,0.9938782,0.0766953,0.0742049,0.3555556,11.104972264124868
308.0,0.4383117,0.2142857,0.2142857,0.1907514,0.8668831,0.0,0.7045455,0.0075758,0.0075758,0.1081081,0.1666667,1.0,0.1283784,0.1153846,0.75,10.661977618146238
1131.0,0.4597701,0.0813439,0.1564987,0.1374795,0.8983201,0.0,0.7444717,0.004914,0.007371,0.1413502,0.0835381,0.8304668,0.4324895,0.1967213,1.0,9.923339198238729
1640.0,0.452439,0.0006098,0.2134146,0.1681514,0.7792683,0.0432927,0.6272189,0.0014793,0.0488166,0.0802721,0.0,0.9955621,0.3972789,0.0338983,0.7272727,10.633472802314019
112.0,0.4910714,0.0,0.2946429,0.1754386,0.875,0.0,0.7173913,0.0,0.0217391,0.220339,0.0,1.0,0.3220339,0.125,1.0,9.803722464346553
5463.0,0.4374886,0.1079993,0.0598572,0.040026,0.3267435,0.4111294,0.4141484,0.0061813,0.2541209,0.0911361,0.0707418,0.9471154,0.6117353,0.0455508,0.7,11.493752839181418
1349.0,0.483321,0.0029652,0.1297257,0.0989957,0.8539659,0.0,0.6782274,0.0057803,0.0462428,0.0441989,0.0019268,0.9980732,0.3149171,0.0745614,0.75,11.031674824544641
642.0,0.4781931,0.0046729,0.2601246,0.1402985,0.8722741,0.0,0.7464286,0.0071429,0.025,0.3518519,0.0,0.9892857,0.4050926,0.0384615,0.7272727,10.566201298475118
252.0,0.4880952,0.0,0.1984127,0.1860465,0.8174603,0.0,0.6160714,0.0,0.0267857,0.0743802,0.0,1.0,0.3305785,0.0666667,1.0,9.615805480084347
5371.0,0.4710482,0.0001862,0.1969838,0.1545231,0.8305716,0.0214113,0.6679139,0.0018709,0.0336763,0.0476615,0.0,0.984565,0.2797327,0.068314,0.5217391,10.392098241730961
1787.0,0.4471181,0.0,0.2977057,0.1831984,0.8181309,0.0274203,0.6670968,0.003871,0.0180645,0.2326733,0.0,0.9858065,0.2584158,0.0789474,0.8571429,9.615805480084347
174.0,0.408046,0.0,0.3908046,0.2621359,0.7586207,0.0,0.5384615,0.0,0.0,0.1801802,0.0,1.0,0.3603604,0.0,0.6666667,9.615805480084347
29813.0,0.4538289,0.4703988,0.1427901,0.1340048,0.8162547,0.0443095,0.6797002,0.0030703,0.0436157,0.0607294,0.4000361,0.9945819,0.3081425,0.1070142,0.4444444,10.633472802314019
2263.0,0.4741494,0.0004419,0.1984092,0.1672269,0.8563853,0.0128148,0.6925638,0.0022198,0.0133185,0.0585162,0.0011099,0.9966704,0.2194357,0.0565371,0.6666667,10.69650269224425
1875.0,0.4997333,0.0170667,0.0234667,0.0181237,0.9632,0.0,0.9222798,0.0034542,0.0310881,0.0102564,0.015544,0.9930915,0.017094,0.1666667,0.0,11.300981463909618
1804.0,0.4185144,0.0005543,0.8847007,0.3145853,0.7427938,0.0,0.595822,0.0,0.017257,0.1034202,0.0009083,0.9990917,0.3094463,0.0625,0.3962264,10.645448706505872
163.0,0.5398773,0.0,0.1411043,0.1066667,0.9325153,0.0,0.8518519,0.0185185,0.0185185,0.0526316,0.0,1.0,0.0350877,0.2,0.0,10.243560441877241
1881.0,0.4880383,0.0026582,0.1095162,0.0893043,0.9048379,0.0053163,0.7711599,0.0031348,0.023511,0.0229709,0.0015674,0.869906,0.3200613,0.1890244,0.0,10.734242182303689
2190.0,0.4493151,0.0,0.2872146,0.2197347,0.790411,0.0255708,0.6040555,0.0032017,0.022412,0.1442922,0.0,0.8388474,0.3936073,0.1062992,0.7272727,9.711176264112805
4152.0,0.4503854,0.5650289,0.166185,0.1472393,0.86079,0.0098748,0.6778567,0.0025823,0.0180762,0.1394444,0.5067786,0.9980633,0.2355556,0.1761364,0.7457627,10.030164255362632
723.0,0.4854772,0.0013831,0.208852,0.1639785,0.8284924,0.0013831,0.6635514,0.0093458,0.0404984,0.327044,0.0031153,0.9813084,0.4863732,0.1012658,0.3888889,10.169728906753061
3310.0,0.476435,0.0006042,0.1181269,0.0813618,0.8975831,0.0015106,0.7770492,0.0016393,0.0377049,0.0271132,0.0,1.0,0.2192982,0.040293,0.2857143,10.738589920723442
2573.0,0.4376215,0.1099883,0.2440731,0.2163096,0.7337738,0.1298096,0.6839431,0.0010163,0.0365854,0.0418695,0.1046748,0.9898374,0.2999026,0.0452128,1.0,10.829748417047593
338.0,0.5443787,0.0147929,0.0621302,0.0909091,0.6627219,0.0,0.4,0.0,0.0333333,0.2996109,0.0277778,0.9722222,0.7431907,0.0194175,0.0,10.428245666832275
369365.0,0.4839035,0.1530221,0.1207992,0.0899658,0.7792617,0.0220324,0.6045942,0.0053239,0.0867187,0.05815,0.1343566,0.8762012,0.4451755,0.1152621,0.286645,11.297266335365645
3092.0,0.5675938,0.1862872,0.0009702,0.0029918,0.826326,0.1649418,0.9650838,0.0,0.0027933,0.0298103,0.1592179,0.9622905,0.1680217,0.180937,0.0,10.389026137075234
4005.0,0.8401998,0.4057428,0.0409488,0.096875,0.2741573,0.6958801,0.7561521,0.0022371,0.0201342,0.0764463,0.0022371,0.9910515,0.1735537,0.1408451,1.0,10.518700218288165
612.0,0.4460784,0.4558824,0.1715686,0.1887906,0.8202614,0.0065359,0.6221374,0.0,0.0229008,0.0642857,0.4312977,1.0,0.3892857,0.0813008,0.5,9.97119292889014
81.0,0.4567901,0.0,0.1358025,0.0909091,0.8765432,0.0,0.7941176,0.0,0.0588235,0.0810811,0.0,1.0,0.1351351,0.0,0.0,9.90353755128617
14711.0,0.482836,0.0002719,0.1311943,0.0960831,0.8316906,0.0008837,0.6580268,0.0053512,0.0565217,0.0304799,0.0005017,0.9943144,0.335441,0.0570292,0.4390244,10.687411927154141
619.0,0.4555735,0.0,0.3570275,0.2759644,0.7528271,0.1001616,0.6260504,0.0,0.0084034,0.0810811,0.0,0.9957983,0.2277992,0.0909091,0.6666667,9.615805480084347
7290.0,0.4784636,0.0071331,0.0982167,0.0912678,0.8946502,0.0010974,0.7599251,0.0033708,0.0340824,0.0562036,0.0059925,0.9853933,0.2955108,0.0677146,0.28,10.929547069355774
85.0,0.4823529,0.0,0.1764706,0.0454545,0.9411765,0.0,0.8333333,0.0,0.0,0.3023256,0.0,1.0,0.2093023,0.1,0.0,9.615805480084347
30107.0,0.4994852,0.0346431,0.0655661,0.0451921,0.884213,0.0055801,0.7615642,0.0039941,0.0575887,0.0264062,0.0334386,0.9786364,0.2373847,0.0788892,0.15625,11.451060699493427
13882.0,0.4824233,0.0041781,0.1140326,0.0945024,0.8400807,0.0110935,0.6922403,0.0035032,0.0469434,0.0261003,0.0052549,0.9954458,0.2811327,0.0289374,0.1515152,10.997104049659168
29967.0,0.5045884,0.0228251,0.0602329,0.0401455,0.8668535,0.0054727,0.7414192,0.0042422,0.0852295,0.022708,0.0315272,0.9501543,0.5218129,0.090027,0.28,12.336227719801212
478.0,0.4916318,0.0,0.1924686,0.1728395,0.8138075,0.0,0.6268657,0.0099502,0.0447761,0.1066667,0.0,1.0,0.4622222,0.0882353,0.6666667,9.615805480084347
6109.0,0.5139957,0.1314454,0.0757898,0.0747727,0.8697004,0.0114585,0.7530682,0.0044183,0.0711831,0.0889982,0.1070201,0.8124693,0.4235242,0.1883117,0.3333333,10.918736348043124
2205.0,0.5047619,0.0117914,0.0575964,0.0283883,0.9641723,0.0,0.9110473,0.0028694,0.0186514,0.0305981,0.0086083,0.9827834,0.0723227,0.1754386,0.6428571,11.596356272699
1603.0,0.4903306,0.2520274,0.1147848,0.0917993,0.9033063,0.0,0.7696429,0.0071429,0.0303571,0.2838875,0.2232143,0.9875,0.3554987,0.1313131,0.375,10.250652418696085
1081.0,0.506013,0.0037003,0.0777058,0.0580524,0.9213691,0.0,0.7857143,0.0,0.0164835,0.037037,0.0,0.9945055,0.2142857,0.0547945,0.75,10.606609816118151
2947.0,0.4937224,0.0003393,0.1384459,0.1052279,0.8988802,0.0054293,0.7610294,0.0009191,0.0193015,0.0153846,0.0009191,0.9981618,0.2506787,0.0459016,1.0,11.136062390867204
24.0,0.5,0.0,0.2083333,0.1666667,0.8333333,0.0,0.6363636,0.0,0.0,0.2666667,0.0,1.0,0.3333333,0.0,0.0,9.615805480084347
2111.0,0.4452866,0.0080531,0.2122217,0.1426132,0.8455708,0.0,0.6620848,0.0034364,0.024055,0.039604,0.0068729,0.9965636,0.2222222,0.0205479,0.0,11.246365410473757
817.0,0.4589963,0.0,0.2166463,0.1742081,0.8102815,0.0,0.6128134,0.0111421,0.0306407,0.0911392,0.0,1.0,0.4075949,0.056,0.8,10.32551474894327
12340.0,0.4837925,0.0020259,0.1345219,0.1020408,0.8558347,0.019611,0.7133878,0.0052378,0.02577,0.1501068,0.0016761,0.9759061,0.3374288,0.0982547,0.8201058,10.214678610538817
1677.0,0.4728682,0.0005963,0.1407275,0.10181,0.8658318,0.0,0.7050691,0.0076805,0.0261137,0.0412371,0.0015361,0.9800307,0.2459499,0.0837989,0.3333333,10.442929787247998
1237.0,0.4834276,0.0,0.148747,0.1126761,0.8779305,0.0,0.7215447,0.004065,0.0223577,0.0837989,0.0,0.9979675,0.2532588,0.0522388,1.0,10.584081267024454
314.0,0.4617834,0.0031847,0.0859873,0.0532544,0.9076433,0.0,0.7444444,0.0,0.0666667,0.1964286,0.0111111,0.9777778,0.5089286,0.1875,0.0,9.792611856190192
1132.0,0.4964664,0.0008834,0.3091873,0.1035088,0.880742,0.0,0.7578125,0.0019531,0.0195312,0.7545542,0.0,0.9980469,0.2924257,0.1111111,0.6756757,11.07443600653965
2776.0,0.4643372,0.4067003,0.1509366,0.1479489,0.8713977,0.0054035,0.6982592,0.0058027,0.0232108,0.0625567,0.3423598,0.9980658,0.3744334,0.1150895,0.1538462,10.177362240256695
181.0,0.4861878,0.0,0.1878453,0.1397849,0.9337017,0.0,0.8208955,0.0,0.0,0.0694444,0.0,1.0,0.1666667,0.0588235,0.5,10.003378135350923
675.0,0.4133333,0.6014815,0.2459259,0.2474747,0.84,0.0,0.631769,0.0,0.0180505,0.0888158,0.5379061,0.9927798,0.3684211,0.1372549,0.0,10.003378135350923
5454.0,0.4772644,0.0049505,0.1497983,0.0957559,0.8932893,0.0,0.7464162,0.0009886,0.0271873,0.0357483,0.0054375,0.9940682,0.1530029,0.0451745,0.25,12.167856627501678
25968.0,0.4702711,0.116528,0.1415974,0.1150771,0.7852357,0.0375847,0.630878,0.004802,0.0398659,0.0709596,0.0964936,0.9957416,0.3925926,0.0479183,0.4712644,10.723289410218579
723.0,0.4827109,0.0,0.2240664,0.1363636,0.802213,0.0470263,0.6633333,0.0033333,0.02,0.0990991,0.0,1.0,0.2822823,0.0263158,0.8,9.615805480084347
3613.0,0.5258788,0.1068364,0.0794354,0.068885,0.7630778,0.0146692,0.5974755,0.0098177,0.1178121,0.0899809,0.088359,0.7033661,0.7536694,0.0653266,0.3333333,11.226589153242802
1248.0,0.4935897,0.3108974,0.1386218,0.0996835,0.6217949,0.2892628,0.715847,0.0054645,0.010929,0.1347518,0.2677596,0.9972678,0.3120567,0.0875912,0.5,10.360944044643913
4604.0,0.4778454,0.0529974,0.102954,0.0740433,0.7910513,0.0810165,0.7316198,0.0011955,0.0657501,0.0741561,0.0496115,0.9922295,0.2351965,0.05,0.2608696,11.112462823634855
88.0,0.5227273,0.0,0.0227273,0.0238095,0.8977273,0.0,0.72,0.0,0.08,0.137931,0.0,0.96,0.7586207,0.3,1.0,9.615805480084347
27910.0,0.4979219,0.0710498,0.0539233,0.0519518,0.917234,0.0068793,0.8135389,0.0053587,0.033902,0.0824804,0.0620079,0.8917323,0.260285,0.1548606,0.5550239,10.738589920723442
3037.0,0.4708594,0.0065854,0.2528811,0.1269446,0.8445835,0.0,0.6883117,0.0022918,0.0420168,0.5379456,0.0068755,0.9893048,0.1690787,0.0611511,0.8333333,11.766023856597407
1771.0,0.4805195,0.0,0.2123094,0.1673913,0.811406,0.0451722,0.6715543,0.0087977,0.0293255,0.1652387,0.0,0.9985337,0.3463892,0.0387097,0.7647059,10.275085591132715
2639.0,0.4319818,0.9564229,0.0359985,0.0280187,0.1311103,0.8317545,0.6125654,0.0052356,0.052356,0.0497512,0.8638743,0.9947644,0.1293532,0.1764706,1.0,11.086762629082946
13600.0,0.4935294,0.0025735,0.2819853,0.1276132,0.8353676,0.0046324,0.7113924,0.0042194,0.0597468,0.3276977,0.0020253,0.9598312,0.5075457,0.0993711,0.2033898,11.13751903414526
388.0,0.4845361,0.0,0.1804124,0.165,0.8427835,0.0,0.6666667,0.0,0.0363636,0.2361111,0.0,1.0,0.4583333,0.0769231,0.9090909,9.615805480084347
181.0,0.5082873,0.0,0.2375691,0.1348315,0.8342541,0.0,0.6282051,0.0,0.0128205,0.1034483,0.0,1.0,0.2643678,0.0625,0.0,9.615805480084347
243.0,0.5185185,0.0246914,0.2016461,0.1196581,0.9341564,0.0,0.827957,0.0,0.0,0.0882353,0.0430108,1.0,0.1176471,0.0,1.0,10.434145214930487
264.0,0.5113636,0.1439394,0.1439394,0.1085271,0.9204545,0.0,0.79,0.0,0.0,0.1735537,0.12,0.98,0.3636364,0.0869565,0.0,10.211009016314167
524.0,0.480916,0.0019084,0.2080153,0.1139706,0.8874046,0.0,0.7511521,0.0046083,0.0138249,0.039823,0.0046083,0.9861751,0.2433628,0.015873,0.0,11.063524143191238
1091.0,0.4399633,0.0009166,0.3363886,0.2880524,0.7387718,0.1714024,0.7344633,0.0028249,0.0084746,0.0829016,0.0,0.9971751,0.2409326,0.0714286,0.4,10.16203685698089
42410.0,0.4832351,0.0987739,0.1102334,0.1026647,0.9114831,0.0110351,0.8084362,0.0036453,0.0354858,0.0258714,0.0844368,0.9626544,0.2460323,0.0913752,0.3709677,11.790564777297387
228.0,0.4780702,0.0,0.2105263,0.1680672,0.9035088,0.0,0.7411765,0.0,0.0,0.2608696,0.0,1.0,0.3391304,0.0833333,0.6666667,10.762170357789895
3303.0,0.4816833,0.0063579,0.164396,0.0788551,0.9173479,0.0021193,0.8151919,0.0023493,0.018794,0.1088625,0.0054816,0.981206,0.1130495,0.1209677,0.2413793,11.495789479023493
4047.0,0.4640474,0.02298,0.1578947,0.1373905,0.7425253,0.025451,0.5810962,0.0055928,0.0855705,0.0355987,0.0139821,0.9860179,0.4795038,0.0410959,0.3636364,11.774527900858468
5349.0,0.479155,0.0022434,0.1856422,0.1180905,0.8504393,0.0106562,0.6895425,0.0046685,0.0275444,0.0885106,0.0,0.9780579,0.3642553,0.1004304,0.6981132,10.451637862362272
279.0,0.4731183,0.0179211,0.1612903,0.1496599,0.90681,0.0,0.7714286,0.0,0.0190476,0.1025641,0.0095238,1.0,0.2136752,0.1052632,0.5,10.047631185616188
15124.0,0.4775192,0.0522349,0.1560434,0.0904834,0.8541391,0.0178524,0.740546,0.0042394,0.0571477,0.0746901,0.0415465,0.9765983,0.2380355,0.0480226,0.4253731,11.163382173096926
14521.0,0.475105,0.1599752,0.1981957,0.1591446,0.7208181,0.0281661,0.5357563,0.0025015,0.065774,0.1136038,0.1261036,0.9568864,0.5476718,0.0364013,0.75,10.907807476583594
1583.0,0.460518,0.0025268,0.2552116,0.1908665,0.813645,0.0454833,0.6555024,0.0,0.0111643,0.0485584,0.0015949,1.0,0.2139605,0.0458015,0.0,9.99884318585288
1148.0,0.4294425,0.0095819,0.2761324,0.2381679,0.7299652,0.0618467,0.5725338,0.0019342,0.0309478,0.1024306,0.0077369,1.0,0.3072917,0.0362694,1.0,10.34177474101152
9808.0,0.490416,0.0106036,0.1077692,0.0642257,0.8970228,0.0126427,0.8145581,0.005777,0.0514154,0.055131,0.0083767,0.976892,0.2076965,0.0844037,0.2676056,11.23850177707664
1348.0,0.4636499,0.2507418,0.2002967,0.175657,0.8545994,0.0437685,0.7429719,0.002008,0.0120482,0.0674157,0.2269076,0.997992,0.2883895,0.0888889,0.5,10.288783966353765
160.0,0.48125,0.0,0.11875,0.1084337,0.9,0.0,0.7619048,0.0,0.015873,0.015625,0.0,1.0,0.125,0.1666667,0.0,10.401258331428318
38168.0,0.4823936,0.016899,0.1387812,0.076888,0.889541,0.0036942,0.7850106,0.0013136,0.0498431,0.0394645,0.0130628,0.9714661,0.0778074,0.1354709,0.4407583,12.48899716877066
1187.0,0.494524,0.0008425,0.1213142,0.0933333,0.9149115,0.0,0.77,0.0025,0.0175,0.5012469,0.0,0.9775,0.7531172,0.0769231,0.0,10.27163147557801
5853.0,0.4987186,0.0994362,0.0538186,0.0398773,0.8810866,0.0010251,0.7792515,0.0018948,0.0762672,0.0222325,0.1037423,0.9725249,0.1162575,0.0496614,0.375,11.798111925972618
3982.0,0.4841788,0.0007534,0.2265193,0.0968841,0.8593672,0.0,0.726095,0.0092535,0.0499692,0.056461,0.0012338,0.974707,0.3335274,0.0927419,0.4117647,11.06195554002416
1119.0,0.5165326,0.1465594,0.0956211,0.0998152,0.9079535,0.0,0.781491,0.0051414,0.0385604,0.099537,0.125964,0.9820051,0.3935185,0.1851852,0.8181818,10.142543822310387
415.0,0.4554217,0.0024096,0.1903614,0.1371681,0.860241,0.0,0.6949153,0.0056497,0.0169492,0.0380435,0.0056497,1.0,0.2391304,0.0769231,0.0,10.813780332606648
134.0,0.4850746,0.0,0.1492537,0.1014493,0.9179104,0.0,0.8125,0.0,0.0416667,0.0943396,0.0,1.0,0.4150943,0.2,1.0,9.923339198238729
159.0,0.5157233,0.0,0.1823899,0.1298701,0.7987421,0.0,0.5915493,0.0,0.0422535,0.1445783,0.0,1.0,0.2891566,0.125,1.0,9.615805480084347
1131.0,0.4217507,0.0035367,0.2528736,0.2461774,0.7480106,0.0963749,0.6367521,0.0042735,0.0106838,0.060241,0.0064103,1.0,0.4638554,0.0635593,0.75,9.814710982145282
438.0,0.4543379,0.0,0.2785388,0.1757322,0.8447489,0.0,0.6507937,0.0,0.010582,0.125,0.0,1.0,0.2638889,0.0980392,0.0,9.615805480084347
939.0,0.4366347,0.0138445,0.2034079,0.1758034,0.7965921,0.0191693,0.6253041,0.0024331,0.0437956,0.1329114,0.0145985,1.0,0.335443,0.033557,0.7777778,10.34177474101152
561.0,0.459893,0.0035651,0.2032086,0.1551155,0.8627451,0.0,0.6711712,0.0,0.018018,0.0263158,0.0,1.0,0.254386,0.0555556,1.0,10.401258331428318
4729.0,0.4609854,0.0183971,0.2129414,0.1455473,0.8750264,0.0,0.715526,0.0010215,0.0143003,0.0406663,0.0168539,0.9964249,0.1925527,0.0511945,0.6153846,10.203629181337648
215.0,0.455814,0.0,0.3348837,0.2564103,0.8325581,0.0,0.6195652,0.0,0.0108696,0.0891089,0.0,1.0,0.3762376,0.05,0.0,9.615805480084347
139.0,0.6115108,0.0071942,0.028777,0.0185185,0.7913669,0.0647482,0.7045455,0.0454545,0.1136364,0.0833333,0.0,0.9772727,0.7708333,0.2916667,0.0,10.781058245898533
43426.0,0.4702943,0.0096486,0.2305301,0.1395905,0.813637,0.0181228,0.674072,0.005994,0.0623591,0.1169329,0.0074787,0.9764641,0.3941145,0.0726059,0.3902439,10.843514342086866
1243.0,0.4698311,0.006436,0.1737731,0.1289833,0.8222043,0.0,0.6392157,0.0,0.0568627,0.0248566,0.0058824,1.0,0.1586998,0.0707071,0.6666667,11.315705475634307
972.0,0.4537037,0.0030864,0.1707819,0.1563089,0.877572,0.0,0.719697,0.0,0.0151515,0.0704225,0.0050505,0.9974747,0.2089202,0.0987654,0.75,10.410335274932896
215.0,0.4651163,0.0,0.2186047,0.1217391,0.8883721,0.0,0.7176471,0.0,0.0,0.1326531,0.0,1.0,0.3265306,0.1764706,0.5,9.867912187022208
561.0,0.459893,0.0,0.14082,0.1452145,0.8627451,0.0,0.6775701,0.0,0.0373832,0.0695652,0.0,1.0,0.2434783,0.122449,1.0,9.985113621416073
115.0,0.5217391,0.0,0.2608696,0.1636364,0.8173913,0.0,0.6481481,0.0185185,0.0185185,0.1692308,0.0,1.0,0.3846154,0.0,0.0,9.661479683575521
201.0,0.4825871,0.0,0.0447761,0.0384615,0.9452736,0.0,0.8648649,0.0,0.0135135,0.0632911,0.0,1.0,0.2278481,0.0526316,0.0,11.633380483255026
1491.0,0.4460094,0.0,0.3192488,0.2445521,0.7431254,0.1482227,0.6969697,0.0,0.0242424,0.0178571,0.0,0.9939394,0.3571429,0.0363636,0.0,10.872389709681492
3232.0,0.4656559,0.0012376,0.2131807,0.1447597,0.8344678,0.0303218,0.6930161,0.0015349,0.0230238,0.0758865,0.0015349,0.9938603,0.2439716,0.1057402,0.5862069,10.138599199626192
265.0,0.4867925,0.0,0.1735849,0.1470588,0.8716981,0.0,0.699115,0.0,0.0,0.3352941,0.0,1.0,0.3705882,0.0740741,0.8333333,9.758519582283522
1485.0,0.4922559,0.0013468,0.0983165,0.071618,0.9090909,0.0,0.7953668,0.0096525,0.03861,0.0407407,0.0019305,1.0,0.3259259,0.0843373,0.7142857,10.652566005416872
2867.0,0.4782002,0.0013952,0.1541681,0.1029412,0.891873,0.0,0.7626962,0.0064635,0.0341644,0.0243243,0.0009234,0.9944598,0.1405405,0.0632184,0.5,11.140425970684525
1278.0,0.4898279,0.0,0.1025039,0.0904908,0.9053208,0.0,0.7684211,0.0021053,0.0210526,0.0686275,0.0,0.9936842,0.2568627,0.0630631,0.5555556,10.477316144080852
2720.0,0.4613971,0.5974265,0.1459559,0.1440273,0.8702206,0.0216912,0.7158235,0.0086114,0.0182992,0.0971817,0.5414424,0.9989236,0.3401361,0.1788321,0.7058824,9.642187721358466
9075.0,0.4361433,0.4581818,0.1972452,0.1975767,0.812011,0.0381267,0.658005,0.0047499,0.0296172,0.0759101,0.3989941,0.9946913,0.3452104,0.1082766,0.5166667,10.463131911491967
956.0,0.4738494,0.0,0.2248954,0.1689861,0.8671548,0.0,0.6875,0.0,0.005,0.1304348,0.0,0.9975,0.3630435,0.1181102,0.625,9.615805480084347
1382.0,0.4688857,0.0,0.2691751,0.1825613,0.8234443,0.0463097,0.7020484,0.0018622,0.0335196,0.0595447,0.0,1.0,0.2661996,0.1221374,0.75,9.6678285081515
216.0,0.462963,0.0,0.1064815,0.0517241,0.9444444,0.0,0.8481013,0.0,0.0,0.0246914,0.0,1.0,0.0987654,0.0909091,0.0,10.110542371500753
3083.0,0.4959455,0.0087577,0.153422,0.0875161,0.9182614,0.0,0.8032787,0.0008628,0.0163934,0.0252313,0.0069025,0.9887834,0.1219512,0.0675676,0.5,11.038126355768453
11249.0,0.5276914,0.0257801,0.0238243,0.0254094,0.755356,0.0931638,0.684644,0.0063762,0.0932519,0.1153937,0.0260361,0.9816684,0.4883666,0.0802077,0.5853659,11.234546649377918
18911.0,0.4879171,0.0274972,0.1281265,0.086328,0.8129131,0.0071916,0.6676381,0.0068883,0.0903431,0.0667573,0.0222546,0.9303219,0.2866856,0.0783133,0.2447552,11.044536531401494
188.0,0.5319149,0.0,0.1808511,0.1136364,0.9202128,0.0,0.7761194,0.0,0.0,0.0147059,0.0,1.0,0.1323529,0.0833333,0.0,10.419330568113901
313.0,0.5399361,0.0,0.1821086,0.1041667,0.8977636,0.0,0.7666667,0.0083333,0.025,0.4936709,0.0,1.0,0.3839662,0.0666667,0.6666667,10.05195066017375
2536.0,0.4479495,0.5540221,0.1664038,0.175,0.8473975,0.0043375,0.6458112,0.0053022,0.0307529,0.0745829,0.5037116,0.9925769,0.3562316,0.1893204,0.7777778,10.196194479235656
7672.0,0.483707,0.0628259,0.1657977,0.1146175,0.846194,0.0091241,0.681413,0.0019809,0.0369759,0.0368839,0.053483,0.9597227,0.3602544,0.0312837,0.35,11.314486721293981
1343.0,0.472822,0.0014892,0.2531646,0.1765537,0.8004468,0.0744602,0.6980769,0.0019231,0.0173077,0.178515,0.0,0.9826923,0.2085308,0.092437,0.8333333,9.83633227734872
26512.0,0.5121077,0.0494116,0.0612176,0.0482412,0.8390917,0.0240269,0.7287445,0.0090308,0.0932819,0.0467192,0.0453744,0.7912996,0.6164829,0.1274083,0.05,11.63956692643747
523.0,0.4703633,0.4474187,0.1357553,0.1949458,0.8413002,0.0,0.6305419,0.0098522,0.0197044,0.1398305,0.4433498,0.9950739,0.3432203,0.1666667,0.8,9.615805480084347
25001.0,0.475941,0.0327587,0.1377545,0.1133415,0.7040918,0.0869565,0.5868084,0.0041288,0.0922791,0.0988745,0.0321016,0.9889554,0.3683378,0.0470143,0.6358025,11.357452244304588
473.0,0.4820296,0.0147992,0.2029598,0.1265306,0.820296,0.0,0.6634146,0.0195122,0.0487805,0.1929134,0.004878,1.0,0.4251969,0.0588235,0.6875,9.615805480084347
531.0,0.4934087,0.0,0.1111111,0.0780669,0.9001883,0.0,0.7727273,0.010101,0.030303,0.0341463,0.0,0.979798,0.2292683,0.0862069,0.3333333,10.410335274932896
2999.0,0.4731577,0.0013338,0.2404135,0.0949367,0.8182728,0.0,0.6784741,0.003406,0.0442779,0.2800392,0.0006812,0.9884196,0.2216773,0.0239521,0.4603175,11.640447588047344
6062.0,0.4792148,0.0056087,0.1872319,0.1320874,0.8097987,0.0455295,0.6798469,0.0072279,0.0369898,0.1005736,0.0029762,0.7193878,0.3445507,0.0890511,0.5428571,10.428245666832275
3331.0,0.478535,0.0174122,0.1612128,0.1335636,0.827079,0.0567397,0.7234568,0.0032922,0.0345679,0.0478056,0.0131687,0.9950617,0.2688088,0.050885,0.5,10.55843949396453
3229.0,0.4800248,0.0706101,0.1675441,0.1471114,0.841437,0.0,0.6804861,0.003574,0.038599,0.050882,0.0571837,0.9949964,0.3887381,0.0711462,0.5,10.460270761075149
8343.0,0.4802829,0.005154,0.1262136,0.1070111,0.8489752,0.0169004,0.68793,0.0037523,0.0334584,0.1114198,0.0025016,0.7992495,0.3756599,0.1056106,0.6025641,10.16203685698089
728.0,0.478022,0.4656593,0.1826923,0.1684211,0.8942308,0.0,0.7283465,0.003937,0.015748,0.0592593,0.3346457,1.0,0.2666667,0.1764706,0.2,9.862717639992917
56.0,0.5,0.0,0.1607143,0.2142857,0.8214286,0.0,0.6086957,0.0,0.0434783,0.3235294,0.0,1.0,0.4705882,0.0,0.0,9.615805480084347
798.0,0.4736842,0.0,0.1766917,0.1261905,0.8546366,0.0,0.6644737,0.0032895,0.0361842,0.0559006,0.0,0.8618421,0.4192547,0.16,0.5,10.288783966353765
49514.0,0.5037565,0.0116937,0.0775134,0.0571812,0.9247889,0.0028679,0.8221707,0.0057568,0.0468267,0.0281114,0.0119348,0.6014462,0.3631277,0.2867662,0.1643836,11.901590234400047
190.0,0.4368421,0.0210526,0.2736842,0.1869159,0.8,0.0,0.6,0.0,0.0222222,0.1089109,0.0222222,1.0,0.2079208,0.0,0.6666667,9.615805480084347
545.0,0.4770642,0.0,0.1504587,0.1052632,0.9174312,0.0,0.7772021,0.0,0.0103627,0.039801,0.0,1.0,0.0746269,0.2105263,1.0,10.357774570341576
6739.0,0.4776673,0.0019291,0.1614483,0.1079545,0.8901914,0.0,0.7457818,0.0033746,0.0172478,0.0382257,0.0018748,0.9902512,0.1626397,0.0490196,0.4634146,10.993748398115178
5245.0,0.4957102,0.0057197,0.1037178,0.0325142,0.9567207,0.0,0.8931034,0.0017241,0.0155172,0.0273896,0.004023,0.9885057,0.0117384,0.2089552,0.2962963,12.536099153001324
1345.0,0.46171,0.0,0.264684,0.1850829,0.8304833,0.0498141,0.7156309,0.0018832,0.0169492,0.0517857,0.0,0.992467,0.2196429,0.1,0.75,10.016860879703811
624.0,0.5352564,0.0,0.1169872,0.0517241,0.8301282,0.0,0.7011494,0.0076628,0.091954,0.6958042,0.0,0.9578544,0.4825175,0.0673077,0.4285714,10.909637269778615
256.0,0.5234375,0.0,0.1445312,0.0819672,0.8945312,0.0,0.7765957,0.0212766,0.0319149,0.0784314,0.0,1.0,0.2647059,0.1052632,0.6666667,9.615805480084347
293.0,0.4846416,0.0,0.1877133,0.1523179,0.887372,0.0,0.7272727,0.0,0.0272727,0.12,0.0,0.9818182,0.48,0.3333333,1.0,9.615805480084347
15116.0,0.4958322,0.0296375,0.0811723,0.0667891,0.9124768,0.010254,0.8053993,0.0092238,0.0422947,0.0632244,0.0283465,0.7005624,0.3523709,0.2536924,0.1090909,11.286037411751035
666.0,0.4384384,0.0,0.1381381,0.1524064,0.8483483,0.021021,0.6731518,0.0077821,0.0077821,0.0950704,0.0,1.0,0.3239437,0.1809524,0.7142857,10.214678610538817
1027.0,0.5053554,0.0058423,0.1158715,0.1181102,0.8568647,0.0,0.7086247,0.002331,0.04662,0.0571429,0.004662,1.0,0.3824176,0.0364964,1.0,10.515993929932415
84.0,0.3809524,0.0,0.202381,0.1153846,0.9166667,0.0,0.7666667,0.0,0.0,0.2857143,0.0,1.0,0.2142857,0.0,0.0,9.615805480084347
33.0,0.5757576,0.030303,0.2727273,0.2857143,0.7575758,0.0,0.5714286,0.0,0.0714286,0.125,0.0,1.0,0.25,0.0,1.0,12.036475785297062
506.0,0.486166,0.0,0.1284585,0.0846154,0.8616601,0.0,0.6701571,0.0,0.0314136,0.0304569,0.0,0.9895288,0.2994924,0.0322581,0.5,10.640675541671662
652.0,0.4662577,0.0,0.1365031,0.1436782,0.8957055,0.0,0.7429719,0.0,0.0160643,0.101083,0.0,0.9919679,0.2563177,0.122807,0.0,10.16203685698089
23696.0,0.4827397,0.0023633,0.1308238,0.0934976,0.9050473,0.0022367,0.7756645,0.0018332,0.0234876,0.0184435,0.0027498,0.9700962,0.2149123,0.0424818,0.3448276,11.002116507732017
592.0,0.5016892,0.0844595,0.1081081,0.0610169,0.8733108,0.0,0.7566372,0.0132743,0.0707965,0.021645,0.0884956,0.9513274,0.3073593,0.09375,0.0,10.920546270529568
165.0,0.4848485,0.0,0.1212121,0.1176471,0.8606061,0.0,0.7142857,0.0,0.0428571,0.1566265,0.0,0.9857143,0.4819277,0.0625,1.0,9.615805480084347
1936.0,0.4731405,0.0118802,0.1813017,0.1421569,0.8527893,0.0,0.667107,0.005284,0.0303831,0.0923261,0.006605,0.988111,0.2422062,0.1241611,0.5833333,10.599156550639583
1983.0,0.4478064,0.0030257,0.2264246,0.1835616,0.8229955,0.0,0.63031,0.0034443,0.0287026,0.0583784,0.0011481,0.9965557,0.36,0.0539846,0.4,10.360944044643913
1808.0,0.4634956,0.1919248,0.1775442,0.1845361,0.8445796,0.045354,0.7167722,0.0063291,0.0253165,0.091954,0.1724684,0.9920886,0.454023,0.155,0.5882353,9.615805480084347
1097.0,0.4539654,0.0,0.2297174,0.1686144,0.8486782,0.0,0.6576763,0.0,0.0020747,0.1346499,0.0,1.0,0.4308797,0.1048951,0.7058824,9.746892220313054
115.0,0.4608696,0.026087,0.2347826,0.1774194,0.8869565,0.0,0.7291667,0.0,0.0,0.0943396,0.0416667,1.0,0.1509434,0.5,0.0,10.177362240256695
16569.0,0.4804152,0.0022934,0.1123182,0.0816587,0.7847788,0.0758042,0.7067891,0.0024247,0.0588847,0.0276187,0.0012123,0.9968826,0.2844392,0.0651709,0.225,10.839600519357369
27025.0,0.4859574,0.0143201,0.1486401,0.1150302,0.7571138,0.0331545,0.5946844,0.0056568,0.0807219,0.0546643,0.0114034,0.9632756,0.454885,0.085277,0.2753623,11.079076314320059
2834.0,0.4640085,0.0010586,0.2417078,0.1909151,0.7932251,0.0236415,0.6141667,0.0058333,0.0358333,0.0690458,0.0008333,0.9991667,0.2963538,0.058104,0.6551724,9.792611856190192
120.0,0.5416667,0.0,0.3166667,0.2,0.8416667,0.0,0.6538462,0.0,0.0192308,0.1746032,0.0,1.0,0.3015873,0.125,0.5,9.615805480084347
20075.0,0.4834869,0.0162889,0.0483686,0.0403125,0.8949938,0.0130511,0.7902411,0.0023098,0.0487946,0.0814216,0.0161686,0.986863,0.1855192,0.0378842,0.384,11.35159406537374
2046.0,0.4638319,0.001955,0.1642229,0.142206,0.8269795,0.0557185,0.705146,0.0055633,0.0319889,0.0710594,0.0,1.0,0.3152455,0.0974576,0.5714286,10.382853468483827
81.0,0.4320988,0.0,0.3209877,0.2391304,0.7283951,0.0,0.4864865,0.027027,0.027027,0.26,0.0,1.0,0.32,0.4444444,1.0,9.615805480084347
1270.0,0.4795276,0.003937,0.2377953,0.1588502,0.8834646,0.0,0.7185629,0.001996,0.007984,0.3257066,0.001996,0.7764471,0.3432032,0.1578947,0.95,9.729193687429403
1642.0,0.5,0.0,0.13581,0.0742996,0.9384896,0.0,0.8251366,0.0,0.0091075,0.0819398,0.0,0.5446266,0.3461538,0.1307692,1.0,10.184937747111391
460.0,0.4543478,0.9130435,0.1108696,0.1075697,0.9543478,0.0,0.826087,0.0,0.0086957,0.0873016,0.8608696,1.0,0.3492063,0.4,0.0,9.615805480084347
19952.0,0.5052125,0.0614475,0.1148757,0.1023096,0.4556435,0.3161588,0.5059581,0.0020934,0.1410628,0.057949,0.0360709,0.9927536,0.4379551,0.0442338,0.6304348,10.250652418696085
1482.0,0.4811066,0.1417004,0.1761134,0.1235371,0.782726,0.0,0.5882353,0.0030166,0.0588235,0.3809524,0.107089,0.9788839,0.3986928,0.0664062,0.5416667,11.541522639947903
926.0,0.4902808,0.0,0.1306695,0.0911017,0.9200864,0.0,0.7725857,0.0,0.0031153,0.0302115,0.0,1.0,0.265861,0.141791,0.0,10.367253014814716
12255.0,0.4911465,0.0073439,0.0623419,0.049551,0.9521012,0.0,0.877556,0.0014606,0.0170399,0.0439842,0.0060857,0.996592,0.1063533,0.1130435,0.25,10.938467575959383
3012.0,0.4684595,0.2075033,0.126162,0.128045,0.8655378,0.00166,0.7086149,0.0059122,0.0329392,0.0691824,0.1646959,0.9940878,0.4929245,0.0876866,0.2,10.34177474101152
3619.0,0.4791379,0.0035922,0.2271346,0.1442971,0.8383531,0.0223819,0.6826347,0.0013307,0.0166334,0.0553111,0.0026613,0.9827013,0.3243243,0.0490798,0.5333333,10.401258331428318
224.0,0.4910714,0.0,0.1071429,0.0877193,0.9553571,0.0,0.8684211,0.0,0.0,0.0617284,0.0,1.0,0.0987654,0.0909091,1.0,10.114599007626499
497.0,0.4889336,0.0,0.0885312,0.1023622,0.9074447,0.0,0.7613636,0.0056818,0.0113636,0.078534,0.0,1.0,0.2408377,0.0952381,0.5,10.069044362997353
219.0,0.5068493,0.0319635,0.1461187,0.1018519,0.8767123,0.0,0.746988,0.0120482,0.060241,0.2314815,0.0240964,0.9879518,0.3518519,0.0,0.8,9.615805480084347
1395.0,0.4867384,0.0143369,0.088172,0.0768156,0.9333333,0.0,0.8152866,0.0021231,0.0084926,0.1373626,0.0212314,0.8980892,0.2344322,0.1395349,0.6666667,10.53212287826962
2428.0,0.4736409,0.0,0.1482702,0.127543,0.8620264,0.0341845,0.743561,0.0033595,0.0179171,0.0449198,0.0,0.9944009,0.2245989,0.0421053,0.0,10.740756721857226
758.0,0.4854881,0.0026385,0.1846966,0.0974359,0.908971,0.0,0.7986799,0.0066007,0.0165017,0.0065574,0.0033003,0.9966997,0.0393443,0.0,0.0,11.06665398721974
348.0,0.4798851,0.0,0.1350575,0.0773481,0.8678161,0.0,0.7022901,0.0152672,0.0305344,0.0507246,0.0,1.0,0.3550725,0.1929825,1.0,9.957075711706057
264.0,0.5454545,0.0037879,0.0265152,0.0416667,0.5075758,0.0,0.372093,0.0232558,0.2945736,0.8413284,0.0077519,0.9844961,0.5559656,0.04,0.0,11.959538914341756
5590.0,0.4500894,0.0012522,0.2286225,0.1655823,0.8661896,0.0,0.6936742,0.0008666,0.0151646,0.0427209,0.0008666,0.9987002,0.2057238,0.0595533,0.5555556,10.645448706505872
1526.0,0.491481,0.0,0.0347313,0.0180412,0.9410223,0.0,0.8747664,0.0056075,0.0373832,0.0255009,0.0,0.9981308,0.1693989,0.0408163,0.25,10.789339695269716
2301.0,0.4724033,0.0052151,0.2703173,0.092257,0.8426771,0.0,0.7144222,0.0047755,0.0515759,0.5016659,0.0028653,0.991404,0.4816754,0.0684411,0.1666667,10.881832472145556
324.0,0.4876543,0.0030864,0.117284,0.126506,0.8487654,0.0,0.6692913,0.015748,0.0393701,0.0661765,0.007874,1.0,0.2647059,0.0697674,0.0,10.76004951120163
6644.0,0.4852498,0.0009031,0.108519,0.0766082,0.8889223,0.013245,0.7408711,0.0035196,0.0180378,0.2010545,0.0008799,0.9683238,0.3100176,0.1517324,0.780303,10.335302435967074
61.0,0.4590164,0.0,0.147541,0.1515152,0.9344262,0.0,0.8333333,0.0,0.0,0.2941176,0.0,1.0,0.3529412,0.0,1.0,9.615805480084347
9362.0,0.4750053,0.0829951,0.1376843,0.1216684,0.8913694,0.019013,0.7862206,0.0014176,0.0184293,0.0742782,0.0774029,0.9963141,0.2086614,0.0740741,0.3939394,10.685126264117057
1431.0,0.4856744,0.0461216,0.2019567,0.1480978,0.8539483,0.0132774,0.704028,0.0017513,0.028021,0.0775444,0.0507881,1.0,0.2423263,0.0820896,1.0,10.043292972227004
335.0,0.5134328,0.1970149,0.1522388,0.1104294,0.9253731,0.0,0.8290598,0.017094,0.025641,0.0564516,0.1794872,1.0,0.2741935,0.1578947,1.0,9.615805480084347
21907.0,0.4683435,0.0021454,0.2265029,0.1508543,0.8006573,0.0251061,0.6429871,0.0035305,0.0380871,0.0460298,0.0008559,0.9943297,0.3081241,0.0403641,0.5714286,10.367253014814716
1565.0,0.457508,0.0038339,0.1801917,0.1272085,0.8383387,0.0255591,0.6938776,0.005102,0.0459184,0.0754717,0.0017007,0.9965986,0.2279874,0.0790698,1.0,10.606609816118151
734.0,0.4686649,0.0,0.3215259,0.2025641,0.7697548,0.0899183,0.6689895,0.0069686,0.0209059,0.0741935,0.0,0.9965157,0.2645161,0.0697674,0.1428571,9.852246888342531
40341.0,0.4693736,0.2122159,0.1215389,0.1016537,0.6153293,0.0576089,0.5139609,0.0042476,0.1798363,0.0462318,0.1887688,0.989381,0.3946381,0.0793272,0.3389831,11.02518140064756
2766.0,0.5003615,0.0025307,0.1203905,0.0513748,0.8579176,0.0,0.7104072,0.0027149,0.0597285,0.0357766,0.000905,0.9773756,0.3237347,0.0848329,0.6666667,11.125806040978839
1560.0,0.4852564,0.0858974,0.0955128,0.0560399,0.9224359,0.0,0.7879377,0.0038911,0.0136187,0.1404682,0.0953307,0.9824903,0.3060201,0.2043011,0.75,10.207325906555994
2163.0,0.5164124,0.060564,0.1086454,0.0764818,0.7845585,0.0,0.6208791,0.0010989,0.0956044,0.0666667,0.0582418,0.9285714,0.4728205,0.070922,0.25,12.136727926437826
73.0,0.4931507,0.0,0.1780822,0.1081081,0.8630137,0.0,0.6896552,0.0,0.0344828,0.1470588,0.0,1.0,0.1176471,0.0,0.0,10.827766295132466
346.0,0.4942197,0.0,0.0404624,0.0685714,0.9508671,0.0,0.8426966,0.011236,0.0224719,0.11,0.0,1.0,0.4,0.2,0.0,9.770013301136158
3242.0,0.4710056,0.0814312,0.1773597,0.1521866,0.8143122,0.0024676,0.6182988,0.0042888,0.0343102,0.0685752,0.0779128,0.9978556,0.4673768,0.0460922,0.45,10.594156665220533
5530.0,0.4851718,0.0007233,0.1437613,0.0916754,0.8943942,0.0027125,0.7726441,0.0009149,0.0288198,0.0756871,0.0,0.9922232,0.1763214,0.0701403,0.1111111,11.125806040978839
100.0,0.51,0.01,0.07,0.1428571,0.92,0.0,0.7714286,0.0,0.0,0.3396226,0.0285714,0.9142857,0.3773585,0.3333333,0.0,9.615805480084347
2383.0,0.4985313,0.019723,0.1074276,0.0995816,0.9211078,0.0121695,0.8386667,0.0053333,0.036,0.015748,0.016,0.9906667,0.0866142,0.1875,0.6666667,11.345701365855424
181.0,0.4696133,0.0,0.1657459,0.1145833,0.9171271,0.0,0.7916667,0.0,0.0,0.0886076,0.0,0.9861111,0.278481,0.0,0.0,9.841665338892785
308.0,0.4675325,0.0,0.1038961,0.0914634,0.9090909,0.0,0.7714286,0.0095238,0.0190476,0.1393443,0.0,0.0666667,0.4262295,0.0769231,0.5,10.134638955251866
1041.0,0.4793468,0.0,0.1834774,0.1826568,0.8021134,0.049952,0.6556962,0.0025316,0.043038,0.1905738,0.0,0.9974684,0.3545082,0.0700637,0.75,10.738589920723442
1114.0,0.4883303,0.008079,0.1032316,0.0649123,0.9245961,0.0,0.8121693,0.005291,0.0238095,0.0502513,0.0026455,0.994709,0.2336683,0.0547945,0.8571429,10.285376924115587
7370.0,0.4672999,0.007327,0.1674355,0.1156393,0.8442334,0.0097693,0.6861882,0.0033852,0.0399458,0.0559284,0.0060934,0.9955992,0.2876318,0.0533579,0.3846154,10.645448706505872
8112.0,0.4622781,0.0011095,0.1867604,0.1331958,0.8064596,0.0239152,0.6486728,0.0032806,0.0429466,0.086376,0.0005965,0.983895,0.3226158,0.0631199,0.6140351,10.225607282932941
84.0,0.5119048,0.0,0.3452381,0.2195122,0.7619048,0.0,0.5581395,0.0,0.0232558,0.2037037,0.0,1.0,0.3333333,0.25,1.0,9.615805480084347
3141.0,0.501751,0.0006367,0.0856415,0.084984,0.8857052,0.0063674,0.7452055,0.0045662,0.0410959,0.0352423,0.0009132,0.9881279,0.2299559,0.0730994,0.5,10.847412906506923
112.0,0.5178571,0.0,0.1875,0.0925926,0.9017857,0.0,0.7708333,0.0,0.0,0.1724138,0.0,1.0,0.3103448,0.0,0.0,9.615805480084347
75.0,0.4533333,0.0133333,0.2266667,0.1707317,0.88,0.0,0.7096774,0.0,0.0,0.1388889,0.0322581,1.0,0.3888889,0.0,1.0,9.803722464346553
2849.0,0.4914005,0.002457,0.1242541,0.1097308,0.8911899,0.0,0.7466919,0.0075614,0.0302457,0.0442638,0.0009452,0.9659735,0.2285456,0.0803213,0.1818182,10.604131561522696
2235.0,0.510962,0.0013423,0.1038031,0.0695334,0.914094,0.0017897,0.8101911,0.0050955,0.033121,0.1179775,0.0012739,0.9452229,0.2595506,0.1724138,0.2857143,10.819798284210286
2841.0,0.4920803,0.0073918,0.1788103,0.0762301,0.937698,0.0,0.8575342,0.0009132,0.0136986,0.0188172,0.0054795,0.9388128,0.0215054,0.1754386,0.25,11.536651757164861
2702.0,0.4748335,0.0003701,0.169134,0.1000705,0.8593634,0.0,0.6981651,0.0027523,0.0394495,0.0521739,0.0,0.9972477,0.1982609,0.061008,0.6,10.547995807489514
44129.0,0.4834916,0.2052845,0.1036507,0.0987584,0.6925378,0.0247683,0.5221484,0.0050841,0.1201047,0.1421539,0.1791503,0.9777509,0.4887296,0.0458292,0.2819549,11.06977406588073
18893.0,0.4867411,0.0525062,0.0735722,0.0557905,0.903668,0.0030699,0.7899687,0.0027073,0.0330579,0.0484068,0.0453121,0.9914506,0.2248136,0.0604454,0.3867925,10.93133754807084
45218.0,0.4908222,0.1343934,0.0701933,0.0706654,0.9402008,0.0141315,0.8820382,0.0030573,0.0326115,0.0206271,0.1253503,0.7143949,0.1507943,0.3380481,0.4393939,11.652696102959753
79.0,0.5822785,0.0,0.0886076,0.0,0.9367089,0.0,0.8214286,0.0,0.0,0.1764706,0.0,1.0,0.2058824,0.3333333,0.0,9.615805480084347
40709.0,0.5116559,0.4744405,0.1098283,0.1145372,0.7334742,0.1557886,0.702004,0.0029055,0.0297996,0.0642733,0.478656,0.9895701,0.3620077,0.1044442,0.5824176,10.584081267024454
2258.0,0.5079717,0.0093003,0.0620018,0.0423042,0.9402126,0.0,0.8638298,0.0028369,0.0425532,0.0498652,0.0070922,0.906383,0.1684636,0.1428571,0.25,12.19653228062948
616.0,0.4724026,0.0016234,0.2808442,0.2030769,0.8149351,0.0,0.6064982,0.0072202,0.0144404,0.1006494,0.0,0.9819495,0.275974,0.1320755,0.75,9.615805480084347
2402.0,0.4704413,0.0020816,0.101582,0.0542453,0.9562864,0.0,0.8772152,0.0,0.0088608,0.0270936,0.0,0.9924051,0.0135468,0.0851064,0.625,12.959846800844963
7493.0,0.4924596,0.0439076,0.0695316,0.0447016,0.8044842,0.0,0.6491749,0.0066007,0.1092409,0.039924,0.0419142,0.9722772,0.4096958,0.048048,0.2857143,11.32781201446548
181.0,0.4972376,0.0,0.1049724,0.1208791,0.9226519,0.0,0.8032787,0.0,0.0163934,0.1029412,0.0,1.0,0.4117647,0.2307692,0.0,9.615805480084347
889.0,0.4724409,0.0,0.0989876,0.0788913,0.8830146,0.0,0.7371429,0.0028571,0.0285714,0.0691489,0.0,0.9828571,0.2978723,0.084507,0.0,10.566201298475118
273.0,0.4835165,0.0,0.1904762,0.2269504,0.8315018,0.0,0.6434783,0.0086957,0.0347826,0.2176871,0.0,1.0,0.2789116,0.0882353,1.0,9.825580063659602
1735.0,0.4691643,0.0789625,0.1792507,0.1411509,0.8853026,0.0,0.7428977,0.0028409,0.0198864,0.0613333,0.0866477,0.9985795,0.3306667,0.1038961,0.9,9.857495968685136
4359.0,0.4567561,0.0103235,0.1954577,0.1456926,0.7907777,0.0022941,0.593914,0.0052466,0.0540399,0.0422111,0.0068206,0.9952781,0.3713568,0.0423634,0.5454545,10.404293143019792
3098.0,0.4699806,0.0006456,0.1781795,0.1619976,0.8579729,0.0355068,0.7459916,0.0033755,0.0185654,0.0734949,0.0,0.9932489,0.2885066,0.10299,0.6,10.55323128448846
1374.0,0.4359534,0.0,0.3245997,0.2645161,0.6928675,0.0895197,0.5451613,0.0032258,0.0209677,0.121813,0.0,0.9903226,0.4886686,0.0463576,0.6363636,10.468829770273567
654.0,0.4847095,0.0015291,0.1681957,0.1127596,0.882263,0.0,0.7126437,0.0,0.0076628,0.0333333,0.0,0.9923372,0.2037037,0.1388889,0.0,10.181157167204903
37.0,0.4594595,0.0,0.1351351,0.1,0.9189189,0.0,0.8461538,0.0769231,0.0769231,0.6176471,0.0,1.0,0.7941176,0.0,0.0,11.033291613631048
281.0,0.4946619,0.0071174,0.1565836,0.1126761,0.8469751,0.0,0.7207207,0.018018,0.036036,0.0176991,0.009009,1.0,0.1769912,0.1428571,0.0,10.32551474894327
413.0,0.4939467,0.0,0.1331719,0.0287081,0.9394673,0.0,0.8623188,0.0,0.0362319,0.0416667,0.0,1.0,0.0138889,0.0,0.0,12.3406079091076
12226.0,0.483396,0.0042532,0.1446916,0.0961051,0.9372648,0.0,0.8468022,0.0017353,0.0242935,0.0163375,0.0032226,0.9620724,0.0719337,0.122807,0.3863636,11.980432229642377
1133.0,0.4986761,0.011474,0.1156222,0.1038732,0.8296558,0.0,0.6569507,0.0044843,0.0784753,0.0804124,0.0089686,0.955157,0.4824742,0.1005291,0.0,10.876177521259402
455.0,0.5010989,0.0,0.2043956,0.1321586,0.8725275,0.0,0.7087912,0.0,0.021978,0.0569948,0.0,1.0,0.2331606,0.2051282,0.5,9.87822102528824
583.0,0.4665523,0.2298456,0.2212693,0.2282958,0.7461407,0.161235,0.7206704,0.0055866,0.0167598,0.1751152,0.1117318,0.9888268,0.2211982,0.1333333,0.75,10.360944044643913
5969.0,0.4737812,0.0043558,0.1398894,0.1168418,0.8904339,0.0123974,0.767104,0.0028116,0.031865,0.0211009,0.0028116,0.9925023,0.2334862,0.040153,0.3636364,11.536651757164861
1487.0,0.5084062,0.0047075,0.1378615,0.0793434,0.9152656,0.0,0.7822581,0.0040323,0.0262097,0.0932358,0.0040323,0.7802419,0.3656307,0.2241379,0.0333333,11.121378054821049
1780.0,0.4651685,0.0,0.2179775,0.1617647,0.8365169,0.0640449,0.7670623,0.0,0.0267062,0.024602,0.0,1.0,0.1186686,0.0088496,1.0,10.766398604507042
1313.0,0.5026657,0.0038081,0.1096725,0.0964778,0.8377761,0.0076161,0.6791745,0.0056285,0.0506567,0.2471751,0.0056285,1.0,0.3615819,0.0285714,1.0,10.712215345197256
2932.0,0.5572988,0.1517735,0.0654843,0.0677966,0.8008186,0.1282401,0.7968,0.0112,0.0544,0.2740999,0.1856,0.5504,0.6248548,0.4542125,0.5454545,10.428245666832275
1728.0,0.4965278,0.0445602,0.0804398,0.0574713,0.9039352,0.0,0.7839196,0.0050251,0.0519263,0.1731302,0.041876,0.9899497,0.1759003,0.1084337,0.5454545,11.34333452885509
7260.0,0.4831956,0.0168044,0.1447658,0.1178038,0.8429752,0.0013774,0.6611627,0.002752,0.0423117,0.0484452,0.0230478,0.994496,0.3626841,0.0248756,0.3333333,11.235866764155578
130.0,0.4230769,0.0,0.3153846,0.1866667,0.8230769,0.0,0.6101695,0.0,0.0,0.3370787,0.0,1.0,0.5168539,0.0714286,1.0,9.615805480084347
549.0,0.4335155,0.2823315,0.2714026,0.244373,0.715847,0.0,0.5207547,0.0,0.090566,0.0955631,0.2188679,0.9962264,0.2696246,0.0707071,0.3333333,11.707677772181546
33.0,0.3636364,0.0,0.3636364,0.2857143,0.7878788,0.0,0.5625,0.0,0.0,0.3043478,0.0,1.0,0.3478261,0.0,1.0,9.615805480084347
161.0,0.5900621,0.0062112,0.0931677,0.0606061,0.7267081,0.0,0.5138889,0.0,0.0972222,0.5609756,0.0138889,0.9861111,0.7682927,0.0666667,0.0,10.077482875583607
11553.0,0.4729507,0.1670562,0.0425863,0.0369519,0.4914741,0.0008656,0.3572822,0.0021288,0.2843711,0.077112,0.1555792,0.9847437,0.6224623,0.0145301,0.2537313,11.151969943847991
18419.0,0.4534448,0.0571149,0.1782399,0.1345982,0.6672458,0.1330691,0.5800358,0.0027575,0.0672825,0.056827,0.0576313,0.9910382,0.3348505,0.0432877,0.1470588,10.922352923113982
1381.0,0.4692252,0.0,0.1173063,0.0941337,0.9007965,0.0,0.7582645,0.0020661,0.0392562,0.0565302,0.0,0.9958678,0.1910331,0.1353383,0.5,10.687411927154141
38974.0,0.501052,0.0145482,0.1466106,0.0824848,0.8674501,0.0034638,0.7292355,0.0064625,0.0686642,0.0593396,0.0154219,0.8377029,0.3798701,0.2269628,0.1382488,11.864996828675356
490.0,0.4734694,0.0102041,0.2734694,0.248062,0.8163265,0.0122449,0.6431718,0.0,0.0132159,0.1027668,0.0088106,1.0,0.256917,0.0571429,1.0,10.130662964963708
602.0,0.4833887,0.0,0.2425249,0.1639871,0.8289037,0.0,0.64,0.004,0.024,0.0671642,0.0,1.0,0.2649254,0.0724638,0.6666667,9.923339198238729
590.0,0.4661017,0.0,0.2016949,0.1079365,0.8322034,0.0,0.6730769,0.0,0.0538462,0.0812721,0.0,1.0,0.2261484,0.03125,0.75,10.448743588106625
253.0,0.4624506,0.0,0.2173913,0.1176471,0.8458498,0.0,0.6635514,0.0093458,0.0186916,0.0932203,0.0,0.9906542,0.1779661,0.1176471,1.0,9.735128070758227
210.0,0.447619,0.0,0.1190476,0.112069,0.9190476,0.0,0.7866667,0.0,0.0133333,0.127907,0.0,0.9866667,0.3837209,0.2222222,1.0,9.680406499268875
44654.0,0.4843239,0.0255744,0.1597393,0.1096105,0.8520625,0.0307251,0.7204075,0.0051868,0.0306267,0.1122136,0.024452,0.7213337,0.3251288,0.1380068,0.5233333,10.322230781590136
30843.0,0.5363616,0.1295918,0.0505139,0.0436364,0.7759621,0.0766462,0.6673404,0.0055122,0.0688103,0.13177,0.10565,0.958475,0.5092925,0.1050527,0.7053942,11.086762629082946
275.0,0.48,0.0,0.1381818,0.1048951,0.8581818,0.0,0.7387387,0.009009,0.0630631,0.0672269,0.0,1.0,0.2268908,0.2352941,0.0,9.615805480084347
1193.0,0.4861693,0.0117351,0.1751886,0.0440457,0.9740151,0.0,0.9366197,0.0,0.0070423,0.0405405,0.0,0.9859155,0.0067568,0.0,0.0,13.122367377396328
9877.0,0.4664372,0.0199453,0.1598664,0.1375712,0.8193784,0.0189329,0.6447505,0.0070166,0.0462578,0.072324,0.014553,0.9966216,0.210704,0.0883777,0.6744186,10.064798252418377
4976.0,0.4967846,0.0200965,0.1296222,0.1026358,0.8342042,0.0042203,0.6599395,0.0040363,0.0489405,0.1202841,0.0151362,0.839556,0.5423879,0.1315166,0.6341463,10.883710371704016
257.0,0.4785992,0.0,0.1284047,0.119403,0.9143969,0.0,0.8,0.0,0.0111111,0.1262136,0.0,0.9888889,0.2135922,0.1428571,1.0,9.615805480084347
624.0,0.4711538,0.0,0.213141,0.2060606,0.7532051,0.1025641,0.6724891,0.0087336,0.0480349,0.084,0.0,0.9956332,0.332,0.0641026,1.0,10.736418414365376
3992.0,0.4601703,0.0022545,0.2277054,0.1605568,0.8236473,0.0037575,0.6469907,0.0028935,0.0399306,0.063922,0.0023148,1.0,0.3445287,0.0479452,0.4285714,10.499600568082863
343.0,0.483965,0.0,0.2040816,0.1525424,0.877551,0.0,0.7014925,0.0,0.0149254,0.0629371,0.0,1.0,0.2167832,0.0344828,1.0,10.221977646629885
56.0,0.5714286,0.0,0.2857143,0.2083333,0.8214286,0.0,0.6551724,0.0,0.0,0.1714286,0.0,1.0,0.2285714,0.0,0.0,9.615805480084347
128.0,0.4609375,0.0,0.265625,0.1594203,0.8359375,0.0,0.6557377,0.0,0.0,0.2469136,0.0,1.0,0.3209877,0.0555556,0.0,9.615805480084347
5292.0,0.4671202,0.0013228,0.1698791,0.1326241,0.7571807,0.0933485,0.6632963,0.0035389,0.0475228,0.0905747,0.0005056,0.9388271,0.3935632,0.06639,0.6304348,10.609081944147828
50.0,0.5,0.0,0.2,0.2,0.88,0.0,0.7,0.0,0.0,0.047619,0.0,1.0,0.2857143,0.5,0.0,10.428245666832275
42655.0,0.4919236,0.0204196,0.0745516,0.0582318,0.9017935,0.0031649,0.7940332,0.0053925,0.0556061,0.0296296,0.0193291,0.8968415,0.2711519,0.1401099,0.1978022,12.218500103788143
197.0,0.4670051,0.0,0.2944162,0.2285714,0.7969543,0.0,0.5851064,0.0,0.0106383,0.0873786,0.0,1.0,0.2135922,0.125,1.0,9.615805480084347
668.0,0.4760479,0.2814371,0.1047904,0.1285714,0.8877246,0.007485,0.7261411,0.0,0.0165975,0.1484099,0.2655602,1.0,0.4169611,0.0869565,0.5714286,10.165890277802454
897.0,0.432553,0.0289855,0.1694537,0.1709234,0.8539576,0.0278707,0.7166213,0.0,0.0054496,0.0870647,0.0217984,0.9891008,0.4651741,0.0384615,0.0,9.952325334619427
38383.0,0.4880807,0.0101086,0.1206003,0.0961881,0.853581,0.015658,0.7159379,0.0047955,0.0529619,0.0574942,0.009591,0.9784908,0.344101,0.0826492,0.4485294,11.707677772181546
7463.0,0.4822457,0.0762428,0.1376122,0.1035197,0.8741793,0.0064317,0.7272025,0.0081144,0.0482998,0.0660411,0.0830757,0.946677,0.3886684,0.219715,0.4571429,10.661977618146238
4943.0,0.4924135,0.11491,0.1741857,0.1299322,0.8088206,0.0710095,0.7300912,0.0072948,0.0620061,0.1498708,0.0917933,0.9355623,0.3937984,0.1927481,0.6041667,10.586609649448985
1441.0,0.482304,0.0055517,0.1040944,0.0790885,0.8743928,0.0,0.7302752,0.0036697,0.0513761,0.0587219,0.0018349,0.9706422,0.1830743,0.1976744,0.6,10.837637848711049
1450.0,0.5165517,0.0096552,0.1034483,0.0756063,0.8710345,0.0,0.7200704,0.0017606,0.0440141,0.0897436,0.0088028,0.9753521,0.3477564,0.0296296,0.5909091,11.636920278634463
1208.0,0.4917219,0.009106,0.0951987,0.0537459,0.897351,0.0,0.7639198,0.0022272,0.0400891,0.0684647,0.0066815,1.0,0.313278,0.0573248,0.2,10.925956465688445
2530.0,0.4849802,0.0098814,0.1905138,0.1227936,0.8300395,0.0,0.6679174,0.0028143,0.0534709,0.5150136,0.0084428,0.9859287,0.2042766,0.0526316,0.8870968,11.969723533345908
116.0,0.4913793,0.0,0.2413793,0.0508475,0.8275862,0.0,0.66,0.0,0.06,0.4736842,0.0,0.68,0.5052632,0.1111111,1.0,9.814710982145282
312.0,0.4358974,0.0,0.2179487,0.1704545,0.875,0.0,0.7131148,0.0,0.0327869,0.0827068,0.0,0.9836066,0.1879699,0.1052632,0.5714286,9.792611856190192
113.0,0.4778761,0.0,0.3274336,0.2711864,0.7522124,0.0,0.5,0.0,0.0,0.2727273,0.0,1.0,0.1948052,0.0,0.0,9.615805480084347
42303.0,0.4793277,0.0354585,0.1440796,0.1052393,0.8164433,0.0194785,0.661769,0.004917,0.0496905,0.0610505,0.031006,0.9791173,0.3383303,0.0656134,0.4723926,10.373522431293592
809.0,0.4326329,0.4425216,0.1631644,0.1546841,0.8974042,0.0,0.737013,0.0,0.0064935,0.0914454,0.4220779,0.9967532,0.2684366,0.127907,0.0,10.292179440058462
39308.0,0.4913504,0.0408823,0.1663529,0.1217865,0.7817238,0.0618195,0.657256,0.0042156,0.0395376,0.0878052,0.0275294,0.9602708,0.3441706,0.0629496,0.592,10.154285180632154
18997.0,0.4874454,0.0080013,0.1120177,0.1032145,0.8927199,0.0252671,0.7917704,0.0023229,0.0376638,0.0379888,0.0054754,0.9684752,0.2384677,0.0791367,0.5689655,11.768350322738119
3343.0,0.5064313,0.0041879,0.1088842,0.0442424,0.9317978,0.0230332,0.894027,0.0028902,0.0279383,0.0614828,0.0019268,0.9894027,0.0135624,0.0384615,0.6086957,13.122367377396328
942.0,0.4596603,0.0021231,0.2080679,0.1768173,0.7961783,0.0403397,0.6240409,0.0025575,0.0127877,0.1680851,0.0,1.0,0.406383,0.0472441,0.5,10.181157167204903
175.0,0.4457143,0.2057143,0.2228571,0.185567,0.8514286,0.0,0.6623377,0.0,0.0,0.1046512,0.1688312,1.0,0.244186,0.0769231,1.0,10.047631185616188
235.0,0.4765957,0.012766,0.1787234,0.1707317,0.8170213,0.0,0.6458333,0.0208333,0.0520833,0.0769231,0.0,1.0,0.2596154,0.0833333,0.0,9.615805480084347
738.0,0.4620596,0.4552846,0.1869919,0.1133501,0.8848238,0.0,0.7323944,0.0,0.0316901,0.0501672,0.4225352,0.9929577,0.1337793,0.1333333,1.0,10.524090921620362
111.0,0.4864865,0.0,0.1801802,0.0877193,0.9279279,0.0,0.8333333,0.0,0.0238095,0.16,0.0,0.9761905,0.2,0.0,1.0,9.841665338892785
701.0,0.4764622,0.0014265,0.149786,0.1144414,0.9029957,0.0,0.7723881,0.0037313,0.0149254,0.0462633,0.0,1.0,0.1423488,0.0612245,0.3333333,10.445840912706414
1131.0,0.4942529,0.0008842,0.1450044,0.0804196,0.8956676,0.0,0.7608696,0.0024155,0.0386473,0.0526316,0.0,0.9782609,0.3249428,0.1555556,0.0,11.229248693912288
1387.0,0.4772891,0.0,0.1816871,0.1324138,0.8709445,0.0043259,0.7013233,0.0075614,0.020794,0.0536673,0.0,0.9867675,0.1914132,0.1214953,0.5,10.596659732783579
1022.0,0.5,0.1722114,0.0821918,0.0763209,0.8444227,0.0,0.7012048,0.0024096,0.0674699,0.1733068,0.1566265,0.9903614,0.310757,0.0740741,0.4,11.072884439922198
39.0,0.4615385,0.0,0.0769231,0.0952381,0.9487179,0.0,0.8461538,0.0,0.0,0.1875,0.0,1.0,0.125,0.0,0.0,9.615805480084347
9438.0,0.481352,0.1984531,0.0931341,0.0833504,0.880801,0.0405806,0.7922509,0.0059041,0.0464945,0.0658394,0.1771218,0.5693727,0.4505343,0.2448436,0.8666667,11.759011806144656
88.0,0.4659091,0.0,0.2613636,0.1702128,0.8181818,0.0,0.6585366,0.0,0.0243902,0.2407407,0.0,1.0,0.4074074,0.0666667,1.0,9.615805480084347
19997.0,0.4927739,0.1739761,0.0762614,0.0681258,0.8451268,0.0036005,0.7015437,0.0026389,0.0779786,0.0523881,0.1696794,0.9408893,0.3094524,0.0951807,0.3214286,11.80036500801413
8083.0,0.4620809,0.0018557,0.1327477,0.1122355,0.8436224,0.01831,0.6960656,0.0059016,0.0488525,0.0480649,0.0016393,0.9754098,0.2883895,0.0619872,0.4285714,10.518700218288165
24160.0,0.4752483,0.1110927,0.1415977,0.113977,0.8077815,0.0400662,0.670876,0.0048919,0.0641638,0.0722955,0.0944255,0.9021615,0.3739314,0.1122029,0.5305164,11.459535236710686
2606.0,0.5268611,0.0023024,0.0894091,0.0738037,0.8795088,0.04835,0.8112965,0.0064185,0.0308087,0.0931315,0.0012837,0.7715019,0.4691502,0.3531746,1.0,10.264687244346277
415.0,0.5277108,0.0,0.0698795,0.0408163,0.939759,0.0096386,0.8758621,0.0,0.0206897,0.0522876,0.0,0.9793103,0.1633987,0.1,1.0,11.265758139843117
474.0,0.4873418,0.0,0.2362869,0.1769547,0.8291139,0.0,0.6398104,0.0,0.0189573,0.3775811,0.0,0.9905213,0.3274336,0.0408163,0.0,10.288783966353765
12266.0,0.4777434,0.0059514,0.1672917,0.1033406,0.897277,0.0,0.7668883,0.0015012,0.0308814,0.0252926,0.0064336,0.9946386,0.1523829,0.0303712,0.3666667,11.13751903414526
6910.0,0.4613603,0.0034732,0.1713459,0.1268135,0.8059334,0.0086831,0.6302549,0.0039722,0.0470043,0.0317308,0.0023171,0.9956968,0.336859,0.0354665,0.5,10.96648993456911
1349.0,0.4907339,0.0140845,0.1045219,0.1033479,0.8917717,0.0,0.7579737,0.0037523,0.0281426,0.0762565,0.0243902,1.0,0.4627383,0.0909091,0.2857143,10.505094936455558
772.0,0.4702073,0.3678756,0.1476684,0.1344743,0.9235751,0.0,0.7992832,0.0,0.0107527,0.1198738,0.3189964,1.0,0.2429022,0.0833333,1.0,10.385944565501662
557.0,0.491921,0.0,0.2280072,0.1484099,0.8509874,0.0,0.6814159,0.0044248,0.0353982,0.0382979,0.0,1.0,0.1617021,0.0408163,1.0,9.957075711706057
2126.0,0.4275635,0.3306679,0.2285983,0.2333607,0.7968015,0.0639699,0.6407035,0.0012563,0.008794,0.0861079,0.2701005,0.9974874,0.3513203,0.1402878,0.7272727,9.787009914477434
5020.0,0.4832669,0.0067729,0.1328685,0.0589823,0.9770916,0.0,0.9350567,0.0,0.0063052,0.016739,0.0044136,0.9854981,0.0216987,0.075,1.0,12.669809806411457
3297.0,0.4795268,0.140734,0.1519563,0.1113054,0.9014255,0.0191083,0.791993,0.0017406,0.0139252,0.1065319,0.1235857,0.9190601,0.318818,0.1992883,0.6,10.440010162389305
53.0,0.5283019,0.0,0.2830189,0.08,0.8113208,0.0,0.6666667,0.0,0.0833333,0.826087,0.0,1.0,0.7101449,0.0,0.0,10.742918838113225
1068.0,0.5,0.0,0.0730337,0.082397,0.8848315,0.0430712,0.7836879,0.0106383,0.0460993,0.1242236,0.0,0.9964539,0.4254658,0.2905983,1.0,10.236417809461043
27357.0,0.4777936,0.0070183,0.1270242,0.0937981,0.7708813,0.0236503,0.6310654,0.0031048,0.1012153,0.0464388,0.0055886,0.9622106,0.3190661,0.0421522,0.2905983,12.694348933246843
48622.0,0.4749085,0.0314467,0.1725145,0.1219302,0.8192793,0.0130188,0.6563567,0.003816,0.0521691,0.0637458,0.0283692,0.9921671,0.3128996,0.0531413,0.5178571,11.38737357979909
889.0,0.4971879,0.0,0.1158605,0.0917226,0.9032621,0.0,0.7716049,0.0030864,0.0308642,0.0470588,0.0,0.9876543,0.3088235,0.1041667,0.3333333,10.134638955251866
1435.0,0.471777,0.0188153,0.1114983,0.0817942,0.8759582,0.0,0.7277487,0.008726,0.026178,0.0787781,0.0209424,0.9930192,0.3569132,0.0685921,0.6666667,10.825780236605917
3733.0,0.5079025,0.015805,0.0712564,0.0495373,0.9150817,0.0176802,0.8331977,0.0056957,0.0252238,0.0653992,0.0146461,0.9275834,0.260076,0.1569767,0.6923077,10.97679912709094
4288.0,0.501166,0.0377799,0.0520056,0.0350631,0.9517257,0.0,0.8834882,0.0021444,0.0250179,0.0540906,0.0278771,0.9871337,0.1284652,0.1777778,0.375,10.789339695269716
575.0,0.5026087,0.0,0.2,0.1013986,0.7895652,0.093913,0.7162791,0.0093023,0.0139535,0.0851064,0.0,0.9906977,0.1446809,0.1315789,1.0,9.615805480084347
4202.0,0.5009519,0.0016659,0.0842456,0.0424416,0.9569253,0.0016659,0.8989751,0.0014641,0.0175695,0.057931,0.0021962,0.9934114,0.04,0.0873786,0.2142857,12.799402253235032
88.0,0.4659091,0.1931818,0.1818182,0.1276596,0.9090909,0.0,0.7714286,0.0,0.0,0.1025641,0.1714286,0.9428571,0.1794872,0.125,0.0,10.268165387743457
21860.0,0.4513724,0.0020586,0.5379231,0.2122905,0.8182068,0.0149588,0.6925203,0.0014738,0.025608,0.1307551,0.0016581,0.9889462,0.267035,0.0600978,0.5441696,10.742918838113225
1942.0,0.4958805,0.0061792,0.1555098,0.0837589,0.9088568,0.0,0.7651297,0.0014409,0.018732,0.1515892,0.0043228,0.6743516,0.3814181,0.1619718,0.5714286,10.012386799492118
12392.0,0.4564235,0.0015332,0.1943189,0.1494952,0.8086669,0.0291317,0.6541486,0.0045222,0.0381439,0.0461365,0.0009831,0.9970507,0.3233308,0.0490798,0.6097561,10.192456296870509
14090.0,0.5390348,0.0209368,0.1348474,0.1365666,0.6327182,0.1494677,0.5680707,0.0028206,0.0955246,0.0934197,0.0214366,0.9917262,0.46403,0.0527838,0.4782609,10.50783084142058
3451.0,0.4520429,0.0034773,0.1903796,0.1448969,0.831643,0.034193,0.6915535,0.0022624,0.0339367,0.0810811,0.0022624,0.9826546,0.2176022,0.0847059,0.6666667,10.510559281627845
592.0,0.4814189,0.0,0.1486486,0.1009772,0.8766892,0.0,0.7321429,0.0089286,0.03125,0.0386266,0.0,0.9776786,0.167382,0.16,1.0,10.25769445336048
668.0,0.497006,0.0,0.2230539,0.1369048,0.8592814,0.0194611,0.7083333,0.0,0.0151515,0.0434783,0.0,1.0,0.3007246,0.0666667,0.0,9.814710982145282
77.0,0.5194805,0.0,0.2467532,0.1351351,0.8701299,0.0,0.6875,0.0,0.0,0.1351351,0.0,1.0,0.1351351,0.0,1.0,9.615805480084347
821.0,0.4689403,0.0,0.2082826,0.1490826,0.9001218,0.0,0.755287,0.0,0.0030211,0.0676056,0.0,0.9969789,0.1859155,0.0746269,0.0,10.416341118636355
2787.0,0.4879799,0.016864,0.1062074,0.0889979,0.8815931,0.0,0.7453744,0.0035242,0.0325991,0.0486169,0.0202643,0.9911894,0.2917016,0.0689655,0.375,10.997104049659168
61842.0,0.484994,0.0038323,0.1488632,0.106377,0.8200899,0.0198571,0.6756712,0.0052271,0.0648992,0.0404462,0.0028435,0.9046165,0.3814702,0.110995,0.4285714,11.852257893055606
2504.0,0.4972045,0.1289936,0.1026358,0.0945195,0.9065495,0.0,0.7903044,0.0090192,0.0349493,0.1112224,0.1172492,0.988726,0.3787575,0.109375,0.9,10.401258331428318
1157.0,0.4580812,0.0,0.2255834,0.1897927,0.8176318,0.0423509,0.6666667,0.0021097,0.0063291,0.2152318,0.0,0.9873418,0.3013245,0.1304348,1.0,9.989711119284745
198.0,0.4494949,0.1060606,0.1767677,0.1192661,0.6818182,0.0858586,0.5061728,0.0123457,0.0617284,0.1649485,0.0617284,0.9753086,0.3505155,0.1212121,0.0,11.369066641827967
45494.0,0.478151,0.1453818,0.087594,0.0718588,0.859432,0.0065723,0.740743,0.0031462,0.0792594,0.0366614,0.1403679,0.9419167,0.2038818,0.0885051,0.2614379,11.939506063682469
3289.0,0.4961995,0.0009121,0.1541502,0.0826795,0.9124354,0.006993,0.7802198,0.0,0.0192308,0.1319555,0.0,0.9807692,0.2583466,0.1548673,0.4473684,10.887455624298198
3017.0,0.4663573,0.0003315,0.2688101,0.2099379,0.7828969,0.0354657,0.6166667,0.0030303,0.0212121,0.1111111,0.0,0.9893939,0.3016835,0.0842105,0.5555556,9.680406499268875
297.0,0.4983165,0.0,0.0942761,0.0738255,0.8989899,0.0,0.7685185,0.0,0.0462963,0.25,0.0,0.9074074,0.3888889,0.0952381,1.0,9.61587214452889
2725.0,0.4565138,0.0242202,0.226789,0.1904119,0.8051376,0.0363303,0.6566637,0.0052957,0.0282436,0.1057616,0.0185349,0.9920565,0.3283346,0.0645161,0.6086957,10.077482875583607
312.0,0.5032051,0.0,0.1314103,0.0967742,0.9391026,0.0,0.8534483,0.0,0.0172414,0.0569106,0.0,1.0,0.1138211,0.0588235,0.0,10.6782377612977
1463.0,0.4347232,0.0,0.2576897,0.1741233,0.8441558,0.0396446,0.7175439,0.0,0.0157895,0.040404,0.0,0.9947368,0.1750842,0.1083333,0.3333333,10.385944565501662
3918.0,0.5051046,0.0673813,0.0543645,0.0469314,0.9433384,0.0,0.8550725,0.0022883,0.0198322,0.0402635,0.0625477,0.9969489,0.1390922,0.1329114,0.1428571,11.11395422597838
2954.0,0.4834123,0.0054164,0.1079892,0.0707733,0.8635748,0.0,0.7173913,0.0095652,0.0556522,0.0873016,0.0034783,0.9965217,0.3484127,0.0431267,0.1538462,11.023551435004947
96086.0,0.4905709,0.0853714,0.0869742,0.0688676,0.9070728,0.0046313,0.799475,0.0050505,0.0538278,0.0326562,0.0879187,0.7197634,0.335144,0.1810027,0.228972,12.046496440791149
392.0,0.4795918,0.3239796,0.125,0.1176471,0.9311224,0.0,0.7923077,0.0,0.0,0.0298507,0.2307692,0.9923077,0.238806,0.4090909,1.0,10.480129006333248
232.0,0.5043103,0.0086207,0.2241379,0.1391304,0.8103448,0.0,0.65,0.01,0.04,0.1803279,0.01,1.0,0.3114754,0.0769231,1.0,10.823790225800138
522.0,0.4846743,0.0019157,0.1992337,0.1375465,0.8390805,0.0,0.6743119,0.0,0.059633,0.1102041,0.0,0.9908257,0.444898,0.1304348,0.9,9.65509029374725
2309.0,0.4469467,0.0,0.201819,0.1808927,0.8042443,0.0511044,0.6674033,0.0044199,0.0254144,0.0727459,0.0,0.9977901,0.3022541,0.0458015,0.25,10.61890979160975
60.0,0.5,0.0,0.2333333,0.2,0.8333333,0.0,0.625,0.0,0.0416667,0.3846154,0.0,1.0,0.1794872,0.0,1.0,9.615805480084347
3099.0,0.4678929,0.4465957,0.1455308,0.1152213,0.8854469,0.0064537,0.7428323,0.004344,0.0217202,0.0915549,0.3935708,0.9947871,0.3038674,0.1467066,0.7058824,10.34177474101152
9489.0,0.4687533,0.035831,0.1817894,0.1412418,0.7661503,0.0727158,0.635439,0.0034797,0.0323876,0.0881133,0.0270343,0.988758,0.3043691,0.0771605,0.515625,9.989711119284745
2851.0,0.4745703,0.2378113,0.1466152,0.1221629,0.8228692,0.0,0.6354978,0.0025974,0.0614719,0.0525021,0.1922078,0.9904762,0.369155,0.0366795,0.4,11.300981463909618
651.0,0.4454685,0.0,0.1443932,0.0637119,0.9016897,0.0,0.7644788,0.0,0.011583,0.0477941,0.0,1.0,0.2536765,0.1515152,0.5,10.278527816830314
17779.0,0.4756735,0.0366162,0.1366219,0.1034113,0.8424546,0.0304292,0.7261887,0.0022082,0.0479906,0.0463288,0.0332695,0.991609,0.2490524,0.0427579,0.2978723,11.227919807721856
5371.0,0.4803575,0.0431949,0.1079873,0.0841992,0.9123068,0.0,0.8009356,0.004158,0.0343035,0.0816229,0.0337838,0.9599792,0.2568019,0.1490385,0.5641026,11.0186455364637
1450.0,0.4372414,0.4034483,0.2710345,0.2230392,0.8055172,0.0468966,0.6336283,0.0035398,0.0106195,0.1642012,0.3309735,0.9946903,0.3683432,0.1771429,0.9285714,10.098272780745283
2082.0,0.4851105,0.0100865,0.0715658,0.0550373,0.9409222,0.0153698,0.8746177,0.0,0.0137615,0.0438596,0.0030581,0.9938838,0.0394737,0.0857143,0.5714286,11.959538914341756
172.0,0.4825581,0.005814,0.122093,0.1235955,0.8837209,0.0,0.6935484,0.0,0.016129,0.1506849,0.016129,1.0,0.5890411,0.3076923,1.0,9.615805480084347
43516.0,0.4991497,0.0143625,0.0695606,0.0491397,0.9165135,0.009169,0.8405818,0.0058324,0.0513393,0.034617,0.0144009,0.9519009,0.1985263,0.1375321,0.283237,12.031725210748633
1555.0,0.481672,0.0115756,0.1948553,0.1253102,0.8598071,0.0,0.7064516,0.0064516,0.0435484,0.1193182,0.0145161,0.9645161,0.4090909,0.1342593,0.25,10.837637848711049
1748.0,0.4576659,0.1287185,0.173913,0.1708861,0.8340961,0.055492,0.7358185,0.0081037,0.0356564,0.1430556,0.10859,0.9951378,0.4069444,0.1213873,0.3333333,10.081675578048475
5066.0,0.4585472,0.0795499,0.1956178,0.1560335,0.8515594,0.0272404,0.7193852,0.0039663,0.0173525,0.0696494,0.0708974,0.9965295,0.2956642,0.0648464,0.6153846,10.225607282932941
11931.0,0.4479088,0.026318,0.231833,0.1918931,0.8135948,0.0476909,0.6819287,0.0020259,0.012966,0.0491235,0.0257293,0.9965559,0.3265267,0.0587893,0.4666667,10.385944565501662
18945.0,0.487147,0.1130641,0.0791238,0.0825443,0.8140406,0.0150435,0.6778726,0.0093237,0.0785292,0.0813126,0.1061064,0.9715036,0.4662806,0.0576653,0.4666667,10.988693712621323
6087.0,0.493675,0.0131428,0.0565139,0.0285529,0.9224577,0.0,0.8353452,0.0028972,0.0473201,0.032243,0.0144858,0.9850314,0.1205607,0.1067416,0.0344828,12.090106084085123
1150.0,0.4921739,0.2686957,0.1669565,0.1592466,0.8191304,0.0382609,0.6574074,0.0023148,0.0277778,0.1147541,0.25,0.9976852,0.3032787,0.1923077,0.7666667,9.717218213494077
96259.0,0.4914865,0.1120726,0.1260869,0.1076835,0.8015251,0.0672457,0.6949535,0.0045954,0.0393008,0.1212467,0.1026501,0.9244996,0.3438708,0.0922489,0.5755208,10.360944044643913
733.0,0.5088677,0.0190996,0.1227831,0.0861111,0.7585266,0.042292,0.6292517,0.0,0.1088435,0.1036585,0.0102041,0.9829932,0.4359756,0.0571429,0.2,11.427378469795439
1917.0,0.4595722,0.0010433,0.1950965,0.1756757,0.8049035,0.1006781,0.7452135,0.0014728,0.0103093,0.0910308,0.0,1.0,0.3908969,0.078853,0.8571429,9.985113621416073
707.0,0.4936351,0.0,0.2164074,0.1675978,0.8486563,0.0,0.6578073,0.0033223,0.0099668,0.119883,0.0,0.9966777,0.2719298,0.0,0.8888889,10.177362240256695
624.0,0.4983974,0.0,0.1762821,0.1022364,0.8685897,0.036859,0.7761905,0.0047619,0.0571429,0.0748899,0.0,0.9952381,0.1718062,0.0588235,1.0,10.351405324899678
10987.0,0.4931282,0.0168381,0.0586147,0.0524331,0.9439337,0.0,0.8531182,0.0027352,0.0158643,0.0396638,0.0150438,0.9961707,0.1631206,0.131524,0.2884615,10.920546270529568
289.0,0.5224913,0.0,0.1591696,0.1231884,0.8823529,0.0,0.7333333,0.0095238,0.0285714,0.0625,0.0,1.0,0.1517857,0.1818182,0.6666667,10.030164255362632
33181.0,0.4689732,0.009192,0.1364636,0.1111237,0.7221301,0.0691962,0.5972969,0.005227,0.0918459,0.067799,0.0071685,0.9953704,0.4357511,0.0504275,0.2580645,11.021918808236205
1506.0,0.5099602,0.0,0.123506,0.0691057,0.8944223,0.000664,0.7329749,0.0017921,0.0143369,0.146789,0.0,1.0,0.2782875,0.0588235,0.9090909,10.332050506334692
1491.0,0.4782025,0.0020121,0.212609,0.1452442,0.8122066,0.0610329,0.6876122,0.0035907,0.0179533,0.1116427,0.0035907,0.8904847,0.4066986,0.165,0.5294118,10.142543822310387
174.0,0.5,0.0,0.1666667,0.045977,0.8908046,0.0,0.8032787,0.0163934,0.0491803,0.1643836,0.0,0.9836066,0.2465753,0.0,0.0,9.615805480084347
8860.0,0.4698646,0.03307,0.1360045,0.1136896,0.8346501,0.0010158,0.6640391,0.0038054,0.04648,0.0468912,0.0312585,0.9934765,0.2235751,0.033935,0.4313725,11.43605521971203
14293.0,0.4174771,0.0013993,0.8369831,0.3083113,0.7750647,0.0118939,0.6432861,0.0001201,0.0088878,0.054723,0.0014413,0.9942349,0.1532698,0.0,0.713615,11.289794413577894
16127.0,0.4691511,0.4019967,0.1231475,0.1220652,0.8540336,0.01606,0.7049705,0.0060657,0.041112,0.0649126,0.3275484,0.9907329,0.3608004,0.1385015,0.5111111,10.691967639914864
273.0,0.5128205,0.0,0.1868132,0.075188,0.8424908,0.0,0.6851852,0.0185185,0.0555556,0.107438,0.0,1.0,0.214876,0.1538462,1.0,9.615805480084347
398.0,0.4748744,0.0,0.1105528,0.1004785,0.9070352,0.0,0.7848101,0.0,0.0189873,0.0705882,0.0,1.0,0.2882353,0.0526316,0.0,10.012386799492118
2516.0,0.4598569,0.0031797,0.2635135,0.1883738,0.809221,0.0214626,0.6284691,0.0008953,0.0089526,0.1113763,0.0026858,0.9865712,0.3237868,0.0595611,0.6216216,9.928228944424575
328.0,0.5426829,0.0,0.1615854,0.1133333,0.8384146,0.0,0.6412214,0.0076336,0.0305344,0.1493506,0.0,1.0,0.2272727,0.09375,0.8333333,9.615805480084347
423.0,0.4539007,0.0023641,0.3167849,0.1861472,0.820331,0.0,0.6363636,0.0,0.020202,0.2413793,0.0050505,1.0,0.3678161,0.075,0.6666667,9.615805480084347
3474.0,0.4700633,0.1954519,0.1701209,0.1575231,0.8471503,0.0296488,0.702682,0.005364,0.0214559,0.1294196,0.1716475,0.9961686,0.3642428,0.1318408,0.7857143,9.985113621416073
1551.0,0.4822695,0.0006447,0.1837524,0.1220423,0.8884591,0.0,0.7392687,0.0031797,0.009539,0.1522911,0.0015898,0.972973,0.2762803,0.1226415,0.875,10.199918739620157
8046.0,0.4469302,0.405916,0.1686552,0.1575281,0.859309,0.0125528,0.6938248,0.0022632,0.0213385,0.0886859,0.3598448,0.9980601,0.297584,0.1243926,0.7297297,10.154285180632154
790.0,0.4594937,0.0012658,0.1582278,0.0936768,0.9481013,0.0,0.8593156,0.0,0.0152091,0.0436364,0.0,0.9923954,0.0109091,0.2857143,0.5,13.122367377396328
1133.0,0.494263,0.0079435,0.1112092,0.0732984,0.8534863,0.0,0.7033708,0.011236,0.0539326,0.127451,0.0134831,0.9955056,0.2764706,0.0844156,0.0,10.75579427616868
1504.0,0.4893617,0.0026596,0.1429521,0.0872396,0.8138298,0.0425532,0.6882883,0.0054054,0.0468468,0.0826446,0.0036036,0.990991,0.3652893,0.0950226,0.5555556,10.154285180632154
99.0,0.5656566,0.0,0.0,0.0,0.8383838,0.0,0.6216216,0.0,0.0540541,0.1590909,0.0,1.0,0.7045455,0.0,0.0,10.056251557087757
100.0,0.48,0.0,0.15,0.1153846,0.91,0.0,0.75,0.0,0.0,0.1428571,0.0,1.0,0.2857143,0.5714286,0.6666667,9.615805480084347
146.0,0.4794521,0.0068493,0.1712329,0.0921053,0.9315068,0.0,0.8275862,0.0,0.0,0.0491803,0.0172414,1.0,0.3770492,0.0,1.0,9.867912187022208
96466.0,0.4775776,0.004696,0.1262414,0.0970117,0.7937615,0.0249622,0.637131,0.0048198,0.071516,0.0338066,0.0033088,0.992653,0.3882848,0.0640557,0.3113208,10.70101727068921
11997.0,0.4904559,0.010836,0.0943569,0.0867005,0.9153122,0.0227557,0.8584592,0.0028155,0.0353212,0.0278676,0.0084464,0.9777323,0.0734013,0.1214953,0.3333333,12.112865752267137
4461.0,0.4759023,0.0008967,0.1255324,0.100941,0.9027124,0.0,0.7688266,0.0017513,0.0198482,0.0644457,0.0011675,0.9976649,0.2195522,0.0641026,0.516129,10.685126264117057
464.0,0.4935345,0.0,0.2176724,0.1446809,0.862069,0.0,0.6834171,0.0,0.0050251,0.2656827,0.0,0.9648241,0.3321033,0.0857143,0.7777778,9.615805480084347
140.0,0.5285714,0.0,0.1642857,0.1212121,0.8928571,0.0,0.7454545,0.0,0.0181818,0.0983607,0.0,0.9818182,0.295082,0.1666667,0.0,9.615805480084347
47.0,0.5319149,0.0,0.2978723,0.2272727,0.8510638,0.0,0.6818182,0.0,0.0,0.1538462,0.0,0.9545455,0.1538462,0.0,0.0,9.615805480084347
395.0,0.4708861,0.0,0.2025316,0.1100478,0.8810127,0.0,0.7295597,0.0062893,0.0251572,0.0421687,0.0,1.0,0.1626506,0.0285714,1.0,10.221977646629885
3023.0,0.4488918,0.0003308,0.212041,0.1542617,0.8226927,0.0436652,0.6993569,0.0048232,0.0184887,0.055429,0.0008039,0.9967846,0.2520881,0.05,0.7142857,10.488520429241627
1613.0,0.4761314,0.0049597,0.150651,0.104142,0.8574086,0.0210787,0.7161085,0.0031898,0.0223285,0.0383436,0.0,0.9984051,0.2285276,0.0617978,0.3333333,10.6782377612977
8349.0,0.4953887,0.0385675,0.017008,0.0234987,0.9054977,0.0,0.8136538,0.0027865,0.0693138,0.0241332,0.0348311,0.9791014,0.0683209,0.0930233,0.1,11.916395250412128
3009.0,0.4838817,0.0225989,0.0867398,0.0611719,0.9358591,0.0,0.8369011,0.0040775,0.0244648,0.0549133,0.0203874,0.9785933,0.2649326,0.174359,0.8125,10.635879484421974
74.0,0.4864865,0.0,0.3918919,0.2894737,0.7567568,0.0,0.55,0.0,0.0,0.245283,0.0,1.0,0.3207547,0.5,0.0,9.615805480084347
168.0,0.452381,0.0,0.4642857,0.2391304,0.7559524,0.0,0.5517241,0.0114943,0.0114943,0.2368421,0.0,1.0,0.4649123,0.04,0.0,9.615805480084347
1098.0,0.5009107,0.0127505,0.068306,0.040146,0.7322404,0.0009107,0.5674518,0.006424,0.1349036,0.2003425,0.0042827,0.9743041,0.4794521,0.0658683,0.0,12.094028734547074
81.0,0.5679012,0.0,0.0864198,0.0285714,0.8641975,0.0,0.7575758,0.030303,0.0606061,0.3529412,0.0,1.0,0.5882353,0.0,1.0,11.174665631549477
216.0,0.462963,0.0,0.1527778,0.1034483,0.875,0.0,0.7108434,0.0120482,0.0120482,0.2782609,0.0,1.0,0.2521739,0.1875,0.0,9.746892220313054
480.0,0.4479167,0.61875,0.1354167,0.1245283,0.9083333,0.0,0.7349398,0.0,0.0,0.1354167,0.5120482,0.9939759,0.4479167,0.3181818,0.75,9.994287576862567
2056.0,0.4187743,0.6254864,0.1984436,0.2100418,0.8283074,0.0505837,0.6956522,0.0081522,0.0244565,0.0879802,0.5597826,1.0,0.3469641,0.1304348,0.875,10.173552856959743
38053.0,0.4831157,0.0171866,0.1188868,0.0854136,0.8209865,0.0317189,0.6922765,0.0021604,0.0537402,0.0411083,0.0124224,0.9870375,0.2560368,0.0459016,0.3170732,10.851296331126829
463.0,0.4902808,0.0064795,0.1144708,0.0889831,0.8855292,0.0,0.7289157,0.0120482,0.0180723,0.0514286,0.0,1.0,0.1542857,0.0526316,0.0,10.428245666832275
9054.0,0.4810029,0.0130329,0.1633532,0.102575,0.9290921,0.002209,0.8268174,0.0009693,0.0206785,0.0261171,0.0113086,0.9725363,0.0478288,0.0569948,0.6052632,12.103491596905931
10034.0,0.4797688,0.0057803,0.0773371,0.0561303,0.5242177,0.2418776,0.5261069,0.0045802,0.1532824,0.0446324,0.0058015,0.9908397,0.457993,0.0378531,0.25,10.591647316585027
20030.0,0.4789316,0.0457314,0.1104843,0.0983999,0.7608587,0.1031952,0.6839008,0.0063052,0.0515623,0.0682768,0.0430153,0.9939751,0.3424282,0.0709131,0.2539683,10.83370091325064
9960.0,0.4871486,0.0120482,0.1171687,0.0657792,0.7955823,0.0051205,0.6416334,0.0035203,0.0922319,0.1148733,0.0103262,0.9774701,0.3730785,0.027381,0.4551282,11.302216779257382
1729.0,0.5176403,0.0028918,0.1069983,0.0491607,0.8768074,0.0017351,0.7454268,0.0060976,0.0533537,0.1748428,0.0015244,0.9908537,0.3509434,0.072,0.4117647,11.092869425057021
899.0,0.4671858,0.0,0.0823137,0.0521921,0.8854283,0.0,0.7648903,0.015674,0.0470219,0.0699708,0.0,0.9937304,0.3498542,0.0540541,0.375,10.579005242826247
100.0,0.51,0.0,0.1,0.0612245,0.92,0.0,0.7941176,0.0,0.0294118,0.1707317,0.0,1.0,0.3170732,0.25,0.0,9.615805480084347
2521.0,0.5057517,0.00714,0.0868703,0.0481541,0.9151131,0.0027767,0.8143177,0.0011186,0.0402685,0.0250818,0.0067114,0.9832215,0.1494002,0.0483871,0.3333333,12.10238295548773
185.0,0.5351351,0.0,0.1027027,0.0465116,0.9135135,0.0,0.8030303,0.0151515,0.0151515,0.0434783,0.0,0.9848485,0.3333333,0.125,0.0,10.158168529848494
4151.0,0.4969887,0.0725126,0.0929896,0.079023,0.8855697,0.0,0.7586207,0.0059682,0.0616711,0.1237653,0.0596817,0.9907162,0.1528181,0.143617,0.3076923,11.50892748368293
225.0,0.4933333,0.0044444,0.16,0.1578947,0.7111111,0.2,0.7567568,0.0,0.027027,0.1395349,0.0,1.0,0.2906977,0.0,1.0,10.177362240256695
275.0,0.4763636,0.1127273,0.1890909,0.1805556,0.8654545,0.0,0.7142857,0.0,0.0252101,0.1560284,0.0840336,1.0,0.1205674,0.1428571,0.6,10.344995251991222
1507.0,0.4930325,0.0013271,0.0948905,0.0824607,0.8958195,0.0,0.7490494,0.0057034,0.0323194,0.1320132,0.0019011,0.9904943,0.2805281,0.1461988,0.6666667,10.376642461280849
20874.0,0.4679506,0.0040721,0.2270767,0.1591032,0.8757785,0.0235221,0.7468858,0.0015902,0.0180228,0.0157819,0.0011927,0.9854227,0.1617321,0.0443396,0.3214286,11.225256725762893
328.0,0.5060976,0.0243902,0.1707317,0.0987654,0.875,0.0,0.7153846,0.0,0.0307692,0.1275168,0.0230769,1.0,0.2818792,0.1621622,0.0,9.787009914477434
3848.0,0.5,0.0005198,0.0818607,0.0628898,0.9316528,0.0,0.8339859,0.0054816,0.0321065,0.0441617,0.0007831,0.9859045,0.1399701,0.1515152,0.4285714,11.194110418585193
6430.0,0.4947123,0.0,0.0990669,0.0886427,0.9121306,0.0133748,0.8045816,0.0037401,0.0224404,0.0206044,0.0,0.9850397,0.2284799,0.0840951,0.4166667,10.868587496017359
4910.0,0.4767821,0.0008147,0.1382892,0.1136629,0.8851324,0.0101833,0.7424822,0.002187,0.0191361,0.083208,0.0005467,0.9912521,0.3037594,0.1038697,0.5454545,10.373522431293592
838.0,0.4630072,0.0,0.2625298,0.2,0.8377088,0.0572792,0.7238095,0.0,0.0031746,0.0680473,0.0,1.0,0.3047337,0.0568182,0.0,10.150386692204734
858.0,0.462704,0.0,0.2634033,0.1908894,0.7867133,0.0,0.5636364,0.0,0.0363636,0.0767386,0.0,0.9974026,0.294964,0.0485437,0.75,10.056251557087757
950.0,0.4557895,0.1663158,0.1663158,0.1508704,0.8484211,0.0,0.6632124,0.0025907,0.0284974,0.0676329,0.1580311,0.9948187,0.3164251,0.0674847,0.3333333,10.351405324899678
6147.0,0.4982918,0.0118757,0.0855702,0.0629053,0.8682284,0.0216366,0.7642125,0.0037279,0.0577819,0.0608315,0.0083877,0.9878844,0.2752735,0.1014686,0.15,11.34333452885509
639.0,0.5555556,0.0046948,0.029734,0.0492958,0.9624413,0.0,0.8671329,0.0,0.034965,0.1781609,0.006993,0.993007,0.4885057,0.4457831,1.0,10.981914140544825
3187.0,0.4455601,0.0112959,0.2114842,0.1601585,0.8349545,0.0,0.6581014,0.0028551,0.0242684,0.035124,0.0099929,0.9942898,0.3230028,0.0306604,0.0,10.643064971973882
1661.0,0.4708007,0.0102348,0.1559302,0.0910125,0.8368453,0.0,0.7025862,0.0057471,0.0718391,0.0504775,0.0057471,0.9497126,0.2783083,0.0797101,0.0,12.135655546026104
1367.0,0.5003658,0.0029261,0.1060717,0.0629575,0.9692758,0.0,0.9147122,0.0,0.0042644,0.026971,0.0042644,1.0,0.0767635,0.2142857,0.6666667,11.000448478455008
1996.0,0.4814629,0.002505,0.1508016,0.1120773,0.8647295,0.0295591,0.7510791,0.0071942,0.0345324,0.0373961,0.0014388,0.9985612,0.1911357,0.0869565,0.6,10.778977123006351
159936.0,0.4926908,0.0172069,0.145008,0.1012732,0.7463173,0.0274985,0.5601662,0.0042906,0.0815518,0.0963233,0.0158573,0.9287697,0.4954177,0.0637466,0.549505,10.813780332606648
238.0,0.4915966,0.0084034,0.1470588,0.1157025,0.8697479,0.0,0.7173913,0.0108696,0.0434783,0.0612245,0.0,0.9782609,0.2755102,0.1818182,0.5,9.615805480084347
768.0,0.5091146,0.0,0.1067708,0.0795756,0.9023438,0.0,0.7491039,0.0,0.0179211,0.2439024,0.0,0.9964158,0.3550136,0.1014493,0.8571429,10.689692377847104
1642.0,0.4677223,0.001218,0.1686967,0.1304348,0.8800244,0.0,0.7155825,0.0,0.0121029,0.0793872,0.0,1.0,0.2311978,0.0754717,0.6153846,10.098272780745283
3660.0,0.4535519,0.0,0.2295082,0.187,0.8046448,0.0467213,0.6616541,0.0020506,0.0280246,0.056129,0.0,1.0,0.24,0.0446194,0.6,10.318935994253193
1211.0,0.4880264,0.0016515,0.1337737,0.1209677,0.8480595,0.0090834,0.6724138,0.0021552,0.0387931,0.0231579,0.0,1.0,0.2863158,0.0540541,0.5,10.668978650219241
224.0,0.4910714,0.0,0.1919643,0.0964912,0.9151786,0.0,0.7816092,0.0,0.0,0.0,0.0,1.0,0.2298851,0.03125,0.0,10.370392636243981
2663.0,0.506196,0.0071348,0.0593316,0.0372624,0.9601953,0.0,0.8995272,0.0023641,0.0200946,0.0128355,0.0070922,0.9881797,0.0116686,0.245283,0.5,11.557908390796706
6764.0,0.4831461,0.0078356,0.1367534,0.118135,0.822738,0.0252809,0.6602981,0.0011464,0.0496752,0.0350295,0.0068781,0.9927398,0.3278024,0.0374115,0.4285714,11.282266241614355
445.0,0.4404494,0.4741573,0.1685393,0.1485944,0.894382,0.0,0.7272727,0.0,0.0121212,0.1223404,0.4121212,0.9939394,0.2765957,0.2340426,1.0,10.056251557087757
1859.0,0.4991931,0.0064551,0.1554599,0.0966702,0.8961807,0.0166756,0.7984252,0.0,0.0377953,0.0770349,0.0015748,0.984252,0.059593,0.047619,0.7142857,12.858921132124243
854.0,0.4894614,0.001171,0.1159251,0.0963303,0.9063232,0.0,0.7760252,0.0063091,0.0189274,0.0335366,0.0031546,1.0,0.222561,0.0344828,1.0,10.448743588106625
329.0,0.4772036,0.1306991,0.1489362,0.2034884,0.9088146,0.0,0.7521368,0.0,0.008547,0.2352941,0.1196581,0.982906,0.2679739,0.2142857,1.0,9.615805480084347
211.0,0.4265403,0.0,0.2796209,0.1983471,0.8483412,0.0,0.6702128,0.0,0.0106383,0.1296296,0.0,1.0,0.3148148,0.2857143,0.3333333,9.661479683575521
3716.0,0.4628633,0.096071,0.058127,0.0240481,0.4499462,0.5199139,0.8483816,0.0,0.032368,0.0562701,0.0102215,0.9914821,0.0836013,0.047619,1.0,13.122367377396328
39.0,0.4358974,0.0,0.3589744,0.0909091,0.8205128,0.0,0.6111111,0.0,0.0,0.25,0.0,1.0,0.2916667,0.0,0.0,9.615805480084347
513.0,0.4658869,0.0019493,0.2007797,0.1277372,0.7680312,0.0,0.5489362,0.0,0.0553191,0.5021186,0.0,0.9957447,0.2648305,0.0352941,0.3333333,10.938467575959383
2865.0,0.4551483,0.0069808,0.1731239,0.1723254,0.8160558,0.0530541,0.6967572,0.0052585,0.0210342,0.0570248,0.0078878,0.9973707,0.4239669,0.0629921,0.5454545,10.668978650219241
1482.0,0.4804318,0.3367072,0.1093117,0.1116883,0.9176788,0.0,0.7758621,0.0019157,0.0095785,0.0333333,0.2969349,1.0,0.2981481,0.2236842,0.3333333,10.542732775946709
2566.0,0.4738893,0.0070148,0.0623539,0.0525926,0.9766173,0.0,0.9186441,0.0016949,0.0135593,0.0166667,0.0033898,0.0610169,0.515,0.3505747,0.0,10.860939421415225
453.0,0.4834437,0.0,0.196468,0.2222222,0.8211921,0.0375276,0.6666667,0.0,0.0282486,0.1843318,0.0,1.0,0.3410138,0.1333333,0.9090909,9.615805480084347
9852.0,0.4876167,0.0551157,0.1251523,0.0800317,0.8422655,0.0001015,0.692623,0.0056352,0.0722336,0.0266766,0.0530225,0.9280225,0.3310895,0.0629575,0.4074074,11.810812786275873
4154.0,0.4388541,0.1466057,0.1954742,0.1900472,0.8021184,0.035869,0.6355301,0.0017192,0.017765,0.1322725,0.1432665,0.9977077,0.3595226,0.060024,0.6875,10.392098241730961
66.0,0.469697,0.0,0.1969697,0.0571429,0.8939394,0.0,0.76,0.04,0.04,0.0740741,0.0,1.0,0.2962963,0.0,0.0,9.615805480084347
424.0,0.4787736,0.0,0.1580189,0.1176471,0.8820755,0.0,0.734104,0.0,0.0231214,0.0942408,0.0,1.0,0.3664921,0.0253165,1.0,11.071330462204312
222103.0,0.4864455,0.1143343,0.0677343,0.0520945,0.8170533,0.010306,0.6511017,0.0051497,0.0676413,0.1076985,0.1096351,0.947157,0.3953249,0.0636085,0.5096118,11.082157933374816
1949.0,0.491021,0.0020523,0.1323756,0.0866935,0.8707029,0.0,0.7270375,0.003881,0.0401035,0.0561661,0.0012937,0.996119,0.3614164,0.0669643,0.25,10.916923143796645
484.0,0.4607438,0.0,0.3657025,0.137931,0.714876,0.1342975,0.6933962,0.0,0.0377358,0.6975749,0.0,1.0,0.403709,0.09375,1.0,10.956073354557526
1177.0,0.4740867,0.0,0.1096007,0.1098546,0.9065421,0.0,0.7680525,0.0021882,0.0065646,0.1003937,0.0,0.9978118,0.3937008,0.0886076,0.6,10.385944565501662
417.0,0.4652278,0.0023981,0.2086331,0.161435,0.8369305,0.0,0.6684492,0.0,0.0320856,0.0260417,0.0053476,1.0,0.3958333,0.0789474,1.0,10.077482875583607
966.0,0.4751553,0.0,0.2122153,0.1341223,0.8602484,0.0,0.6848635,0.0,0.0198511,0.0472813,0.0,0.9975186,0.2364066,0.0123457,0.6666667,10.225607282932941
687.0,0.4919942,0.0014556,0.1586608,0.1318052,0.7889374,0.0873362,0.6624473,0.0042194,0.0168776,0.0557769,0.0,1.0,0.2350598,0.0810811,0.8,9.680406499268875
365.0,0.5013699,0.0027397,0.2,0.1098901,0.8712329,0.0,0.6986301,0.0,0.0136986,0.1309524,0.0068493,0.9931507,0.1607143,0.15625,0.0,9.615805480084347
456.0,0.4736842,0.0,0.1622807,0.1458333,0.8157895,0.0197368,0.6166667,0.0055556,0.0222222,0.0374332,0.0,1.0,0.3796791,0.0327869,0.0,10.281958234245314
58724.0,0.471647,0.4219399,0.1709012,0.1397815,0.8591887,0.0099959,0.6888381,0.0031801,0.0246797,0.1328362,0.3855146,0.9343366,0.3638235,0.1223915,0.6910569,9.857495968685136
85.0,0.5176471,0.0,0.1529412,0.1219512,0.8705882,0.0,0.6944444,0.0,0.0,0.0526316,0.0,1.0,0.4473684,0.0,0.0,9.615805480084347
1744.0,0.4569954,0.1215596,0.1582569,0.1267159,0.8629587,0.0063073,0.7270115,0.0,0.0502874,0.0670241,0.1278736,0.9928161,0.1568365,0.0656566,0.4705882,11.799614544567753
162.0,0.5617284,0.0061728,0.0802469,0.1126761,0.9074074,0.0,0.7857143,0.0,0.0535714,0.0819672,0.0178571,1.0,0.2131148,0.125,0.0,10.056251557087757
2190.0,0.4648402,0.2223744,0.1826484,0.1629693,0.8744292,0.0,0.7008055,0.0011507,0.013809,0.1105425,0.1818182,0.995397,0.2927329,0.1147541,0.5,9.942756341456828
7990.0,0.4470588,0.0371715,0.2221527,0.1840199,0.8281602,0.0122653,0.6501168,0.0008762,0.0198598,0.0900877,0.0315421,0.9962033,0.3409514,0.0674847,0.6603774,10.196194479235656
458.0,0.4694323,0.1026201,0.1637555,0.1399177,0.8864629,0.0,0.7052023,0.0,0.0057803,0.1877934,0.0635838,0.734104,0.4647887,0.2941176,0.8333333,9.615805480084347
4318.0,0.5849931,0.1628069,0.0020843,0.0061384,0.7723483,0.2253358,0.9923913,0.0,0.0032609,0.0243902,0.151087,0.9423913,0.2057264,0.1919302,0.0,11.785247676408115
1635.0,0.4489297,0.0018349,0.2342508,0.1964484,0.7938838,0.0648318,0.6713836,0.0062893,0.0251572,0.0334347,0.0,0.9984277,0.2917933,0.0641026,0.5,10.482933978579906
584.0,0.5068493,0.0068493,0.2106164,0.1423611,0.8441781,0.0136986,0.6801619,0.0,0.0161943,0.1683502,0.0080972,0.6072874,0.4242424,0.0757576,1.0,10.021315031649332
2206.0,0.4768812,0.0874887,0.1174071,0.110052,0.9043518,0.0,0.7620286,0.006502,0.0273082,0.1271283,0.0884265,0.9362809,0.3189557,0.1777778,0.8333333,10.571342565808699
234.0,0.482906,0.1538462,0.1965812,0.1735537,0.8846154,0.0,0.7065217,0.0,0.0,0.0980392,0.1086957,1.0,0.2254902,0.2,0.0,10.177362240256695
14746.0,0.4738234,0.0311949,0.1360369,0.1047815,0.6921199,0.1023328,0.5836816,0.0039978,0.0975831,0.0652285,0.0223514,0.8833364,0.4599966,0.0779762,0.2903226,11.567423119906431
29188.0,0.4988694,0.0158969,0.0313485,0.0241335,0.9108538,0.0,0.7999147,0.0053299,0.0603347,0.1195683,0.0168426,0.9013964,0.3104646,0.1026081,0.4073107,11.326607934898927
323.0,0.4922601,0.003096,0.0990712,0.1036585,0.8080495,0.0,0.6390977,0.0150376,0.0827068,0.1013514,0.0075188,0.9924812,0.2837838,0.0576923,1.0,10.410335274932896
16.0,0.5625,0.0,0.125,0.1428571,0.9375,0.0,0.8,0.0,0.0,0.0,0.0,1.0,0.0,0.3333333,0.0,11.119897691565697
3439.0,0.5219541,0.0014539,0.0718232,0.0395377,0.9255598,0.0,0.8334728,0.0041841,0.0384937,0.0605346,0.0008368,0.9966527,0.091195,0.1627907,0.6,11.520903555205116
3695.0,0.5052774,0.0002706,0.0571042,0.0437637,0.8958051,0.0,0.7607656,0.0079745,0.0502392,0.0149254,0.0,0.9952153,0.2898665,0.0894161,0.0,11.02518140064756
701.0,0.4821683,0.0128388,0.1355207,0.0661157,0.9201141,0.0,0.802521,0.0084034,0.0168067,0.1619718,0.0084034,0.7478992,0.3169014,0.1515152,0.9,9.717218213494077
193.0,0.5025907,0.0,0.1243523,0.1145833,0.9170984,0.0,0.7910448,0.0,0.0298507,0.1298701,0.0,0.9850746,0.3506494,0.1666667,1.0,9.735128070758227
49.0,0.4489796,0.0,0.0,0.0,1.0,0.0,1.0,0.0,0.0,0.0,0.0,1.0,0.0,0.0,0.0,11.348062614163295
170.0,0.4823529,0.0,0.2058824,0.1136364,0.8294118,0.0,0.6781609,0.0,0.0114943,0.7995392,0.0,1.0,0.7557604,0.0,0.875,10.034559673629849
63.0,0.5079365,0.0,0.2698413,0.1612903,0.8571429,0.0,0.6923077,0.0,0.0384615,0.1333333,0.0,1.0,0.3,0.0,0.5,10.53212287826962
1018.0,0.4950884,0.0009823,0.0776031,0.0836576,0.9047151,0.0,0.7808989,0.0,0.0365169,0.0326087,0.002809,0.8623596,0.2173913,0.1875,1.0,10.84546552414626
44.0,0.5227273,0.0,0.1590909,0.1428571,0.9318182,0.0,0.8421053,0.0,0.0,0.0,0.0,1.0,0.1578947,0.0,0.0,10.138599199626192
319.0,0.5047022,0.0,0.1285266,0.056962,0.8902821,0.0,0.7363636,0.0090909,0.0454545,0.0517241,0.0,0.9909091,0.137931,0.08,0.6666667,10.703266939811954
1615.0,0.5089783,0.0092879,0.0848297,0.0491803,0.8687307,0.0,0.7199367,0.0063291,0.0427215,0.0336391,0.0094937,0.9920886,0.2691131,0.0203046,0.0,10.907807476583594
378.0,0.510582,0.0,0.0396825,0.0594595,0.9365079,0.0,0.7981651,0.0,0.0183486,0.1209677,0.0,0.9908257,0.483871,0.3880597,0.0,9.615805480084347
2062.0,0.4553831,0.0,0.2061106,0.1745325,0.8549952,0.0038797,0.6767795,0.0,0.0163361,0.1687682,0.0,0.991832,0.271581,0.077551,0.7666667,9.680406499268875
7678.0,0.4749935,0.0113311,0.1370148,0.1165964,0.8846054,0.0173222,0.7473565,0.005287,0.0215257,0.1114094,0.0120846,0.6178248,0.3818792,0.2013809,0.6666667,10.25769445336048
186.0,0.4247312,0.0,0.2580645,0.1962617,0.8387097,0.0,0.65,0.0,0.025,0.0804598,0.0,1.0,0.3103448,0.0,0.0,9.711176264112805
751.0,0.4500666,0.0,0.3089214,0.2687651,0.7696405,0.0785619,0.6405229,0.0,0.0130719,0.1616438,0.0,0.9901961,0.3780822,0.0724638,0.6363636,9.615805480084347
6763.0,0.5052491,0.0306077,0.0470206,0.035266,0.9559367,0.0,0.8926807,0.0031432,0.0197575,0.0599409,0.0251459,0.9941626,0.0464331,0.1755319,0.4606742,11.199597325534862
3112.0,0.5032134,0.062018,0.0829049,0.0530401,0.9453728,0.001928,0.8752515,0.0040241,0.027163,0.028348,0.055332,0.8873239,0.0684262,0.3,0.2727273,11.6776005682537
10838.0,0.4607861,0.0064588,0.2099096,0.1680356,0.8092822,0.0388448,0.6606818,0.0052273,0.0261364,0.080844,0.0070455,0.9970455,0.337372,0.0772563,0.6571429,10.122663242288953
175.0,0.4857143,0.0,0.2514286,0.1,0.8571429,0.0,0.7042254,0.0140845,0.028169,0.1125,0.0,1.0,0.1875,0.0,1.0,9.615805480084347
1228.0,0.4820847,0.0089577,0.0700326,0.0754717,0.9560261,0.0,0.8699422,0.0028902,0.0202312,0.0520548,0.0115607,0.4393064,0.5424658,0.2300885,0.5,10.742918838113225
60.0,0.5333333,0.0,0.3166667,0.3214286,0.7333333,0.0,0.483871,0.0,0.0,0.2439024,0.0,1.0,0.2682927,0.0,1.0,9.615805480084347
2473.0,0.4832188,0.0020218,0.0780429,0.0641628,0.9587545,0.0008087,0.8679245,0.0,0.0101597,0.0689189,0.0014514,0.3512337,0.3256757,0.2872928,0.75,10.2328272702548
3288.0,0.4784063,0.0009124,0.1687956,0.1276968,0.8497567,0.0,0.6801174,0.0051357,0.027146,0.0907272,0.0,0.9919296,0.2521681,0.0833333,0.6875,9.852246888342531
25084.0,0.4907909,0.0138734,0.1213523,0.1045956,0.8174135,0.0027508,0.6395821,0.0058835,0.0751674,0.0341922,0.0116657,0.9863055,0.2541393,0.0790978,0.4,10.373522431293592
56856.0,0.4685521,0.0037111,0.1273568,0.0920042,0.7040066,0.0748558,0.6079174,0.0029359,0.114168,0.0348263,0.0018468,0.9963538,0.3537477,0.0799555,0.3367347,10.606609816118151
2082.0,0.4716619,0.0024015,0.2113353,0.1790909,0.8659942,0.0120077,0.7224158,0.0023229,0.0139373,0.073197,0.0011614,0.9953542,0.1797632,0.0747126,0.5454545,10.36410350510914
223019.0,0.4716728,0.2450733,0.1487362,0.1165522,0.7904214,0.0225272,0.6288936,0.0039923,0.0633987,0.0669178,0.2222902,0.9940393,0.2971506,0.0771698,0.4466357,10.389026137075234
523.0,0.4760994,0.0,0.2007648,0.1459854,0.8298279,0.0,0.6488889,0.0,0.04,0.1035857,0.0,1.0,0.2270916,0.1458333,1.0,9.980494888896912
370.0,0.5054054,0.0,0.1162162,0.0546448,0.8810811,0.0,0.7923077,0.0230769,0.0846154,0.0151515,0.0,1.0,0.2045455,0.0740741,1.0,10.114599007626499
2605.0,0.5097889,0.0099808,0.0383877,0.018011,0.9896353,0.0,0.9548533,0.0022573,0.0090293,0.0044944,0.0090293,0.9977427,0.2426966,0.6133721,0.0,11.922389234432126
7837.0,0.4885798,0.0034452,0.1656246,0.0755988,0.9305857,0.0043384,0.8459215,0.0016784,0.0154414,0.0242385,0.0040282,0.9932863,0.0104815,0.119403,0.2972973,11.521895117095363
5817.0,0.4603748,0.0053292,0.3419288,0.1637464,0.8406395,0.0099708,0.6934985,0.001161,0.0247678,0.0167428,0.003096,0.996904,0.3847032,0.0346442,0.5454545,11.294781892900653
30.0,0.5333333,0.0,0.0666667,0.1428571,0.9333333,0.0,0.7777778,0.0,0.0,0.4,0.0,1.0,0.4,0.0,0.0,9.69898173460629
3416.0,0.4443794,0.0102459,0.1779859,0.1733404,0.8574356,0.0201991,0.7126697,0.0030166,0.0226244,0.0661972,0.005279,0.9984917,0.4021127,0.1234818,0.5333333,9.680406499268875
14353.0,0.4856824,0.0039016,0.1377412,0.1101328,0.8152999,0.0345572,0.6775936,0.0046564,0.0640715,0.0310413,0.0024213,0.9500838,0.3578776,0.0647513,0.3255814,11.255462171102444
4683.0,0.4640188,0.0019218,0.1249199,0.1306773,0.855221,0.0694,0.8075085,0.0081911,0.0341297,0.0849469,0.0020478,0.9911263,0.2023735,0.1024735,0.3,10.992066340225865
4681.0,0.4505448,0.0563982,0.2309336,0.1936236,0.8314463,0.0388806,0.6970495,0.0015806,0.0152792,0.0668633,0.0532139,0.9973656,0.3141593,0.0900901,0.68,10.16203685698089
953.0,0.4480588,0.0,0.2623295,0.2015209,0.772298,0.09234,0.6657534,0.0,0.0164384,0.0897756,0.0,1.0,0.3241895,0.0409836,0.5,9.758519582283522
92.0,0.5434783,0.0,0.25,0.1904762,0.826087,0.0,0.625,0.0,0.025,0.2156863,0.0,1.0,0.4705882,0.0,0.0,9.99884318585288
109.0,0.5137615,0.0,0.1284404,0.1509434,0.853211,0.0,0.673913,0.0,0.0217391,0.3030303,0.0,0.9782609,0.2878788,0.0,1.0,9.615805480084347
8816.0,0.5014746,0.0115699,0.0991379,0.0580205,0.930127,0.0010209,0.84,0.0023529,0.0339496,0.0197694,0.0110924,0.9277311,0.1265239,0.1696751,0.2941176,11.31204474745499
136.0,0.5,0.0,0.1397059,0.1176471,0.8897059,0.0,0.7678571,0.0,0.0357143,0.1641791,0.0,1.0,0.5223881,0.2727273,0.0,10.021315031649332
318.0,0.5157233,0.0125786,0.0754717,0.0714286,0.9433962,0.0,0.8148148,0.0123457,0.0123457,0.2285714,0.0246914,0.9876543,0.9904762,0.4878049,0.0,9.873079890114703
1838.0,0.4368879,0.3063112,0.2459195,0.210628,0.8057671,0.0647443,0.6962025,0.0042194,0.0253165,0.0896287,0.2559775,0.9985935,0.2970551,0.0790698,0.75,10.134638955251866
6159.0,0.4770255,0.0402663,0.0959571,0.0841354,0.9048547,0.012502,0.7872439,0.0018622,0.0181564,0.1072319,0.0372439,0.9916201,0.3466334,0.1312741,0.4754098,10.413342705547674
6178.0,0.4736161,0.1801554,0.0781806,0.0790283,0.8622532,0.0087407,0.7252475,0.005363,0.0416667,0.0482921,0.1761551,0.9884488,0.3992933,0.0628415,0.3571429,10.718874489469398
8046.0,0.4601044,0.1275168,0.1763609,0.15907,0.8724832,0.0009943,0.7148206,0.0040562,0.0224649,0.0739671,0.1120125,0.9959438,0.2539728,0.0875252,0.3650794,10.335302435967074
122.0,0.5163934,0.0,0.2131148,0.0508475,0.8278689,0.0,0.6538462,0.0192308,0.0384615,0.3809524,0.0,1.0,0.3095238,0.1,0.9166667,9.69898173460629
177.0,0.4689266,0.0,0.2146893,0.0851064,0.8813559,0.0,0.7424242,0.0151515,0.030303,0.2235294,0.0,1.0,0.1882353,0.4,1.0,9.615805480084347
70.0,0.4714286,0.0,0.3142857,0.2702703,0.8571429,0.0,0.6875,0.0,0.0,0.1111111,0.0,1.0,0.2222222,0.0,0.0,9.615805480084347
3113.0,0.4667523,0.0558946,0.2261484,0.1915663,0.8249277,0.019274,0.6510377,0.0046118,0.0161414,0.2297217,0.0430438,0.9769408,0.3605684,0.1307902,0.7763158,9.615805480084347
130.0,0.5230769,0.0615385,0.1230769,0.1451613,0.9384615,0.0,0.8,0.0,0.0,0.2982456,0.025,1.0,0.3157895,0.4166667,0.0,9.841665338892785
1453.0,0.4975912,0.0020647,0.154852,0.090411,0.8623538,0.0006882,0.7236181,0.001675,0.0469012,0.3017544,0.0,0.998325,0.1988304,0.030303,0.5454545,11.322986972837104
903.0,0.4684385,0.0,0.089701,0.0875,0.9379845,0.0,0.8431373,0.003268,0.0228758,0.0919881,0.0,0.9640523,0.3293769,0.1904762,0.8571429,10.463131911491967
2056.0,0.4829767,0.2962062,0.1716926,0.1561618,0.8506809,0.0505837,0.7260083,0.0,0.0083449,0.1470937,0.2753825,0.9819193,0.4021352,0.1643192,0.875,9.75272280064639
1000.0,0.438,0.0,0.307,0.2081851,0.792,0.073,0.6823821,0.0,0.0173697,0.1004464,0.0,0.9950372,0.2120536,0.1136364,0.8571429,9.937937287265354
2408.0,0.486711,0.0427741,0.2774086,0.0938511,0.8210133,0.0759967,0.7859238,0.0,0.0273705,0.1278772,0.0185728,0.9921799,0.2088662,0.0265487,0.4468085,11.319352851746254
5053.0,0.4900059,0.0702553,0.0393825,0.0263873,0.5218682,0.1992876,0.5889213,0.0043732,0.2835277,0.0685675,0.0685131,0.9387755,0.4480652,0.1086093,0.6923077,11.761354623750297
1103.0,0.5077063,0.0,0.0951949,0.0497238,0.9274705,0.0,0.8244275,0.0025445,0.0254453,0.0731132,0.0,0.956743,0.2877358,0.1282051,0.3333333,10.691967639914864
9901.0,0.4602565,0.1105949,0.2925967,0.188997,0.8450662,0.002424,0.6770642,0.0011468,0.0162844,0.1105671,0.0965596,0.9958716,0.2809058,0.0597156,0.8433735,10.007892611890918
7218.0,0.4632862,0.0404544,0.22624,0.1677852,0.825852,0.0180105,0.6562092,0.0029412,0.0196078,0.1848695,0.0375817,0.9866013,0.3545551,0.0847804,0.7757576,9.65509029374725
16513.0,0.4842851,0.0342155,0.1592685,0.1169563,0.8859081,0.0143523,0.7663313,0.0027152,0.0239578,0.0479015,0.0321035,0.9469733,0.2597324,0.0903226,0.52,10.419330568113901
3396.0,0.4599529,0.0088339,0.2279152,0.1842966,0.8044759,0.032391,0.650594,0.0062893,0.0272537,0.0585526,0.0090846,0.9965059,0.2894737,0.0627803,0.5454545,10.357774570341576
363.0,0.5013774,0.0,0.2011019,0.121547,0.8898072,0.0,0.75,0.0,0.0357143,0.1715976,0.0,1.0,0.3786982,0.08,1.0,10.043292972227004
658.0,0.4574468,0.0106383,0.2553191,0.2072829,0.8237082,0.0,0.6428571,0.0032468,0.0162338,0.0722892,0.012987,1.0,0.2921687,0.027027,1.0,10.090008612393838
662.0,0.478852,0.0,0.0498489,0.0434783,0.9259819,0.0,0.8215962,0.0,0.0516432,0.0138889,0.0,0.9953052,0.1898148,0.0,0.0,10.791399385808587
2685.0,0.4595903,0.0111732,0.2599628,0.199173,0.790689,0.0361266,0.6286701,0.0051813,0.0215889,0.1485294,0.0112263,0.9853195,0.3161765,0.0668896,0.8518519,9.83633227734872
428.0,0.4906542,0.0,0.1285047,0.1055046,0.9065421,0.0,0.7560976,0.0,0.0,0.1086957,0.0,0.9939024,0.3315217,0.1538462,0.5,9.648659816955295
25312.0,0.4629425,0.3997314,0.1401312,0.1473444,0.8566688,0.0165534,0.7021036,0.002155,0.0264751,0.09877,0.3682914,0.9939456,0.3837973,0.1042048,0.5505618,10.370392636243981
21255.0,0.4540579,0.0289344,0.1314044,0.1183213,0.5987297,0.1463656,0.5369196,0.0050749,0.1211621,0.0384287,0.0258818,0.9885816,0.4451629,0.059392,0.3529412,11.10045084755119
11948.0,0.4728825,0.0759123,0.1205223,0.088282,0.6282223,0.1807834,0.5920928,0.0037879,0.1006155,0.0615419,0.0660511,0.9777462,0.4558987,0.0400891,0.3225806,11.568369632551514
8758.0,0.5063942,0.0115323,0.0670244,0.0541291,0.9424526,0.0061658,0.8456253,0.0059551,0.0357306,0.0357774,0.0132845,0.8928081,0.5035336,0.3176606,0.5,11.442513730229855
558.0,0.4946237,0.0035842,0.1756272,0.1524823,0.874552,0.0,0.7383178,0.0,0.0280374,0.0815451,0.0046729,0.9953271,0.2446352,0.1320755,1.0,10.05195066017375
573.0,0.4467714,0.0,0.2006981,0.1419558,0.8534031,0.0,0.677551,0.0,0.0204082,0.1778523,0.0,1.0,0.1275168,0.037037,1.0,9.99884318585288
5093.0,0.5057923,0.1682702,0.0920872,0.0854191,0.8042411,0.0,0.6187616,0.0073937,0.0656192,0.0599479,0.1829945,0.9773567,0.4609036,0.0667268,0.1818182,10.789339695269716
5113.0,0.4901232,0.0062586,0.1022883,0.0824703,0.8355173,0.036769,0.7112185,0.0032206,0.0461621,0.034715,0.0042941,0.9592056,0.3595855,0.0982801,0.5,10.691967639914864
161.0,0.447205,0.0,0.4223602,0.2921348,0.7826087,0.0,0.5930233,0.0,0.0,0.3857143,0.0,1.0,0.2642857,0.0,0.9230769,9.615805480084347
4764.0,0.4779597,0.0065071,0.1274139,0.097306,0.8486566,0.0079765,0.6914104,0.0005302,0.0455992,0.0695609,0.0042418,0.9925769,0.2516034,0.0274348,0.3285714,11.447864140528155
2256.0,0.4840426,0.0004433,0.1174645,0.0962199,0.9135638,0.0004433,0.7983683,0.0034965,0.0174825,0.0663765,0.0,1.0,0.2546246,0.0615385,0.5,10.370392636243981
8458.0,0.4842752,0.0179712,0.1360842,0.1127923,0.9214944,0.0280208,0.8585685,0.0003441,0.0044735,0.0287433,0.0099794,0.9989677,0.0544786,0.0979381,0.5833333,10.96476135554887
22694.0,0.5076672,0.0453424,0.1094562,0.0685581,0.7734203,0.008857,0.6064926,0.0071793,0.0937467,0.0567278,0.0463011,0.9724274,0.4466582,0.0577422,0.3030303,11.263194068746921
18458.0,0.5022213,0.2660635,0.0909091,0.0910971,0.6970961,0.0476758,0.5716039,0.0013639,0.141844,0.0570988,0.2317239,0.9903164,0.470036,0.0517489,0.3513514,10.668978650219241
561.0,0.4991087,0.0,0.1229947,0.0640569,0.9483066,0.0,0.8333333,0.0,0.0123457,0.0635838,0.0,1.0,0.1965318,0.2916667,1.0,10.859018228147887
2213.0,0.4568459,0.0049706,0.1622232,0.1489185,0.9091731,0.0,0.7699594,0.0054127,0.0324763,0.0172872,0.0040595,0.9945873,0.1449468,0.1956522,0.2,10.609081944147828
123.0,0.4471545,0.0731707,0.2520325,0.1470588,0.8780488,0.0,0.7115385,0.0,0.0,0.1612903,0.0576923,1.0,0.2419355,0.125,0.0,9.770013301136158
29883.0,0.4694642,0.00512,0.1798347,0.1223666,0.9409698,0.0012716,0.8598801,0.002462,0.0302933,0.023212,0.0058874,0.1938557,0.4585947,0.1903178,0.5581395,11.293537353157436
1611.0,0.3631285,0.0,0.9000621,0.4697856,0.5921788,0.0,0.4194991,0.0,0.0071556,0.099839,0.0,0.9964222,0.3977456,0.0,0.8831169,10.83370091325064
3105.0,0.4592593,0.0003221,0.2132045,0.1697439,0.8557166,0.0045089,0.6822875,0.0015886,0.0214456,0.0876812,0.0,0.9976172,0.2847826,0.0739796,1.0,10.177362240256695
3433.0,0.4876202,0.0136906,0.12642,0.0994883,0.8089135,0.0075736,0.6294707,0.0057225,0.0729614,0.0515604,0.0121602,0.9957082,0.3826323,0.0434783,0.5,11.233224789593368
221.0,0.5248869,0.0452489,0.2533937,0.152381,0.8461538,0.0,0.6956522,0.0108696,0.0434783,0.1636364,0.0434783,0.9891304,0.3090909,0.0,0.6666667,9.615805480084347
3304.0,0.4724576,0.0057506,0.0826271,0.0636833,0.8692494,0.0121065,0.7392344,0.0055821,0.0422648,0.0442073,0.0063796,0.992823,0.3643293,0.0684327,0.4166667,10.911463720944793
162.0,0.537037,0.0,0.1728395,0.16,0.9259259,0.0,0.7894737,0.0,0.0,0.1230769,0.0,1.0,0.0769231,0.2,1.0,10.16203685698089
127.0,0.511811,0.007874,0.2755906,0.1612903,0.8661417,0.0,0.6792453,0.0,0.0,0.2638889,0.0188679,1.0,0.2361111,0.2,0.0,9.615805480084347
688.0,0.4418605,0.2151163,0.2311047,0.1354167,0.8517442,0.0276163,0.7212544,0.0,0.010453,0.0528053,0.1707317,0.9965157,0.1716172,0.0860215,0.5,10.7706090484022
3259.0,0.4891071,0.0012274,0.1104633,0.0894895,0.9183799,0.0,0.7815534,0.0038835,0.0262136,0.0533088,0.0009709,0.7708738,0.3878676,0.2493151,0.0,11.151969943847991
1094.0,0.4680073,0.0,0.1581353,0.1254296,0.9031079,0.0,0.7623529,0.0023529,0.0117647,0.0659341,0.0,0.9929412,0.221978,0.1121495,0.4285714,10.2328272702548
4374.0,0.4522176,0.0,0.2224508,0.1769616,0.8269319,0.0402378,0.6912599,0.0028377,0.0181612,0.0506466,0.0,0.9971623,0.3200431,0.0685155,0.44,10.382853468483827
103.0,0.4563107,0.0194175,0.1456311,0.1607143,0.8543689,0.0,0.6904762,0.0,0.047619,0.0869565,0.0238095,1.0,0.2826087,0.0,0.0,9.723223876851618
564.0,0.4698582,0.0,0.2358156,0.1705686,0.8333333,0.0,0.6388889,0.0,0.0119048,0.2025316,0.0,0.9920635,0.2943038,0.0862069,0.75,9.952325334619427
6986.0,0.4408818,0.4142571,0.2174349,0.18766,0.8415402,0.0234755,0.6751546,0.0018188,0.0160058,0.0784445,0.3604947,0.9970899,0.3013745,0.1183036,0.6734694,10.188704088048116
1490.0,0.4805369,0.0033557,0.1013423,0.0788114,0.8798658,0.0,0.7351852,0.0092593,0.0444444,0.047619,0.0037037,0.9333333,0.4215168,0.1298701,0.25,10.96648993456911
1606.0,0.4993773,0.0,0.0890411,0.0771144,0.9346202,0.0242839,0.859375,0.0022321,0.0066964,0.1719039,0.0,0.9933036,0.2661738,0.1785714,0.7272727,10.599156550639583
13531.0,0.4664105,0.0182544,0.1758185,0.1404432,0.7462863,0.0105683,0.5484702,0.0037037,0.0668277,0.0688259,0.0164251,0.989694,0.4192533,0.044507,0.4651163,11.026808713825016
1285.0,0.5587549,0.0023346,0.0202335,0.015873,0.5385214,0.0140078,0.4109347,0.0035273,0.2804233,0.8290109,0.0035273,0.968254,0.7451749,0.0527778,0.0,11.876185678347824
1003.0,0.5084746,0.0,0.1256231,0.0588235,0.9322034,0.0,0.8252149,0.0057307,0.017192,0.033241,0.0,0.974212,0.1745152,0.1190476,0.0,10.929547069355774
199.0,0.4773869,0.0,0.1959799,0.1634615,0.839196,0.0,0.6463415,0.0,0.0365854,0.0989011,0.0,1.0,0.1208791,0.0833333,1.0,9.674137279312397
3791.0,0.4521235,0.0213664,0.2010024,0.1670679,0.838565,0.027961,0.6996222,0.0037783,0.0151134,0.0620201,0.0207809,0.9981108,0.3012404,0.0534846,0.4736842,10.431199791458543
197.0,0.5279188,0.177665,0.1522843,0.1397849,0.8883249,0.0,0.7432432,0.0,0.0405405,0.1084337,0.1891892,1.0,0.1927711,0.25,1.0,10.203629181337648
255.0,0.5411765,0.0117647,0.0784314,0.0854701,0.7921569,0.0,0.5940594,0.0,0.0990099,0.1061947,0.0,0.9009901,0.2389381,0.0909091,1.0,10.859018228147887
992.0,0.4758065,0.0,0.1270161,0.1442308,0.8719758,0.0272177,0.7527778,0.0027778,0.025,0.093199,0.0,0.9944444,0.3904282,0.09,0.5,10.110542371500753
334.0,0.4670659,0.0,0.245509,0.2359551,0.8143713,0.0,0.5918367,0.0,0.0136054,0.1694915,0.0,0.9795918,0.2259887,0.0952381,0.8947368,9.615805480084347
2460.0,0.4800813,0.0081301,0.1808943,0.1352619,0.8247967,0.0552846,0.7165354,0.0022497,0.0416198,0.0252193,0.0056243,0.9943757,0.308114,0.0434783,0.0,11.325402403776808
107.0,0.4672897,0.0093458,0.1495327,0.0877193,0.8224299,0.0,0.6744186,0.0465116,0.0930233,0.0851064,0.0232558,1.0,0.1276596,0.0666667,0.0,10.727684925086583
4200.0,0.4854762,0.0007143,0.1342857,0.0758908,0.9111905,0.0035714,0.8204956,0.0046885,0.0428667,0.0453964,0.0,0.9397187,0.1508951,0.101626,0.3043478,12.521616693076714
208.0,0.5,0.0,0.2403846,0.1634615,0.8365385,0.0,0.6292135,0.0,0.011236,0.2327586,0.0,1.0,0.2844828,0.0526316,1.0,9.615805480084347
1587.0,0.436673,0.2224323,0.2136106,0.1812081,0.6666667,0.0812854,0.5434174,0.0056022,0.0854342,0.0751295,0.2128852,0.9901961,0.6450777,0.0244989,0.0,10.322230781590136
1427.0,0.5024527,0.0042046,0.1352488,0.115493,0.8997898,0.0,0.7625232,0.0074212,0.0185529,0.0493827,0.0037106,0.9981447,0.2821869,0.0857143,0.375,10.090008612393838
874.0,0.4805492,0.0,0.124714,0.1013216,0.9038902,0.0,0.7667732,0.0031949,0.028754,0.021875,0.0,1.0,0.18125,0.0454545,0.0,10.691967639914864
219.0,0.5205479,0.0,0.2694064,0.152381,0.826484,0.0,0.6428571,0.0,0.0306122,0.2461538,0.0,1.0,0.2307692,0.0588235,0.75,9.62251624577579
5312.0,0.4548193,0.0434864,0.2110316,0.1605663,0.7082078,0.0263554,0.5511437,0.0056107,0.0966767,0.0913725,0.0388433,0.9840311,0.4164706,0.0590015,0.6904762,11.331415578682627
18820.0,0.4873539,0.0519129,0.1289586,0.0919362,0.8331562,0.0089267,0.6748399,0.0028606,0.05912,0.0569116,0.0532625,0.918131,0.3802672,0.0723967,0.6441718,11.87340018062404
161.0,0.4720497,0.0,0.1552795,0.1294118,0.8695652,0.0,0.7462687,0.0149254,0.0149254,0.1298701,0.0,1.0,0.2077922,0.1,1.0,10.243560441877241
468.0,0.4700855,0.0021368,0.1517094,0.1330645,0.9017094,0.0,0.7597765,0.0,0.0167598,0.0271739,0.0055866,1.0,0.1358696,0.030303,1.0,10.515993929932415
10930.0,0.473925,0.0077768,0.1957914,0.1189565,0.9022873,0.0023788,0.7792553,0.0007253,0.0265957,0.0336449,0.0062863,0.993472,0.1623832,0.0391608,0.4444444,11.80932691294063
2880.0,0.4795139,0.0020833,0.1142361,0.0740494,0.9086806,0.0034722,0.7841239,0.0019361,0.0261375,0.0133715,0.0029042,1.0,0.1757402,0.0757576,1.0,11.21318430646977
217.0,0.516129,0.0046083,0.0322581,0.0285714,0.8248848,0.0,0.6703297,0.010989,0.0769231,0.0714286,0.0,1.0,0.3877551,0.0,0.0,10.883710371704016
1099.0,0.5122839,0.0063694,0.0391265,0.0279851,0.7515924,0.0,0.5788337,0.0086393,0.12527,0.208547,0.0,0.9827214,0.425641,0.0456853,0.5555556,11.041336579870135
144.0,0.4513889,0.0,0.2986111,0.2531646,0.7777778,0.0,0.5151515,0.0,0.0,0.2903226,0.0,1.0,0.2365591,0.1428571,0.5,9.615805480084347
3657.0,0.4867378,0.0030079,0.1758272,0.0868407,0.7774132,0.0046486,0.6417729,0.0018215,0.1044323,0.3571429,0.0024287,0.9751063,0.5156128,0.0153453,0.1428571,11.25416768929685
9984.0,0.4912861,0.1887019,0.1251002,0.1157708,0.5896434,0.0544872,0.4633591,0.0020482,0.1975421,0.0580922,0.1547565,0.9943104,0.4928189,0.0291489,0.4705882,10.727684925086583
1092.0,0.5091575,0.0,0.0302198,0.0317164,0.8269231,0.0,0.6880734,0.0,0.1077982,0.1156187,0.0,0.9977064,0.4178499,0.032,0.0909091,11.385103457032141
1492.0,0.4966488,0.0087131,0.0757373,0.0505992,0.8934316,0.0067024,0.7895717,0.0148976,0.0372439,0.044484,0.0074488,0.9702048,0.2010676,0.092437,1.0,10.36410350510914
869.0,0.4959724,0.0,0.1668585,0.1347032,0.8515535,0.0,0.6524217,0.002849,0.017094,0.2040816,0.0,0.982906,0.399093,0.0660377,0.9285714,9.674137279312397
361.0,0.4847645,0.0304709,0.0831025,0.0537634,0.9141274,0.0,0.8,0.0076923,0.0153846,0.037037,0.0461538,1.0,0.0962963,0.1304348,0.5,10.61890979160975
1014.0,0.4901381,0.0,0.1962525,0.1528046,0.8865878,0.0,0.7260982,0.005168,0.0129199,0.046798,0.0,1.0,0.1674877,0.08,1.0,10.150386692204734
411.0,0.4549878,0.0,0.1946472,0.1517857,0.8880779,0.0,0.7300613,0.0,0.0122699,0.1236559,0.0,1.0,0.2795699,0.1515152,1.0,9.615805480084347
171.0,0.4678363,0.005848,0.1520468,0.1428571,0.8128655,0.0,0.6164384,0.0,0.0547945,0.1097561,0.0,0.9863014,0.3780488,0.0,0.0,10.401258331428318
1301.0,0.4742506,0.0007686,0.1083782,0.1008772,0.9093005,0.0,0.7929607,0.0020704,0.0186335,0.0921053,0.0,0.9875776,0.3421053,0.0846154,0.0,10.2328272702548
317.0,0.488959,0.0,0.0630915,0.0493827,0.9432177,0.0,0.7922078,0.0,0.025974,0.3474576,0.0,0.974026,0.7711864,0.3,0.0,9.615805480084347
925.0,0.4681081,0.0,0.1556757,0.1158537,0.8691892,0.0,0.6989247,0.0,0.0215054,0.0926829,0.0,0.9865591,0.3780488,0.0674157,0.6666667,10.090008612393838
5993.0,0.4760554,0.0185216,0.1690305,0.1550955,0.8573336,0.0043384,0.6892116,0.0053942,0.0240664,0.0780413,0.0145228,0.9966805,0.4188982,0.07287,0.525,10.32551474894327
2547.0,0.4919513,0.0506478,0.1330978,0.1136012,0.8617982,0.0,0.6966667,0.0055556,0.06,0.0415335,0.0488889,0.9433333,0.2097977,0.138756,0.6842105,10.668978650219241
380.0,0.4657895,0.0026316,0.1105263,0.0935961,0.9052632,0.0,0.7923077,0.0153846,0.0307692,0.0076336,0.0076923,0.9923077,0.1526718,0.2,0.0,10.389026137075234
529.0,0.510397,0.0,0.0756144,0.0617761,0.9073724,0.0,0.7758621,0.0172414,0.0402299,0.027933,0.0,0.9942529,0.2458101,0.1052632,0.0,10.499600568082863
4815.0,0.4816199,0.9632399,0.0483904,0.0653045,0.9499481,0.0,0.8578571,0.0028571,0.0221429,0.052774,0.96,0.9921429,0.1705007,0.247191,0.8461538,11.229248693912288
9926.0,0.4970784,0.1803345,0.0384848,0.0442708,0.9430788,0.0030224,0.8689218,0.0098661,0.034179,0.0533689,0.1694856,0.9238901,0.1010674,0.2368866,0.3043478,10.675931008412125
2056.0,0.442607,0.3492218,0.2062257,0.1684119,0.8599222,0.0068093,0.6962617,0.0,0.0151869,0.0765912,0.3165888,0.9976636,0.2254585,0.0848214,1.0,10.264687244346277
24945.0,0.4998998,0.1113249,0.0192022,0.0222846,0.9496492,0.0,0.8779643,0.0054623,0.0350386,0.065837,0.1065814,0.8722355,0.1285625,0.1968085,0.3843648,10.920546270529568
4636.0,0.5375324,0.0099223,0.0720449,0.0615672,0.5187662,0.210742,0.4929405,0.004911,0.1853898,0.1208851,0.0073665,0.9558011,0.5272531,0.0405827,0.4444444,10.862856930775358
3302.0,0.4727438,0.0003028,0.2216838,0.151637,0.8134464,0.0269534,0.6566524,0.0042918,0.0286123,0.1407498,0.0007153,0.9928469,0.3915181,0.0779221,0.6333333,10.584081267024454
261.0,0.4291188,0.0,0.2030651,0.1342282,0.8505747,0.0,0.6728972,0.0093458,0.0280374,0.1229508,0.0,1.0,0.2213115,0.2631579,0.8333333,9.615805480084347
245.0,0.4653061,0.0,0.2040816,0.1450382,0.8897959,0.0,0.7524752,0.0,0.019802,0.1440678,0.0,1.0,0.4322034,0.1304348,0.0,9.6678285081515
1425.0,0.4715789,0.0021053,0.1747368,0.1646746,0.8421053,0.0077193,0.6725979,0.0017794,0.0533808,0.1065183,0.0035587,0.9982206,0.2655008,0.1111111,0.8333333,10.295563423525277
807.0,0.4572491,0.0,0.1672862,0.1278539,0.8835192,0.0,0.7087379,0.0032362,0.0097087,0.1392758,0.0,0.8802589,0.3871866,0.1696429,1.0,9.615805480084347
4510.0,0.5006652,0.1558758,0.1002217,0.0901421,0.8957871,0.0113082,0.7873961,0.0048476,0.0484765,0.0341137,0.1163435,0.9529086,0.2334448,0.1232493,0.5,11.824819546736247
410.0,0.4512195,0.004878,0.1463415,0.1333333,0.8878049,0.0,0.7573964,0.0118343,0.0118343,0.0864865,0.0,0.9822485,0.1945946,0.0961538,0.6666667,11.05881093278828
376.0,0.5106383,0.0239362,0.0957447,0.0597826,0.912234,0.0,0.8195489,0.0075188,0.0300752,0.1582278,0.0225564,0.9323308,0.2911392,0.1282051,0.0,9.615805480084347
1108.0,0.4855596,0.0,0.0595668,0.0614035,0.9638989,0.0,0.8532819,0.0,0.007722,0.1452145,0.0,0.988417,0.5379538,0.3111111,0.0,9.615805480084347
6996.0,0.4894225,0.0218696,0.1096341,0.0475924,0.85992,0.0,0.7251253,0.0053686,0.0640659,0.109624,0.0168218,0.9792412,0.2861695,0.065371,0.1388889,11.32781201446548
829.0,0.4885404,0.0217129,0.119421,0.0636792,0.946924,0.0,0.8721805,0.0,0.0338346,0.0533808,0.0150376,0.8984962,0.0818505,0.28,1.0,12.96524396190553
404.0,0.460396,0.0024752,0.269802,0.1376147,0.8564356,0.0,0.6744186,0.0,0.0116279,0.0947368,0.005814,1.0,0.2368421,0.1315789,0.625,9.615805480084347
513.0,0.5048733,0.0838207,0.2202729,0.1574803,0.8615984,0.0,0.6682927,0.0,0.0097561,0.1992188,0.0682927,0.8341463,0.3554688,0.0909091,1.0,9.615805480084347
3093.0,0.4985451,0.0048497,0.0526996,0.0361057,0.9699321,0.0,0.9125,0.0,0.009375,0.0133607,0.0041667,0.99375,0.0349435,0.2413793,0.1666667,11.065090289695444
1207.0,0.4772162,0.0207125,0.2212096,0.1806656,0.8202154,0.0323115,0.6673387,0.0060484,0.016129,0.1621622,0.0181452,0.9939516,0.3902027,0.0326797,0.9285714,9.615805480084347
614.0,0.4885993,0.0,0.1742671,0.1656051,0.8566775,0.0114007,0.6877637,0.0042194,0.0253165,0.0884615,0.0,0.9957806,0.2769231,0.1590909,0.875,9.674137279312397
145.0,0.4896552,0.0344828,0.1931034,0.2027027,0.862069,0.0,0.7017544,0.0175439,0.0350877,0.0338983,0.0175439,1.0,0.3728814,0.2,0.0,9.615805480084347
439.0,0.4851936,0.0,0.1116173,0.0707965,0.8929385,0.0,0.7559524,0.0,0.0357143,0.04,0.0,0.9761905,0.3028571,0.1142857,0.0,10.33854382482173
14054.0,0.5038423,0.0012096,0.0379251,0.0299728,0.9800768,0.0,0.9458902,0.001546,0.0128833,0.0179656,0.0018037,0.9858284,0.0159413,0.125,0.4871795,11.816734299348461
37.0,0.3243243,0.0540541,0.027027,0.04,0.5405405,0.0,0.375,0.0,0.0833333,0.2941176,0.0416667,1.0,0.5588235,0.0,0.6666667,10.768506042432708
1066.0,0.4812383,0.1669794,0.1716698,0.1374322,0.9033771,0.0,0.7654028,0.0,0.0094787,0.0663717,0.1279621,0.9976303,0.2146018,0.0666667,0.625,10.261196961231647
409.0,0.4914425,0.4278729,0.2176039,0.1634615,0.9168704,0.0,0.7870968,0.0,0.0064516,0.1040462,0.3741935,1.0,0.2312139,0.1190476,0.8333333,10.30229722897745
1379.0,0.4633793,0.2741117,0.1551849,0.1310811,0.8905004,0.0,0.7319392,0.0057034,0.0114068,0.0453721,0.2414449,0.9980989,0.3339383,0.1294118,1.0,10.184937747111391
1116.0,0.4408602,0.4856631,0.1523297,0.1105769,0.859319,0.0224014,0.7248157,0.009828,0.029484,0.0770975,0.4127764,1.0,0.3219955,0.125,1.0,10.55843949396453
1355.0,0.4797048,0.0059041,0.2184502,0.1390071,0.898893,0.0,0.7595628,0.0018215,0.007286,0.0334507,0.0091075,1.0,0.1584507,0.1066667,0.1666667,10.687411927154141
3320.0,0.4457831,0.0231928,0.2509036,0.2195652,0.7879518,0.0481928,0.6409186,0.0020877,0.0146138,0.0758842,0.0229645,0.9979123,0.3672026,0.0352113,0.6666667,9.893487720457795
393.0,0.475827,0.0025445,0.129771,0.0873786,0.9414758,0.0,0.8450704,0.0,0.0070423,0.0955414,0.0,1.0,0.1910828,0.1052632,0.0,10.2328272702548
518.0,0.4787645,0.0,0.1872587,0.137037,0.8861004,0.0,0.7326733,0.0049505,0.019802,0.0691244,0.0,1.0,0.2995392,0.09375,0.0,9.615805480084347
1188.0,0.4654882,0.0,0.1750842,0.1511811,0.8417508,0.0,0.6492693,0.0104384,0.0229645,0.0858779,0.0,0.9958246,0.4026718,0.1264368,0.8,10.264687244346277
19619.0,0.4846322,0.1005148,0.0771191,0.0565721,0.9098833,0.0040267,0.801957,0.001516,0.0301819,0.0585182,0.089581,0.993247,0.2216167,0.0793257,0.3939394,11.03973275601109
5116.0,0.4759578,0.0060594,0.1708366,0.1462141,0.8242768,0.0506255,0.7143629,0.0059395,0.0458963,0.0414079,0.0064795,0.9962203,0.2080745,0.0665281,0.6,10.510559281627845
2238.0,0.5478105,0.0031278,0.0790885,0.0513834,0.7631814,0.0071492,0.652459,0.0065574,0.1519126,0.5752089,0.0010929,0.9639344,0.5171773,0.0634441,0.4545455,11.798863517502989
83.0,0.5060241,0.0,0.2168675,0.2439024,0.8313253,0.0,0.65,0.0,0.0,0.1111111,0.0,1.0,0.1555556,0.0,0.0,9.615805480084347
1778.0,0.496063,0.0371204,0.1029246,0.1071429,0.8689539,0.0433071,0.7729393,0.0031104,0.0124417,0.0866477,0.0419907,0.9937792,0.3338068,0.0645161,0.3636364,10.36410350510914
2600.0,0.5253846,0.1238462,0.0030769,0.0040519,0.9096154,0.0876923,0.9900285,0.0,0.0,0.0028409,0.1196581,0.9415954,0.3252841,0.1346705,0.0,10.389026137075234
19050.0,0.4965879,0.0116535,0.0967454,0.0705944,0.8529659,0.0102887,0.6976287,0.0084187,0.0444787,0.1153178,0.0102427,0.9358776,0.3821996,0.0762966,0.6335878,10.925956465688445
149.0,0.4966443,0.0,0.1073826,0.0266667,0.9328859,0.0,0.8431373,0.0,0.0392157,0.1355932,0.0,0.9607843,0.3220339,0.15,0.0,10.521399202410167
625.0,0.5008,0.0,0.1808,0.1410256,0.8416,0.0,0.652,0.004,0.04,0.0740741,0.0,0.996,0.3888889,0.0958904,0.75,10.056251557087757
13218.0,0.5076411,0.0121804,0.0581782,0.0370313,0.917688,0.0,0.8271277,0.0070922,0.0494238,0.0169935,0.0108599,0.9882535,0.1063181,0.111349,0.1,11.434974734252892
1053.0,0.4852802,0.2545109,0.1282051,0.0738007,0.9335233,0.0,0.8338192,0.0029155,0.0204082,0.0418994,0.1924198,0.9446064,0.1731844,0.1886792,1.0,10.9525769086256
605.0,0.4760331,0.0,0.2033058,0.1766562,0.8644628,0.0,0.7016129,0.0040323,0.0282258,0.0882353,0.0,0.9959677,0.2720588,0.2037037,1.0,10.328787967145063
341.0,0.516129,0.0,0.1642229,0.1333333,0.8416422,0.0,0.673913,0.0072464,0.0507246,0.183432,0.0,1.0,0.4911243,0.1428571,0.5,9.615805480084347
889.0,0.4870641,0.0056243,0.3172103,0.0877193,0.8728909,0.0,0.7572816,0.0024272,0.0291262,0.1004367,0.0048544,0.9830097,0.1615721,0.0619469,0.2,11.357452244304588
53223.0,0.4826485,0.0061064,0.1539748,0.1156346,0.856547,0.0211938,0.7233117,0.0014507,0.0403202,0.025306,0.0036518,0.9591796,0.2482325,0.0655941,0.4105263,11.558863947911393
2987.0,0.4911282,0.066622,0.0672916,0.0572368,0.9424171,0.0,0.8577036,0.0039254,0.0225711,0.087735,0.0529931,0.9852797,0.1835273,0.245614,0.245283,10.945547126244623
632.0,0.4636076,0.0,0.1914557,0.1327434,0.903481,0.0,0.7765152,0.0,0.0075758,0.0638298,0.0,1.0,0.251773,0.0535714,0.6666667,10.328787967145063
9343.0,0.491598,0.0124157,0.1062828,0.0995789,0.9069892,0.0119876,0.7813571,0.0041124,0.0311857,0.0668372,0.0116518,0.6079507,0.4569875,0.2264334,0.6410256,10.146472946063877
8597.0,0.441782,0.0063976,0.1990229,0.1685768,0.7150169,0.1216704,0.6134731,0.0035928,0.0275449,0.1074292,0.0008982,0.992515,0.3800107,0.0770992,0.6111111,9.90353755128617
793.0,0.4854981,0.0479193,0.2370744,0.1397059,0.8436318,0.0,0.6878788,0.0151515,0.0363636,0.1338583,0.0666667,0.9939394,0.3805774,0.097561,0.8333333,9.989711119284745
3611.0,0.5128773,0.0008308,0.1354196,0.0659466,0.9374135,0.0105234,0.8585859,0.006734,0.0415264,0.0176406,0.0011223,0.9113356,0.4476295,0.3111111,0.0,11.52387529615648
19381.0,0.4739178,0.3328002,0.1467933,0.1150451,0.8711625,0.0122285,0.7263742,0.0021663,0.024912,0.1343179,0.3005686,0.9817222,0.3457571,0.111726,0.5314685,10.25769445336048
809.0,0.4820766,0.0,0.092707,0.0668258,0.894932,0.0,0.7594502,0.0068729,0.0446735,0.0332226,0.0,0.9965636,0.2524917,0.1046512,1.0,10.250652418696085
799.0,0.485607,0.0,0.1989987,0.1265207,0.8760951,0.0,0.6930693,0.0,0.019802,0.053125,0.0,1.0,0.23125,0.0526316,0.0,10.328787967145063
391.0,0.5063939,0.0076726,0.1764706,0.1088083,0.9232737,0.0,0.8137931,0.0,0.0206897,0.0268456,0.0068966,1.0,0.0939597,0.1333333,0.0,10.611547975828369
3962.0,0.5088339,0.0095911,0.0719334,0.0462487,0.8904594,0.002524,0.7524072,0.0034388,0.0371389,0.0703325,0.0116919,0.9821183,0.2921995,0.0909091,0.4545455,10.879951039444416
2574.0,0.4739705,0.000777,0.2078477,0.161743,0.8286713,0.027195,0.679962,0.0047483,0.0246914,0.1432059,0.0,0.968661,0.3124491,0.0821918,0.85,10.154285180632154
376.0,0.4734043,0.0,0.2659574,0.1363636,0.875,0.0,0.7388535,0.0127389,0.0254777,0.0977011,0.0,1.0,0.1954023,0.2142857,0.5,9.615805480084347
84474.0,0.4814144,0.0480266,0.1307503,0.1012624,0.8125932,0.0588583,0.6977594,0.0029679,0.0414207,0.1143303,0.0463455,0.7843841,0.4180075,0.1026707,0.494382,10.404293143019792
477.0,0.4716981,0.0104822,0.2033543,0.1111111,0.7903564,0.0,0.5972851,0.0,0.0497738,0.0515021,0.0045249,1.0,0.2746781,0.0526316,0.0,11.43281025466844
5106.0,0.4747356,0.0009792,0.1449275,0.1174497,0.8227575,0.0188014,0.6572295,0.0060667,0.049545,0.0232099,0.0005056,0.9974722,0.3392593,0.037518,0.6666667,10.839600519357369
16202.0,0.4800642,0.1226392,0.0789409,0.0795347,0.8128626,0.020553,0.6696626,0.0037843,0.0785241,0.0932228,0.1080101,0.9831284,0.3042608,0.0797611,0.4031008,11.769124610238766
4004.0,0.4682817,0.9752747,0.0492008,0.0319399,0.281968,0.6228771,0.5758092,0.0034072,0.1720613,0.1590258,0.9591141,0.9829642,0.3782235,0.0816327,1.0,10.485731104959568
283.0,0.4946996,0.5265018,0.0742049,0.0979021,0.9293286,0.0,0.7701149,0.0,0.0,0.0333333,0.5057471,0.9655172,0.2111111,0.0769231,0.0,10.524090921620362
1120.0,0.4732143,0.0008929,0.1008929,0.1101695,0.85,0.0,0.6826484,0.0091324,0.0502283,0.0394737,0.0,0.9908676,0.2916667,0.0526316,1.0,10.614007941153417
78.0,0.474359,0.0,0.3076923,0.195122,0.8846154,0.0,0.7333333,0.0,0.0333333,0.3478261,0.0,1.0,0.5,0.0,1.0,9.615805480084347
264.0,0.4886364,0.0037879,0.2348485,0.2,0.8333333,0.0,0.6238532,0.0,0.0275229,0.0916667,0.0,0.9724771,0.3583333,0.0512821,1.0,9.893487720457795
17767.0,0.5080205,0.0096246,0.1099792,0.1027342,0.8303034,0.0162098,0.6686553,0.0026006,0.0711335,0.0421978,0.0105553,0.8837387,0.4380952,0.0701081,0.3939394,11.363276304750233
492.0,0.4796748,0.0,0.402439,0.25,0.7560976,0.0528455,0.5948276,0.0,0.0,0.1310861,0.0,1.0,0.3333333,0.0212766,0.8181818,9.615805480084347
489.0,0.4683027,0.1881391,0.1431493,0.0923077,0.8977505,0.0,0.7567568,0.0054054,0.0108108,0.1435185,0.1783784,0.9243243,0.3564815,0.1489362,0.6666667,10.407318772389159
1350.0,0.5022222,0.0022222,0.0644444,0.047619,0.917037,0.0,0.8140097,0.0120773,0.0458937,0.1096774,0.0024155,1.0,0.2752688,0.14,0.6,10.77270764101727
362.0,0.4723757,0.0,0.2403315,0.2146597,0.8259669,0.0,0.6125,0.0,0.00625,0.0960452,0.0,1.0,0.2146893,0.047619,1.0,9.615805480084347
332.0,0.4457831,0.0,0.3644578,0.173913,0.8373494,0.0090361,0.6644295,0.0,0.0067114,0.0628931,0.0,0.9932886,0.1823899,0.1818182,1.0,9.615805480084347
156.0,0.6217949,0.0,0.0,0.0,0.7435897,0.25,0.9705882,0.0,0.0,0.1052632,0.0,1.0,0.4210526,0.2121212,0.0,0.0
9874.0,0.4964553,0.0009115,0.0578286,0.0428399,0.899129,0.0,0.7795574,0.0055329,0.0576587,0.0230441,0.0008736,0.9967967,0.2623044,0.0597303,0.3529412,10.91328684226798
2178.0,0.4775023,0.0018365,0.2447199,0.1528998,0.8126722,0.0183655,0.6666667,0.0043011,0.0526882,0.1040462,0.0,0.9354839,0.4373796,0.0918728,0.047619,11.310821520675269
770.0,0.4935065,0.0012987,0.1181818,0.0948718,0.9103896,0.0,0.7822878,0.0073801,0.0258303,0.0750853,0.00369,1.0,0.221843,0.1403509,1.0,10.150386692204734
1552.0,0.4510309,0.4213918,0.2197165,0.2053991,0.8389175,0.0090206,0.6522436,0.0016026,0.025641,0.0755556,0.4086538,0.9951923,0.3274074,0.1072797,0.75,10.025749432069084
1178.0,0.4685908,0.1893039,0.089983,0.0750799,0.9227504,0.0,0.8094118,0.0023529,0.0211765,0.0534521,0.1623529,0.9976471,0.3296214,0.0449438,0.0,10.5815464756746
177.0,0.4745763,0.0,0.220339,0.1397849,0.9152542,0.0,0.8194444,0.0,0.0277778,0.027027,0.0,1.0,0.0,0.0,0.0,12.531415320564594
28658.0,0.4698165,0.1950241,0.1537093,0.1176122,0.7884709,0.0154233,0.6065489,0.0032051,0.0725052,0.153169,0.1605163,0.9055787,0.4970657,0.0816548,0.8247664,11.652696102959753
243.0,0.5226337,0.0,0.0699588,0.0172414,0.9465021,0.0,0.8734177,0.0126582,0.0126582,0.0365854,0.0,0.9873418,0.3780488,0.3571429,0.0,10.515993929932415
13874.0,0.4666282,0.0321465,0.1318293,0.087973,0.5816635,0.1993657,0.5204309,0.0014859,0.0726226,0.0717241,0.0104012,0.9881129,0.2765517,0.018546,0.3571429,12.158462035413251
6742.0,0.5562148,0.1229605,0.0083061,0.0033422,0.8613171,0.1220706,0.9413093,0.0,0.0045147,0.0473118,0.1269752,0.8544018,0.1887097,0.1649602,0.0,10.868587496017359
351.0,0.4757835,0.0,0.1139601,0.1032609,0.9401709,0.0,0.8319328,0.0,0.0084034,0.0165289,0.0,1.0,0.0661157,0.0555556,0.0,10.419330568113901
34185.0,0.4712008,0.182624,0.168495,0.120042,0.7722393,0.1024133,0.7118658,0.0018179,0.0450339,0.0332321,0.1556767,0.9836391,0.2332641,0.0435787,0.2666667,11.567423119906431
5881.0,0.487162,0.0017004,0.1375616,0.1094164,0.8855637,0.0319674,0.7940183,0.0019296,0.0250844,0.0304022,0.0009648,0.9985528,0.150608,0.0666667,0.5833333,11.348062614163295
663.0,0.4660633,0.0,0.3227753,0.1977401,0.7903469,0.0,0.5931677,0.0031056,0.0217391,0.1178082,0.0,0.9968944,0.3424658,0.0275229,0.6666667,9.615805480084347
1312.0,0.4794207,0.0022866,0.2324695,0.1859444,0.8056402,0.0632622,0.6795367,0.0019305,0.007722,0.2091603,0.0,0.984556,0.3328244,0.1129032,0.7222222,9.615805480084347
192.0,0.4947917,0.0,0.1927083,0.1134021,0.9322917,0.0,0.8309859,0.0,0.0140845,0.0533333,0.0,1.0,0.1333333,0.2,0.0,10.199918739620157
4095.0,0.4725275,0.0236874,0.1526252,0.1328704,0.8356532,0.008547,0.6567636,0.0018963,0.0461441,0.044686,0.0202276,0.9816688,0.2699275,0.0543478,0.5238095,11.37826200322577
1357.0,0.5011054,0.0007369,0.0965365,0.0782866,0.9277819,0.0,0.8240166,0.0,0.0248447,0.0510806,0.0,0.9979296,0.2573674,0.1625,0.5,10.664316745782925
957.0,0.4503657,0.0010449,0.2685475,0.2091255,0.7962382,0.061651,0.6737968,0.0026738,0.0240642,0.0531646,0.0,0.9973262,0.2506329,0.0229885,1.0,10.196194479235656
101.0,0.5049505,0.0,0.2871287,0.12,0.9009901,0.0,0.75,0.0,0.0,0.3220339,0.0,1.0,0.2372881,0.2,1.0,10.687411927154141
519.0,0.460501,0.0019268,0.194605,0.1714286,0.8535645,0.0,0.6713615,0.0046948,0.0187793,0.1087866,0.0,0.9906103,0.3891213,0.1764706,0.75,9.735128070758227
309.0,0.4886731,0.0097087,0.2265372,0.1835443,0.8770227,0.0,0.734375,0.0,0.03125,0.1048951,0.0078125,1.0,0.2657343,0.08,1.0,10.110542371500753
209.0,0.4976077,0.0,0.1052632,0.152381,0.7751196,0.0,0.5684211,0.0105263,0.0526316,0.2276423,0.0,1.0,0.5691057,0.0,0.0,9.781376414141157
379.0,0.4960422,0.0,0.0976253,0.0942408,0.883905,0.0,0.7304965,0.0,0.0425532,0.0536913,0.0,1.0,0.2281879,0.2972973,0.3333333,10.184937747111391
8349.0,0.493592,0.0065876,0.0584501,0.0432829,0.9201102,0.0,0.8097237,0.0010493,0.0402239,0.03019,0.004547,0.9818118,0.1594301,0.0697674,0.0571429,11.339773736496767
1811.0,0.4903368,0.0,0.2849255,0.1451788,0.819989,0.0016565,0.6611177,0.0023781,0.0404281,0.2284404,0.0,0.9774078,0.6311927,0.0952381,0.55,10.83370091325064
208.0,0.5096154,0.0,0.0384615,0.0196078,0.9519231,0.0,0.8039216,0.0,0.0,0.1774194,0.0,1.0,0.6451613,0.2727273,1.0,9.69898173460629
27812.0,0.5081979,0.2103768,0.0878398,0.0740605,0.6567309,0.0135553,0.4843886,0.0041103,0.1654415,0.1188884,0.2006166,0.9449055,0.4508985,0.0582118,0.2176471,11.275949181024878
327.0,0.4831804,0.0,0.2079511,0.0946746,0.8807339,0.0,0.7692308,0.0,0.0461538,0.0225564,0.0,0.9461538,0.0827068,0.0769231,0.0,11.37940550085183
595.0,0.4689076,0.0,0.1596639,0.1455696,0.9193277,0.0016807,0.7832512,0.0049261,0.0098522,0.2509225,0.0,0.6551724,0.5202952,0.1190476,0.3333333,9.615805480084347
680.0,0.4661765,0.0088235,0.1867647,0.1212121,0.7985294,0.0338235,0.6865079,0.0039683,0.0873016,0.0769231,0.0079365,0.9801587,0.2490842,0.0897436,1.0,10.537441898283253
626.0,0.4776358,0.0031949,0.0734824,0.0642202,0.8067093,0.0,0.6545455,0.0181818,0.0727273,0.0418118,0.0036364,0.9927273,0.6062718,0.05,0.0,10.915106645867503
9504.0,0.4741162,0.0016835,0.1261574,0.0962385,0.886048,0.011048,0.7616876,0.0011403,0.031927,0.0415301,0.0017104,0.990878,0.1571038,0.0654762,0.2608696,11.921725007667265
117.0,0.4444444,0.0,0.0854701,0.0615385,0.9230769,0.0,0.7692308,0.0,0.0,0.1702128,0.0,1.0,0.2340426,0.5,0.0,9.615805480084347
1270.0,0.480315,0.0,0.123622,0.0575758,0.9275591,0.0,0.8413793,0.0,0.0275862,0.0224719,0.0,0.9931034,0.0651685,0.2340426,0.3333333,11.288543647320601
1226.0,0.4665579,0.0008157,0.2120718,0.1284404,0.8450245,0.0,0.6867925,0.0037736,0.0358491,0.4705295,0.0,0.9981132,0.1138861,0.0743802,0.56,12.348444223321136
543.0,0.4714549,0.0,0.2467772,0.1393728,0.8342541,0.0,0.6393443,0.0040984,0.0040984,0.1557093,0.0,1.0,0.3044983,0.0327869,0.4444444,9.70509758756311
248.0,0.4919355,0.1612903,0.1975806,0.1269841,0.9112903,0.0,0.787234,0.0,0.0212766,0.1047619,0.1276596,1.0,0.1619048,0.1153846,1.0,10.077482875583607
240.0,0.5125,0.0,0.225,0.1367521,0.8666667,0.0,0.6868687,0.0,0.010101,0.1315789,0.0,1.0,0.2192982,0.1111111,0.5,9.77571099759397
345.0,0.4811594,0.0,0.1246377,0.0502793,0.9478261,0.0,0.8780488,0.0081301,0.0081301,0.0238095,0.0,1.0,0.1190476,0.1818182,0.0,10.643064971973882
1531.0,0.470934,0.0019595,0.2475506,0.1493827,0.8047028,0.0444154,0.6576,0.0016,0.024,0.0544629,0.0016,0.9936,0.2677761,0.0930233,0.0,10.30229722897745
176.0,0.5170455,0.0,0.1875,0.0941176,0.9090909,0.0,0.7746479,0.0,0.0,0.183908,0.0,0.943662,0.5287356,0.0833333,1.0,9.615805480084347
157.0,0.4522293,0.522293,0.1974522,0.127907,0.9235669,0.0,0.7966102,0.0,0.0,0.0923077,0.4915254,1.0,0.2,0.2,0.0,9.61587214452889
12356.0,0.4479605,0.0044513,0.4324215,0.2228412,0.8024442,0.0111687,0.6500424,0.0028838,0.0347752,0.1134005,0.0032231,0.9862595,0.2612423,0.1058345,0.4656489,10.584081267024454
6831.0,0.4817743,0.0008783,0.1926511,0.1242938,0.8203777,0.013468,0.6733287,0.007581,0.0485872,0.0307281,0.0010338,0.971399,0.4432198,0.0606996,0.1818182,10.659633006160352
6050.0,0.4920661,0.1639669,0.0781818,0.0634559,0.9395041,0.0,0.839445,0.0014866,0.018335,0.0627032,0.1402379,0.9915758,0.1128658,0.1637931,0.6363636,10.776891660007811
574.0,0.4703833,0.0069686,0.1236934,0.0526316,0.9529617,0.0,0.8820513,0.0,0.0205128,0.0625,0.0,0.9794872,0.0240385,0.0,0.5,12.252961002410009
530.0,0.4943396,0.0018868,0.1264151,0.0858209,0.9018868,0.0,0.7461929,0.0,0.0101523,0.1244444,0.0,1.0,0.2488889,0.1785714,0.6666667,10.376642461280849
1432.0,0.5153631,0.1962291,0.1431564,0.1008646,0.8631285,0.0174581,0.7360825,0.014433,0.0515464,0.2909357,0.142268,0.8494845,0.5614035,0.28,0.5,10.225607282932941
18296.0,0.437582,0.2225077,0.2190096,0.2030126,0.7943813,0.0335046,0.6260194,0.002421,0.0226809,0.1198834,0.1985219,0.9943935,0.3064932,0.0707641,0.6825397,10.494075844768336
277.0,0.4584838,0.0,0.1768953,0.1266667,0.898917,0.0,0.7475728,0.0,0.0194175,0.0462963,0.0,1.0,0.1574074,0.0384615,0.0,10.085850775128717
8008.0,0.4546703,0.0116134,0.1860639,0.186398,0.8139361,0.122003,0.8218063,0.0008137,0.0248169,0.0432075,0.007323,0.9906428,0.1786687,0.0098232,0.6538462,12.631997028039708
815.0,0.4319018,0.002454,0.390184,0.2894168,0.7472393,0.0638037,0.5907859,0.0,0.0081301,0.1458333,0.00271,0.9864499,0.2824074,0.0632911,1.0,9.615805480084347
520.0,0.5153846,0.0173077,0.0807692,0.0634921,0.9230769,0.0038462,0.8197674,0.0,0.0290698,0.0549451,0.0174419,0.8197674,0.2087912,0.12,1.0,11.08523008522044
3353.0,0.4742022,0.0017894,0.2368029,0.1644923,0.8130033,0.0199821,0.6475584,0.0042463,0.0332626,0.0965473,0.0007077,0.9957537,0.2928389,0.0558376,0.3125,10.419330568113901
3255.0,0.4454685,0.0009217,0.2718894,0.2121884,0.7996928,0.0,0.5926667,0.0006667,0.0233333,0.0409207,0.0006667,0.9966667,0.3075448,0.0351759,0.0,10.778977123006351
1022.0,0.4784736,0.0,0.0998043,0.0919325,0.9217221,0.0,0.8181818,0.0082645,0.0275482,0.0810127,0.0,1.0,0.2481013,0.1466667,1.0,10.344995251991222
7512.0,0.4452875,0.2140575,0.2022098,0.1706263,0.8391906,0.0256922,0.6950469,0.0032373,0.0184526,0.0639394,0.1958563,0.9970864,0.3236364,0.0928116,0.4146341,10.33854382482173
4333.0,0.4509578,0.0567736,0.2162474,0.1382934,0.6958228,0.017309,0.49122,0.0018484,0.0591497,0.0521244,0.0522181,0.9861368,0.5361367,0.0138793,0.4666667,11.408686542313973
166.0,0.4638554,0.0,0.0903614,0.0898876,0.8674699,0.0,0.7076923,0.0153846,0.0307692,0.2613636,0.0,1.0,0.3068182,0.1875,0.5,9.615805480084347
30707.0,0.4621747,0.0657179,0.1040154,0.083076,0.5401374,0.1952649,0.5506305,0.0046557,0.1670223,0.0541284,0.0524733,0.9888458,0.363578,0.066365,0.4848485,11.1154434073529
6796.0,0.4501177,0.0283991,0.1727487,0.1380787,0.839023,0.0013243,0.6704545,0.0020053,0.0304144,0.0722481,0.0257353,0.9983289,0.2951938,0.0490677,0.4411765,10.611547975828369
765.0,0.4653595,0.0130719,0.1281046,0.1002445,0.8980392,0.0,0.7407407,0.0,0.003367,0.1160714,0.026936,1.0,0.3511905,0.1221374,0.7142857,10.250652418696085
438.0,0.4954338,0.0,0.1621005,0.1312217,0.8607306,0.0,0.6823529,0.0058824,0.0352941,0.0710383,0.0,1.0,0.2349727,0.195122,1.0,10.094149233605084
168.0,0.4940476,0.0,0.202381,0.1176471,0.8452381,0.0,0.6478873,0.0,0.0140845,0.1125,0.0,0.6338028,0.4,0.1176471,0.5,9.635673464721814
25.0,0.6,0.0,0.12,0.2,0.72,0.0,0.5384615,0.0769231,0.0769231,0.5666667,0.0,1.0,0.5333333,0.0,0.0,10.742918838113225
5595.0,0.4959786,0.0264522,0.120286,0.0992908,0.8709562,0.0,0.7263498,0.0050761,0.0516844,0.1100616,0.0184587,0.9967697,0.2225873,0.0547504,0.5,11.330215832884798
420.0,0.4,0.0404762,0.3333333,0.2896825,0.6761905,0.2619048,0.795082,0.0,0.0081967,0.0615385,0.0163934,1.0,0.1076923,0.0,0.0,10.727684925086583
1584.0,0.4627525,0.0,0.2209596,0.186839,0.8219697,0.0397727,0.6775194,0.0031008,0.0124031,0.2105263,0.0,0.9596899,0.2692778,0.0896552,0.8039216,10.373522431293592
949.0,0.4741834,0.0,0.1580611,0.1422846,0.86196,0.0316122,0.7259475,0.0058309,0.0116618,0.0498615,0.0,0.9970845,0.1551247,0.1025641,0.3333333,10.110542371500753
9176.0,0.5010898,0.0028335,0.0877289,0.0633464,0.9378814,0.0028335,0.8567094,0.0010115,0.0323668,0.0526988,0.0030344,0.982468,0.061961,0.1030928,0.45,12.270928303874424
1390.0,0.4438849,0.2280576,0.1834532,0.164295,0.8820144,0.0,0.7042514,0.0,0.0073937,0.1985185,0.194085,0.9926063,0.3155556,0.1532258,0.6818182,10.081675578048475
182.0,0.467033,0.0,0.2252747,0.1134021,0.8736264,0.0,0.7307692,0.0,0.025641,0.0,0.0,1.0,0.0,0.0,0.0,11.876185678347824
794.0,0.4622166,0.0012594,0.2254408,0.1545667,0.8299748,0.0541562,0.7248322,0.0067114,0.0167785,0.128655,0.0,0.9932886,0.251462,0.0714286,0.2727273,9.809231816610408
361.0,0.465374,0.0,0.1495845,0.1398964,0.8476454,0.0,0.6824324,0.0202703,0.027027,0.0920245,0.0,1.0,0.4355828,0.0769231,1.0,10.33854382482173
9695.0,0.4977824,0.004951,0.1196493,0.0747587,0.8538422,0.0173285,0.7407718,0.0064318,0.0713087,0.0638743,0.003915,0.9457494,0.3541885,0.0655376,0.2653061,12.147919030759663
907.0,0.4685777,0.3869901,0.23043,0.1825726,0.7894157,0.1080485,0.7293729,0.0066007,0.019802,0.1008902,0.3069307,0.9933993,0.3145401,0.1216216,0.0,9.758519582283522
17611.0,0.4813469,0.0056215,0.1564931,0.0833151,0.9024473,0.0090284,0.7983844,0.0069238,0.0375865,0.0527795,0.0052753,0.8930102,0.2738913,0.1889072,0.2054795,11.382828169079987
474.0,0.4873418,0.0021097,0.1814346,0.1563786,0.7995781,0.0,0.6127451,0.004902,0.0539216,0.25,0.004902,0.995098,0.3602941,0.0769231,1.0,9.923339198238729
70311.0,0.4794129,0.1989589,0.1304917,0.1118214,0.8400677,0.0233676,0.6951775,0.0042638,0.0375285,0.1019047,0.1810262,0.9713299,0.3705477,0.0909171,0.5324074,10.55843949396453
23049.0,0.5011497,0.0437763,0.051499,0.0503566,0.9360927,0.0,0.842555,0.0062283,0.0395423,0.0372333,0.0375145,0.8787659,0.189095,0.2083981,0.516129,11.110969193687714
165.0,0.4484848,0.0,0.169697,0.2087912,0.8848485,0.0,0.703125,0.0,0.0,0.1688312,0.0,1.0,0.2857143,0.1818182,0.8,9.615805480084347
3218.0,0.4813549,0.0183344,0.155376,0.1270222,0.8570541,0.0,0.6950867,0.0014451,0.025289,0.1195929,0.0202312,0.9877168,0.423028,0.0492228,0.5789474,10.6782377612977
4283.0,0.4573897,0.0079384,0.1786131,0.1407057,0.7996731,0.0014009,0.6093096,0.001569,0.0491632,0.0454319,0.0052301,0.9916318,0.2905642,0.0268741,0.4444444,10.718874489469398
1694.0,0.5224321,0.0082645,0.0773318,0.0543881,0.8860685,0.0,0.7546848,0.0085179,0.0664395,0.0532258,0.0068143,0.9727428,0.2854839,0.1381579,0.5,11.015361515187424
3276.0,0.457265,0.3855311,0.1855922,0.1940382,0.8287546,0.0769231,0.7436123,0.0017621,0.0140969,0.0948963,0.3303965,0.9973568,0.2647528,0.1578947,0.375,10.090008612393838
59682.0,0.5681613,0.0975168,0.0503669,0.0507896,0.7882444,0.1424383,0.8044896,0.0055641,0.0487976,0.0310467,0.0492453,0.7285751,0.3307926,0.2043825,0.1967213,11.845109950883979
3707.0,0.4545455,0.3849474,0.1869436,0.181998,0.8181818,0.0590774,0.6947524,0.0036955,0.0243902,0.0858108,0.3303769,0.992609,0.3378378,0.1403118,0.3125,10.335302435967074
1575.0,0.4514286,0.0215873,0.2393651,0.1979167,0.7904762,0.0603175,0.6615385,0.0030769,0.0184615,0.1009682,0.0230769,0.9984615,0.4370678,0.0773196,0.5,9.83633227734872
247.0,0.4777328,0.0,0.2145749,0.1705426,0.8340081,0.0,0.6380952,0.0,0.0285714,0.2808219,0.0,0.5047619,0.4931507,0.1470588,1.0,9.770013301136158
1265.0,0.4648221,0.001581,0.1928854,0.1462334,0.8173913,0.0158103,0.6659878,0.0183299,0.0692464,0.0957643,0.0020367,0.9979633,0.2357274,0.0833333,0.4444444,10.723289410218579
148.0,0.4594595,0.0,0.2297297,0.15,0.9189189,0.0,0.7857143,0.0,0.0,0.2,0.0,1.0,0.2571429,0.1,0.6666667,9.735128070758227
630.0,0.5111111,0.0,0.0984127,0.0584416,0.8968254,0.0,0.7901786,0.0133929,0.0580357,0.0386266,0.0,1.0,0.2145923,0.0545455,0.5,10.431199791458543
7860.0,0.4706107,0.0044529,0.1964377,0.1307378,0.8716285,0.0,0.7103879,0.0029586,0.0338593,0.0355105,0.0029586,0.9947403,0.192454,0.042042,0.48,11.49273296168228
4037.0,0.4721328,0.001734,0.169185,0.1173158,0.8070349,0.0376517,0.6612799,0.0116354,0.0523594,0.033125,0.0012928,0.9909502,0.454375,0.0606509,0.2222222,11.235866764155578
8515.0,0.480094,0.0004698,0.1673517,0.1156539,0.8795068,0.0,0.7335517,0.0029771,0.0291753,0.0451961,0.0005954,0.9943436,0.2882319,0.0346457,0.3939394,10.893047333337728
833.0,0.4681873,0.0828331,0.1848739,0.1783296,0.8895558,0.0,0.7323077,0.0030769,0.0123077,0.0606936,0.0676923,1.0,0.1965318,0.1851852,0.8,10.521399202410167
4278.0,0.4836372,0.0056101,0.1512389,0.1253961,0.8111267,0.0280505,0.657385,0.0072639,0.0587167,0.0350467,0.0012107,0.9727603,0.4410047,0.0965347,0.5,11.18859323930985
1778.0,0.4606299,0.0022497,0.2699663,0.2033368,0.7975253,0.0433071,0.6375839,0.0013423,0.0147651,0.1337209,0.0026846,0.9973154,0.2674419,0.0877193,0.8823529,9.615805480084347
1374.0,0.4839884,0.3879185,0.080786,0.1015515,0.9250364,0.0,0.8008949,0.0067114,0.0178971,0.0877551,0.3176734,0.9888143,0.4959184,0.1857143,1.0,10.130662964963708
4940.0,0.4625506,0.0036437,0.1647773,0.1001883,0.7325911,0.1732794,0.7361923,0.0,0.0233918,0.0320755,0.0038986,1.0,0.2584906,0.0610465,0.3,10.604131561522696
632.0,0.4873418,0.0,0.164557,0.1265432,0.8813291,0.0,0.725,0.0083333,0.025,0.4545455,0.0,0.9958333,0.5159091,0.1707317,0.75,9.615805480084347
8600.0,0.4695349,0.1626744,0.1384884,0.1174923,0.5682558,0.2406977,0.5746345,0.0020401,0.1009861,0.0525129,0.1349881,0.9931996,0.4007732,0.0418702,0.6,10.404293143019792
5339.0,0.4534557,0.9882,0.1196853,0.131597,0.8924892,0.0039333,0.74197,0.001606,0.0326552,0.1246485,0.988758,0.9994647,0.3491097,0.1664549,0.7272727,10.382853468483827
3830.0,0.4694517,0.0,0.2349869,0.1663386,0.856658,0.0,0.6919315,0.0006112,0.0256724,0.0376471,0.0,0.99511,0.2523529,0.0469484,0.2,10.721084386282662
84770.0,0.4922378,0.2144273,0.0941253,0.0775736,0.6268019,0.1134364,0.5448252,0.003383,0.1552437,0.0775543,0.1862235,0.961377,0.4472087,0.0503286,0.3904762,10.774801838762809
5300.0,0.4981132,0.0073585,0.0671698,0.0635338,0.9532075,0.0,0.885101,0.0031566,0.0284091,0.0210136,0.0088384,0.5246212,0.2435105,0.1980198,0.55,11.289794413577894
1568.0,0.4610969,0.0006378,0.1862245,0.1289941,0.8533163,0.0,0.6869301,0.0045593,0.0273556,0.06,0.0,1.0,0.28,0.0593607,0.0,10.545367754151743
163.0,0.4907975,0.0,0.1472393,0.1566265,0.8895706,0.0,0.7462687,0.0,0.0149254,0.0428571,0.0,1.0,0.3857143,0.0833333,0.0,9.615805480084347
6459.0,0.4649327,0.0006193,0.1978634,0.1568287,0.8420808,0.0,0.6590909,0.0036657,0.0271261,0.0830252,0.0007331,0.9926686,0.3240336,0.0857814,0.5735294,10.150386692204734
40.0,0.55,0.0,0.125,0.2222222,0.9,0.0,0.7142857,0.0,0.0,0.3333333,0.0,1.0,0.4761905,0.0,1.0,9.615805480084347
16881.0,0.4955868,0.0229252,0.0175345,0.0178509,0.916178,0.0,0.8129065,0.0036685,0.0391863,0.063554,0.0228448,0.953977,0.1881636,0.0756719,0.392,11.425197467633199
244.0,0.4918033,0.3729508,0.1434426,0.0887097,0.8852459,0.0,0.7241379,0.0114943,0.0114943,0.1944444,0.2873563,1.0,0.212963,0.0666667,1.0,9.686636660844938
347.0,0.4697406,0.074928,0.1123919,0.1086957,0.8472622,0.0,0.6845638,0.0067114,0.033557,0.1337209,0.0671141,1.0,0.4651163,0.08,1.0,9.674137279312397
191.0,0.486911,0.0,0.052356,0.0408163,0.8429319,0.0,0.7230769,0.0615385,0.0923077,0.601227,0.0,1.0,0.7116564,0.1,0.8333333,9.615805480084347
1898.0,0.459431,0.0310854,0.1944152,0.1471735,0.8361433,0.0,0.6525641,0.0089744,0.0320513,0.109589,0.0269231,0.9897436,0.402968,0.0847458,0.5909091,10.150386692204734
300.0,0.5133333,0.0433333,0.1066667,0.0890411,0.9033333,0.0366667,0.8316832,0.0,0.009901,0.192,0.049505,1.0,0.216,0.1052632,0.8571429,10.63106031411106
346.0,0.5057803,0.0,0.1589595,0.0994152,0.8554913,0.0,0.7338129,0.0215827,0.0503597,0.2760417,0.0,1.0,0.4375,0.0588235,1.0,10.16203685698089
368.0,0.5108696,0.0,0.1521739,0.0944444,0.8342391,0.0,0.6971831,0.0211268,0.0915493,0.183908,0.0,0.9859155,0.3275862,0.0833333,0.0,10.085850775128717
1698.0,0.4858657,0.0,0.0712603,0.0561283,0.9193168,0.0,0.8082902,0.0034542,0.0379965,0.0301508,0.0,0.9861831,0.3082077,0.0660377,0.2,10.623787731088578
1958.0,0.4530133,0.0005107,0.2589377,0.1746032,0.747191,0.0459653,0.5799087,0.0011416,0.0365297,0.2980769,0.0,0.9908676,0.4895833,0.057508,0.6315789,10.471666571132038
63.0,0.5714286,0.0,0.2539683,0.1851852,0.8095238,0.0,0.6,0.0,0.0,0.4117647,0.0,1.0,0.2745098,0.0,1.0,9.615805480084347
12408.0,0.5179723,0.0012895,0.0199065,0.0152148,0.9526918,0.0,0.8947514,0.0077348,0.0381215,0.0146979,0.0016575,0.9966851,0.0870985,0.1102362,0.4137931,11.226589153242802
1445.0,0.4747405,0.0083045,0.1397924,0.1291173,0.8519031,0.0276817,0.727619,0.0057143,0.0419048,0.0506329,0.007619,0.9695238,0.2947559,0.0926829,0.4285714,11.451060699493427
576.0,0.4565972,0.0711806,0.1979167,0.1693291,0.8732639,0.0,0.7,0.0,0.0041667,0.1695502,0.0458333,0.9791667,0.3598616,0.0877193,1.0,9.615805480084347
229.0,0.5065502,0.0,0.2576419,0.0884956,0.8689956,0.0,0.7263158,0.0,0.0421053,0.2083333,0.0,1.0,0.3166667,0.0,0.6666667,9.615805480084347
4838.0,0.4762298,0.0086813,0.1378669,0.0844515,0.9214551,0.0303845,0.8756014,0.0020619,0.0213058,0.0168919,0.0041237,0.9697595,0.0574324,0.1028037,0.1428571,12.171486376730597
2054.0,0.4975657,0.0029211,0.164557,0.126938,0.8485881,0.0180136,0.6996337,0.001221,0.031746,0.0487805,0.003663,0.996337,0.3182346,0.040293,0.6666667,10.623787731088578
342.0,0.497076,0.7017544,0.1725146,0.0581395,0.9122807,0.0,0.7222222,0.0,0.0,0.107438,0.712963,1.0,0.3057851,0.1,0.0,9.615805480084347
6804.0,0.4738389,0.0283657,0.1510876,0.1041899,0.8675779,0.0094062,0.7448782,0.0011596,0.0494782,0.0219282,0.028218,0.9787399,0.2147448,0.0719132,0.2105263,12.426015078728476
161.0,0.484472,0.0,0.2484472,0.1445783,0.9006211,0.0,0.7575758,0.0,0.0,0.195122,0.0,1.0,0.304878,0.1538462,0.8,9.615805480084347
25899.0,0.4879339,0.2145643,0.1137496,0.0977982,0.8505734,0.0237075,0.7112748,0.0048087,0.0318191,0.1157152,0.1936771,0.9919173,0.3865014,0.090201,0.4657534,10.545367754151743
182.0,0.5274725,0.0,0.1868132,0.127907,0.8076923,0.0,0.6315789,0.0263158,0.0526316,0.2083333,0.0,1.0,0.3958333,0.0714286,1.0,10.165890277802454
482.0,0.466805,0.0,0.2136929,0.1867704,0.8112033,0.0,0.6255924,0.0047393,0.0473934,0.0580357,0.0,1.0,0.2633929,0.0675676,0.0,9.857495968685136
5150.0,0.467767,0.2949515,0.1514563,0.1382707,0.8699029,0.0256311,0.7365302,0.002694,0.0193966,0.0941923,0.2570043,0.9929957,0.3084431,0.1283333,0.6551724,10.351405324899678
341.0,0.5073314,0.0,0.1788856,0.1130952,0.771261,0.0,0.5961538,0.0192308,0.0705128,0.1521739,0.0,1.0,0.4945652,0.0576923,0.6,9.615805480084347
878.0,0.5523918,0.0068337,0.0261959,0.0127226,0.5205011,0.0,0.3943299,0.0128866,0.3221649,0.4030769,0.007732,0.9871134,0.4846154,0.0401786,0.2307692,11.398647529267592
620.0,0.4225806,0.0,0.3354839,0.301676,0.633871,0.2419355,0.6402116,0.005291,0.042328,0.0780488,0.0,0.984127,0.2731707,0.1206897,0.5,10.468829770273567
256.0,0.5,0.0,0.2148438,0.140625,0.875,0.0,0.7155963,0.0,0.0091743,0.0603448,0.0,1.0,0.1810345,0.0,1.0,9.615805480084347
4060.0,0.508867,0.005665,0.0605911,0.0300903,0.9036946,0.0,0.7899281,0.0079137,0.0517986,0.0531335,0.0035971,0.9899281,0.277248,0.125,0.3157895,10.764286715905591
28.0,0.5357143,0.0,0.25,0.1538462,0.5714286,0.0,0.4,0.0666667,0.0666667,0.1176471,0.0,1.0,0.1764706,0.0,0.0,9.615805480084347
75.0,0.4533333,0.0,0.0933333,0.0731707,0.92,0.0,0.76,0.0,0.0,0.1935484,0.0,1.0,0.0967742,0.125,0.0,9.615805480084347
240.0,0.5041667,0.0,0.225,0.1176471,0.8416667,0.0,0.6470588,0.0,0.0196078,0.1130435,0.0,1.0,0.3217391,0.1538462,0.6666667,9.61587214452889
1471.0,0.5050986,0.0183549,0.0645819,0.0425824,0.9211421,0.0,0.834,0.006,0.052,0.1482112,0.016,0.93,0.1584327,0.1666667,0.0892857,12.381709408795407
2753.0,0.4932801,0.925899,0.1075191,0.097491,0.9407919,0.0,0.8181818,0.0036855,0.012285,0.0843645,0.9041769,1.0,0.3149606,0.2291667,1.0,10.012386799492118
9352.0,0.6961078,0.1624251,0.0008554,0.0028149,0.3504063,0.6476689,0.9793814,0.0,0.0,0.0234899,0.187858,0.8969072,0.1521253,0.2411022,0.0,10.177362240256695
541.0,0.4639556,0.0110906,0.1349353,0.0896552,0.8853974,0.0,0.7414634,0.004878,0.0292683,0.0420561,0.0146341,1.0,0.1214953,0.1714286,0.0,11.147656555612986
713.0,0.4922861,0.0014025,0.1753156,0.1243094,0.8835905,0.0182328,0.7636364,0.0,0.0181818,0.0484429,0.0,1.0,0.2456747,0.0684932,0.6666667,10.515993929932415
1829.0,0.4587206,0.0049207,0.1503554,0.120202,0.7397485,0.0377255,0.6090323,0.0064516,0.1083871,0.0806643,0.0051613,0.9935484,0.4483986,0.0496278,0.8571429,11.330215832884798
968.0,0.4576446,0.0,0.411157,0.2685714,0.7303719,0.0640496,0.5694761,0.0022779,0.0182232,0.1149194,0.0,0.9977221,0.3145161,0.0648148,0.4285714,9.615805480084347
2308.0,0.4445407,0.0272964,0.2404679,0.1981279,0.8145581,0.0233969,0.6407369,0.0040942,0.0184237,0.0869159,0.0266121,0.9989765,0.3252336,0.0966543,0.5714286,9.893487720457795
4305.0,0.4480836,0.387921,0.2088269,0.202862,0.8188153,0.0364692,0.6595745,0.0041371,0.0165485,0.1406805,0.3498818,0.9958629,0.3158964,0.1287758,0.8333333,10.134638955251866
5048.0,0.4742472,0.0338748,0.0905309,0.0561417,0.7325674,0.1852219,0.7730871,0.0013193,0.0375989,0.0761731,0.0230871,0.9584433,0.3796466,0.1023766,0.375,10.942013616092948
22519.0,0.4836804,0.1784271,0.0883254,0.0811043,0.8757938,0.017896,0.7584845,0.0050599,0.0413427,0.0827485,0.1631495,0.9864248,0.2995246,0.0670135,0.4670659,11.052491896264268
353.0,0.4929178,0.0056657,0.1813031,0.1117318,0.8611898,0.0226629,0.7218045,0.0,0.0300752,0.0567376,0.0,0.9924812,0.2695035,0.0952381,1.0,10.199918739620157
21822.0,0.485565,0.0021996,0.1394923,0.1065384,0.8844286,0.0092109,0.7520129,0.00384,0.0309674,0.0275837,0.0016103,0.9628391,0.2376536,0.0765912,0.4444444,10.623787731088578
2626.0,0.458492,0.0034273,0.2635187,0.2194093,0.8126428,0.0491241,0.6628019,0.0,0.0135266,0.1824645,0.0067633,0.8048309,0.4249605,0.1100324,0.6170213,9.908524844053396
274.0,0.5109489,0.0145985,0.0328467,0.0149254,0.919708,0.0,0.8181818,0.0227273,0.0454545,0.0736842,0.0227273,0.9886364,0.5263158,0.0833333,0.0,10.915106645867503
1835.0,0.4555858,0.0016349,0.173297,0.1291291,0.8059946,0.0277929,0.6671123,0.0013369,0.0561497,0.336291,0.0,0.9959893,0.3744454,0.0618893,0.7083333,10.344995251991222
1316.0,0.4650456,0.0,0.2066869,0.171875,0.862462,0.0258359,0.7269231,0.0,0.0076923,0.1719745,0.0,0.9980769,0.316879,0.0769231,0.7,9.615805480084347
276.0,0.5144928,0.0,0.1449275,0.1119403,0.9202899,0.0,0.8181818,0.010101,0.030303,0.0833333,0.0,1.0,0.2407407,0.0588235,0.25,10.518700218288165
7796.0,0.4989738,0.0354028,0.0714469,0.0488991,0.9313751,0.0103899,0.8708456,0.0058898,0.0429112,0.0364816,0.0328145,0.8998738,0.1070126,0.2473684,0.1111111,12.088982494773598
426.0,0.4765258,0.0,0.1901408,0.1434978,0.8826291,0.0,0.7168675,0.0,0.0180723,0.0777778,0.0,0.9939759,0.1388889,0.1764706,0.0,10.142543822310387
1372.0,0.4504373,0.3309038,0.1311953,0.1220159,0.8702624,0.0,0.6866267,0.001996,0.0419162,0.1746293,0.2654691,0.99002,0.3360791,0.1615385,0.6470588,10.27163147557801
4044.0,0.4757666,0.3659743,0.1763106,0.1603774,0.8558358,0.0412957,0.7424547,0.0033535,0.0160966,0.0897436,0.3239437,0.9953052,0.2442002,0.1089109,0.8275862,10.288783966353765
842.0,0.4703088,0.0,0.1508314,0.1233184,0.8836105,0.0,0.7211538,0.0064103,0.0288462,0.0219436,0.0,1.0,0.1253918,0.0208333,0.5,10.626217806887722
2248.0,0.4937722,0.0373665,0.1321174,0.1054482,0.6370107,0.2989324,0.7736486,0.0,0.0135135,0.0603175,0.0371622,0.9983108,0.2095238,0.092437,0.6666667,10.431199791458543
1632.0,0.4601716,0.3039216,0.1948529,0.1634506,0.8639706,0.0,0.6921875,0.0046875,0.0171875,0.0857143,0.2453125,0.9875,0.3614286,0.140625,0.75,10.36410350510914
1997.0,0.4852278,0.0145218,0.23335,0.0924125,0.879319,0.0,0.7467761,0.0011723,0.024619,0.0867238,0.0117233,0.989449,0.2119914,0.0530303,0.7058824,10.945547126244623
34402.0,0.462851,0.6634207,0.1159816,0.0997348,0.8325097,0.0077321,0.6620055,0.0055335,0.0555597,0.1466403,0.6092126,0.9861662,0.4156723,0.1096582,0.5357143,10.829748417047593
14550.0,0.4512715,0.0140206,0.1940893,0.1524299,0.7643986,0.067354,0.6406934,0.0042073,0.0402221,0.0542734,0.0143049,0.997139,0.3000159,0.0670369,0.4642857,10.392098241730961
287.0,0.4494774,0.0,0.1358885,0.1329114,0.9094077,0.0,0.7572816,0.0,0.0097087,0.0964912,0.0,1.0,0.1754386,0.0769231,1.0,9.873079890114703
262.0,0.4427481,0.0,0.1793893,0.1780822,0.8587786,0.0648855,0.7916667,0.0,0.0,0.0943396,0.0,0.9895833,0.1886792,0.0869565,1.0,10.628641991731053
100814.0,0.4763227,0.0072708,0.1167993,0.0879456,0.7858234,0.041274,0.6454637,0.0037195,0.0670772,0.0427733,0.0060568,0.9956522,0.3846468,0.0436057,0.3043478,10.742918838113225
251.0,0.498008,0.0,0.1792829,0.1825397,0.8924303,0.0,0.7524752,0.0,0.019802,0.0471698,0.0,0.990099,0.1603774,0.0434783,0.6666667,10.102379394048045
523.0,0.4856597,0.0,0.1950287,0.1301115,0.8546845,0.0,0.6777251,0.0047393,0.0236967,0.1134454,0.0,0.9905213,0.4243697,0.2142857,0.6,9.615805480084347
363.0,0.5096419,0.0661157,0.0881543,0.0786517,0.9201102,0.0,0.8064516,0.0080645,0.0241935,0.0882353,0.0564516,0.983871,0.3014706,0.1481481,0.6,10.434145214930487
36659.0,0.4893205,0.0009547,0.1082681,0.0649004,0.9315857,0.0103385,0.8340208,0.0020624,0.0180237,0.0292479,0.0006277,0.9883429,0.2102194,0.1193916,0.3545455,11.143324481431074
1567.0,0.5673261,0.0095724,0.2016592,0.1873156,0.6553925,0.2380345,0.6762295,0.0020492,0.0163934,0.170068,0.0,0.682377,0.452381,0.1470588,0.4,9.787009914477434
24458.0,0.479843,0.0419495,0.1535285,0.1127967,0.8970071,0.0016763,0.7652006,0.0018184,0.036936,0.0261206,0.0422775,0.9270372,0.2690647,0.0667976,0.4716981,11.996591585872558
632.0,0.4588608,0.0015823,0.2025316,0.128655,0.8829114,0.0,0.7433962,0.0037736,0.0150943,0.1225166,0.0,0.9924528,0.3112583,0.0694444,0.7142857,10.264687244346277
1086.0,0.4935543,0.0469613,0.1058932,0.0672727,0.9401473,0.0,0.8461538,0.0,0.0102564,0.0533981,0.0564103,0.9897436,0.1723301,0.147541,0.0,10.485731104959568
282.0,0.4680851,0.1099291,0.0780142,0.04,0.8723404,0.0,0.7363636,0.0,0.0636364,0.009009,0.1181818,0.9909091,0.1711712,0.0,0.0,11.654433707761807
489.0,0.5010225,0.002045,0.1226994,0.1147541,0.8936605,0.0,0.7513228,0.0,0.026455,0.1168224,0.0,0.994709,0.2242991,0.0784314,0.0,10.288783966353765
743.0,0.4670256,0.0013459,0.2220727,0.1489899,0.8990579,0.0,0.7568493,0.0,0.0136986,0.0550162,0.0,0.9794521,0.1682848,0.0769231,1.0,11.32781201446548
28205.0,0.473994,0.0017373,0.1947172,0.1390537,0.9061868,0.0083673,0.7860187,0.0014205,0.023336,0.0252201,0.0010146,0.9704748,0.1721887,0.0625337,0.2876712,12.077676615757813
3251.0,0.4912335,0.0516764,0.0569056,0.0483676,0.9354045,0.0043064,0.8514235,0.0017794,0.0186833,0.0360206,0.0489324,0.9839858,0.1423671,0.1298077,0.5,10.851296331126829
1070.0,0.4700935,0.0,0.1579439,0.1093474,0.8915888,0.0,0.7673267,0.0074257,0.0371287,0.0516432,0.0,0.9975248,0.2089202,0.1382114,0.0,10.315630315397533
1942.0,0.4809475,0.0015448,0.1127703,0.093254,0.9145211,0.0,0.7829233,0.0014472,0.0202605,0.0495186,0.0,0.9913169,0.2475928,0.1041667,0.6666667,10.385944565501662
1246.0,0.4542536,0.0008026,0.1308186,0.1235294,0.8788122,0.0,0.7236842,0.004386,0.0350877,0.1428571,0.002193,0.995614,0.3421053,0.1202186,1.0,10.959557617938563
1688.0,0.4976303,0.0349526,0.1101896,0.0908019,0.8430095,0.0278436,0.7109375,0.003125,0.0453125,0.0629575,0.0140625,0.990625,0.4084919,0.0282686,0.75,11.634266607494453
104.0,0.4038462,0.9903846,0.1923077,0.1612903,0.8557692,0.0,0.6666667,0.0,0.0238095,0.0869565,0.9761905,1.0,0.5217391,0.0,0.0,9.615805480084347
210.0,0.4714286,0.0,0.2,0.1801802,0.8619048,0.0,0.6818182,0.0,0.0113636,0.1372549,0.0,0.9659091,0.3039216,0.1333333,0.75,10.239995502805316
1143.0,0.4785652,0.0,0.1828521,0.1224832,0.8573928,0.0131234,0.712766,0.0042553,0.0170213,0.0873786,0.0,0.9978723,0.2621359,0.0650407,0.625,10.007892611890918
46561.0,0.5022444,0.0286506,0.0433195,0.0442699,0.8862782,0.0052619,0.7611781,0.0027631,0.0644938,0.041185,0.0303316,0.956732,0.2405467,0.0741541,0.2988506,11.582460855933538
405.0,0.4716049,0.7407407,0.1506173,0.1028037,0.9555556,0.0,0.8448276,0.0,0.0,0.0491803,0.6724138,1.0,0.1311475,0.3157895,0.0,10.214678610538817
53540.0,0.469817,0.1653717,0.1441352,0.109244,0.8180613,0.0161375,0.6556369,0.0061518,0.0514983,0.0771977,0.1555669,0.986671,0.3148546,0.076102,0.4882629,10.169728906753061
120.0,0.5,0.0,0.125,0.05,0.925,0.0,0.8095238,0.0,0.0238095,0.3731343,0.0,0.9761905,0.3432836,0.2,1.0,10.177362240256695
5771.0,0.4799861,0.077283,0.1377578,0.1116295,0.8806099,0.0,0.7203154,0.0032468,0.0320037,0.0422035,0.0839518,0.9897959,0.2114616,0.0703422,0.45,11.033291613631048
2950.0,0.479322,0.0369492,0.0718644,0.0540365,0.9413559,0.0138983,0.8854962,0.0010905,0.0250818,0.0192513,0.0305344,0.9825518,0.0663102,0.164557,0.5,12.339733404786474
483.0,0.4306418,0.3064182,0.173913,0.1418182,0.9047619,0.0,0.7526882,0.0,0.0,0.1057692,0.2419355,1.0,0.2451923,0.0666667,1.0,10.298935994257638
1027.0,0.4956183,0.0136319,0.0642648,0.0366795,0.9347614,0.0,0.8289855,0.0,0.0231884,0.6511628,0.0173913,0.973913,0.1284125,0.164557,0.6363636,9.648659816955295
2299.0,0.4623749,0.000435,0.3057851,0.1771845,0.8133971,0.0,0.6392523,0.0018692,0.035514,0.6513522,0.0,0.9906542,0.3183447,0.0612903,0.8484848,12.088420226343088
145.0,0.4896552,0.6689655,0.2,0.1351351,0.8413793,0.0,0.6349206,0.0,0.0,0.1,0.6190476,1.0,0.4571429,0.0526316,1.0,10.094149233605084
375.0,0.504,0.0,0.208,0.1397849,0.8373333,0.0,0.6467066,0.011976,0.011976,0.2610619,0.0,1.0,0.4690265,0.1212121,0.9545455,9.615805480084347
4002.0,0.4825087,0.0082459,0.1201899,0.1120232,0.8633183,0.0,0.6872456,0.0006784,0.0447761,0.0434783,0.0081411,0.9932157,0.3257625,0.0356473,0.7,11.889997957243736
494.0,0.4534413,0.0,0.2611336,0.2592593,0.7510121,0.082996,0.6125654,0.0104712,0.0157068,0.0772947,0.0,1.0,0.3864734,0.125,0.5,10.106469212026385
597.0,0.5092127,0.0,0.1139028,0.105802,0.8844221,0.0,0.7155963,0.0,0.0321101,0.0801688,0.0,1.0,0.3544304,0.0465116,0.6,10.591647316585027
827.0,0.4981862,0.019347,0.0749698,0.0578313,0.9250302,0.0,0.8065693,0.0,0.0255474,0.0866667,0.0218978,0.9927007,0.2333333,0.0833333,0.5,10.67130147767883
22207.0,0.4863782,0.0076102,0.0896564,0.0687358,0.8096546,0.0154906,0.6875513,0.0026986,0.1000821,0.0326864,0.0050452,0.9948375,0.3548973,0.0267434,0.3055556,11.339773736496767
2427.0,0.5121549,0.0284302,0.0708694,0.0472973,0.9175937,0.0,0.8154403,0.0012063,0.0470446,0.0337995,0.0205066,0.9891435,0.0722611,0.1290323,0.0,11.633380483255026
568.0,0.4806338,0.5264085,0.1602113,0.1627119,0.8873239,0.0,0.708134,0.0,0.0143541,0.1434426,0.4593301,0.9904306,0.3196721,0.1666667,0.8333333,10.021315031649332
1395.0,0.511828,0.0164875,0.1225806,0.0895742,0.7283154,0.1978495,0.7840909,0.0022727,0.0136364,0.032967,0.0022727,0.9977273,0.1912088,0.0263158,0.75,10.747229096720554
1338.0,0.4573991,0.573991,0.1397608,0.1460055,0.9035874,0.0,0.7424242,0.0021645,0.0151515,0.106383,0.5,0.987013,0.4061896,0.2088889,0.6666667,9.83633227734872
1050.0,0.4685714,0.0009524,0.267619,0.1523297,0.8466667,0.007619,0.7006508,0.0021692,0.0281996,0.5069519,0.0,0.9934924,0.2973262,0.0761905,0.7692308,10.70551155928146
905.0,0.4961326,0.0,0.1469613,0.1074561,0.8850829,0.0,0.7168142,0.0,0.0235988,0.0369318,0.0,1.0,0.2244318,0.045977,0.5,10.668978650219241
261.0,0.51341,0.0727969,0.1149425,0.0866142,0.9616858,0.0,0.9021739,0.0,0.0108696,0.1559633,0.0978261,0.9891304,0.2844037,0.2222222,0.6666667,9.615805480084347
4830.0,0.4399586,0.1826087,0.1861284,0.1593346,0.7600414,0.0590062,0.6393022,0.0092355,0.0636224,0.0741093,0.1513597,0.9933299,0.2707838,0.0762527,0.3508772,11.52387529615648
1953.0,0.4644137,0.0,0.2939068,0.209369,0.7680492,0.0501792,0.6291866,0.0095694,0.0394737,0.1564077,0.0,0.9976077,0.4096872,0.0779661,0.9,10.298935994257638
507.0,0.4299803,0.0019724,0.3234714,0.2975779,0.6824458,0.1360947,0.591133,0.0049261,0.0394089,0.1680328,0.0,0.9950739,0.5409836,0.040404,0.6666667,10.785207543360087
52456.0,0.5359921,0.0627764,0.0280235,0.0239523,0.4418942,0.2136076,0.4211321,0.0022933,0.3120595,0.0991182,0.0549838,0.9247679,0.6430839,0.0306798,0.4609929,11.038126355768453
24.0,0.5,0.0,0.25,0.0833333,0.9166667,0.0,0.7777778,0.0,0.0,0.1818182,0.0,1.0,0.0909091,0.0,0.0,9.615805480084347
4374.0,0.4892547,0.0,0.1438043,0.1065354,0.8879744,0.0016004,0.7437614,0.0018259,0.0292149,0.0278107,0.0,0.9926963,0.2455621,0.0401691,0.5294118,10.661977618146238
13658.0,0.4940694,0.0042466,0.072485,0.0547033,0.9026212,0.0,0.7864531,0.0036504,0.0484689,0.0331373,0.003042,0.9965524,0.2345098,0.0460905,0.173913,11.288543647320601
116.0,0.5086207,0.0,0.1206897,0.0701754,0.9051724,0.0,0.7317073,0.0,0.0,0.0465116,0.0,1.0,0.1395349,0.0,0.0,10.102379394048045
7878.0,0.5026657,0.0229754,0.0685453,0.0650842,0.9049251,0.0,0.7862903,0.0014663,0.0483871,0.0229226,0.021261,0.9908358,0.1060172,0.0906977,0.1304348,11.626263078808801
234.0,0.4786325,0.042735,0.1581197,0.1311475,0.8803419,0.0,0.752809,0.0224719,0.0224719,0.152381,0.0674157,1.0,0.4095238,0.0,0.5,9.615805480084347
95.0,0.3578947,0.0,0.2210526,0.2131148,0.7263158,0.0,0.52,0.0,0.04,0.2063492,0.0,1.0,0.4444444,0.0,0.0,10.288783966353765
121.0,0.5206612,0.0,0.1157025,0.1034483,0.9008264,0.0,0.7659574,0.0,0.0212766,0.1296296,0.0,1.0,0.2777778,0.4,1.0,9.615805480084347
1565.0,0.4830671,0.0070288,0.1239617,0.0964153,0.9105431,0.0249201,0.8373832,0.0018692,0.0242991,0.0307971,0.0074766,0.9962617,0.1503623,0.0909091,0.5,11.031674824544641
260.0,0.4461538,0.0884615,0.1307692,0.1041667,0.8423077,0.0,0.6574074,0.0,0.037037,0.1755725,0.0648148,1.0,0.389313,0.0,0.0,10.268165387743457
1300.0,0.4484615,0.0738462,0.2930769,0.2245467,0.7915385,0.0269231,0.5952381,0.003663,0.018315,0.2352941,0.0695971,0.8461538,0.452381,0.15625,0.5333333,9.615805480084347
2615.0,0.5120459,0.0042065,0.1124283,0.0274295,0.8562141,0.0,0.7380254,0.0048876,0.0811339,0.2846154,0.0048876,0.9892473,0.2734266,0.0804598,0.2941176,11.325402403776808
9868.0,0.4731455,0.3569112,0.1289015,0.1290633,0.8490069,0.0339481,0.714847,0.0033679,0.0289082,0.139164,0.3294976,0.9828796,0.2894419,0.1226819,0.7340426,10.305647203635566
7151.0,0.4708432,0.4098727,0.147392,0.1213002,0.8770801,0.0067123,0.7259287,0.0053071,0.0322214,0.089717,0.3661865,0.9924185,0.315735,0.1401425,0.5208333,10.169728906753061
1350.0,0.4355556,0.0007407,0.2355556,0.2296588,0.8051852,0.0874074,0.7233607,0.0020492,0.0143443,0.0450098,0.0,0.9959016,0.2622309,0.0656934,0.6,10.34177474101152
26989.0,0.4904591,0.024195,0.0523917,0.0439936,0.9513135,0.0130424,0.9033822,0.0016556,0.012299,0.0398547,0.0227058,0.9937323,0.0446236,0.1245136,0.2813688,11.268315653289422
32254.0,0.4713214,0.0008061,0.1555156,0.1246775,0.8399268,0.0145718,0.6837437,0.0055054,0.0326503,0.0506678,0.0003823,0.9954121,0.3692654,0.0648421,0.4954955,10.328787967145063
4366.0,0.5258818,0.2162162,0.1788823,0.1826087,0.6245992,0.2691251,0.6744731,0.0031226,0.0234192,0.1379542,0.1428571,0.9929742,0.345895,0.1276151,0.5806452,10.199918739620157
6400.0,0.4678125,0.2042188,0.2064062,0.1462126,0.864375,0.0,0.7091382,0.0022288,0.0248886,0.0691563,0.1857355,0.993685,0.2863071,0.0792541,0.4285714,10.454523783963511
239.0,0.4895397,0.6987448,0.1548117,0.1147541,0.9456067,0.0,0.8142857,0.0,0.0,0.1954023,0.6,1.0,0.2183908,0.2352941,0.0,9.615805480084347
261721.0,0.5011176,0.0840934,0.0497171,0.044429,0.8344382,0.0077334,0.6800032,0.005375,0.0720112,0.1074428,0.0823141,0.9321418,0.4060851,0.070086,0.4596859,11.068215243411098
67.0,0.5074627,0.0,0.1641791,0.1212121,0.8208955,0.0,0.6296296,0.037037,0.037037,0.1290323,0.0,1.0,0.1935484,0.0,0.0,9.615805480084347
909.0,0.4653465,0.0,0.3344334,0.2613169,0.770077,0.0638064,0.6234097,0.0,0.0076336,0.1108597,0.0,1.0,0.3076923,0.0138889,0.6666667,9.83633227734872
969.0,0.4726522,0.006192,0.2435501,0.1545988,0.8028896,0.0185759,0.6268293,0.0,0.0317073,0.0681818,0.0073171,1.0,0.3204545,0.0495868,0.5714286,10.225607282932941
262.0,0.5076336,0.0229008,0.2061069,0.1937984,0.8358779,0.0,0.6339286,0.0,0.0178571,0.104,0.0178571,0.9910714,0.264,0.0,0.0,9.615805480084347
5424.0,0.4592552,0.0016593,0.2162611,0.1687692,0.7964602,0.0486726,0.65929,0.0059935,0.0350392,0.058185,0.0027663,0.9917012,0.3182805,0.0874811,0.5526316,10.214678610538817
1245.0,0.4987952,0.0321285,0.1317269,0.1185897,0.8297189,0.0313253,0.6869919,0.004065,0.0345528,0.0888889,0.0386179,0.9918699,0.4037037,0.0280899,0.2,10.360944044643913
675.0,0.4992593,0.0,0.2044444,0.1538462,0.8755556,0.0296296,0.7619048,0.0,0.015873,0.1310345,0.0,0.9880952,0.1206897,0.0740741,0.8,9.798182590890704
124682.0,0.5179978,0.0489646,0.1272357,0.0850458,0.7219326,0.0093518,0.5462446,0.0051471,0.1118965,0.1125242,0.0512595,0.92126,0.5945967,0.0421362,0.2289157,11.330215832884798
1589.0,0.4606671,0.001888,0.1378225,0.0933489,0.9131529,0.0,0.7753002,0.0,0.0120069,0.0218121,0.0,1.0,0.1610738,0.0785714,0.5,10.643064971973882
63502.0,0.5176372,0.1418223,0.0816037,0.0655219,0.5794306,0.126122,0.4977868,0.0032267,0.1601787,0.0701262,0.1281595,0.9868862,0.4186413,0.0502154,0.364486,10.797553125151618
11656.0,0.4866163,0.0174159,0.1221688,0.0867313,0.825755,0.0035175,0.6767968,0.0082076,0.0891748,0.0876341,0.0157498,0.8693434,0.5351143,0.105985,0.2238806,11.798111925972618
1275.0,0.4745098,0.0109804,0.1003922,0.0746269,0.92,0.0117647,0.8224719,0.0022472,0.011236,0.0283843,0.011236,0.9955056,0.1244541,0.0769231,0.4,10.723289410218579
2915.0,0.4737564,0.0017153,0.1917667,0.1460235,0.7993139,0.0497427,0.6638005,0.0008598,0.0352537,0.0443714,0.0008598,0.9965606,0.251438,0.0880682,0.3333333,10.422311107413181
601.0,0.5074875,0.0,0.1297837,0.0574324,0.9018303,0.0,0.7772926,0.0,0.0305677,0.2157534,0.0,0.9956332,0.0856164,0.1041667,0.3333333,12.43996225063003
382.0,0.4921466,0.0183246,0.1963351,0.1391753,0.895288,0.0,0.7323944,0.0070423,0.0070423,0.1180124,0.0140845,1.0,0.1552795,0.3636364,1.0,9.615805480084347
7455.0,0.4916164,0.0033535,0.0921529,0.0659631,0.9242119,0.0001341,0.8090024,0.0024331,0.0287916,0.0393455,0.0024331,0.905515,0.2610051,0.1430396,0.0545455,11.645715332733134
2836.0,0.4361777,0.0014104,0.2126234,0.1901188,0.8244006,0.0398449,0.6849913,0.0017452,0.0157068,0.0890302,0.0017452,0.9965096,0.3131955,0.0791667,0.5333333,9.94755228369823
3231.0,0.4701331,0.0064995,0.2107707,0.1577103,0.8421541,0.0584958,0.7563452,0.0033841,0.0228426,0.0239472,0.0084602,0.9974619,0.2089182,0.0456432,0.4285714,10.988693712621323
1203.0,0.472153,0.3042394,0.1745636,0.184252,0.8545303,0.0,0.679089,0.0041408,0.0331263,0.0852273,0.2753623,0.9958592,0.3674242,0.081761,0.625,10.114599007626499
721.0,0.5020804,0.0,0.1983356,0.1197772,0.889043,0.0,0.7436823,0.0108303,0.0108303,0.0918033,0.0,0.9819495,0.3377049,0.1694915,0.0,9.615805480084347
1053.0,0.4767331,0.0,0.1253561,0.1179673,0.8955366,0.0,0.7395577,0.0,0.009828,0.0332542,0.0,0.987715,0.2232779,0.08,0.5,10.376642461280849
329.0,0.4407295,0.8693009,0.1306991,0.1521739,0.8723404,0.0,0.6902655,0.0176991,0.0176991,0.0583333,0.8584071,1.0,0.4666667,0.1034483,0.0,10.021315031649332
932.0,0.5139485,0.0042918,0.1641631,0.1324503,0.8497854,0.0021459,0.697861,0.0080214,0.0374332,0.3035382,0.0026738,0.9839572,0.5009311,0.0705882,0.5384615,10.211009016314167
506.0,0.4426877,0.0059289,0.3853755,0.2092199,0.6699605,0.1758893,0.6335079,0.0,0.0418848,0.0255102,0.0052356,1.0,0.3163265,0.1147541,0.0,10.012386799492118
234.0,0.4273504,0.0042735,0.3034188,0.2238806,0.7820513,0.0,0.5636364,0.0,0.0181818,0.1129032,0.0,1.0,0.3790323,0.0714286,0.5,9.989711119284745
6649.0,0.4749586,0.0073695,0.1233268,0.1008307,0.7265754,0.0123327,0.5661713,0.0038924,0.1369427,0.0341763,0.0084926,0.9915074,0.4815448,0.0442739,0.4444444,11.284781934567633
5836.0,0.4789239,0.0111378,0.1204592,0.1137784,0.864462,0.00634,0.7034451,0.0018622,0.0456238,0.0512367,0.0097765,0.9716015,0.3370141,0.0898749,0.6666667,11.367911253546788
344.0,0.4796512,0.1162791,0.1366279,0.122905,0.9011628,0.0,0.7460317,0.0,0.0079365,0.106383,0.0873016,1.0,0.3262411,0.1,0.3333333,9.615805480084347
1739.0,0.4548591,0.0678551,0.2167913,0.2183544,0.8056354,0.0333525,0.628447,0.0087083,0.0232221,0.1040312,0.0580552,0.9782293,0.4109233,0.1118881,0.5555556,10.25769445336048
5671.0,0.4582966,0.0617175,0.1530594,0.1370443,0.8028566,0.0768824,0.7106623,0.0032879,0.0197276,0.0767563,0.0624706,0.9985909,0.3464874,0.0694289,0.2941176,10.50783084142058
7216.0,0.4787971,0.1463415,0.1334534,0.1183196,0.8321785,0.0552938,0.737428,0.0053743,0.0360845,0.0951719,0.1332054,0.984261,0.3139979,0.1264182,0.7111111,10.474495347310453
586.0,0.4658703,0.0,0.1706485,0.1182109,0.8532423,0.0,0.7051282,0.0213675,0.042735,0.0564516,0.0,0.991453,0.2217742,0.0,1.0,9.980494888896912
6504.0,0.4830873,0.00246,0.2496925,0.0963712,0.8705412,0.0,0.7525773,0.0031994,0.0415926,0.2192617,0.002133,0.9889797,0.194005,0.0638767,0.5742574,11.466891997618188
140.0,0.4714286,0.0,0.2642857,0.1756757,0.7857143,0.0,0.5606061,0.0,0.0151515,0.0958904,0.0,0.9848485,0.3287671,0.1538462,1.0,9.615805480084347
250.0,0.456,0.0,0.144,0.1764706,0.864,0.0,0.6969697,0.010101,0.030303,0.0660377,0.0,0.989899,0.2075472,0.1666667,1.0,9.615805480084347
75.0,0.48,0.0,0.24,0.1538462,0.8666667,0.0,0.6875,0.0,0.0,0.36,0.0,1.0,0.14,0.0,1.0,9.893487720457795
371.0,0.4743935,0.0,0.1590296,0.1384615,0.8894879,0.0,0.7222222,0.0,0.0069444,0.0526316,0.0,0.9930556,0.2039474,0.125,1.0,10.122663242288953
1789.0,0.4918949,0.0,0.2012297,0.1375138,0.8250419,0.0,0.6352201,0.0025157,0.0264151,0.178719,0.0,0.9874214,0.428719,0.0610687,0.9,10.360944044643913
7651.0,0.4736636,0.0020912,0.1395896,0.1082692,0.8362306,0.004836,0.6646586,0.0070281,0.0578983,0.0541311,0.0013387,0.9939759,0.3298512,0.0649351,0.4375,10.915106645867503
31282.0,0.4835369,0.0065533,0.1031264,0.0653627,0.8556358,0.0035164,0.690403,0.005123,0.053791,0.0514295,0.0063183,0.9634563,0.3938609,0.0570991,0.3851351,11.000448478455008
438.0,0.4931507,0.0136986,0.1004566,0.0810811,0.9315068,0.0,0.7931034,0.0086207,0.0344828,0.3371429,0.0172414,1.0,0.48,0.3870968,0.0,9.615805480084347
973.0,0.4861254,0.0781089,0.1140802,0.11,0.9157246,0.0,0.7900552,0.0027624,0.0138122,0.0788804,0.0828729,0.9972376,0.1984733,0.0806452,0.4444444,10.853232402669228
1696.0,0.4428066,0.0,0.3060142,0.2232804,0.7682783,0.0595519,0.6211096,0.0,0.014885,0.0865266,0.0,0.9972936,0.2262052,0.0751445,0.5714286,9.83097062169695
5968.0,0.5065349,0.0112265,0.0484249,0.0421053,0.912366,0.0,0.8144796,0.0070387,0.0517848,0.0501433,0.0120664,0.9869281,0.2488061,0.1201044,0.5,10.650199196425806
4382.0,0.4516203,0.0009128,0.2596988,0.1839367,0.8096759,0.0214514,0.6314406,0.0015773,0.0162986,0.0461384,0.0,0.9989485,0.3189569,0.0352734,0.6666667,10.250652418696085
564.0,0.5,0.0868794,0.1258865,0.1170213,0.893617,0.0,0.7409326,0.0103627,0.0259067,0.076555,0.0673575,0.9170984,0.354067,0.225,0.75,10.056251557087757
1485.0,0.4572391,0.0006734,0.2276094,0.1662531,0.840404,0.0,0.6449045,0.0,0.022293,0.04414,0.0,1.0,0.304414,0.0406977,0.6666667,10.370392636243981
2128.0,0.4821429,0.1203008,0.1179511,0.0998185,0.8834586,0.0014098,0.7486842,0.0026316,0.0578947,0.025641,0.0986842,0.9842105,0.1935897,0.0842105,0.4444444,11.298506245754995
2566.0,0.4879189,0.0058457,0.0693687,0.0692542,0.8826968,0.0,0.7569002,0.0063694,0.0605096,0.1490515,0.0095541,0.9723992,0.3414634,0.1106557,0.7142857,11.664796405307863
5085.0,0.4542773,0.3996067,0.1781711,0.1621622,0.8660767,0.0232055,0.7206522,0.0038043,0.0173913,0.0510572,0.3293478,0.9961957,0.3058277,0.1704225,0.1666667,10.094149233605084
2023.0,0.4962926,0.0004943,0.0978744,0.0569185,0.943648,0.0024716,0.8297162,0.0016694,0.0100167,0.0416,0.0016694,0.9866444,0.224,0.1944444,0.2857143,10.92415631759022
447.0,0.49217,0.0,0.0626398,0.0440529,0.8926174,0.0,0.7647059,0.0130719,0.0522876,0.0192308,0.0,1.0,0.1153846,0.0645161,0.0,10.628641991731053
8120.0,0.4589901,0.0146552,0.126601,0.1179149,0.8153941,0.0471675,0.6909272,0.0023264,0.0471918,0.0602748,0.0099701,0.9717514,0.3497814,0.0562061,0.6666667,11.775297421715827
678.0,0.4985251,0.0,0.2271386,0.1411765,0.879056,0.0,0.7069597,0.0,0.007326,0.125,0.0,1.0,0.224359,0.1454545,0.5,9.814710982145282
189126.0,0.4751065,0.1854478,0.1306589,0.0971381,0.782748,0.0503368,0.6525229,0.00494,0.0758087,0.0635819,0.1591215,0.9654493,0.2764257,0.0997832,0.4130435,10.635879484421974
2004.0,0.4810379,0.0,0.1247505,0.0826923,0.8902196,0.0,0.75,0.0040323,0.0362903,0.0350195,0.0,1.0,0.2542153,0.0738916,0.0,10.922352923113982
484.0,0.4628099,0.7623967,0.1198347,0.1269231,0.8987603,0.0,0.7125,0.00625,0.0125,0.1160221,0.65625,1.0,0.3756906,0.2307692,1.0,10.034559673629849
3748.0,0.4533084,0.0010672,0.184365,0.1620303,0.8468517,0.0,0.6687154,0.0006146,0.0159803,0.0818284,0.0018439,0.9993854,0.3267494,0.0566728,0.5,10.328787967145063
313.0,0.5111821,0.0,0.14377,0.0915033,0.942492,0.0,0.8508772,0.0,0.0087719,0.0338983,0.0,0.9824561,0.2627119,0.1428571,0.0,10.643064971973882
2148.0,0.4599628,0.070298,0.1703911,0.1801724,0.8319367,0.0,0.6561181,0.0031646,0.0316456,0.0714985,0.0622363,0.9989451,0.3271303,0.0459016,0.6666667,10.491301994830229
4976.0,0.4843248,0.2393489,0.1684084,0.1118472,0.8934887,0.005627,0.7585434,0.005042,0.0257703,0.1556291,0.2078431,0.9445378,0.3434248,0.2141454,0.5588235,10.36410350510914
227.0,0.4845815,0.0572687,0.1585903,0.0854701,0.907489,0.0,0.8095238,0.0238095,0.0357143,0.0344828,0.0357143,0.9880952,0.0689655,0.04,0.0,10.666650414667744
191.0,0.4397906,0.0052356,0.2460733,0.2149533,0.8324607,0.0,0.627907,0.0,0.0,0.1568627,0.0116279,1.0,0.254902,0.0,1.0,9.680406499268875
11860.0,0.4610455,0.0166105,0.2079258,0.1386108,0.7641653,0.0332209,0.6126368,0.0021125,0.062416,0.0515483,0.0147878,0.9925101,0.3335155,0.0295625,0.4,11.342149006315793
2370.0,0.4721519,0.0,0.1725738,0.1358913,0.8202532,0.0,0.6189055,0.0,0.0358209,0.0491958,0.0,0.9970149,0.3027436,0.066787,1.0,10.950824090522445
8327.0,0.4806053,0.4247628,0.0661703,0.0675145,0.9113726,0.0063648,0.7970093,0.0078505,0.0373832,0.1168703,0.3629907,0.9734579,0.3872565,0.1742739,0.7166667,10.510559281627845
189.0,0.4867725,0.1640212,0.2116402,0.1443299,0.8465608,0.0,0.6538462,0.0,0.0128205,0.1875,0.1410256,0.9871795,0.3333333,0.125,0.0,10.098272780745283
5094.0,0.4538673,0.0035336,0.2294857,0.1718188,0.7196702,0.1301531,0.6396588,0.0021322,0.0399787,0.0379487,0.0015991,0.9973348,0.4466667,0.0422164,0.6363636,10.911463720944793
149.0,0.5771812,0.0,0.0134228,0.0,0.8187919,0.1409396,0.8695652,0.0,0.0,0.0612245,0.0,1.0,0.6122449,0.0769231,0.0,10.177362240256695
2318.0,0.4158758,0.0017256,0.177308,0.1129985,0.7355479,0.163503,0.7267833,0.0013459,0.0228802,0.0400517,0.0,1.0,0.2661499,0.0625,0.5555556,10.626217806887722
9626.0,0.5008311,0.0378143,0.0790567,0.055359,0.9058799,0.0,0.7956656,0.0086687,0.0510836,0.0678211,0.0291022,0.9201238,0.2712843,0.1438596,0.0892857,11.72157244693173
592.0,0.4341216,0.0,0.214527,0.2089552,0.8513514,0.0,0.6757812,0.0,0.015625,0.1606557,0.0,0.9960938,0.3639344,0.0578512,0.75,10.332050506334692
1206.0,0.4767828,0.0041459,0.1393035,0.1362916,0.8524046,0.0621891,0.7858942,0.0050378,0.0327456,0.0456731,0.0,0.9899244,0.3221154,0.1383648,1.0,10.515993929932415
1580.0,0.4525316,0.0012658,0.1835443,0.1514451,0.8310127,0.0164557,0.6920635,0.0063492,0.0634921,0.1721419,0.0015873,0.9984127,0.3390276,0.0432432,0.3,11.252871529635922
183521.0,0.4644918,0.3394979,0.1176487,0.0979171,0.7548074,0.0469756,0.6155397,0.0037915,0.0795942,0.0684732,0.2978039,0.9922969,0.3795128,0.0595609,0.3952739,10.992066340225865
38736.0,0.4986834,0.0086999,0.0242668,0.0183841,0.9280772,0.0,0.8398372,0.0034315,0.0476418,0.0336983,0.007661,0.9940148,0.0969309,0.0725995,0.3069767,11.300981463909618
191.0,0.5287958,0.0,0.1832461,0.1333333,0.9371728,0.0,0.8032787,0.0,0.0,0.2077922,0.0,1.0,0.2467532,0.4444444,1.0,10.526775414924009
142.0,0.5140845,0.0985915,0.1549296,0.173913,0.915493,0.0,0.7843137,0.0,0.0196078,0.0192308,0.0980392,0.9607843,0.1346154,0.2,0.0,10.2328272702548
3627.0,0.4551971,0.0261924,0.2012683,0.1725709,0.8122415,0.0581748,0.6914817,0.0042949,0.0229062,0.0554429,0.0193271,0.9985684,0.3258959,0.0914397,0.7272727,10.451637862362272
1541.0,0.5275795,0.3465282,0.0856587,0.0673077,0.6294614,0.3173264,0.7949438,0.002809,0.0196629,0.0430108,0.2921348,0.997191,0.188172,0.1449275,0.3333333,10.645448706505872
4583.0,0.4780711,0.1110626,0.1385555,0.0953177,0.8518438,0.0157102,0.7156569,0.0077984,0.0587882,0.0474286,0.0983803,0.8446311,0.3651429,0.1558642,0.7777778,11.146214615088313
43.0,0.4883721,0.0,0.2093023,0.0454545,0.9767442,0.0,0.9333333,0.0,0.0,0.1176471,0.0,1.0,0.1764706,0.0,0.0,9.615805480084347
15614.0,0.4713718,0.1852824,0.1040733,0.0816574,0.7250544,0.1248239,0.6877864,0.0035864,0.0878661,0.0773897,0.1745368,0.9822674,0.315625,0.0919315,0.1167883,11.299744620670225
119.0,0.4537815,0.0,0.2521008,0.1384615,0.8571429,0.0,0.7090909,0.0,0.0181818,0.3292683,0.0,0.9818182,0.2926829,0.1428571,0.75,9.615805480084347
1724.0,0.4756381,0.00058,0.162413,0.1294248,0.8683295,0.0,0.7004342,0.0014472,0.024602,0.1072351,0.0014472,0.9956585,0.3333333,0.1069519,1.0,9.809231816610408
552.0,0.4927536,0.0,0.1666667,0.15,0.8387681,0.0,0.6283186,0.0,0.0221239,0.1307692,0.0,0.9955752,0.2653846,0.1129032,0.8333333,10.285376924115587
264.0,0.4583333,0.0,0.1590909,0.0979021,0.9090909,0.0,0.7325581,0.0,0.0116279,0.1568627,0.0,1.0,0.3333333,0.1666667,0.0,10.181157167204903
112.0,0.5178571,0.0267857,0.0892857,0.0740741,0.7678571,0.0,0.6363636,0.0,0.0909091,0.1129032,0.0363636,1.0,0.016129,0.0,0.8,12.08164822965012
731.0,0.4692202,0.0,0.2599179,0.2061856,0.8030096,0.0,0.5850746,0.0,0.0149254,0.0994624,0.0,1.0,0.2419355,0.0757576,0.8,9.76428295481558
317.0,0.4858044,0.318612,0.1861199,0.1595092,0.8927445,0.0,0.7288136,0.0,0.0169492,0.1972789,0.3050847,1.0,0.292517,0.25,0.0,9.615805480084347
180.0,0.4833333,0.0,0.1833333,0.1290323,0.8944444,0.0,0.75,0.0,0.0138889,0.0886076,0.0,1.0,0.3164557,0.0714286,0.0,9.792611856190192
24.0,0.6666667,0.0,0.2916667,0.0,0.6666667,0.0,0.4285714,0.0,0.0,0.3333333,0.0,1.0,0.5238095,0.0,0.0,9.615805480084347
267.0,0.4531835,0.0,0.164794,0.1917808,0.8501873,0.0,0.6486486,0.0,0.009009,0.075,0.0,1.0,0.3083333,0.0869565,0.6666667,10.012386799492118
591.0,0.499154,0.0033841,0.1658206,0.1047297,0.857868,0.0,0.6991525,0.0084746,0.0466102,0.059761,0.0,1.0,0.1832669,0.1086957,0.0,10.261196961231647
278.0,0.4532374,0.0035971,0.1906475,0.1315789,0.8884892,0.0,0.7238095,0.0095238,0.0095238,0.0948276,0.0,0.9904762,0.2413793,0.125,0.5,9.615805480084347
1248.0,0.4959936,0.0008013,0.1570513,0.1033386,0.8429487,0.0304487,0.723176,0.0064378,0.0493562,0.0063966,0.0,0.9957082,0.2409382,0.05,0.0,10.847412906506923
34298.0,0.4695318,0.0112251,0.1107353,0.076069,0.6748498,0.1463642,0.6555736,0.0032509,0.1062537,0.0312448,0.0102661,0.9942681,0.3270346,0.0551887,0.4444444,10.67130147767883
1353.0,0.4915004,0.0007391,0.2054693,0.1206395,0.8263119,0.0,0.6596859,0.0017452,0.0628272,0.427,0.0,0.9930192,0.373,0.0769231,0.9047619,10.609081944147828
252.0,0.4761905,0.2261905,0.1706349,0.1969697,0.8095238,0.0,0.5714286,0.0,0.0285714,0.0789474,0.1714286,1.0,0.4561404,0.0555556,0.0,9.615805480084347
1996.0,0.4579158,0.009519,0.1853707,0.1340111,0.8667335,0.008517,0.7203065,0.0025543,0.0293742,0.0722749,0.00894,0.9923372,0.2938389,0.070922,0.625,10.268165387743457
1153.0,0.4588031,0.0,0.2905464,0.1891026,0.7970512,0.0026019,0.6033835,0.0018797,0.0300752,0.0811744,0.0,1.0,0.2901554,0.0406504,0.3636364,10.203629181337648
1531.0,0.4532985,0.0019595,0.1959504,0.167264,0.7740039,0.0065317,0.5737463,0.0044248,0.0530973,0.0712329,0.0014749,0.9926254,0.3972603,0.0464396,0.1666667,10.55843949396453
4674.0,0.495721,0.0049208,0.0838682,0.0623674,0.8917415,0.0,0.7678256,0.0076606,0.0530348,0.0352473,0.0041249,0.9911609,0.291643,0.0752033,0.4117647,11.221248757912162
3677.0,0.4963285,0.0459614,0.0315475,0.025378,0.853957,0.0516726,0.7987132,0.0128676,0.0707721,0.1190283,0.0349265,0.8805147,0.2267206,0.2058824,0.9166667,10.499600568082863
2125.0,0.4696471,0.1444706,0.1816471,0.1703638,0.8545882,0.0249412,0.7240566,0.0035377,0.0212264,0.0546265,0.1332547,0.9964623,0.3522854,0.0645161,0.5555556,10.214678610538817
301.0,0.4784053,0.0,0.1229236,0.089172,0.9401993,0.0,0.8387097,0.0,0.0322581,0.07,0.0,0.8387097,0.06,0.1578947,0.0,9.729193687429403
20882.0,0.4858251,0.0511924,0.0837563,0.0665922,0.7717173,0.0786323,0.6948875,0.0084526,0.0785276,0.0680981,0.0489434,0.9732788,0.3944861,0.0872483,0.2133333,10.975088291957388
264.0,0.4924242,0.0,0.2424242,0.1865672,0.844697,0.0,0.6785714,0.0,0.0267857,0.1450382,0.0,0.9910714,0.3664122,0.037037,0.0,10.007892611890918
304011.0,0.4857028,0.1128282,0.1238606,0.0863372,0.8147238,0.0149172,0.6465529,0.0044625,0.0533148,0.0875108,0.098589,0.9650707,0.3939024,0.0749521,0.4249395,10.635879484421974
295.0,0.4779661,0.0,0.1830508,0.1298701,0.8644068,0.0,0.6949153,0.0,0.0338983,0.0708661,0.0,1.0,0.2598425,0.1,0.5,10.007892611890918
7892.0,0.4884693,0.0089965,0.1058033,0.0666336,0.8996452,0.0016472,0.7893824,0.0052047,0.0475364,0.1099444,0.0069396,0.9503817,0.2470661,0.1003086,0.5346535,11.18859323930985
654.0,0.4480122,0.4266055,0.1743119,0.1468144,0.8685015,0.0,0.6961538,0.0038462,0.0230769,0.1216216,0.4038462,0.9923077,0.3412162,0.0909091,0.6666667,10.038935856711177
862.0,0.4582367,0.7320186,0.1032483,0.1199143,0.8990719,0.0,0.7354839,0.0,0.016129,0.1091954,0.7451613,0.9903226,0.4770115,0.1176471,0.8333333,10.25769445336048
500.0,0.504,0.17,0.124,0.1370968,0.782,0.102,0.6923077,0.0,0.010989,0.1121951,0.1813187,1.0,0.2682927,0.0666667,0.0,10.584081267024454
9178.0,0.4980388,0.0080628,0.1296579,0.0664207,0.9492264,0.0051209,0.8769386,0.0013486,0.0121376,0.0469152,0.0070802,0.9774107,0.0330977,0.1532258,0.3888889,12.759960632315702
5382.0,0.4804905,0.0022297,0.2439614,0.0972818,0.8290598,0.000929,0.6932104,0.0067058,0.0624476,0.2255761,0.0025147,0.9480302,0.3683869,0.0821705,0.3934426,12.252961002410009
1590.0,0.5075472,0.0176101,0.0691824,0.0383142,0.9056604,0.0,0.7726397,0.0096339,0.0423892,0.1291946,0.0231214,0.6917148,0.4328859,0.195122,0.3030303,10.778977123006351
1498.0,0.5220294,0.0020027,0.123498,0.0712291,0.8751669,0.0173565,0.7528517,0.0,0.0437262,0.1391162,0.0019011,0.7623574,0.507365,0.2227074,0.4444444,10.203629181337648
198.0,0.4494949,0.010101,0.3282828,0.1926606,0.8181818,0.0,0.6195652,0.0,0.0108696,0.3082707,0.0108696,1.0,0.3533835,0.0,1.0,9.615805480084347
944.0,0.4661017,0.0010593,0.1461864,0.1111111,0.8824153,0.0,0.7280453,0.0113314,0.0254958,0.0407609,0.0028329,1.0,0.1440217,0.1333333,0.3333333,10.494075844768336
1949.0,0.4925603,0.0030785,0.1688045,0.1648129,0.8368394,0.0261673,0.6923077,0.0067476,0.0323887,0.2415558,0.0013495,0.8609987,0.5394063,0.106383,0.6956522,10.318935994253193
1151.0,0.4396177,0.0,0.2945265,0.2418605,0.7923545,0.0790617,0.6888889,0.0,0.0155556,0.0740741,0.0,0.9955556,0.1625514,0.1075269,1.0,9.862717639992917
1013.0,0.4560711,0.0049358,0.2862784,0.2105263,0.7778875,0.065153,0.6555819,0.0071259,0.0261283,0.0496614,0.0023753,1.0,0.261851,0.079646,0.3333333,10.30229722897745
1060.0,0.4792453,0.0,0.1575472,0.0833333,0.9028302,0.0,0.7701711,0.002445,0.0171149,0.0353774,0.0,0.99511,0.1509434,0.0512821,1.0,10.84546552414626
104.0,0.5384615,0.0,0.1442308,0.125,0.875,0.0,0.7,0.0,0.025,0.2982456,0.0,1.0,0.4035088,0.125,0.6666667,9.615805480084347
394.0,0.4619289,0.0,0.1192893,0.1603774,0.8629442,0.0,0.6753247,0.0,0.025974,0.2631579,0.0,1.0,0.4641148,0.1525424,0.8,9.615805480084347
495.0,0.4989899,0.0,0.1151515,0.0806452,0.9373737,0.0,0.8370787,0.0,0.011236,0.0481283,0.0,0.988764,0.2620321,0.1363636,1.0,10.150386692204734
965.0,0.4611399,0.0435233,0.253886,0.2096154,0.7948187,0.1119171,0.7683924,0.0,0.013624,0.1113801,0.0163488,0.9945504,0.1961259,0.1111111,0.6923077,11.160541302448653
1287.0,0.4731935,0.003108,0.1017871,0.0899705,0.8313908,0.0,0.6791745,0.0,0.0769231,0.1026936,0.0018762,0.9756098,0.1818182,0.0530973,0.8837209,11.990407312509369
366.0,0.5054645,0.0409836,0.1666667,0.198895,0.8306011,0.0,0.6624204,0.0063694,0.044586,0.155914,0.0509554,1.0,0.311828,0.0625,1.0,10.012386799492118
5396.0,0.47702,0.005189,0.147146,0.1020553,0.7898443,0.0492958,0.6549094,0.0047664,0.0524309,0.0765845,0.0038132,0.9923737,0.3041373,0.0722733,0.3333333,10.480129006333248
419.0,0.5202864,0.0,0.1575179,0.159204,0.8305489,0.0,0.6140351,0.0,0.0292398,0.05,0.0,1.0,0.3444444,0.1126761,0.0,10.05195066017375
223.0,0.4798206,0.0,0.3139013,0.2068966,0.8744395,0.0,0.7021277,0.0,0.0,0.0693069,0.0,1.0,0.1782178,0.25,0.0,10.203629181337648
918.0,0.4803922,0.0021786,0.2167756,0.1551363,0.8257081,0.0326797,0.6789474,0.0026316,0.0157895,0.124424,0.0026316,0.9921053,0.2672811,0.1428571,0.6666667,10.16203685698089
23501.0,0.4921067,0.0057444,0.1351432,0.0635054,0.8573252,0.0121271,0.7464349,0.0028966,0.0688503,0.0317152,0.0046791,0.9720365,0.1881338,0.0325165,0.3902439,12.616196883019061
21633.0,0.460269,0.0877363,0.1554107,0.1270983,0.8413535,0.0115564,0.6707403,0.0039953,0.0371328,0.075904,0.079436,0.979906,0.3092627,0.1017662,0.5824176,10.21833478806055
2107.0,0.4755577,0.0161367,0.0882772,0.0914027,0.9140959,0.0,0.7848276,0.0013793,0.0275862,0.0410053,0.0151724,0.9986207,0.1878307,0.0583942,0.3571429,10.847412906506923
1784.0,0.4680493,0.0,0.2808296,0.2128556,0.7668161,0.0554933,0.6270053,0.0040107,0.0334225,0.0822086,0.0,0.9852941,0.3656442,0.0474453,0.2222222,10.335302435967074
243.0,0.4855967,0.2098765,0.1893004,0.16,0.8600823,0.0,0.6923077,0.0,0.0192308,0.1034483,0.2019231,1.0,0.2844828,0.047619,0.3333333,10.647826772357497
9248.0,0.4839965,0.0163279,0.1216479,0.0982816,0.9099265,0.0032439,0.7928958,0.0024082,0.0295003,0.0249486,0.0171583,0.9843468,0.1922512,0.0391608,0.0588235,11.680141844155234
888.0,0.4943694,0.0,0.152027,0.1113586,0.8310811,0.0,0.6850829,0.0138122,0.0552486,0.0242588,0.0,0.9944751,0.212938,0.039604,0.0,10.961295207644392
4443.0,0.5158677,0.0027009,0.0375872,0.0320781,0.9196489,0.0,0.8263081,0.0094477,0.0552326,0.0129125,0.0021802,0.9992733,0.1370158,0.1076923,0.3,11.250274159310356
278.0,0.4316547,0.0071942,0.1942446,0.2088608,0.8489209,0.0,0.6825397,0.0,0.015873,0.1,0.0079365,1.0,0.2857143,0.1052632,1.0,9.957075711706057
760.0,0.4592105,0.4421053,0.1828947,0.1459854,0.9065789,0.0,0.7647059,0.0,0.0110294,0.0841751,0.3639706,1.0,0.2356902,0.2473118,1.0,10.221977646629885
1568.0,0.4808673,0.002551,0.1205357,0.1117936,0.869898,0.0306122,0.7593284,0.005597,0.0354478,0.0710572,0.0018657,0.9981343,0.2651646,0.1566265,0.1428571,11.326607934898927
3987.0,0.4690243,0.0007524,0.2141961,0.1554086,0.8266867,0.0035114,0.6524741,0.0074799,0.0310702,0.0349806,0.0,0.9971231,0.2687396,0.038674,0.1666667,10.803669227477098
3966.0,0.4962179,0.0196672,0.0660615,0.0540541,0.8091276,0.0,0.6414532,0.0041691,0.080405,0.1102279,0.0208457,0.967838,0.5193429,0.0220653,0.8461538,11.77760243768057
1583.0,0.4680985,0.385976,0.0909665,0.0985748,0.8989261,0.004422,0.7557118,0.0035149,0.0210896,0.1205564,0.3655536,0.9964851,0.3415765,0.1076233,0.8,10.529452721013085
4633.0,0.5993956,0.1081373,0.0006475,0.0021552,0.6812001,0.3002374,0.936212,0.0,0.0186457,0.0304472,0.0853778,0.9538763,0.168411,0.121063,0.0,0.0
2214.0,0.4796748,0.0980126,0.1336947,0.1284722,0.9060524,0.0,0.7683073,0.002401,0.0156062,0.0713489,0.0816327,1.0,0.3979933,0.125,0.8,9.781376414141157
1555.0,0.4733119,0.0006431,0.2128617,0.1221001,0.8713826,0.0,0.7142857,0.0033223,0.038206,0.0274637,0.0,0.9950166,0.2019386,0.0816327,0.5,11.245059091624615
455.0,0.4879121,0.0087912,0.1758242,0.1416309,0.8395604,0.0,0.6868687,0.0,0.0505051,0.0341463,0.0151515,0.9949495,0.2682927,0.0188679,1.0,10.650199196425806
2078.0,0.5028874,0.0076997,0.126564,0.0929332,0.9023099,0.0182868,0.8259669,0.0041436,0.0372928,0.0189702,0.0069061,0.9986188,0.0555556,0.1234568,0.0,11.298506245754995
747.0,0.4912985,0.0,0.1981258,0.1447368,0.8206158,0.0,0.632716,0.0061728,0.0308642,0.0949721,0.0,1.0,0.4832402,0.1067961,1.0,9.83097062169695
372.0,0.5107527,0.0,0.1263441,0.0604396,0.8870968,0.0,0.75,0.0,0.05,0.0849673,0.0,1.0,0.2418301,0.0454545,0.2,9.680406499268875
282.0,0.4574468,0.2801418,0.2092199,0.2418301,0.8475177,0.0,0.6639344,0.0,0.0163934,0.1029412,0.2786885,1.0,0.3382353,0.0769231,0.0,9.893487720457795
2097.0,0.494516,0.0014306,0.0762995,0.0462264,0.896042,0.0,0.7780749,0.0053476,0.0601604,0.0222222,0.0013369,0.9852941,0.2509804,0.1157895,0.2857143,11.277215789596893
745.0,0.4912752,0.0053691,0.0872483,0.0844327,0.895302,0.0,0.7718631,0.0076046,0.0418251,0.1488673,0.0038023,0.9847909,0.4530744,0.0689655,0.625,10.021315031649332
856.0,0.4485981,0.0011682,0.2149533,0.1694915,0.8469626,0.0,0.6558266,0.0,0.0108401,0.0955882,0.00271,0.9945799,0.254902,0.0425532,0.5,9.615805480084347
1282.0,0.4672387,0.0078003,0.2035881,0.1566618,0.8556942,0.0483619,0.756871,0.0021142,0.0147992,0.0327198,0.0042283,1.0,0.2740286,0.0673077,0.8333333,10.315630315397533
54315.0,0.4719691,0.0079904,0.1367946,0.1070781,0.8395839,0.0186505,0.6943353,0.0058208,0.0444844,0.050036,0.0066253,0.9819696,0.3573548,0.076697,0.3303965,10.434145214930487
292.0,0.4691781,0.0,0.1815068,0.1225806,0.869863,0.0,0.6929825,0.0087719,0.0175439,0.1428571,0.0,1.0,0.1353383,0.2272727,1.0,9.76428295481558
286.0,0.5,0.0,0.0804196,0.0559441,0.8916084,0.0,0.7575758,0.020202,0.0505051,0.1160714,0.0,0.979798,0.3571429,0.0526316,1.0,10.030164255362632
461.0,0.4967462,0.0281996,0.1822126,0.125,0.8915401,0.0,0.7567568,0.0,0.027027,0.1435185,0.027027,0.9945946,0.3194444,0.0810811,1.0,10.332050506334692
137.0,0.5182482,0.0,0.0948905,0.0909091,0.9416058,0.0,0.84,0.0,0.0,0.122807,0.0,0.94,0.2807018,0.1818182,1.0,9.99884318585288
1388.0,0.454611,0.0,0.2716138,0.2219287,0.7680115,0.0360231,0.5918033,0.0032787,0.0245902,0.1689373,0.0,0.9934426,0.2888283,0.068323,0.8333333,9.989711119284745
1064.0,0.5018797,0.6738722,0.1268797,0.1056604,0.9097744,0.0,0.7688312,0.0025974,0.012987,0.2652672,0.6363636,0.9922078,0.3187023,0.115942,0.8,10.797553125151618
1024.0,0.5048828,0.0,0.0683594,0.0394477,0.9414062,0.0,0.8597561,0.0,0.0335366,0.115903,0.0,0.9908537,0.1671159,0.1818182,0.75,11.277215789596893
165.0,0.4848485,0.0,0.2,0.2117647,0.8848485,0.0,0.7164179,0.0,0.0,0.1518987,0.0,1.0,0.3544304,0.0,0.0,9.857495968685136
44630.0,0.4579431,0.0133991,0.1778176,0.1215278,0.7725969,0.0047726,0.6017854,0.0014879,0.0914501,0.0309974,0.0120091,0.9875126,0.2748571,0.0406725,0.4393939,12.095146671399466
132.0,0.5075758,0.0,0.2348485,0.2,0.8560606,0.0,0.6896552,0.0,0.0172414,0.2658228,0.0,0.9655172,0.3417722,0.0833333,0.6666667,9.615805480084347
585.0,0.5196581,0.0034188,0.1042735,0.0355872,0.9264957,0.0,0.8357488,0.0,0.0434783,0.0633484,0.0,1.0,0.1674208,0.1481481,0.6,10.030164255362632
203.0,0.4975369,0.0,0.2463054,0.1568627,0.8571429,0.0,0.6818182,0.0,0.0113636,0.0833333,0.0,1.0,0.3541667,0.0,0.0,9.615805480084347
8596.0,0.485342,0.0040717,0.1248255,0.0978752,0.8687762,0.001745,0.724412,0.0073109,0.0591227,0.1870801,0.0038144,0.9723458,0.3136951,0.1130524,0.4716981,11.604601777542019
2526.0,0.4924782,0.0063341,0.0645289,0.0553822,0.9117181,0.0,0.7891892,0.0032432,0.0281081,0.0170032,0.0054054,0.9924324,0.1445271,0.0522088,0.0,10.904137815028022
473.0,0.4756871,0.0,0.2283298,0.108871,0.9069767,0.0,0.7717391,0.0,0.0108696,0.1196172,0.0,0.9945652,0.1483254,0.1818182,0.8,10.134638955251866
65585.0,0.4916063,0.0657315,0.1159411,0.0984315,0.8037204,0.0442784,0.6766,0.0031128,0.065867,0.0715222,0.050552,0.9432639,0.3599229,0.0891223,0.5252918,11.961456448214491
1145.0,0.4366812,0.0,0.330131,0.2666667,0.7039301,0.1633188,0.638404,0.0024938,0.0174564,0.0907029,0.0,1.0,0.3356009,0.0797546,0.7142857,10.211009016314167
2531.0,0.4575267,0.0003951,0.2007112,0.1551347,0.8186488,0.0406954,0.6733668,0.0020101,0.0231156,0.0778499,0.0,0.9929648,0.2882298,0.1243094,0.8,10.39821428171237
4128.0,0.4636628,0.1247578,0.1906492,0.1684734,0.7659884,0.0583818,0.6179275,0.0076287,0.058487,0.1390257,0.1036236,0.9326128,0.4356869,0.0697115,0.7142857,11.10045084755119
250.0,0.492,0.0,0.244,0.1338583,0.824,0.0,0.6216216,0.0,0.018018,0.1526718,0.0,1.0,0.221374,0.05,1.0,9.615805480084347
109.0,0.5688073,0.0,0.0091743,0.0,0.8440367,0.0,0.6734694,0.0,0.0204082,0.9522417,0.0,0.9795918,0.8421053,0.0857143,1.0,11.54346436927906
2069.0,0.5070082,0.0033833,0.1416143,0.1098039,0.8342194,0.0198163,0.6658196,0.0063532,0.0368488,0.117713,0.0050826,0.86277,0.5313901,0.1141304,0.6,10.74937727911096
284.0,0.4647887,0.0,0.1725352,0.1513158,0.8274648,0.0,0.6460177,0.0088496,0.0442478,0.0737705,0.0,1.0,0.204918,0.0769231,0.6666667,9.615805480084347
1634.0,0.4553244,0.0128519,0.2368421,0.158427,0.871481,0.0,0.7094891,0.0014599,0.0131387,0.0730717,0.0131387,0.9678832,0.2733424,0.0840708,0.6363636,10.428245666832275
18374.0,0.5090345,0.0156743,0.0579623,0.0462255,0.9189072,0.0029934,0.8217369,0.0086338,0.0475707,0.0384177,0.014559,0.825292,0.2028325,0.2213592,0.325,11.846543632608535
15431.0,0.4779988,0.5748817,0.0490571,0.0469274,0.9378524,0.0,0.8376963,0.005445,0.0274346,0.0453818,0.5440838,0.9788482,0.0707717,0.1810155,0.4565217,11.041336579870135
440.0,0.475,0.0,0.2522727,0.2034632,0.8136364,0.0,0.622449,0.0153061,0.0306122,0.1210762,0.0,1.0,0.3318386,0.02,1.0,9.615805480084347
11114.0,0.4981105,0.1223682,0.0477776,0.038365,0.9089437,0.0029692,0.8166008,0.0036891,0.055336,0.0990028,0.1196311,0.9422925,0.140076,0.1086957,0.3521127,11.274680966120778
3508.0,0.4897377,0.0031357,0.0701254,0.0575419,0.9732041,0.0,0.9118727,0.001224,0.0183599,0.0180288,0.003672,0.875153,0.4615385,0.3118971,0.0,11.649211809228195
290.0,0.4862069,0.0655172,0.2103448,0.1342282,0.8448276,0.0,0.6694215,0.0082645,0.0330579,0.1037037,0.0826446,1.0,0.4740741,0.1666667,1.0,9.615805480084347
588.0,0.4727891,0.0,0.2329932,0.1548387,0.8384354,0.0,0.6454183,0.0,0.0199203,0.2393939,0.0,0.9960159,0.3212121,0.0847458,0.9,9.62251624577579
599.0,0.4691152,0.0,0.2287145,0.1603774,0.851419,0.0,0.6585366,0.004065,0.0121951,0.1086957,0.0,0.995935,0.2644928,0.0769231,0.5,9.615805480084347
2572.0,0.4930016,0.0167185,0.2655521,0.0705521,0.9272939,0.0,0.8516791,0.0027985,0.0242537,0.1976048,0.0139925,0.983209,0.1699102,0.1020408,0.2463768,11.454247073019193
3384.0,0.4739953,0.0059102,0.1489362,0.0955056,0.8862293,0.0171395,0.7931915,0.0051064,0.0442553,0.0431596,0.0068085,0.8289362,0.237785,0.1895911,0.125,12.160557363077048
3526.0,0.4914918,0.0110607,0.2450369,0.1143335,0.885139,0.0005672,0.7610319,0.0020367,0.0305499,0.3084507,0.0074678,0.9904956,0.4464789,0.1167315,0.5368421,10.563620718477313
131.0,0.4503817,0.5725191,0.1679389,0.1944444,0.8854962,0.0,0.7234043,0.0,0.0425532,0.0961538,0.4468085,1.0,0.2692308,0.0833333,1.0,10.407318772389159
780.0,0.4948718,0.0,0.1666667,0.1218274,0.8551282,0.0,0.6840391,0.009772,0.0325733,0.0997067,0.0,1.0,0.3753666,0.0909091,0.6,9.723223876851618
4320.0,0.4976852,0.0099537,0.1037037,0.0880184,0.8803241,0.0273148,0.7607586,0.0043764,0.0306346,0.039916,0.0,0.7111597,0.5266106,0.2,0.4545455,10.817796321618971
663.0,0.4690799,0.1191554,0.2624434,0.1761364,0.7993967,0.0,0.6241611,0.0033557,0.0436242,0.2836538,0.0973154,0.9932886,0.3966346,0.0980392,0.625,10.069044362997353
140.0,0.4714286,0.4285714,0.1928571,0.1081081,0.9357143,0.0,0.8367347,0.0,0.0204082,0.1833333,0.3265306,1.0,0.1833333,0.25,1.0,10.281958234245314
4905.0,0.4664628,0.0130479,0.1920489,0.111196,0.8839959,0.0022426,0.7580311,0.0010363,0.0357513,0.019807,0.0119171,0.9963731,0.0863382,0.027907,0.3333333,11.06977406588073
963.0,0.4963655,0.0,0.1682243,0.0927835,0.827622,0.0,0.6649351,0.0077922,0.0701299,0.0102828,0.0,0.9974026,0.2724936,0.0291971,0.0,10.789339695269716
3827.0,0.472694,0.0047034,0.1460674,0.1050545,0.8740528,0.0198589,0.7471831,0.0056338,0.0232394,0.0803109,0.0049296,0.9943662,0.2888601,0.0845771,0.1785714,10.494075844768336
1396.0,0.3531519,0.0014327,0.743553,0.4496124,0.5981375,0.0,0.4043243,0.0010811,0.0097297,0.1148325,0.0010811,0.9967568,0.7933014,0.0,0.35,10.376642461280849
2636.0,0.443475,0.2909712,0.2549317,0.2324472,0.7871775,0.0792868,0.6608607,0.005123,0.017418,0.1094891,0.2192623,0.9928279,0.3220803,0.1205479,0.45,10.34177474101152
17135.0,0.4839218,0.0908666,0.06904,0.0546195,0.8454625,0.0003502,0.7086903,0.0099449,0.0878213,0.0376914,0.0890453,0.9305386,0.3982627,0.0951123,0.0731707,11.437134538982278
1726.0,0.4681344,0.0017381,0.2143685,0.1481481,0.8377752,0.0133256,0.6761905,0.0013605,0.0204082,0.091471,0.0013605,0.9931973,0.2262052,0.0677966,0.6428571,10.085850775128717
237.0,0.4472574,0.0,0.1898734,0.129771,0.8818565,0.0,0.7171717,0.0,0.0,0.1610169,0.0,1.0,0.3728814,0.0454545,0.75,10.038935856711177
1006.0,0.4552684,0.0,0.2027833,0.1624088,0.8429423,0.0,0.6742081,0.0045249,0.0226244,0.1316306,0.0,1.0,0.4145383,0.0522876,0.4,10.134638955251866
1176.0,0.454932,0.0008503,0.2576531,0.1856474,0.7789116,0.0867347,0.6791569,0.0046838,0.0351288,0.1195876,0.0023419,0.9976581,0.3340206,0.0787402,0.4444444,9.87822102528824
11451.0,0.4808314,0.0054144,0.2156144,0.1179142,0.8353856,0.0201729,0.7055044,0.0055686,0.0486185,0.0647035,0.0027843,0.9875776,0.3084936,0.0900538,0.2758621,11.060384472475045
25.0,0.6,0.0,0.0,0.0,0.8,0.0,0.6666667,0.0,0.0833333,0.8181818,0.0,1.0,0.9242424,0.0,1.0,9.61587214452889
292.0,0.4520548,0.0,0.2123288,0.1,0.9041096,0.0,0.773913,0.0,0.0173913,0.375,0.0,0.8086957,0.3695652,0.1666667,1.0,10.55323128448846
339.0,0.4837758,0.0058997,0.020649,0.0342857,0.9174041,0.0,0.7931034,0.0086207,0.0172414,0.1278195,0.0086207,0.7844828,0.3684211,0.1186441,0.0,10.515993929932415
11026.0,0.4752403,0.0078904,0.1072919,0.0947114,0.8906222,0.0095229,0.7695898,0.0044215,0.0311963,0.032557,0.0081061,0.9985262,0.3079848,0.0859617,0.4516129,10.694237736914808
1871.0,0.4270444,0.2100481,0.2437199,0.2024254,0.8145377,0.0593266,0.6842837,0.0041725,0.0097357,0.1531213,0.1919332,0.9944367,0.4322733,0.1343874,0.7407407,10.003378135350923
675.0,0.5111111,0.0,0.3066667,0.1545455,0.7585185,0.0266667,0.6,0.0030303,0.0333333,0.7219882,0.0,1.0,0.1659646,0.0,0.75,12.272800954830618
1287.0,0.4514375,0.0,0.2735043,0.2067989,0.7871018,0.049728,0.6374046,0.0076336,0.0305344,0.059246,0.0,0.9923664,0.3249551,0.0416667,0.7,10.229223792606835
1209.0,0.4747725,0.0107527,0.1703888,0.1732283,0.8974359,0.0,0.7510288,0.0,0.0061728,0.0742857,0.0082305,1.0,0.3047619,0.1290323,0.4545455,9.820160289946374
319.0,0.4858934,0.0125392,0.2194357,0.1158537,0.9153605,0.0,0.7758621,0.0,0.0086207,0.3136095,0.0172414,1.0,0.4792899,0.3055556,1.0,9.615805480084347
272.0,0.4963235,0.0036765,0.1654412,0.1167883,0.8345588,0.0,0.6491228,0.0087719,0.0263158,0.0731707,0.0,1.0,0.2601626,0.15,1.0,9.615805480084347
403.0,0.4466501,0.0049628,0.1736973,0.1210762,0.898263,0.0545906,0.8207547,0.0,0.0,0.2587413,0.009434,0.9528302,0.5524476,0.4117647,1.0,9.770013301136158
5796.0,0.4437543,0.0001725,0.2270531,0.1882754,0.813147,0.0426156,0.661492,0.0021561,0.0181113,0.0877262,0.0,0.9987063,0.3383163,0.0768095,0.787234,9.883335864325275
245.0,0.5142857,0.0,0.1306122,0.092437,0.9510204,0.0,0.8604651,0.0,0.0,0.0337079,0.0,1.0,0.1797753,0.1333333,0.0,10.360944044643913
4012.0,0.4967597,0.1662512,0.1468096,0.1263001,0.8664008,0.0234297,0.748,0.0053333,0.0313333,0.0892532,0.1433333,0.9906667,0.2969035,0.1224944,0.1333333,10.5815464756746
15319.0,0.4791435,0.0169071,0.0530061,0.0530142,0.8565833,0.0,0.6981293,0.0032313,0.0622449,0.0292224,0.0154762,0.9717687,0.3136866,0.0488599,0.1162791,11.503894811084523
420.0,0.4666667,0.0,0.2214286,0.1651786,0.7952381,0.0,0.5759162,0.0052356,0.0209424,0.369637,0.0,0.9842932,0.5214521,0.0461538,0.8181818,10.295563423525277
451.0,0.4789357,0.4301552,0.1973392,0.1489362,0.9046563,0.0,0.7514451,0.0,0.0,0.0846561,0.4277457,1.0,0.1957672,0.1086957,0.0,9.908524844053396
130.0,0.5230769,0.0,0.1307692,0.1290323,0.9461538,0.0,0.8205128,0.0,0.0,0.1333333,0.0,1.0,0.2222222,0.0,0.0,10.142543822310387
839.0,0.4827175,0.0023838,0.1454112,0.1105991,0.9070322,0.0,0.771875,0.0,0.0125,0.0724638,0.003125,0.971875,0.2289855,0.0847458,0.5,10.173552856959743
11931.0,0.4782499,0.031766,0.1750901,0.1323695,0.7500629,0.1100495,0.6609066,0.002693,0.0285009,0.0783868,0.0219928,0.9735189,0.3003102,0.0747354,0.5625,10.196194479235656
406.0,0.4581281,0.0270936,0.2068966,0.1772727,0.820197,0.0,0.6444444,0.0111111,0.0333333,0.1304348,0.0277778,0.9944444,0.3429952,0.0666667,0.2,9.975854724662028
37.0,0.5135135,0.0,0.3783784,0.3888889,0.7027027,0.0,0.5,0.0555556,0.1111111,0.25,0.0,1.0,0.2083333,0.0,0.5,9.615805480084347
849.0,0.5041225,0.0011779,0.0459364,0.0308789,0.9458186,0.0,0.8802817,0.0035211,0.0246479,0.0469799,0.0035211,0.9894366,0.1543624,0.09375,0.75,11.876185678347824
872.0,0.4919725,0.0172018,0.1777523,0.0744921,0.8658257,0.0355505,0.7862069,0.0103448,0.0586207,0.0880503,0.0137931,0.9689655,0.1100629,0.0606061,0.75,13.122367377396328
38936.0,0.4749075,0.0244761,0.1537908,0.1184642,0.8271522,0.0087323,0.6526012,0.0043031,0.0485549,0.0489861,0.0204239,0.9607579,0.3093086,0.0783965,0.5583333,10.106469212026385
196.0,0.4846939,0.0,0.2091837,0.1287129,0.8826531,0.0,0.7368421,0.0131579,0.0263158,0.05,0.0,1.0,0.1,0.2222222,1.0,9.615805480084347
607.0,0.509061,0.0,0.0840198,0.0402685,0.9341021,0.0,0.8157895,0.0,0.0263158,0.015544,0.0,0.9894737,0.1813472,0.0,0.0,10.829748417047593
702.0,0.4373219,0.2806268,0.2193732,0.1772152,0.8433048,0.0,0.6572438,0.0070671,0.024735,0.2028169,0.2190813,1.0,0.4732394,0.0795455,0.5,9.615805480084347
274.0,0.5255474,0.0036496,0.0364964,0.0769231,0.959854,0.0,0.8701299,0.0,0.012987,0.1979167,0.0,0.974026,0.3958333,0.2711864,0.0,9.615805480084347
9860.0,0.4677485,0.0008114,0.1939148,0.1512957,0.8337728,0.0211968,0.6774687,0.004593,0.0313856,0.0311496,0.0,0.9977035,0.3077874,0.0577069,0.5263158,10.285376924115587
2164.0,0.4708872,0.0,0.1816081,0.1633188,0.8304067,0.0420518,0.701107,0.00246,0.0295203,0.0803167,0.0,0.99754,0.3201357,0.1185771,0.6470588,10.016860879703811
457.0,0.5054705,0.0,0.107221,0.079646,0.9059081,0.0,0.7848101,0.0126582,0.0316456,0.0365854,0.0,1.0,0.1341463,0.125,0.0,10.43708198835482
3651.0,0.465352,0.0002739,0.2385648,0.1716189,0.7838948,0.0345111,0.6215699,0.0031908,0.0370134,0.0560241,0.0,0.9968092,0.3379518,0.0322581,0.6153846,10.229223792606835
3508.0,0.4720639,0.0310718,0.1234322,0.1112311,0.8985177,0.0159635,0.7831032,0.0016247,0.0243704,0.1131124,0.0292445,0.9277011,0.3746398,0.1725067,0.3870968,10.61890979160975
14579.0,0.4789766,0.0730503,0.1573496,0.1298052,0.7879827,0.04335,0.6633543,0.0033124,0.0641562,0.0610575,0.0648536,0.9944212,0.3236209,0.0469484,0.4179104,10.757924157061597
317.0,0.4731861,0.0,0.3091483,0.2095808,0.7981073,0.0,0.5928571,0.0,0.05,0.1358025,0.0,1.0,0.2654321,0.1,0.8333333,9.615805480084347
561.0,0.4545455,0.3565062,0.1639929,0.1797386,0.8770053,0.0,0.6933962,0.004717,0.0141509,0.1166667,0.2830189,0.9858491,0.3208333,0.12,0.6666667,9.809231816610408
2905.0,0.5056799,0.0736661,0.1311532,0.0995822,0.7975904,0.0,0.6268293,0.0089431,0.0861789,0.075188,0.0707317,0.9715447,0.4180451,0.0807249,0.2,10.614007941153417
168.0,0.452381,0.0,0.202381,0.1304348,0.8333333,0.0,0.64,0.0,0.0133333,0.0963855,0.0,1.0,0.3253012,0.05,0.5,10.085850775128717
3439.0,0.4547834,0.0029078,0.2241931,0.1685333,0.7926723,0.0174469,0.6104252,0.0061728,0.042524,0.0653846,0.0006859,0.9979424,0.35,0.0701107,0.6842105,10.30229722897745
628.0,0.406051,0.0015924,0.3216561,0.2895442,0.7213376,0.2117834,0.8079096,0.0,0.039548,0.0585106,0.0,1.0,0.0265957,0.1428571,0.5,11.897514169490739
7668.0,0.5464267,0.1932707,0.058555,0.0684301,0.7956442,0.0028691,0.6465168,0.0114265,0.1308515,0.1093237,0.1935127,0.8474014,0.5298752,0.193399,0.1764706,11.184435286790631
692.0,0.4638728,0.0043353,0.1531792,0.1239892,0.8569364,0.0,0.7068966,0.0068966,0.0413793,0.0365449,0.0034483,0.9931034,0.3621262,0.0366972,0.75,10.936689829317784
15854.0,0.4671376,0.3159455,0.112653,0.102983,0.5486943,0.2113662,0.5373191,0.0022848,0.166032,0.0878777,0.2821782,0.9931455,0.4473776,0.0720971,0.3214286,10.638280388314705
166.0,0.4638554,0.0,0.1746988,0.1460674,0.8433735,0.0,0.6212121,0.0,0.0151515,0.0294118,0.0,1.0,0.1911765,0.0,0.0,10.181157167204903
1351.0,0.4633605,0.276832,0.1569208,0.1172414,0.8771281,0.015544,0.7420635,0.0059524,0.0178571,0.0869565,0.2222222,1.0,0.2391304,0.1005917,0.875,10.736418414365376
6662.0,0.5069048,0.0103573,0.0992195,0.0560122,0.8920745,0.0280696,0.8159675,0.0058638,0.0315742,0.0289093,0.007217,0.9995489,0.1585633,0.1091549,0.5714286,10.795506083434564
20393.0,0.4802138,0.0181435,0.1844751,0.1358491,0.8176825,0.0006375,0.6407336,0.0013669,0.047158,0.1050056,0.0166306,0.9145689,0.5500051,0.0629886,0.3235294,12.106810165667413
71.0,0.4647887,0.0,0.0704225,0.0526316,0.9295775,0.0,0.8636364,0.0,0.0454545,0.2413793,0.0,0.9090909,0.2758621,0.25,0.3333333,9.942756341456828
1184.0,0.4940878,0.2820946,0.1993243,0.1803005,0.8741554,0.0,0.6857749,0.0,0.0021231,0.0818713,0.2569002,0.9978769,0.2826511,0.1408451,0.6666667,9.841665338892785
97.0,0.5670103,0.0,0.1649485,0.1428571,0.8247423,0.0,0.6097561,0.0,0.0243902,0.2807018,0.0,1.0,0.2807018,0.0714286,1.0,9.615805480084347
3963.0,0.4948272,0.0020187,0.1920262,0.1213786,0.6898814,0.0,0.5286278,0.005923,0.1164857,0.3558029,0.0024679,0.9787759,0.5290938,0.0187845,0.125,11.418625774449596
200.0,0.5,0.0,0.03,0.04,0.905,0.0,0.7647059,0.0147059,0.0294118,0.2608696,0.0,0.8676471,0.4673913,0.1333333,0.0,10.428245666832275
2046.0,0.5043988,0.0058651,0.058651,0.0581854,0.9403715,0.0,0.8276878,0.0,0.0073638,0.069863,0.005891,0.9808542,0.3479452,0.2321429,0.6,10.39821428171237
60536.0,0.4849346,0.0067398,0.1117517,0.0794419,0.7479682,0.0629047,0.633638,0.0043714,0.0967015,0.056021,0.0054312,0.8440412,0.40436,0.0850799,0.4355556,10.936689829317784
1914.0,0.4414838,0.0,0.2142111,0.2235734,0.7643678,0.0668757,0.621232,0.0026212,0.0327654,0.0638037,0.0,0.9960682,0.3558282,0.0828402,0.7142857,10.288783966353765
15799.0,0.4658523,0.0966517,0.146908,0.1321247,0.8685993,0.00557,0.7168199,0.0038703,0.0277375,0.0593143,0.0948234,0.9966134,0.3607403,0.0877993,0.4375,10.505094936455558
5255.0,0.4856327,0.0294957,0.0511893,0.0525342,0.9261656,0.0,0.8304398,0.005787,0.041088,0.04,0.0271991,0.9913194,0.0866667,0.1431818,0.3333333,11.046132675457146
3559.0,0.4487216,0.0059005,0.2857544,0.1554536,0.8120258,0.0387749,0.6967213,0.0006831,0.0512295,0.391015,0.0040984,0.9931694,0.1826123,0.109375,0.64,11.686046493072437
3228.0,0.4984511,0.0173482,0.0675341,0.0525015,0.899938,0.0,0.7927632,0.0074013,0.0452303,0.0780895,0.0180921,0.9925987,0.1872631,0.1044776,0.24,11.028433383156079
2613.0,0.4875622,0.0769231,0.1140452,0.1038088,0.8920781,0.0,0.732684,0.0021645,0.0313853,0.0474227,0.0746753,0.9935065,0.1865979,0.0808511,0.9166667,10.709985739582528
6632.0,0.4905006,0.0129674,0.1052473,0.0881918,0.9039505,0.0114596,0.7905964,0.0043535,0.026121,0.0643585,0.0091424,0.9529822,0.2953157,0.1513158,0.6744186,10.485731104959568
1074.0,0.481378,0.0065177,0.2067039,0.1723519,0.8621974,0.0,0.7017937,0.0067265,0.0269058,0.0766046,0.0089686,1.0,0.2256729,0.1111111,1.0,10.142543822310387
775.0,0.4606452,0.2051613,0.1870968,0.1866029,0.8580645,0.0,0.6602564,0.0032051,0.0128205,0.1034483,0.2115385,0.9551282,0.3764368,0.0826446,0.7777778,9.615805480084347
283.0,0.5194346,0.0,0.1095406,0.0882353,0.9469965,0.0,0.8426966,0.0,0.011236,0.2521008,0.0,0.0898876,0.4369748,0.1666667,0.0,10.077482875583607
3332.0,0.4819928,0.005102,0.1113445,0.0840093,0.9258703,0.0,0.8244767,0.0032206,0.0161031,0.0379551,0.0056361,0.9975845,0.1812548,0.0952381,0.6153846,10.793454842740767
486.0,0.4465021,0.0,0.2366255,0.2379182,0.808642,0.0,0.6188341,0.0044843,0.0269058,0.2363014,0.0,0.9955157,0.4041096,0.0571429,0.75,10.292179440058462
814.0,0.4447174,0.0,0.2972973,0.1792035,0.8353808,0.0,0.6596306,0.0026385,0.0105541,0.0800971,0.0,0.9973615,0.2135922,0.0133333,0.4285714,9.893487720457795
2822.0,0.45854,0.0655563,0.1704465,0.1393979,0.8851878,0.0,0.7361963,0.0008764,0.0184049,0.0435876,0.0666082,0.9956179,0.3487008,0.0837563,1.0,10.295563423525277
64.0,0.5,0.0,0.171875,0.09375,0.9375,0.0,0.875,0.0,0.0416667,0.2258065,0.0,1.0,0.2903226,0.0,0.0,9.615805480084347
569.0,0.4991213,0.0,0.1230228,0.0631579,0.9121265,0.0,0.7821782,0.0049505,0.019802,0.0560748,0.0,1.0,0.1775701,0.1111111,0.8,10.150386692204734
3048.0,0.449147,0.0,0.2395013,0.1756998,0.8074147,0.0324803,0.6536965,0.0023346,0.0272374,0.038893,0.0,0.9937743,0.3208676,0.0242915,0.4285714,11.008760940077243
1128.0,0.481383,0.0,0.1950355,0.1726496,0.8457447,0.0319149,0.7130435,0.0,0.0130435,0.1067961,0.0,0.9956522,0.3048544,0.1126761,0.6666667,10.184937747111391
111183.0,0.4743621,0.2189094,0.1025876,0.0839294,0.6371388,0.0217659,0.453247,0.0027215,0.1268393,0.0853533,0.1836149,0.9406907,0.5369429,0.0538879,0.1763926,11.991647230585656
10683.0,0.4776748,0.0092671,0.1455584,0.0985663,0.8528503,0.0320135,0.7222222,0.0031008,0.0325581,0.0904818,0.0080103,0.5413437,0.3945946,0.111034,0.3829787,10.601647149919609
1219.0,0.4995898,0.0008203,0.11895,0.0655738,0.9212469,0.0,0.8187919,0.0044743,0.0246085,0.0303688,0.0,0.9932886,0.1670282,0.0638298,0.1428571,11.11395422597838
1923.0,0.4789392,0.0135205,0.175247,0.1477046,0.5153406,0.299532,0.5690516,0.0,0.1181364,0.1475177,0.0083195,0.9983361,0.3602837,0.0590164,0.6923077,10.295563423525277
3048.0,0.4865486,0.0259186,0.1932415,0.142492,0.8444882,0.0016404,0.6789432,0.0056045,0.0440352,0.3474399,0.0184147,0.988791,0.3850575,0.0981013,0.7205882,11.355113089309977
796.0,0.4773869,0.0,0.218593,0.1586538,0.8253769,0.0464824,0.6805112,0.0,0.0063898,0.1540541,0.0,0.9968051,0.3378378,0.0617284,0.6,10.236417809461043
1666.0,0.4837935,0.0006002,0.3667467,0.122093,0.8073229,0.0,0.6709906,0.0035377,0.0448113,0.3481937,0.0,0.9929245,0.2098386,0.0131579,0.4166667,12.217511966297351
7824.0,0.4864519,0.0267127,0.1183538,0.0943255,0.8911043,0.0016616,0.7486496,0.0028808,0.0417717,0.0235584,0.0291682,0.9135758,0.2879747,0.0644468,0.2380952,11.949895700065218
364.0,0.5054945,0.0,0.1620879,0.0888889,0.8956044,0.0,0.7681159,0.0072464,0.0289855,0.0612245,0.0,0.9855072,0.1360544,0.0967742,0.0,10.392098241730961
15128.0,0.4799048,0.0014543,0.1166711,0.0908744,0.9077208,0.0004627,0.7813453,0.0025112,0.026009,0.0295909,0.0012556,0.9933632,0.2088773,0.0590823,0.3,11.267037714175425
1825.0,0.459726,0.0027397,0.2547945,0.1825558,0.7967123,0.0657534,0.6685393,0.0042135,0.0168539,0.0883483,0.0014045,0.997191,0.2099872,0.0766551,0.4545455,10.047631185616188
260.0,0.45,0.0,0.0192308,0.027972,0.9769231,0.0,0.921875,0.0,0.015625,0.0588235,0.0,0.984375,0.3235294,0.4230769,0.0,10.389026137075234
751.0,0.4620506,0.0,0.1877497,0.1757426,0.8442077,0.0,0.6602564,0.0,0.0352564,0.1008646,0.0,0.9935897,0.4380403,0.0636364,0.6,10.142543822310387
260.0,0.4769231,0.0,0.1230769,0.0661765,0.9230769,0.0,0.8089888,0.0,0.0337079,0.0918367,0.0,1.0,0.0612245,0.2307692,1.0,10.030164255362632
2196.0,0.4590164,0.132969,0.154827,0.1498316,0.8806922,0.0013661,0.7272727,0.0023613,0.0271547,0.0722892,0.1192444,0.9976387,0.2541073,0.1284047,0.1111111,10.177362240256695
459.0,0.5490196,0.0065359,0.1590414,0.1014493,0.7973856,0.1132898,0.7638889,0.0,0.0486111,0.0943396,0.0,1.0,0.2955975,0.1515152,0.6666667,9.814710982145282
1158.0,0.4956822,0.0008636,0.0958549,0.0667808,0.9041451,0.0,0.7769231,0.0102564,0.0435897,0.0510949,0.0,0.9128205,0.216545,0.1181102,1.0,10.712215345197256
1549.0,0.4757908,0.0,0.1801162,0.1293103,0.8683021,0.0103292,0.7248764,0.0,0.0329489,0.0334395,0.0,0.9967051,0.2292994,0.0638298,0.0,10.680539205318292
1695.0,0.4548673,0.0017699,0.2412979,0.2121212,0.8123894,0.0289086,0.6471429,0.0071429,0.0157143,0.2307692,0.0014286,0.9885714,0.4153846,0.1101695,0.7575758,9.615805480084347
1592.0,0.468593,0.6714824,0.1746231,0.1690307,0.8473618,0.0464824,0.7058824,0.0,0.0246679,0.1245847,0.6508539,0.9924099,0.2923588,0.1797753,0.5,9.809231816610408
173.0,0.5260116,0.0,0.1445087,0.0853659,0.9537572,0.0,0.8709677,0.0,0.0,0.0882353,0.0,0.983871,0.25,0.0,1.0,9.980494888896912
9298.0,0.4919337,0.1005593,0.1094859,0.081287,0.904388,0.0050549,0.7875147,0.0043962,0.0275498,0.0605727,0.0885111,0.9906213,0.215033,0.0941043,0.4285714,10.736418414365376
100850.0,0.4858404,0.0026277,0.1306891,0.0968893,0.9011304,0.0134953,0.7955786,0.0014757,0.0276757,0.0197866,0.0023388,0.9900601,0.1121694,0.0545775,0.3535912,11.259335592686217
1132.0,0.5053004,0.0,0.0106007,0.0089286,0.9681979,0.0,0.9111111,0.0031746,0.0190476,0.0895954,0.0,0.9968254,0.0895954,0.3333333,0.375,10.738589920723442
5476.0,0.4554419,0.9035793,0.1123083,0.0878605,0.9359021,0.0049306,0.852845,0.0039241,0.0385873,0.0192431,0.8973185,0.9548725,0.1161001,0.3125,0.5833333,11.813777925845397
1262.0,0.4793978,0.0015848,0.1006339,0.0898021,0.9120444,0.0,0.7866667,0.0022222,0.0266667,0.0322581,0.0,1.0,0.2623656,0.1025641,0.5,10.460270761075149
36.0,0.4722222,0.0,0.1111111,0.1578947,0.8055556,0.0,0.6428571,0.0714286,0.0714286,0.0666667,0.0,1.0,0.4666667,0.5,0.0,9.615805480084347
40283.0,0.4950475,0.2709828,0.1465879,0.1238877,0.737954,0.0997691,0.6281652,0.0048747,0.0559919,0.0779699,0.209411,0.9761679,0.3979025,0.0934328,0.5454545,10.021315031649332
301.0,0.4950166,0.0,0.1993355,0.1315789,0.8837209,0.0,0.7272727,0.0,0.0165289,0.0902256,0.0,1.0,0.2706767,0.0952381,0.4,9.857495968685136
621.0,0.4814815,0.0,0.1481481,0.0931677,0.8776167,0.0,0.7333333,0.0041667,0.025,0.0733591,0.0,1.0,0.3629344,0.0857143,0.6666667,10.413342705547674
23930.0,0.4757209,0.3814041,0.135186,0.1094373,0.8974509,0.0150021,0.784095,0.0029987,0.0280677,0.0299046,0.3381312,0.9677342,0.1684896,0.0991124,0.3880597,10.909637269778615
142.0,0.5,0.0,0.1267606,0.0704225,0.9084507,0.0,0.7843137,0.0,0.0392157,0.15,0.0,0.9607843,0.3166667,0.3333333,0.0,9.615805480084347
365272.0,0.4937608,0.0131984,0.1595496,0.095379,0.7998478,0.0304184,0.6465224,0.0031584,0.0795092,0.077046,0.0133172,0.9619286,0.6636396,0.0940647,0.293578,12.418765780969542
782.0,0.4450128,0.0,0.2327366,0.1774194,0.8209719,0.0127877,0.6137072,0.0,0.0155763,0.0854701,0.0,1.0,0.3447293,0.0697674,0.7272727,9.820160289946374
600.0,0.4733333,0.0,0.1983333,0.1487342,0.8133333,0.0,0.6381323,0.0155642,0.0428016,0.1045296,0.0,0.9922179,0.445993,0.0666667,0.0,9.717218213494077
1048.0,0.4742366,0.0209924,0.2681298,0.2068966,0.8473282,0.0,0.6601307,0.0,0.0087146,0.0689655,0.0174292,1.0,0.36714,0.0625,0.75,9.787009914477434
6313.0,0.4636464,0.0715983,0.1865991,0.1798582,0.818945,0.0508475,0.6934039,0.0028502,0.0211726,0.0650933,0.0627036,0.9942997,0.3878949,0.0759109,0.5,10.158168529848494
177.0,0.5536723,0.0,0.1186441,0.1265823,0.8870056,0.0,0.734375,0.0,0.046875,0.1111111,0.0,1.0,0.2777778,0.25,0.6666667,9.615805480084347
26144.0,0.4801867,0.0088357,0.1531135,0.1039735,0.8647108,0.0043987,0.7153793,0.0026842,0.0448355,0.0492439,0.0097425,0.9843921,0.2836484,0.0426036,0.6325301,11.712603850073448
662.0,0.4728097,0.0015106,0.2945619,0.1977077,0.8217523,0.0,0.6220736,0.0,0.0100334,0.0856269,0.0033445,1.0,0.3180428,0.04,0.8181818,9.615805480084347
1731.0,0.4662045,0.0063547,0.1265165,0.0909091,0.8497978,0.0080878,0.6941176,0.0029412,0.0529412,0.039548,0.0029412,0.9926471,0.1779661,0.0683761,0.1428571,11.112462823634855
1081.0,0.519889,0.0018501,0.2460685,0.088632,0.7881591,0.0,0.6719057,0.0137525,0.0923379,0.6722473,0.0019646,0.9882122,0.6864134,0.0157068,0.64,11.296024885689746
55.0,0.5090909,0.0,0.1636364,0.0740741,0.8545455,0.0,0.6363636,0.0,0.0,0.3888889,0.0,1.0,0.2777778,0.0,1.0,9.615805480084347
4631.0,0.4789462,0.0058303,0.1794429,0.1334438,0.8598575,0.0036709,0.6829552,0.0052356,0.0366492,0.0502762,0.0023269,0.8219895,0.4618785,0.1233062,0.5263158,10.78727575364831
159.0,0.4842767,0.2264151,0.1698113,0.1829268,0.7295597,0.0,0.5070423,0.028169,0.056338,0.0897436,0.1830986,0.943662,0.5,0.1351351,1.0,10.047631185616188
11.0,0.4545455,0.0,0.0,0.0,1.0,0.0,1.0,0.0,0.0,0.25,0.0,1.0,0.25,0.5,0.0,12.47801017053037
905.0,0.481768,0.0,0.1491713,0.119403,0.9226519,0.0,0.8040936,0.0,0.0087719,0.0552486,0.0,1.0,0.2154696,0.1111111,0.6,10.647826772357497
8622.0,0.5046393,0.006379,0.0409418,0.0313744,0.9319183,0.0010438,0.8449082,0.0053976,0.0428212,0.0303559,0.0043181,0.9928032,0.1769016,0.1044776,0.5238095,11.258046118484
54875.0,0.4560911,0.1597267,0.221959,0.1561296,0.7767654,0.0138679,0.5870491,0.0020889,0.0419378,0.0636425,0.164859,0.9934924,0.3758745,0.0323741,0.5,10.902297921958713
129.0,0.4341085,0.0,0.1782946,0.1369863,0.8372093,0.0,0.6666667,0.0196078,0.0196078,0.0892857,0.0,1.0,0.1607143,0.1818182,1.0,9.615805480084347
423.0,0.4704492,0.0,0.3096927,0.25,0.7919622,0.0,0.5792079,0.0049505,0.009901,0.1022222,0.0,1.0,0.2044444,0.0444444,0.75,9.615805480084347
658.0,0.4027356,0.0197568,0.2446809,0.1882952,0.7553191,0.0,0.5798817,0.0,0.0502959,0.0558659,0.0207101,0.9970414,0.2094972,0.0714286,0.0,11.031674824544641
1042.0,0.4932821,0.0028791,0.2351248,0.1363636,0.8426104,0.0345489,0.7039627,0.002331,0.002331,0.1136364,0.0,0.993007,0.2582645,0.0285714,0.8333333,9.913487387114461
2398.0,0.4537114,0.0037531,0.147206,0.1320611,0.8073394,0.0492077,0.6815068,0.0079909,0.0593607,0.0384193,0.0034247,0.9942922,0.2788145,0.0783699,0.6666667,10.778977123006351
20.0,0.6,0.0,0.25,0.375,0.65,0.0,0.3636364,0.0,0.0,0.3125,0.0,1.0,0.3125,0.0,0.0,9.615805480084347
1032.0,0.4748062,0.001938,0.1007752,0.0627306,0.9060078,0.0,0.7849162,0.0167598,0.027933,0.0529101,0.0,0.9972067,0.2645503,0.1509434,0.5,10.2328272702548
20688.0,0.4820669,0.0894238,0.1140275,0.0983668,0.8611272,0.0343194,0.7324655,0.0045942,0.0486983,0.0337378,0.0908116,0.7618683,0.4233501,0.167996,0.2222222,11.83863282480007
19772.0,0.4878616,0.1974004,0.0543698,0.0592534,0.8936375,0.0070301,0.7750314,0.0048876,0.038961,0.1321052,0.1918726,0.9662058,0.4164344,0.0840787,0.4333333,10.887455624298198
795.0,0.4754717,0.0050314,0.1471698,0.1151079,0.8427673,0.0,0.6633333,0.0133333,0.0566667,0.044586,0.0033333,1.0,0.2611465,0.0840336,1.0,10.39516093745751
1285.0,0.4560311,0.7968872,0.140856,0.1402003,0.9003891,0.0,0.7037915,0.0023697,0.007109,0.0704846,0.7156398,0.9952607,0.3171806,0.1978022,1.0,9.75272280064639
488.0,0.4672131,0.0,0.204918,0.1423077,0.8401639,0.0,0.6634615,0.0,0.0384615,0.168,0.0,0.9855769,0.376,0.0943396,0.6666667,10.025749432069084
11796.0,0.4836385,0.0069515,0.0790098,0.0755213,0.9020855,0.0116989,0.802237,0.0038077,0.0352213,0.0776997,0.0057116,0.9930985,0.178446,0.0811475,0.3714286,11.021918808236205
4452.0,0.4541779,0.0098832,0.1951932,0.1728395,0.8474843,0.0211141,0.6930586,0.0005423,0.0097614,0.069157,0.0086768,0.994577,0.274104,0.0766721,0.5641026,10.247112717290387
9048.0,0.4379973,0.0014368,0.2343059,0.1903638,0.7257958,0.0286251,0.5496625,0.0069913,0.0670203,0.0540479,0.0012054,0.9708293,0.5464082,0.0504098,0.3333333,11.381688580803818
2897.0,0.4842941,0.0,0.1843286,0.1526104,0.8909216,0.0,0.7255814,0.0009302,0.0148837,0.0495137,0.0,0.9944186,0.1635721,0.1082474,1.0,10.542732775946709
25725.0,0.4698931,0.0472303,0.1753936,0.1121214,0.8736249,0.0291934,0.7629443,0.0009144,0.0320037,0.0282128,0.0398903,0.9929135,0.0820837,0.0751634,0.6075949,12.095146671399466
646.0,0.4798762,0.0,0.130031,0.0654762,0.9195046,0.0,0.8097166,0.0,0.0202429,0.0351562,0.0,0.9959514,0.1992188,0.0441176,0.8571429,10.687411927154141
2507.0,0.4495413,0.0019944,0.2269645,0.1724638,0.8316713,0.0155564,0.6586538,0.0019231,0.0221154,0.0689346,0.0028846,0.9980769,0.2497762,0.0755396,0.5714286,10.203629181337648
313.0,0.4632588,0.0095847,0.2396166,0.1964286,0.8242812,0.0,0.6428571,0.0,0.0285714,0.0728477,0.0142857,1.0,0.218543,0.125,0.0,9.888424674859083
28434.0,0.4986987,0.0943237,0.0781107,0.0728918,0.8932968,0.012063,0.7793394,0.0084329,0.055985,0.0422883,0.0917077,0.7179667,0.4057207,0.2752656,0.1558442,11.623580937568695
7489.0,0.4686874,0.9302978,0.1102951,0.0975119,0.9035919,0.0001335,0.7411147,0.0036349,0.0266559,0.1096728,0.9022617,0.9955574,0.3563466,0.2202437,0.5882353,9.615805480084347
1044.0,0.5047893,0.0076628,0.0680077,0.0541586,0.9367816,0.0009579,0.8463687,0.0055866,0.0195531,0.0245232,0.0055866,1.0,0.1798365,0.046875,0.0,10.568775236216993
2399.0,0.4847853,0.0,0.1838266,0.1432039,0.8411838,0.0050021,0.6582809,0.0031447,0.0366876,0.063788,0.0,0.9926625,0.2944063,0.0384615,0.5454545,10.442929787247998
1083.0,0.4626039,0.0083102,0.3000923,0.2371134,0.8060942,0.0212373,0.6239669,0.0,0.0103306,0.2256,0.0061983,0.9752066,0.3792,0.1495327,0.8695652,9.615805480084347
2776.0,0.4510086,0.0014409,0.6422911,0.2598425,0.7863833,0.0,0.6354712,0.0006545,0.0222513,0.1762803,0.0013089,0.9934555,0.4221024,0.0229885,0.3846154,10.959557617938563
465.0,0.4731183,0.0,0.1290323,0.1102041,0.9182796,0.0,0.8,0.0058824,0.0117647,0.076087,0.0,0.9941176,0.423913,0.1632653,1.0,10.247112717290387
577.0,0.47487,0.0155979,0.1403813,0.1221122,0.9133449,0.0,0.7884615,0.0144231,0.0144231,0.1034483,0.0096154,0.9951923,0.1982759,0.2307692,0.5,10.192456296870509
335.0,0.4716418,0.0,0.3253731,0.2768362,0.6895522,0.1343284,0.6287879,0.0,0.0681818,0.3052632,0.0,0.9848485,0.4421053,0.0232558,0.25,10.61890979160975
726.0,0.453168,0.0,0.2603306,0.1838791,0.8278237,0.0,0.6358025,0.0030864,0.0185185,0.1473684,0.0,1.0,0.3526316,0.0555556,0.8421053,9.615805480084347
137.0,0.4817518,0.0364964,0.2116788,0.1549296,0.8248175,0.0,0.6612903,0.016129,0.0322581,0.0882353,0.0322581,1.0,0.3088235,0.0,0.0,9.873079890114703
3350.0,0.4620896,0.2641791,0.1519403,0.145394,0.8420896,0.0328358,0.6895425,0.002451,0.0212418,0.0762264,0.2336601,0.999183,0.3720755,0.1309524,0.5,10.33854382482173
1688.0,0.4484597,0.0,0.2132701,0.1578947,0.8187204,0.0420616,0.6780186,0.003096,0.0278638,0.0926966,0.0,1.0,0.3553371,0.1077586,0.6666667,10.16203685698089
1007.0,0.489573,0.0,0.1449851,0.0680934,0.9086395,0.0,0.7908847,0.002681,0.0294906,0.0132275,0.0,0.9731903,0.1640212,0.1395349,1.0,10.640675541671662
501.0,0.4510978,0.3093812,0.2794411,0.2363636,0.8343313,0.00998,0.6743119,0.0,0.0321101,0.1383399,0.3256881,1.0,0.284585,0.0892857,0.6666667,10.196194479235656
1963.0,0.5481406,0.0015283,0.1533367,0.145434,0.7697402,0.0,0.5563549,0.0059952,0.0527578,0.0639731,0.0023981,0.8345324,0.7620651,0.2543554,0.4137931,11.075985169527042
569.0,0.4956063,0.0052724,0.1300527,0.0905923,0.9332162,0.0,0.8325123,0.0049261,0.0098522,0.0977778,0.0049261,0.9950739,0.2488889,0.0625,0.6666667,10.214678610538817
410.0,0.4804878,0.0073171,0.2365854,0.1596244,0.8243902,0.0,0.6321839,0.0114943,0.0287356,0.09375,0.0057471,1.0,0.3697917,0.0444444,1.0,9.615805480084347
10378.0,0.457699,0.0017344,0.2910966,0.1839019,0.7945654,0.0,0.6277431,0.001208,0.0523455,0.1372242,0.0008053,0.9786592,0.3896126,0.0223325,0.4507042,11.822620954414864
57287.0,0.4545185,0.1424931,0.183759,0.1477167,0.7769127,0.0258348,0.6018731,0.0028452,0.0409784,0.099783,0.1245159,0.9951395,0.3363096,0.0478218,0.5513393,10.6782377612977
11618.0,0.5030126,0.0486314,0.1765364,0.137513,0.7674299,0.0792735,0.6530568,0.0050218,0.0331878,0.1207525,0.029476,0.9585153,0.3167595,0.0542692,0.6568627,10.05195066017375
47585.0,0.4859304,0.027908,0.0977829,0.0722345,0.8435641,0.0060523,0.7093661,0.0041676,0.0777583,0.0290704,0.0239636,0.9456021,0.2927271,0.0938535,0.2191781,12.309535862454515
3228.0,0.4727385,0.1251549,0.167596,0.1351351,0.8825898,0.0,0.7353171,0.0031323,0.0250587,0.0589536,0.1119812,0.9953015,0.3308769,0.1083591,0.5789474,10.33854382482173
161.0,0.5093168,0.0,0.1677019,0.164557,0.8385093,0.0,0.6363636,0.0,0.030303,0.0704225,0.0,1.0,0.2112676,0.0,1.0,9.615805480084347
6027.0,0.4695537,0.0,0.1355567,0.1041602,0.8591339,0.0,0.6935223,0.002834,0.0303644,0.0651022,0.0,0.997166,0.2993944,0.0461869,0.3571429,10.925956465688445
12084.0,0.4884144,0.0058755,0.0885468,0.0671304,0.9371069,0.0136544,0.877665,0.001269,0.0213198,0.0585424,0.0060914,0.9939086,0.0759857,0.1481481,0.3,11.325402403776808
91.0,0.4615385,0.0,0.3186813,0.3061224,0.7582418,0.0,0.5416667,0.0,0.0,0.2615385,0.0,1.0,0.3538462,0.0,0.0,9.615805480084347
159.0,0.4591195,0.0,0.2201258,0.1744186,0.8427673,0.0,0.641791,0.0,0.0149254,0.1410256,0.0,1.0,0.2179487,0.0,0.75,9.615805480084347
1549.0,0.5164622,0.1833441,0.0839251,0.0574099,0.9212395,0.0,0.8266332,0.0100503,0.0452261,0.0409639,0.2135678,0.6256281,0.3614458,0.4968553,0.0,10.445840912706414
25782.0,0.496548,0.059848,0.0950663,0.0691834,0.8204561,0.0022496,0.6664605,0.0038136,0.0940012,0.0556745,0.0544218,0.9199134,0.2804166,0.1339535,0.2828283,11.942113610091182
1873.0,0.4965296,0.0,0.1809931,0.1018028,0.9081687,0.0160171,0.7909968,0.0,0.0192926,0.2817552,0.0,0.9855305,0.3221709,0.1846154,0.7352941,10.718874489469398
470.0,0.5106383,0.0042553,0.1765957,0.1521739,0.8723404,0.0,0.7197802,0.010989,0.021978,0.0945274,0.0,0.989011,0.2338308,0.0465116,0.0,10.657282884047461
1371.0,0.5003647,0.0175055,0.0897155,0.0554745,0.9460248,0.0,0.8505495,0.0,0.0131868,0.0972222,0.0175824,0.9120879,0.2619048,0.1666667,0.5,10.680539205318292
1584.0,0.5044192,0.0025253,0.1205808,0.0624204,0.9248737,0.0,0.8387681,0.0036232,0.0434783,0.0449827,0.0036232,0.9981884,0.1574394,0.0917431,0.2857143,11.550230883578887
1108.0,0.5063177,0.0045126,0.0767148,0.0585009,0.9359206,0.0,0.8356164,0.0,0.030137,0.0494792,0.0027397,0.9890411,0.109375,0.1147541,0.5,11.844392338493027
1436.0,0.4665738,0.2869081,0.2012535,0.1775457,0.7862117,0.0584958,0.6632997,0.003367,0.03367,0.0689655,0.2542088,0.9983165,0.3291536,0.0675676,0.1428571,10.687411927154141
6308.0,0.5047559,0.0461319,0.0336081,0.0268886,0.9625872,0.0,0.9123898,0.002592,0.0254018,0.045522,0.0482115,0.9839295,0.0282039,0.2056075,0.3666667,11.88242482344573
16565.0,0.4923634,0.0028977,0.1687896,0.1255797,0.7857531,0.0177483,0.6068757,0.0076237,0.0595512,0.081638,0.0028769,0.9810127,0.3903567,0.075996,0.3389831,10.348205424565993
500.0,0.508,0.0,0.13,0.0691057,0.892,0.0,0.7326203,0.0053476,0.0213904,0.0966184,0.0,0.973262,0.2657005,0.1176471,1.0,10.431199791458543
682.0,0.4648094,0.0,0.2360704,0.1479452,0.888563,0.0014663,0.738806,0.0,0.0186567,0.0359712,0.0,1.0,0.1582734,0.0434783,1.0,10.925956465688445
5217.0,0.4786276,0.3254744,0.1445275,0.1095588,0.8658233,0.0,0.688588,0.0004836,0.0246615,0.0272813,0.2703095,0.9888781,0.1848542,0.0703364,0.5714286,10.97337452485014
358.0,0.3435754,0.0083799,0.4441341,0.412766,0.3715084,0.5391061,0.6833333,0.0166667,0.0833333,0.0322581,0.0,1.0,0.1129032,0.25,0.0,10.718874489469398
1532.0,0.4986945,0.0091384,0.2062663,0.1341146,0.8596606,0.0365535,0.7609842,0.0,0.0333919,0.4085239,0.0105448,0.9964851,0.0997921,0.0990099,0.4333333,11.818209214992565
1343.0,0.472822,0.7148176,0.106478,0.1158192,0.8637379,0.014892,0.7166276,0.0140515,0.058548,0.2236364,0.6721311,0.969555,0.4981818,0.2179487,0.2,10.39516093745751
905.0,0.4629834,0.0,0.1635359,0.1399177,0.8718232,0.0,0.7142857,0.0053908,0.0161725,0.1166667,0.0,1.0,0.3047619,0.1517857,0.4285714,9.867912187022208
535.0,0.4953271,0.3327103,0.1943925,0.1592593,0.8560748,0.0093458,0.7028302,0.0,0.0377358,0.1166667,0.3066038,0.995283,0.2125,0.1777778,1.0,10.138599199626192
7570.0,0.5022457,0.0029062,0.201321,0.1406582,0.7500661,0.0890357,0.6417241,0.0072414,0.0475862,0.0535248,0.0010345,0.9955172,0.339752,0.0592734,0.5,10.586609649448985
9102.0,0.4901121,0.0062624,0.0908592,0.0685197,0.8962865,0.0043946,0.7768088,0.004199,0.0516796,0.133986,0.005491,0.9670543,0.2441958,0.097166,0.6222222,11.656168298529856
43.0,0.4418605,0.0,0.1395349,0.2083333,0.8604651,0.0,0.6470588,0.0,0.0,0.15,0.0,1.0,0.05,0.0,0.0,9.615805480084347
1679.0,0.4729005,0.0017868,0.1119714,0.0813559,0.903514,0.0,0.768254,0.0,0.0253968,0.0497738,0.0031746,0.9920635,0.239819,0.0754717,0.6,10.477316144080852
1072.0,0.4916045,0.0083955,0.0755597,0.0311927,0.3022388,0.6026119,0.6064516,0.0,0.1483871,0.077381,0.0,1.0,0.3392857,0.0606061,0.0,10.332050506334692
20398.0,0.461761,0.030052,0.1030983,0.0745059,0.4695068,0.2676243,0.5055049,0.0033029,0.1888959,0.0547131,0.0213904,0.9943378,0.4265537,0.0577617,0.6190476,10.526775414924009
4400.0,0.4781818,0.0036364,0.2206818,0.1075784,0.8320455,0.0159091,0.6987356,0.006597,0.0500275,0.1292484,0.002199,0.9873557,0.3877453,0.0796569,0.390625,11.089820688682373
1235.0,0.4931174,0.0008097,0.1149798,0.0798722,0.8016194,0.0,0.6478873,0.0040241,0.0945674,0.0796296,0.0,0.9818913,0.4296296,0.0913706,0.2,11.098939154318382
165.0,0.4787879,0.0,0.1151515,0.1046512,0.9272727,0.0,0.8,0.0,0.0,0.1304348,0.0,0.9666667,0.2753623,0.1538462,0.0,9.873079890114703
364.0,0.4587912,0.0,0.3076923,0.2538071,0.7747253,0.0,0.5561798,0.005618,0.011236,0.0824742,0.0,1.0,0.185567,0.1142857,0.0,9.615805480084347
34544.0,0.4766964,0.0110005,0.1394743,0.106323,0.7929308,0.0338119,0.6394558,0.0025779,0.0527748,0.0714761,0.0121733,0.9936985,0.4137633,0.0473107,0.5793991,10.67130147767883
653.0,0.4640123,0.0015314,0.3185299,0.2714286,0.7166922,0.1163859,0.5776892,0.0,0.0079681,0.0703704,0.0,1.0,0.2666667,0.1147541,1.0,9.615805480084347
24685.0,0.5047195,0.0201742,0.0864898,0.0690332,0.8300587,0.0061171,0.6673369,0.0033176,0.0639389,0.0630181,0.0174927,0.9891425,0.3560663,0.04502,0.4512195,11.13751903414526
192.0,0.5052083,0.0,0.1041667,0.0315789,0.9375,0.0,0.826087,0.0,0.0,0.0,0.0,1.0,0.173913,0.0,0.0,10.142543822310387
54.0,0.5,0.0,0.0740741,0.0740741,0.8518519,0.0,0.7777778,0.0,0.1111111,0.1428571,0.0,1.0,0.0952381,0.0,0.0,11.80410890048989
462.0,0.5281385,0.0,0.1298701,0.1009174,0.7943723,0.0,0.6349206,0.015873,0.1058201,0.0406091,0.0,1.0,0.2791878,0.0116279,0.0,11.252871529635922
465.0,0.4107527,0.0021505,0.4172043,0.3430657,0.4666667,0.3505376,0.5323741,0.0,0.1294964,0.0544218,0.0071942,1.0,0.3129252,0.0212766,0.0,11.277215789596893
29040.0,0.4647039,0.0092631,0.1730028,0.1321325,0.788292,0.0382576,0.6382306,0.0034921,0.0468113,0.0506749,0.0069011,0.9763033,0.3262294,0.0477002,0.4689655,10.392098241730961
48.0,0.5833333,0.0,0.3958333,0.2,0.8958333,0.0,0.7619048,0.0,0.0,0.0454545,0.0,1.0,0.0909091,0.0,0.0,9.615805480084347
1165.0,0.4660944,0.032618,0.1613734,0.1302251,0.839485,0.0042918,0.6858238,0.0057471,0.0229885,0.109215,0.0249042,0.9885057,0.334471,0.0307018,0.3333333,10.801634680173994
72.0,0.5416667,0.0138889,0.1944444,0.0909091,0.8194444,0.0,0.75,0.0,0.09375,0.0588235,0.03125,1.0,0.0882353,0.0,0.0,11.979178318844294
1019.0,0.4288518,0.0019627,0.1746811,0.1718213,0.8105986,0.0,0.5841121,0.0046729,0.0280374,0.0446429,0.0,1.0,0.4955357,0.0490566,0.3333333,10.795506083434564
4031.0,0.4884644,0.0119077,0.0855867,0.0586809,0.903994,0.0,0.7850599,0.0063425,0.0458069,0.046371,0.0091614,0.9795631,0.2016129,0.127193,0.75,11.003781759319981
351.0,0.4900285,0.002849,0.2478632,0.1675978,0.8376068,0.0,0.6438356,0.0,0.0273973,0.0457516,0.0068493,1.0,0.2287582,0.0454545,1.0,9.615805480084347
802.0,0.4925187,0.0049875,0.2182045,0.1523342,0.80798,0.0,0.6115942,0.0028986,0.0492754,0.0547945,0.0,1.0,0.2273973,0.0549451,0.875,10.254179634797001
5833.0,0.5026573,0.0365164,0.0265729,0.0186143,0.9511401,0.0,0.8803419,0.0026709,0.0272436,0.0760118,0.0331197,0.9401709,0.0730503,0.1693548,0.369863,11.109473329472568
1371.0,0.4660832,0.0,0.2932166,0.2076503,0.7964989,0.0452225,0.6392294,0.0,0.0122592,0.1578171,0.0,0.9964974,0.3495575,0.088,0.8,9.770013301136158
1813.0,0.4616657,0.0005516,0.2520684,0.1782787,0.7898511,0.0606729,0.6480218,0.0027285,0.0163711,0.1168675,0.0,0.994543,0.3445783,0.0640394,0.7142857,10.090008612393838
855.0,0.4444444,0.4116959,0.1637427,0.1347368,0.8888889,0.0070175,0.7272727,0.0,0.0062696,0.1447721,0.3448276,1.0,0.3190349,0.173913,0.7777778,9.942756341456828
855.0,0.477193,0.0011696,0.1508772,0.1208054,0.8818713,0.0,0.7333333,0.0030303,0.0272727,0.0909091,0.0030303,0.9969697,0.2203857,0.1111111,0.6666667,9.825580063659602
673.0,0.4992571,0.0,0.1263001,0.1246291,0.8945022,0.0,0.731405,0.0,0.0247934,0.0727969,0.0,1.0,0.1877395,0.06,1.0,10.196194479235656
2339.0,0.4959384,0.0286447,0.1107311,0.0839695,0.8764429,0.0,0.7306792,0.0058548,0.0550351,0.021764,0.0362998,0.9906323,0.2966781,0.0671378,0.0,11.345701365855424
1509.0,0.4546057,0.0,0.1961564,0.1798299,0.8429423,0.0,0.6604651,0.0031008,0.0263566,0.0851064,0.0,0.9937984,0.1531915,0.0299401,0.6428571,10.130662964963708
667.0,0.4077961,0.0,0.3448276,0.2860759,0.7046477,0.143928,0.6255144,0.0041152,0.0123457,0.1163636,0.0,1.0,0.3163636,0.0555556,0.1,10.150386692204734
668.0,0.4670659,0.0,0.257485,0.1404494,0.8338323,0.0,0.6833333,0.0133333,0.0466667,0.3736952,0.0,1.0,0.5427975,0.0941176,0.4166667,10.774801838762809
375.0,0.4773333,0.0,0.0933333,0.0459184,0.896,0.0,0.7426471,0.0,0.0294118,0.0872483,0.0,0.3235294,0.3422819,0.0333333,0.0,11.394153190178114
317.0,0.5299685,0.0,0.0725552,0.033557,0.8643533,0.0,0.7391304,0.026087,0.0695652,0.2944785,0.0,0.9565217,0.2699387,0.0909091,0.5714286,10.521399202410167
4185.0,0.4989247,0.0059737,0.0953405,0.0872675,0.9266428,0.0143369,0.8313767,0.0042689,0.0629669,0.0290155,0.0021345,0.9498399,0.4,0.2288136,0.6666667,11.06195554002416
13404.0,0.4772456,0.0027604,0.269621,0.1699729,0.8354969,0.0367055,0.6931272,0.0039691,0.0315438,0.0274279,0.0018801,0.8218091,0.4071516,0.2493438,0.2857143,10.675931008412125
171.0,0.497076,0.0,0.1929825,0.1395349,0.8830409,0.0,0.7246377,0.0,0.0144928,0.1686747,0.0,1.0,0.3253012,0.0909091,1.0,9.615805480084347
2270.0,0.4810573,0.0,0.4061674,0.1689304,0.7819383,0.0061674,0.6366782,0.0025952,0.049308,0.3520179,0.0,0.982699,0.57287,0.0740741,0.2608696,11.06977406588073
4487.0,0.4816136,0.0071317,0.0940495,0.0885641,0.9347002,0.0031201,0.8232359,0.0014255,0.0142552,0.0229805,0.0064148,0.9786172,0.1601671,0.0531401,0.173913,12.293630123379582
10314.0,0.4919527,0.0338375,0.0931743,0.0662214,0.8934458,0.0,0.7767407,0.0030272,0.0426337,0.0392632,0.0368315,0.9947023,0.2525448,0.0476684,0.3703704,11.031674824544641
91.0,0.4835165,0.0,0.2197802,0.106383,0.9340659,0.0,0.8181818,0.0,0.0,0.3265306,0.0,1.0,0.2653061,0.1428571,1.0,9.615805480084347
824.0,0.4587379,0.0,0.2402913,0.1636771,0.8628641,0.0364078,0.7395498,0.0,0.0064309,0.060423,0.0,1.0,0.1570997,0.1296296,0.75,10.034559673629849
1908.0,0.4795597,0.0062893,0.0880503,0.0715005,0.908805,0.0324948,0.8533773,0.0032949,0.029654,0.0209677,0.0065898,0.9967051,0.2032258,0.1,0.0,10.76004951120163
1380.0,0.4934783,0.0,0.2449275,0.1888412,0.8021739,0.0384058,0.6261181,0.0017889,0.0178891,0.1693908,0.0,0.9982111,0.3313522,0.1179775,1.0,9.615805480084347
3816.0,0.4958071,0.0005241,0.1700734,0.0826403,0.8582285,0.0,0.7278669,0.0029709,0.0374332,0.6355565,0.0005942,0.9970291,0.3642269,0.0694444,0.3825503,10.893047333337728
517.0,0.4758221,0.0019342,0.1353965,0.1107011,0.8974855,0.0,0.7434555,0.0104712,0.0157068,0.0591133,0.0,1.0,0.1576355,0.16,1.0,9.76428295481558
1588.0,0.4861461,0.0510076,0.2002519,0.1568627,0.8085642,0.0,0.5855856,0.0,0.039039,0.1167109,0.0525526,0.8828829,0.5490716,0.121547,0.6428571,10.738589920723442
43.0,0.5116279,0.0,0.0465116,0.047619,0.9767442,0.0,0.9230769,0.0,0.0,0.1875,0.0,1.0,0.375,0.0,0.0,9.615805480084347
112.0,0.4553571,0.0,0.1339286,0.1311475,0.9017857,0.0,0.7619048,0.0,0.0238095,0.125,0.0,0.9285714,0.4166667,0.2,0.0,9.770013301136158
6479.0,0.5037814,0.0112672,0.0534033,0.0351477,0.9135669,0.0,0.8232203,0.0138557,0.0587673,0.0251514,0.0119446,0.9856665,0.17932,0.2051724,0.0769231,10.862856930775358
331.0,0.5135952,0.0,0.1087613,0.0807453,0.8942598,0.0,0.7837838,0.009009,0.0720721,0.0512821,0.0,0.990991,0.2307692,0.1052632,0.0,10.831726617926124
13176.0,0.4545386,0.6993777,0.1304645,0.108251,0.8446418,0.0060716,0.670122,0.0038618,0.0506098,0.079169,0.6347561,0.9796748,0.3688939,0.1389397,0.6,9.787009914477434
5727.0,0.4611489,0.0111751,0.2425354,0.1364226,0.8861533,0.0132705,0.7715836,0.00296,0.0424272,0.0264169,0.0088801,0.2451899,0.4865514,0.1132075,0.5555556,11.171856680390034
1291.0,0.4632068,0.0,0.1680868,0.1370851,0.8396592,0.0,0.6549815,0.001845,0.0313653,0.0622837,0.0,0.9723247,0.366782,0.0640394,0.5,10.138599199626192
765.0,0.4797386,0.0065359,0.1294118,0.0603015,0.9058824,0.0156863,0.8351648,0.0,0.03663,0.16,0.007326,0.989011,0.0307692,0.0869565,0.25,12.974097680379948
5784.0,0.4346473,0.0309474,0.2353043,0.1847095,0.7615837,0.0019018,0.5477071,0.0033284,0.0428994,0.0575113,0.0288462,0.995932,0.439526,0.0307908,0.3636364,10.502351525774941
700.0,0.5014286,0.0,0.2671429,0.1117479,0.8671429,0.0,0.740625,0.003125,0.025,0.2214112,0.0,0.9875,0.3649635,0.147541,0.3,10.811766273800105
214.0,0.4579439,0.8504673,0.1261682,0.0862069,0.953271,0.0,0.8360656,0.0,0.0,0.1285714,0.7704918,1.0,0.2857143,0.5,0.0,10.229223792606835
8232.0,0.5103256,0.0054665,0.2027454,0.1503349,0.7549806,0.0956025,0.6501093,0.001562,0.0299906,0.0640351,0.001562,0.9965636,0.3769006,0.0533842,0.5,10.382853468483827
1886.0,0.5763521,0.0005302,0.1521739,0.1614518,0.6797455,0.154825,0.651633,0.0046656,0.0948678,0.0502216,0.0,0.9906687,0.3116691,0.0702479,0.0,10.518700218288165
901.0,0.4850166,0.0011099,0.1564928,0.1185345,0.8668147,0.0,0.7096774,0.0029326,0.0351906,0.0554017,0.0,0.8651026,0.3601108,0.1320755,0.5714286,10.27163147557801
9556.0,0.4686061,0.0055463,0.1563416,0.1177629,0.8083926,0.0134994,0.6459799,0.0025126,0.0625628,0.0735568,0.0037688,0.9962312,0.4257449,0.0395973,0.4939759,11.676752039127939
1847.0,0.4650785,0.0,0.1375203,0.0921053,0.8922577,0.0,0.7503693,0.0088626,0.0295421,0.0876011,0.0,0.9955687,0.2924528,0.1785714,0.7058824,9.923339198238729
357.0,0.4985994,0.0,0.2240896,0.1396648,0.8823529,0.0,0.7248322,0.0,0.0067114,0.1534091,0.0,1.0,0.2045455,0.0,0.75,9.825580063659602
277.0,0.5054152,0.0,0.1371841,0.1094891,0.9169675,0.0,0.7894737,0.0,0.0315789,0.1666667,0.0,1.0,0.1754386,0.1111111,1.0,10.003378135350923
196.0,0.4438776,0.0,0.377551,0.2201835,0.7908163,0.0,0.5858586,0.0,0.0,0.1818182,0.0,1.0,0.2892562,0.1052632,1.0,9.615805480084347
93.0,0.4731183,0.0,0.2043011,0.122449,0.8924731,0.0,0.7435897,0.0,0.0,0.2777778,0.0,1.0,0.3888889,0.2,1.0,9.615805480084347
367.0,0.4686649,0.0,0.1498638,0.1076923,0.8746594,0.0,0.7181208,0.0,0.0268456,0.1024096,0.0,1.0,0.2891566,0.04,0.0,10.32551474894327
27608.0,0.5060852,0.0500217,0.024703,0.024934,0.9320487,0.0,0.8496664,0.0048309,0.0516448,0.1089474,0.0523349,0.8600184,0.1771036,0.110952,0.1506849,12.14632794896594
37808.0,0.4877804,0.0056602,0.1462653,0.0931529,0.8621456,0.0166896,0.7291354,0.0041279,0.0496848,0.0573086,0.005779,0.9374812,0.4455922,0.1243884,0.5,11.346882686945893
2453.0,0.474521,0.0,0.1471667,0.0954228,0.8666938,0.0,0.7159209,0.0062435,0.0416233,0.099344,0.0,0.9968783,0.343955,0.0880282,0.4166667,10.764286715905591
1543.0,0.4977317,0.0939728,0.081011,0.1045161,0.9112119,0.0,0.7755906,0.007874,0.0255906,0.1024735,0.0767717,0.9940945,0.5618375,0.2676056,1.0,9.942756341456828
4689.0,0.4410322,0.0955428,0.2286202,0.1957268,0.8046492,0.0597142,0.6764549,0.0005339,0.0144154,0.0750617,0.0779498,0.9994661,0.2839506,0.0668954,0.6444444,10.322230781590136
52322.0,0.4649096,0.013436,0.2329422,0.1402293,0.8490883,0.0114675,0.7038187,0.0025025,0.0344332,0.0258679,0.0124664,0.98948,0.1958377,0.027117,0.3839286,11.261909563554315
3738.0,0.5184591,0.0024077,0.1182451,0.0777778,0.8715891,0.0088283,0.7326121,0.0061824,0.049459,0.0513196,0.0015456,0.7287481,0.4274194,0.1932458,0.5714286,10.515993929932415
1449.0,0.531401,0.0034507,0.0517598,0.0147275,0.6231884,0.0082816,0.4809942,0.004386,0.1988304,0.704408,0.001462,0.9912281,0.5700086,0.011976,0.5,12.763402966631915
1996.0,0.4569138,0.002004,0.1638277,0.1420664,0.7725451,0.0235471,0.5995232,0.0059595,0.0738975,0.050905,0.0,0.9952324,0.3269231,0.0419948,0.75,11.358619773129229
2530.0,0.4505929,0.0003953,0.2256917,0.1568345,0.8762846,0.0083004,0.7251232,0.0,0.0108374,0.0688073,0.0009852,0.9970443,0.2183486,0.0662252,0.6,10.030164255362632
1753.0,0.4746149,0.0057045,0.1209355,0.0966341,0.8762122,0.0,0.7265745,0.0030722,0.0491551,0.0355556,0.0,0.9923195,0.2133333,0.0534759,0.2727273,10.998777662206932
1376.0,0.46875,0.0007267,0.1031977,0.0834473,0.9295058,0.0,0.8147368,0.0021053,0.0168421,0.0345528,0.0021053,0.9978947,0.0914634,0.2131148,0.4,11.252871529635922
308.0,0.4967532,0.0064935,0.1493506,0.1419355,0.8603896,0.0,0.699187,0.0081301,0.0243902,0.2407407,0.0,0.9837398,0.3765432,0.1794872,0.75,9.680406499268875
839.0,0.4696067,0.0,0.1942789,0.1438202,0.8653159,0.0,0.6807229,0.003012,0.0120482,0.0803324,0.0,1.0,0.2880886,0.0740741,0.625,10.442929787247998
3151.0,0.4922247,0.0691844,0.0945732,0.059375,0.9301809,0.0,0.8406055,0.0017809,0.0276046,0.0140474,0.064114,0.9804096,0.1290606,0.0987654,0.3333333,11.495789479023493
980.0,0.4989796,0.0,0.1132653,0.0875764,0.894898,0.0,0.7352113,0.0028169,0.0197183,0.2111111,0.0,0.9943662,0.3466667,0.1617647,0.8888889,10.196194479235656
3122.0,0.4615631,0.193786,0.2434337,0.2004759,0.76041,0.0480461,0.5940671,0.0062451,0.0483997,0.0830351,0.1772053,0.9859485,0.3636364,0.0784,0.8461538,11.017004873924424
132.0,0.4848485,0.0,0.1212121,0.1470588,0.9015152,0.0,0.7291667,0.0,0.0,0.2941176,0.0,0.9791667,0.2794118,0.25,0.0,9.615805480084347
1218.0,0.4499179,0.0,0.2151067,0.2014925,0.8259442,0.0,0.6175373,0.0,0.0130597,0.0868825,0.0,1.0,0.3713799,0.0843373,1.0,9.809231816610408
3500.0,0.5434286,0.0017143,0.0474286,0.0607009,0.81,0.0474286,0.6711349,0.0107239,0.0840036,0.1611694,0.002681,0.9758713,0.6431784,0.1677215,0.9375,10.881832472145556
4500.0,0.5057778,0.0011111,0.0851111,0.056205,0.9346667,0.0,0.8030523,0.0043605,0.0130814,0.0652174,0.0,0.9636628,0.279212,0.125,0.3333333,10.781058245898533
8326.0,0.4288974,0.0002402,0.8484266,0.2820189,0.769277,0.0180159,0.6489821,0.0,0.0125437,0.1415711,0.0002056,0.9934197,0.3376876,0.0,0.2741117,10.96476135554887
418.0,0.4976077,0.0047847,0.076555,0.0761905,0.9282297,0.0,0.8194444,0.0069444,0.0208333,0.1111111,0.0138889,0.9791667,0.2901235,0.0857143,0.0,9.90353755128617
1767.0,0.5048104,0.0005659,0.2614601,0.0971429,0.8692699,0.0,0.7667526,0.003866,0.0541237,0.206544,0.0012887,0.9780928,0.291411,0.0744681,0.4482759,11.282266241614355
1606.0,0.4863014,0.0043587,0.23599,0.1757576,0.8387298,0.01868,0.6666667,0.0031596,0.0221169,0.2252142,0.0063191,0.6919431,0.4749082,0.117284,1.0,9.615805480084347
1711.0,0.4856809,0.0,0.1373466,0.1068182,0.8918761,0.006429,0.7657233,0.009434,0.0251572,0.0633284,0.0,0.9984277,0.2621502,0.1022727,0.3333333,10.31231367277647
640.0,0.5046875,0.0,0.1515625,0.1041009,0.865625,0.0,0.7125984,0.003937,0.0393701,0.2087227,0.0,1.0,0.4299065,0.1162791,0.6666667,10.184937747111391
3642.0,0.4747392,0.0005491,0.2059308,0.1604809,0.8248215,0.0241625,0.6711409,0.0026846,0.0315436,0.0785405,0.0006711,0.9986577,0.2801484,0.0656566,0.9090909,10.285376924115587
325.0,0.4707692,0.0492308,0.0307692,0.0174419,0.9876923,0.0,0.9591837,0.0,0.0,0.029703,0.0408163,0.9897959,0.0,0.0,0.0,11.649211809228195
9962.0,0.4811283,0.1430436,0.1222646,0.1096924,0.7115037,0.0,0.4854627,0.004095,0.0663391,0.1008837,0.1509009,0.9875102,0.5736377,0.0212459,0.3684211,10.635879484421974
411.0,0.4987835,0.0,0.1313869,0.1165049,0.8491484,0.0,0.6779661,0.0,0.0282486,0.1280788,0.0,0.9943503,0.3004926,0.1025641,0.5,10.177362240256695
15820.0,0.4484829,0.0424779,0.2070796,0.1747851,0.741024,0.0663717,0.5996103,0.0029981,0.0445211,0.1224678,0.0380753,0.9911557,0.3834517,0.0653886,0.46875,10.203629181337648
385.0,0.5012987,0.0,0.0571429,0.0520833,0.9220779,0.0,0.7252747,0.010989,0.032967,0.266129,0.0,1.0,0.7903226,0.35,0.0,10.34177474101152
1226.0,0.5464927,0.0040783,0.1182708,0.0881295,0.8319739,0.0244698,0.6836518,0.0063694,0.044586,0.3643725,0.0042463,0.8492569,0.7395412,0.1294118,1.0,10.883710371704016
15979.0,0.4872645,0.0100757,0.0859253,0.0766508,0.8931097,0.0,0.7541151,0.0040726,0.0349567,0.030916,0.0101816,0.9947395,0.2705147,0.0539397,0.1724138,10.898607948952096
1599.0,0.4577861,0.0181363,0.1976235,0.1176471,0.8380238,0.0,0.6695779,0.0058224,0.0363901,0.0269122,0.014556,0.9941776,0.1643059,0.0470588,0.0,10.956073354557526
6468.0,0.4882498,0.0213358,0.0587508,0.0528701,0.8613173,0.0,0.7129363,0.0032854,0.0665298,0.0443485,0.02423,0.9954825,0.2594192,0.0422222,0.0909091,11.755879486687116
1807.0,0.4858882,0.1466519,0.1062535,0.0839612,0.8904261,0.0,0.7541229,0.0044978,0.0434783,0.0319303,0.1274363,0.9895052,0.2235123,0.1794872,0.4615385,11.020283511637867
1994.0,0.4563691,0.0411234,0.1800401,0.1642066,0.8851555,0.0,0.7109375,0.0013021,0.0078125,0.1341601,0.0286458,0.9973958,0.3393461,0.0921053,0.9230769,9.923339198238729
578.0,0.4515571,0.0,0.2058824,0.1735016,0.8235294,0.0,0.6182573,0.0041494,0.0373444,0.0973783,0.0,0.9958506,0.2134831,0.0833333,0.5,9.820160289946374
965.0,0.4518135,0.0,0.3119171,0.2344045,0.7958549,0.0601036,0.6540404,0.0,0.0050505,0.0875576,0.0,1.0,0.2903226,0.0212766,0.6666667,9.686636660844938
304.0,0.5460526,0.0,0.1842105,0.1231884,0.9078947,0.0,0.7798165,0.0,0.0366972,0.0521739,0.0,1.0,0.1913043,0.08,0.0,10.440010162389305
2163.0,0.4891355,0.0032362,0.098012,0.0669683,0.9232547,0.0,0.8240997,0.0041551,0.0360111,0.0321716,0.0041551,0.998615,0.0335121,0.057971,0.8,12.59473402514672
3571.0,0.4455335,0.9019882,0.1159339,0.1191919,0.8910669,0.0,0.7132472,0.0040388,0.0201939,0.1432526,0.8731826,0.9927302,0.449827,0.164539,0.2857143,9.787009914477434
373.0,0.5093834,0.0,0.077748,0.0874317,0.9168901,0.0,0.796875,0.0,0.0390625,0.0791367,0.0,1.0,0.2805755,0.1428571,1.0,10.192456296870509
891.0,0.4736251,0.0359147,0.1526375,0.1343284,0.9158249,0.0,0.795389,0.0,0.0115274,0.0672043,0.037464,0.9942363,0.172043,0.1323529,0.2222222,10.594156665220533
144.0,0.4791667,0.0,0.1805556,0.1733333,0.8125,0.0,0.6,0.0,0.0153846,0.3434343,0.0,1.0,0.3939394,0.1538462,1.0,9.615805480084347
382.0,0.5,0.0,0.1806283,0.104712,0.8926702,0.0,0.7402597,0.0,0.0064935,0.0434783,0.0,0.9935065,0.173913,0.0689655,0.3333333,9.923339198238729
1636.0,0.4834963,0.0030562,0.24511,0.1502959,0.8618582,0.0,0.7040816,0.0043732,0.0276968,0.5249307,0.0029155,0.9970845,0.2562327,0.0449438,0.6428571,10.813780332606648
653.0,0.517611,0.0030628,0.1286371,0.0761905,0.914242,0.0,0.8106996,0.0,0.0329218,0.0470588,0.0,1.0,0.0352941,0.0625,0.0,12.310887512348744
81.0,0.5061728,0.0,0.1728395,0.0,0.9506173,0.0,0.875,0.0,0.0,0.030303,0.0,1.0,0.1212121,0.0,0.0,9.615805480084347
5126.0,0.4496684,0.0060476,0.1207569,0.0801134,0.7317597,0.1320718,0.6925163,0.0032538,0.0563991,0.0405827,0.0065076,0.9853579,0.3647242,0.0541612,0.2857143,11.008760940077243
9825.0,0.4905852,0.0079389,0.0754198,0.0599401,0.9094148,0.0,0.7799239,0.0043898,0.0342406,0.0352908,0.0087796,0.9800995,0.1967815,0.0657895,0.6428571,10.815790343132422
167.0,0.4431138,0.011976,0.257485,0.2258065,0.8383234,0.0,0.6438356,0.0,0.0136986,0.1309524,0.0136986,1.0,0.2380952,0.1538462,1.0,9.989711119284745
7525.0,0.4651163,0.0005316,0.1808638,0.1455901,0.8417276,0.030299,0.6965088,0.0027653,0.0231594,0.0505415,0.0,0.9934324,0.3521497,0.0518018,0.2631579,10.753659849198824
283.0,0.4946996,0.0,0.0848057,0.041958,0.8798587,0.0,0.7472527,0.032967,0.043956,0.0319149,0.0,1.0,0.3085106,0.32,0.0,10.586609649448985
1165.0,0.4892704,0.4403433,0.1236052,0.0957983,0.8497854,0.0,0.6875,0.0043103,0.0538793,0.0413223,0.4051724,0.9956897,0.1652893,0.023622,0.4,11.405351390085748
1184.0,0.4738176,0.0,0.0785473,0.05939,0.9298986,0.0,0.821256,0.0024155,0.0193237,0.0394432,0.0,0.9951691,0.3016241,0.0636364,0.4285714,9.918425424900335
18942.0,0.4690107,0.369338,0.1529933,0.1276596,0.835973,0.0345264,0.6899628,0.004461,0.0420818,0.058387,0.3109294,0.9345725,0.3153178,0.1564731,0.5535714,10.445840912706414
20014.0,0.4767163,0.0494654,0.1460478,0.0893727,0.8486559,0.0009993,0.6919543,0.0012958,0.0396984,0.0432774,0.0462952,0.9896336,0.309929,0.0395942,0.3488372,11.128747176317603
2577.0,0.4873884,0.0,0.1482344,0.1021953,0.8661234,0.0120295,0.7222222,0.0030303,0.0353535,0.0782123,0.0,0.989899,0.2765363,0.0653846,0.2857143,10.638280388314705
2181.0,0.4961027,0.0366804,0.0944521,0.0764331,0.9518569,0.0,0.8768328,0.0014663,0.0234604,0.0394366,0.0395894,0.9868035,0.071831,0.1,0.5,11.248972939884327
1896.0,0.4709916,0.125,0.1824895,0.1914257,0.8760549,0.0,0.7115385,0.0,0.0115385,0.1447368,0.1166667,0.9961538,0.3223684,0.0692641,0.7777778,10.43708198835482
345.0,0.4927536,0.0,0.1333333,0.0742857,0.9072464,0.0,0.7807018,0.0,0.0263158,0.0420168,0.0,1.0,0.1176471,0.1428571,0.0,10.515993929932415
2089.0,0.4590713,0.0,0.2412638,0.1867257,0.8243179,0.0244136,0.6570104,0.004635,0.0196987,0.1256332,0.0,0.9965238,0.2715299,0.0817844,0.7142857,10.21833478806055
2439.0,0.4719147,0.0,0.2173022,0.1638199,0.8286183,0.0258303,0.668993,0.001994,0.0189432,0.0865209,0.0,0.996012,0.2495446,0.0619469,0.6315789,9.873079890114703
3550.0,0.4926761,0.0028169,0.0822535,0.0738479,0.8757746,0.0025352,0.7232898,0.0069178,0.0445811,0.0348665,0.0015373,0.9208301,0.4310089,0.1082353,0.1111111,11.121378054821049
1329.0,0.4589917,0.1045899,0.2084274,0.1668985,0.8577878,0.0,0.6679389,0.0019084,0.0152672,0.0855148,0.0992366,0.9198473,0.3368237,0.1230769,0.5,9.918425424900335
21831.0,0.47089,0.1117219,0.1819889,0.1469137,0.8134304,0.0136503,0.6375743,0.0030817,0.044464,0.063299,0.0941008,0.9795289,0.3096907,0.0621997,0.5796178,11.06195554002416
598.0,0.5551839,0.0083612,0.0367893,0.0451128,0.9197324,0.0,0.7006803,0.0,0.0272109,0.1036585,0.0068027,0.9931973,0.8170732,0.2222222,0.0,9.933094897288786
391.0,0.4859335,0.0,0.1713555,0.1542289,0.887468,0.0,0.7315436,0.0,0.0201342,0.013245,0.0,1.0,0.0,0.0,0.0,11.25416768929685
4793.0,0.4800751,0.0,0.1871479,0.1336276,0.8479032,0.0104319,0.6788804,0.0030534,0.0173028,0.0822046,0.0,0.9989822,0.19617,0.048495,0.7096774,10.431199791458543
1490.0,0.5053691,0.0275168,0.4087248,0.1031208,0.7483221,0.1120805,0.733631,0.0014881,0.0401786,0.5765595,0.0014881,0.9806548,0.4807813,0.0097087,0.52,12.79802008682886
497.0,0.4909457,0.0,0.1589537,0.1660079,0.8591549,0.0,0.6632124,0.0,0.0259067,0.0981308,0.0,1.0,0.3504673,0.1666667,1.0,9.913487387114461
3468.0,0.5040369,0.0002884,0.0602653,0.0319767,0.967128,0.0011534,0.8961326,0.0,0.0132597,0.0258342,0.001105,0.9878453,0.116254,0.1515152,0.625,11.05407540279458
2205.0,0.4902494,0.0068027,0.0789116,0.0640569,0.9047619,0.0,0.7789757,0.0013477,0.0525606,0.2851638,0.0080863,0.9946092,0.177264,0.1067961,0.6363636,11.812296455066814
4176.0,0.4525862,0.0938697,0.2033046,0.1789151,0.8390805,0.0505268,0.7267623,0.0006238,0.0137243,0.0958827,0.0935745,0.9981285,0.2554992,0.0512249,0.6190476,10.480129006333248
200.0,0.52,0.0,0.165,0.0729167,0.91,0.0,0.7857143,0.0,0.0428571,0.0,0.0,0.9714286,0.1857143,0.2,0.0,9.888424674859083
211.0,0.5118483,0.0,0.1800948,0.1359223,0.8957346,0.0,0.7560976,0.0,0.0243902,0.2038835,0.0,1.0,0.3980583,0.0625,0.5,9.615805480084347
48.0,0.5,0.0,0.1041667,0.0416667,0.9166667,0.0,0.7647059,0.0,0.0,0.1904762,0.0,1.0,0.2380952,0.0,1.0,10.177362240256695
225.0,0.4844444,0.0,0.2533333,0.1465517,0.8088889,0.0,0.6039604,0.0,0.029703,0.1440678,0.0,0.990099,0.3559322,0.0,0.0,9.615805480084347
984.0,0.4542683,0.0345528,0.2469512,0.1713222,0.7682927,0.0243902,0.5853659,0.0022173,0.0332594,0.2059859,0.0266075,0.9889135,0.471831,0.0486486,0.8461538,10.118639253920785
5532.0,0.4745119,0.0016269,0.1666667,0.123151,0.868402,0.0319957,0.7668919,0.0053089,0.0212355,0.070852,0.0004826,0.9975869,0.1865471,0.0894737,0.65,10.225607282932941
49.0,0.5102041,0.0,0.1428571,0.0833333,0.877551,0.0,0.7272727,0.0,0.0,0.5510204,0.0,1.0,0.122449,0.0,0.0,9.615805480084347
1000.0,0.446,0.0,0.272,0.2310469,0.805,0.047,0.6658654,0.0024038,0.0192308,0.0651685,0.0,1.0,0.1775281,0.1285714,0.625,9.820160289946374
19550.0,0.4832225,0.1089003,0.1213811,0.1062061,0.9239898,0.0087468,0.8347615,0.0021019,0.0310428,0.0187212,0.0879547,0.9529507,0.1166111,0.1078199,0.8055556,11.989165855127435
23936.0,0.4700033,0.0311247,0.1217831,0.0877345,0.7609041,0.0108205,0.5691947,0.0023456,0.0857115,0.0454333,0.0326427,0.8949375,0.4965948,0.0400773,0.2222222,12.538612159123673
2026.0,0.4693978,0.0676209,0.1722606,0.1451163,0.8830207,0.0251728,0.7406877,0.0014327,0.004298,0.1307597,0.0687679,0.6948424,0.3399751,0.2185792,0.875,9.686636660844938
215.0,0.4651163,0.0,0.2697674,0.1391304,0.8837209,0.0,0.75,0.0,0.0217391,0.0980392,0.0,1.0,0.1862745,0.1111111,1.0,9.717218213494077
179.0,0.4972067,0.0,0.1396648,0.1222222,0.9162011,0.0,0.7704918,0.0,0.0163934,0.1029412,0.0,1.0,0.1176471,0.25,1.0,9.758519582283522
16392.0,0.488409,0.5067106,0.1032821,0.0787026,0.9167887,0.0,0.8119704,0.0046872,0.0396611,0.0227273,0.4539391,0.9832342,0.1087033,0.1380999,0.2432432,11.6172944892629
533.0,0.4634146,0.0,0.195122,0.1538462,0.8667917,0.0,0.6759259,0.0,0.0046296,0.0567686,0.0,1.0,0.2052402,0.0,1.0,10.515993929932415
578.0,0.5224913,0.0,0.1487889,0.057971,0.9446367,0.0,0.8258427,0.0,0.005618,0.2017937,0.0,0.9775281,0.3183857,0.2105263,0.75,10.322230781590136
1327.0,0.4913338,0.0,0.1672946,0.1125926,0.8937453,0.0,0.75,0.0020325,0.0284553,0.0628571,0.0,0.9918699,0.327619,0.0512821,0.1111111,11.586185220346932
67.0,0.4477612,0.0,0.3432836,0.1891892,0.7910448,0.0,0.625,0.0,0.0625,0.1578947,0.0,1.0,0.1842105,0.0,0.0,9.615805480084347
8862.0,0.4730309,0.3184383,0.0691717,0.0657388,0.8702325,0.0,0.7319679,0.0053428,0.0546156,0.0612984,0.2902939,0.9504304,0.2786291,0.0949535,0.375,10.862856930775358
895.0,0.501676,0.0011173,0.1653631,0.0829596,0.852514,0.0,0.7010309,0.0051546,0.0335052,0.2193159,0.0025773,0.9948454,0.4808853,0.09375,1.0,10.725489582719506
2447.0,0.5312628,0.0764201,0.0531263,0.0505667,0.9354311,0.0,0.8041667,0.0,0.0208333,0.1198044,0.0666667,0.9652778,0.5012225,0.2201258,0.5555556,10.038935856711177
1685.0,0.44273,0.0130564,0.1958457,0.1927583,0.7958457,0.1115727,0.7583643,0.0092937,0.0371747,0.1092715,0.0111524,0.9423792,0.3311258,0.1006289,0.0,10.239995502805316
1462.0,0.4555404,0.0,0.2927497,0.2324121,0.7612859,0.0499316,0.5743671,0.0015823,0.0094937,0.091954,0.0,0.9984177,0.4554598,0.0813008,0.8666667,9.711176264112805
182.0,0.478022,0.0,0.2857143,0.1473684,0.9065934,0.0,0.7887324,0.0,0.028169,0.4409449,0.0,1.0,0.1889764,0.0526316,0.0,10.315630315397533
1077.0,0.4911792,0.0,0.090065,0.0729927,0.8960074,0.0,0.764411,0.0,0.0426065,0.0362319,0.0,0.9874687,0.3768116,0.0789474,0.0,11.047726275896391
284.0,0.5,0.0,0.1725352,0.1549296,0.8415493,0.0,0.6422764,0.0,0.0081301,0.1632653,0.0,1.0,0.3333333,0.0416667,0.0,9.798182590890704
12765.0,0.4701919,0.2428515,0.1816686,0.1648677,0.8108108,0.0554642,0.6865156,0.0047465,0.029342,0.0812686,0.22589,0.9316073,0.3766105,0.1413829,0.5797101,10.225607282932941
89.0,0.4606742,0.0,0.2022472,0.1041667,0.9213483,0.0,0.8285714,0.0,0.0285714,0.0789474,0.0,1.0,0.2368421,0.0,1.0,10.021315031649332
957.0,0.4827586,0.0,0.199582,0.1313131,0.8850575,0.0135841,0.7513089,0.0,0.0052356,0.0705596,0.0,0.9973822,0.2214112,0.0227273,0.0,10.385944565501662
246.0,0.4878049,0.0,0.1382114,0.0873016,0.8780488,0.0,0.7604167,0.0104167,0.03125,0.04,0.0,1.0,0.14,0.0454545,0.0,10.542732775946709
4599.0,0.4444444,0.006958,0.654925,0.2238748,0.7603827,0.0241357,0.6511076,0.0007911,0.039557,0.2383248,0.0043513,0.9897152,0.3904791,0.0112994,0.4464286,11.10045084755119
157615.0,0.4791612,0.0598991,0.1203819,0.0967573,0.8484599,0.0136345,0.6908909,0.0039583,0.0369007,0.1086861,0.0530284,0.8935833,0.3743002,0.0952631,0.5685693,10.434145214930487
157.0,0.477707,0.0,0.1401274,0.1341463,0.8853503,0.0,0.704918,0.0,0.0,0.0615385,0.0,1.0,0.1692308,0.0,0.0,9.615805480084347
969.0,0.4447884,0.0,0.2786378,0.2509294,0.748194,0.1145511,0.6594005,0.0027248,0.0190736,0.0637755,0.0,1.0,0.2627551,0.0454545,0.75,10.576457535657255
441.0,0.462585,0.0,0.1836735,0.1265823,0.8571429,0.0,0.6647727,0.0,0.0227273,0.1889401,0.0,1.0,0.1981567,0.0408163,0.75,10.085850775128717
892.0,0.4674888,0.0022422,0.17713,0.1557895,0.8934978,0.0,0.7507246,0.0,0.0231884,0.1131105,0.0057971,0.9942029,0.2544987,0.1153846,0.5,10.596659732783579
8884.0,0.4780504,0.007204,0.1640027,0.1171016,0.8841738,0.0131697,0.7564103,0.002331,0.0160256,0.0236131,0.0075758,0.995338,0.1803698,0.02,0.4615385,11.031674824544641
320.0,0.503125,0.003125,0.13125,0.1006289,0.859375,0.0,0.6923077,0.0,0.0384615,0.1447368,0.0076923,0.9846154,0.2039474,0.15625,1.0,9.615805480084347
72798.0,0.477678,0.0767878,0.1494547,0.1173995,0.8304349,0.0165801,0.6674762,0.0028672,0.0359576,0.103104,0.0679687,0.9891048,0.385914,0.0702957,0.5139116,10.482933978579906
5153.0,0.440132,0.2823598,0.1952261,0.2041594,0.8232098,0.0326024,0.6616114,0.0018957,0.0113744,0.0651307,0.2322275,0.9962085,0.3721755,0.0934809,0.5,9.952325334619427
1249.0,0.4603683,0.0064051,0.1985588,0.1602374,0.8406725,0.0648519,0.7402299,0.0,0.0114943,0.043956,0.0022989,0.9977011,0.1736264,0.0689655,0.7,10.465984899076615
38091.0,0.462734,0.0266992,0.1517419,0.1122404,0.7535901,0.0300858,0.5957864,0.0024042,0.0881944,0.0789581,0.0201189,0.9545742,0.4170503,0.0540382,0.6528497,11.834291315386718
7799.0,0.4755738,0.0016669,0.1211694,0.1107579,0.8990896,0.0126939,0.7854707,0.0023874,0.0167121,0.058748,0.0010232,0.9976126,0.2189406,0.0741301,0.4146341,10.39516093745751
188.0,0.5053191,0.0,0.2659574,0.1827957,0.8244681,0.0,0.6309524,0.0119048,0.0119048,0.106383,0.0,1.0,0.1808511,0.0,0.0,9.615805480084347
825.0,0.48,0.3769697,0.1309091,0.1048951,0.92,0.0,0.7695035,0.0,0.0035461,0.0932476,0.3120567,0.9929078,0.3376206,0.1754386,1.0,9.893487720457795
207.0,0.5072464,0.0,0.0193237,0.0,0.9613527,0.0,0.8955224,0.0,0.0149254,0.0,0.0,1.0,0.0746269,0.1428571,0.0,10.76004951120163
2703.0,0.4772475,0.0554939,0.1213467,0.0955414,0.7713651,0.1006289,0.7004219,0.0042194,0.0485232,0.0404858,0.0485232,0.9852321,0.4311741,0.0488372,1.0,11.466891997618188
265.0,0.5056604,0.3433962,0.1169811,0.1145038,0.9207547,0.0,0.78125,0.0,0.0,0.1272727,0.3854167,0.9791667,0.3363636,0.0434783,1.0,9.642187721358466
586.0,0.447099,0.5580205,0.1740614,0.1635802,0.8856655,0.0,0.720524,0.0043668,0.0087336,0.0876494,0.5240175,1.0,0.2191235,0.0952381,1.0,9.918425424900335
877.0,0.4948689,0.0,0.2428734,0.1264108,0.7787913,0.0535918,0.6820652,0.0108696,0.0625,0.2236287,0.0,0.9945652,0.4219409,0.0412371,0.6666667,10.566201298475118
208.0,0.5,0.0,0.1442308,0.0961538,0.9182692,0.0,0.7941176,0.0147059,0.0294118,0.0684932,0.0,1.0,0.1232877,0.4444444,0.0,10.261196961231647
341.0,0.4868035,0.0,0.1583578,0.1142857,0.9266862,0.0,0.8064516,0.0,0.0080645,0.1733333,0.0,0.9274194,0.44,0.3636364,0.0,9.615805480084347
6221.0,0.4475165,0.000643,0.3267963,0.2845505,0.7643466,0.0194502,0.5684391,0.0030875,0.0219554,0.1526163,0.0,0.9948542,0.1773256,0.0326721,0.85,9.615805480084347
9200.0,0.4609783,0.0018478,0.3788043,0.205485,0.6961957,0.0108696,0.5369996,0.002224,0.0725839,0.3135323,0.0012131,0.9868581,0.5242193,0.0121655,0.4586466,11.356283350762888
44972.0,0.4731388,0.3410344,0.086943,0.0834811,0.6251223,0.1112025,0.5327026,0.0027032,0.1617794,0.0574388,0.3094553,0.9931245,0.466711,0.0616306,0.2654321,10.898607948952096
2060.0,0.4839806,0.0004854,0.1747573,0.1317027,0.9038835,0.0,0.7650677,0.0,0.0086101,0.0390071,0.00123,0.99754,0.1300236,0.0231214,0.0,11.227919807721856
2116.0,0.4598299,0.3256144,0.1082231,0.1111111,0.9017013,0.0,0.7452316,0.0027248,0.0149864,0.0949445,0.2874659,0.979564,0.4660912,0.1904762,0.4166667,10.292179440058462
1446.0,0.4827109,0.0691563,0.1604426,0.131016,0.7856155,0.1161826,0.7426901,0.0038986,0.0136452,0.0689655,0.0,0.994152,0.3974592,0.0748663,0.6666667,10.102379394048045
201.0,0.4626866,0.0,0.0995025,0.1111111,0.880597,0.0,0.6973684,0.0,0.0131579,0.1162791,0.0,1.0,0.255814,0.1333333,0.0,9.61587214452889
745.0,0.4724832,0.0,0.1154362,0.0992366,0.9154362,0.0120805,0.8070866,0.0,0.019685,0.0486891,0.0,0.996063,0.164794,0.0625,0.0,10.110542371500753
2019.0,0.5052006,0.0059435,0.0936107,0.0630631,0.8865775,0.0,0.751004,0.0040161,0.0481928,0.0603774,0.0053548,0.9933066,0.3849057,0.0809249,0.6153846,10.250652418696085
892.0,0.4943946,0.2286996,0.1221973,0.1042129,0.8912556,0.0,0.7525424,0.0033898,0.0542373,0.0327869,0.2271186,0.959322,0.2688525,0.0934579,0.6666667,11.51493344762302
2319.0,0.4928849,0.0142303,0.1772316,0.1045918,0.5774041,0.2535576,0.5851472,0.0,0.0614597,0.0981524,0.0115237,0.9948784,0.4064665,0.0398773,0.6,10.034559673629849
4978.0,0.5020088,0.0054239,0.0255123,0.029044,0.9724789,0.0,0.9186722,0.0049793,0.019917,0.0815549,0.0091286,0.2962656,0.4893293,0.3085106,0.4285714,10.114599007626499
8133.0,0.4554285,0.0828722,0.25624,0.1846918,0.793926,0.0033198,0.5930608,0.0024207,0.0301237,0.0882786,0.0583647,0.9873588,0.3759196,0.053961,0.7,10.243560441877241
10610.0,0.4757776,0.0117813,0.1785108,0.0954693,0.899246,0.0088596,0.7887117,0.0,0.0245399,0.0218435,0.0107975,0.9906748,0.0338454,0.0572289,0.4482759,11.712603850073448
71.0,0.4929577,0.0,0.3239437,0.1666667,0.7323944,0.0,0.5555556,0.0,0.0833333,0.1428571,0.0,1.0,0.2142857,0.0,0.0,9.615805480084347
571.0,0.5061296,0.0017513,0.1716287,0.1028369,0.8739054,0.0,0.7235023,0.0046083,0.0506912,0.0646552,0.0,1.0,0.3017241,0.1842105,0.0,10.098272780745283
3897.0,0.4652297,0.1688478,0.0939184,0.0407869,0.7659738,0.2006672,0.898853,0.0010428,0.0250261,0.0448207,0.016684,0.983316,0.0368526,0.0941176,0.7272727,13.122367377396328
105.0,0.4952381,0.0,0.3142857,0.245283,0.8190476,0.0,0.6470588,0.0,0.0196078,0.0555556,0.0,1.0,0.2222222,0.1666667,1.0,9.615805480084347
4455.0,0.4722783,0.0592593,0.1683502,0.1301574,0.8489338,0.0417508,0.7416413,0.0042553,0.024924,0.0856031,0.0480243,0.9969605,0.3274041,0.0964912,0.325,10.373522431293592
4430.0,0.4778781,0.006772,0.1426637,0.1175962,0.7358916,0.1180587,0.6512346,0.0037037,0.0388889,0.0619572,0.0012346,0.9969136,0.2883613,0.0477223,0.2857143,10.404293143019792
6506.0,0.5043037,0.0029204,0.0338149,0.0269767,0.9638795,0.0,0.9041643,0.0045636,0.0239589,0.0255698,0.0028523,0.9634912,0.0683713,0.375,0.5,10.819798284210286
7026.0,0.4880444,0.0034159,0.1048961,0.0789547,0.9232849,0.0109593,0.8404088,0.0019654,0.0180818,0.0443276,0.0023585,0.9964623,0.1536439,0.0699482,0.4242424,10.849356503939038
320.0,0.521875,0.690625,0.1625,0.1372549,0.81875,0.071875,0.7047619,0.0095238,0.0190476,0.1463415,0.7142857,1.0,0.3577236,0.1142857,1.0,9.69898173460629
325.0,0.4984615,0.0153846,0.0984615,0.0797546,0.7230769,0.1784615,0.71875,0.0,0.0416667,0.0204082,0.0,0.9895833,0.2346939,0.0909091,0.0,10.060534035475412
378.0,0.4973545,0.0238095,0.1560847,0.0736842,0.9285714,0.0,0.8062016,0.0,0.0155039,0.0583942,0.0465116,1.0,0.1240876,0.2941176,0.0,10.085850775128717
3663.0,0.4422604,0.3237783,0.1657112,0.1776799,0.8378378,0.03549,0.686471,0.0028633,0.0150322,0.1118881,0.2455261,0.9892627,0.3464717,0.1136364,0.6956522,10.275085591132715
1678.0,0.4606675,0.0,0.306913,0.2430939,0.7687723,0.0488677,0.6103723,0.0,0.0132979,0.1425314,0.0,0.9986702,0.3534778,0.0468085,0.7272727,9.933094897288786
693.0,0.4805195,0.012987,0.2150072,0.1277778,0.8528139,0.0,0.6949153,0.0067797,0.0271186,0.0327869,0.0135593,0.9762712,0.252459,0.0606061,0.0,11.041336579870135
1963.0,0.4783495,0.0045848,0.1818645,0.1279297,0.8614366,0.0193581,0.6994536,0.0,0.0163934,0.0827068,0.0027322,0.8756831,0.4172932,0.1731602,0.6666667,10.31231367277647
398.0,0.4874372,0.0050251,0.1331658,0.0931373,0.9221106,0.0,0.7971014,0.0,0.0217391,0.1636364,0.0072464,0.9710145,0.3636364,0.1904762,0.0,9.615805480084347
7060.0,0.4934844,0.027762,0.0668555,0.0467002,0.9456091,0.0,0.8665519,0.000861,0.0253982,0.0272194,0.0275506,0.970297,0.1034338,0.0738916,0.5333333,11.989165855127435
2446.0,0.4717907,0.0028618,0.1778414,0.1493808,0.8560916,0.0,0.666318,0.0,0.0303347,0.0627451,0.0020921,0.9905858,0.2705882,0.0679612,0.3,11.002116507732017
1351.0,0.4951887,0.0,0.1569208,0.1026393,0.8726869,0.0,0.7087379,0.0038835,0.0291262,0.026465,0.0,0.9980583,0.3251418,0.0308642,0.0,10.911463720944793
306.0,0.4901961,0.0,0.2189542,0.1217949,0.8627451,0.0,0.7293233,0.0,0.0225564,0.2962963,0.0,0.9924812,0.3439153,0.1818182,0.75,9.735128070758227
1374.0,0.4519651,0.0,0.2285298,0.184595,0.8231441,0.0494905,0.6958175,0.0019011,0.0171103,0.1447154,0.0,0.9847909,0.4341463,0.1277778,0.875,9.69898173460629
594.0,0.4225589,0.6161616,0.2777778,0.2915452,0.7525253,0.1599327,0.7197802,0.0,0.0054945,0.1374408,0.5659341,1.0,0.3791469,0.2647059,1.0,9.65509029374725
1054.0,0.4459203,0.0009488,0.3273245,0.2465753,0.7675522,0.0559772,0.6008677,0.0,0.0043384,0.1013645,0.0,0.9978308,0.3489279,0.0569106,0.5454545,10.12667110305036
853.0,0.4501758,0.0,0.2602579,0.2089552,0.7760844,0.0082063,0.5833333,0.010101,0.0353535,0.0682353,0.0,0.9974747,0.4729412,0.0403226,0.5,9.862717639992917
9768.0,0.4764537,0.0083948,0.156941,0.1276887,0.7192875,0.1046274,0.6120913,0.0033731,0.0467047,0.05701,0.0054489,0.9940322,0.3931979,0.0435618,0.5806452,10.477316144080852
14091.0,0.494642,0.1233411,0.0310837,0.0438141,0.954439,0.0,0.8806514,0.006563,0.0230919,0.0575029,0.1127856,0.9504132,0.1095074,0.25,0.6725664,10.742918838113225
155.0,0.5483871,0.0,0.1354839,0.1,0.9225806,0.0,0.7966102,0.0,0.0,0.1060606,0.0,1.0,0.1515152,0.1666667,0.5,9.615805480084347
6701.0,0.474556,0.0035816,0.215341,0.1505254,0.7925683,0.0247724,0.6208945,0.0045423,0.037037,0.0876634,0.0038435,0.9884696,0.4105834,0.0637708,0.6363636,10.401258331428318
1563.0,0.4651312,0.0179143,0.1599488,0.1220096,0.8848369,0.0,0.7565084,0.0030628,0.0229709,0.0658083,0.0183767,0.9984686,0.2889843,0.0479452,0.4444444,10.540090836284206
4388.0,0.4496354,0.0118505,0.2463537,0.2136646,0.7923883,0.0587967,0.6624658,0.0032877,0.0164384,0.0792129,0.0126027,0.9972603,0.327447,0.0717949,0.3703704,10.214678610538817
236.0,0.5211864,0.0,0.2118644,0.2035398,0.8008475,0.0,0.5588235,0.0,0.0196078,0.2816901,0.0,0.9901961,0.3380282,0.1818182,0.8571429,9.615805480084347
7955.0,0.4633564,0.152357,0.1727216,0.1496838,0.8060339,0.0692646,0.6993421,0.0016447,0.0203947,0.0591148,0.1148026,0.9967105,0.3194058,0.0836013,0.6666667,10.298935994257638
79.0,0.5063291,0.0,0.2025316,0.0769231,0.9240506,0.0,0.8125,0.0,0.0,0.2195122,0.0,1.0,0.3414634,0.2,0.0,9.615805480084347
2969.0,0.475581,0.0010104,0.1670596,0.1162492,0.8841361,0.0,0.7300347,0.0043403,0.0208333,0.0907656,0.0017361,0.8454861,0.3898974,0.1358025,0.5217391,10.357774570341576
3984.0,0.4731426,0.000753,0.1393072,0.1171987,0.8960843,0.0291165,0.8045487,0.0042644,0.0099502,0.0779817,0.0007107,0.9971571,0.2398427,0.1072555,0.2280702,10.513280297700861
1183.0,0.4513948,0.0025359,0.1792054,0.1355932,0.8647506,0.0,0.7035491,0.0083507,0.0208768,0.0626223,0.006263,0.9979123,0.3033268,0.0902778,1.0,10.016860879703811
212.0,0.5235849,0.0,0.2264151,0.049505,0.9575472,0.0,0.9078947,0.0,0.0263158,0.0379747,0.0,0.9473684,0.0126582,0.0,0.0,11.697752214480175
94.0,0.4680851,0.8829787,0.1170213,0.12,0.9042553,0.0,0.7272727,0.0,0.0,0.195122,0.9090909,0.969697,0.4634146,0.375,1.0,9.966509298952284
6049.0,0.4742933,0.0008266,0.1269631,0.1103774,0.8773351,0.0190114,0.7533572,0.0040286,0.0286482,0.0257305,0.0,0.9959714,0.2110772,0.0782473,0.2,10.614007941153417
447.0,0.5011186,0.0,0.1073826,0.0807175,0.9306488,0.0,0.8137931,0.0,0.0275862,0.2119565,0.0,0.8551724,0.1630435,0.0,0.0,10.911463720944793
3520.0,0.4693182,0.0610795,0.1375,0.1188437,0.8605114,0.0122159,0.7098485,0.0022727,0.0401515,0.0448625,0.0575758,0.9871212,0.2937771,0.0716049,0.2857143,11.021918808236205
190.0,0.4684211,0.0052632,0.2210526,0.2079208,0.8105263,0.0,0.6046512,0.0,0.0232558,0.0947368,0.0116279,1.0,0.4631579,0.0555556,1.0,9.615805480084347
1641.0,0.4558196,0.0329068,0.2321755,0.2004479,0.7958562,0.0639854,0.6712121,0.0030303,0.0136364,0.1081081,0.0333333,0.9984848,0.3972973,0.0663717,0.5714286,9.952325334619427
268.0,0.5037313,0.0,0.1604478,0.112782,0.8731343,0.0,0.7254902,0.0098039,0.0490196,0.1355932,0.0,1.0,0.2966102,0.08,0.6666667,10.106469212026385
193.0,0.4766839,0.0,0.2176166,0.2376238,0.8134715,0.0,0.5909091,0.0,0.0,0.0222222,0.0,0.9886364,0.2666667,0.0,1.0,9.77571099759397
2034.0,0.4483776,0.2463127,0.2305801,0.2130125,0.8102262,0.0383481,0.646356,0.0,0.0107527,0.0637584,0.20908,1.0,0.3814318,0.0678392,0.6666667,10.150386692204734
1508.0,0.4515915,0.3633952,0.2712202,0.210399,0.8202918,0.0497347,0.6953642,0.0,0.0198675,0.1284271,0.3327815,0.986755,0.3448773,0.1030303,0.6,9.94755228369823
1619.0,0.4657196,0.0778258,0.2322421,0.1791908,0.8079061,0.0487956,0.6625,0.0015625,0.0203125,0.1478029,0.0765625,0.9453125,0.3808256,0.1041667,0.8,9.615805480084347
13383.0,0.4632743,0.0024658,0.1627438,0.1211193,0.8222372,0.0179332,0.6729227,0.0061953,0.0479227,0.0467257,0.0016399,0.9936224,0.3520931,0.0377095,0.4615385,10.774801838762809
507.0,0.4852071,0.0276134,0.2978304,0.1915709,0.8067061,0.0,0.637931,0.0086207,0.0172414,0.177305,0.0258621,0.887931,0.4042553,0.0952381,0.8333333,9.615805480084347
1154.0,0.4584055,0.0,0.2833622,0.216,0.7920277,0.0389948,0.6257545,0.0,0.0181087,0.2185535,0.0,0.9979879,0.3977987,0.1047619,0.9459459,9.893487720457795
16117.0,0.4629273,0.0138363,0.1900478,0.1323937,0.7235838,0.0142706,0.5612912,0.0051757,0.1070553,0.0725114,0.0122582,0.9561427,0.4857251,0.0383412,0.2650602,12.232232473915767
279.0,0.4731183,0.0,0.3010753,0.170068,0.8530466,0.0,0.6850394,0.0,0.007874,0.1180556,0.0,1.0,0.3541667,0.0588235,1.0,10.064798252418377
4301.0,0.4591955,0.4185073,0.1267147,0.1294067,0.8465473,0.0395257,0.7247885,0.0013012,0.0227716,0.1227169,0.374756,1.0,0.3093607,0.1264822,0.4,10.419330568113901
4026.0,0.4811227,0.0168902,0.1400894,0.0952609,0.879533,0.0029806,0.7411477,0.0018315,0.0238095,0.0376028,0.015873,0.991453,0.2244418,0.0495283,0.4285714,10.721084386282662
282.0,0.5212766,0.0,0.1560284,0.1111111,0.9148936,0.0,0.7904762,0.0,0.0095238,0.1393443,0.0,1.0,0.1639344,0.2,0.6666667,10.526775414924009
2465.0,0.4490872,0.0008114,0.2584178,0.2025037,0.8093306,0.0324544,0.6431335,0.0,0.0183752,0.0684685,0.0,0.9845261,0.2171171,0.0466102,0.375,10.130662964963708
963.0,0.4423676,0.0010384,0.2346833,0.1657356,0.8089304,0.0363448,0.6556962,0.0050633,0.0253165,0.0617577,0.0,1.0,0.3657957,0.1382979,0.8888889,9.717218213494077
29205.0,0.4831707,0.0205444,0.0693717,0.0689678,0.9033727,0.0055812,0.7748881,0.0020958,0.0235305,0.0783212,0.0182909,0.9557969,0.2195101,0.0721221,0.2678571,11.225256725762893
11133.0,0.5039971,0.0397916,0.0805713,0.0789569,0.9075721,0.0114075,0.7958026,0.0059558,0.0371526,0.133448,0.0306296,0.8068633,0.3607766,0.2255859,0.7522124,10.392098241730961
1702.0,0.4817861,0.0035253,0.1627497,0.1371882,0.8695652,0.0,0.7099567,0.0,0.024531,0.0414938,0.0,0.997114,0.2337483,0.0812183,1.0,10.407318772389159
3704.0,0.4311555,0.4765119,0.2070734,0.2069293,0.8056156,0.0526458,0.6680054,0.0026774,0.0140562,0.0580076,0.4437751,0.9959839,0.3184111,0.0701754,0.6111111,10.431199791458543
25067.0,0.4839829,0.0078589,0.1737344,0.1301121,0.89927,0.0475127,0.8639403,0.0009002,0.0232767,0.0146984,0.0046296,0.9688786,0.05778,0.1512968,0.0898876,12.235636302128867
1713.0,0.4530064,0.0904845,0.2230006,0.1889007,0.8102744,0.0683012,0.6973886,0.0030722,0.0107527,0.1545455,0.0844854,0.984639,0.3272727,0.1101695,0.6666667,10.034559673629849
1898.0,0.4794521,0.2086407,0.1148577,0.1052632,0.9225501,0.0047418,0.820324,0.0029455,0.0162003,0.0673077,0.173785,0.9985272,0.1799451,0.1529412,0.7857143,10.360944044643913
769.0,0.4655397,0.0,0.1573472,0.13382,0.9115735,0.0,0.7887324,0.0070423,0.0176056,0.0469799,0.0,1.0,0.3020134,0.1764706,1.0,9.615805480084347
10227.0,0.473746,0.0012711,0.1551775,0.1172427,0.8471693,0.0105603,0.6927514,0.0050163,0.0436418,0.0213549,0.0007524,0.9939804,0.2641139,0.0622155,0.1764706,10.691967639914864
221.0,0.4027149,0.0,0.2986425,0.2348485,0.8099548,0.0,0.5959596,0.0,0.020202,0.0833333,0.0,1.0,0.212963,0.0,0.6666667,10.2328272702548
1890.0,0.4873016,0.0005291,0.0957672,0.0505676,0.9402116,0.0,0.8580153,0.0015267,0.0229008,0.0267459,0.0,0.9969466,0.0683507,0.1463415,0.2222222,11.74006900564972
751.0,0.4860186,0.126498,0.1464714,0.142487,0.840213,0.0,0.6730159,0.0031746,0.047619,0.1025641,0.1238095,0.9936508,0.2934473,0.0504202,0.5,10.328787967145063
323.0,0.5108359,0.003096,0.1486068,0.0822785,0.869969,0.0,0.7241379,0.0086207,0.0603448,0.09375,0.0086207,0.9482759,0.359375,0.2,1.0,10.360944044643913
4613.0,0.4606547,0.0021678,0.278127,0.1973473,0.7962281,0.0388034,0.6392533,0.0030272,0.0201816,0.1043832,0.0015136,0.9959637,0.2910077,0.0614035,0.6470588,9.928228944424575
2047.0,0.4650708,0.2579384,0.1792868,0.1552511,0.8573522,0.0,0.6924855,0.0046243,0.0208092,0.0688913,0.2312139,0.9965318,0.3175457,0.0512821,0.4545455,10.513280297700861
553.0,0.4918626,0.0,0.119349,0.1245552,0.8933092,0.0,0.7412935,0.0049751,0.0199005,0.0904977,0.0,1.0,0.2895928,0.1492537,0.6666667,9.615805480084347
296.0,0.4594595,0.0033784,0.1858108,0.15,0.8581081,0.0,0.7327586,0.0258621,0.0603448,0.1076923,0.0086207,1.0,0.1923077,0.1538462,1.0,10.318935994253193
448.0,0.5491071,0.0,0.1339286,0.0742574,0.8392857,0.0,0.6666667,0.0166667,0.0388889,0.1262136,0.0,0.9944444,0.3932039,0.173913,0.5,9.792611856190192
271.0,0.4760148,0.0110701,0.2214022,0.0985915,0.7380074,0.0,0.5590551,0.007874,0.1023622,0.0863309,0.007874,1.0,0.1223022,0.1,0.5,12.771673345241355
153.0,0.503268,0.0,0.0718954,0.0657895,0.9607843,0.0,0.8275862,0.0,0.0344828,0.1944444,0.0,1.0,0.8333333,0.2,0.0,10.268165387743457
212.0,0.5141509,0.0,0.3018868,0.2135922,0.8066038,0.0,0.5858586,0.0,0.0,0.1391304,0.0,1.0,0.373913,0.0,0.0,9.615805480084347
15518.0,0.4796366,0.7205181,0.08996,0.076161,0.8840057,0.0064441,0.7194625,0.0044788,0.0449919,0.0811822,0.6813925,0.7945847,0.7037037,0.177681,0.2786885,10.762170357789895
37729.0,0.4595404,0.3100268,0.1516075,0.1143151,0.7978743,0.0293673,0.6430638,0.002273,0.0681223,0.0365651,0.2937732,0.9735501,0.3350587,0.0525741,0.504,12.246259238225438
3377.0,0.5039976,0.0432336,0.1060113,0.0740299,0.9058336,0.0,0.7953488,0.003876,0.0310078,0.0493736,0.0310078,0.9976744,0.275608,0.0747331,0.7777778,10.789339695269716
1377.0,0.4611474,0.0007262,0.1771968,0.1536388,0.7944808,0.0181554,0.6123499,0.0068611,0.0445969,0.0904836,0.0,0.9845626,0.3634945,0.042735,0.75,10.27163147557801
2702.0,0.4330126,0.9933383,0.1250925,0.1318538,0.8941525,0.0,0.706621,0.0045662,0.0239726,0.1151515,0.9942922,0.9954338,0.389899,0.2409639,0.6666667,10.344995251991222
7959.0,0.4867446,0.0092977,0.1503958,0.0685435,0.7747204,0.0061566,0.609941,0.003089,0.0862117,0.0310204,0.0067397,0.9868015,0.3232653,0.0283541,0.25,11.313266479778829
261.0,0.48659,0.0,0.2183908,0.1492537,0.9042146,0.0,0.7572816,0.0,0.0,0.0884956,0.0,1.0,0.3097345,0.1,1.0,9.942756341456828
2918.0,0.4547635,0.0003427,0.216244,0.1835324,0.8084304,0.0592872,0.686941,0.0026834,0.0277281,0.0477002,0.0008945,0.9955277,0.3270869,0.0528053,0.6,10.657282884047461
342.0,0.4619883,0.0,0.1637427,0.0923913,0.9064327,0.0,0.7727273,0.0,0.0075758,0.1020408,0.0,0.9924242,0.2380952,0.1470588,1.0,9.888424674859083
8765.0,0.4800913,0.225328,0.1492299,0.1274962,0.8066172,0.024073,0.6580074,0.004853,0.0650871,0.2175564,0.1818441,0.990294,0.3162832,0.0819805,0.4845361,10.714439990727769
1505.0,0.4956811,0.0019934,0.1202658,0.085639,0.8837209,0.0,0.7429078,0.0035461,0.0443262,0.136294,0.0035461,0.9964539,0.2067381,0.1153846,1.0,10.942013616092948
564.0,0.4007092,0.535461,0.4148936,0.3431953,0.6258865,0.2606383,0.6740331,0.0055249,0.0220994,0.2026432,0.5303867,0.9944751,0.2643172,0.031746,0.0,10.513280297700861
714.0,0.5154062,0.0,0.0406162,0.0606936,0.929972,0.0,0.8229167,0.015625,0.0364583,0.0857143,0.0,1.0,0.3761905,0.3191489,0.0,10.36410350510914
757.0,0.4993395,0.011889,0.1215324,0.0817942,0.9114927,0.0,0.797048,0.00369,0.0369004,0.1477987,0.0073801,0.99631,0.3899371,0.1931818,0.5714286,10.428245666832275
1242.0,0.5048309,0.0056361,0.1376812,0.0829268,0.9170692,0.0,0.7929515,0.0,0.0198238,0.0401691,0.0022026,1.0,0.154334,0.0555556,0.75,11.258046118484
3927.0,0.4858671,0.0295391,0.136491,0.1094601,0.7626687,0.0045837,0.571345,0.0017544,0.0953216,0.0594059,0.0280702,0.9842105,0.3151815,0.0473282,0.2786885,11.749585258937909
412.0,0.4927184,0.026699,0.157767,0.1339713,0.8737864,0.0,0.7051282,0.0064103,0.025641,0.0982659,0.0320513,1.0,0.3410405,0.0869565,1.0,9.615805480084347
48290.0,0.4713191,0.0077449,0.1609236,0.106933,0.8543384,0.0133568,0.7124564,0.002561,0.0484416,0.0580506,0.0075741,0.9167393,0.3376277,0.0635281,0.2673267,12.6647656754269
239.0,0.4309623,0.0,0.0753138,0.0661765,0.9497908,0.0,0.8607595,0.0,0.0126582,0.0246914,0.0,1.0,0.308642,0.3,0.0,10.545367754151743
5192.0,0.4743837,0.0096302,0.2956471,0.1597655,0.8526579,0.0030817,0.6976434,0.0004446,0.0266785,0.3645097,0.0088928,0.9871054,0.197796,0.0743405,0.7126437,11.961456448214491
33626.0,0.496699,0.0091893,0.0914471,0.0608012,0.9185452,0.0115982,0.8346019,0.0007697,0.0289917,0.0374547,0.0094929,0.9915334,0.0889035,0.0712531,0.4375,11.278480795900865
3219.0,0.4492078,0.2252252,0.2469711,0.1985336,0.7856477,0.0577819,0.6544175,0.005473,0.0375293,0.0758671,0.1829554,0.9953088,0.2875723,0.1133603,0.6666667,10.410335274932896
3270.0,0.4813456,0.0180428,0.164526,0.1350236,0.7562691,0.0003058,0.5553385,0.0032552,0.0579427,0.0417966,0.0175781,0.9856771,0.4697442,0.0319149,0.2857143,10.849356503939038
4768.0,0.5025168,0.0014681,0.1430369,0.1104553,0.8603188,0.0060822,0.7050243,0.0016207,0.0394381,0.0359375,0.0010805,0.9481361,0.3041667,0.0752089,0.6,11.163382173096926
8244.0,0.533115,0.0843037,0.1273654,0.0950896,0.7122756,0.1656963,0.722062,0.0003605,0.0443403,0.0384749,0.0879596,0.9935112,0.2388215,0.0605263,0.0,11.363276304750233
1410.0,0.4794326,0.0,0.2858156,0.1771117,0.8475177,0.0,0.672496,0.0,0.0143084,0.0804094,0.0,1.0,0.3040936,0.0434783,0.8571429,9.957075711706057
132.0,0.4545455,0.0,0.0909091,0.0277778,0.9090909,0.0,0.7959184,0.0,0.0408163,0.1403509,0.0,1.0,0.2807018,0.125,1.0,9.615805480084347
8088.0,0.4655045,0.0008655,0.1910237,0.1568355,0.8461919,0.0200297,0.6956655,0.0021519,0.020289,0.056007,0.0006148,0.9972333,0.3305281,0.0634731,0.5254237,10.328787967145063
277.0,0.5270758,0.2563177,0.1191336,0.1145038,0.9241877,0.0,0.7865169,0.0,0.0224719,0.1603774,0.1910112,0.988764,0.1603774,0.25,0.0,9.735128070758227
1553.0,0.4752093,0.3451384,0.1242756,0.1177914,0.9034127,0.0,0.7560521,0.0055866,0.0260708,0.0545775,0.3128492,0.9944134,0.3221831,0.1408451,1.0,10.192456296870509
1395.0,0.4924731,0.0014337,0.1863799,0.0861582,0.8910394,0.0,0.7474333,0.0020534,0.0554415,0.0318091,0.0,0.9650924,0.4393638,0.175,0.0,11.626263078808801
1575.0,0.4711111,0.0006349,0.1644444,0.1548619,0.8622222,0.0019048,0.6916803,0.0032626,0.0293638,0.0451713,0.0,0.9934747,0.2959502,0.0694444,0.875,10.442929787247998
1177.0,0.4961767,0.0050977,0.1002549,0.0708263,0.9413764,0.0,0.8549223,0.0051813,0.0259067,0.2057613,0.0051813,1.0,0.1893004,0.09375,0.5555556,11.558863947911393
815.0,0.4601227,0.0122699,0.1558282,0.1318182,0.8576687,0.0,0.6955128,0.0128205,0.0448718,0.0686567,0.0064103,0.9967949,0.2746269,0.0882353,1.0,10.524090921620362
2719.0,0.4832659,0.0007356,0.2022803,0.1594306,0.8183156,0.020228,0.6561939,0.0089767,0.0332136,0.1130573,0.0008977,0.9793537,0.3089172,0.0727273,0.75,10.385944565501662
384.0,0.5,0.1692708,0.1432292,0.1666667,0.9036458,0.0,0.7553957,0.0,0.0215827,0.0794702,0.1510791,1.0,0.2516556,0.0666667,1.0,9.758519582283522
1336.0,0.4835329,0.0,0.133982,0.1028986,0.8982036,0.0037425,0.7578947,0.0042105,0.0294737,0.1104869,0.0,0.9747368,0.2790262,0.1689189,0.25,10.196194479235656
408.0,0.6960784,0.0,0.0906863,0.0483871,0.4681373,0.3897059,0.6086957,0.0,0.1043478,0.8751357,0.0,0.9652174,0.917481,0.0588235,0.5,12.765691290604371
801.0,0.4706617,0.019975,0.2858926,0.240566,0.7615481,0.144819,0.744186,0.003876,0.0310078,0.1103448,0.0232558,0.9922481,0.2965517,0.1206897,0.75,9.841665338892785
55331.0,0.4917497,0.0850156,0.0836782,0.0579973,0.8939112,0.0097052,0.794943,0.0073909,0.0635732,0.0284002,0.0820784,0.8575715,0.3234707,0.1694833,0.2857143,11.665655135642039
1193.0,0.4358759,0.0,0.3000838,0.2392273,0.7510478,0.0536463,0.5862709,0.0018553,0.0148423,0.1320451,0.0,0.9981447,0.3478261,0.05625,0.5,9.615805480084347
2486.0,0.5072405,0.0004023,0.1021722,0.0644898,0.8596138,0.0036203,0.7114376,0.0052466,0.0587618,0.0285423,0.0010493,0.9926548,0.4332314,0.0571429,0.1428571,11.079076314320059
2448.0,0.435866,0.6270425,0.1278595,0.1462708,0.8598856,0.0118464,0.6989853,0.0045096,0.0349493,0.0523504,0.5535513,0.9842165,0.4807692,0.1275168,0.0,10.584081267024454
205.0,0.4926829,0.0,0.1902439,0.1346154,0.902439,0.0,0.7564103,0.0,0.0128205,0.0714286,0.0,1.0,0.2738095,0.2142857,1.0,10.021315031649332
2586.0,0.4760247,0.0023202,0.1020882,0.0907749,0.9114462,0.0023202,0.7710706,0.0056948,0.0148064,0.1332675,0.001139,0.5318907,0.4373149,0.1506849,0.6363636,10.150386692204734
1247.0,0.4627105,0.0008019,0.2085004,0.1477612,0.8572574,0.0,0.7009901,0.0059406,0.0376238,0.0630798,0.0,0.9960396,0.2486085,0.0681818,0.75,10.43708198835482
35.0,0.4571429,0.0,0.2,0.1578947,0.8571429,0.0,0.5833333,0.0,0.0,0.2941176,0.0,1.0,0.2352941,1.0,0.0,9.615805480084347
212.0,0.5,0.0,0.1556604,0.1415094,0.8915094,0.0,0.7472527,0.0,0.0,0.1333333,0.0,1.0,0.3047619,0.1111111,0.6,9.908524844053396
7541.0,0.5073598,0.0930911,0.0674977,0.0659489,0.874022,0.0377934,0.7739426,0.0087506,0.0588235,0.0788177,0.0918814,0.6961595,0.4621585,0.3244186,0.4285714,11.065090289695444
5924.0,0.4760297,0.0079338,0.1588454,0.099549,0.8480756,0.0,0.7191753,0.0053608,0.0684536,0.064429,0.0065979,0.9830928,0.2291667,0.0702028,0.2857143,11.134603622683905
393069.0,0.5077251,0.1390875,0.0590583,0.0522279,0.8515859,0.0289033,0.7538837,0.0055176,0.0749303,0.0780144,0.1251051,0.9754363,0.2383686,0.1083053,0.3879187,11.274680966120778
624.0,0.4823718,0.0,0.1394231,0.1145511,0.8894231,0.0,0.7241379,0.0,0.0215517,0.0607287,0.0,0.9956897,0.2753036,0.0909091,0.6666667,10.239995502805316
1109.0,0.4436429,0.2055906,0.1740307,0.165316,0.8566276,0.0,0.6826087,0.0021739,0.023913,0.0356394,0.1804348,0.9934783,0.3249476,0.0571429,0.5,10.389026137075234
245.0,0.4571429,0.1183673,0.2408163,0.1954887,0.8530612,0.0,0.6504854,0.0,0.0,0.2137405,0.0970874,0.9902913,0.2977099,0.1153846,0.0,9.615805480084347
2006.0,0.4591226,0.0443669,0.2063809,0.1723502,0.8678963,0.0,0.6966161,0.0,0.0058343,0.1937912,0.0373396,0.9988331,0.2841016,0.0683761,0.952381,10.077482875583607
895.0,0.5050279,0.0,0.0659218,0.0586907,0.9363128,0.0178771,0.8476562,0.0,0.0078125,0.0339623,0.0,0.9609375,0.1698113,0.3111111,1.0,10.633472802314019
11517.0,0.5136754,0.0015629,0.0738039,0.0703446,0.9411305,0.0,0.8454515,0.0040582,0.0321272,0.0314445,0.0013527,0.3537369,0.5922044,0.4073291,0.76,10.698762529141884
1253.0,0.499601,0.0183559,0.1971269,0.1307815,0.7047087,0.160415,0.6490826,0.0045872,0.0252294,0.0991736,0.0068807,0.9908257,0.3057851,0.0819672,0.6363636,10.043292972227004
780.0,0.4666667,0.0,0.2410256,0.1778846,0.8025641,0.0564103,0.6549521,0.0,0.0063898,0.187013,0.0,0.9744409,0.3064935,0.0888889,0.6,9.893487720457795
1581.0,0.4813409,0.0,0.1347249,0.0804878,0.9165085,0.0,0.7888676,0.0095969,0.024952,0.0492701,0.0,0.8925144,0.310219,0.2380952,0.6666667,10.809748150372926
1257.0,0.4638027,0.0,0.3325378,0.2136499,0.7931583,0.0620525,0.667304,0.0,0.0133843,0.0792254,0.0,0.9961759,0.2588028,0.0521739,0.9090909,9.692828247710418
722.0,0.466759,0.0,0.2479224,0.1922078,0.7645429,0.0637119,0.6088435,0.0034014,0.0238095,0.1989101,0.0,0.9863946,0.3678474,0.0722892,0.8235294,9.908524844053396
370.0,0.4864865,0.0,0.2297297,0.1210526,0.8432432,0.0,0.6787879,0.0060606,0.0242424,0.0934066,0.0,1.0,0.2967033,0.0178571,0.0,10.357774570341576
443.0,0.469526,0.0,0.1873589,0.1446809,0.8713318,0.0,0.6994536,0.0,0.010929,0.1073171,0.0,1.0,0.3170732,0.0666667,0.0,9.966509298952284
2333.0,0.4723532,0.0012859,0.197171,0.1567831,0.8349764,0.0205744,0.664523,0.0021436,0.022508,0.0725646,0.0021436,0.9957128,0.2027833,0.1050584,0.7391304,10.348205424565993
49998.0,0.4729789,0.3188328,0.150746,0.114611,0.7877315,0.0177407,0.5986983,0.003776,0.0692105,0.0895644,0.2498634,0.7891887,0.679468,0.0703844,0.3375796,10.998777662206932
2147.0,0.4727527,0.0032604,0.3497904,0.0821555,0.8593386,0.0,0.7461045,0.0,0.0219982,0.4269958,0.0027498,0.9917507,0.2247899,0.0130719,0.82,12.032914971806521
854.0,0.4543326,0.0,0.1990632,0.1030043,0.8969555,0.0,0.75,0.0029762,0.0059524,0.0561798,0.0,0.9970238,0.238764,0.1276596,0.6666667,10.413342705547674
1943.0,0.4951107,0.0,0.139475,0.0672783,0.9063304,0.0010293,0.7541985,0.0045802,0.0229008,0.1559278,0.0,0.9938931,0.2899485,0.1818182,0.75,10.510559281627845
528.0,0.4943182,0.0,0.155303,0.1535581,0.9034091,0.0,0.7512195,0.0,0.0,0.0509259,0.0,1.0,0.1157407,0.1304348,0.75,10.122663242288953
106.0,0.5,0.1226415,0.1886792,0.1509434,0.9056604,0.0,0.7727273,0.0,0.0,0.1538462,0.0681818,1.0,0.3269231,0.1111111,0.0,9.966509298952284
265.0,0.4603774,0.2301887,0.1660377,0.1678322,0.8792453,0.0,0.7155963,0.0,0.0091743,0.1209677,0.2385321,1.0,0.3709677,0.1315789,0.0,9.615805480084347
610337.0,0.4669715,0.5484462,0.1222226,0.113827,0.8257913,0.0262396,0.6691279,0.0040987,0.0482098,0.0754064,0.4752055,0.9944785,0.3733752,0.1052581,0.4421442,10.623787731088578
388.0,0.4484536,0.0,0.1572165,0.1448598,0.8479381,0.0,0.656051,0.0063694,0.0191083,0.122905,0.0,1.0,0.2960894,0.0888889,0.6666667,9.615805480084347
602.0,0.5,0.1710963,0.1245847,0.1162791,0.9119601,0.0,0.7616822,0.0,0.0093458,0.0614035,0.1214953,0.9813084,0.254386,0.1875,0.5,10.416341118636355
1945.0,0.4586118,0.0010283,0.2411311,0.1832858,0.8056555,0.0205656,0.6190476,0.003663,0.02442,0.0920177,0.001221,0.992674,0.4168514,0.091195,0.4117647,10.416341118636355
775.0,0.476129,0.0232258,0.1922581,0.1970443,0.7922581,0.0864516,0.6941581,0.0034364,0.0137457,0.0849057,0.0034364,0.9793814,0.2672956,0.115942,1.0,10.073272520325904
141.0,0.4468085,0.0,0.2340426,0.2435897,0.8368794,0.0,0.6349206,0.0,0.0,0.1126761,0.0,1.0,0.2535211,0.0,1.0,9.966509298952284
18441.0,0.4578927,0.0155631,0.1870289,0.1485446,0.7969741,0.0243479,0.6329243,0.0051125,0.0446063,0.057463,0.0126534,0.9953988,0.362366,0.0570817,0.5357143,10.275085591132715
2209.0,0.4581258,0.0334993,0.2354006,0.1487051,0.8026256,0.0,0.6437008,0.0009843,0.0639764,0.0540037,0.0374016,0.9901575,0.1191806,0.0254237,0.0967742,11.44999631476691
957.0,0.4994775,0.0,0.0376176,0.0375783,0.9582027,0.0,0.8409091,0.0,0.0227273,0.2198582,0.0,1.0,0.5531915,0.4186047,0.0,9.615805480084347
53.0,0.509434,0.0,0.3018868,0.1153846,0.8113208,0.0,0.625,0.0,0.0416667,0.1724138,0.0,0.9166667,0.137931,0.0,0.5,9.615805480084347
267.0,0.4606742,0.0,0.1348315,0.1319444,0.9138577,0.0,0.7765957,0.0,0.0212766,0.1531532,0.0,0.9893617,0.2972973,0.24,0.0,10.146472946063877
15973.0,0.4775559,0.0264196,0.1272773,0.0887957,0.8059851,0.009203,0.6574827,0.004065,0.0855164,0.1023111,0.0236375,0.932701,0.4069469,0.0462882,0.2,11.047726275896391
1125.0,0.496,0.0631111,0.0444444,0.0176367,0.9475556,0.0,0.9079903,0.0,0.031477,0.0982533,0.0484262,0.9104116,0.7838428,0.014881,0.0,11.86569981146014
41967.0,0.4842138,0.1175924,0.1379417,0.1164649,0.8688493,0.0147497,0.7155628,0.0029563,0.0427254,0.0539389,0.1060745,0.5551489,0.4657388,0.1743565,0.632,11.506917452956234
277.0,0.4873646,0.0036101,0.0541516,0.0352113,0.9711191,0.0,0.9255319,0.0,0.0106383,0.0693069,0.0,0.9787234,0.0792079,0.0,0.0,11.372524818667134
2528.0,0.471519,0.0011867,0.1340981,0.1392216,0.866693,0.0391614,0.7655172,0.0045977,0.0310345,0.0191657,0.0,0.9954023,0.2198422,0.0336134,0.5,10.91328684226798
1015.0,0.4660099,0.0019704,0.2167488,0.1789668,0.7615764,0.0975369,0.6675824,0.0027473,0.0412088,0.1121951,0.0,0.9230769,0.3073171,0.1315789,0.3333333,10.214678610538817
413.0,0.5133172,0.0,0.062954,0.0348259,0.9467312,0.0,0.8540146,0.0,0.0145985,0.0486111,0.0,0.9854015,0.0972222,0.2307692,1.0,11.41422052949775
1151.0,0.4900087,0.0269331,0.123371,0.0715503,0.9443962,0.0,0.8755869,0.0023474,0.0070423,0.0296128,0.0234742,0.9976526,0.0523918,0.125,0.8888889,11.371373421319406
842.0,0.4952494,0.0059382,0.1247031,0.12,0.8432304,0.0,0.6555891,0.0090634,0.0392749,0.0293255,0.0030211,0.9818731,0.3049853,0.0666667,0.0,10.606609816118151
16325.0,0.4690965,0.0293415,0.1671669,0.1169955,0.8464319,0.0123737,0.6972006,0.0020218,0.0427683,0.0285542,0.0284603,0.9923795,0.2559299,0.0355805,0.25,11.569315250157509
1988.0,0.4748491,0.0025151,0.0990946,0.0756705,0.917002,0.0120724,0.8323864,0.0042614,0.0198864,0.0262794,0.0028409,0.9985795,0.1479945,0.0740741,0.8,10.87806606028079
25.0,0.48,0.0,0.24,0.2307692,0.84,0.0,0.6363636,0.0,0.0,0.1538462,0.0,1.0,0.2307692,0.5,0.0,9.615805480084347
4185.0,0.4936679,0.0869773,0.1046595,0.0906088,0.8401434,0.0,0.681875,0.003125,0.083125,0.0459153,0.08875,0.944375,0.3828265,0.0568356,0.75,11.73687669002817
132.0,0.4848485,0.0,0.1666667,0.1029412,0.8636364,0.0,0.7037037,0.0,0.037037,0.0847458,0.0,1.0,0.440678,0.0,0.0,9.615805480084347
130.0,0.5153846,0.0,0.1076923,0.1111111,0.9076923,0.0,0.787234,0.0,0.0425532,0.3285714,0.0,1.0,0.4285714,0.125,1.0,9.803722464346553
31258.0,0.4885469,0.0681106,0.1829612,0.1490586,0.7518395,0.0807153,0.6251676,0.0036025,0.0523626,0.0588235,0.0293231,0.9922084,0.3006624,0.0730602,0.5443038,10.601647149919609
2189.0,0.463682,0.3773413,0.1320238,0.1166951,0.8880767,0.0296939,0.7903014,0.0026212,0.0196592,0.0450563,0.3250328,0.9934469,0.2553191,0.0849421,0.5714286,10.468829770273567
80.0,0.5,0.0125,0.2125,0.125,0.8875,0.0,0.7272727,0.0,0.0,0.0571429,0.030303,1.0,0.2,0.0,0.0,10.547995807489514
556.0,0.4766187,0.0,0.1007194,0.1202749,0.9226619,0.0,0.7783784,0.0,0.0108108,0.1273585,0.0,1.0,0.3490566,0.2833333,0.5,10.021315031649332
3611.0,0.489892,0.0927721,0.0772639,0.0662324,0.9288286,0.0,0.826968,0.0031177,0.0218239,0.0682643,0.0639127,0.9953235,0.2897603,0.1162791,0.45,10.6782377612977
11143.0,0.4969936,0.0017051,0.0726914,0.067975,0.8956295,0.0193844,0.7968917,0.0021436,0.0428725,0.0398765,0.0005359,0.9949089,0.2608696,0.0515247,0.5428571,11.156264806643742
1775.0,0.4861972,0.0073239,0.1222535,0.1118421,0.8276056,0.0,0.6528804,0.0103397,0.0768095,0.0888291,0.0044313,0.9926145,0.3378197,0.069869,0.625,10.859018228147887
37757.0,0.4696083,0.0029663,0.1627778,0.1219415,0.8083269,0.0352253,0.6633873,0.0035526,0.0526747,0.0355166,0.001503,0.9886589,0.3099631,0.0622384,0.3833333,10.609081944147828
523.0,0.4760994,0.0,0.1051625,0.080292,0.9139579,0.0,0.7704918,0.0054645,0.0163934,0.0368421,0.0,0.9672131,0.1421053,0.16,0.0,11.038126355768453
116.0,0.5344828,0.0,0.2155172,0.1481481,0.8965517,0.0,0.7446809,0.0,0.0,0.1607143,0.0,1.0,0.3571429,0.0,0.0,9.615805480084347
205.0,0.4682927,0.004878,0.1219512,0.1009174,0.8780488,0.0,0.7195122,0.0,0.0121951,0.0465116,0.0,1.0,0.1860465,0.0714286,0.0,9.820160289946374
8127.0,0.4508429,0.0445429,0.2062262,0.1723056,0.812723,0.0269472,0.6539935,0.0035367,0.0279988,0.091323,0.0415561,0.9961686,0.366631,0.0527753,0.4945055,10.146472946063877
6446.0,0.4649395,0.0392491,0.0881167,0.0710351,0.840211,0.0175303,0.7146412,0.0008295,0.0667773,0.0665892,0.0394027,0.9850684,0.1916376,0.0468966,0.5,11.898194668458823
605.0,0.4396694,0.3404959,0.3371901,0.3274336,0.6793388,0.2247934,0.726257,0.0055866,0.0335196,0.0820513,0.2960894,1.0,0.2923077,0.1666667,0.6666667,10.077482875583607
4087.0,0.4758992,0.0029361,0.2622951,0.1951447,0.8177147,0.0508931,0.6862868,0.0031309,0.0156544,0.1527851,0.0018785,0.8572323,0.394695,0.1560284,0.7078652,9.735128070758227
3353.0,0.4721145,0.0005965,0.2514166,0.1559322,0.8073367,0.024754,0.6618157,0.005544,0.040887,0.4779305,0.000693,0.999307,0.3617945,0.0941828,0.7741935,10.322230781590136
59738.0,0.4948274,0.0253775,0.0656701,0.0492412,0.5487127,0.1400783,0.4936449,0.0027334,0.2091932,0.0228365,0.0225958,0.9850121,0.4853543,0.0369393,0.308642,11.049317340813348
14658.0,0.4739391,0.0618775,0.1051985,0.0988199,0.8765862,0.0085278,0.7305606,0.0028933,0.0291139,0.073857,0.054792,0.9855335,0.2430079,0.0832432,0.3333333,10.723289410218579
199.0,0.5075377,0.0,0.0954774,0.0816327,0.9145729,0.0,0.7857143,0.0,0.0142857,0.1025641,0.0,1.0,0.2820513,0.1176471,0.0,10.177362240256695
265.0,0.490566,0.0075472,0.0641509,0.0444444,0.9169811,0.0,0.8350515,0.0,0.0412371,0.0934579,0.0103093,0.9690722,0.1401869,0.0,0.5,11.153403615295403
14574.0,0.4777,0.1328393,0.1687937,0.1182344,0.9236997,0.0122135,0.8285293,0.0008416,0.0157795,0.0453906,0.1035136,0.9328845,0.1464149,0.1146245,0.4142857,12.062208048765859
721.0,0.5104022,0.1927878,0.1178918,0.082153,0.9001387,0.0,0.7602996,0.0037453,0.0224719,0.4449064,0.1797753,1.0,0.3866944,0.12,0.5,10.568775236216993
1214.0,0.4802306,0.0,0.1079077,0.118859,0.8978583,0.0,0.7477273,0.0022727,0.0272727,0.049676,0.0,0.975,0.187905,0.1333333,0.6666667,10.090008612393838
383.0,0.4778068,0.0,0.2558747,0.145,0.7885117,0.0,0.5581395,0.005814,0.0116279,0.1527094,0.0,1.0,0.4926108,0.084507,0.5,9.994287576862567
13786.0,0.4697519,0.0574496,0.1405774,0.1248974,0.8749456,0.0148702,0.7401934,0.001642,0.0140485,0.0724319,0.0507207,0.9954388,0.3080047,0.0747464,0.3448276,10.513280297700861
182.0,0.5,0.0,0.2747253,0.1868132,0.8791209,0.0,0.7341772,0.0,0.0126582,0.2254902,0.0,0.9873418,0.254902,0.125,0.0,9.615805480084347
477.0,0.4947589,0.0,0.2054507,0.1452282,0.8595388,0.0,0.675,0.005,0.005,0.0697674,0.0,0.99,0.2511628,0.0263158,0.6666667,9.83097062169695
699.0,0.4291845,0.0,0.4077253,0.2631579,0.7281831,0.0758226,0.5772871,0.0031546,0.0063091,0.167979,0.0,0.9968454,0.2992126,0.0597015,0.7272727,9.615805480084347
152.0,0.4539474,0.0,0.1052632,0.0722892,0.9144737,0.0,0.7818182,0.0,0.0181818,0.0517241,0.0,1.0,0.1724138,0.0,0.0,9.994287576862567
209.0,0.4688995,0.0,0.1913876,0.1801802,0.8086124,0.0,0.5888889,0.0,0.0333333,0.0816327,0.0,1.0,0.1938776,0.1363636,0.5,9.770013301136158
310.0,0.4806452,0.0645161,0.2354839,0.173913,0.8645161,0.0,0.7,0.0,0.0230769,0.1333333,0.0923077,0.9846154,0.2533333,0.1071429,1.0,9.615805480084347
2391.0,0.4960268,0.0066918,0.1279799,0.0912863,0.8360519,0.0351317,0.7234043,0.0011198,0.0548712,0.0314534,0.0044793,0.9787234,0.3308026,0.1128527,0.1666667,10.807725945886109
393.0,0.4987277,0.0,0.1832061,0.0913706,0.8600509,0.0,0.7179487,0.0192308,0.0384615,0.060241,0.0,1.0,0.2228916,0.0526316,0.3333333,10.239995502805316
4457.0,0.4956249,0.0006731,0.0783038,0.0738434,0.9055418,0.0,0.7850163,0.0091205,0.0429967,0.0657334,0.0,0.9928339,0.253804,0.0717593,0.0,11.080618310893968
728.0,0.4587912,0.0123626,0.146978,0.1370558,0.8956044,0.0,0.75,0.0036765,0.0257353,0.0841751,0.0110294,0.9963235,0.2121212,0.05,0.5,10.328787967145063
2650.0,0.4898113,0.0022642,0.1173585,0.0621302,0.925283,0.0,0.8183857,0.0056054,0.029148,0.0262009,0.0011211,0.9831839,0.2052402,0.1801802,0.6,11.17606715383184
382.0,0.5366492,0.0,0.026178,0.039548,0.9816754,0.0,0.8955224,0.0,0.0,0.3495146,0.0,1.0,0.5631068,0.4166667,1.0,10.776891660007811
218.0,0.5550459,0.0,0.1192661,0.0618557,0.9082569,0.0,0.7424242,0.0,0.0454545,0.3052632,0.0,1.0,0.9684211,0.1428571,0.0,10.795506083434564
121.0,0.4793388,0.0,0.0991736,0.031746,0.9421488,0.0,0.875,0.0,0.05,0.0243902,0.0,1.0,0.2926829,0.2857143,0.0,9.615805480084347
786.0,0.4605598,0.1246819,0.2938931,0.1509434,0.8804071,0.0,0.7534247,0.0,0.0082192,0.2505133,0.090411,0.9945205,0.301848,0.0649351,1.0,11.181653682515929
34.0,0.5882353,0.0,0.2647059,0.0714286,0.8235294,0.0,0.6666667,0.0,0.0,0.4545455,0.0,1.0,0.2424242,0.0,0.6666667,9.615805480084347
787.0,0.4879288,0.0,0.0444727,0.057072,0.9669632,0.0,0.8937198,0.0,0.0193237,0.0327103,0.0,1.0,0.3271028,0.4352941,1.0,9.735128070758227
390.0,0.5128205,0.0,0.1820513,0.0789474,0.8974359,0.0,0.7622378,0.013986,0.034965,0.1006289,0.0,1.0,0.2201258,0.1470588,1.0,9.852246888342531
1740.0,0.416092,0.0114943,0.091954,0.0767717,0.4155172,0.5442529,0.7701613,0.0,0.0241935,0.0981818,0.0,0.9919355,0.2254545,0.1666667,0.0,10.718874489469398
103.0,0.5145631,0.0,0.2330097,0.16,0.7864078,0.0,0.5744681,0.0,0.0425532,0.1607143,0.0,0.9787234,0.3571429,0.2,0.5,9.615805480084347
63.0,0.4761905,0.0,0.1428571,0.0606061,0.952381,0.0,0.8636364,0.0,0.0,0.0434783,0.0,1.0,0.2608696,0.3333333,0.0,10.566201298475118
200.0,0.525,0.0,0.085,0.0526316,0.945,0.0,0.8730159,0.0,0.047619,0.125,0.0,0.8253968,0.0555556,0.125,1.0,9.980494888896912
1714.0,0.4632439,0.0017503,0.1481914,0.1195652,0.8786464,0.0017503,0.7326733,0.0028289,0.019802,0.0841969,0.0,0.9971711,0.246114,0.0729927,0.7777778,10.675931008412125
1556.0,0.438946,0.122108,0.216581,0.2130584,0.8142674,0.0302057,0.6575758,0.0060606,0.0181818,0.0769231,0.1060606,0.9984848,0.3706294,0.0669643,0.5384615,10.118639253920785
3522.0,0.4642249,0.0005679,0.2455991,0.1849497,0.7932993,0.0420216,0.6510989,0.0054945,0.0357143,0.0477436,0.0,0.9979396,0.2910399,0.0642857,0.6428571,10.33854382482173
2642.0,0.496215,0.001514,0.1574565,0.1029301,0.8720666,0.0,0.715,0.005,0.044,0.0356798,0.002,0.986,0.2931533,0.0792683,0.6428571,10.616461869895815
273.0,0.4688645,0.0,0.1282051,0.137931,0.8754579,0.0,0.7184466,0.0097087,0.038835,0.0964912,0.0,1.0,0.2982456,0.1363636,0.6666667,9.615805480084347
2338.0,0.5008554,0.0047049,0.1090676,0.0831191,0.9059025,0.008982,0.801227,0.003681,0.0380368,0.0738636,0.002454,0.993865,0.2170455,0.1395349,0.4285714,10.92415631759022
2955.0,0.485956,0.0037225,0.1918782,0.0980908,0.9387479,0.0,0.8407583,0.0,0.0123223,0.035649,0.0018957,0.9848341,0.0109689,0.15,0.1428571,12.431218191515056
2136.0,0.4648876,0.1460674,0.1643258,0.144357,0.8857678,0.0,0.7254197,0.001199,0.0143885,0.059752,0.1354916,0.9928058,0.3145434,0.0938511,0.5,10.445840912706414
1821.0,0.4892916,0.1554091,0.1010434,0.0967742,0.9198243,0.0,0.7869634,0.0047695,0.0127186,0.0681481,0.1224165,0.9872814,0.3288889,0.1276596,0.6666667,10.344995251991222
405.0,0.4790123,0.0,0.1061728,0.0663507,0.9209877,0.0,0.7852349,0.0,0.0,0.056962,0.0,1.0,0.2658228,0.0769231,1.0,10.70551155928146
421.0,0.4631829,0.216152,0.2042755,0.159292,0.8622328,0.0,0.6823529,0.0,0.0235294,0.15,0.1529412,0.9941176,0.245,0.1935484,1.0,9.966509298952284
13701.0,0.4627399,0.0148894,0.2726808,0.1639723,0.8005255,0.0238669,0.6525263,0.0075875,0.0510433,0.0970103,0.0125884,0.9501638,0.4042354,0.1088957,0.262069,11.038126355768453
2424.0,0.474835,0.0004125,0.1984323,0.1390416,0.8601485,0.0107261,0.6948798,0.0020899,0.0188088,0.1998328,0.0,0.3908046,0.3862876,0.121673,0.4444444,9.83097062169695
1181.0,0.4521592,0.1100762,0.2303133,0.1839258,0.8425064,0.0,0.6704981,0.0038314,0.0249042,0.0905923,0.0842912,0.9961686,0.3310105,0.039548,0.5714286,10.485731104959568
123.0,0.495935,0.0,0.2439024,0.1612903,0.8373984,0.0,0.6785714,0.0,0.0357143,0.8266254,0.0,1.0,0.0464396,0.0,0.0,10.97679912709094
2394.0,0.4486216,0.3625731,0.216792,0.1742424,0.858396,0.037594,0.7361894,0.0033822,0.0090192,0.0976602,0.2953777,0.9988726,0.2614446,0.0884354,0.5454545,10.090008612393838
6304.0,0.4695431,0.022684,0.1473668,0.1324761,0.8803934,0.0099937,0.7391304,0.002438,0.0158472,0.0663885,0.0170662,0.9959366,0.3896055,0.0969031,0.4545455,10.05195066017375
2512.0,0.4876592,0.0,0.0911624,0.0870241,0.8833599,0.0,0.7489627,0.0041494,0.0456432,0.0436508,0.0,0.9989627,0.2827381,0.0136986,0.6,10.942013616092948
510.0,0.5039216,0.0039216,0.1254902,0.1106719,0.8745098,0.0,0.7216495,0.0103093,0.0412371,0.1141553,0.0051546,1.0,0.3881279,0.1896552,0.6,9.952325334619427
4663.0,0.4469226,0.0015012,0.2211023,0.1996898,0.7947673,0.0250911,0.6094763,0.0049875,0.0219451,0.1108647,0.0014963,0.9990025,0.3760532,0.0428994,0.6969697,9.957075711706057
7047.0,0.4833262,0.0052505,0.1414786,0.1018951,0.8888889,0.0,0.7581983,0.0007902,0.0485974,0.0321224,0.0043461,0.9822205,0.1969407,0.0611028,0.0571429,12.120520203776788
15578.0,0.4827321,0.0114264,0.1485428,0.0898486,0.9334318,0.0224676,0.8799536,0.0003866,0.0112121,0.0254333,0.0059927,0.9818287,0.0746044,0.0589681,0.8378378,12.476866664186996
490.0,0.4959184,0.0,0.1571429,0.0931174,0.8387755,0.0,0.6780488,0.004878,0.0536585,0.3471338,0.0,0.9853659,0.4363057,0.1111111,0.7692308,10.55323128448846
1998.0,0.4854855,0.001001,0.1516517,0.1138132,0.9019019,0.0155155,0.7595129,0.0015221,0.0091324,0.1522581,0.0015221,0.9847793,0.2270968,0.1792453,0.8181818,10.67130147767883
201.0,0.4875622,0.0,0.2636816,0.1359223,0.8706468,0.0,0.7078652,0.0,0.0,0.0918367,0.0,1.0,0.1530612,0.1666667,1.0,9.615805480084347
7454.0,0.4616313,0.1711833,0.176147,0.157239,0.8395492,0.018916,0.6803548,0.0019711,0.021682,0.0753341,0.1429041,0.9973719,0.3557108,0.0874685,0.5227273,10.335302435967074
67460.0,0.5097539,0.050252,0.0979692,0.0754112,0.6984583,0.0093389,0.5144715,0.0044015,0.1349783,0.0475434,0.0478159,0.8954985,0.6160003,0.0731198,0.1484716,12.508400690203496
348.0,0.4942529,0.0143678,0.0977011,0.0511364,0.9511494,0.0,0.8833333,0.0,0.025,0.0243902,0.0166667,0.9916667,0.0,0.0,0.0,11.751162533892076
143.0,0.4685315,0.0,0.1258741,0.1578947,0.8531469,0.0,0.6491228,0.0,0.0175439,0.109375,0.0,0.9824561,0.421875,0.0555556,0.0,9.615805480084347
292.0,0.4794521,0.0,0.2739726,0.2302632,0.8458904,0.0,0.6641221,0.0,0.0076336,0.070922,0.0,1.0,0.2907801,0.125,1.0,9.615805480084347
1029.0,0.4800777,0.0,0.1895044,0.1158879,0.9037901,0.0,0.7739558,0.002457,0.012285,0.0378251,0.0,1.0,0.1465721,0.1081081,0.5,10.513280297700861
152.0,0.4736842,0.0,0.0065789,0.0125,1.0,0.0,1.0,0.0,0.0,0.0625,0.0,1.0,0.21875,0.5714286,0.0,0.0
152.0,0.4802632,0.0,0.2105263,0.1265823,0.8486842,0.0,0.65625,0.0,0.015625,0.0985915,0.0,1.0,0.2535211,0.0666667,0.0,10.236417809461043
7538.0,0.4755903,0.000796,0.2085434,0.1530483,0.8449191,0.0209605,0.6938036,0.0046144,0.0201055,0.1655666,0.0003296,0.9851681,0.3369087,0.0885609,0.6724138,9.69898173460629
19051.0,0.4759855,0.0532256,0.135321,0.1114895,0.7569156,0.0962679,0.656481,0.0032689,0.0440591,0.0284452,0.040506,0.9923252,0.2546258,0.0449018,0.25,11.065090289695444
355.0,0.4957746,0.0,0.0985915,0.0837989,0.8957746,0.0,0.744,0.0,0.032,0.0601504,0.0,0.984,0.1203008,0.1923077,0.0,10.357774570341576
402.0,0.5024876,0.0,0.199005,0.14,0.8308458,0.0,0.6503067,0.006135,0.0613497,0.0994475,0.0,1.0,0.3149171,0.1714286,1.0,9.615805480084347
29337.0,0.5030848,0.0427787,0.0284964,0.0295651,0.8656304,0.0006476,0.7525377,0.0043363,0.0960875,0.0779646,0.0406031,0.9728984,0.193821,0.0803228,0.1533742,12.00762780434872
10275.0,0.4984915,0.0166423,0.0533333,0.0527848,0.9493917,0.0032117,0.8884326,0.0027379,0.0345654,0.0324503,0.0167693,0.9531143,0.0864238,0.232687,0.5862069,11.813777925845397
2585.0,0.4924565,0.0027079,0.1226306,0.0571646,0.95706,0.0,0.8908686,0.0011136,0.0100223,0.01427,0.0033408,0.9955457,0.0241493,0.1666667,0.7777778,11.549267037372665
308.0,0.512987,0.0,0.1493506,0.1,0.9058442,0.0,0.7592593,0.0,0.0277778,0.092437,0.0,1.0,0.3865546,0.2592593,0.0,9.62911649414402
170.0,0.4529412,0.0,0.1705882,0.0967742,0.8647059,0.0,0.6769231,0.0,0.0307692,0.0972222,0.0,1.0,0.25,0.0,1.0,9.61587214452889
125.0,0.432,0.0,0.128,0.0704225,0.872,0.0,0.7021277,0.0,0.0425532,0.0784314,0.0,1.0,0.3529412,0.0,0.0,10.077482875583607
14979.0,0.4707924,0.0160892,0.1262434,0.1156806,0.8762267,0.0315775,0.7713381,0.0035408,0.0214312,0.0688877,0.0169586,0.9880731,0.3047024,0.1051136,0.3760684,10.485731104959568
488.0,0.4856557,0.0061475,0.2172131,0.1752988,0.7192623,0.1106557,0.5751295,0.0,0.0051813,0.1890756,0.0,0.9689119,0.2857143,0.1111111,0.6,9.615805480084347
2943.0,0.4685695,0.0332994,0.0669385,0.0677749,0.9201495,0.0,0.797619,0.0075758,0.0367965,0.3042169,0.0248918,0.9978355,0.4021084,0.2038627,0.9777778,10.623787731088578
65.0,0.5384615,0.0,0.0615385,0.0333333,0.9692308,0.0,0.9047619,0.0,0.0,0.1923077,0.0,1.0,0.1153846,0.2,0.3333333,9.615805480084347
313.0,0.4664537,0.0031949,0.1853035,0.1317365,0.8690096,0.0,0.6967213,0.0081967,0.0163934,0.192053,0.0081967,0.9918033,0.2980132,0.25,1.0,9.615805480084347
11228.0,0.4820983,0.014161,0.0852333,0.0567498,0.8146598,0.0320627,0.6876457,0.0051282,0.0703963,0.0383322,0.0125874,0.9890443,0.4523649,0.0567515,0.2291667,10.84546552414626
5959.0,0.4754153,0.0028528,0.1597583,0.1253999,0.8576942,0.0176204,0.7147826,0.003913,0.0286957,0.0344249,0.0021739,0.9717391,0.3018472,0.0550595,0.6428571,10.428245666832275
586.0,0.4539249,0.0051195,0.1911263,0.14375,0.8276451,0.0,0.6326531,0.0,0.0408163,0.0613027,0.0040816,0.9959184,0.3678161,0.1368421,0.0,10.485731104959568
436.0,0.4770642,0.0,0.1559633,0.1008772,0.896789,0.0,0.7405063,0.0,0.0189873,0.0650888,0.0,1.0,0.0710059,0.0769231,0.5,10.675931008412125
1750.0,0.5154286,0.0,0.0457143,0.0365566,0.8908571,0.0,0.7607973,0.0016611,0.0681063,0.0623053,0.0,0.9036545,0.3380062,0.1578947,1.0,11.106474871430772
14402.0,0.5007638,0.0176364,0.0449243,0.0343533,0.9326482,0.0,0.853973,0.0059172,0.0450127,0.0194778,0.0160609,0.9801352,0.0951098,0.1863354,0.25,11.372524818667134
167.0,0.4491018,0.0,0.3173653,0.1847826,0.8143713,0.0,0.6184211,0.0,0.0263158,0.1363636,0.0,1.0,0.25,0.0666667,1.0,9.615805480084347
7623.0,0.4803883,0.0018365,0.1515152,0.1022469,0.8678998,0.001443,0.7238002,0.0019589,0.0414626,0.0449018,0.0009794,0.9928175,0.2828188,0.0249769,0.75,11.268315653289422
1263.0,0.4608076,0.0,0.2549485,0.1350954,0.8772763,0.0,0.7269303,0.0018832,0.0131827,0.0220994,0.0,0.9962335,0.053407,0.0384615,0.3333333,11.21318430646977
162.0,0.4753086,0.0,0.0679012,0.0823529,0.9320988,0.0,0.8035714,0.0,0.0,0.0967742,0.0,1.0,0.2419355,0.125,0.5,9.615805480084347
5480.0,0.4788321,0.0014599,0.1864964,0.1323529,0.8478102,0.0198905,0.7078704,0.0060185,0.0324074,0.0391459,0.0009259,0.9990741,0.3153915,0.0702087,0.2,10.344995251991222
324.0,0.4537037,0.0,0.1882716,0.220339,0.8302469,0.0,0.6046512,0.0,0.0310078,0.0785714,0.0,1.0,0.3428571,0.0571429,1.0,9.908524844053396
1742.0,0.423651,0.0057405,0.3949483,0.2320717,0.7049369,0.02124,0.5253304,0.0022026,0.0407489,0.5723033,0.003304,0.9955947,0.2703721,0.0234114,0.8695652,11.951831796597101
3907.0,0.4648068,0.504991,0.120041,0.1233859,0.9155362,0.025851,0.8226073,0.0016502,0.009901,0.0648148,0.4636964,0.9958746,0.2986111,0.2360515,0.8333333,10.604131561522696
5011.0,0.4749551,0.0007982,0.1317102,0.0919802,0.8812612,0.0,0.7310789,0.0053677,0.0381106,0.027154,0.0016103,0.9822866,0.3357702,0.0825309,0.4545455,10.738589920723442
575.0,0.5234783,0.0,0.0382609,0.0328467,0.8295652,0.0017391,0.6442308,0.0192308,0.0721154,0.2463768,0.0,0.9903846,0.5326087,0.1149425,1.0,11.107975224295076
1042.0,0.4836852,0.0,0.1257198,0.0743494,0.915547,0.0,0.7790055,0.0,0.019337,0.013624,0.0,0.9972376,0.1716621,0.012987,0.0,10.96648993456911
146.0,0.4589041,0.0,0.1643836,0.1265823,0.8835616,0.0,0.75,0.0,0.0166667,0.1780822,0.0,1.0,0.2191781,0.0909091,0.7142857,9.857495968685136
2462.0,0.493095,0.0020309,0.1405361,0.1129808,0.8659626,0.016247,0.7263948,0.0042918,0.0300429,0.0460594,0.0021459,0.9967811,0.2804504,0.0950413,0.375,10.16203685698089
133.0,0.5263158,0.0,0.0526316,0.047619,0.9849624,0.0,0.9411765,0.0,0.0,0.4035088,0.0,1.0,0.6491228,0.125,0.0,10.221977646629885
1320.0,0.5234848,0.0,0.1363636,0.0667727,0.8454545,0.0,0.7331081,0.0050676,0.0641892,0.2618454,0.0,0.9780405,0.4239401,0.0266667,0.4375,10.85516473308054
766.0,0.4660574,0.0,0.2532637,0.1564792,0.7976501,0.0639687,0.6677966,0.0,0.0271186,0.1297935,0.0,1.0,0.2536873,0.0493827,0.75,9.615805480084347
413.0,0.4915254,0.0,0.2953995,0.2428571,0.7675545,0.0411622,0.5745856,0.0,0.0110497,0.0995025,0.0,1.0,0.2885572,0.0638298,0.5,9.615805480084347
2711.0,0.4636665,0.0059019,0.1918111,0.1471802,0.855035,0.0593877,0.7868676,0.0021529,0.0269107,0.0231335,0.0021529,0.9946179,0.1735016,0.029703,0.6666667,12.199556461239876
1468.0,0.4618529,0.0047684,0.1185286,0.0873418,0.8194823,0.0667575,0.7236084,0.0076775,0.0307102,0.0527273,0.0,0.9942418,0.2036364,0.1037037,0.625,10.50783084142058
12109.0,0.4747708,0.0072673,0.1265175,0.1053459,0.8243455,0.0313816,0.6943646,0.0068508,0.0616575,0.0698869,0.0061878,0.9953591,0.4004111,0.0600367,0.6530612,11.713422508992204
71.0,0.4929577,0.0,0.2253521,0.1111111,0.8028169,0.0,0.59375,0.0,0.03125,0.255814,0.0,0.78125,0.4418605,0.0,0.0,9.90353755128617
393.0,0.4631043,0.0,0.1806616,0.1232227,0.9109415,0.0,0.75,0.0075758,0.0075758,0.1372549,0.0,1.0,0.3202614,0.25,0.75,10.043292972227004
3352.0,0.4710621,0.223747,0.1082936,0.0682459,0.6640811,0.1539379,0.6005268,0.0026339,0.1106234,0.0468619,0.1755926,0.9692713,0.451046,0.0773286,0.1111111,12.04355959836804
1421.0,0.4729064,0.0,0.0985222,0.0627503,0.8895144,0.0,0.7485822,0.0,0.0396975,0.0185529,0.0,0.9810964,0.2282004,0.0886076,0.0,10.63106031411106
146.0,0.4863014,0.0,0.2123288,0.16,0.8561644,0.0,0.7068966,0.0172414,0.0344828,0.1343284,0.0,1.0,0.358209,0.0,1.0,9.615805480084347
359.0,0.4651811,0.0,0.1476323,0.140625,0.9052925,0.0,0.7608696,0.0,0.0072464,0.1265823,0.0,1.0,0.2911392,0.1290323,0.6,9.615805480084347
1503.0,0.4557552,0.3725882,0.1357285,0.1246944,0.8928809,0.0,0.7386364,0.0056818,0.0227273,0.1005111,0.3162879,0.9924242,0.2879046,0.177665,0.6666667,10.34177474101152
34.0,0.5294118,0.1176471,0.0294118,0.0625,0.8823529,0.0,0.6923077,0.0,0.0,0.4090909,0.0769231,0.9230769,0.3636364,0.0,0.6666667,10.401258331428318
211.0,0.4976303,0.0189573,0.1327014,0.0943396,0.9383886,0.0,0.8529412,0.0,0.0441176,0.0144928,0.0147059,0.9852941,0.0,0.0,0.0,11.772987080375044
302.0,0.4933775,0.294702,0.0827815,0.124183,0.9139073,0.0,0.8,0.0090909,0.0272727,0.261745,0.2636364,1.0,0.2550336,0.0,0.5,9.966509298952284
754.0,0.4814324,0.0795756,0.0769231,0.0741688,0.9230769,0.0,0.8060837,0.0038023,0.0190114,0.0804196,0.0684411,0.9961977,0.2272727,0.0769231,1.0,10.680539205318292
340.0,0.5264706,0.0058824,0.0588235,0.0434783,0.8794118,0.0,0.7479675,0.0081301,0.0650407,0.1517241,0.0162602,0.504065,0.3724138,0.0689655,0.6666667,10.959557617938563
609.0,0.4154351,0.001642,0.2955665,0.2078652,0.8062397,0.0,0.6285714,0.0071429,0.0321429,0.0789474,0.0,1.0,0.4046053,0.0408163,0.5,10.225607282932941
13912.0,0.5357964,0.0321305,0.0644767,0.054506,0.8514951,0.0288959,0.7123572,0.007269,0.0851506,0.0257967,0.0399792,0.584891,0.602175,0.360101,0.3333333,12.239995696974733
3175.0,0.5055118,0.0548031,0.0592126,0.0433121,0.8995276,0.0,0.7667638,0.0009718,0.0553936,0.0524862,0.0592809,0.6413994,0.4926335,0.1918977,0.25,11.315705475634307
1677.0,0.4925462,0.0023852,0.1699463,0.0693302,0.7358378,0.0220632,0.5916359,0.00246,0.0762608,0.8008329,0.00246,0.900369,0.4987751,0.0531646,0.4444444,11.353941456740479
1266.0,0.4873618,0.0971564,0.1050553,0.0909091,0.9257504,0.0,0.8086957,0.0,0.0108696,0.0854871,0.0891304,0.9869565,0.3220676,0.1285714,0.4285714,10.643064971973882
2863.0,0.516591,0.2431016,0.0220049,0.017341,0.8662242,0.0,0.7429609,0.0072661,0.0726612,0.1969365,0.253406,0.9318801,0.7483589,0.0627753,0.0,10.518700218288165
11403.0,0.4948698,0.0667368,0.0841884,0.0758681,0.8612646,0.0105235,0.7296683,0.0036347,0.0527033,0.1243286,0.0661063,0.9904589,0.3600557,0.0488372,0.2786885,10.93133754807084
4887.0,0.4925312,0.0128913,0.1186822,0.0512097,0.9296092,0.0,0.8392045,0.0017045,0.0278409,0.0434783,0.0096591,0.9914773,0.086413,0.0590909,0.5,11.375971077721223
289.0,0.5121107,0.0,0.0622837,0.0851064,0.9238754,0.0,0.827957,0.0215054,0.0322581,0.0412371,0.0,1.0,0.2164948,0.0769231,0.0,9.893487720457795
495.0,0.5131313,0.0,0.0787879,0.0705394,0.8828283,0.0,0.7348066,0.0110497,0.038674,0.281746,0.0,0.9944751,0.5436508,0.1269841,0.9,9.615805480084347
1074.0,0.4273743,0.1331471,0.2998138,0.2260163,0.7560521,0.047486,0.5895833,0.0041667,0.0229167,0.1504425,0.13125,1.0,0.3734513,0.0705882,0.9375,9.615805480084347
10293.0,0.4918877,0.0195278,0.101331,0.0827916,0.9074128,0.0,0.7860963,0.0074272,0.0496138,0.2008547,0.0115865,0.9545455,0.2875119,0.1995012,0.5258621,11.408686542313973
2600.0,0.4742308,0.0015385,0.1273077,0.1002195,0.8526923,0.0338462,0.7400881,0.0099119,0.0495595,0.0590674,0.0,0.9889868,0.3875648,0.1041667,0.5,10.534785924769006
259.0,0.5289575,0.0,0.1505792,0.057377,0.7528958,0.0,0.5775862,0.0,0.1206897,0.8461538,0.0,0.9827586,0.4217507,0.0980392,0.75,11.199597325534862
305.0,0.504918,0.0,0.1737705,0.0927152,0.8786885,0.0,0.7155172,0.0,0.0344828,0.1145038,0.0,1.0,0.2519084,0.0625,1.0,10.385944565501662
15472.0,0.482743,0.044015,0.116016,0.1082094,0.8512797,0.034514,0.7373017,0.004812,0.0422385,0.0901573,0.0376047,0.945286,0.4074915,0.0980843,0.5538462,10.524090921620362
3097.0,0.4782047,0.0051663,0.2244107,0.1330446,0.8643849,0.0,0.7181054,0.0015279,0.0328495,0.0165289,0.0038197,0.9961803,0.1780616,0.0654762,0.1,11.046132675457146
1617.0,0.4885591,0.0024737,0.0884354,0.0665054,0.8942486,0.0,0.7632027,0.0051107,0.0459966,0.0200334,0.0017036,0.9948893,0.2654424,0.0717949,0.5,10.819798284210286
8695.0,0.4866015,0.0063255,0.1074181,0.0633961,0.9305348,0.0081656,0.8492931,0.001928,0.0157455,0.0359356,0.0064267,0.9855398,0.0845725,0.0929752,0.5714286,11.219909190927746
2522.0,0.4484536,0.0,0.3092784,0.2264558,0.7628866,0.0642347,0.6156098,0.0009756,0.0253659,0.1024518,0.0,0.9970732,0.2889667,0.0658683,0.5384615,9.928228944424575
453.0,0.5231788,0.0,0.1699779,0.1064815,0.8763797,0.0242826,0.7630058,0.0057803,0.017341,0.1761905,0.0,1.0,0.1904762,0.0714286,0.8,9.873079890114703
53.0,0.509434,0.0,0.0943396,0.0,0.9622642,0.0,0.8823529,0.0,0.0,0.7017544,0.0,1.0,0.7894737,0.3333333,0.0,11.225256725762893
605.0,0.4479339,0.0727273,0.1256198,0.0988024,0.9272727,0.0,0.8165939,0.0,0.0087336,0.0497925,0.0655022,1.0,0.5850622,0.1204819,1.0,10.030164255362632
1530.0,0.4509804,0.0,0.3248366,0.2107143,0.7764706,0.0588235,0.6320611,0.0,0.010687,0.106412,0.0,0.9969466,0.3587995,0.0765027,0.8571429,9.952325334619427
135.0,0.4592593,0.0,0.1259259,0.109589,0.9185185,0.0,0.8,0.0,0.0444444,0.0816327,0.0,1.0,0.0816327,0.25,0.3333333,9.841665338892785
1390.0,0.452518,0.0,0.2151079,0.2128778,0.8129496,0.0431655,0.6805054,0.0036101,0.0288809,0.0578231,0.0,0.9981949,0.2857143,0.0679012,1.0,10.295563423525277
148.0,0.4459459,0.0,0.2094595,0.1341463,0.8310811,0.0,0.6363636,0.0,0.0151515,0.0294118,0.0,1.0,0.0735294,0.0,1.0,11.013715451376466
7498.0,0.4742598,0.9825287,0.1198986,0.1171994,0.8787677,0.0345425,0.7476723,0.0079143,0.033054,0.0749354,0.9972067,0.9995345,0.2919897,0.295354,0.5,10.31231367277647
518.0,0.4903475,0.0,0.1293436,0.1022727,0.9266409,0.0,0.8,0.0,0.0111111,0.0816327,0.0,1.0,0.1734694,0.16,0.3333333,9.746892220313054
6917.0,0.4811334,0.3965592,0.051612,0.0529395,0.9024143,0.0001446,0.7794178,0.0057401,0.0422304,0.0973353,0.3874539,0.9708897,0.3445596,0.1030235,0.5,10.851296331126829
1703.0,0.4791544,0.0035232,0.1926013,0.1352875,0.8884322,0.0,0.7481259,0.0029985,0.0269865,0.0761773,0.005997,0.994003,0.3698061,0.11875,1.0,10.114599007626499
361.0,0.501385,0.0,0.1191136,0.0833333,0.8891967,0.0,0.7352941,0.0,0.0294118,0.062069,0.0,1.0,0.1034483,0.0967742,1.0,10.815790343132422
139.0,0.4676259,0.0935252,0.0935252,0.0675676,0.8489209,0.0,0.7291667,0.0416667,0.1041667,0.1428571,0.125,0.9791667,0.3571429,0.2631579,0.0,10.638280388314705
148.0,0.5135135,0.0,0.1756757,0.0972222,0.8783784,0.0,0.7241379,0.0,0.0344828,0.1830986,0.0,0.9137931,0.2957746,0.2307692,1.0,9.615805480084347
1047.0,0.4718243,0.0019102,0.2359121,0.1952984,0.8185291,0.0,0.6073753,0.0021692,0.0173536,0.120229,0.0,1.0,0.3339695,0.0736842,0.8,10.188704088048116
2552.0,0.4776646,0.0611285,0.1363636,0.1290323,0.8456113,0.0254702,0.7106046,0.0059465,0.0287413,0.0776965,0.0634291,0.9950446,0.3775137,0.0485934,0.3333333,10.628641991731053
1092.0,0.4606227,0.9688645,0.1007326,0.1086587,0.9047619,0.0,0.7248521,0.0059172,0.0118343,0.0397727,0.9763314,0.9940828,0.53125,0.1639344,0.0,9.615805480084347
60640.0,0.4844492,0.0208278,0.1359828,0.0966958,0.8452342,0.0093503,0.6968192,0.0034229,0.0545584,0.0413382,0.0174904,0.9793371,0.3471127,0.0497888,0.2139535,11.769898298682092
6994.0,0.479125,0.0058622,0.1394052,0.0878397,0.887046,0.0040034,0.7494514,0.0010973,0.0241405,0.0270463,0.0054865,0.987564,0.1733096,0.0450098,0.4285714,11.786008995353765
3815.0,0.4411533,0.0372215,0.2138925,0.1965291,0.8131062,0.0429882,0.6729798,0.0018939,0.0164141,0.0880829,0.0284091,0.9949495,0.2936097,0.0580271,0.6551724,10.247112717290387
63374.0,0.488418,0.0533342,0.0920409,0.0679498,0.8649762,0.0073532,0.7287776,0.00455,0.0623131,0.0579278,0.0500932,0.8644105,0.3636104,0.0966896,0.1861472,11.983560145061489
2275.0,0.4457143,0.3432967,0.0698901,0.0674068,0.436044,0.5054945,0.7136465,0.0,0.0111857,0.0628931,0.2572707,1.0,0.3920335,0.1055276,1.0,10.659633006160352
1152.0,0.4609375,0.0668403,0.2309028,0.1900161,0.8454861,0.0,0.6693712,0.0020284,0.0223124,0.141115,0.0628803,0.9939148,0.2038328,0.0930233,0.7894737,10.298935994257638
6189.0,0.4842462,0.00307,0.0836969,0.0676692,0.929714,0.0,0.8289895,0.0027435,0.0242341,0.0249666,0.0027435,0.9977138,0.2189033,0.0892256,0.4166667,10.86477077032911
15535.0,0.4563244,0.1487609,0.2056003,0.160431,0.8301255,0.0180238,0.679594,0.0033328,0.0290865,0.0366316,0.1284654,0.9943948,0.3324577,0.0464535,0.4418605,10.611547975828369
178.0,0.4775281,0.7640449,0.1741573,0.1827957,0.8370787,0.0,0.6142857,0.0,0.0285714,0.0410959,0.8142857,0.9857143,0.2876712,0.1818182,0.0,10.102379394048045
226.0,0.5088496,0.0,0.1283186,0.0990991,0.9292035,0.0,0.8,0.0,0.0,0.0361446,0.0,1.0,0.1204819,0.125,0.0,9.893487720457795
175.0,0.4742857,0.0,0.1771429,0.0652174,0.9257143,0.0,0.8,0.0,0.0166667,0.1891892,0.0,1.0,0.2837838,0.3846154,0.0,9.825580063659602
1232.0,0.4788961,0.0097403,0.1753247,0.1277259,0.8376623,0.0219156,0.7063492,0.0039683,0.0416667,0.0614525,0.0019841,0.9980159,0.264432,0.0670732,0.7142857,10.169728906753061
187.0,0.4812834,0.0,0.1818182,0.1649485,0.8770053,0.0,0.6933333,0.0,0.0,0.25,0.0,0.9866667,0.42,0.1363636,0.5,9.76428295481558
5039.0,0.4945426,0.0009923,0.0760071,0.0683157,0.9154594,0.0,0.8057307,0.0045845,0.0378223,0.0321686,0.0,0.9977077,0.2584581,0.0525394,0.2857143,11.261909563554315
5797.0,0.4360876,0.0671037,0.3644989,0.2340165,0.743143,0.0541659,0.6069559,0.0041137,0.039641,0.137141,0.0508601,0.9704562,0.4817683,0.0359477,0.5230769,10.727684925086583
762.0,0.4868766,0.0,0.1076115,0.1253197,0.8648294,0.0419948,0.7773852,0.0035336,0.0176678,0.0811688,0.0,0.9858657,0.3116883,0.0882353,0.2,10.207325906555994
1296.0,0.4783951,0.0563272,0.0972222,0.0754438,0.8765432,0.0,0.7154309,0.004008,0.0280561,0.1570946,0.0581162,0.9819639,0.2753378,0.0928571,0.6,10.847412906506923
10523.0,0.4662169,0.2218949,0.0977858,0.0943564,0.8402547,0.0278438,0.6962157,0.0036288,0.0489891,0.0417288,0.2314671,0.975635,0.3425236,0.038961,0.3333333,10.92775337907558
689.0,0.5152395,0.0232221,0.0377358,0.0688623,0.9709724,0.0,0.9056604,0.0,0.0314465,0.0421687,0.0251572,1.0,0.439759,0.4179104,0.0,10.064798252418377
178.0,0.488764,0.0,0.1011236,0.0879121,0.9213483,0.0,0.7846154,0.0,0.0,0.057971,0.0,1.0,0.1449275,0.1428571,0.0,10.2328272702548
2052.0,0.4351852,0.2275828,0.2787524,0.2182916,0.8138402,0.0331384,0.6487119,0.0,0.0163934,0.1113424,0.20726,0.9133489,0.289282,0.1280788,0.8235294,10.146472946063877
350.0,0.4828571,0.3228571,0.1742857,0.1546961,0.8714286,0.0,0.6861314,0.0,0.0145985,0.14375,0.2992701,0.9854015,0.2625,0.0434783,1.0,9.615805480084347
16201.0,0.4887353,0.0343189,0.0709833,0.0458771,0.9477193,0.0,0.8737279,0.0011308,0.0286468,0.0405063,0.0375047,0.8643046,0.1367089,0.0874811,0.2105263,11.938853113303086
818.0,0.4523227,0.2066015,0.1479218,0.1272321,0.806846,0.0745721,0.6910299,0.0,0.0099668,0.1300578,0.1262458,1.0,0.3381503,0.09,0.6666667,10.043292972227004
2542.0,0.5078678,0.0011802,0.0928403,0.0671463,0.8705744,0.0,0.7427136,0.0050251,0.0542714,0.0487572,0.001005,0.9768844,0.1051625,0.0558659,0.3333333,11.798111925972618
9624.0,0.4797382,0.0052993,0.1469244,0.1296185,0.8807149,0.0353283,0.8046656,0.0018663,0.0391913,0.0248711,0.0052877,0.9791602,0.1201092,0.0786026,0.3571429,12.016128107502665
3456.0,0.4985532,0.0034722,0.0885417,0.0444316,0.9059606,0.0144676,0.8145519,0.0062112,0.0434783,0.0896607,0.0035492,0.837622,0.23021,0.2379182,0.084507,11.582460855933538
3917.0,0.464386,0.0076589,0.1452642,0.1234509,0.8526934,0.0153178,0.6896552,0.0039788,0.0278515,0.0598504,0.0033156,0.9940318,0.4638404,0.0903733,0.5666667,10.385944565501662
2657.0,0.4798645,0.00414,0.1200602,0.1078148,0.8513361,0.0628528,0.7812829,0.0,0.0168244,0.0811594,0.0,0.9957939,0.2241546,0.122449,0.3571429,10.526775414924009
1160.0,0.4991379,0.0086207,0.0922414,0.070568,0.8948276,0.0,0.7606635,0.0023697,0.042654,0.0430839,0.0118483,0.9976303,0.2698413,0.0666667,0.3333333,10.616461869895815
1526.0,0.4816514,0.6192661,0.1343381,0.1036662,0.8525557,0.0484928,0.7584034,0.0042017,0.039916,0.0499002,0.5945378,0.9789916,0.2235529,0.28,0.4285714,11.033291613631048
474.0,0.4767932,0.0,0.2004219,0.141129,0.8628692,0.0,0.7068063,0.0,0.0471204,0.0544554,0.0,1.0,0.3316832,0.1052632,1.0,10.34177474101152
5705.0,0.4487292,0.4385627,0.1702016,0.1631161,0.8641543,0.0245399,0.717412,0.0033302,0.0137964,0.0736007,0.385823,0.9957184,0.3076245,0.1396648,0.75,10.158168529848494
451.0,0.4745011,0.0,0.1574279,0.1983122,0.8669623,0.0,0.6744186,0.0,0.0174419,0.0802139,0.0,1.0,0.3529412,0.1836735,0.5,9.615805480084347
1148.0,0.4965157,0.0,0.1263066,0.1141869,0.8963415,0.0,0.7476636,0.0070093,0.0140187,0.0425056,0.0,0.9976636,0.1319911,0.1195652,0.8333333,10.401258331428318
5487.0,0.4962639,0.0858393,0.0967742,0.0940666,0.9034081,0.0,0.7817006,0.0069617,0.033814,0.0563116,0.0755843,0.9975137,0.3298921,0.1095041,0.3529412,10.474495347310453
4097.0,0.4749817,0.0031731,0.2001464,0.116225,0.9394679,0.0,0.838594,0.0,0.0114778,0.017618,0.0021521,0.9777618,0.0754052,0.125,0.3333333,12.225389860915405
191.0,0.4764398,0.0,0.1675393,0.08,0.9162304,0.0,0.7794118,0.0,0.0147059,0.2093023,0.0,0.9852941,0.3372093,0.375,0.8333333,9.615805480084347
411.0,0.4720195,0.0,0.1435523,0.0691244,0.919708,0.0,0.7919463,0.0,0.0134228,0.0858896,0.0,1.0,0.2883436,0.1666667,1.0,10.188704088048116
1246.0,0.4382022,0.0072231,0.2407705,0.1557143,0.8250401,0.0160514,0.6492537,0.0,0.0186567,0.1284553,0.0093284,1.0,0.3642276,0.0588235,0.75,10.392098241730961
8063.0,0.4513208,0.0048369,0.1764852,0.1265823,0.5936996,0.2433337,0.6091784,0.0018505,0.0592154,0.0472496,0.0025907,0.9981495,0.3455571,0.04,0.3888889,10.6782377612977
89.0,0.5280899,0.0,0.2921348,0.0952381,0.8651685,0.0,0.7142857,0.0,0.0571429,0.5679012,0.0,1.0,0.0123457,0.3333333,0.0,13.122367377396328
369.0,0.4742547,0.0054201,0.1653117,0.1134021,0.8699187,0.0,0.7197452,0.0063694,0.0191083,0.1780105,0.0127389,1.0,0.408377,0.0689655,0.6666667,9.615805480084347
2251.0,0.478454,0.0044425,0.0821857,0.0758092,0.9147046,0.0,0.7884856,0.0037547,0.020025,0.1258206,0.0037547,0.9687109,0.3533917,0.1059908,0.4736842,10.471666571132038
135.0,0.4888889,0.0222222,0.1703704,0.1014493,0.8592593,0.0,0.7169811,0.0188679,0.0377358,0.0862069,0.0377358,1.0,0.2758621,0.0,1.0,9.933094897288786
14869.0,0.4700383,0.0227991,0.1414352,0.0946701,0.8765216,0.0277759,0.7718133,0.0012567,0.0231598,0.0286013,0.0193896,0.9940754,0.1004534,0.057554,0.40625,11.397525836740476
2444.0,0.4386252,0.0139116,0.2495908,0.1829446,0.7827332,0.0482815,0.6371348,0.001885,0.0207352,0.0501343,0.0094251,0.9745523,0.4145031,0.0523416,0.6666667,10.25769445336048
6419.0,0.5201745,0.010282,0.0959651,0.0662338,0.9323882,0.0018695,0.8201856,0.0046404,0.0388631,0.0215664,0.0092807,0.5162413,0.4222474,0.3634652,0.0,12.015523333397592
373.0,0.4745308,0.0,0.1796247,0.0969388,0.9034853,0.0,0.7666667,0.0,0.0066667,0.0,0.0,1.0,0.0066667,0.0,0.0,11.439289689006644
8936.0,0.4854521,0.0341316,0.0555058,0.0491518,0.8780215,0.0047001,0.7517408,0.0030276,0.0551014,0.0716695,0.0314865,0.9872843,0.2020798,0.1393568,0.3366337,11.07443600653965
291.0,0.5051546,0.0068729,0.0687285,0.0555556,0.8969072,0.0,0.7572816,0.0,0.038835,0.1416667,0.0,1.0,0.4333333,0.1153846,0.6666667,9.770013301136158
1593.0,0.3992467,0.0200879,0.3942247,0.322884,0.6396736,0.2837414,0.7573696,0.0,0.0340136,0.0264901,0.0272109,0.9931973,0.0794702,0.0277778,0.0,11.283524879179666
5709.0,0.4916798,0.0029778,0.2068664,0.0599586,0.9215274,0.0,0.8399103,0.0026906,0.0336323,0.0416846,0.0026906,0.9721973,0.1074345,0.1406844,0.0454545,11.823354355742923
3035.0,0.4995058,0.014168,0.0971993,0.080316,0.9107084,0.0075783,0.8135081,0.0010081,0.047379,0.0479846,0.0090726,0.9667339,0.2024952,0.126087,0.4666667,11.907673348237187
1136.0,0.4964789,0.0801056,0.1073944,0.0699301,0.9278169,0.0,0.8191489,0.0053191,0.0292553,0.0693069,0.0851064,0.9787234,0.3737624,0.225,1.0,10.243560441877241
68.0,0.6617647,0.0,0.0,0.0,0.75,0.25,1.0,0.0,0.0,0.0,0.0,1.0,0.4166667,0.4,0.0,0.0
299.0,0.5217391,0.0,0.173913,0.0769231,0.8862876,0.0,0.7540984,0.0081967,0.0163934,0.0757576,0.0,0.9918033,0.3787879,0.09375,1.0,9.61587214452889
684.0,0.5380117,0.001462,0.0745614,0.0411392,0.9517544,0.0,0.8429319,0.0,0.0157068,0.0861244,0.0052356,0.9842932,0.1961722,0.3225806,0.5,10.883710371704016
40.0,0.4,0.0,0.175,0.0833333,0.85,0.0,0.625,0.0,0.0,0.3043478,0.0,1.0,0.5217391,0.4,0.0,9.615805480084347
932.0,0.5160944,0.001073,0.0965665,0.0576497,0.9077253,0.0,0.7706422,0.0030581,0.0214067,0.0576369,0.0030581,0.9938838,0.167147,0.12,0.3333333,10.55323128448846
1233.0,0.5020276,0.1127332,0.0681265,0.0716612,0.9521492,0.0,0.8571429,0.0028011,0.0196078,0.0351351,0.0980392,0.9691877,0.2189189,0.2903226,1.0,10.596659732783579
2735.0,0.4855576,0.0124314,0.2051188,0.0497512,0.9012797,0.0,0.8144424,0.0018282,0.0530165,0.175584,0.011883,0.9588665,0.1944235,0.037234,0.0689655,11.551193801680078
339.0,0.4926254,0.0,0.2654867,0.1918605,0.8584071,0.0,0.6736111,0.0,0.0069444,0.2173913,0.0,0.9930556,0.2934783,0.0740741,0.8,9.798182590890704
1253.0,0.4325619,0.0,0.2625698,0.2137834,0.7757382,0.0798085,0.65762,0.006263,0.0229645,0.1046729,0.0,0.9979123,0.2841121,0.0794702,0.6111111,10.102379394048045
213.0,0.4741784,0.0,0.2723005,0.1785714,0.8403756,0.0,0.6489362,0.0,0.0106383,0.2033898,0.0,1.0,0.279661,0.1904762,1.0,9.615805480084347
1394.0,0.4763271,0.0,0.1470588,0.1191781,0.8895265,0.0,0.7145709,0.0,0.0199601,0.0475285,0.0,0.998004,0.3326996,0.0555556,0.25,10.781058245898533
205.0,0.4682927,0.0,0.3268293,0.1651376,0.7707317,0.0,0.5686275,0.0,0.0294118,0.184,0.0,1.0,0.256,0.0,0.8,9.615805480084347
6169.0,0.5038094,0.0087534,0.114119,0.0735054,0.8604312,0.0068082,0.7146893,0.0084746,0.0743879,0.1270037,0.007533,0.757533,0.5610358,0.1958115,0.2,11.650955473631058
4434.0,0.507668,0.0157871,0.0924673,0.0426019,0.8662607,0.0,0.7518337,0.0042787,0.0800733,0.029656,0.0134474,0.99022,0.0960854,0.1323529,0.2857143,11.627155529627064
1793.0,0.4735081,0.0022309,0.135527,0.0815678,0.935304,0.0089236,0.8358491,0.0056604,0.009434,0.1353997,0.0018868,0.3169811,0.5367047,0.2962963,0.6666667,10.016860879703811
149.0,0.5302013,0.0,0.147651,0.1428571,0.8255034,0.0,0.6333333,0.0,0.0666667,0.0322581,0.0,0.9833333,0.2741935,0.0,1.0,9.615805480084347
84161.0,0.4615321,0.1820915,0.1637219,0.131824,0.8062879,0.0293247,0.6431305,0.0041253,0.0449898,0.0841843,0.162352,0.990165,0.294385,0.0877181,0.5663265,10.199918739620157
6105.0,0.4823915,0.0014742,0.1030303,0.0860759,0.8709255,0.0014742,0.7238138,0.0085049,0.0510295,0.048552,0.0004476,0.9883617,0.3820273,0.0631896,0.625,11.325402403776808
357.0,0.4509804,0.0056022,0.2212885,0.1377551,0.8487395,0.0,0.6808511,0.0141844,0.0425532,0.2336957,0.0,1.0,0.298913,0.1785714,1.0,9.615805480084347
6170.0,0.4849271,0.0017828,0.1555916,0.0877911,0.9008104,0.0183144,0.8015618,0.0004593,0.0243454,0.0384276,0.001378,0.9931098,0.3166961,0.1196013,0.3913043,11.03973275601109
659.0,0.4688923,0.07739,0.1578149,0.1371429,0.8831563,0.0,0.7272727,0.0037879,0.0151515,0.1081081,0.0719697,1.0,0.2972973,0.0597015,0.6666667,9.966509298952284
2025.0,0.4637037,0.3595062,0.177284,0.1381215,0.8893827,0.0079012,0.742228,0.0012953,0.0103627,0.0809524,0.3303109,0.9948187,0.2654762,0.0826087,0.2727273,10.573903321093981
165.0,0.4666667,0.0,0.2242424,0.125,0.9212121,0.0,0.8095238,0.0,0.015873,0.16,0.0,0.952381,0.2,0.2,0.0,9.615805480084347
143.0,0.4405594,0.2447552,0.2727273,0.2375,0.8531469,0.0,0.7142857,0.0,0.031746,0.0454545,0.2222222,1.0,0.0606061,0.1111111,0.0,9.923339198238729
890.0,0.4831461,0.0011236,0.1089888,0.0717391,0.8977528,0.0,0.7727273,0.0030303,0.0393939,0.0517241,0.0030303,1.0,0.2068966,0.0909091,0.7142857,11.782196591288216
1133.0,0.4466019,0.0,0.1579876,0.1642743,0.8578994,0.0229479,0.7110092,0.0,0.0137615,0.0991736,0.0,0.9954128,0.3904959,0.1075269,0.5,9.867912187022208
1601.0,0.4659588,0.0006246,0.2023735,0.1707602,0.8026234,0.0231106,0.6359649,0.002924,0.0409357,0.246696,0.0,0.998538,0.4196035,0.0483871,0.68,10.611547975828369
2580.0,0.4872093,0.0162791,0.1182171,0.0816327,0.9116279,0.0,0.7945493,0.0041929,0.0272537,0.0134436,0.0136268,0.9968553,0.188211,0.0384615,0.2,11.279744203985432
330.0,0.5212121,0.0030303,0.0636364,0.1012658,0.9575758,0.0,0.8684211,0.0,0.0526316,0.0731707,0.0,1.0,0.5243902,0.5714286,0.0,9.615805480084347
519.0,0.4585742,0.0500963,0.283237,0.2099644,0.7687861,0.0905588,0.6568627,0.0,0.0147059,0.2183908,0.0441176,0.995098,0.3601533,0.1343284,0.625,9.615805480084347
5247.0,0.4901849,0.0154374,0.1461788,0.1162617,0.9060415,0.0251572,0.7986936,0.0005938,0.0106888,0.0837867,0.0172209,0.4364608,0.3754081,0.1717391,0.826087,10.250652418696085
472.0,0.4427966,0.0,0.1610169,0.0912548,0.8898305,0.0,0.754386,0.0116959,0.0409357,0.0228571,0.0,1.0,0.2228571,0.0930233,0.0,10.025749432069084
589.0,0.5042445,0.0,0.1918506,0.1335616,0.8777589,0.0,0.7229437,0.004329,0.021645,0.076,0.0,1.0,0.136,0.2166667,0.5,10.102379394048045
490.0,0.5,0.0081633,0.155102,0.0857143,0.9204082,0.0,0.7868852,0.0,0.0,0.080402,0.0054645,0.9562842,0.3015075,0.08,0.0,10.315630315397533
1214.0,0.5107084,0.2537068,0.1466227,0.0976431,0.8360791,0.0378913,0.7155756,0.0022573,0.0496614,0.1431335,0.2099323,0.979684,0.6286267,0.1376812,0.125,9.77571099759397
4805.0,0.4430801,0.0043704,0.2693028,0.2167414,0.7423517,0.0724246,0.6030033,0.0023463,0.0154857,0.0698385,0.0,0.9967152,0.4356176,0.0325477,0.6111111,10.173552856959743
229.0,0.5021834,0.558952,0.1746725,0.1754386,0.8384279,0.0,0.6352941,0.0117647,0.0352941,0.212963,0.4823529,1.0,0.4074074,0.2222222,1.0,9.615805480084347
4834.0,0.4803475,0.0163426,0.145842,0.1210191,0.8721556,0.0252379,0.76072,0.0005294,0.022234,0.0573852,0.0158814,0.9984119,0.2859281,0.0642978,0.4615385,10.633472802314019
823.0,0.4349939,0.0012151,0.3013366,0.2580645,0.709599,0.0850547,0.5571429,0.0057143,0.0314286,0.1803279,0.0028571,0.98,0.4449649,0.0481928,0.7142857,9.758519582283522
212.0,0.4764151,0.0,0.2358491,0.1441441,0.8490566,0.0,0.6813187,0.0,0.021978,0.1651376,0.0,1.0,0.1834862,0.0,0.0,10.214678610538817
10891.0,0.4691947,0.1179873,0.1173446,0.1117454,0.8905518,0.0157929,0.7642038,0.0040011,0.0272073,0.0479939,0.1242998,0.9797279,0.2927882,0.0789692,0.1428571,11.282266241614355
264.0,0.5113636,0.0189394,0.1893939,0.124031,0.8712121,0.0,0.6862745,0.0,0.0196078,0.1130435,0.0294118,1.0,0.1652174,0.137931,1.0,9.615805480084347
317.0,0.4479495,0.0031546,0.3753943,0.2,0.7539432,0.0,0.5414013,0.0063694,0.0254777,0.3643725,0.0,0.9872611,0.417004,0.09375,0.8421053,9.615805480084347
18683.0,0.4739068,0.0184125,0.2293529,0.1061146,0.8115399,0.0,0.6684882,0.0047359,0.0791743,0.2638119,0.0143291,0.9420765,0.5177007,0.0869865,0.4907407,10.954326659732555
8757.0,0.4645427,0.0034258,0.5697157,0.1878865,0.8333904,0.0023981,0.7140669,0.0010939,0.0269088,0.1970841,0.0032816,0.9954058,0.3082733,0.042623,0.3168317,10.900454637442037
395.0,0.4379747,0.3772152,0.2075949,0.2162162,0.8177215,0.0,0.6023392,0.0,0.0233918,0.1319797,0.3333333,1.0,0.2893401,0.1052632,1.0,9.792611856190192
11.0,0.5454545,0.0,0.5454545,0.0,1.0,0.0,1.0,0.0,0.0,0.1666667,0.0,1.0,0.1666667,0.0,0.0,9.615805480084347
161.0,0.4782609,0.0310559,0.1925466,0.1785714,0.8695652,0.0,0.7014925,0.0,0.0149254,0.1927711,0.0298507,0.9850746,0.3855422,0.375,1.0,9.615805480084347
241.0,0.4896266,0.0,0.1452282,0.1463415,0.8838174,0.0,0.7045455,0.0,0.0227273,0.0222222,0.0,1.0,0.2444444,0.2272727,0.0,10.034559673629849
33249.0,0.4803753,0.0615056,0.1072814,0.0853157,0.9048092,0.0068273,0.7804586,0.0052491,0.0340731,0.0403853,0.0594898,0.7323879,0.3767232,0.2009416,0.3365385,10.925956465688445
232.0,0.5646552,0.0,0.1465517,0.0792079,0.8836207,0.0,0.7325581,0.0116279,0.0232558,0.0652174,0.0,1.0,0.2934783,0.0555556,1.0,10.030164255362632
489.0,0.4683027,0.0,0.1820041,0.1192308,0.8793456,0.0,0.7164179,0.0,0.0099502,0.196,0.0,0.9452736,0.312,0.0967742,1.0,9.857495968685136
284.0,0.4929577,0.0,0.2147887,0.1666667,0.8415493,0.0,0.647541,0.0,0.0163934,0.1094891,0.0,1.0,0.2919708,0.08,0.7777778,9.674137279312397
159.0,0.5345912,0.0,0.1949686,0.0675676,0.8805031,0.0,0.7272727,0.0,0.0151515,0.1851852,0.0,1.0,0.1975309,0.2,0.75,9.615805480084347
9298.0,0.4841901,0.0714132,0.1833728,0.1365721,0.8371693,0.0487202,0.7246291,0.0053412,0.0272997,0.1440183,0.0626113,0.9166172,0.3411227,0.1542952,0.7835052,10.012386799492118
350.0,0.4942857,0.0,0.1114286,0.0621469,0.92,0.0,0.7966102,0.0084746,0.0084746,0.0327869,0.0,1.0,0.1803279,0.2,0.5,9.787009914477434
2311.0,0.459974,0.1562094,0.1804414,0.1346154,0.8602337,0.0,0.6951754,0.004386,0.0383772,0.0665302,0.1458333,0.9901316,0.2282497,0.1194539,0.6,10.609081944147828
663.0,0.4645551,0.0030166,0.1402715,0.143662,0.8597285,0.0,0.6844106,0.0,0.0342205,0.0186567,0.0,0.9961977,0.25,0.1016949,0.0,10.505094936455558
844.0,0.4703791,0.0023697,0.2796209,0.196868,0.7831754,0.0,0.5814536,0.0025063,0.0325815,0.0362319,0.0025063,1.0,0.3937198,0.0204082,0.3333333,10.090008612393838
37825.0,0.4737343,0.2615995,0.1454329,0.1008239,0.8701917,0.0342366,0.7665385,0.0015385,0.0333846,0.0250487,0.2314615,0.9481538,0.1865907,0.0572605,0.5059524,12.094028734547074
25158.0,0.4798076,0.2133715,0.1068447,0.0977306,0.8426743,0.0172907,0.6755142,0.0065495,0.0584856,0.0758203,0.2162473,0.807078,0.6313051,0.1541304,0.2857143,11.438212694578302
26.0,0.5,0.0,0.0769231,0.0,0.9230769,0.0,0.8181818,0.0,0.0,0.45,0.0,0.9090909,0.7,0.0,0.0,9.615805480084347
31702.0,0.4725254,0.0134061,0.1059555,0.0811506,0.8020945,0.0156772,0.6482195,0.0018499,0.0803145,0.0507755,0.0124094,0.986049,0.326017,0.0250918,0.2,11.125806040978839
11838.0,0.4638452,0.0480656,0.1573746,0.1457381,0.8628147,0.0125021,0.7153927,0.0031414,0.0188482,0.0880443,0.0408377,0.9970681,0.3040489,0.0740489,0.5121951,10.348205424565993
600.0,0.4816667,0.0033333,0.1833333,0.1414791,0.8816667,0.0,0.7196653,0.0,0.0167364,0.1015038,0.0083682,1.0,0.2105263,0.1463415,0.8571429,10.118639253920785
472.0,0.4576271,0.0,0.1949153,0.15625,0.8855932,0.0169492,0.7637363,0.0,0.0164835,0.1534884,0.0,0.989011,0.3255814,0.1034483,1.0,9.65509029374725
6530.0,0.4966309,0.0082695,0.0724349,0.0562823,0.8272588,0.0,0.6732405,0.0081206,0.0901005,0.0803698,0.007734,0.9899459,0.3396159,0.0201613,0.3,10.938467575959383
353.0,0.4787535,0.0028329,0.1303116,0.1032609,0.8753541,0.0,0.7175573,0.0076336,0.0305344,0.1266667,0.0,1.0,0.2466667,0.1395349,1.0,10.70551155928146
540.0,0.5074074,0.0148148,0.0351852,0.056391,0.9055556,0.0,0.7484277,0.0062893,0.0628931,0.0914286,0.0125786,0.9874214,0.7428571,0.2631579,0.0,10.335302435967074
653.0,0.4793262,0.2603369,0.1546708,0.1323529,0.8912711,0.0,0.7380952,0.0,0.0198413,0.0490566,0.2698413,0.9960317,0.2226415,0.0576923,0.5,10.351405324899678
2441.0,0.4858664,0.0016387,0.0618599,0.0414343,0.9332241,0.0,0.8379052,0.0037406,0.0286783,0.0135301,0.0012469,0.9987531,0.1881919,0.0342466,0.0,10.96476135554887
917.0,0.4776445,0.2922574,0.1352236,0.1419624,0.8484188,0.0567067,0.7388535,0.0031847,0.0127389,0.0924855,0.2388535,0.9872611,0.3439306,0.1632653,0.0,10.038935856711177
2647.0,0.4767662,0.0034001,0.3808085,0.0830325,0.8783529,0.0,0.7829889,0.0,0.0373609,0.5833057,0.0015898,0.9848967,0.2083471,0.0273973,0.4179104,12.464587201678082
309.0,0.4789644,0.0,0.1488673,0.1428571,0.8446602,0.0,0.6747967,0.0162602,0.0487805,0.0465116,0.0,0.9918699,0.3333333,0.0740741,1.0,10.034559673629849
1285.0,0.4731518,0.0,0.1805447,0.1772526,0.8498054,0.0085603,0.6757812,0.0019531,0.0273438,0.0588235,0.0,0.9980469,0.3952206,0.0215054,0.0,10.16203685698089
613.0,0.4877651,0.0032626,0.2414356,0.0987261,0.8499184,0.0,0.6875,0.0078125,0.03125,0.661823,0.0039062,1.0,0.4319683,0.2333333,0.6666667,10.510559281627845
7626.0,0.5061631,0.1260163,0.0700236,0.0483271,0.8737215,0.0027537,0.7429202,0.0066201,0.0643619,0.0646715,0.1110702,0.9812431,0.2081183,0.1007634,0.225,11.374823643830945
268.0,0.4850746,0.0149254,0.119403,0.1014493,0.9141791,0.0,0.7628866,0.0,0.0,0.1261261,0.0103093,1.0,0.2702703,0.1304348,1.0,9.615805480084347
4538.0,0.5724989,0.1249449,0.0011018,0.0036082,0.8334068,0.1650507,0.99591,0.0010225,0.0010225,0.0060976,0.1206544,0.9437628,0.1463415,0.2586912,0.0,0.0
4669.0,0.4624117,0.0040694,0.1844078,0.1394422,0.8271578,0.039623,0.6990455,0.0095452,0.0297586,0.07768,0.0044919,0.9977541,0.3997929,0.090573,0.5517241,10.122663242288953
9340.0,0.4868308,0.0004283,0.0960385,0.0686418,0.8978587,0.0021413,0.770318,0.0035336,0.0359246,0.0176454,0.0005889,0.9964664,0.2597628,0.0493016,0.0,11.243751064074187
528.0,0.5738636,0.0037879,0.0454545,0.0622222,0.5170455,0.0,0.3966942,0.0,0.2809917,0.8221896,0.0041322,0.9793388,0.7766348,0.0479452,0.2,11.314486721293981
1109.0,0.4770063,0.0,0.1830478,0.1465517,0.8467087,0.0306583,0.7162791,0.0046512,0.0255814,0.0889831,0.0,0.9930233,0.2097458,0.1333333,0.625,9.99884318585288
166.0,0.5421687,0.0,0.0542169,0.0789474,0.8795181,0.0,0.7166667,0.0166667,0.0333333,0.1176471,0.0,1.0,0.7352941,0.0,0.0,10.268165387743457
307.0,0.4690554,0.0,0.0944625,0.0797546,0.9055375,0.0,0.7636364,0.0,0.0272727,0.0434783,0.0,1.0,0.2347826,0.037037,0.0,10.742918838113225
34507.0,0.4678761,0.0050714,0.1574173,0.1212286,0.8413365,0.0129829,0.6885058,0.0050068,0.0374079,0.0523926,0.005579,0.9957085,0.3161177,0.0701035,0.5098039,10.589131655274922
56.0,0.5178571,0.0,0.125,0.037037,0.9107143,0.0,0.7619048,0.0,0.0,0.3636364,0.0,1.0,0.3333333,0.0,0.0,9.615805480084347
2756.0,0.5054427,0.0439042,0.0689405,0.0674982,0.9488389,0.0,0.8829916,0.0060314,0.0349819,0.0247059,0.0373945,0.9855247,0.1141176,0.0803571,0.6666667,11.827013315851762
2431.0,0.4948581,0.0004114,0.1053065,0.0920195,0.8831756,0.0,0.744186,0.0044297,0.0531561,0.0464625,0.0,0.9911406,0.2703273,0.0883281,0.0,11.033291613631048
771.0,0.4682231,0.001297,0.1699092,0.1195122,0.8871595,0.0,0.7392739,0.0066007,0.0165017,0.0380952,0.0033003,1.0,0.1968254,0.0952381,0.0,10.442929787247998
4515.0,0.4653378,0.000443,0.3198228,0.1909693,0.7614618,0.0378738,0.6101449,0.0048309,0.0410628,0.2023121,0.0,0.9570048,0.5865125,0.0508021,0.3333333,10.975088291957388
1550.0,0.4748387,0.0006452,0.2548387,0.1867322,0.8025806,0.0309677,0.6460843,0.0060241,0.0286145,0.0726257,0.0,1.0,0.2430168,0.027972,0.9166667,10.012386799492118
359.0,0.4623955,0.0,0.3231198,0.2487047,0.810585,0.0,0.6315789,0.005848,0.0233918,0.1576355,0.0,1.0,0.408867,0.0416667,0.75,9.615805480084347
1234.0,0.4700162,0.0048622,0.1928687,0.1620795,0.8233387,0.0875203,0.7694118,0.0047059,0.0235294,0.0780911,0.0023529,0.9623529,0.29718,0.0902256,0.8,10.827766295132466
141.0,0.4539007,0.0,0.2198582,0.1038961,0.9219858,0.0,0.7924528,0.0,0.0,0.4111111,0.0,0.9811321,0.4777778,0.5,0.0,10.657282884047461
7231.0,0.4766976,0.0177016,0.1445167,0.1112579,0.8654405,0.0302863,0.760274,0.0018025,0.0284787,0.0381415,0.0147801,0.9967556,0.2520804,0.0631458,0.3030303,10.866680954096502
23421.0,0.4683831,0.0292473,0.1671577,0.138784,0.8284446,0.0238675,0.6781939,0.0020523,0.0278091,0.063251,0.0298615,0.9962032,0.3220225,0.056535,0.6158537,10.442929787247998
1558.0,0.5115533,0.0,0.0699615,0.0538765,0.9326059,0.0,0.8336634,0.0039604,0.0316832,0.0136719,0.0,0.9960396,0.1894531,0.0916667,0.5,11.02518140064756
1197.0,0.4477861,0.0,0.4352548,0.2284418,0.7928154,0.0517962,0.6756757,0.0,0.009009,0.1381988,0.0,1.0,0.2546584,0.03,0.7333333,9.615805480084347
24097.0,0.5014732,0.0168071,0.0901357,0.0694248,0.8686973,0.017803,0.739222,0.0069376,0.0480674,0.0595363,0.0147423,0.813553,0.3444017,0.1651827,0.4868421,10.586609649448985
1514.0,0.5198151,0.1413474,0.0997358,0.0797799,0.6519155,0.2615588,0.7559809,0.0095694,0.0502392,0.0932755,0.062201,0.992823,0.2364425,0.0540541,0.8823529,11.80410890048989
28716.0,0.4815086,0.0022984,0.1541649,0.112029,0.8252194,0.0085667,0.6605061,0.0031954,0.0571725,0.1177905,0.0017273,0.9916228,0.3526857,0.0566231,0.5869565,11.866402300407264
21.0,0.5238095,0.0,0.0952381,0.1,1.0,0.0,1.0,0.0,0.0,0.1111111,0.0,1.0,0.1111111,0.0,0.0,11.37940550085183
253.0,0.4782609,0.1778656,0.2964427,0.1742424,0.8418972,0.0,0.6470588,0.0,0.0392157,0.1774194,0.1960784,1.0,0.3790323,0.1904762,0.6666667,9.615805480084347
6412.0,0.5095134,0.0141921,0.0924828,0.0600954,0.8515284,0.0007798,0.7137961,0.0047129,0.0916881,0.0686353,0.0111397,0.9537275,0.3332003,0.0715328,0.2,11.73687669002817
597.0,0.4941374,0.0,0.0938023,0.0662252,0.9179229,0.0,0.8186047,0.0046512,0.0418605,0.0046296,0.0,1.0,0.1342593,0.1153846,0.0,11.003781759319981
928.0,0.4622845,0.0010776,0.2036638,0.2084168,0.8178879,0.0689655,0.7091988,0.0089021,0.0118694,0.1719902,0.0029674,1.0,0.3685504,0.1044776,0.7272727,9.615805480084347
2262.0,0.4597701,0.0004421,0.2077807,0.1824877,0.7900088,0.0278515,0.6100823,0.005144,0.0257202,0.0769231,0.0,0.9979424,0.328585,0.0248447,0.9090909,10.31231367277647
132.0,0.5075758,0.0,0.2045455,0.1076923,0.9090909,0.0,0.7884615,0.0,0.0192308,0.5272727,0.0,1.0,0.4,0.0,1.0,10.736418414365376
2906.0,0.4800413,0.2078458,0.1173434,0.109861,0.9002065,0.0,0.7522852,0.0,0.0164534,0.0697279,0.1773309,0.9981718,0.3129252,0.1137255,0.5555556,10.344995251991222
2741.0,0.4720905,0.0047428,0.1550529,0.1112647,0.8471361,0.0131339,0.7128532,0.0072926,0.0519599,0.0575601,0.0054695,0.993619,0.4218213,0.04,0.5,11.223922520551032
2261.0,0.4440513,0.0022114,0.2277753,0.2044551,0.7934542,0.0362671,0.629478,0.0,0.0225179,0.1118182,0.0010235,1.0,0.37,0.0462428,0.2352941,10.379752786950895
183.0,0.4590164,0.0,0.136612,0.1212121,0.8743169,0.0,0.7142857,0.0,0.0428571,0.2045455,0.0,0.9714286,0.2954545,0.0,1.0,9.615805480084347
6578.0,0.4635147,0.0047127,0.590453,0.1442335,0.8856795,0.0,0.7993178,0.0,0.0130756,0.1923783,0.0042638,0.9937464,0.1540404,0.024,0.392,11.383966460172834
10151.0,0.4797557,0.059206,0.1617575,0.124787,0.8667126,0.0005911,0.7016871,0.0030675,0.0324642,0.0335968,0.0554703,0.9913088,0.2660573,0.0730435,0.6666667,11.314486721293981
3174.0,0.4612476,0.0015753,0.1732829,0.1421053,0.8216761,0.0255198,0.6736,0.0064,0.0488,0.0421456,0.0008,0.9968,0.2590038,0.0485651,0.8333333,10.599156550639583
392.0,0.4872449,0.5765306,0.1071429,0.1094527,0.9234694,0.0,0.8205128,0.008547,0.0512821,0.1582734,0.4871795,0.991453,0.3165468,0.1621622,0.8,9.928228944424575
2970.0,0.4885522,0.0387205,0.0838384,0.0921659,0.6895623,0.0178451,0.5136494,0.0021552,0.1235632,0.0688963,0.0344828,0.9827586,0.5632107,0.0295082,0.1428571,10.874285408908944
1666.0,0.8595438,0.5228091,0.0366146,0.1111111,0.2509004,0.7130852,0.7055838,0.0,0.0101523,0.087963,0.0101523,1.0,0.5,0.0851064,0.0,10.085850775128717
1412.0,0.4830028,0.0007082,0.1805949,0.1479452,0.8165722,0.0205382,0.6488294,0.0033445,0.0284281,0.0939394,0.0016722,0.9899666,0.3287879,0.0511628,0.7142857,10.196194479235656
73.0,0.5342466,0.0,0.0273973,0.0294118,0.9315068,0.0,0.75,0.0,0.0,0.2307692,0.0,1.0,0.3076923,0.0,1.0,11.274680966120778
698.0,0.4426934,0.004298,0.4068768,0.2724936,0.7077364,0.0902579,0.584375,0.003125,0.01875,0.2118227,0.0,0.996875,0.3078818,0.0119048,0.75,10.169728906753061
15051.0,0.4901335,0.0315594,0.0887649,0.0770133,0.8475849,0.0085709,0.705,0.0032759,0.0632759,0.0405294,0.0362069,0.9917241,0.2899917,0.0461538,0.1632653,11.610968271383634
1753.0,0.4420993,0.4318311,0.1979464,0.1830266,0.8277239,0.040502,0.665109,0.0031153,0.017134,0.0957746,0.364486,0.9984424,0.3211268,0.1318681,0.8,9.928228944424575
1300.0,0.4376923,0.0169231,0.3069231,0.2612859,0.7084615,0.1692308,0.6940928,0.0042194,0.021097,0.0902111,0.0063291,0.9978903,0.2667946,0.0592593,0.5,10.843514342086866
5020.0,0.4840637,0.001992,0.1673307,0.0980695,0.8727092,0.0063745,0.7358787,0.0057531,0.039749,0.0581281,0.001046,0.9764644,0.3916256,0.1331316,0.2,10.623787731088578
2194.0,0.4858706,0.2711942,0.165907,0.1294326,0.8409298,0.0979945,0.8275862,0.0013793,0.0110345,0.0397351,0.2441379,0.9958621,0.1364238,0.0081301,0.2222222,11.007103966325696
76459.0,0.528427,0.0672256,0.1180633,0.0974595,0.7094652,0.1023294,0.603274,0.0038517,0.0814361,0.0472477,0.0490061,0.9258546,0.4854194,0.0791293,0.1170213,12.253914741377207
9120.0,0.5071272,0.0049342,0.0940789,0.0585095,0.8969298,0.0,0.779778,0.0063006,0.0486049,0.02172,0.0036004,0.990399,0.2216026,0.0820312,0.3333333,11.338583982516495
1203.0,0.4455528,0.0,0.2626766,0.2173913,0.8171239,0.0515378,0.6880165,0.0,0.0144628,0.124774,0.0,1.0,0.3435805,0.1382114,1.0,9.787009914477434
22117.0,0.4721707,0.2983226,0.0968486,0.0848895,0.8853371,0.0201655,0.7737245,0.0044139,0.0344022,0.0879706,0.2705439,0.943139,0.2926829,0.1064436,0.5265306,10.85516473308054
1403.0,0.4846757,0.0049893,0.0833927,0.0636238,0.8545973,0.0,0.6869245,0.0036832,0.0515654,0.2437326,0.0036832,0.9742173,0.3802228,0.1176471,0.75,10.085850775128717
619.0,0.5250404,0.0,0.095315,0.0646259,0.914378,0.0,0.8113208,0.0141509,0.0330189,0.040724,0.0,0.995283,0.3031674,0.1666667,0.0,10.407318772389159
1845.0,0.4547425,0.4205962,0.204336,0.1799205,0.8281843,0.0644986,0.7063369,0.0,0.0108192,0.1575521,0.3678516,0.992272,0.3255208,0.125,0.7142857,10.073272520325904
4465.0,0.4844345,0.0004479,0.1384099,0.1046916,0.9225084,0.0011198,0.7800546,0.0020492,0.0088798,0.159104,0.0006831,0.0949454,0.4261918,0.2088608,1.0,9.661479683575521
98640.0,0.4798459,0.021766,0.1597526,0.1153037,0.8308293,0.028234,0.684297,0.0029225,0.0366872,0.0621115,0.0207964,0.6668145,0.3881846,0.0934974,0.6453488,10.499600568082863
7427.0,0.4556348,0.0029622,0.2006194,0.1634925,0.7719133,0.0534536,0.6237232,0.0036244,0.0405272,0.078348,0.001318,0.9983526,0.3565138,0.0632091,0.4722222,10.379752786950895
285.0,0.4736842,0.2596491,0.2070175,0.1533333,0.7859649,0.1333333,0.7628866,0.0,0.0,0.0934579,0.1958763,1.0,0.271028,0.125,1.0,10.150386692204734
230.0,0.4826087,0.0,0.173913,0.1596639,0.8478261,0.0,0.6704545,0.0227273,0.0568182,0.0927835,0.0,1.0,0.3402062,0.0,0.0,10.021315031649332
2127.0,0.4790785,0.1236483,0.145275,0.133574,0.8782323,0.0239774,0.7535484,0.0025806,0.0141935,0.1262683,0.1058065,0.9896774,0.3754228,0.0847458,0.4,10.073272520325904
8436.0,0.481982,0.0049787,0.113798,0.0755149,0.9058796,0.0144618,0.8087624,0.0025584,0.0198273,0.0567119,0.0047969,0.9948833,0.1864253,0.0464716,0.4936709,11.06665398721974
8835.0,0.5017544,0.2185625,0.006678,0.0111313,0.996944,0.0,0.9905458,0.0,0.001719,0.0110497,0.2428019,0.8925655,0.3773906,0.3110919,0.0,12.568981617474362
144.0,0.4583333,0.0,0.1944444,0.1282051,0.8680556,0.0,0.6724138,0.0,0.0,0.0793651,0.0,1.0,0.2857143,0.2307692,0.0,9.615805480084347
3690.0,0.4669377,0.0154472,0.2119241,0.1703101,0.8116531,0.0395664,0.6624246,0.0013396,0.0281313,0.1631166,0.0140656,0.9383791,0.3318386,0.1268191,0.7540984,10.038935856711177
4045.0,0.508529,0.002225,0.0595797,0.0618712,0.9065513,0.0024722,0.7815647,0.0085205,0.0426026,0.0479351,0.0023238,0.9147947,0.2330383,0.2191235,0.2,10.900454637442037
89.0,0.4719101,0.0,0.3258427,0.1702128,0.8988764,0.0,0.7692308,0.0,0.0,0.0714286,0.0,1.0,0.1666667,0.0,1.0,9.615805480084347
505.0,0.4594059,0.0,0.2277228,0.1721612,0.8594059,0.0,0.6834862,0.0,0.0091743,0.2430556,0.0,0.9862385,0.4409722,0.0487805,0.5714286,9.615805480084347
4279.0,0.4456649,0.5996728,0.1869596,0.1623103,0.845291,0.0200982,0.6791995,0.0018193,0.021225,0.071509,0.5476046,0.9945421,0.2798423,0.123431,0.5333333,10.34177474101152
374.0,0.486631,0.0,0.2513369,0.109375,0.9197861,0.0,0.8013245,0.0,0.0,0.2135417,0.0,1.0,0.4322917,0.1333333,0.5,10.308985993422082
189.0,0.5079365,0.0,0.1693122,0.0860215,0.9259259,0.0,0.7704918,0.0,0.0,0.460177,0.0,0.9836066,0.2389381,0.25,1.0,10.32551474894327
18243.0,0.4812805,0.0283945,0.1361618,0.0998626,0.8586307,0.0114016,0.7268156,0.0017749,0.0576838,0.0359333,0.0273628,0.9816595,0.1786682,0.0426872,0.5512821,12.238060533986511
23376.0,0.4688997,0.1202943,0.1703457,0.1324205,0.7856776,0.065024,0.6666293,0.0045928,0.0389829,0.0699104,0.1056346,0.994287,0.2719317,0.090784,0.625,10.211009016314167
6040.0,0.4701987,0.1870861,0.2039735,0.1596875,0.8135762,0.0278146,0.6598753,0.004158,0.043659,0.0753556,0.1580042,0.9742204,0.290273,0.084854,0.5384615,10.837637848711049
238.0,0.5168067,0.0,0.1260504,0.0695652,0.907563,0.0,0.7954545,0.0113636,0.0340909,0.0927835,0.0,1.0,0.3092784,0.0,0.6666667,9.680406499268875
5255.0,0.79353,0.2344434,0.0454805,0.0866359,0.3411989,0.6039962,0.7104946,0.0012063,0.053076,0.0568828,0.0012063,0.986731,0.3947668,0.1052632,0.6363636,10.354595018522993
30.0,0.5,0.0,0.4,0.0666667,0.9666667,0.0,0.9166667,0.0,0.0,0.3333333,0.0,1.0,0.3888889,0.0,0.0,9.615805480084347
5168.0,0.4833591,0.1130031,0.0922988,0.0775281,0.810178,0.0,0.6385981,0.0068275,0.0678198,0.0940206,0.0946746,0.983614,0.3913402,0.0622222,0.4230769,11.05407540279458
1292.0,0.4791022,0.001548,0.1021672,0.0861813,0.9349845,0.0,0.8446809,0.0021277,0.0148936,0.06,0.0021277,1.0,0.16,0.1125,0.75,10.568775236216993
50627.0,0.4894424,0.1807929,0.149762,0.1257351,0.7759101,0.0592174,0.6380155,0.0045056,0.0413923,0.0781414,0.1392781,0.9937614,0.3400885,0.0683025,0.5242291,10.268165387743457
2672.0,0.4932635,0.0011228,0.1987275,0.098966,0.818488,0.0033683,0.6643718,0.0068847,0.0619621,0.0467596,0.0017212,0.989673,0.4101723,0.062963,0.3636364,10.902297921958713
2525.0,0.4562376,0.0043564,0.1615842,0.1281865,0.8526733,0.030099,0.7200832,0.0010406,0.024974,0.0541339,0.0020812,0.9979188,0.2716535,0.0753425,0.4615385,10.85516473308054
59.0,0.4915254,0.0,0.1694915,0.1,0.8644068,0.0,0.72,0.0,0.04,0.3902439,0.0,1.0,0.2439024,0.0,0.25,9.770013301136158
1748.0,0.4336384,0.0,0.5308924,0.2292929,0.7488558,0.0,0.5994006,0.0,0.035964,0.5054348,0.0,0.988012,0.659585,0.0,0.49,12.102937429832547
32.0,0.46875,0.65625,0.25,0.1176471,0.875,0.0,0.7142857,0.0,0.0,0.0,0.7142857,1.0,0.5,0.0,0.0,9.615805480084347
316.0,0.4810127,0.9968354,0.1487342,0.152439,0.9398734,0.0,0.8235294,0.0,0.0098039,0.1355932,1.0,0.9901961,0.2542373,0.125,1.0,9.814710982145282
927.0,0.4681769,0.0010787,0.3710895,0.2352941,0.7583603,0.0593312,0.6029412,0.0,0.0147059,0.1013216,0.0,1.0,0.277533,0.0344828,0.8888889,9.615805480084347
69319.0,0.4830422,0.0323577,0.1412311,0.1036696,0.8919632,0.0221873,0.7916871,0.0013053,0.0274922,0.048772,0.0305923,0.9857236,0.1520972,0.0579636,0.4927114,11.700242855114809
3744.0,0.4909188,0.0016026,0.1233974,0.0771249,0.8581731,0.0,0.7057627,0.0040678,0.0508475,0.0520566,0.0020339,0.9932203,0.3708226,0.0714286,0.6470588,10.860939421415225
116.0,0.5,0.0,0.1810345,0.1551724,0.862069,0.0,0.7169811,0.0,0.0188679,0.1311475,0.0,0.9811321,0.3770492,0.0,1.0,9.61587214452889
5979.0,0.4703128,0.0018398,0.1764509,0.1357752,0.7753805,0.0133802,0.6013851,0.006541,0.0727203,0.1837312,0.0026933,0.9799923,0.3552136,0.0508772,0.372093,10.96476135554887
30093.0,0.4779849,0.0816137,0.1473765,0.1146477,0.8704018,0.0110657,0.7342458,0.0011942,0.0496969,0.0329573,0.0719272,0.9864046,0.2593053,0.0653203,0.3797468,11.799614544567753
1153.0,0.4908933,0.0026019,0.1630529,0.1567291,0.8334779,0.0,0.6218487,0.0063025,0.0147059,0.2347267,0.0063025,0.9978992,0.5948553,0.1272727,0.5555556,9.87822102528824
7036.0,0.4677374,0.2286811,0.2019613,0.1604806,0.8477828,0.0,0.6621067,0.000684,0.0270178,0.1263818,0.1983584,0.994528,0.3875112,0.084494,0.7608696,9.615805480084347
7573.0,0.4772217,0.1987323,0.1661165,0.0899217,0.8769312,0.0,0.7342269,0.0013076,0.0362864,0.0401632,0.1745669,0.9928081,0.1512394,0.0324149,0.4285714,11.252871529635922
71166.0,0.4840935,0.4220133,0.0869797,0.0845159,0.8164854,0.0394711,0.6738104,0.0064576,0.0634056,0.0682886,0.3935505,0.9379667,0.3934494,0.1276493,0.4085366,10.2328272702548
14757.0,0.4896659,0.0138917,0.1175713,0.090559,0.9068239,0.0100291,0.7943371,0.0061457,0.0320457,0.0298126,0.0122915,0.4916594,0.4454855,0.2506216,0.4,10.947309210188068
2778.0,0.4834413,0.0007199,0.1339093,0.1170732,0.9103672,0.0,0.7813411,0.0009718,0.0194363,0.0077146,0.0019436,0.9795918,0.1504339,0.0506329,0.0,11.038126355768453
3392.0,0.4949882,0.0038325,0.1394458,0.089317,0.9360259,0.0,0.8333333,0.0008913,0.0222816,0.0277296,0.0044563,0.9180036,0.2616984,0.1767068,0.0,11.362114203075018
3239.0,0.4692806,0.0024699,0.224452,0.1233275,0.8125965,0.0135844,0.6632727,0.0058182,0.0618182,0.0350877,0.0,0.9752727,0.4301754,0.0632911,0.1333333,10.859018228147887
13373.0,0.4918119,0.0032154,0.1439468,0.0919659,0.8535108,0.0044867,0.7061104,0.0038767,0.0465202,0.0763853,0.0014768,0.9970463,0.2424552,0.0541833,0.5409836,10.817796321618971
1059.0,0.490085,0.0028329,0.1199245,0.0888889,0.9017941,0.0,0.7709924,0.0025445,0.0229008,0.0620525,0.0025445,0.9974555,0.2410501,0.1052632,0.0,10.419330568113901
1687.0,0.4842916,0.0,0.1238886,0.108046,0.8956728,0.0,0.751938,0.0015504,0.020155,0.045858,0.0,1.0,0.2707101,0.0608108,0.6666667,10.090008612393838
1949.0,0.4679323,0.049256,0.1231401,0.0925747,0.509492,0.0,0.3084416,0.0008117,0.0722403,0.0874074,0.0405844,0.9732143,0.7740741,0.0055918,0.6666667,11.034905792929415
570.0,0.4859649,0.0,0.2070175,0.105802,0.8631579,0.0,0.6919831,0.0,0.021097,0.077821,0.0,0.9578059,0.3696498,0.0793651,1.0,10.542732775946709
86874.0,0.4890761,0.0223197,0.1038746,0.0657189,0.8067891,0.0065497,0.6536805,0.0031603,0.0865589,0.0446724,0.0203043,0.9807864,0.3297798,0.048929,0.1647059,11.893421422254848
748.0,0.4946524,0.0106952,0.0508021,0.0291005,0.9304813,0.0,0.8455598,0.003861,0.042471,0.0335821,0.007722,0.996139,0.1156716,0.0606061,0.0,11.641327474774709
1443.0,0.5003465,0.0554401,0.1081081,0.0707351,0.9341649,0.0,0.8266129,0.0,0.0181452,0.0882353,0.0423387,0.9717742,0.3253676,0.0714286,0.5,10.661977618146238
10347.0,0.4963758,0.0371122,0.0561515,0.0506621,0.6654103,0.0482265,0.5153094,0.0030402,0.1324647,0.0319529,0.0286645,0.9847991,0.5917595,0.0199301,0.1428571,11.013715451376466
2337.0,0.4304664,0.5537013,0.2344887,0.2299023,0.7821994,0.1009842,0.6807453,0.0012422,0.0149068,0.1381156,0.5068323,0.9888199,0.3276231,0.1967742,0.7857143,9.735128070758227
228.0,0.5,0.0,0.2017544,0.1052632,0.8070175,0.0,0.62,0.0,0.06,0.1803279,0.0,0.99,0.3852459,0.0731707,1.0,10.308985993422082
3830.0,0.4516971,0.0028721,0.213577,0.1866667,0.7744125,0.0856397,0.6718861,0.0042705,0.0434164,0.0422631,0.0007117,0.997153,0.2603954,0.0609524,0.5,10.633472802314019
353.0,0.4815864,0.0028329,0.0651558,0.0765027,0.9773371,0.0,0.9036145,0.0,0.0,0.0235294,0.0,0.9759036,0.3764706,0.0,0.0,9.615805480084347
50618.0,0.4793354,0.0218697,0.1488008,0.0959211,0.8840926,0.0166146,0.7702969,0.0048756,0.0341843,0.1681553,0.0182974,0.8938863,0.3530806,0.1360435,0.542948,11.131679686740132
480.0,0.4645833,0.375,0.1875,0.1673152,0.8708333,0.0,0.7,0.0052632,0.0263158,0.0865385,0.3789474,0.9894737,0.2115385,0.1372549,1.0,10.281958234245314
135.0,0.5407407,0.0,0.2148148,0.1451613,0.8222222,0.0,0.6129032,0.0,0.0,0.2151899,0.0,1.0,0.3417722,0.0,1.0,9.615805480084347
216.0,0.5185185,0.0,0.125,0.0961538,0.9259259,0.0,0.7948718,0.0,0.0,0.0487805,0.0,1.0,0.1097561,0.2142857,0.0,10.835671318412196
5624.0,0.4569701,0.0080014,0.2215505,0.1850033,0.7464438,0.0846373,0.6231178,0.003543,0.0358725,0.0572025,0.0039858,0.9982285,0.2939457,0.0426894,0.45,10.515993929932415
471.0,0.4394904,0.0,0.343949,0.2386364,0.8004246,0.1104034,0.753012,0.0,0.0060241,0.045977,0.0,1.0,0.2931034,0.0666667,0.0,10.332050506334692
3902.0,0.4794977,0.0069195,0.1601743,0.1088134,0.9062019,0.0012814,0.7862166,0.0049226,0.0288326,0.015917,0.0049226,0.9985935,0.1349481,0.0819672,0.4285714,11.267037714175425
1020.0,0.4529412,0.0,0.3107843,0.2060932,0.754902,0.0843137,0.6466513,0.0,0.0230947,0.1035197,0.0,0.9976905,0.3457557,0.0444444,1.0,10.069044362997353
1899.0,0.3464982,0.0273828,0.0384413,0.0193392,0.3981043,0.5318589,0.6925373,0.0029851,0.0746269,0.0317919,0.0089552,0.9761194,0.2369942,0.015748,1.0,11.732069026983156
52422.0,0.4969288,0.011045,0.0499599,0.0365539,0.9294762,0.0012209,0.8473829,0.0033981,0.0445928,0.0326971,0.0110886,0.9261953,0.1321146,0.1263757,0.1932773,12.424006650692137
937.0,0.4834578,0.0320171,0.1750267,0.142562,0.886873,0.0,0.7587131,0.0080429,0.0294906,0.0990338,0.0455764,0.9946381,0.3550725,0.1052632,0.5,10.025749432069084
15283.0,0.4749722,0.6937774,0.0797618,0.0705384,0.8723418,0.0102074,0.7166498,0.0066599,0.0524723,0.1320722,0.6847629,0.7251261,0.7663339,0.1633926,0.6296296,10.61890979160975
376.0,0.4973404,0.0,0.1595745,0.0952381,0.8909574,0.0,0.7248322,0.0,0.0,0.1337209,0.0,1.0,0.3255814,0.04,0.3333333,9.913487387114461
4778.0,0.4539556,0.0094182,0.1220176,0.099655,0.8013813,0.0048137,0.6277303,0.0009497,0.0565052,0.0551817,0.0061728,0.9976258,0.2817407,0.0321812,0.1785714,11.097425172408931
20261.0,0.4933616,0.0484181,0.0656434,0.0536775,0.8903805,0.0083411,0.7912782,0.0038732,0.0618276,0.0368886,0.042892,0.9896715,0.0831721,0.1131474,0.2898551,11.638685488579059
87.0,0.3678161,0.0,0.3333333,0.1636364,0.8735632,0.0,0.7027027,0.0,0.0,0.097561,0.0,1.0,0.195122,0.0,0.5,9.615805480084347
199.0,0.5125628,0.0,0.2160804,0.0927835,0.8944724,0.0,0.7631579,0.0131579,0.0263158,0.0617284,0.0,1.0,0.1728395,0.0,1.0,10.060534035475412
20403.0,0.4891438,0.0035289,0.102926,0.0790559,0.8587463,0.0137725,0.7229799,0.004246,0.0455481,0.0282571,0.0037313,0.9943387,0.2858215,0.0464094,0.2424242,10.821796246953596
8037.0,0.4916013,0.0582307,0.0878437,0.0621635,0.7066069,0.0216499,0.5278501,0.0023425,0.0848516,0.1033839,0.0484123,0.9924518,0.5124854,0.0246103,0.1785714,10.805699643800724
746.0,0.502681,0.0013405,0.1648794,0.1374663,0.8270777,0.0,0.6195286,0.010101,0.030303,0.0480769,0.0,1.0,0.2852564,0.0666667,1.0,10.308985993422082
950.0,0.4778947,0.0,0.2263158,0.1532258,0.8431579,0.0,0.6666667,0.004902,0.0245098,0.0727273,0.0,1.0,0.1977273,0.0549451,0.75,9.989711119284745
1219.0,0.5168171,0.002461,0.0779327,0.0424448,0.9310911,0.0,0.8396437,0.0022272,0.0200445,0.1055777,0.0044543,0.9977728,0.1135458,0.027027,0.5555556,11.35159406537374
183.0,0.4262295,0.1967213,0.1857923,0.1904762,0.8087432,0.0,0.5657895,0.0,0.0263158,0.1648352,0.2105263,1.0,0.4725275,0.2083333,0.0,9.770013301136158
3345.0,0.4618834,0.0038864,0.2379671,0.1594444,0.8373692,0.0,0.6693933,0.0027267,0.0299932,0.0510996,0.0047716,0.9972733,0.2645537,0.0313808,0.4545455,10.606609816118151
5801.0,0.4750905,0.0110326,0.1803137,0.1339901,0.8026202,0.0110326,0.6299879,0.0068521,0.0515921,0.0602273,0.0120919,0.9947602,0.3579545,0.0517241,0.4761905,10.555838779903407
43.0,0.6046512,0.0465116,0.0,0.0,0.9302326,0.0,0.9166667,0.0,0.0833333,0.7,0.0,1.0,0.55,0.2,1.0,11.063524143191238
9494.0,0.4797767,0.0,0.1562039,0.1251265,0.8591742,0.0181167,0.7128248,0.0022112,0.0295744,0.0831221,0.0,0.989497,0.2739483,0.1070764,0.6041667,9.952325334619427
1430.0,0.451049,0.1601399,0.1405594,0.122293,0.8559441,0.0,0.6882662,0.0087566,0.0297723,0.1452096,0.1313485,0.9964974,0.3248503,0.0854701,0.375,10.545367754151743
924.0,0.4621212,0.0,0.2467532,0.22334,0.7510823,0.0833333,0.6149584,0.0027701,0.0304709,0.05,0.0,0.9972299,0.3289474,0.0887097,0.3333333,10.102379394048045
469.0,0.5095949,0.0,0.1108742,0.0913043,0.9253731,0.0,0.8060606,0.0,0.0181818,0.0294118,0.0,0.9939394,0.1352941,0.2105263,1.0,10.401258331428318
2977.0,0.4333221,0.3137387,0.213302,0.1914641,0.7440376,0.0906953,0.6241197,0.0026408,0.0536972,0.0665571,0.2834507,0.9947183,0.3171734,0.0767754,0.35,10.87806606028079
5769.0,0.4721789,0.2357428,0.1097244,0.1041051,0.8632345,0.0305079,0.7536164,0.0013999,0.0354643,0.0678556,0.2239851,0.9944004,0.3684211,0.0856844,0.4782609,10.92415631759022
2422.0,0.4863749,0.0094963,0.1490504,0.062701,0.8914121,0.0,0.7672414,0.0053879,0.0398707,0.597746,0.0075431,0.9396552,0.4035544,0.1181102,0.44,10.983613347424248
2369.0,0.4757282,0.0037991,0.1671591,0.1231884,0.8670325,0.0,0.7070815,0.0042918,0.0332618,0.0251046,0.0042918,0.9967811,0.1830544,0.0240964,0.5,11.243751064074187
601.0,0.4908486,0.0,0.3094842,0.0947712,0.8885191,0.0,0.7824427,0.0076336,0.0305344,0.4072398,0.0,0.9961832,0.6561086,0.0555556,0.75,10.295563423525277
728.0,0.4519231,0.5906593,0.1277473,0.1353383,0.8461538,0.0,0.6568266,0.0184502,0.0369004,0.1085526,0.5719557,0.99631,0.3322368,0.1743119,0.6666667,9.99884318585288
8427.0,0.4830901,0.0315652,0.1505874,0.098944,0.760769,0.0,0.5615825,0.0009953,0.0587211,0.0510035,0.0360786,0.9942772,0.3829988,0.005893,0.6190476,11.426288563310505
266.0,0.5714286,0.0,0.1315789,0.0701754,0.7067669,0.1954887,0.7205882,0.0294118,0.0588235,0.3928571,0.0,1.0,0.1875,0.3846154,0.6666667,10.292179440058462
1424.0,0.4613764,0.4908708,0.1650281,0.178618,0.8679775,0.0119382,0.6966912,0.0018382,0.0091912,0.1392405,0.4246324,0.9981618,0.2990506,0.1223022,0.5384615,9.648659816955295
246.0,0.4756098,0.0,0.3780488,0.2325581,0.7439024,0.0,0.546875,0.0,0.0390625,0.1111111,0.0,1.0,0.4652778,0.0212766,0.0,10.021315031649332
4088.0,0.4713796,0.0817025,0.1736791,0.1332716,0.8600783,0.0097847,0.7170851,0.0042866,0.0312309,0.0625718,0.0759339,0.9932639,0.3122847,0.0879346,0.5333333,10.689692377847104
5819.0,0.4636535,0.3516068,0.1345592,0.1252804,0.8908747,0.0163258,0.755814,0.0014535,0.0111434,0.0690122,0.2906977,0.9956395,0.2381597,0.1367837,0.625,10.373522431293592
1835.0,0.453951,0.0032698,0.2326975,0.1716567,0.8081744,0.0,0.631829,0.0023753,0.0475059,0.1155462,0.0011876,0.95962,0.3361345,0.0372671,0.3333333,11.49273296168228
708.0,0.4830508,0.0014124,0.2485876,0.1885246,0.8022599,0.0621469,0.6847826,0.0036232,0.0253623,0.1096774,0.0,1.0,0.1903226,0.0952381,0.5,9.735128070758227
2199.0,0.4488404,0.0659391,0.2346521,0.2037954,0.8194634,0.0595725,0.704729,0.0011534,0.0103806,0.1034126,0.0657439,0.9930796,0.2668046,0.0849421,0.75,10.236417809461043
1616.0,0.487005,0.9795792,0.042698,0.0470446,0.9393564,0.0,0.7975904,0.0024096,0.0240964,0.028103,0.9783133,0.973494,0.5971897,0.3762136,0.0,10.893047333337728
1448.0,0.4696133,0.0,0.2099448,0.1705729,0.8736188,0.0138122,0.7379768,0.0,0.0082919,0.1184211,0.0,1.0,0.3274854,0.0671642,0.3846154,10.012386799492118
7437.0,0.5401372,0.0002689,0.0268926,0.0102339,0.9542826,0.0383219,0.9526731,0.0,0.0008764,0.1433934,0.0,0.9789658,0.2124625,0.5448799,0.0,11.574029971623514
549.0,0.4845173,0.0018215,0.1165756,0.04947,0.9198543,0.0,0.7959184,0.0,0.0204082,0.0344828,0.0,1.0,0.1773399,0.0930233,1.0,10.425282789490705
206.0,0.5145631,0.0194175,0.1699029,0.17,0.815534,0.0,0.6629213,0.011236,0.0561798,0.0729167,0.011236,1.0,0.4479167,0.0588235,1.0,9.686636660844938
1552.0,0.4677835,0.0,0.2673969,0.1937046,0.7770619,0.0444588,0.6149068,0.0015528,0.0403727,0.0707071,0.0,0.9968944,0.2438672,0.0300752,0.6363636,10.43708198835482
6258.0,0.6081815,0.0722275,0.0580058,0.0546493,0.6295941,0.3187919,0.8144404,0.0057762,0.033213,0.1381456,0.0259928,0.765343,0.4169259,0.2283737,0.1578947,10.981914140544825
358.0,0.4860335,0.0,0.1927374,0.1576087,0.877095,0.0,0.7238806,0.0074627,0.0223881,0.1625,0.0,0.9477612,0.28125,0.1111111,1.0,9.966509298952284
122.0,0.4918033,0.0,0.1311475,0.0645161,0.9344262,0.0,0.826087,0.0,0.0,0.08,0.0,1.0,0.18,0.0,0.0,9.820160289946374
434.0,0.5046083,0.0207373,0.1382488,0.1348837,0.9032258,0.0,0.7654321,0.0,0.0185185,0.0847458,0.0061728,1.0,0.2711864,0.0,1.0,9.615805480084347
1387.0,0.4787311,0.0072098,0.1427541,0.1272476,0.8543619,0.0,0.6610169,0.0018832,0.0301318,0.0749129,0.0112994,0.9887006,0.2874564,0.1122449,0.5714286,10.413342705547674
3284.0,0.4972594,0.0063946,0.0867844,0.0732889,0.9348356,0.0,0.83213,0.0018051,0.0198556,0.1057304,0.0081227,0.9539711,0.3212268,0.2147651,0.6666667,10.751520856703959
47217.0,0.489167,0.0385454,0.0895864,0.0706053,0.8459453,0.0066501,0.7122913,0.0060312,0.0806947,0.0996531,0.0309376,0.9166248,0.3856906,0.0716876,0.2781955,11.237185138527495
210.0,0.5428571,0.0047619,0.1095238,0.0625,0.5761905,0.1714286,0.505618,0.0337079,0.0561798,0.2704918,0.011236,0.9662921,0.4590164,0.0540541,0.3333333,11.260623406285792
617.0,0.4667747,0.0,0.1685575,0.1367781,0.8573744,0.0,0.703125,0.0078125,0.03125,0.1080139,0.0,0.9960938,0.2473868,0.1060606,0.7142857,10.288783966353765
21129.0,0.5017748,0.0216764,0.1163803,0.0876793,0.8246486,0.0340764,0.6918123,0.0057826,0.0536207,0.0785905,0.0187935,0.8751479,0.3842335,0.1252115,0.5123967,10.488520429241627
52.0,0.4423077,0.0,0.1538462,0.1724138,0.8653846,0.0,0.6818182,0.0,0.0,0.2413793,0.0,1.0,0.4827586,0.0,0.0,9.65509029374725
81.0,0.5185185,0.0,0.2716049,0.1025641,0.8271605,0.0,0.6,0.0,0.0,0.1860465,0.0,1.0,0.1627907,0.0,1.0,9.615805480084347
493.0,0.4807302,0.0,0.2900609,0.1601562,0.8640974,0.0,0.708134,0.0,0.0287081,0.0913043,0.0,1.0,0.1869565,0.09375,0.5,9.615805480084347
6406.0,0.4537933,0.0440212,0.1615673,0.1357531,0.8424914,0.0497971,0.7400166,0.0024958,0.0228785,0.0360866,0.0395175,0.9983361,0.2277466,0.0733533,0.5625,10.39516093745751
166.0,0.5,0.0,0.1686747,0.0843373,0.8975904,0.0,0.7538462,0.0,0.0153846,0.0714286,0.0,1.0,0.1714286,0.0,0.0,9.615805480084347
5359.0,0.5012129,0.0054115,0.0779996,0.0534979,0.9283448,0.0014928,0.8291241,0.001612,0.027942,0.0287056,0.0042988,0.9962386,0.1127349,0.0471014,0.1818182,11.110969193687714
4230.0,0.4893617,0.0044917,0.1146572,0.0824074,0.8907801,0.013948,0.7886067,0.0027454,0.0535347,0.0587855,0.0034317,0.9807824,0.1382429,0.0735931,0.1071429,11.806348526363516
3103.0,0.4811473,0.0,0.0799227,0.0652174,0.9213664,0.0,0.8087432,0.0018215,0.0255009,0.0526316,0.0,0.996357,0.1492666,0.0720339,0.5714286,10.985309671896763
84387.0,0.4715655,0.0108311,0.1869482,0.1347297,0.8632728,0.006245,0.7128657,0.0015927,0.0322086,0.0265024,0.0113851,0.9960772,0.2502369,0.0373509,0.4057971,10.96648993456911
101484.0,0.4842537,0.0582555,0.0528655,0.0567444,0.8934512,0.0068385,0.7692715,0.0052711,0.0400491,0.0864946,0.0588465,0.9315038,0.3012917,0.0956887,0.4813864,10.876177521259402
1618.0,0.4901112,0.0055624,0.1965389,0.0824242,0.9202719,0.0,0.8186047,0.0,0.0170543,0.0182648,0.0062016,0.9953488,0.0380518,0.1052632,0.0,11.298506245754995
4621.0,0.4708937,0.0002164,0.1722571,0.1386503,0.8615018,0.0214239,0.7283205,0.0010977,0.0225027,0.027229,0.0,0.9983535,0.2717565,0.0480929,0.4166667,10.83370091325064
184.0,0.4565217,0.0,0.2934783,0.12,0.8695652,0.0,0.7051282,0.0,0.0128205,0.3157895,0.0,0.5897436,0.4824561,0.1,1.0,9.615805480084347
4541.0,0.4864567,0.159216,0.1460031,0.1269297,0.8542171,0.0167364,0.698964,0.0024375,0.0383912,0.1385827,0.1511274,0.8348568,0.4272966,0.1516854,0.8108108,10.413342705547674
2237.0,0.47519,0.0013411,0.2105498,0.1882453,0.7970496,0.0469379,0.6431054,0.0023175,0.0312862,0.0650054,0.0,0.9455388,0.2665222,0.0877863,0.7727273,10.122663242288953
118.0,0.4661017,0.0,0.2542373,0.2222222,0.8728814,0.0,0.7169811,0.0,0.0,0.1846154,0.0,1.0,0.2461538,0.0,1.0,10.094149233605084
58012.0,0.4895022,0.0511101,0.1003241,0.081479,0.8645108,0.0041888,0.707452,0.0027654,0.0551135,0.0876416,0.0515719,0.2792063,0.700779,0.1411385,0.5765472,11.591745887495987
1546.0,0.4857697,0.0012937,0.2011643,0.1144654,0.7904269,0.0239327,0.6385185,0.0088889,0.0459259,0.1267788,0.0014815,0.9762963,0.5239327,0.0818505,0.6666667,10.793454842740767
2544.0,0.4654088,0.0,0.2240566,0.1617647,0.8022799,0.0412736,0.6575342,0.0048924,0.0381605,0.0331126,0.0,0.9657534,0.3964049,0.0702179,0.6,10.825780236605917
146.0,0.5,0.0,0.1780822,0.1643836,0.869863,0.0,0.7090909,0.0,0.0363636,0.0350877,0.0,1.0,0.2807018,0.3076923,1.0,9.69898173460629
365.0,0.5205479,0.0,0.0684932,0.0342857,0.8657534,0.0,0.7,0.0,0.05,0.2,0.0,1.0,0.5028571,0.0571429,0.0,11.272139700982676
1367.0,0.4952451,0.0395026,0.049744,0.0507246,0.9217264,0.0,0.8272138,0.0107991,0.0431965,0.0414079,0.0345572,0.9762419,0.1035197,0.1621622,0.625,10.783135046711445
249.0,0.5100402,0.37751,0.1967871,0.1311475,0.8835341,0.0,0.7227723,0.0,0.009901,0.192,0.3366337,1.0,0.288,0.1904762,1.0,9.615805480084347
949.0,0.4678609,0.0010537,0.1359326,0.1267327,0.9041096,0.0,0.7650273,0.0,0.0136612,0.085,0.0027322,1.0,0.39,0.1008403,0.0,9.898525260706313
1283.0,0.4707716,0.0,0.2049883,0.1929308,0.8183944,0.0366329,0.6619718,0.0060362,0.0241449,0.0478927,0.0,1.0,0.1992337,0.0697674,0.5,10.69650269224425
323.0,0.4829721,0.0,0.3034056,0.1916168,0.8142415,0.0,0.615894,0.0066225,0.0066225,0.0621118,0.0,1.0,0.242236,0.0769231,0.5,9.615805480084347
3443.0,0.4949172,0.0031949,0.1388324,0.1276596,0.8237003,0.0383387,0.675059,0.0055075,0.0369788,0.0749636,0.0039339,0.8756884,0.5029112,0.1359223,0.3571429,10.526775414924009
128.0,0.5,0.0,0.34375,0.125,0.875,0.0,0.7457627,0.0,0.0169492,0.1060606,0.0,1.0,0.2121212,0.1428571,1.0,9.615805480084347
2271.0,0.4588287,0.0427125,0.1880229,0.1350692,0.8705416,0.003963,0.7283058,0.0030992,0.0196281,0.0387289,0.0382231,0.9958678,0.3356504,0.0753425,0.5,10.468829770273567
51.0,0.5098039,0.0,0.4509804,0.24,0.7647059,0.0,0.5769231,0.0,0.0384615,0.4347826,0.0,1.0,0.3913043,0.0,1.0,9.615805480084347
524.0,0.480916,0.0,0.2824427,0.1654412,0.8473282,0.0,0.6711712,0.0045045,0.018018,0.2183099,0.0,0.990991,0.3485915,0.0847458,0.8,10.2328272702548
606.0,0.4884488,0.0,0.1320132,0.1064516,0.9158416,0.0,0.7918552,0.0,0.0226244,0.1124498,0.0,0.9683258,0.2891566,0.0540541,0.6666667,9.913487387114461
5010.0,0.4954092,0.0053892,0.0838323,0.0573576,0.9409182,0.0001996,0.8686275,0.0039216,0.0424837,0.017341,0.0058824,0.9660131,0.1689146,0.1910828,0.375,12.374553020250227
188.0,0.537234,0.0,0.1968085,0.1034483,0.8617021,0.0,0.7,0.0,0.025,0.1578947,0.0,1.0,0.2421053,0.1428571,1.0,9.615805480084347
112.0,0.4732143,0.9732143,0.1517857,0.1186441,0.9553571,0.0,0.8333333,0.0,0.0,0.0,0.9666667,1.0,0.1666667,1.0,0.0,9.615805480084347
3392.0,0.4705189,0.0173939,0.1117335,0.0796214,0.9369104,0.0,0.8455285,0.0018067,0.028907,0.020354,0.0162602,0.9945799,0.0761062,0.0869565,0.1538462,11.424105180165641
9738.0,0.4912713,0.0248511,0.0997125,0.077715,0.9163072,0.0025673,0.7962729,0.0075805,0.032849,0.0613697,0.0233733,0.9068225,0.4322562,0.2019749,0.5294118,10.729875458480967
991.0,0.5146317,0.0413724,0.0686176,0.0623701,0.9535822,0.0,0.8813056,0.0,0.0178042,0.0058997,0.0385757,1.0,0.0147493,0.4444444,0.0,11.231901180182515
3033.0,0.4777448,0.0197824,0.170788,0.1161616,0.8658094,0.0323112,0.7768166,0.0051903,0.033737,0.0186757,0.0129758,0.9956747,0.1561969,0.0597015,0.125,10.819798284210286
279.0,0.437276,0.0,0.3512545,0.2929936,0.6594982,0.0143369,0.4683544,0.0,0.0253165,0.1173184,0.0,1.0,0.4189944,0.0294118,0.6666667,10.39821428171237
348.0,0.433908,0.6091954,0.1350575,0.142132,0.8362069,0.0,0.6402878,0.0143885,0.0503597,0.0733333,0.5611511,1.0,0.36,0.0909091,0.5,9.674137279312397
1178.0,0.4770798,0.0,0.1400679,0.1022727,0.893039,0.0,0.7438753,0.0,0.0244989,0.0426439,0.0,0.9955457,0.2515991,0.1276596,0.2222222,10.392098241730961
111.0,0.5135135,0.0,0.2072072,0.0740741,0.9099099,0.0,0.7727273,0.0,0.0,0.1020408,0.0,1.0,0.3673469,0.0,0.0,9.615805480084347
400.0,0.48,0.0125,0.1275,0.0576923,0.9225,0.0,0.8311688,0.0,0.0324675,0.0375,0.0064935,0.9935065,0.0,0.25,0.2,11.681832447342321
1002.0,0.4221557,0.001996,0.253493,0.2452504,0.7964072,0.0129741,0.5978261,0.0021739,0.0130435,0.0707071,0.0043478,1.0,0.3858586,0.047619,0.0,9.937937287265354
1096.0,0.5392336,0.0027372,0.0729927,0.0732673,0.7399635,0.0,0.5780347,0.0096339,0.1040462,0.1435644,0.0019268,0.9768786,0.4966997,0.052381,0.8,10.961295207644392
1668.0,0.4658273,0.0131894,0.2673861,0.1245791,0.8315348,0.0179856,0.6899004,0.0056899,0.0412518,0.2848423,0.0113798,0.997155,0.1841302,0.0645161,0.8148148,11.748005492256807
713.0,0.4670407,0.0,0.1472651,0.1263158,0.9004208,0.0,0.7593985,0.0037594,0.0225564,0.1103679,0.0,1.0,0.2073579,0.12,1.0,9.888424674859083
284.0,0.471831,0.7535211,0.1866197,0.1533333,0.9014085,0.0,0.7307692,0.0,0.0,0.2,0.6923077,1.0,0.3461538,0.16,0.0,9.615805480084347
958.0,0.4947808,0.0031315,0.1628392,0.142562,0.8371608,0.0292276,0.7057221,0.0054496,0.0463215,0.0755668,0.0027248,0.9972752,0.1738035,0.0909091,0.3333333,10.785207543360087
11041.0,0.4829273,0.0302509,0.1284304,0.0993169,0.8872385,0.0034417,0.7446701,0.0025381,0.0418782,0.0247525,0.030203,0.9893401,0.2586634,0.0473313,0.4444444,11.697752214480175
540.0,0.4740741,0.0055556,0.2037037,0.1443662,0.8962963,0.0,0.7534884,0.0,0.0139535,0.0271493,0.0,0.9953488,0.1131222,0.047619,1.0,10.281958234245314
18074.0,0.4760429,0.0499059,0.1573531,0.1243928,0.8693704,0.0188669,0.7386985,0.0038871,0.0236107,0.0877331,0.0512525,0.9883386,0.2741003,0.1083845,0.5828571,10.413342705547674
275.0,0.4727273,0.0,0.2327273,0.137931,0.8509091,0.0,0.6779661,0.0,0.0254237,0.0634921,0.0,0.9830508,0.3333333,0.04,0.0,10.524090921620362
8287.0,0.4690479,0.0044648,0.1795583,0.1311364,0.8288886,0.0270303,0.6776658,0.0024442,0.0360526,0.0854987,0.0042774,0.9963336,0.3478625,0.0838509,0.6666667,10.275085591132715
52902.0,0.4949907,0.0168803,0.0834373,0.0604507,0.8644853,0.0297909,0.7736072,0.0078784,0.0637591,0.0276334,0.0081035,0.9320765,0.2842681,0.1421792,0.1986755,11.711784520403112
1329.0,0.4853273,0.0105342,0.1264108,0.1038012,0.8705794,0.0,0.7082569,0.0018349,0.0183486,0.0961857,0.0110092,0.9981651,0.4129353,0.0484581,0.6,10.703266939811954
2206.0,0.467815,0.0,0.2157752,0.1780239,0.8490481,0.011786,0.6692825,0.0011211,0.0112108,0.0718002,0.0,1.0,0.2570239,0.0661479,0.9166667,10.007892611890918
5448.0,0.4851322,0.0038546,0.0967327,0.0734403,0.9214391,0.0,0.7890995,0.0047393,0.0278436,0.0343249,0.0059242,0.5669431,0.4679634,0.2145594,0.7142857,10.968215530759236
322.0,0.515528,0.0,0.0931677,0.0384615,0.8913043,0.0,0.745283,0.0188679,0.0377358,0.1311475,0.0,1.0,0.2704918,0.05,1.0,9.898525260706313
17882.0,0.4888156,0.0031876,0.0989263,0.0670605,0.9359691,0.0227044,0.884896,0.0018242,0.0142284,0.0134965,0.0025538,0.9923386,0.1185892,0.1074919,0.0967742,11.11395422597838
3321.0,0.4522734,0.0069256,0.1445348,0.095657,0.7774767,0.0298103,0.6143746,0.0027643,0.0504492,0.0536298,0.0062198,0.9937802,0.3440157,0.0235849,0.3636364,11.063524143191238
382.0,0.460733,0.0,0.1701571,0.0970874,0.8979058,0.0,0.7666667,0.0066667,0.02,0.068323,0.0,0.9933333,0.1925466,0.0,0.0,10.030164255362632
1049.0,0.4661582,0.2354623,0.1401335,0.1267857,0.884652,0.0076263,0.7487047,0.0051813,0.0336788,0.1126437,0.2020725,1.0,0.3862069,0.1162791,0.6666667,9.75272280064639
68.0,0.5,0.0,0.2941176,0.2058824,0.7794118,0.0,0.5625,0.0,0.03125,0.2195122,0.0,1.0,0.2195122,0.0,0.0,9.615805480084347
936.0,0.4668803,0.3376068,0.150641,0.1543086,0.8739316,0.0,0.6905444,0.0,0.0229226,0.1005155,0.3037249,0.9426934,0.4226804,0.1384615,0.75,10.130662964963708
174.0,0.4770115,0.0,0.1724138,0.0989011,0.9022989,0.0,0.761194,0.0,0.0149254,0.1927711,0.0,0.7910448,0.3614458,0.0769231,0.6666667,9.635673464721814
536.0,0.4514925,0.5615672,0.1119403,0.1190476,0.9309701,0.0,0.7976879,0.0,0.0115607,0.0894737,0.4855491,0.9942197,0.3157895,0.173913,0.75,9.62911649414402
145.0,0.4482759,0.0,0.2689655,0.1625,0.8206897,0.0,0.7118644,0.0338983,0.0508475,0.078125,0.0,0.9830508,0.296875,0.1428571,1.0,9.952325334619427
3522.0,0.4858035,0.0494037,0.0954003,0.070127,0.9244747,0.0,0.820907,0.0015373,0.0215219,0.0247376,0.0392006,0.9976941,0.2046477,0.0625,0.4444444,10.742918838113225
565.0,0.4672566,0.0159292,0.1840708,0.1594684,0.8176991,0.0,0.645283,0.0037736,0.0301887,0.0467626,0.0113208,0.9849057,0.1294964,0.0,0.4,11.296024885689746
8198.0,0.4497438,0.6972432,0.1379605,0.1332299,0.8438644,0.0203708,0.6938363,0.0016841,0.0515325,0.0341574,0.6571236,0.990906,0.3633702,0.1321839,0.6666667,10.382853468483827
258.0,0.5232558,0.7829457,0.1434109,0.1707317,0.8837209,0.0,0.7204301,0.0,0.0215054,0.07,0.7096774,1.0,0.48,0.1052632,1.0,10.077482875583607
1250.0,0.4952,0.0,0.1016,0.0935024,0.896,0.0,0.7433036,0.0022321,0.03125,0.0386266,0.0,0.9821429,0.2446352,0.0846154,1.0,10.591647316585027
96.0,0.4270833,0.0,0.2395833,0.1818182,0.8645833,0.0,0.6486486,0.0,0.0,0.244898,0.0,1.0,0.1632653,0.0,0.8333333,9.615805480084347
45.0,0.4666667,0.0,0.1555556,0.125,0.9555556,0.0,0.8823529,0.0,0.0,0.1052632,0.0,1.0,0.4210526,0.0,0.0,9.69898173460629
1943.0,0.4966547,0.0195574,0.1096243,0.0869121,0.9315492,0.0,0.8261516,0.0059435,0.0163447,0.0260492,0.0208024,0.9717682,0.0969609,0.122807,1.0,11.086762629082946
1305.0,0.491954,0.0475096,0.1501916,0.1266968,0.6720307,0.1977011,0.6550976,0.0,0.021692,0.1556777,0.0,1.0,0.3168498,0.0520231,0.8,10.933124826700707
140.0,0.4928571,0.0,0.2071429,0.1690141,0.8357143,0.0,0.6349206,0.0,0.0,0.2588235,0.0,1.0,0.2823529,0.0,0.75,9.615805480084347
1278.0,0.4757433,0.0,0.1784038,0.1432836,0.8920188,0.0,0.7371663,0.0020534,0.0184805,0.0931099,0.0,1.0,0.1899441,0.096,1.0,9.76428295481558
1167.0,0.4910026,0.0,0.0565553,0.0353535,0.9631534,0.0,0.8789809,0.0,0.0159236,0.0125786,0.0,0.9904459,0.1603774,0.1428571,0.0,10.969938154395841
2778.0,0.4607631,0.0057595,0.2077034,0.1715621,0.74946,0.1609071,0.7207547,0.0025157,0.027673,0.0148699,0.0025157,0.8691824,0.3258984,0.1344538,1.0,10.687411927154141
5791.0,0.4919703,0.0110516,0.126403,0.0978926,0.8570195,0.004317,0.7008664,0.0072959,0.0478796,0.0975309,0.0123119,0.8417693,0.4452675,0.1452736,0.0357143,11.215879689565481
1277.0,0.4549726,0.0007831,0.2396241,0.1163793,0.8700078,0.0532498,0.7938596,0.0,0.0087719,0.0655738,0.0,0.9868421,0.2028689,0.1584158,0.0,10.354595018522993
32387.0,0.488375,0.2849291,0.1285084,0.1128546,0.8059715,0.0356625,0.6625134,0.0057761,0.0689001,0.1239699,0.2357455,0.9604753,0.4126066,0.1076487,0.4630872,10.74507628970625
122.0,0.4836066,0.0,0.1967213,0.1746032,0.8442623,0.0081967,0.6792453,0.0,0.0188679,0.4903846,0.0,1.0,0.5961538,0.0714286,0.7142857,10.034559673629849
260.0,0.4692308,0.0,0.1961538,0.1086957,0.9,0.0,0.744898,0.0,0.0102041,0.0666667,0.0,1.0,0.152381,0.2380952,1.0,10.118639253920785
54923.0,0.4935455,0.0380169,0.1200226,0.0797742,0.8740236,0.0163866,0.7442693,0.0037341,0.0437714,0.1501609,0.0386371,0.7309926,0.4783816,0.1469669,0.2755418,10.862856930775358
2186.0,0.4935956,0.0018298,0.1770357,0.0831075,0.9053065,0.0,0.7843666,0.0107817,0.0431267,0.049936,0.0013477,0.9177898,0.3418694,0.1439394,0.75,11.346882686945893
3470.0,0.481268,0.0948127,0.1927954,0.0872222,0.8371758,0.0014409,0.6965649,0.0025445,0.0470738,0.4794702,0.0661578,0.9968193,0.5639073,0.0255906,0.4528302,11.13751903414526
1664.0,0.5084135,0.0,0.1015625,0.0635697,0.9134615,0.0,0.7975986,0.0085763,0.0308748,0.24677,0.0,0.9914237,0.4444444,0.1170213,0.7692308,9.994287576862567
346.0,0.4364162,0.0057803,0.1763006,0.1641026,0.8208092,0.0,0.6466667,0.0,0.0466667,0.0196078,0.0066667,1.0,0.2679739,0.075,0.0,10.081675578048475
13989.0,0.4687254,0.0376725,0.1883623,0.1385899,0.8330117,0.0065766,0.6571125,0.0033616,0.042109,0.0504032,0.0309625,0.8917197,0.2239583,0.0927419,0.5777778,10.354595018522993
235.0,0.5106383,0.0297872,0.1574468,0.1043478,0.8680851,0.0,0.712766,0.0,0.0425532,0.1214953,0.0319149,1.0,0.4579439,0.2222222,0.0,9.661479683575521
279.0,0.4874552,0.0,0.1469534,0.1188811,0.9103943,0.0,0.787037,0.0,0.0185185,0.1,0.0,0.9907407,0.2916667,0.0526316,0.6666667,9.923339198238729
1047.0,0.4718243,0.0038204,0.1413563,0.1356239,0.8853868,0.0,0.736211,0.0,0.0239808,0.0875274,0.0,1.0,0.2363239,0.1558442,0.5,10.691967639914864
109.0,0.4678899,0.0091743,0.1834862,0.1034483,0.8990826,0.0,0.7555556,0.0,0.0,0.0816327,0.0,1.0,0.122449,0.1666667,0.6666667,10.827766295132466
3312.0,0.482186,0.0012077,0.4148551,0.16793,0.8318237,0.0,0.6827815,0.005298,0.0370861,0.0638562,0.0013245,0.9304636,0.4135152,0.2009804,0.6666667,10.96476135554887
326.0,0.4723926,0.0,0.3159509,0.2267442,0.797546,0.0,0.5769231,0.0,0.0,0.1333333,0.0,1.0,0.3277778,0.0277778,0.9,9.615805480084347
3183.0,0.4743952,0.0009425,0.1313227,0.0962343,0.8975809,0.00377,0.7540843,0.0025795,0.0206363,0.0226891,0.0008598,0.9879622,0.2714286,0.068323,0.1111111,10.751520856703959
480.0,0.48125,0.0,0.2083333,0.1405622,0.8625,0.0,0.6907216,0.0,0.0309278,0.0490196,0.0,1.0,0.3137255,0.1190476,1.0,9.65509029374725
1100.0,0.4690909,0.0181818,0.1854545,0.114726,0.8772727,0.0,0.7309524,0.0047619,0.0357143,0.342723,0.0142857,0.9904762,0.1611894,0.0769231,0.4285714,11.979178318844294
92.0,0.423913,0.0,0.1521739,0.1132075,0.8804348,0.0,0.7105263,0.0,0.0,0.1914894,0.0,0.9736842,0.4255319,0.1111111,1.0,9.615805480084347
685.0,0.4934307,0.0116788,0.0656934,0.0806916,0.7576642,0.0072993,0.5666667,0.02,0.0833333,0.044586,0.0033333,0.9833333,0.5700637,0.0833333,0.75,10.819798284210286
379.0,0.474934,0.0,0.1978892,0.1055276,0.8944591,0.0,0.7548387,0.0,0.0129032,0.0882353,0.0,0.9935484,0.2176471,0.0540541,0.6666667,9.980494888896912
320.0,0.453125,0.0,0.275,0.2571429,0.771875,0.159375,0.7765957,0.0,0.0106383,0.1047619,0.0,0.9893617,0.2190476,0.137931,1.0,10.12667110305036
19142.0,0.4826037,0.0012015,0.1585519,0.1133885,0.808066,0.0696897,0.7126117,0.0052732,0.0407207,0.0259666,0.0008789,0.9912114,0.2622343,0.0881883,0.2727273,10.732061203925053
1584.0,0.4987374,0.4204545,0.1186869,0.0957179,0.9116162,0.0,0.7673077,0.0115385,0.0173077,0.1034483,0.3807692,0.9980769,0.3586207,0.2277228,0.75,10.236417809461043
8972.0,0.4616585,0.0322113,0.1584931,0.1188406,0.8495319,0.0086937,0.6945982,0.0023715,0.026087,0.052671,0.0252964,0.9955204,0.3512232,0.0561941,0.44,10.591647316585027
1945.0,0.4827763,0.0,0.1753213,0.1153082,0.8658098,0.0,0.689384,0.0,0.0314548,0.072904,0.0,0.9921363,0.3025516,0.0410959,0.1111111,11.578722568760277
534.0,0.4662921,0.0,0.3108614,0.2280702,0.7509363,0.0786517,0.6350711,0.0094787,0.042654,0.0495495,0.0,1.0,0.3243243,0.046875,0.5,10.376642461280849
597.0,0.4706868,0.0,0.1675042,0.085443,0.8994975,0.0,0.7808219,0.0136986,0.0228311,0.0436681,0.0,1.0,0.1484716,0.15625,1.0,9.99884318585288
675.0,0.477037,0.0,0.2518519,0.1784703,0.8296296,0.0,0.620339,0.0,0.0101695,0.119403,0.0,0.9898305,0.3970149,0.1123596,0.7,9.6678285081515
9985.0,0.4605909,0.0829244,0.1915874,0.1726699,0.8355533,0.0216324,0.6897568,0.0044215,0.0316875,0.0696984,0.0712356,0.9953328,0.3283821,0.0743652,0.5806452,10.247112717290387
1239.0,0.4616626,0.0,0.2970137,0.2188906,0.7974173,0.0443906,0.6417625,0.0,0.01341,0.1076923,0.0,0.9980843,0.2615385,0.1287129,0.4444444,10.243560441877241
343.0,0.4985423,0.0,0.3148688,0.2093023,0.8221574,0.0,0.625,0.0,0.00625,0.1351351,0.0,1.0,0.2324324,0.0384615,0.3333333,9.615805480084347
496.0,0.4455645,0.0,0.2842742,0.2618182,0.7237903,0.1008065,0.595122,0.0097561,0.0146341,0.1700405,0.0,0.9902439,0.2753036,0.0555556,0.8,9.615805480084347
4789.0,0.4934224,0.0215076,0.1866778,0.0927453,0.8859887,0.0451034,0.8303991,0.0011737,0.0211268,0.0195627,0.0134977,0.9929577,0.0903337,0.0057471,0.5,11.66822691098345
2435.0,0.4685832,0.0028747,0.1305955,0.0996909,0.8390144,0.0,0.6792453,0.0104822,0.0628931,0.0421687,0.0031447,0.9926625,0.374498,0.0692841,0.8333333,10.835671318412196
2051.0,0.5017065,0.050707,0.1043393,0.0870841,0.9215017,0.0,0.8139224,0.0053548,0.021419,0.0580076,0.0535475,0.9973226,0.2496847,0.0890411,0.8888889,11.021918808236205
97.0,0.5360825,0.0,0.1030928,0.1333333,0.9072165,0.0,0.7631579,0.0,0.0,0.05,0.0,1.0,0.225,0.0,0.0,10.021315031649332
2375.0,0.4694737,0.1789474,0.2092632,0.1833333,0.8130526,0.0475789,0.6808511,0.006383,0.0212766,0.1115312,0.1510638,0.9914894,0.3837429,0.1127596,0.76,10.181157167204903
3890.0,0.4902314,0.0002571,0.2552699,0.0695915,0.937018,0.0,0.8616949,0.000678,0.0237288,0.0872525,0.0,0.9701695,0.0748762,0.2251908,0.2307692,11.999054626138436
541.0,0.4916821,0.0,0.155268,0.1563636,0.8632163,0.0,0.6995305,0.0046948,0.0328638,0.0318182,0.0,0.9906103,0.1545455,0.1428571,0.0,9.857495968685136
12781.0,0.4872076,0.0438933,0.0730772,0.0683552,0.8687896,0.0128315,0.7587557,0.003263,0.0678704,0.0256465,0.035893,0.9889058,0.0869012,0.0801762,0.1333333,11.648338835562747
1107.0,0.4733514,0.3215899,0.097561,0.109777,0.8988257,0.0,0.7568922,0.0050125,0.0300752,0.1617647,0.2907268,0.9899749,0.4453782,0.1111111,0.7777778,10.221977646629885
121.0,0.4876033,0.0,0.3801653,0.1935484,0.8016529,0.0,0.5862069,0.0,0.0,0.1714286,0.0,1.0,0.3428571,0.0,0.0,9.615805480084347
4623.0,0.4936189,0.0064893,0.1016656,0.0709099,0.9472204,0.0,0.8753388,0.001355,0.0298103,0.0231635,0.0047425,0.9837398,0.0575778,0.0666667,0.5882353,12.425613715694242
18041.0,0.4469819,0.1770966,0.101491,0.0746717,0.5227537,0.1890139,0.492144,0.0042553,0.1780687,0.0537401,0.1747954,0.9397709,0.4612049,0.0709852,0.3571429,11.388506711556236
7311.0,0.443031,0.5431542,0.1653673,0.1716601,0.8454384,0.0263986,0.6869786,0.0039898,0.0210374,0.0930921,0.5143272,0.997461,0.3348684,0.1246563,0.7419355,10.360944044643913
520.0,0.4923077,0.0,0.2211538,0.1742424,0.8461538,0.0153846,0.6981132,0.0,0.0377358,0.040724,0.0,1.0,0.1538462,0.1176471,0.0,10.428245666832275
2523.0,0.4859294,0.0103052,0.3186683,0.1873554,0.738803,0.0463734,0.6036269,0.0043178,0.0647668,0.2794026,0.007772,0.9835924,0.4586185,0.041791,0.6782609,10.762170357789895
350.0,0.4828571,0.0142857,0.1371429,0.1104972,0.92,0.0,0.7886179,0.0,0.0162602,0.0538462,0.0243902,0.9918699,0.2846154,0.0416667,1.0,9.770013301136158
262.0,0.5267176,0.0,0.2251908,0.0725806,0.8931298,0.0,0.7614679,0.0,0.0183486,0.2323944,0.0,1.0,0.4507042,0.1290323,1.0,9.792611856190192
330.0,0.4757576,0.0,0.3606061,0.1387283,0.8515152,0.0181818,0.74375,0.0,0.0125,0.5136778,0.0,0.9875,0.5592705,0.0416667,0.5555556,10.328787967145063
13087.0,0.482005,0.2490258,0.0985711,0.086886,0.8638343,0.0014518,0.7172565,0.0069986,0.0529894,0.0408516,0.2353529,0.9804039,0.3505946,0.0761144,0.4102564,11.118415133585586
912.0,0.4945175,0.0,0.1666667,0.0911063,0.9024123,0.0,0.754491,0.002994,0.0179641,0.0147493,0.0,0.997006,0.1858407,0.0307692,0.0,10.789339695269716
1258.0,0.4459459,0.3163752,0.2313196,0.1965567,0.8338633,0.0564388,0.7207792,0.0021645,0.0151515,0.1132438,0.3008658,0.9935065,0.3243762,0.0625,1.0,9.952325334619427
2433.0,0.5219893,0.0115084,0.1660501,0.0859845,0.7599671,0.0,0.6077547,0.0117223,0.1118124,0.3166975,0.0081154,0.8809739,0.5736291,0.0496084,0.2553191,11.3655964644899
127.0,0.519685,0.0,0.1811024,0.0983607,0.8976378,0.0,0.7647059,0.0,0.0196078,0.0892857,0.0,1.0,0.3571429,0.0,1.0,9.615805480084347
5049.0,0.4606853,0.0017825,0.1925134,0.1344106,0.8651218,0.0,0.6957157,0.0014606,0.0209348,0.0338664,0.0009737,0.9970789,0.1660395,0.05,0.2941176,10.889323003601277
443.0,0.4875847,0.0,0.1647856,0.1145374,0.9051919,0.0,0.754491,0.0,0.005988,0.0346821,0.0,1.0,0.0982659,0.1538462,0.0,10.49684202174171
1289.0,0.4716835,0.0,0.2792863,0.2099853,0.7951901,0.0473235,0.6259398,0.0,0.0075188,0.0843373,0.0,1.0,0.3218589,0.0522388,0.3333333,9.846970109700957
1054.0,0.4886148,0.0028463,0.2580645,0.1317254,0.7694497,0.0,0.5988258,0.0039139,0.0684932,0.1824,0.0039139,0.9882583,0.5296,0.0352113,0.4,10.920546270529568
10405.0,0.4750601,0.0774628,0.1825084,0.1435372,0.8350793,0.0119173,0.6581478,0.0060729,0.0452935,0.0447184,0.0602227,0.9349696,0.3369591,0.0878845,0.375,11.092869425057021
1112.0,0.5305755,0.0,0.0872302,0.0421456,0.9622302,0.0,0.8636364,0.0,0.0,0.0638298,0.0,0.9707792,0.2066869,0.25,1.0,10.866680954096502
7191.0,0.489918,0.0407454,0.0819079,0.0747001,0.9207343,0.0,0.8089714,0.0023202,0.0247486,0.0454042,0.0382831,0.9934261,0.2011812,0.0793651,0.5925926,10.96476135554887
1254.0,0.4992026,0.0023923,0.1451356,0.1019108,0.8516746,0.0,0.6971545,0.0081301,0.054878,0.0446602,0.0020325,0.9939024,0.3359223,0.054878,0.1428571,11.106474871430772
6294.0,0.4993645,0.0,0.1053384,0.0920343,0.8684461,0.0,0.7135741,0.0033209,0.0448319,0.0677245,0.0,0.9759236,0.3111455,0.0630324,0.3695652,11.321777065973317
3344.0,0.5083732,0.000299,0.069378,0.0322384,0.9697967,0.0,0.8946163,0.0011455,0.0045819,0.0267559,0.0,0.9965636,0.090301,0.3061224,0.375,11.06665398721974
1604.0,0.5168329,0.042394,0.0667082,0.0529032,0.5854115,0.2955112,0.6606742,0.0089888,0.0719101,0.0491453,0.0089888,0.9910112,0.4508547,0.0472103,0.0,10.477316144080852
294.0,0.4081633,0.2244898,0.1938776,0.1781609,0.829932,0.0,0.6428571,0.0,0.0396825,0.125,0.1746032,1.0,0.3055556,0.0,0.0,10.360944044643913
1049.0,0.4623451,0.0734032,0.1877979,0.1861702,0.8531935,0.0,0.6674208,0.0,0.0158371,0.090535,0.0746606,0.9977376,0.3497942,0.1666667,0.8,9.898525260706313
259.0,0.4903475,0.0,0.2316602,0.1515152,0.8996139,0.0,0.7425743,0.0,0.0,0.0733945,0.0,1.0,0.1743119,0.0769231,0.8,10.138599199626192
10373.0,0.7261159,0.1827822,0.0013497,0.0028159,0.4798033,0.5174973,0.9832215,0.0006711,0.0013423,0.0040107,0.1832215,0.8704698,0.546123,0.1244926,0.0,11.918397239722838
213.0,0.5446009,0.0,0.1830986,0.0927835,0.8920188,0.0,0.7882353,0.0,0.0588235,0.0340909,0.0,1.0,0.1022727,0.0666667,0.0,9.792611856190192
1054.0,0.4810247,0.0009488,0.1499051,0.1206581,0.8747628,0.0,0.71875,0.0024038,0.03125,0.037037,0.0024038,0.9951923,0.2638889,0.046729,0.6666667,10.774801838762809
106209.0,0.5137418,0.0098579,0.0642507,0.0607803,0.9182555,0.0165993,0.8192186,0.0063909,0.0439708,0.0381345,0.0090314,0.376526,0.6622005,0.4170507,0.3139535,11.80410890048989
69.0,0.4492754,0.0,0.1884058,0.2631579,0.8405797,0.0,0.6666667,0.0,0.0,0.1315789,0.0,1.0,0.5,0.0,0.0,9.615805480084347
229.0,0.5240175,0.0,0.2489083,0.1376147,0.8820961,0.0,0.7575758,0.010101,0.020202,0.1160714,0.0,0.989899,0.4196429,0.0666667,0.5,9.615805480084347
123.0,0.5609756,0.0,0.2113821,0.1481481,0.8943089,0.0,0.7884615,0.0,0.0384615,0.0,0.0,1.0,0.1730769,0.0,0.0,10.335302435967074
1958.0,0.4821246,0.0,0.2078652,0.1558185,0.8115424,0.0444331,0.6732026,0.0065359,0.0339869,0.1791845,0.0,0.9986928,0.3540773,0.0912548,0.75,10.214678610538817
4834.0,0.5103434,0.0039305,0.0790236,0.0671736,0.8723624,0.0014481,0.7364387,0.0106132,0.0737028,0.1382114,0.0029481,0.9504717,0.4817073,0.1821946,0.4444444,10.7706090484022
2105.0,0.432304,0.3819477,0.2014252,0.1656904,0.8451306,0.0384798,0.7094763,0.0012469,0.0137157,0.0865604,0.3229426,1.0,0.3451025,0.1111111,1.0,9.898525260706313
2029.0,0.4475111,0.0009857,0.2099556,0.190901,0.8112371,0.0374569,0.65311,0.0011962,0.0191388,0.092291,0.0,0.992823,0.3897937,0.0812721,0.5,10.003378135350923
259.0,0.5135135,0.0,0.1776062,0.0952381,0.8996139,0.0,0.78,0.0,0.03,0.0990991,0.0,1.0,0.3693694,0.1052632,0.6666667,9.87822102528824
294.0,0.4795918,0.0340136,0.1734694,0.1633987,0.8673469,0.0,0.6782609,0.0,0.0173913,0.08,0.0347826,1.0,0.32,0.2380952,0.5,9.615805480084347
126.0,0.4444444,0.0,0.1587302,0.0857143,0.9365079,0.0,0.8461538,0.0,0.0,0.037037,0.0,1.0,0.1481481,0.125,0.0,10.596659732783579
908.0,0.4625551,0.0022026,0.160793,0.1413934,0.8601322,0.0,0.6711957,0.0027174,0.0108696,0.0636132,0.0,0.9972826,0.1806616,0.0941176,0.6,9.841665338892785
271.0,0.501845,0.0,0.1328413,0.0666667,0.8745387,0.0,0.7102804,0.0,0.0280374,0.2721088,0.0,1.0,0.1632653,0.0416667,1.0,10.751520856703959
437.0,0.5034325,0.0,0.1327231,0.0921659,0.9405034,0.020595,0.8583333,0.0,0.0,0.1666667,0.0,0.975,0.1180556,0.4166667,0.4285714,10.440010162389305
3170.0,0.4785489,0.0056782,0.1782334,0.1318814,0.873817,0.0088328,0.7355372,0.0024793,0.0347107,0.0226171,0.0041322,0.9966942,0.2915994,0.0295203,0.5,11.464795582766675
238.0,0.4243697,0.0,0.1722689,0.1678832,0.8403361,0.0,0.6421053,0.0,0.0315789,0.040404,0.0,1.0,0.4040404,0.0,0.0,10.16203685698089
639.0,0.4663537,0.0344288,0.1799687,0.1407625,0.8685446,0.0,0.6953125,0.0,0.0234375,0.1551155,0.03125,0.9921875,0.4224422,0.1111111,0.9,9.615805480084347
20079.0,0.4677524,0.015688,0.1604662,0.1208945,0.7809652,0.0758504,0.6705975,0.0037998,0.038391,0.0483791,0.0100891,0.9948899,0.2889027,0.0707478,0.4098361,10.521399202410167
211.0,0.478673,0.0,0.4028436,0.1090909,0.9146919,0.0,0.8315789,0.0,0.0210526,0.7721823,0.0,1.0,0.4532374,0.1428571,0.6,10.278527816830314
53170.0,0.4971601,0.0113974,0.1194847,0.0859889,0.8649803,0.0002445,0.7184064,0.0021202,0.0590208,0.031887,0.0122282,0.9567082,0.2822569,0.0722258,0.2105263,11.765247163561801
293.0,0.4948805,0.0068259,0.1672355,0.1148649,0.8737201,0.0,0.7256637,0.0176991,0.0353982,0.0661157,0.0088496,0.9911504,0.3553719,0.28125,1.0,9.94755228369823
108.0,0.5,0.0,0.3148148,0.1666667,0.7222222,0.0,0.5344828,0.0172414,0.0172414,0.2162162,0.0,0.9482759,0.5135135,0.0833333,0.5,9.873079890114703
1884.0,0.4946921,0.0106157,0.0843949,0.0609244,0.8296178,0.0,0.6720648,0.0134953,0.074224,0.0338983,0.0094467,0.9932524,0.3559322,0.0341615,0.3333333,10.96476135554887
561.0,0.4527629,0.0017825,0.197861,0.1758958,0.8413547,0.0,0.6528926,0.0,0.0206612,0.0122449,0.0041322,0.9876033,0.244898,0.0483871,0.0,9.803722464346553
1990.0,0.5105528,0.0060302,0.1844221,0.100616,0.7809045,0.0316583,0.6722151,0.0051216,0.1037132,0.4817518,0.0038412,0.9577465,0.6197744,0.109375,0.2666667,12.209571517333053
137.0,0.4963504,0.0,0.2043796,0.115942,0.8832117,0.0,0.7037037,0.0,0.0,0.260274,0.0,1.0,0.4109589,0.2142857,0.0,9.615805480084347
3486.0,0.5281124,0.0358577,0.1239243,0.118541,0.7277682,0.1075731,0.6270802,0.005295,0.0499244,0.0543634,0.0015129,0.9939486,0.4463519,0.0303644,0.1052632,11.207771646606407
1260.0,0.5309524,0.0,0.0198413,0.0152284,0.8396825,0.0007937,0.6869369,0.0157658,0.1103604,0.1190476,0.0,0.9797297,0.5833333,0.152439,0.125,11.157692338256169
1217.0,0.4453574,0.0690222,0.1692687,0.1348148,0.8603122,0.0,0.7034221,0.0,0.0228137,0.0573477,0.0703422,0.9980989,0.3082437,0.0384615,0.375,10.61890979160975
6592.0,0.4778519,0.0191141,0.126517,0.0976177,0.8404126,0.0218447,0.7079148,0.0004018,0.0510245,0.0262128,0.0060265,0.9734833,0.2875587,0.045134,0.5238095,12.336666603113574
6930.0,0.4665224,0.0393939,0.2025974,0.15472,0.7479076,0.037518,0.5809341,0.0054383,0.047025,0.0668657,0.0332694,0.9904031,0.4802985,0.0308642,0.6153846,10.2328272702548
251.0,0.4940239,0.0,0.2031873,0.1811024,0.8167331,0.0,0.6074766,0.0,0.0373832,0.2014925,0.0,1.0,0.2537313,0.2727273,0.5,9.615805480084347
14148.0,0.5019791,0.0478513,0.0770427,0.0465512,0.8765903,0.0008482,0.7661921,0.0120313,0.0826148,0.185663,0.0405053,0.91538,0.4361528,0.1135412,0.1,11.112462823634855
229.0,0.5065502,0.0,0.1615721,0.1327434,0.8209607,0.0,0.6702128,0.0319149,0.0638298,0.1296296,0.0,0.9787234,0.2685185,0.2307692,0.625,9.615805480084347
3720.0,0.4986559,0.0137097,0.0887097,0.0815013,0.8879032,0.0,0.7460317,0.0045351,0.0498866,0.0440751,0.0113379,0.9780801,0.3193642,0.0963303,0.4,11.065090289695444
864.0,0.5243056,0.0023148,0.1087963,0.053528,0.8946759,0.0,0.7555556,0.0095238,0.0253968,0.1076487,0.0031746,0.9555556,0.3796034,0.08,0.3333333,10.611547975828369
1914.0,0.4900731,0.3683386,0.1008359,0.1178279,0.8040752,0.0804598,0.6987768,0.0,0.029052,0.124498,0.3593272,0.9892966,0.4270415,0.1085271,1.0,10.211009016314167
365.0,0.509589,0.0,0.2136986,0.1340782,0.8986301,0.0,0.7573529,0.0073529,0.0220588,0.1392405,0.0,1.0,0.1265823,0.0625,0.75,9.94755228369823
465.0,0.5032258,0.0,0.1483871,0.1212121,0.8645161,0.0,0.6968085,0.0,0.0319149,0.0552764,0.0,1.0,0.3668342,0.0666667,0.75,9.97119292889014
4380.0,0.4751142,0.0061644,0.1390411,0.1183123,0.8075342,0.0413242,0.6668693,0.0072948,0.0516717,0.0753232,0.0036474,0.9446809,0.5120854,0.1008969,0.125,10.981914140544825
1075.0,0.4772093,0.0,0.1665116,0.1263345,0.8865116,0.0,0.7198068,0.0,0.0144928,0.0526316,0.0,1.0,0.194508,0.030303,1.0,10.2328272702548
2275.0,0.4958242,0.0052747,0.0865934,0.0540541,0.9318681,0.0,0.8404402,0.0055021,0.0412655,0.0533854,0.0068776,0.8486933,0.2929688,0.1911765,0.4375,12.04414765726144
8418.0,0.4754098,0.7200048,0.093015,0.0711051,0.8841768,0.0,0.7276119,0.006445,0.0424016,0.0611465,0.6848711,0.9413161,0.3984076,0.0765199,0.3389831,10.896757843893464
964.0,0.4481328,0.0,0.2582988,0.1917293,0.810166,0.0435685,0.6725,0.005,0.02,0.086758,0.0,0.99,0.283105,0.0636364,0.3333333,10.36410350510914
231.0,0.4891775,0.0,0.2121212,0.1271186,0.9004329,0.012987,0.8351648,0.0,0.043956,0.2288136,0.0,0.8241758,0.1694915,0.0833333,0.2,11.443586104891608
188.0,0.4787234,0.0,0.2074468,0.1326531,0.9308511,0.0,0.8194444,0.0,0.0,0.1910112,0.0,1.0,0.2808989,0.1875,0.6666667,9.873079890114703
938.0,0.4797441,0.0,0.1215352,0.0717213,0.9083156,0.0,0.7880597,0.0029851,0.041791,0.0796703,0.0,0.9850746,0.2967033,0.1566265,0.0,10.480129006333248
444.0,0.4752252,0.0,0.1891892,0.1759657,0.8603604,0.0,0.6833333,0.0055556,0.0222222,0.1304348,0.0,0.9944444,0.2995169,0.1,0.4,9.857495968685136
3769.0,0.4515787,0.1305386,0.2297692,0.1804548,0.7994163,0.0355532,0.6375575,0.0059094,0.0361129,0.0557967,0.1155614,0.9546947,0.383757,0.06875,0.6,11.143324481431074
3768.0,0.5196391,0.0132696,0.0788217,0.0464088,0.809448,0.0,0.6504796,0.0029976,0.0719424,0.1875304,0.0155875,0.9772182,0.4598149,0.015942,0.4444444,11.374823643830945
1871.0,0.4799572,0.0016034,0.2137894,0.1706064,0.8001069,0.0481026,0.6693017,0.0065876,0.0329381,0.1038961,0.002635,0.9538867,0.4557261,0.0849673,0.5333333,10.513280297700861
367.0,0.4495913,0.1689373,0.1961853,0.1980198,0.8365123,0.0,0.6424242,0.0,0.0060606,0.0934066,0.1636364,1.0,0.1868132,0.0566038,0.0,10.43708198835482
96.0,0.4895833,0.0,0.0833333,0.0612245,0.8958333,0.0,0.7419355,0.0322581,0.0322581,0.1621622,0.0,1.0,0.4054054,0.0,1.0,9.615805480084347
3902.0,0.4723219,0.0164018,0.1927217,0.1219038,0.8936443,0.0,0.759973,0.0027045,0.0277214,0.3249658,0.0148749,0.9945909,0.1200365,0.1410788,0.8709677,11.897514169490739
454.0,0.5044053,0.0,0.1431718,0.0666667,0.9030837,0.0528634,0.8709677,0.0,0.0,0.0189873,0.0,0.9870968,0.0126582,0.0,1.0,12.596089034314039
859.0,0.4935972,0.0046566,0.1408615,0.1126437,0.8963912,0.0,0.7444089,0.0031949,0.0223642,0.0543807,0.0063898,0.9968051,0.1570997,0.1111111,1.0,10.27163147557801
5165.0,0.4404647,0.0040658,0.1969022,0.1484429,0.7517909,0.0367861,0.57298,0.0026064,0.0399652,0.0646079,0.002172,0.9913119,0.3352296,0.0518868,0.5263158,10.468829770273567
1040.0,0.4557692,0.0721154,0.2903846,0.2332155,0.7721154,0.0894231,0.6748166,0.007335,0.0171149,0.1223176,0.0684597,0.99022,0.3648069,0.0693069,0.75,9.966509298952284
203.0,0.5123153,0.0,0.0985222,0.040404,0.9261084,0.0,0.8028169,0.0,0.0140845,0.4496124,0.0,1.0,0.4573643,0.0,1.0,10.322230781590136
2750.0,0.4876364,0.0029091,0.2301818,0.17956,0.8101818,0.0410909,0.6636528,0.0009042,0.0325497,0.088211,0.0018083,0.9963834,0.2349547,0.0328467,0.8,10.491301994830229
303.0,0.5247525,0.0,0.1485149,0.1527778,0.8481848,0.0,0.6666667,0.0,0.031746,0.080292,0.0,1.0,0.3868613,0.0,0.6666667,9.923339198238729
484.0,0.5020661,0.0041322,0.161157,0.1950207,0.7954545,0.0599174,0.6831683,0.0049505,0.019802,0.1293103,0.0,1.0,0.375,0.0864198,1.0,9.994287576862567
123.0,0.5203252,0.0,0.2520325,0.1355932,0.8130081,0.0,0.5892857,0.0,0.0,0.1111111,0.0,1.0,0.3015873,0.0909091,1.0,9.615805480084347
1588.0,0.4697733,0.0151134,0.1498741,0.1258907,0.8217884,0.0201511,0.6731079,0.0128824,0.0563607,0.0533537,0.0144928,0.9903382,0.3551829,0.06639,1.0,10.254179634797001
3469.0,0.4436437,0.3906025,0.1625829,0.1611399,0.8587489,0.045258,0.7536,0.0008,0.0168,0.0601504,0.3176,0.9928,0.2345865,0.107056,0.2352941,10.431199791458543
238.0,0.4747899,0.3403361,0.2142857,0.184,0.8739496,0.0210084,0.746988,0.0,0.0361446,0.1354167,0.253012,0.9879518,0.21875,0.1111111,0.0,10.138599199626192
483.0,0.552795,0.0020704,0.0621118,0.037037,0.863354,0.0,0.7700535,0.0,0.0802139,0.1095238,0.0053476,0.9893048,0.1904762,0.1764706,0.1428571,11.661354090741
1851.0,0.4910859,0.0275527,0.1523501,0.1019108,0.8530524,0.006483,0.7099024,0.0055788,0.0613668,0.406457,0.0181311,0.9846583,0.1912252,0.1041667,0.8222222,11.997823864326225
885.0,0.4903955,0.0011299,0.2497175,0.0687361,0.8745763,0.0011299,0.7369792,0.0026042,0.0182292,0.5581128,0.0026042,0.7578125,0.2980437,0.064,0.5217391,11.324195417595107
2986.0,0.4722036,0.0006698,0.1048225,0.088198,0.8586738,0.0,0.6993918,0.0060817,0.0521286,0.219661,0.0008688,0.9973936,0.4033898,0.1366279,0.4347826,9.857495968685136
8470.0,0.498111,0.0035419,0.0807556,0.0578687,0.9550177,0.0,0.8854467,0.0003602,0.0205331,0.0437478,0.0028818,0.9870317,0.0465036,0.0956522,0.5510204,12.26670197321789
680.0,0.4588235,0.0,0.3367647,0.2581522,0.7647059,0.0558824,0.5898305,0.0,0.0033898,0.1323529,0.0,1.0,0.2764706,0.0615385,0.8,9.781376414141157
2007.0,0.4718485,0.0004983,0.2087693,0.1556604,0.8305929,0.0303936,0.6803483,0.0074627,0.0186567,0.0758621,0.0012438,0.9763682,0.3045977,0.1164021,0.6,10.308985993422082
253.0,0.5217391,0.1067194,0.1857708,0.1157025,0.9130435,0.0,0.7741935,0.0,0.0107527,0.1226415,0.1182796,1.0,0.2735849,0.0952381,1.0,10.146472946063877
1028.0,0.479572,0.0,0.1254864,0.0654206,0.9309339,0.0,0.8293333,0.0026667,0.0106667,0.0335052,0.0,1.0,0.0927835,0.1470588,0.4,10.853232402669228
11305.0,0.4627156,0.2631579,0.1530296,0.1298979,0.8693498,0.0291906,0.7409352,0.0027507,0.0222556,0.1063687,0.2333083,0.9929982,0.304581,0.1696222,0.5849057,10.236417809461043
2457.0,0.4985755,0.0520961,0.0980871,0.0852273,0.9242979,0.005698,0.810567,0.0025773,0.0206186,0.0490196,0.0554124,0.7036082,0.4166667,0.1904762,0.0,10.599156550639583
936.0,0.4700855,0.0,0.340812,0.2217742,0.7948718,0.0491453,0.6642157,0.0,0.0220588,0.048951,0.0,1.0,0.2237762,0.05,0.75,10.181157167204903
2768.0,0.4400289,0.0014451,0.220737,0.1954839,0.670159,0.0816474,0.5481419,0.0059122,0.0920608,0.2296682,0.0033784,0.9974662,0.4281067,0.008881,0.5555556,11.289794413577894
1625.0,0.4787692,0.0073846,0.0935385,0.0661157,0.8953846,0.0,0.760274,0.010274,0.0325342,0.1244378,0.005137,0.7671233,0.3598201,0.1,0.1666667,10.67130147767883
2907.0,0.4822841,0.003784,0.1090471,0.0737542,0.9339525,0.0,0.8286814,0.0,0.012512,0.0441582,0.0028874,0.9980751,0.2263109,0.125,0.5384615,10.645448706505872
31.0,0.516129,0.0,0.3225806,0.2,0.8709677,0.0,0.6923077,0.0,0.0,0.0,0.0,0.8461538,0.1538462,0.0,0.0,9.69898173460629
989.0,0.471183,0.9180991,0.1253792,0.1128107,0.9231547,0.0,0.7824773,0.0,0.0120846,0.1469072,0.9305136,0.9879154,0.3324742,0.15625,0.875,9.615805480084347
410.0,0.4878049,0.0,0.2268293,0.1333333,0.8926829,0.0,0.739645,0.0,0.0,0.0558659,0.0,1.0,0.1675978,0.0952381,1.0,10.463131911491967
2807.0,0.484503,0.0128251,0.1353758,0.064962,0.9006056,0.0,0.8035019,0.0077821,0.0583658,0.0637523,0.0107004,0.9747082,0.129326,0.1088435,0.12,11.121378054821049
1598.0,0.4931164,0.0018773,0.0844806,0.0617284,0.9524406,0.0037547,0.8473804,0.0,0.0068337,0.1095335,0.0022779,0.0501139,0.5598377,0.3563218,0.8571429,9.615805480084347
760.0,0.4973684,0.0,0.1118421,0.0811518,0.9065789,0.0,0.7821429,0.0035714,0.0321429,0.0378007,0.0,1.0,0.2061856,0.2096774,0.5,9.852246888342531
4341.0,0.4598019,0.002534,0.2117024,0.1722814,0.7790832,0.0138217,0.5920294,0.0041951,0.0477189,0.0822907,0.0010488,0.9952805,0.4504331,0.04947,0.8,10.060534035475412
6199.0,0.5025004,0.0150024,0.040813,0.0181582,0.967898,0.0,0.9247897,0.0,0.0212766,0.0573694,0.0163286,0.9713013,0.020056,0.1444444,0.25,13.122367377396328
94.0,0.3829787,0.0,0.1914894,0.2068966,0.7978723,0.0,0.575,0.0,0.05,0.1489362,0.0,1.0,0.1914894,0.3333333,0.0,9.615805480084347
5306.0,0.4681493,0.4560874,0.2105164,0.1846208,0.831323,0.0378816,0.695224,0.0039389,0.0295421,0.0674931,0.3978336,0.9916297,0.2897153,0.1170455,0.6285714,10.505094936455558
6226.0,0.4993575,0.003373,0.1207838,0.0555021,0.9399293,0.0,0.868484,0.0047824,0.0334768,0.0323924,0.0052606,0.9296987,0.0638593,0.1797753,0.2727273,12.705638110993434
161.0,0.515528,0.0,0.1304348,0.1410256,0.8819876,0.0,0.7540984,0.0163934,0.0163934,0.0615385,0.0,1.0,0.2923077,0.2142857,0.0,9.928228944424575
48718.0,0.4658237,0.1902993,0.1553635,0.1212342,0.7670881,0.0457121,0.6081206,0.0017497,0.0525937,0.0618905,0.1708522,0.9039728,0.5423385,0.0838298,0.4705882,12.385477452742727
146.0,0.3767123,0.0,0.3561644,0.1758242,0.8287671,0.0,0.6376812,0.0,0.0,0.7517986,0.0,1.0,0.118705,0.0,0.25,11.279744203985432
479.0,0.4676409,0.0041754,0.4926931,0.5019608,0.2901879,0.6409186,0.6470588,0.0147059,0.1029412,0.0684932,0.0,0.9852941,0.2739726,0.0,0.0,10.428245666832275
23229.0,0.5520255,0.1148564,0.0331482,0.0344993,0.7323174,0.1615653,0.7633049,0.0057336,0.0914437,0.0271739,0.0216113,0.9217877,0.2368421,0.1142496,0.0784314,12.242891437918386
67554.0,0.4951742,0.0401013,0.061832,0.0487347,0.8370637,0.0068982,0.6932114,0.0073138,0.0844583,0.0848079,0.0385917,0.9738572,0.3554313,0.0702791,0.1394231,11.417526281205168
845.0,0.4485207,0.0,0.2366864,0.2038627,0.7704142,0.0982249,0.6942675,0.0127389,0.0414013,0.0455927,0.0,1.0,0.1580547,0.0666667,0.5,10.609081944147828
808.0,0.4814356,0.0,0.1460396,0.1193317,0.8824257,0.0,0.7507886,0.0094637,0.0378549,0.0994318,0.0,0.9936909,0.2130682,0.0972222,0.8888889,9.62911649414402
4720.0,0.475,0.0002119,0.1591102,0.1271186,0.8434322,0.0355932,0.7045586,0.0023081,0.0276976,0.0622294,0.0,0.9959608,0.2916667,0.0442478,0.5,10.821796246953596
1334.0,0.505997,0.0,0.0554723,0.0409712,0.9512744,0.0,0.8393782,0.0,0.007772,0.1325843,0.0,0.9766839,0.141573,0.2857143,0.6111111,10.357774570341576
2196.0,0.5009107,0.0778689,0.0746812,0.0574818,0.9257741,0.0,0.8242038,0.0012739,0.0292994,0.0484848,0.0802548,0.9974522,0.2254545,0.115942,0.1666667,10.69650269224425
1690.0,0.4485207,0.0047337,0.2159763,0.1276824,0.8514793,0.0005917,0.6870748,0.0013605,0.0231293,0.0251989,0.0027211,1.0,0.2320955,0.030303,1.0,10.837637848711049
718.0,0.4568245,0.0041783,0.3370474,0.2435897,0.7618384,0.1016713,0.6702509,0.0,0.0215054,0.0606061,0.0,1.0,0.4208754,0.0361446,0.5,10.085850775128717
1589.0,0.4820642,0.0,0.1246067,0.1287971,0.907489,0.0,0.7801047,0.0,0.0366492,0.0481728,0.0,0.9965096,0.1893688,0.1009174,0.25,10.725489582719506
14852.0,0.5017506,0.0410719,0.1020065,0.0755405,0.8728791,0.0019526,0.7670433,0.0024482,0.0709981,0.0299598,0.0365348,0.9698682,0.11308,0.1537698,0.2631579,12.104599010599317
789.0,0.486692,0.0025349,0.1799747,0.1283951,0.8757921,0.0,0.7278287,0.0030581,0.0244648,0.0382353,0.0030581,0.9938838,0.2441176,0.059322,0.1428571,10.85516473308054
159.0,0.4654088,0.1132075,0.1761006,0.1176471,0.8805031,0.0,0.7462687,0.0149254,0.0298507,0.0945946,0.0895522,0.9850746,0.2567568,0.0588235,0.3333333,10.611547975828369
18876.0,0.4802924,0.0017483,0.1692096,0.1186544,0.8584446,0.0041322,0.6987598,0.0017336,0.0393386,0.0235677,0.0012002,0.9787972,0.25,0.0376749,0.6041667,11.357452244304588
898.0,0.4688196,0.0022272,0.1302895,0.1132075,0.8830735,0.0,0.7117647,0.0029412,0.0176471,0.047619,0.0029412,1.0,0.1960784,0.1282051,0.25,9.994287576862567
1199.0,0.5204337,0.000834,0.0492077,0.0365217,0.9599666,0.0,0.8882682,0.0027933,0.0195531,0.0218579,0.0,0.9944134,0.0901639,0.1176471,0.0,11.23850177707664
5465.0,0.4806953,0.0973468,0.1246112,0.106413,0.8768527,0.0091491,0.7442623,0.0028103,0.0276347,0.0473003,0.0749415,0.9887588,0.2989737,0.0767824,0.2,10.841559345471941
462.0,0.4632035,0.012987,0.1731602,0.1330645,0.8722944,0.0,0.7197802,0.0054945,0.032967,0.0618557,0.021978,1.0,0.1907216,0.0666667,1.0,10.666650414667744
1087.0,0.4701012,0.0,0.1582337,0.1145833,0.899724,0.0,0.7631579,0.0023923,0.0191388,0.0833333,0.0,0.9952153,0.1710526,0.0779221,0.5714286,10.322230781590136
9874.0,0.4707312,0.9467288,0.0346364,0.043628,0.8893052,0.0,0.7392092,0.0033203,0.0525204,0.185795,0.9335949,0.9936613,0.3502089,0.1125828,0.3777778,11.02518140064756
8580.0,0.4738928,0.0036131,0.2152681,0.1586176,0.8018648,0.0445221,0.6483871,0.002346,0.0272727,0.1263131,0.0014663,0.5457478,0.3645913,0.0824823,0.7076923,10.451637862362272
319.0,0.4733542,0.0971787,0.184953,0.1190476,0.8808777,0.0,0.740458,0.0,0.0305344,0.1656051,0.0916031,1.0,0.3949045,0.0208333,1.0,10.016860879703811
1076.0,0.472119,0.0009294,0.3475836,0.2552817,0.7286245,0.0845725,0.5846501,0.0022573,0.03386,0.1245059,0.0022573,1.0,0.4367589,0.091954,0.6875,9.857495968685136
3922.0,0.4439062,0.000255,0.2799592,0.2269601,0.7514023,0.0448751,0.5800915,0.0022883,0.028032,0.0652406,0.0,0.9988558,0.3465241,0.0395387,0.7142857,10.410335274932896
1620.0,0.462963,0.0024691,0.2024691,0.1793103,0.8425926,0.0123457,0.6730769,0.0,0.0192308,0.1299871,0.0,0.9970414,0.3848134,0.1262136,0.68,9.686636660844938
973.0,0.4933196,0.0,0.1757451,0.1217039,0.9136691,0.0,0.7915493,0.0,0.0225352,0.0405405,0.0,0.9971831,0.1405405,0.0597015,0.0,11.278480795900865
1409.0,0.5046132,0.0156139,0.0929737,0.0487106,0.9112846,0.0,0.7920605,0.0037807,0.0189036,0.1453958,0.0151229,0.8695652,0.3376414,0.1089109,0.6666667,10.881832472145556
3478.0,0.4815986,0.0017251,0.1607246,0.1048253,0.8740656,0.006038,0.7425237,0.0043764,0.0350109,0.0290368,0.0007294,0.9970824,0.1848442,0.0676692,0.5454545,11.080618310893968
1048.0,0.4675573,0.0133588,0.105916,0.0913978,0.8864504,0.0,0.7302799,0.0025445,0.0279898,0.1475054,0.0127226,0.9923664,0.3644252,0.0588235,1.0,11.39640288460621
34733.0,0.4777301,0.1467768,0.158466,0.1201764,0.8843751,0.0101057,0.7488713,0.0025798,0.0354724,0.0243058,0.1303612,0.9640439,0.1817824,0.0676975,0.5106383,11.206413891581187
2606.0,0.4919417,0.0065234,0.1162701,0.0732628,0.9244052,0.0023024,0.8222477,0.0045872,0.0366972,0.018018,0.0080275,0.9392202,0.2871622,0.1971831,0.0,10.97679912709094
674.0,0.4614243,0.0,0.272997,0.2011019,0.7759644,0.0445104,0.6047297,0.0,0.0101351,0.1268437,0.0,0.9966216,0.3510324,0.0283019,1.0,10.225607282932941
31846.0,0.4941908,0.0023865,0.0990077,0.081264,0.9113232,0.0,0.7903326,0.0024971,0.033265,0.0141551,0.001962,0.9869794,0.161157,0.0845804,0.4418605,10.835671318412196
4283.0,0.4681298,0.0021013,0.2215737,0.167252,0.807378,0.0359561,0.6536531,0.0022309,0.022309,0.0671176,0.0016732,0.9994423,0.3002081,0.0359168,0.5806452,10.034559673629849
1447.0,0.520387,0.0152039,0.0774015,0.074928,0.9329648,0.0020733,0.8269231,0.0021368,0.0235043,0.0714286,0.0106838,0.9294872,0.2083333,0.2110092,0.8947368,10.474495347310453
381.0,0.4671916,0.0,0.0813648,0.08867,0.9160105,0.0,0.7580645,0.0,0.016129,0.1205674,0.0,1.0,0.2411348,0.1666667,0.0,10.70551155928146
105.0,0.5047619,0.0,0.2,0.1923077,0.8666667,0.0,0.6888889,0.0,0.0,0.1964286,0.0,1.0,0.1964286,0.0,0.75,9.615805480084347
1659.0,0.4671489,0.5828813,0.1729958,0.1764706,0.822182,0.039783,0.6661466,0.0015601,0.0218409,0.1022409,0.5039002,0.9968799,0.2969188,0.1030043,0.8333333,10.203629181337648
19707.0,0.4868828,0.0164916,0.1308165,0.0915744,0.938296,0.0051758,0.8615922,0.0015891,0.0276498,0.0144088,0.0133482,0.9769585,0.0859828,0.1062802,0.4693878,12.036475785297062
1726.0,0.4727694,0.0005794,0.1506373,0.1120879,0.882387,0.0028969,0.7465224,0.0092736,0.0293663,0.0540936,0.0015456,0.9938176,0.3640351,0.1188525,0.7777778,10.268165387743457
1515.0,0.4745875,0.0,0.1491749,0.1432161,0.9023102,0.0,0.7614213,0.0,0.0118443,0.0467742,0.0,1.0,0.166129,0.0631579,0.0,10.34177474101152
878.0,0.6343964,0.0045558,0.0216401,0.0311526,0.6457859,0.215262,0.6570248,0.0041322,0.1033058,0.1102941,0.0,0.9752066,0.4338235,0.0714286,1.0,11.11395422597838
4371.0,0.5987188,0.134523,0.0016015,0.0022805,0.7373599,0.2239762,0.8402848,0.0020346,0.0091556,0.1753356,0.1414039,0.9226857,0.5369128,0.2083759,0.0,10.915106645867503
15418.0,0.4659489,0.0235439,0.1789467,0.1465873,0.7475678,0.0969646,0.6441389,0.0046956,0.0352172,0.0524392,0.0132484,0.9958075,0.3545209,0.0727689,0.472973,10.513280297700861
4710.0,0.4923567,0.0004246,0.088535,0.0690088,0.9118896,0.0016985,0.7976119,0.0053731,0.0328358,0.142784,0.000597,0.9862687,0.3070624,0.1311155,0.6976744,10.370392636243981
35.0,0.5142857,0.0,0.0571429,0.0,1.0,0.0,1.0,0.0,0.0,0.25,0.0,1.0,0.0833333,1.0,0.0,10.643064971973882
10987.0,0.4875762,0.0149267,0.1648312,0.1257549,0.8763084,0.0019113,0.7374707,0.0039813,0.0423888,0.0413112,0.0133489,0.9925059,0.1854513,0.0767468,0.325,11.098939154318382
606.0,0.4768977,0.0049505,0.2260726,0.1514196,0.8415842,0.0,0.6818182,0.0037879,0.0340909,0.4159292,0.0037879,1.0,0.0862832,0.0769231,0.4444444,11.263194068746921
48949.0,0.4563934,0.402521,0.1548142,0.1314593,0.8058796,0.0473554,0.672342,0.0029158,0.0360304,0.0739187,0.3557222,0.9951057,0.3556584,0.0779405,0.3537118,10.451637862362272
122.0,0.5409836,0.0,0.1885246,0.1071429,0.8688525,0.0,0.7115385,0.0,0.0192308,0.2238806,0.0,0.9615385,0.4328358,0.1666667,1.0,9.615805480084347
746.0,0.5375335,0.0,0.0723861,0.0434783,0.883378,0.0,0.7683824,0.0073529,0.0625,0.1578947,0.0,0.9889706,0.2972136,0.1666667,0.9375,9.966509298952284
711.0,0.4711674,0.2995781,0.185654,0.1329787,0.8818565,0.0,0.6923077,0.0,0.0153846,0.1333333,0.2807692,0.9692308,0.3033333,0.2068966,0.625,9.6678285081515
881.0,0.4631101,0.0,0.2905789,0.2093023,0.7854711,0.0363224,0.6380208,0.0104167,0.0286458,0.1192661,0.0,1.0,0.2362385,0.0853659,0.8666667,9.820160289946374
13532.0,0.4530742,0.0618534,0.1952409,0.1705175,0.8067544,0.0503991,0.6807024,0.0016126,0.0234725,0.0787389,0.0562623,0.9974915,0.3213932,0.0503421,0.4931507,10.425282789490705
683.0,0.4919473,0.0,0.0951684,0.0979827,0.9194729,0.0,0.7918367,0.0,0.0163265,0.0892193,0.0,1.0,0.2118959,0.0972222,0.5,10.056251557087757
1630553.0,0.4961801,0.2808802,0.0828412,0.0770878,0.8150805,0.0145196,0.6283262,0.0039797,0.0620415,0.150816,0.2617329,0.8032525,0.5002003,0.1245695,0.5458318,10.547995807489514
1369.0,0.5091308,0.0058437,0.1351351,0.0967262,0.8875091,0.027027,0.7892562,0.0020661,0.0227273,0.0261569,0.0020661,0.9979339,0.1046278,0.0365854,0.0,11.174665631549477
38495.0,0.5644629,0.1583063,0.0968697,0.0819516,0.7123782,0.1945188,0.7254902,0.0030501,0.0298911,0.0869669,0.1274946,0.9742919,0.2773711,0.1462886,0.5132743,10.623787731088578
12476.0,0.4868548,0.0868067,0.1316929,0.1205873,0.8044245,0.0864861,0.7205219,0.004745,0.0322657,0.0962693,0.0747331,0.8353499,0.4180961,0.1310573,0.4918033,10.318935994253193
6649.0,0.4567604,0.0040608,0.2278538,0.1727575,0.8679501,0.0,0.7067239,0.0017883,0.0182403,0.065508,0.0028612,0.9939199,0.2105615,0.0804196,0.6078431,10.357774570341576
5060.0,0.4592885,0.5146245,0.1391304,0.1348684,0.8802372,0.0086957,0.7256098,0.0049889,0.0277162,0.0833333,0.4634146,0.9977827,0.3109756,0.1779359,0.48,10.12667110305036
11952.0,0.4650268,0.2344378,0.1926037,0.1700031,0.7336847,0.1224063,0.648973,0.0013847,0.0378491,0.0961619,0.2095546,0.9688438,0.3531498,0.0951821,0.469697,10.61890979160975
583.0,0.4699828,0.0,0.2761578,0.171521,0.7993139,0.0,0.608209,0.0037313,0.0298507,0.0821918,0.0,0.9962687,0.1952055,0.0333333,0.0,9.615805480084347
28700.0,0.4668641,0.015993,0.1660279,0.125482,0.8232056,0.0218467,0.6757125,0.0013614,0.0628063,0.0488605,0.0145217,0.9909239,0.3481526,0.0457613,0.4776119,11.951831796597101
1701.0,0.4673721,0.0658436,0.186361,0.1644592,0.8465608,0.0323339,0.7047308,0.004894,0.0277325,0.0958702,0.0750408,0.7422512,0.2654867,0.1728395,0.9333333,10.081675578048475
1730.0,0.4127168,0.7780347,0.1768786,0.1692913,0.8803468,0.0,0.6799363,0.0015924,0.0095541,0.0964029,0.7085987,0.9968153,0.3741007,0.1986301,0.8636364,9.615805480084347
2133.0,0.496015,0.0098453,0.0562588,0.0576744,0.9404594,0.0,0.8338323,0.002994,0.0209581,0.0538244,0.005988,0.8562874,0.1784703,0.2941176,0.5714286,10.526775414924009
2505.0,0.497006,0.0067864,0.0746507,0.068254,0.9213573,0.0,0.8103448,0.0034483,0.0310345,0.0734824,0.0045977,0.9942529,0.3493078,0.1368421,0.4615385,10.685126264117057
13524.0,0.4910529,0.3972937,0.0968648,0.0755485,0.7711476,0.0188554,0.6361507,0.0021472,0.1175093,0.0426089,0.4103065,0.9244583,0.4634648,0.0979421,0.2,11.693587311874056
893.0,0.4445689,0.9988802,0.1254199,0.1008065,0.9014558,0.0,0.7142857,0.0,0.032967,0.1019737,0.996337,0.996337,0.3355263,0.3333333,0.0,9.615805480084347
326.0,0.4662577,0.0,0.1687117,0.1436782,0.8865031,0.0,0.7575758,0.0151515,0.0227273,0.0704225,0.0,1.0,0.1549296,0.0588235,1.0,10.50783084142058
357.0,0.5098039,0.0,0.1008403,0.0514286,0.9579832,0.0,0.8453608,0.0,0.0,0.1491228,0.0,1.0,0.2280702,0.125,1.0,10.351405324899678
161.0,0.5031056,0.0,0.0496894,0.1125,0.931677,0.0,0.7959184,0.0204082,0.0204082,0.2794118,0.0,0.6734694,0.2941176,0.25,1.0,9.615805480084347
7782.0,0.4698021,0.0021845,0.2020046,0.1478429,0.7579029,0.0633513,0.612587,0.0028463,0.0395319,0.0490226,0.0003163,0.9962049,0.4496241,0.0462069,0.6521739,10.344995251991222
1683.0,0.4622698,0.0023767,0.211527,0.1524862,0.8383838,0.0,0.6616231,0.0,0.0330124,0.0533854,0.002751,0.9944979,0.2486979,0.0599251,0.2,10.360944044643913
106.0,0.490566,0.0,0.0566038,0.1111111,0.9339623,0.0,0.7878788,0.0,0.0,0.1315789,0.0,1.0,0.8421053,0.0,0.0,9.6678285081515
1092.0,0.4734432,0.1034799,0.1794872,0.1478261,0.8708791,0.0,0.6899767,0.0,0.018648,0.1686047,0.0932401,0.8694639,0.3565891,0.1884058,0.8333333,10.012386799492118
5244.0,0.4553776,0.0076278,0.2993898,0.1330532,0.7896644,0.0,0.6319418,0.003447,0.0494064,0.1822737,0.0076599,0.9364228,0.4794864,0.0260631,0.2909091,11.21318430646977
339.0,0.4985251,0.0,0.0914454,0.1,0.9262537,0.0,0.8141593,0.0176991,0.0176991,0.0504202,0.0,1.0,0.2605042,0.1875,0.0,9.758519582283522
47.0,0.3829787,0.8510638,0.3617021,0.3793103,0.7021277,0.0,0.3913043,0.0,0.0,0.3030303,0.9565217,1.0,0.4848485,0.1428571,0.0,9.615805480084347
103.0,0.5533981,0.0,0.1456311,0.0652174,0.8834951,0.0,0.744186,0.0,0.0232558,0.14,0.0,1.0,0.32,0.0,0.0,9.615805480084347
6566.0,0.5007615,0.0759976,0.0788913,0.076266,0.9083156,0.0,0.7829525,0.0057118,0.0373462,0.0751727,0.0628295,0.9789104,0.3015035,0.1322314,0.8269231,10.537441898283253
821.0,0.4640682,0.0,0.3995128,0.3227273,0.6516443,0.1412911,0.5364431,0.0058309,0.0233236,0.111399,0.0,0.9941691,0.3497409,0.0116279,0.9,9.615805480084347
411.0,0.4622871,0.0,0.3552311,0.2352941,0.6642336,0.0,0.4366812,0.0,0.0393013,0.4051948,0.0,1.0,0.6597403,0.0116279,0.8181818,9.70509758756311
268.0,0.4514925,0.2723881,0.119403,0.1428571,0.8731343,0.0,0.733945,0.0183486,0.0275229,0.1615385,0.2477064,1.0,0.2384615,0.0833333,1.0,10.30229722897745
135.0,0.5037037,0.0,0.1703704,0.0298507,0.8888889,0.0,0.75,0.0,0.0384615,0.1186441,0.0,1.0,0.2372881,0.2352941,0.0,10.285376924115587
373.0,0.4879357,0.0,0.2707775,0.2198953,0.7962466,0.0,0.6091954,0.0114943,0.0229885,0.1553398,0.0,1.0,0.3446602,0.0540541,0.5,9.615805480084347
5059.0,0.4882388,0.0031627,0.0389405,0.0486674,0.9146076,0.0448705,0.8407699,0.0008749,0.0183727,0.2485207,0.0052493,0.9895013,0.6160421,0.4226667,0.0,9.615805480084347
23236.0,0.499957,0.0077036,0.0511706,0.0279714,0.908461,0.001205,0.8011885,0.0045214,0.0570986,0.0300714,0.0077509,0.982302,0.1897005,0.1194121,0.175,11.675902789388996
24692.0,0.478981,0.000648,0.1623603,0.1072678,0.8588207,0.0136886,0.7265327,0.0042246,0.0398764,0.056943,0.0009274,0.9868109,0.343504,0.0782807,0.3195266,10.709985739582528
5298.0,0.4752737,0.0054738,0.194413,0.1226619,0.8065308,0.0,0.6412441,0.0025565,0.0630592,0.1255589,0.0051129,0.9804005,0.3129657,0.0463822,0.2941176,11.245059091624615
636.0,0.4575472,0.0031447,0.2091195,0.1913043,0.8254717,0.0,0.6363636,0.0034965,0.020979,0.1226994,0.0034965,0.9965035,0.4355828,0.1,0.5,9.615805480084347
2528.0,0.5063291,0.0181962,0.0530063,0.025641,0.877769,0.0,0.7389558,0.0,0.0421687,0.0514286,0.0130522,0.996988,0.2295238,0.0292208,0.5833333,11.748005492256807
499.0,0.4609218,0.0,0.2184369,0.1524164,0.8637275,0.0,0.6898396,0.0213904,0.026738,0.0507614,0.0,1.0,0.1928934,0.2307692,0.6666667,9.966509298952284
1243.0,0.4939662,0.0008045,0.1914722,0.0985692,0.918745,0.0,0.8,0.0074074,0.0395062,0.028777,0.0,0.9333333,0.3261391,0.2589286,0.4,10.918736348043124
1443.0,0.4781705,0.042273,0.1607762,0.1208499,0.8918919,0.0,0.7495463,0.0072595,0.0235935,0.0831947,0.0417423,0.9945554,0.2312812,0.0545455,0.5714286,10.373522431293592
219.0,0.4885845,0.0,0.2100457,0.1428571,0.8630137,0.0,0.7111111,0.0111111,0.0222222,0.1666667,0.0,0.9888889,0.0833333,0.1818182,0.5,9.680406499268875
10891.0,0.473143,0.0145992,0.1652741,0.1214709,0.8473969,0.0135892,0.6935521,0.0041012,0.0307587,0.0732686,0.0134427,0.9824561,0.2347973,0.0817814,0.5901639,10.376642461280849
2459.0,0.4766165,0.00122,0.1769012,0.1460761,0.8495323,0.0410736,0.7290698,0.0034884,0.0267442,0.0160183,0.0,0.9953488,0.2700229,0.0321101,0.4,10.795506083434564
376.0,0.4760638,0.0,0.2526596,0.1522843,0.8430851,0.0,0.6625,0.0,0.03125,0.0751445,0.0,1.0,0.283237,0.0697674,0.0,9.735128070758227
1039.0,0.4870067,0.1462945,0.1068335,0.0938086,0.9220404,0.0,0.7925532,0.0,0.0079787,0.0693069,0.0851064,1.0,0.2549505,0.1276596,0.6,10.288783966353765
1203.0,0.4829593,0.0,0.162926,0.1141479,0.9002494,0.0,0.7833333,0.00625,0.0208333,0.0569745,0.0,1.0,0.2671906,0.0337079,0.8,10.542732775946709
299.0,0.4782609,0.0,0.1404682,0.0961538,0.909699,0.0,0.7757009,0.0093458,0.0186916,0.0530973,0.0,1.0,0.1769912,0.2272727,1.0,10.757924157061597
160.0,0.5125,0.0,0.1125,0.0897436,0.9,0.0,0.754386,0.0,0.0350877,0.1971831,0.0,1.0,0.1830986,0.4,0.6666667,9.615805480084347
859.0,0.4575087,0.0,0.1769499,0.1287554,0.8847497,0.0,0.7305389,0.0,0.0209581,0.0899183,0.0,1.0,0.2098093,0.1408451,0.875,9.985113621416073
1528.0,0.4888743,0.0032723,0.0981675,0.0960307,0.854712,0.013089,0.7155323,0.0017452,0.0558464,0.0652529,0.0017452,0.9877836,0.3262643,0.0988142,0.7,11.737675724836684
2318.0,0.4775669,0.0720449,0.2118205,0.1593724,0.8287317,0.0,0.6464543,0.0051387,0.036999,0.1265709,0.0647482,0.9948613,0.3249551,0.0778816,0.75,10.016860879703811
418.0,0.5,0.0047847,0.0598086,0.0813397,0.9090909,0.0,0.7919463,0.0067114,0.033557,0.0197368,0.0067114,1.0,0.3157895,0.1111111,0.0,10.064798252418377
437.0,0.4965675,0.0045767,0.0800915,0.0590909,0.9496568,0.0,0.8540146,0.0,0.0145985,0.0283688,0.0072993,0.9927007,0.0992908,0.0952381,1.0,10.485731104959568
67561.0,0.4943829,0.0013025,0.0616776,0.0395199,0.946552,0.0058614,0.8653321,0.001763,0.0268426,0.0212079,0.000853,0.9766265,0.2566657,0.1939823,0.3363636,11.0186455364637
2722.0,0.5187362,0.0003674,0.0631888,0.0358779,0.971712,0.0,0.9037139,0.0013755,0.0055021,0.035809,0.0,0.9834938,0.1153846,0.2432432,1.0,10.968215530759236
193.0,0.4715026,0.0673575,0.2279793,0.1960784,0.8911917,0.0,0.7375,0.0,0.0,0.245283,0.075,1.0,0.3113208,0.0,0.0,10.540090836284206
2737.0,0.5027402,0.0014615,0.0372671,0.0213079,0.923639,0.0,0.8347911,0.0029155,0.03207,0.0687783,0.0019436,0.9912536,0.0624434,0.0363636,0.3103448,12.135655546026104
5376.0,0.5139509,0.0100446,0.125372,0.0895522,0.8524926,0.0,0.7312711,0.0043499,0.0908652,0.0509174,0.0072499,0.9130014,0.1788991,0.0914634,0.35,11.189975390433117
2885.0,0.4967071,0.0967071,0.07487,0.0475207,0.9116118,0.0003466,0.8079602,0.0099502,0.0437811,0.067718,0.0875622,0.9741294,0.2402597,0.1358491,0.0769231,11.026808713825016
489.0,0.4744376,0.0,0.1022495,0.0700389,0.8445808,0.0,0.6528497,0.0,0.0466321,0.1146789,0.0,0.9740933,0.4770642,0.0888889,1.0,10.064798252418377
17136.0,0.4611928,0.0106209,0.4384337,0.1834723,0.8403361,0.0,0.701278,0.0024576,0.0323175,0.1257922,0.0094618,0.9710002,0.2673757,0.0554517,0.4285714,10.729875458480967
1082.0,0.5009242,0.0184843,0.0887246,0.087037,0.9177449,0.0,0.7838542,0.0026042,0.0130208,0.0702179,0.0208333,0.9947917,0.3026634,0.1727273,0.5,10.477316144080852
27208.0,0.4687959,0.044803,0.1727433,0.1314606,0.8262276,0.0184872,0.6668487,0.0047333,0.0395958,0.0671648,0.0346805,0.9908065,0.3168889,0.0730539,0.5322581,10.239995502805316
1717.0,0.5002912,0.0005824,0.1403611,0.0979021,0.8905067,0.0,0.7557756,0.0115512,0.0412541,0.044164,0.0,0.980198,0.285489,0.1872146,0.25,10.328787967145063
11507.0,0.4783175,0.0728252,0.3169375,0.141929,0.8102894,0.0370209,0.7066208,0.0018222,0.0526422,0.1580293,0.0520348,0.9898765,0.418343,0.0879017,0.2903226,11.215879689565481
1392.0,0.4425287,0.0079023,0.1867816,0.1559278,0.7622126,0.0021552,0.5209953,0.0015552,0.0233281,0.0544118,0.0046656,0.9455677,0.3676471,0.0104895,0.4666667,12.021554678392043
10739.0,0.4460378,0.0716082,0.1488034,0.0959825,0.768228,0.0727256,0.6618005,0.0017032,0.0625304,0.0466249,0.0622871,0.9043796,0.4493157,0.0628019,0.6153846,12.3018418108936
2029.0,0.4593396,0.0039428,0.1779202,0.1385597,0.8782652,0.0,0.7075589,0.0012392,0.0123916,0.0300481,0.0037175,0.9987608,0.2007212,0.0510949,0.5,10.725489582719506
2879.0,0.4723862,0.0062522,0.1604724,0.1296906,0.8621049,0.0072942,0.7074707,0.0027003,0.0351035,0.0438898,0.0036004,0.9963996,0.2358003,0.0569395,0.75,10.661977618146238
2731.0,0.4972538,0.0150128,0.0860491,0.0808449,0.8571952,0.0259978,0.7620452,0.0039331,0.0609636,0.0609418,0.0108161,0.9823009,0.2770083,0.0616246,0.1666667,10.933124826700707
1698.0,0.4175501,0.0011779,0.3780919,0.3134479,0.6702002,0.1036514,0.5214564,0.0026008,0.0195059,0.1426979,0.0013004,0.9986996,0.4437012,0.0535714,1.0,10.165890277802454
101082.0,0.4649591,0.2064561,0.1532914,0.1224045,0.6098415,0.0952098,0.4821348,0.0028015,0.132333,0.0882703,0.1844448,0.9762114,0.4111128,0.0477125,0.5804989,11.296024885689746
12520.0,0.459345,0.2452875,0.171885,0.1472891,0.8667732,0.0060703,0.7018072,0.0012048,0.0176707,0.0815197,0.210241,0.9975904,0.3255256,0.096688,0.6231884,10.434145214930487
131.0,0.5496183,0.0,0.1526718,0.0847458,0.9160305,0.0,0.78,0.0,0.0,0.3421053,0.0,0.22,0.4868421,0.0,1.0,9.615805480084347
3378.0,0.4854944,0.0008881,0.1867969,0.141542,0.8208999,0.0230906,0.6536515,0.0036153,0.0274765,0.1312814,0.0007231,0.9956616,0.3925879,0.0676329,0.5714286,10.261196961231647
837.0,0.4886499,0.0011947,0.1111111,0.0420561,0.9390681,0.0,0.8481848,0.0,0.0165017,0.0676923,0.0,0.9966997,0.1415385,0.0566038,0.8,10.943781931879723
336.0,0.5,0.0,0.202381,0.1488095,0.8571429,0.0,0.6802721,0.0,0.0068027,0.1787709,0.0,1.0,0.301676,0.15625,0.3333333,9.615805480084347
2861.0,0.4792031,0.0006991,0.1544914,0.1060403,0.8605383,0.0258651,0.741573,0.0037453,0.0355805,0.0210816,0.0009363,0.9962547,0.2117324,0.072,0.4,11.047726275896391
12703.0,0.4745336,0.0077934,0.166811,0.1277903,0.766197,0.074077,0.6343179,0.0024111,0.0385775,0.046369,0.0024111,0.9963834,0.3956697,0.0448223,0.5,10.53212287826962
127321.0,0.4740066,0.1855625,0.095593,0.0752426,0.7961766,0.0070138,0.6206774,0.005431,0.0882196,0.0609062,0.1600474,0.9444653,0.3610787,0.08599,0.4149184,10.505094936455558
455.0,0.4637363,0.0,0.2263736,0.1844262,0.843956,0.0,0.6597938,0.0051546,0.0206186,0.0628019,0.0,1.0,0.1980676,0.0454545,0.2,9.711176264112805
4264.0,0.4924953,0.0011726,0.1024859,0.0628466,0.9247186,0.0100844,0.8099237,0.0038168,0.0137405,0.0742049,0.0007634,0.9496183,0.2727915,0.1540881,0.4137931,10.829748417047593
2924.0,0.502052,0.004446,0.0810534,0.0618132,0.9346785,0.0088919,0.8586957,0.0019763,0.0167984,0.0488722,0.0039526,1.0,0.1212406,0.0990099,0.5625,10.821796246953596
531.0,0.4839925,0.0,0.2184557,0.1240876,0.8888889,0.0,0.7511737,0.0046948,0.0093897,0.0657895,0.0,1.0,0.3464912,0.1269841,0.0,9.615805480084347
13712.0,0.4896441,0.0151692,0.0816803,0.0591598,0.8789382,0.0024796,0.7338774,0.0037818,0.0457803,0.047041,0.0149283,0.9900478,0.285091,0.0546713,0.173913,11.020283511637867
107.0,0.411215,0.0093458,0.3738318,0.2539683,0.8130841,0.0,0.627451,0.0,0.0196078,0.718232,0.0,1.0,0.0331492,0.0,0.0,12.686339056811123
8499.0,0.4797035,0.0323567,0.143664,0.0621891,0.9365808,0.0,0.8451486,0.0,0.0160078,0.0310225,0.0307089,0.991506,0.0610953,0.0858209,0.4634146,12.576604635598223
1956.0,0.4897751,0.0010225,0.1543967,0.1092184,0.8890593,0.0219836,0.7375201,0.0,0.0144928,0.1386963,0.0,0.9694042,0.2371706,0.1698113,0.75,10.465984899076615
2624.0,0.5026677,0.0533537,0.0712652,0.0559387,0.9051067,0.0,0.8037383,0.0035047,0.0654206,0.0675381,0.0490654,0.9707944,0.1623094,0.0927835,0.125,11.32781201446548
4633.0,0.4819771,0.0720915,0.192316,0.1729167,0.8128642,0.0511548,0.6914648,0.005767,0.0259516,0.110313,0.0668973,0.9348328,0.3576193,0.1289256,0.6304348,10.184937747111391
4885.0,0.5087001,0.0038895,0.0311157,0.0179167,0.9735926,0.0,0.933643,0.0006636,0.0159257,0.0345932,0.0026543,0.9854015,0.0057655,0.2325581,0.3548387,11.751950239425476
976.0,0.4610656,0.0,0.227459,0.1996198,0.8043033,0.0594262,0.6746667,0.0026667,0.024,0.195279,0.0,0.992,0.223176,0.0925926,0.7272727,9.615805480084347
553.0,0.482821,0.0,0.1826401,0.1538462,0.8842676,0.0,0.7375566,0.0045249,0.0180995,0.0555556,0.0,1.0,0.2051282,0.0833333,0.0,10.576457535657255
41.0,0.3902439,0.0,0.1707317,0.2,0.8780488,0.0,0.7058824,0.0,0.0,0.7536232,0.0,1.0,0.5362319,0.0,0.0,10.077482875583607
1159.0,0.497843,0.0025884,0.0500431,0.0532646,0.9421915,0.0077653,0.8333333,0.0,0.0266667,0.1097923,0.0,0.92,0.3442136,0.3902439,0.0,9.615805480084347
300.0,0.5133333,0.0,0.1133333,0.0684932,0.8633333,0.0,0.7454545,0.0181818,0.0909091,0.0983607,0.0,0.9818182,0.2459016,0.1081081,0.0,10.094149233605084
6020.0,0.4822259,0.0242525,0.1053156,0.0981713,0.8913621,0.0282392,0.8107241,0.0022915,0.0256645,0.0328014,0.0229148,0.995417,0.1564716,0.0276243,0.5,11.386239162597649
742.0,0.5067385,0.0,0.1185984,0.1284153,0.8948787,0.0,0.7307692,0.0076923,0.0192308,0.1216216,0.0,1.0,0.2128378,0.1698113,0.0,9.615805480084347
367.0,0.4822888,0.0,0.0408719,0.0631579,0.9427793,0.0,0.8041237,0.0,0.0206186,0.259542,0.0,0.9793814,0.4427481,0.3157895,0.0,9.770013301136158
1081.0,0.4764107,0.0037003,0.0758557,0.0583039,0.9370953,0.0,0.8393352,0.0055402,0.0193906,0.0398936,0.0,0.9861496,0.125,0.1486486,0.0,10.933124826700707
163.0,0.5030675,0.0,0.202454,0.1111111,0.9325153,0.0,0.8135593,0.0,0.0,0.0327869,0.0,0.9830508,0.3114754,0.25,0.0,9.615805480084347
58.0,0.5517241,0.0,0.0689655,0.0769231,0.862069,0.0,0.65,0.05,0.05,0.0909091,0.0,1.0,0.1818182,0.0,1.0,10.077482875583607
160.0,0.48125,0.15,0.1875,0.1325301,0.90625,0.0,0.75,0.0,0.0178571,0.0344828,0.0892857,1.0,0.2241379,0.3846154,0.0,9.893487720457795
366.0,0.5136612,0.0,0.1174863,0.0561798,0.8852459,0.0,0.7384615,0.0076923,0.0538462,0.0510949,0.0,1.0,0.2189781,0.0588235,0.0,10.742918838113225
1581.0,0.4674257,0.2726123,0.1612903,0.1508314,0.8766603,0.0044276,0.7128874,0.0016313,0.0163132,0.0864382,0.2349103,0.9902121,0.2861401,0.1240876,0.3333333,10.203629181337648
3329.0,0.5085611,0.0060078,0.1880445,0.0800733,0.7302493,0.0096125,0.5812958,0.0055012,0.0935208,0.6824534,0.0030562,0.9773839,0.7059394,0.0237154,0.0943396,10.879951039444416
936.0,0.4519231,0.0,0.1826923,0.1520468,0.866453,0.0,0.6863271,0.002681,0.0160858,0.0508906,0.0,0.9946381,0.307888,0.0594059,0.0,10.250652418696085
425.0,0.5176471,0.0,0.1552941,0.1073171,0.8752941,0.0023529,0.7125749,0.0,0.0239521,0.1302083,0.0,0.9700599,0.2864583,0.2,0.0,10.292179440058462
970.0,0.4938144,0.0164948,0.0824742,0.0855397,0.9360825,0.0,0.8343023,0.0,0.0145349,0.0444444,0.0203488,0.997093,0.1666667,0.0769231,0.25,10.742918838113225
1528.0,0.4463351,0.0,0.3232984,0.2092199,0.7977749,0.0294503,0.6281113,0.0029283,0.0131772,0.122108,0.0,1.0,0.2365039,0.0584416,0.5882353,9.615805480084347
349.0,0.47851,0.0,0.1747851,0.1978022,0.8510029,0.0,0.6814815,0.0074074,0.0222222,0.1118421,0.0,0.9555556,0.5131579,0.2222222,0.5,10.158168529848494
990.0,0.459596,0.0020202,0.1464646,0.1252336,0.8616162,0.010101,0.7028424,0.0,0.0206718,0.1041667,0.002584,1.0,0.3171296,0.1012658,0.4545455,10.221977646629885
979.0,0.4494382,0.2900919,0.1716037,0.1521336,0.8621042,0.0,0.6907731,0.0049875,0.0224439,0.1186813,0.2693267,0.9950125,0.2879121,0.1333333,0.6666667,10.25769445336048
3196.0,0.468398,0.0006258,0.2403004,0.1824603,0.8110138,0.037234,0.660701,0.0044743,0.0164057,0.106,0.0,0.9888143,0.3146667,0.0641026,0.5882353,10.106469212026385
3067.0,0.500163,0.0009782,0.1411803,0.0554468,0.9171829,0.0016303,0.8218085,0.0008865,0.0398936,0.0497051,0.001773,0.9796099,0.2089301,0.0987654,0.0,11.859355104555387
923.0,0.4853738,0.0043337,0.2535211,0.2273684,0.7204767,0.1462622,0.6346749,0.0,0.0154799,0.058309,0.0,0.993808,0.3877551,0.0512821,0.5,10.225607282932941
2537.0,0.4737879,0.0011825,0.1911707,0.1475655,0.8454868,0.0,0.6802218,0.0018484,0.0304991,0.0990841,0.0009242,0.9981516,0.2989176,0.0557491,0.5,10.781058245898533
221.0,0.4117647,0.040724,0.321267,0.2923077,0.7692308,0.0,0.5833333,0.0,0.0462963,0.1,0.037037,1.0,0.4833333,0.0,0.0,9.69898173460629
1679.0,0.4800476,0.2584872,0.0726623,0.067583,0.9160214,0.0,0.7890365,0.0049834,0.0215947,0.0444444,0.2093023,0.9916944,0.2587302,0.0965517,0.5,10.348205424565993
304.0,0.5164474,0.0,0.1907895,0.2040816,0.8256579,0.0,0.608,0.0,0.024,0.0671642,0.0,1.0,0.2835821,0.1153846,1.0,9.961803629358965
107.0,0.5046729,0.0,0.2242991,0.0943396,0.8411215,0.0,0.7142857,0.0238095,0.047619,0.125,0.0,1.0,0.2291667,0.2222222,0.0,9.746892220313054
48812.0,0.4905146,0.0096698,0.1024543,0.078049,0.6244776,0.0969229,0.5517684,0.0047975,0.1693629,0.0479074,0.0044628,0.995593,0.4352029,0.0373382,0.3571429,10.791399385808587
1154.0,0.4636049,0.0,0.2911612,0.2100162,0.779896,0.0398614,0.6174089,0.0,0.0323887,0.1066908,0.0,0.9149798,0.3761302,0.0740741,0.5789474,10.047631185616188
3112.0,0.4669023,0.0729434,0.1426735,0.1494876,0.8875321,0.0,0.7269011,0.0008177,0.0122649,0.1163295,0.0703189,0.995094,0.4024566,0.1007463,0.68,9.928228944424575
137.0,0.4744526,0.0,0.1678832,0.0416667,0.9416058,0.0,0.8490566,0.0,0.0,0.1311475,0.0,1.0,0.295082,0.0,1.0,9.615805480084347
2627.0,0.4762086,0.0346403,0.2303007,0.1329942,0.8732394,0.0045679,0.7251908,0.0009542,0.0248092,0.3392182,0.0248092,0.985687,0.1065574,0.0878378,0.6190476,11.954407441448915
35359.0,0.4648887,0.2179643,0.1989875,0.1460811,0.806895,0.0253966,0.6478379,0.0030785,0.0602806,0.1171228,0.166953,0.8149341,0.618545,0.0968807,0.3686131,11.03973275601109
884.0,0.4920814,0.0,0.1346154,0.0846325,0.9128959,0.0,0.7791798,0.0,0.0189274,0.0730994,0.0,0.9905363,0.1491228,0.1230769,1.0,9.83097062169695
3542.0,0.461039,0.000847,0.1815359,0.1382923,0.8303219,0.0296443,0.6831334,0.0014114,0.0268172,0.1121554,0.0007057,0.9992943,0.3677945,0.0823529,0.7777778,10.181157167204903
3326.0,0.4657246,0.0039086,0.1767889,0.1457513,0.8132892,0.0087192,0.6327725,0.0080468,0.051207,0.0862299,0.0021946,0.9963424,0.3208556,0.0701754,0.2857143,10.789339695269716
493.0,0.5030426,0.0020284,0.137931,0.1510204,0.9006085,0.0,0.7431694,0.0,0.010929,0.071066,0.0054645,1.0,0.2639594,0.1764706,0.5,9.994287576862567
163.0,0.4294479,0.0981595,0.2760736,0.3010753,0.803681,0.0,0.5949367,0.0,0.0,0.0595238,0.0759494,1.0,0.2857143,0.0,0.0,9.989711119284745
10836.0,0.4735142,0.0559247,0.1018826,0.1056968,0.7934662,0.0155039,0.6336488,0.0050473,0.0588854,0.0619452,0.0561514,0.9907466,0.5620438,0.0349908,0.3333333,10.949068194652432
748.0,0.4759358,0.0213904,0.1537433,0.1352041,0.8970588,0.0,0.7550336,0.0,0.0134228,0.0773994,0.0100671,0.9966443,0.3467492,0.0666667,0.6666667,9.792611856190192
57.0,0.4385965,0.0,0.2982456,0.125,0.8947368,0.0,0.7692308,0.0,0.0,0.1333333,0.0,1.0,0.4666667,0.0,0.0,10.819798284210286
7382.0,0.4643728,0.0070442,0.1750203,0.1322711,0.8341913,0.003793,0.6499335,0.0019947,0.0425532,0.0173146,0.0053191,0.9950133,0.2901013,0.0444015,0.7142857,11.503894811084523
1174.0,0.4897785,0.0,0.213799,0.1786311,0.8568995,0.0477002,0.7624703,0.0,0.0166271,0.1099366,0.0,0.9976247,0.1014799,0.1111111,0.9166667,9.648659816955295
1976.0,0.4387652,0.2930162,0.2742915,0.2461677,0.7930162,0.0602227,0.6429479,0.0,0.0114358,0.1147357,0.2477764,0.9949174,0.3329584,0.1369295,0.3333333,9.99884318585288
1026.0,0.4668616,0.2368421,0.2426901,0.1462523,0.785575,0.0,0.5991379,0.0043103,0.0668103,0.4917853,0.2219828,0.9784483,0.2902519,0.0806452,0.5416667,11.423011698301428
148.0,0.4864865,0.0,0.1891892,0.1052632,0.7905405,0.0,0.6470588,0.0147059,0.0588235,0.2093023,0.0,0.9852941,0.244186,0.1764706,1.0,9.90353755128617
29.0,0.4137931,0.0,0.137931,0.1764706,0.862069,0.0,0.7333333,0.0,0.0,0.25,0.0,1.0,0.2,0.0,1.0,9.770013301136158
2055.0,0.4948905,0.0632603,0.1104623,0.0693642,0.9085158,0.0,0.7860892,0.003937,0.0223097,0.0615764,0.0577428,0.9908136,0.2561576,0.1205674,0.4166667,10.813780332606648
107.0,0.5046729,0.0,0.0747664,0.0566038,0.9065421,0.0373832,0.8611111,0.0,0.0277778,0.027027,0.0,0.6944444,0.3513514,0.2857143,0.0,9.615805480084347
1157.0,0.4891962,0.0,0.2117545,0.1353638,0.8115817,0.0,0.6302187,0.0119284,0.0397614,0.1065719,0.0,0.9840954,0.4653641,0.0618557,0.0,10.32551474894327
2995.0,0.4664441,0.0163606,0.1415693,0.1095119,0.8654424,0.0130217,0.7150442,0.0026549,0.0318584,0.0308748,0.020354,0.9893805,0.2692967,0.0554156,0.6,11.184435286790631
1273.0,0.4909662,0.0,0.3032207,0.1435185,0.8381775,0.0,0.6991597,0.0016807,0.0436975,0.4032096,0.0,0.994958,0.446339,0.0582524,0.5555556,10.661977618146238
16189.0,0.4748904,0.2305887,0.1513373,0.1290436,0.6823152,0.0553462,0.5202622,0.0025328,0.0998212,0.0494264,0.1877235,0.9170143,0.4867582,0.0706781,0.4166667,12.03706802344148
1138.0,0.4674868,0.0017575,0.2144112,0.2079208,0.7917399,0.102812,0.7227488,0.0,0.0047393,0.0663717,0.0,1.0,0.3340708,0.0733945,0.6666667,10.181157167204903
2167.0,0.4960775,0.0124596,0.1185971,0.0824176,0.8661744,0.0226119,0.758665,0.0064185,0.0513479,0.0465116,0.0064185,0.9897304,0.2178703,0.044843,0.5,11.83065893676428
108.0,0.4907407,0.0,0.1203704,0.1090909,0.787037,0.0,0.6097561,0.0243902,0.0487805,0.1632653,0.0,1.0,0.2653061,0.1666667,0.0,9.615805480084347
563.0,0.4813499,0.0017762,0.2024867,0.1746575,0.8419183,0.0106572,0.6919643,0.0044643,0.03125,0.0967742,0.0,1.0,0.2379032,0.0930233,0.6,10.540090836284206
115.0,0.4956522,0.0,0.0869565,0.1206897,0.9391304,0.0,0.8372093,0.0,0.0,0.1041667,0.0,1.0,0.2708333,0.0,0.0,10.021315031649332
1033.0,0.4830591,0.0,0.2081317,0.1629213,0.8799613,0.0116167,0.75,0.0,0.020202,0.0548926,0.0,0.9974747,0.1073986,0.05,0.0,10.34177474101152
1203.0,0.521197,0.0,0.1886949,0.1215278,0.8636741,0.0008313,0.7011952,0.0,0.0239044,0.0856102,0.0,0.9960159,0.3752277,0.1397059,0.3,10.33854382482173
3267.0,0.4508724,0.5004591,0.161004,0.1460424,0.8552189,0.0205081,0.6944674,0.0024773,0.0231214,0.0619675,0.4327002,0.9983485,0.3369481,0.1119048,0.3076923,10.261196961231647
856.0,0.5093458,0.0011682,0.0841121,0.0619048,0.942757,0.0,0.8419244,0.0,0.0103093,0.0490196,0.0,0.9931271,0.1470588,0.1111111,1.0,10.753659849198824
906.0,0.4933775,0.0011038,0.1931567,0.1372549,0.8366446,0.0,0.6470588,0.0025575,0.0230179,0.3067376,0.0025575,0.9897698,0.4202128,0.0833333,0.8333333,9.615805480084347
11272.0,0.4942335,8.87e-05,0.0935947,0.0599895,0.941714,0.0035486,0.8325653,0.0033794,0.0156682,0.0321142,0.0,0.984639,0.2337199,0.1873536,0.5714286,10.77270764101727
61.0,0.4590164,0.0,0.1639344,0.1515152,0.8688525,0.0,0.6521739,0.0,0.0,0.2068966,0.0,1.0,0.2413793,1.0,1.0,9.615805480084347
6014.0,0.4913535,0.0033256,0.1245427,0.0800915,0.872298,0.0,0.7332762,0.0081475,0.0493139,0.0497148,0.0021441,0.9961407,0.2738386,0.0893099,0.05,10.887455624298198
2941.0,0.4709283,0.0853451,0.0139408,0.0141388,0.8214893,0.0,0.6562242,0.0074196,0.075845,0.1517483,0.0750206,0.8169827,0.5321678,0.0501792,0.6923077,11.028433383156079
19949.0,0.479623,0.0043611,0.16472,0.1164628,0.907063,0.0140358,0.8011348,0.0009687,0.0161915,0.0225889,0.0019374,0.9817326,0.1133505,0.047088,0.4615385,11.304682841344873
5203.0,0.4601192,0.001922,0.1823948,0.1470274,0.785124,0.0326735,0.6207216,0.0050879,0.0425532,0.1179111,0.0013876,0.9902868,0.4337005,0.0850816,0.35,10.70101727068921
343.0,0.4781341,0.0,0.1574344,0.1061453,0.9154519,0.0,0.7874016,0.007874,0.007874,0.1360544,0.0,1.0,0.2244898,0.1428571,1.0,9.75272280064639
429.0,0.5104895,0.1468531,0.1445221,0.1095238,0.8648019,0.0,0.7142857,0.0119048,0.047619,0.1683168,0.1369048,0.9940476,0.4455446,0.0588235,1.0,9.985113621416073
4979.0,0.4651536,0.061659,0.202852,0.1734885,0.8590078,0.0184776,0.7178068,0.0025151,0.0206237,0.0947177,0.0503018,0.999497,0.3060109,0.0776515,0.6730769,10.064798252418377
4199.0,0.5022624,0.0016671,0.1166945,0.0588517,0.9449869,0.0019052,0.8641887,0.0007148,0.0178699,0.0404664,0.0,0.9871337,0.0377229,0.1836735,0.7419355,11.97098934828825
502.0,0.498008,0.001992,0.2649402,0.1547619,0.8087649,0.0,0.6157205,0.0043668,0.0262009,0.1672727,0.0,0.9956332,0.3490909,0.0357143,1.0,9.615805480084347
52931.0,0.4705371,0.0300202,0.1826907,0.1256735,0.7249627,0.0235023,0.5760148,0.0044816,0.1131173,0.0392482,0.0281824,0.9294148,0.5067484,0.0445388,0.1785714,11.80560254159177
36716.0,0.7686295,0.2468679,0.0003813,0.0017657,0.3981098,0.6004194,0.9889922,0.0004892,0.0014677,0.0208383,0.2480431,0.9112035,0.4474251,0.2001524,0.0,11.225256725762893
315.0,0.4952381,0.0,0.1206349,0.081761,0.9396825,0.0,0.8468468,0.0,0.018018,0.059322,0.0,1.0,0.3474576,0.1176471,0.3333333,9.62911649414402
1360.0,0.4654412,0.0,0.1389706,0.1348006,0.9022059,0.0,0.754902,0.0,0.0156863,0.1068301,0.0,0.972549,0.4500876,0.15625,0.4166667,10.158168529848494
359.0,0.454039,0.0,0.1364903,0.1581633,0.8718663,0.0,0.6985294,0.0,0.0367647,0.1052632,0.0,1.0,0.1513158,0.0,0.0,10.030164255362632
2576.0,0.4693323,0.0263975,0.1319876,0.113387,0.9045031,0.0197981,0.7679426,0.0,0.0011962,0.1631632,0.034689,0.6303828,0.4004004,0.2135922,0.8,9.975854724662028
852.0,0.4495305,0.0,0.1760563,0.1577825,0.8861502,0.0,0.7240356,0.0029674,0.0089021,0.1381074,0.0,1.0,0.3375959,0.0857143,1.0,10.106469212026385
232.0,0.4396552,0.0,0.1594828,0.1384615,0.8793103,0.0,0.6904762,0.0,0.0238095,0.106383,0.0,1.0,0.1808511,0.0,1.0,10.077482875583607
950.0,0.4463158,0.0,0.1410526,0.1634981,0.8936842,0.0,0.7295082,0.0,0.0027322,0.0962963,0.0,1.0,0.3580247,0.1057692,0.8888889,10.268165387743457
175.0,0.4342857,0.0,0.2114286,0.1919192,0.8571429,0.0,0.6835443,0.0,0.0,0.1684211,0.0,1.0,0.3052632,0.0909091,0.0,9.615805480084347
11880.0,0.4759259,0.0843434,0.159596,0.1450369,0.8368687,0.0158249,0.6826984,0.0051075,0.0425622,0.0569938,0.0729943,0.9919132,0.2753361,0.0734979,0.5306122,11.050905878263567
1901.0,0.5013151,0.0010521,0.0862704,0.0727848,0.9484482,0.0,0.8481013,0.0084388,0.0295359,0.0424242,0.0,0.6687764,0.6080808,0.4077253,0.0,10.236417809461043
558.0,0.483871,0.0,0.09319,0.0798611,0.90681,0.0,0.7766497,0.0050761,0.0253807,0.0436893,0.0,1.0,0.2669903,0.0588235,0.25,10.5506169722625
39412.0,0.4944941,0.0073328,0.1003248,0.0703207,0.8643053,0.0132954,0.7467412,0.0089529,0.0669675,0.0450068,0.0058015,0.9334623,0.3708618,0.1269502,0.2251656,11.80036500801413
358.0,0.4776536,0.0083799,0.0977654,0.1069519,0.9217877,0.0,0.7936508,0.0,0.015873,0.080292,0.0079365,1.0,0.189781,0.32,0.0,10.448743588106625
1247.0,0.4867682,0.0,0.064154,0.0359375,0.9238172,0.0,0.8151659,0.0047393,0.035545,0.0186047,0.0,0.992891,0.1325581,0.0847458,0.6666667,10.891186902297498
159.0,0.4465409,0.0,0.1886792,0.125,0.8805031,0.0,0.7017544,0.0,0.0350877,0.313253,0.0,1.0,0.4096386,0.1428571,1.0,9.615805480084347
26867.0,0.4937656,0.0141065,0.1011278,0.0639659,0.859828,0.0080024,0.7355259,0.0047679,0.0647076,0.0411457,0.0125523,0.9610781,0.2387572,0.0492846,0.2545455,11.913049669142206
620.0,0.5016129,0.0016129,0.1306452,0.0679612,0.8967742,0.0,0.7616822,0.0093458,0.046729,0.0272727,0.0,0.9953271,0.1863636,0.1272727,0.5,10.657282884047461
388.0,0.4948454,0.0,0.0721649,0.0612245,0.9407216,0.0,0.7962963,0.0,0.0092593,0.3076923,0.0,0.9722222,0.8653846,0.2444444,0.0,9.615805480084347
4419.0,0.4847251,0.0434487,0.1674587,0.1383399,0.8368409,0.0239873,0.699586,0.0076878,0.0502661,0.049466,0.035482,0.9846245,0.3715571,0.1105121,0.48,10.43708198835482
94.0,0.5212766,0.5531915,0.2021277,0.1111111,0.8829787,0.0,0.65625,0.0,0.0,0.2888889,0.5,1.0,0.2888889,0.0,0.0,9.615805480084347
5137.0,0.488612,0.0449679,0.1687755,0.1130567,0.9028616,0.0,0.7718651,0.0015806,0.0258166,0.0104275,0.0379347,0.955216,0.1830031,0.0416667,0.2,11.326607934898927
1132.0,0.4708481,0.0017668,0.1660777,0.1135225,0.869258,0.0,0.7230769,0.0021978,0.0417582,0.0990099,0.0,1.0,0.1960396,0.0634921,0.7777778,10.69650269224425
2169.0,0.4596588,0.0129092,0.197787,0.1672355,0.8275703,0.0129092,0.6579498,0.0031381,0.0167364,0.0895238,0.0135983,0.9958159,0.3809524,0.0525,0.5,10.39516093745751
329.0,0.5227964,0.0,0.3161094,0.133758,0.8176292,0.0,0.6329114,0.0,0.0126582,0.2403846,0.0,1.0,0.3509615,0.0714286,1.0,9.615805480084347
3762.0,0.4673046,0.040404,0.1523126,0.1282435,0.8405104,0.0,0.6683904,0.0084034,0.0433096,0.0355362,0.0413704,0.9896574,0.3821696,0.0584958,1.0,10.872389709681492
13092.0,0.4624198,0.0546135,0.198289,0.125746,0.7456462,0.0,0.560372,0.0044136,0.0712484,0.0570749,0.0480769,0.9943253,0.4365339,0.0221481,0.2666667,10.959557617938563
1674.0,0.4832736,0.0023895,0.1481481,0.1121387,0.8930705,0.0035842,0.7414075,0.00491,0.0196399,0.1664393,0.00491,0.4991817,0.3997271,0.1243523,0.7272727,10.389026137075234
18485.0,0.4921829,0.0016229,0.1549364,0.1209119,0.8913714,0.007195,0.7538273,0.0030618,0.0309247,0.0228871,0.0021433,0.8643601,0.3515333,0.1837558,0.1764706,11.329014645967838
3223.0,0.4920881,0.0192367,0.0797394,0.0513134,0.946013,0.0,0.86,0.0019048,0.0228571,0.0168539,0.0133333,0.9942857,0.0627341,0.208589,0.8333333,10.793454842740767
7680.0,0.4613281,0.000651,0.2270833,0.1757312,0.8303385,0.0,0.6448203,0.0021142,0.0311084,0.0273208,0.000604,0.9770462,0.4374266,0.0149142,0.0833333,11.499850357082506
3377.0,0.4788274,0.0971276,0.1264436,0.1346591,0.8993189,0.0,0.7555192,0.0032706,0.0261652,0.1111919,0.0948487,0.997547,0.3401163,0.1449631,0.6538462,9.994287576862567
303.0,0.5049505,0.0,0.0957096,0.0933333,0.8613861,0.0,0.7387387,0.018018,0.0630631,0.059322,0.0,1.0,0.1949153,0.0384615,0.0,10.5610334618531
16210.0,0.4841456,0.0119062,0.2167181,0.1199474,0.8563849,0.0143738,0.6989372,0.0026569,0.0347061,0.1202337,0.0089671,0.7809698,0.4832725,0.2129489,0.2727273,11.184435286790631
103.0,0.5631068,0.0,0.1359223,0.0888889,0.8543689,0.0,0.625,0.0,0.0,0.1489362,0.0,0.975,0.2978723,0.0,1.0,9.615805480084347
7825.0,0.4811502,0.0014058,0.1211502,0.1019704,0.834377,0.0291374,0.704,0.0048696,0.0570435,0.0407074,0.0013913,0.9954783,0.3883884,0.035964,0.4782609,10.827766295132466
2144.0,0.4706157,0.0009328,0.1371269,0.1030837,0.8885261,0.0,0.7420538,0.0036675,0.0305623,0.0399061,0.0,0.9804401,0.2546948,0.0653061,0.5,10.264687244346277
1562.0,0.4603073,0.2663252,0.1805378,0.1613286,0.8444302,0.0371319,0.7118353,0.0017153,0.025729,0.1016949,0.2161235,0.9965695,0.3220339,0.1118421,0.7,10.192456296870509
698.0,0.4813754,0.0,0.1891117,0.1353591,0.9025788,0.0,0.7666667,0.0037037,0.0148148,0.0625,0.0,0.9962963,0.1979167,0.1086957,1.0,10.413342705547674
717.0,0.5216179,0.0432357,0.1283124,0.0466472,0.9316597,0.0,0.8359375,0.0,0.0273438,0.088968,0.0546875,0.9726562,0.1601423,0.1,0.3636364,11.107975224295076
322.0,0.4813665,0.0,0.1180124,0.0658683,0.9130435,0.0,0.8076923,0.0192308,0.0480769,0.0095238,0.0,0.8269231,0.1619048,0.3181818,0.0,10.70551155928146
2062.0,0.485936,0.000485,0.1653734,0.0962264,0.8923375,0.0,0.7385378,0.0037175,0.0086741,0.0381406,0.0,0.9975217,0.1907032,0.0909091,0.0,10.762170357789895
637.0,0.4348509,0.6797488,0.1585557,0.1444444,0.8932496,0.0,0.7276596,0.0,0.012766,0.1098485,0.6042553,1.0,0.3333333,0.1451613,0.8,9.615805480084347
202.0,0.490099,0.0,0.2277228,0.1650485,0.8316832,0.0,0.6363636,0.0,0.0227273,0.1111111,0.0,1.0,0.2424242,0.0,1.0,10.003378135350923
11849.0,0.457507,0.0081863,0.2090472,0.1510579,0.7995611,0.0283568,0.6407112,0.0030656,0.0488453,0.0807815,0.0057225,0.981402,0.4052226,0.0586995,0.6176471,11.441440204346033
851.0,0.4782609,0.0305523,0.2232667,0.1621622,0.826087,0.0164512,0.6621253,0.0,0.0245232,0.128266,0.0245232,0.9945504,0.3871734,0.0379747,0.5555556,9.746892220313054
2331.0,0.4967825,0.007293,0.1522952,0.0460358,0.9232089,0.0,0.8406417,0.0,0.0278075,0.1606822,0.0096257,0.9935829,0.0816876,0.1044776,0.4761905,11.385103457032141
3859.0,0.468256,0.0002591,0.2106763,0.1798246,0.8416688,0.0,0.6466212,0.0024799,0.0223187,0.0998884,0.0,0.9981401,0.1941964,0.0522876,0.8,9.867912187022208
997.0,0.4694082,0.0,0.1444333,0.0888469,0.8956871,0.0,0.7458564,0.0,0.0331492,0.095,0.0,0.9861878,0.28,0.1681416,0.2857143,10.30229722897745
1610.0,0.4397516,0.0434783,0.2496894,0.1929047,0.8111801,0.0142857,0.6272855,0.0014065,0.0225035,0.080207,0.0407876,1.0,0.3686934,0.0524476,0.8888889,10.134638955251866
135.0,0.4814815,0.0,0.0296296,0.0857143,0.9185185,0.0,0.7567568,0.0,0.0540541,0.212766,0.0,1.0,0.893617,0.1333333,0.0,10.428245666832275
1164.0,0.4381443,0.0,0.2250859,0.2094801,0.847079,0.0283505,0.7161017,0.0042373,0.0169492,0.0923077,0.0,1.0,0.3903846,0.11875,0.0,9.923339198238729
4243.0,0.4786708,0.1249116,0.1458873,0.113472,0.8406788,0.0117841,0.6664549,0.001906,0.0559085,0.0943613,0.1219822,0.819568,0.4171461,0.1295455,0.2941176,11.209127560632263
717.0,0.4769874,0.013947,0.0808926,0.064,0.9232915,0.0,0.7860082,0.0041152,0.0123457,0.0318725,0.0123457,1.0,0.2231076,0.0151515,0.5,10.764286715905591
2191.0,0.4970333,0.0073026,0.0830671,0.0744102,0.911456,0.013236,0.8201635,0.0095368,0.0286104,0.0732323,0.0054496,0.9877384,0.2689394,0.1082474,0.5384615,10.778977123006351
802.0,0.446384,0.0448878,0.2082294,0.1576577,0.8553616,0.021197,0.7077922,0.0,0.0292208,0.0609756,0.0454545,1.0,0.1920732,0.1573034,1.0,10.150386692204734
1499.0,0.4569713,0.0,0.1961308,0.1597052,0.8685791,0.0,0.7016667,0.0066667,0.02,0.072643,0.0,1.0,0.1700155,0.1411765,1.0,9.862717639992917
3876.0,0.4868421,0.001806,0.129773,0.0980392,0.8978328,0.0224458,0.8013544,0.0015049,0.0300978,0.0348584,0.0015049,0.9879609,0.1394336,0.0578512,0.1666667,11.418625774449596
1162.0,0.4698795,0.0,0.2254733,0.163961,0.8571429,0.0,0.6589474,0.0021053,0.0063158,0.0900383,0.0,0.9978947,0.2547893,0.1680672,0.7,10.085850775128717
683.0,0.5183016,0.0,0.0717423,0.0607903,0.8418741,0.0585652,0.6871508,0.0,0.0670391,0.1751152,0.0,0.9217877,0.562212,0.173913,0.75,11.452123952509567
227.0,0.4889868,0.0,0.0969163,0.0775862,0.7356828,0.0,0.5660377,0.0188679,0.0943396,0.2789116,0.0,0.9716981,0.4965986,0.0810811,1.0,10.566201298475118
3196.0,0.4705882,0.1886733,0.2199625,0.1962175,0.8207134,0.0281602,0.6422956,0.0,0.0172956,0.1814672,0.1918239,0.9064465,0.3712999,0.1183575,0.7735849,10.211009016314167
643.0,0.5272162,0.0031104,0.0948678,0.1151316,0.8662519,0.0,0.6866953,0.0,0.0343348,0.0790514,0.0085837,0.9914163,0.3438735,0.1285714,1.0,10.65492722584759
9320.0,0.4914163,0.0025751,0.1108369,0.0833333,0.8896996,0.0126609,0.7681805,0.0041555,0.0299792,0.0458794,0.0026714,0.989908,0.221467,0.0744544,0.25,10.70101727068921
5709.0,0.466982,0.0007006,0.1534419,0.125534,0.849711,0.017341,0.7040724,0.0058824,0.0343891,0.0916564,0.0,0.9963801,0.3300452,0.0860215,0.6578947,10.130662964963708
316.0,0.5189873,0.0031646,0.1107595,0.1381579,0.9208861,0.0,0.7747748,0.0,0.0,0.1048387,0.0,1.0,0.3306452,0.1764706,0.3333333,9.615805480084347
1053.0,0.4577398,0.0,0.2089269,0.1768827,0.8603989,0.0,0.690205,0.0022779,0.0205011,0.0738397,0.0,0.9977221,0.3902954,0.0576923,0.75,10.122663242288953
491.0,0.4745418,0.0,0.1038697,0.0775194,0.9083503,0.0,0.7916667,0.0119048,0.0297619,0.0967742,0.0,1.0,0.3602151,0.2291667,0.0,10.32551474894327
209.0,0.5167464,0.0,0.1291866,0.1584158,0.7894737,0.0,0.5842697,0.0224719,0.0449438,0.0729167,0.0,1.0,0.3125,0.0625,0.0,9.70509758756311
123.0,0.4796748,0.0,0.1219512,0.109375,0.9430894,0.0,0.8205128,0.0,0.0,0.025,0.0,1.0,0.225,0.0,0.0,10.819798284210286
55.0,0.4727273,0.1454545,0.2,0.2068966,0.8545455,0.0,0.68,0.0,0.0,0.137931,0.24,1.0,0.1724138,0.0,0.0,10.542732775946709
767.0,0.5019557,0.0026076,0.1499348,0.1256545,0.8878748,0.0,0.7368421,0.0032895,0.0164474,0.0731707,0.0,1.0,0.2073171,0.0645161,1.0,10.073272520325904
420.0,0.4714286,0.002381,0.097619,0.0765766,0.9190476,0.0,0.7972028,0.0,0.034965,0.0466667,0.0,1.0,0.2333333,0.0909091,0.5,10.55323128448846
671.0,0.485842,0.0014903,0.0551416,0.0492754,0.9463487,0.0,0.8454106,0.0,0.0193237,0.0372093,0.0,1.0,0.1302326,0.1052632,0.0,10.638280388314705
250.0,0.524,0.0,0.188,0.1176471,0.88,0.0,0.7314815,0.0,0.0092593,0.0769231,0.0,1.0,0.4273504,0.0555556,0.3333333,9.957075711706057
602.0,0.4817276,0.0581395,0.0996678,0.0833333,0.9086379,0.0,0.7777778,0.0,0.0222222,0.0546218,0.0488889,1.0,0.2058824,0.125,0.0,10.468829770273567
495.0,0.5030303,0.0,0.220202,0.1341463,0.8747475,0.0,0.6965174,0.0,0.0049751,0.1026786,0.0,0.9502488,0.2678571,0.2105263,0.5,9.615805480084347
3266.0,0.4577465,0.3331292,0.1717697,0.1462451,0.8778322,0.0064299,0.7193264,0.0024058,0.0176423,0.0488177,0.2838813,0.9943865,0.2494279,0.1111111,0.68,10.401258331428318
2049.0,0.4734017,0.0,0.1527574,0.1232623,0.8999512,0.0,0.7657658,0.002574,0.027027,0.1190476,0.0,0.953668,0.478458,0.0784314,0.3636364,10.047631185616188
1615.0,0.4811146,0.0018576,0.2359133,0.146778,0.847678,0.0,0.6880466,0.0058309,0.0379009,0.3378378,0.0014577,0.9956268,0.3696911,0.0390625,0.875,10.537441898283253
1142.0,0.4676007,0.0052539,0.1514886,0.1151316,0.8791594,0.0,0.7149425,0.0,0.0275862,0.1317365,0.0022989,0.9977011,0.2814371,0.0930233,0.6666667,10.61890979160975
108.0,0.4351852,0.0,0.1944444,0.1967213,0.7685185,0.0,0.5490196,0.0,0.0392157,0.0727273,0.0,1.0,0.5090909,0.0,0.0,9.615805480084347
37120.0,0.4802802,0.0106142,0.1341325,0.0994713,0.8711207,0.0143319,0.7349378,0.0038474,0.0597577,0.0408291,0.0120334,0.6859037,0.5270886,0.1849968,0.3448276,12.12595201815431
1020.0,0.4715686,0.8539216,0.0647059,0.0816327,0.9588235,0.0,0.8598485,0.0037879,0.0189394,0.0989761,0.8068182,1.0,0.3924915,0.2982456,1.0,9.642187721358466
6072.0,0.4757905,0.0004941,0.118083,0.1046183,0.9013505,0.0115283,0.7852018,0.0035874,0.0147982,0.0773686,0.0008969,0.9802691,0.2453455,0.1276151,0.6545455,10.34177474101152
8584.0,0.501165,0.0241146,0.1058947,0.0824381,0.8646319,0.0,0.6957182,0.0045551,0.0397814,0.0510086,0.0303674,0.9523231,0.3463977,0.0545302,0.5,10.740756721857226
1508.0,0.4595491,0.0185676,0.2228117,0.206135,0.765252,0.0941645,0.636528,0.0018083,0.0198915,0.1671687,0.0126582,0.9927667,0.3975904,0.1919192,0.9090909,9.615805480084347
434.0,0.4976959,0.0,0.0875576,0.0825688,0.9239631,0.0,0.775,0.0166667,0.025,0.2405063,0.0,0.95,0.3544304,0.2,0.0,10.098272780745283
114.0,0.5263158,0.0,0.1140351,0.0925926,0.8421053,0.0,0.6818182,0.0227273,0.0454545,0.12,0.0,1.0,0.14,0.0,0.8,10.034559673629849
127.0,0.519685,0.1023622,0.1417323,0.1967213,0.8818898,0.0,0.6938776,0.0,0.0,0.02,0.0408163,1.0,0.26,0.25,0.0,10.12667110305036
159.0,0.4402516,0.0,0.245283,0.1573034,0.8050314,0.0377358,0.6617647,0.0,0.0294118,0.1168831,0.0,1.0,0.2207792,0.125,1.0,9.615805480084347
18227.0,0.4890547,0.0485543,0.0928842,0.0846129,0.8715093,0.0021945,0.7127755,0.0026802,0.0473496,0.0599104,0.0580703,0.9705182,0.3754199,0.0377507,0.1525424,11.287291314687705
616.0,0.4886364,0.3214286,0.150974,0.1206349,0.9058442,0.0,0.76,0.0,0.0177778,0.0546218,0.3111111,1.0,0.2647059,0.1176471,1.0,9.994287576862567
1313.0,0.4821021,0.0,0.1439452,0.1176471,0.8910891,0.0,0.7214137,0.006237,0.012474,0.0321932,0.0,0.997921,0.1770624,0.1089109,0.0,10.385944565501662
3909.0,0.4648248,0.0010233,0.2228191,0.1778203,0.8503454,0.0046048,0.6701929,0.0006223,0.0205352,0.0838084,0.0006223,0.9950218,0.190992,0.086785,0.7777778,10.21833478806055
486.0,0.5164609,0.0,0.1090535,0.0765957,0.9156379,0.0,0.7797619,0.0,0.0238095,0.0561798,0.0,1.0,0.2808989,0.1481481,1.0,10.275085591132715
30326.0,0.4561762,0.2971048,0.1788564,0.1657167,0.7871134,0.0554969,0.6457362,0.002998,0.0343937,0.0832888,0.2619087,0.9888408,0.3681197,0.0890716,0.4301676,10.39821428171237
2079.0,0.4920635,0.005291,0.0755171,0.0435606,0.9283309,0.0,0.8337875,0.0027248,0.0258856,0.0200267,0.0054496,0.9972752,0.1575434,0.064,0.3333333,11.044536531401494
393.0,0.4631043,0.0,0.1959288,0.1706161,0.8396947,0.0,0.6506024,0.0,0.0301205,0.2654867,0.0,1.0,0.4070796,0.08,0.75,9.711176264112805
351.0,0.4786325,0.0,0.2279202,0.1530055,0.8319088,0.0,0.6688742,0.013245,0.0331126,0.0792683,0.0,0.9933775,0.195122,0.0384615,0.6666667,9.741027444837728
1401.0,0.4275517,0.0,0.3369022,0.2481297,0.7837259,0.0364026,0.6180666,0.0031696,0.0158479,0.1036932,0.0,0.9952456,0.3409091,0.042328,0.9333333,9.717218213494077
1126.0,0.4662522,0.0,0.3614565,0.2562396,0.7069272,0.0852575,0.5831579,0.0021053,0.0442105,0.0365112,0.0,1.0,0.3590264,0.0299401,0.75,10.292179440058462
1841.0,0.4894079,0.0005432,0.3302553,0.1255319,0.8636611,0.0,0.732852,0.0024067,0.0312876,0.2506763,0.0012034,0.9855596,0.4833183,0.0735294,0.1538462,11.036517370851499
97.0,0.4329897,0.257732,0.1958763,0.0909091,0.8453608,0.0,0.6666667,0.025641,0.025641,0.2040816,0.1538462,0.9487179,0.5714286,0.4285714,0.0,9.615805480084347
546.0,0.459707,0.0,0.2032967,0.159322,0.8754579,0.0,0.7090909,0.0045455,0.0136364,0.1439689,0.0,0.9954545,0.3346304,0.2391304,0.6153846,9.615805480084347
521.0,0.4721689,0.0518234,0.2053743,0.1709091,0.8579655,0.0,0.6760563,0.0,0.0234742,0.141129,0.0422535,0.9906103,0.3870968,0.1551724,1.0,9.928228944424575
1303.0,0.4405219,0.1895625,0.1926324,0.1934156,0.8595549,0.0,0.6895307,0.0018051,0.0180505,0.0610169,0.1534296,0.9963899,0.2711864,0.0731707,0.8571429,9.97119292889014
1081.0,0.4708603,0.0462535,0.1748381,0.1993007,0.8834413,0.0,0.7098321,0.0,0.0119904,0.2057143,0.0527578,0.9976019,0.3542857,0.1449275,0.9285714,9.615805480084347
741.0,0.4871795,0.437247,0.1322537,0.1263158,0.8906883,0.0,0.7220077,0.003861,0.030888,0.1535948,0.3590734,0.988417,0.4444444,0.1504425,0.5,10.332050506334692
3533.0,0.4876875,0.0353807,0.1103878,0.1005525,0.9139541,0.0101896,0.7886383,0.0016708,0.0100251,0.1382289,0.0325815,0.7677527,0.337653,0.218107,0.7647059,10.106469212026385
126.0,0.4603175,0.0,0.1269841,0.0735294,0.8571429,0.0,0.744186,0.0232558,0.0930233,0.122449,0.0,1.0,0.2857143,0.0,1.0,9.642187721358466
1068.0,0.4719101,0.2359551,0.1179775,0.1507092,0.8970037,0.0,0.7387863,0.005277,0.0211082,0.0306905,0.2110818,0.9920844,0.3222506,0.1184211,0.5,10.401258331428318
8884.0,0.4733228,0.0059658,0.1475687,0.1275914,0.8303692,0.0229626,0.676901,0.0043042,0.041033,0.0404736,0.0057389,0.9675753,0.2574339,0.0648065,0.5813953,10.691967639914864
172.0,0.4651163,0.0,0.3953488,0.1086957,0.9069767,0.0,0.8255814,0.0,0.0116279,0.4787879,0.0,1.0,0.4787879,0.3333333,0.6,10.682835364853922
4492.0,0.4677204,0.0271594,0.1571683,0.1501464,0.7862867,0.0589938,0.6729369,0.0054612,0.0788835,0.0566686,0.0273058,0.970267,0.3234116,0.077728,0.3684211,11.532737896139919
88.0,0.5113636,0.0,0.2386364,0.2093023,0.8295455,0.0,0.6341463,0.0,0.0,0.0888889,0.0,1.0,0.3333333,0.0,0.0,9.615805480084347
942.0,0.4755839,0.0,0.2048832,0.1700405,0.7887473,0.0615711,0.6590909,0.0085227,0.0397727,0.0512129,0.0,0.9943182,0.4204852,0.0594059,0.5,10.645448706505872
70.0,0.4857143,0.0,0.1,0.0,0.9857143,0.0,0.952381,0.0,0.0,0.0454545,0.0,1.0,0.1818182,0.0,0.0,9.615805480084347
1221.0,0.5077805,0.0,0.0884521,0.0698835,0.9271089,0.0,0.8166259,0.002445,0.0293399,0.0261905,0.0,0.997555,0.1047619,0.1041667,0.75,10.703266939811954
28134.0,0.4499893,0.0894647,0.231286,0.1847615,0.7950167,0.0126893,0.5989949,0.0019943,0.0247288,0.1452922,0.0787332,0.988194,0.3475148,0.0602869,0.6329114,9.781376414141157
150.0,0.5133333,0.0,0.24,0.1232877,0.8933333,0.0,0.7619048,0.0,0.015873,0.1486486,0.0,1.0,0.3108108,0.125,0.0,9.615805480084347
5685.0,0.5006157,0.0040457,0.1201407,0.0623459,0.8844327,0.0,0.7605769,0.0076923,0.0552885,0.0289449,0.0028846,0.9860577,0.2525677,0.0785619,0.25,11.32781201446548
6774.0,0.4740183,0.0205196,0.1426041,0.1021611,0.8578388,0.0,0.6930804,0.0048363,0.0431548,0.0278481,0.0241815,0.9877232,0.282821,0.0281518,0.5,11.303450570483712
1170.0,0.4760684,0.0017094,0.1196581,0.1517129,0.8444444,0.0538462,0.7211796,0.0,0.0402145,0.1140143,0.0053619,0.997319,0.5890736,0.130137,0.6,9.961803629358965
680.0,0.4955882,0.0,0.1073529,0.1166181,0.8941176,0.0,0.7459016,0.0040984,0.0327869,0.0722433,0.0,0.9959016,0.1787072,0.1276596,0.0,10.278527816830314
2743.0,0.5173168,0.0014583,0.034269,0.0256798,0.9117754,0.0047393,0.8085586,0.0045045,0.0563063,0.1502392,0.0011261,0.990991,0.3023923,0.1295337,0.7027027,11.06977406588073
2847.0,0.4945557,0.0537408,0.173516,0.076442,0.6023885,0.2016157,0.5935357,0.0019589,0.0969638,0.5484299,0.0186092,0.9764936,0.2706767,0.0434783,0.8947368,12.052927293524847
1189.0,0.489487,0.0142977,0.0941968,0.0807249,0.9301934,0.0,0.8096447,0.0050761,0.0126904,0.1526882,0.0177665,0.8375635,0.3010753,0.1428571,0.2857143,9.69898173460629
550.0,0.4909091,0.0018182,0.1381818,0.1321429,0.8709091,0.0,0.7330317,0.0,0.0542986,0.0675105,0.0,1.0,0.2447257,0.0833333,0.5,9.928228944424575
898.0,0.4587973,0.091314,0.1959911,0.1316872,0.8229399,0.0,0.6551724,0.005305,0.0530504,0.7059282,0.0583554,0.9867374,0.0787832,0.0694444,0.68,12.388398368982115
387.0,0.4651163,0.0,0.2868217,0.1835749,0.8062016,0.0,0.6137566,0.0,0.010582,0.2058824,0.0,0.994709,0.3067227,0.0,1.0,9.615805480084347
463.0,0.4902808,0.0,0.2289417,0.0974576,0.9028078,0.0,0.7640449,0.0,0.0168539,0.0729167,0.0,0.5617978,0.4166667,0.0882353,1.0,9.615805480084347
68637.0,0.4680712,0.1048851,0.1935836,0.144974,0.7553069,0.0449757,0.590098,0.0028211,0.053953,0.0889581,0.0888991,0.9761619,0.3133293,0.0743551,0.4052288,10.831726617926124
5847.0,0.503164,0.0037626,0.0641355,0.03821,0.9136309,0.0023944,0.7968977,0.0038778,0.0295686,0.1053773,0.0038778,0.9781871,0.2419775,0.0856611,0.7746479,11.465844339561734
7726.0,0.4679006,0.3247476,0.1497541,0.1330577,0.8604711,0.0,0.6913699,0.0044915,0.0307988,0.0742501,0.2842477,0.9926211,0.3281853,0.0910638,0.5,10.5815464756746
604.0,0.4619205,0.0,0.205298,0.1538462,0.8460265,0.0,0.6961538,0.0,0.05,0.0188679,0.0,1.0,0.1584906,0.1363636,1.0,10.757924157061597
4064.0,0.4635827,0.0017224,0.2568898,0.1862385,0.7711614,0.039124,0.6010101,0.0022447,0.0280584,0.0977215,0.0011223,0.9988777,0.3443038,0.0272904,0.7777778,9.957075711706057
288.0,0.4826389,0.0,0.1597222,0.1409396,0.8993056,0.0,0.733945,0.0,0.0,0.1925926,0.0,0.9724771,0.3111111,0.1578947,0.8888889,9.615805480084347
125.0,0.48,0.008,0.176,0.1692308,0.864,0.0,0.6862745,0.0,0.0196078,0.2272727,0.0196078,1.0,0.2878788,0.0,0.0,9.615805480084347
4110.0,0.4841849,0.0072993,0.110219,0.0792453,0.9065693,0.0026764,0.7885402,0.0034106,0.0361528,0.0437052,0.005457,0.9836289,0.3170254,0.1526316,0.3846154,10.196194479235656
333.0,0.4684685,0.0,0.0720721,0.0734463,0.9189189,0.0,0.78125,0.0,0.03125,0.1428571,0.0,1.0,0.375,0.2083333,0.0,10.021315031649332
32856.0,0.4922389,0.0127526,0.1201911,0.1069352,0.8450207,0.0095569,0.6904986,0.0061148,0.0520539,0.0908054,0.0119944,0.9336783,0.3999287,0.0877833,0.4337349,10.645448706505872
3790.0,0.4403694,0.0182058,0.2812665,0.2173503,0.7973615,0.0282322,0.6425656,0.0046647,0.0209913,0.074973,0.0174927,0.9982507,0.3354908,0.0392157,0.5806452,10.416341118636355
1292.0,0.50387,0.0348297,0.1346749,0.0982839,0.9295666,0.0,0.8,0.0,0.0142857,0.1683168,0.047619,0.55,0.4356436,0.1834862,0.5,9.615805480084347
260.0,0.5269231,0.0,0.1,0.0894309,0.8538462,0.0,0.6923077,0.010989,0.0769231,0.1415094,0.0,1.0,0.4528302,0.2,1.0,9.99884318585288
1775.0,0.4788732,0.0005634,0.2676056,0.1978378,0.7752113,0.0585915,0.6217687,0.0,0.0204082,0.1133896,0.0013605,1.0,0.344994,0.047619,0.7894737,10.012386799492118
5112.0,0.4604851,0.1443662,0.2089202,0.1740392,0.8622848,0.0001956,0.6912816,0.0023821,0.022868,0.0881842,0.1167222,0.9961887,0.3596872,0.1067416,0.76,10.021315031649332
102.0,0.4901961,0.0,0.1666667,0.0576923,0.9607843,0.0,0.8857143,0.0,0.0,0.2391304,0.0,1.0,0.2391304,0.0,1.0,9.615805480084347
6028.0,0.442933,0.0565693,0.2179827,0.1765932,0.8360982,0.0008295,0.6507813,0.003125,0.0269531,0.1322034,0.05625,0.9957031,0.3257627,0.0786517,0.74,10.007892611890918
2663.0,0.471273,0.8948554,0.0491926,0.0490057,0.9342846,0.0,0.8364611,0.0067024,0.0428954,0.05689,0.8820375,0.9705094,0.2452592,0.3834951,0.375,10.650199196425806
875.0,0.4925714,0.0,0.192,0.1666667,0.8297143,0.0,0.6666667,0.0104167,0.0260417,0.0857143,0.0,1.0,0.4285714,0.0652174,0.25,9.711176264112805
267.0,0.4868914,0.0,0.2097378,0.1459854,0.8651685,0.0,0.6788991,0.0,0.0091743,0.0762712,0.0,1.0,0.2118644,0.0769231,0.0,9.680406499268875
219.0,0.5022831,0.0045662,0.1278539,0.1192661,0.9086758,0.0,0.7654321,0.0,0.0123457,0.1290323,0.0,1.0,0.4408602,0.2,1.0,9.615805480084347
2333.0,0.4646378,0.0,0.1615945,0.1465172,0.831976,0.0330047,0.6912393,0.0010684,0.0235043,0.0574018,0.0,0.9989316,0.2990937,0.0643939,0.6363636,10.225607282932941
2559.0,0.4568191,0.0007816,0.205549,0.1884892,0.8339195,0.0441579,0.7138614,0.0029703,0.0188119,0.0925427,0.0,0.9980198,0.3854447,0.0752089,0.5384615,10.094149233605084
3083.0,0.4985404,0.0006487,0.1255271,0.1164295,0.8585793,0.0,0.6868178,0.0025189,0.0461797,0.0285481,0.0,0.9790092,0.3433931,0.047619,0.6666667,10.933124826700707
313.0,0.4920128,0.2747604,0.1309904,0.1446541,0.8881789,0.0063898,0.7719298,0.0087719,0.0263158,0.0731707,0.2807018,1.0,0.1382114,0.35,0.0,10.322230781590136
4019.0,0.4498632,0.0,0.2545409,0.205337,0.7967156,0.0403085,0.6323086,0.0024111,0.0216998,0.056314,0.0,0.9969861,0.2986348,0.0565611,0.4444444,10.298935994257638
1870.0,0.4513369,0.0005348,0.2631016,0.202729,0.7967914,0.026738,0.6185819,0.0012225,0.0183374,0.1505711,0.0,0.992665,0.3167186,0.0737705,0.9090909,9.781376414141157
2605.0,0.4925144,0.0410749,0.1543186,0.1278366,0.8506718,0.0072937,0.6769826,0.0048356,0.0241779,0.0642534,0.032882,0.9323017,0.2561086,0.0796813,0.4,10.221977646629885
1588.0,0.4918136,0.0037783,0.1889169,0.0570012,0.9395466,0.0,0.870915,0.0,0.0245098,0.0892857,0.001634,0.995098,0.0357143,0.1818182,0.25,12.162648309521318
518.0,0.4478764,0.0096525,0.1061776,0.0594406,0.8803089,0.0,0.7052632,0.0,0.0315789,0.0821256,0.0052632,0.9947368,0.1980676,0.1111111,0.5,10.463131911491967
35322.0,0.4863541,0.2281581,0.0880471,0.0704404,0.8768473,0.0019251,0.7513692,0.007893,0.0685406,0.0689862,0.195393,0.9295264,0.2845681,0.1488023,0.3,10.96476135554887
13683.0,0.4993788,0.0057005,0.0505006,0.0432117,0.940364,0.0108894,0.8834411,0.0028973,0.0260753,0.0636477,0.0060174,0.9770448,0.1028798,0.1071429,0.4701987,11.298506245754995
349.0,0.4899713,0.0,0.2034384,0.1460674,0.8710602,0.0,0.6906475,0.0143885,0.0143885,0.1146497,0.0,1.0,0.2484076,0.16,0.3333333,9.723223876851618
1475.0,0.4935593,0.000678,0.1071186,0.0950469,0.9376271,0.0,0.8106904,0.0,0.013363,0.1002004,0.0022272,0.2694878,0.4288577,0.2765957,0.9,9.615805480084347
1214.0,0.4958814,0.0016474,0.0848435,0.0718954,0.9275124,0.0,0.8280872,0.0048426,0.031477,0.0190024,0.0,0.9927361,0.1163895,0.1176471,0.5,10.703266939811954
4221.0,0.4560531,0.6199953,0.1795783,0.1785714,0.8583274,0.0310353,0.7081923,0.0033852,0.0189573,0.0651899,0.5477319,0.9986459,0.25,0.2035176,0.5517241,10.138599199626192
517.0,0.4893617,0.0,0.1141199,0.0757576,0.8820116,0.0,0.7305699,0.0,0.0414508,0.0492611,0.0,1.0,0.182266,0.025641,0.0,10.762170357789895
198.0,0.4545455,0.1313131,0.2525253,0.212963,0.8131313,0.0,0.6,0.0,0.0111111,0.1428571,0.1222222,1.0,0.1428571,0.0714286,0.0,9.985113621416073
766.0,0.4699739,0.1932115,0.2911227,0.2389163,0.8289817,0.0,0.628655,0.0,0.0116959,0.1617647,0.1988304,0.9853801,0.3970588,0.1075269,0.7142857,9.787009914477434
106.0,0.4811321,0.2264151,0.2264151,0.2545455,0.8207547,0.0,0.6136364,0.0,0.0454545,0.1851852,0.1818182,1.0,0.2777778,0.0,1.0,9.758519582283522
1562.0,0.4622279,0.0006402,0.1766965,0.1107143,0.8751601,0.0,0.7295597,0.0031447,0.0283019,0.0577778,0.0015723,0.9968553,0.4414815,0.1032609,0.6666667,10.295563423525277
493.0,0.4624746,0.5030426,0.1622718,0.1698113,0.8640974,0.0,0.6614583,0.0,0.0104167,0.0900474,0.4739583,0.9947917,0.3412322,0.1,0.0,9.952325334619427
1538.0,0.4694408,0.0071521,0.1540962,0.1164216,0.8686606,0.0058518,0.7169179,0.0,0.038526,0.0940819,0.0050251,0.9865997,0.3125948,0.0833333,0.9,11.33381076072374
640.0,0.5109375,0.0,0.184375,0.1086262,0.825,0.0,0.6377358,0.0,0.0566038,0.0924658,0.0,0.9811321,0.4828767,0.1666667,0.0,10.900454637442037
385.0,0.4883117,0.0,0.1298701,0.1218274,0.8753247,0.0,0.6870748,0.0,0.0136054,0.1144578,0.0,1.0,0.4096386,0.1315789,1.0,9.90353755128617
778.0,0.4627249,0.1722365,0.218509,0.1842105,0.8637532,0.0128535,0.7056856,0.006689,0.0234114,0.2273902,0.173913,0.9966555,0.3643411,0.1666667,0.6666667,9.692828247710418
3069.0,0.4379277,0.012056,0.1593353,0.1008696,0.5138482,0.293581,0.6553398,0.0048544,0.1492718,0.0260047,0.0097087,0.9927184,0.1619385,0.1771429,0.2222222,11.159117834926688
4827.0,0.454941,0.5993371,0.1392169,0.1334094,0.8823286,0.0242387,0.7399513,0.000609,0.0127893,0.1051771,0.5066991,0.9957369,0.3760218,0.1766423,0.6571429,10.098272780745283
334.0,0.4700599,0.0,0.239521,0.1412429,0.8502994,0.0,0.6912752,0.0067114,0.0201342,0.2436548,0.0,1.0,0.3908629,0.0,0.8333333,9.615805480084347
3558.0,0.4915683,0.6194491,0.0556492,0.0624655,0.9072513,0.019674,0.7955239,0.0040692,0.0386572,0.1896125,0.65412,0.7629705,0.645507,0.2881679,0.0,10.623787731088578
3836.0,0.4861835,0.0065172,0.0912409,0.0821918,0.8766945,0.0,0.7277556,0.0039841,0.0358566,0.0522341,0.0066401,0.9933599,0.3001888,0.0596026,0.5833333,10.675931008412125
461.0,0.5206074,0.0086768,0.1475054,0.0588235,0.8091106,0.021692,0.6432749,0.005848,0.0584795,0.2119816,0.0116959,0.9415205,0.5576037,0.0506329,0.0,12.275136847806356
162.0,0.4753086,0.0061728,0.1728395,0.0941176,0.8765432,0.0,0.75,0.0166667,0.05,0.047619,0.0,1.0,0.2857143,0.1428571,1.0,9.888424674859083
258.0,0.4922481,0.0,0.1511628,0.1374046,0.9108527,0.0,0.7826087,0.0,0.0326087,0.0416667,0.0,1.0,0.2083333,0.2222222,0.0,10.348205424565993
627.0,0.4688995,0.0,0.0382775,0.0750751,0.969697,0.0,0.8944099,0.0,0.0124224,0.0955056,0.0,0.9813665,0.4550562,0.4375,0.0,10.030164255362632
246.0,0.4918699,0.0,0.1585366,0.056,0.9471545,0.0,0.8375,0.0,0.0,0.047619,0.0,1.0,0.0595238,0.0,0.0,10.589131655274922
9068.0,0.4831275,0.0028672,0.1615571,0.1179859,0.840869,0.0179753,0.6872172,0.0042421,0.0328054,0.0598245,0.0019796,0.8537896,0.3358149,0.1176018,0.4255319,10.611547975828369
517.0,0.4854932,0.0019342,0.0947776,0.0639098,0.9148936,0.0,0.7469136,0.0,0.0185185,0.0795455,0.0061728,0.9753086,0.5340909,0.2037037,0.0,9.615805480084347
35703.0,0.4770187,0.012576,0.136011,0.1051307,0.8239084,0.0283169,0.6786144,0.0048169,0.0411561,0.0590549,0.0102005,0.9749947,0.274945,0.0667252,0.3908046,10.732061203925053
460.0,0.4695652,0.1108696,0.1369565,0.102459,0.8521739,0.0,0.7039106,0.0,0.0726257,0.1516588,0.1005587,0.9888268,0.4170616,0.0769231,1.0,11.269591961359195
1637.0,0.478314,0.0024435,0.1252291,0.0749415,0.9120342,0.0,0.7895623,0.0016835,0.0252525,0.1391304,0.0,0.9949495,0.0942029,0.0232558,0.5714286,12.51796306699418
15280.0,0.4789267,0.132788,0.1535995,0.1263502,0.8998037,0.0127618,0.7893639,0.0013903,0.0170316,0.0361809,0.1108794,0.9986097,0.1649916,0.0825893,0.4576271,10.62135173563291
9062.0,0.6999559,0.083646,0.0011035,0.0025745,0.4807989,0.5158905,0.9759336,0.0,0.0008299,0.0585938,0.0929461,0.9419087,0.0789062,0.2245409,0.0,11.174665631549477
3597.0,0.500973,0.0125104,0.177648,0.1181058,0.8629413,0.0,0.6965662,0.0028031,0.033637,0.0429242,0.015417,0.8955851,0.2924212,0.0531646,0.25,10.795506083434564
795.0,0.4805031,0.0,0.1509434,0.1113801,0.8691824,0.0,0.6966667,0.0033333,0.04,0.0625,0.0,1.0,0.240625,0.0972222,0.2,10.537441898283253
70.0,0.4571429,0.0142857,0.2714286,0.1578947,0.8571429,0.0,0.7272727,0.0,0.030303,0.4210526,0.0,1.0,0.2280702,0.0,0.25,10.515993929932415
57985.0,0.4912477,0.0384582,0.0765025,0.0588136,0.9054583,0.0008623,0.7963545,0.0040613,0.0478654,0.0804695,0.0336025,0.9413528,0.2158449,0.0817574,0.3754513,11.1447705923684
720.0,0.4694444,0.1611111,0.1819444,0.1780105,0.8472222,0.0,0.6688525,0.0032787,0.0295082,0.1335227,0.1409836,1.0,0.4517045,0.0967742,0.5,10.199918739620157
1475.0,0.4589831,0.0,0.2271186,0.1917293,0.8318644,0.0318644,0.6842105,0.0016447,0.0115132,0.0759878,0.0,0.9967105,0.3145897,0.0596026,1.0,10.090008612393838
13823.0,0.4588729,0.354337,0.1022933,0.0879679,0.8723866,0.0082471,0.740322,0.0051744,0.0450364,0.0486782,0.3204293,0.9900345,0.1801276,0.096928,0.2682927,10.847412906506923
1462.0,0.4637483,0.00342,0.2017784,0.1377551,0.8590971,0.0,0.6788686,0.0049917,0.014975,0.0810398,0.0,1.0,0.2400612,0.1136364,0.75,9.908524844053396
838.0,0.4689737,0.0,0.2100239,0.1550562,0.7983294,0.0238663,0.6445623,0.0026525,0.0371353,0.4118565,0.0,0.994695,0.4851794,0.031746,1.0,10.482933978579906
106.0,0.4150943,0.1037736,0.0943396,0.0967742,0.9150943,0.0,0.775,0.0,0.0,0.1489362,0.075,1.0,0.3404255,0.3333333,1.0,10.328787967145063
2016.0,0.4623016,0.0019841,0.3298611,0.2333948,0.765873,0.0486111,0.6230769,0.0076923,0.021978,0.1374408,0.0010989,0.9989011,0.2947867,0.0430622,0.7428571,9.615805480084347
2531.0,0.4685895,0.0,0.1837218,0.1657993,0.8534176,0.0403003,0.7442327,0.002006,0.0130391,0.0486641,0.0,0.997994,0.2633588,0.0509804,0.5714286,10.448743588106625
1554.0,0.511583,0.005148,0.0392535,0.030303,0.9774775,0.0,0.9391481,0.0,0.0081136,0.0333333,0.0060852,0.9979716,0.0078431,0.0,0.4,11.862179945241476
340.0,0.4735294,0.0,0.1352941,0.1396648,0.8882353,0.0,0.7213115,0.0,0.0327869,0.1223022,0.0,0.9918033,0.3021583,0.1538462,1.0,9.61587214452889
11631.0,0.492649,0.0065343,0.0551113,0.0554143,0.8927865,0.0118648,0.771133,0.0017663,0.0434015,0.0427536,0.0093364,0.9772899,0.2913043,0.0277778,0.1724138,11.243751064074187
1636.0,0.5030562,0.0122249,0.1430318,0.1094711,0.7732274,0.0641809,0.6450151,0.0030211,0.0377644,0.1837238,0.0,0.9939577,0.3489519,0.0522088,0.1666667,10.510559281627845
9828.0,0.492267,0.0590151,0.039072,0.0256513,0.9271469,0.0,0.8398472,0.002057,0.0426095,0.1360751,0.0570085,0.9062592,0.073115,0.1924883,0.1264822,11.88173350431221
13502.0,0.4735595,0.0132573,0.1645682,0.1359032,0.6586432,0.0970967,0.5397603,0.0025418,0.1054829,0.13027,0.0128903,0.9522513,0.4849203,0.0489969,0.57,10.416341118636355
212.0,0.509434,0.0,0.1650943,0.125,0.8867925,0.0,0.7272727,0.0,0.0,0.0638298,0.0,1.0,0.2446809,0.0,0.5,9.615805480084347
42099.0,0.4995131,0.0375306,0.0966531,0.0794969,0.6663341,0.0928763,0.5572984,0.0042027,0.1203978,0.1030528,0.0317272,0.9889902,0.5093709,0.0419588,0.3064516,10.783135046711445
1260.0,0.4761905,0.0087302,0.202381,0.1772727,0.7571429,0.1595238,0.7704082,0.002551,0.0331633,0.07109,0.005102,0.9897959,0.4383886,0.0916667,0.5,10.821796246953596
252.0,0.5079365,0.0,0.1706349,0.0806452,0.8650794,0.0,0.7238095,0.0,0.047619,0.0625,0.0,1.0,0.2232143,0.0,0.5,10.33854382482173
1144.0,0.4353147,0.0,0.25,0.2027864,0.784965,0.0638112,0.65,0.0021739,0.0195652,0.0944882,0.0,1.0,0.3877953,0.0709677,0.6,10.379752786950895
1904.0,0.5015756,0.0005252,0.4826681,0.1401475,0.8277311,0.0063025,0.723296,0.0030519,0.0406918,0.3965623,0.0010173,0.9979654,0.4892572,0.0921053,0.4,11.259335592686217
249.0,0.497992,0.0,0.1325301,0.088,0.875502,0.0,0.7356322,0.0114943,0.0689655,0.0333333,0.0,1.0,0.3888889,0.037037,0.0,9.873079890114703
119.0,0.5462185,0.0,0.0252101,0.0185185,0.8739496,0.0,0.7179487,0.025641,0.0769231,0.390625,0.0,0.974359,0.6875,0.0909091,0.0,10.322230781590136
3209.0,0.4549704,0.0009349,0.2337177,0.1875357,0.8379557,0.0255531,0.6852559,0.0022918,0.0145149,0.1064846,0.0,0.9915966,0.3460751,0.0972222,0.7419355,10.142543822310387
177.0,0.4745763,0.0112994,0.0734463,0.0752688,0.9435028,0.0,0.8529412,0.0,0.0,0.0810811,0.0147059,1.0,0.0810811,0.0,0.0,10.795506083434564
504.0,0.5198413,0.0039683,0.1230159,0.0661157,0.9087302,0.0,0.7941176,0.0058824,0.0352941,0.039548,0.0058824,1.0,0.1129944,0.2093023,0.0,10.298935994257638
118779.0,0.4980426,0.1380884,0.0398555,0.0330918,0.9362345,0.0003873,0.8504505,0.0075504,0.044616,0.0785347,0.1390533,0.8201058,0.2415602,0.2180377,0.1998578,11.692752245730048
536.0,0.4720149,0.0,0.1921642,0.1660777,0.8787313,0.0,0.7263682,0.0049751,0.0248756,0.1184211,0.0,1.0,0.1403509,0.1555556,1.0,10.158168529848494
443.0,0.5056433,0.0022573,0.1444695,0.1643836,0.8690745,0.0248307,0.7225806,0.0,0.0258065,0.077381,0.0,1.0,0.172619,0.0526316,0.8333333,9.69898173460629
280.0,0.5071429,0.0,0.0964286,0.0942029,0.9785714,0.0,0.9104478,0.0,0.0,0.0694444,0.0,0.358209,0.2638889,0.1666667,0.0,9.792611856190192
20819.0,0.489889,0.0111437,0.0667179,0.0589454,0.9044623,0.0048513,0.7915971,0.0020868,0.0442404,0.0283861,0.0123817,0.9788536,0.1635577,0.0619408,0.2291667,11.542493975902508
201.0,0.4776119,0.0,0.1144279,0.0761905,0.9154229,0.0,0.8219178,0.0,0.0410959,0.0875,0.0,0.9863014,0.15,0.0,0.0,10.774801838762809
94.0,0.5212766,0.0,0.0319149,0.0222222,0.9255319,0.0,0.8,0.0,0.0333333,0.1666667,0.0,1.0,0.5277778,0.0833333,1.0,11.54346436927906
237.0,0.5527426,0.0,0.0379747,0.0283019,0.9704641,0.0,0.877193,0.0,0.0,0.1617647,0.0,1.0,0.1911765,0.3333333,1.0,10.308985993422082
388.0,0.4819588,0.0,0.1881443,0.1641791,0.8659794,0.0,0.7179487,0.0064103,0.025641,0.1381215,0.0,1.0,0.3922652,0.1428571,0.75,9.723223876851618
480.0,0.5041667,0.0,0.03125,0.0420168,0.9770833,0.0,0.9159664,0.0,0.0084034,0.2468354,0.0,0.3613445,0.6202532,0.4576271,0.0,10.596659732783579
1744.0,0.4552752,0.0693807,0.2018349,0.1736842,0.8428899,0.0430046,0.7149461,0.0030817,0.0154083,0.113388,0.0600924,0.9892142,0.3551913,0.1089109,0.95,9.937937287265354
7134.0,0.4740678,0.0194842,0.1516681,0.1103412,0.843566,0.0117746,0.701376,0.003347,0.0628486,0.0627396,0.0171067,0.9910747,0.2209829,0.0933489,0.7948718,11.620891583095712
27591.0,0.4801566,0.0017035,0.1554492,0.1065328,0.8312493,0.0318582,0.6940413,0.0047746,0.0432582,0.0487783,0.0009549,0.9553094,0.355709,0.094359,0.3023256,10.55323128448846
34439.0,0.4924069,0.1097012,0.0664944,0.059436,0.8933767,0.0046459,0.7712291,0.0076875,0.0571706,0.0991084,0.106477,0.821154,0.391737,0.1856138,0.2309198,11.272139700982676
74.0,0.4189189,0.1216216,0.1351351,0.255814,0.8378378,0.0,0.6451613,0.0,0.0322581,0.0606061,0.0967742,1.0,0.3333333,0.1,0.0,9.615805480084347
1895.0,0.4511873,0.0343008,0.2005277,0.1682692,0.8353562,0.0,0.642132,0.0038071,0.0317259,0.0869061,0.0253807,1.0,0.2711472,0.1025641,1.0,9.980494888896912
308.0,0.4253247,0.0811688,0.2435065,0.2033898,0.8214286,0.0,0.6241135,0.0,0.0141844,0.0662252,0.0992908,1.0,0.2913907,0.1428571,1.0,9.90353755128617
317.0,0.5015773,0.0,0.1955836,0.1392405,0.8328076,0.0,0.6769231,0.0,0.0769231,0.0909091,0.0,1.0,0.1328671,0.0294118,1.0,10.150386692204734
70.0,0.5,0.0,0.2285714,0.0857143,0.8,0.0,0.6451613,0.0,0.0967742,0.2051282,0.0,1.0,0.2307692,0.0,0.0,9.735128070758227
308.0,0.5227273,0.0032468,0.0454545,0.0272109,0.8928571,0.0,0.7387387,0.0,0.027027,0.2183099,0.0,0.972973,0.3873239,0.2142857,0.75,10.50783084142058
1330.0,0.4669173,0.0,0.1962406,0.1932299,0.8330827,0.018797,0.6642468,0.0,0.0217786,0.0708263,0.0,0.9909256,0.3001686,0.0774194,0.7777778,9.83633227734872
2419.0,0.4741629,0.0223233,0.3596527,0.1784591,0.7891691,0.0,0.6299145,0.0051282,0.0538462,0.3467337,0.0264957,0.9726496,0.4745952,0.1123188,0.675,11.06977406588073
3372.0,0.467675,0.0008897,0.2007711,0.1392758,0.8321471,0.0044484,0.654212,0.002038,0.0251359,0.0642085,0.0013587,0.9966033,0.2981564,0.0438931,0.75,10.510559281627845
790.0,0.464557,0.0772152,0.264557,0.2198582,0.8544304,0.0,0.6715976,0.0,0.0118343,0.2620087,0.0621302,0.9289941,0.3144105,0.1044776,1.0,9.615805480084347
601.0,0.4459235,0.9450915,0.1314476,0.1201201,0.9118136,0.0,0.7433155,0.0,0.026738,0.1538462,0.9465241,1.0,0.3031674,0.3064516,1.0,10.007892611890918
509.0,0.4656189,0.0,0.1237721,0.0845588,0.9273084,0.0,0.8186813,0.0,0.021978,0.0520833,0.0,1.0,0.3125,0.2307692,1.0,9.820160289946374
1240.0,0.4895161,0.0,0.1451613,0.0805687,0.9346774,0.0,0.8366013,0.0,0.0065359,0.0295983,0.0,0.9956427,0.1479915,0.0434783,0.6666667,10.868587496017359
9020.0,0.4607539,0.0006652,0.1568736,0.1243832,0.8365854,0.022949,0.6852892,0.0044919,0.0294778,0.0569235,0.0008422,0.9896126,0.3071221,0.073913,0.5714286,10.431199791458543
340.0,0.4941176,0.0,0.0794118,0.0232558,0.9470588,0.0,0.8869565,0.0086957,0.026087,0.0254237,0.0,0.9826087,0.0762712,0.0909091,1.0,11.119897691565697
17434.0,0.4768842,0.0590226,0.1490192,0.1225877,0.8362969,0.0040725,0.6803874,0.0017092,0.0568295,0.0388775,0.0558325,0.9508617,0.3768652,0.0504236,0.244898,11.762134344805622
904.0,0.4590708,0.0,0.1382743,0.1349693,0.8926991,0.0,0.7313433,0.0029851,0.0179104,0.1625,0.0,0.9313433,0.3025,0.125,0.2,10.379752786950895
395.0,0.5063291,0.0936709,0.1468354,0.1333333,0.8810127,0.0,0.7419355,0.0064516,0.0258065,0.0988372,0.0967742,0.9935484,0.2790698,0.1428571,0.3333333,10.243560441877241
190.0,0.5263158,0.0,0.0684211,0.0555556,0.9105263,0.0,0.78125,0.0,0.046875,0.0985915,0.0,0.984375,0.3661972,0.1363636,0.0,10.077482875583607
2676.0,0.4988789,0.0026158,0.103139,0.0700969,0.8972347,0.0014948,0.7709205,0.0031381,0.040795,0.0590551,0.0020921,0.9560669,0.253937,0.1185567,0.1666667,10.933124826700707
13420.0,0.4561848,0.0345007,0.2359911,0.1482598,0.8470194,0.0,0.6806781,0.000173,0.0309635,0.0348915,0.0280228,0.9842588,0.2562604,0.0242891,0.3564356,12.076538965678628
3630.0,0.4953168,0.0096419,0.0826446,0.0594978,0.8774105,0.0049587,0.7513555,0.003873,0.0619675,0.1217687,0.0116189,0.975213,0.2959184,0.044335,0.4347826,11.810812786275873
3306.0,0.4785239,0.0045372,0.1034483,0.0730858,0.8629764,0.0,0.7125272,0.0021723,0.0325851,0.0700337,0.0036206,0.993483,0.2673401,0.0444444,0.25,10.980212041446208
521.0,0.4664107,0.0019194,0.2898273,0.1834532,0.8483685,0.0,0.6593886,0.0,0.0043668,0.0948617,0.0,1.0,0.3675889,0.0,1.0,9.615805480084347
1942.0,0.4572606,0.0097837,0.207518,0.1622391,0.7703399,0.0906282,0.6743869,0.0013624,0.0367847,0.1177885,0.0,0.9414169,0.2932692,0.0656371,0.7142857,10.221977646629885
190.0,0.5052632,0.0,0.2263158,0.1276596,0.8894737,0.0,0.7530864,0.0,0.0123457,0.3671875,0.0,0.9012346,0.3671875,0.0,0.6666667,9.989711119284745
11060.0,0.4903255,0.0320072,0.1388788,0.1247117,0.8083183,0.0173599,0.6424379,0.003386,0.0604966,0.0854666,0.0288939,0.8984199,0.5026837,0.0759319,0.4494382,11.61909465356394
465.0,0.4860215,0.0,0.1612903,0.1506276,0.8623656,0.0,0.6789474,0.0052632,0.0105263,0.0731707,0.0,1.0,0.2926829,0.1136364,0.7142857,9.87822102528824
503.0,0.4811133,0.0119284,0.1491054,0.0957854,0.8767396,0.0,0.7096774,0.0,0.0430108,0.07,0.0215054,1.0,0.31,0.0925926,1.0,10.401258331428318
2819.0,0.4827953,0.0007095,0.1103228,0.0864198,0.8921603,0.0,0.765625,0.0017361,0.0251736,0.030303,0.0017361,0.9991319,0.3215488,0.0388889,0.4,10.563620718477313
459.0,0.4684096,0.0021786,0.2461874,0.1106557,0.869281,0.0,0.6979167,0.0,0.0104167,0.0813397,0.0,1.0,0.2105263,0.0625,0.5,9.615805480084347
571.0,0.4798599,0.0,0.1366025,0.1481481,0.8616462,0.0,0.65625,0.0,0.0089286,0.0894309,0.0,0.9955357,0.2723577,0.0972222,0.75,10.211009016314167
2325.0,0.4477419,0.0,0.2430108,0.1752336,0.803871,0.0,0.6078619,0.008629,0.033557,0.0761736,0.0,0.9971237,0.3923826,0.0652174,0.3636364,10.221977646629885
1470.0,0.5136054,0.0027211,0.0693878,0.0615385,0.3918367,0.4027211,0.5065963,0.0,0.2110818,0.0845411,0.0026385,1.0,0.5072464,0.0139535,0.0,10.938467575959383
264.0,0.5606061,0.0,0.0530303,0.0517241,0.9242424,0.0,0.7945205,0.0136986,0.0547945,0.0987654,0.0,1.0,0.8148148,0.3125,0.0,9.615805480084347
1169.0,0.4559453,0.0017109,0.1582549,0.1320755,0.8597092,0.0051326,0.683871,0.0021505,0.0193548,0.1856392,0.0021505,0.9956989,0.4255692,0.1448598,0.7777778,10.098272780745283
826.0,0.4939467,0.0,0.157385,0.1148325,0.8753027,0.0,0.7218935,0.0,0.0266272,0.0662983,0.0,0.9940828,0.2154696,0.0689655,0.5,10.43708198835482
9110.0,0.4755214,0.0726674,0.1687157,0.1186689,0.8261251,0.0268935,0.7007461,0.0044211,0.0547112,0.0696658,0.0599613,0.9754076,0.240874,0.0467197,0.3333333,11.472113887062386
748.0,0.4652406,0.209893,0.1925134,0.1475,0.8462567,0.0347594,0.7147651,0.0,0.0134228,0.0914634,0.1677852,0.9966443,0.3780488,0.137931,0.6,9.69898173460629
231636.0,0.4718006,0.3152532,0.1214621,0.1017327,0.7296664,0.0427395,0.5547983,0.0040275,0.0923756,0.074609,0.2662728,0.9348233,0.4119956,0.0795322,0.4666667,10.889323003601277
18310.0,0.4713271,0.0002731,0.2084653,0.1520661,0.8089022,0.0339159,0.6632152,0.0039825,0.0335856,0.0500631,0.0002655,0.9654852,0.3228247,0.0486436,0.527027,10.382853468483827
1828.0,0.5027352,0.0071116,0.1061269,0.0528053,0.940919,0.0,0.8617886,0.0,0.0260163,0.0390625,0.003252,0.9804878,0.084375,0.0675676,0.4545455,12.630035608520458
2311.0,0.4634357,0.0147122,0.1843358,0.1814516,0.8269148,0.0250974,0.6736264,0.0021978,0.0384615,0.0540541,0.0120879,0.9989011,0.3378378,0.0714286,0.4285714,10.379752786950895
2387.0,0.4348555,0.7561793,0.1466276,0.1593773,0.8898199,0.0180142,0.7390762,0.0024969,0.0124844,0.097973,0.7053683,0.9987516,0.2871622,0.1879195,0.7142857,10.31231367277647
583.0,0.4957118,0.0,0.1200686,0.085034,0.9142367,0.0,0.7808219,0.0,0.0091324,0.0680851,0.0,0.9954338,0.1659574,0.04,0.3333333,10.50783084142058
857.0,0.462077,0.4375729,0.1715286,0.1279826,0.8786464,0.0,0.7142857,0.0062112,0.0186335,0.0980392,0.4161491,0.9813665,0.3137255,0.244186,0.5,10.177362240256695
1040.0,0.4634615,0.0125,0.1480769,0.0985663,0.8951923,0.0259615,0.8011204,0.0028011,0.022409,0.0530504,0.0140056,1.0,0.1856764,0.0842105,1.0,10.502351525774941
73.0,0.4931507,0.0,0.2054795,0.1081081,0.8493151,0.0,0.6206897,0.0,0.0,0.09375,0.0,1.0,0.15625,0.0,0.0,9.792611856190192
1067.0,0.5042174,0.0093721,0.1134021,0.0850662,0.9240862,0.004686,0.8216216,0.0054054,0.0216216,0.0314136,0.0081081,0.9972973,0.1544503,0.1176471,0.0,10.682835364853922
686.0,0.4854227,0.0029155,0.1690962,0.1529745,0.8746356,0.0,0.7056604,0.0,0.0301887,0.0893471,0.0,0.909434,0.3195876,0.1,1.0,9.825580063659602
2049.0,0.499756,0.0029283,0.0951684,0.0497561,0.9238653,0.0,0.8385185,0.0088889,0.037037,0.0466102,0.002963,0.962963,0.3050847,0.1746988,0.0909091,11.864293351358109
4140.0,0.473913,0.0147343,0.1666667,0.1271809,0.8483092,0.0415459,0.7301485,0.0019367,0.0206585,0.0372902,0.0116204,0.9948354,0.2889994,0.0666667,0.7142857,10.738589920723442
6959.0,0.5837046,0.1165397,0.1485846,0.1574042,0.4793792,0.3195861,0.53407,0.0013812,0.1017495,0.0601471,0.1312155,0.9935543,0.3223713,0.0520408,0.4545455,10.747229096720554
659.0,0.5007587,0.0,0.1092564,0.0942249,0.8998483,0.0,0.7682403,0.0171674,0.0300429,0.0604839,0.0,0.9914163,0.1169355,0.1594203,1.0,10.285376924115587
7112.0,0.4765186,0.0279809,0.1030652,0.0757454,0.8719066,0.0015467,0.725,0.0025362,0.040942,0.0288529,0.023913,0.992029,0.3849402,0.0739514,0.2,11.088292827848269
54021.0,0.4790544,0.1242665,0.1476278,0.1080591,0.8099258,0.0246386,0.6594155,0.0023962,0.0655422,0.0615106,0.1111633,0.9705882,0.4120111,0.0537795,0.4494949,11.746423225963612
3363.0,0.5019328,0.0020815,0.1314303,0.1062687,0.86292,0.0240856,0.7252836,0.0048622,0.0267423,0.1412665,0.0024311,0.9983793,0.3249826,0.0716724,0.8703704,10.650199196425806
999.0,0.4674675,0.001001,0.3543544,0.1823308,0.8208208,0.0580581,0.711165,0.0,0.0048544,0.0615034,0.0,1.0,0.1776765,0.0821918,0.6,10.30229722897745
341.0,0.4956012,0.2404692,0.1935484,0.1337209,0.8768328,0.0,0.7164179,0.0074627,0.0223881,0.2298851,0.2238806,0.9850746,0.3850575,0.1388889,0.3333333,9.648659816955295
4478.0,0.5037963,0.0029031,0.096695,0.0549055,0.8834301,0.0,0.7590799,0.0048426,0.0641646,0.0456384,0.0012107,0.9957627,0.2559214,0.0470297,0.0666667,10.774801838762809
2148.0,0.4366853,0.2039106,0.2444134,0.2082645,0.8035382,0.0456238,0.6536748,0.0022272,0.013363,0.0426439,0.1570156,0.9977728,0.3113006,0.07,0.8571429,10.2328272702548
1169.0,0.4670659,0.0,0.0915312,0.081862,0.9384089,0.0,0.8444444,0.0,0.017284,0.0581395,0.0,0.9654321,0.1906977,0.1162791,0.4444444,10.938467575959383
932.0,0.4270386,0.0032189,0.2886266,0.2865169,0.7242489,0.1491416,0.6637427,0.002924,0.005848,0.088,0.002924,0.9912281,0.3733333,0.0609756,0.4,10.53212287826962
3313.0,0.4760036,0.319348,0.1829158,0.1538018,0.8964685,0.0003018,0.755538,0.0,0.0237342,0.0630096,0.3093354,0.9984177,0.232765,0.1009615,0.7058824,10.056251557087757
7095.0,0.5337562,0.1447498,0.1887245,0.173821,0.696265,0.1726568,0.6632042,0.0047942,0.0243708,0.096716,0.0950859,0.9936077,0.2897871,0.0716049,0.7068966,10.305647203635566
14531.0,0.4822793,0.2278577,0.1096277,0.1004918,0.8731677,0.0174111,0.7403698,0.0053929,0.0364022,0.1106543,0.1976117,0.9697612,0.4081877,0.1361573,0.7236842,10.448743588106625
4268.0,0.440956,0.5459231,0.1520619,0.1621961,0.8596532,0.0262418,0.7205692,0.0045278,0.0278137,0.0652963,0.5103493,0.9948254,0.331318,0.1228879,0.6666667,10.451637862362272
370.0,0.5108108,0.0,0.127027,0.0994475,0.9054054,0.0,0.7625899,0.0,0.0143885,0.0479452,0.0,0.9496403,0.2945205,0.1627907,1.0,10.5610334618531
2339.0,0.4694314,0.0068405,0.1351005,0.085415,0.7208209,0.1115861,0.6469222,0.0011614,0.0731707,0.0314961,0.0046458,0.9907085,0.4701912,0.0315315,0.5,11.576848171532921
619.0,0.4975767,0.0,0.1825525,0.1125402,0.8416801,0.0,0.7056738,0.0035461,0.0283688,0.6990395,0.0,0.9964539,0.5336179,0.0275229,0.5,11.055656405795794
5389.0,0.4564854,0.5444424,0.1889033,0.1758279,0.8491371,0.0400816,0.7206253,0.0015129,0.0156329,0.1287346,0.4871407,0.9878971,0.3220562,0.1503759,0.8196721,10.165890277802454
2822.0,0.5046067,0.0003544,0.0676825,0.046495,0.9301914,0.0038979,0.852973,0.0021622,0.0432432,0.0473738,0.0,0.9978378,0.1071061,0.1315789,1.0,11.40646434386837
384.0,0.4322917,0.0026042,0.2447917,0.2110092,0.7942708,0.0364583,0.6315789,0.0,0.0116959,0.0855615,0.0,1.0,0.513369,0.0526316,0.0,9.615805480084347
63.0,0.4444444,0.0,0.3809524,0.2,0.7460317,0.0,0.5294118,0.0,0.0,0.1707317,0.0,1.0,0.2195122,0.0,1.0,9.615805480084347
1052.0,0.4714829,0.0,0.1910646,0.1636691,0.8250951,0.0826996,0.754717,0.0,0.0134771,0.0511509,0.0,0.9919137,0.2736573,0.0786517,0.0,10.373522431293592
1256.0,0.4721338,0.0,0.1568471,0.1206637,0.9076433,0.0,0.7747934,0.0041322,0.0103306,0.0710173,0.0,1.0,0.2092131,0.0707071,0.8333333,10.70551155928146
1407.0,0.4911158,0.0035537,0.1528074,0.1117318,0.869936,0.0,0.6912029,0.0,0.0179533,0.0527211,0.0017953,0.9712747,0.2721088,0.0431655,0.4,10.413342705547674
1163.0,0.4823732,0.0146174,0.1504729,0.1046512,0.8761823,0.0,0.7231121,0.0022883,0.0480549,0.0437637,0.020595,0.9816934,0.1706783,0.1123596,0.25,11.079076314320059
511.0,0.5107632,0.0136986,0.1056751,0.076,0.8864971,0.0,0.7435897,0.0,0.0307692,0.0533981,0.0205128,1.0,0.3543689,0.1428571,0.0,9.989711119284745
363.0,0.4655647,0.0,0.2286501,0.1752577,0.8319559,0.0,0.6459627,0.0062112,0.0186335,0.1481481,0.0,1.0,0.3386243,0.0,0.6,9.615805480084347
528.0,0.5,0.0,0.1875,0.1439394,0.8901515,0.0,0.7345972,0.0047393,0.0047393,0.1097046,0.0,1.0,0.371308,0.1126761,0.0,9.62911649414402
7119.0,0.4569462,0.0806293,0.1952521,0.1769271,0.8258182,0.025144,0.6666667,0.0020471,0.0232003,0.093692,0.0723303,0.9965882,0.3766234,0.0749376,0.6666667,10.098272780745283
672.0,0.4866071,0.0029762,0.0535714,0.0289855,0.9642857,0.0,0.9054054,0.0,0.0135135,0.0553191,0.0045045,0.9774775,0.1106383,0.25,0.8,11.412010608265987
7989.0,0.4771561,0.0025034,0.1416948,0.1017477,0.8265115,0.0180248,0.6864623,0.0035121,0.0689655,0.1268469,0.0028736,0.9939336,0.3746864,0.0428571,0.7,11.795099898183592
3863.0,0.487445,0.1340927,0.0468548,0.0429293,0.9316593,0.0,0.8346645,0.0079872,0.034345,0.0522332,0.1341853,0.9928115,0.1438304,0.1116883,0.375,10.795506083434564
1782.0,0.4668911,0.0005612,0.298541,0.24,0.7267116,0.0634119,0.5813648,0.0065617,0.0524934,0.2447968,0.0013123,0.9986877,0.3984143,0.02,0.4230769,9.803722464346553
522.0,0.4386973,0.0057471,0.2777778,0.2730375,0.7471264,0.1283525,0.6852792,0.0050761,0.0050761,0.0837209,0.0,1.0,0.3953488,0.0454545,1.0,9.741027444837728
3321.0,0.4462511,0.2104788,0.239988,0.1745514,0.823246,0.0,0.6311475,0.0020492,0.0252732,0.1327014,0.1878415,0.9637978,0.4087678,0.0689655,0.8181818,9.75272280064639
2227.0,0.4369106,0.6210148,0.1885945,0.1586922,0.8603502,0.0071846,0.6816525,0.0048603,0.0267315,0.0731982,0.5285541,0.9963548,0.2533784,0.2376682,0.9090909,9.852246888342531
5900.0,0.4830508,0.0044068,0.1150847,0.0963934,0.9101695,0.0323729,0.8622916,0.0016138,0.0317375,0.0292428,0.0032275,0.9854761,0.0511749,0.0841584,0.28,12.40779233605911
173.0,0.5375723,0.0,0.1849711,0.0625,0.8092486,0.0,0.6323529,0.0294118,0.0735294,0.1168831,0.0,0.8970588,0.3506494,0.25,1.0,10.110542371500753
234.0,0.474359,0.0,0.2521368,0.1788618,0.8247863,0.0,0.6153846,0.0,0.0096154,0.1260504,0.0,1.0,0.3193277,0.0740741,0.0,9.615805480084347
11514.0,0.4499739,0.4423311,0.1868161,0.1605874,0.775925,0.0419489,0.6223348,0.0044332,0.0523538,0.0987443,0.4082753,0.9936669,0.3883181,0.0719755,0.7446809,10.664316745782925
3530.0,0.4696884,0.5271955,0.0878187,0.0860043,0.6671388,0.1750708,0.6254296,0.0,0.0816151,0.0841857,0.475945,0.9948454,0.4697089,0.0814941,0.6,10.379752786950895
9289.0,0.4763699,0.2508343,0.1280009,0.1042352,0.8981591,0.0184089,0.7933272,0.0030893,0.0271857,0.0264662,0.2168675,0.9749768,0.1305263,0.0379747,0.5925926,11.130214506480655
230.0,0.4608696,0.0,0.1782609,0.0887097,0.8826087,0.0,0.75,0.0,0.0454545,0.1111111,0.0,1.0,0.2020202,0.0869565,1.0,9.883335864325275
3966.0,0.4591528,0.2143217,0.1134644,0.1160839,0.8645991,0.0375693,0.754717,0.0050798,0.0283019,0.0689189,0.170537,0.9956459,0.3243243,0.125523,0.375,10.428245666832275
2823.0,0.4629826,0.025859,0.1480694,0.1411609,0.8614949,0.0315267,0.7465051,0.0018639,0.0232992,0.043672,0.0195713,0.9962721,0.3752228,0.0837563,0.2857143,10.599156550639583
16177.0,0.510416,0.5813192,0.0780738,0.0695707,0.8491068,0.0103233,0.6842981,0.0057333,0.0761975,0.1055418,0.5958942,0.8174588,0.6873449,0.1712268,0.1111111,10.742918838113225
380.0,0.4947368,0.0,0.1684211,0.109375,0.8894737,0.0,0.7278912,0.0,0.0136054,0.1453488,0.0,1.0,0.377907,0.0645161,1.0,10.322230781590136
692.0,0.5245665,0.0476879,0.0910405,0.0638298,0.9407514,0.0,0.8458333,0.0041667,0.0125,0.0909091,0.0541667,0.975,0.2575758,0.15,0.2,10.55843949396453
193.0,0.4507772,0.0,0.1865285,0.1320755,0.8497409,0.0,0.6790123,0.0,0.037037,0.0581395,0.0,1.0,0.1744186,0.0909091,1.0,9.69898173460629
393.0,0.4910941,0.0,0.1806616,0.125,0.8549618,0.0,0.6756757,0.0067568,0.0472973,0.097561,0.0,1.0,0.3414634,0.1714286,0.5,10.360944044643913
4574.0,0.443157,0.035199,0.1974202,0.1327051,0.8056406,0.0,0.6123912,0.0020481,0.0542755,0.0574324,0.0440348,0.9902714,0.3629344,0.0332829,0.1428571,11.568369632551514
2424.0,0.4834983,0.0127888,0.1765677,0.1549521,0.870462,0.0,0.700409,0.002045,0.0163599,0.0258964,0.0143149,0.9897751,0.248008,0.0553191,0.7272727,10.599156550639583
73.0,0.5890411,0.0,0.1643836,0.0333333,0.9315068,0.0,0.8076923,0.0,0.0,0.3658537,0.0,1.0,0.3170732,0.0,1.0,9.615805480084347
3576.0,0.4479866,0.7583893,0.1401007,0.1306991,0.9113535,0.0013982,0.7482206,0.0008897,0.0213523,0.0786885,0.6859431,0.9982206,0.3622951,0.2656642,0.4166667,9.770013301136158
5587.0,0.4807589,0.0028638,0.1873993,0.1006549,0.9205298,0.0,0.7998003,0.0,0.0209685,0.0932549,0.0024963,0.9905142,0.1190584,0.1809955,0.4655172,11.441440204346033
262.0,0.5114504,0.0038168,0.1335878,0.1015625,0.8664122,0.0,0.7021277,0.0106383,0.0425532,0.2419355,0.0106383,1.0,0.3951613,0.0,1.0,9.615805480084347
13832.0,0.4848178,0.0234962,0.1403991,0.10595,0.7593262,0.0730914,0.6576473,0.0046056,0.0807906,0.026709,0.0153521,0.9798503,0.3229361,0.0703576,0.1935484,11.431726255472853
16925.0,0.48839,0.1914328,0.1096012,0.1022058,0.8529985,0.0153619,0.7210151,0.0058684,0.0531324,0.0983841,0.170341,0.9798573,0.3313313,0.1225529,0.5735294,10.725489582719506
28898.0,0.5020417,0.0239463,0.1311163,0.0931897,0.8242093,0.0122154,0.6525516,0.0060623,0.0630655,0.0514933,0.0222584,0.8184944,0.5073807,0.1598612,0.4266667,11.133142723386813
1100.0,0.4745455,0.0009091,0.1709091,0.1522491,0.8254545,0.0763636,0.7355372,0.0027548,0.0247934,0.0294118,0.0,0.9944904,0.2032086,0.1555556,0.25,10.573903321093981
7083.0,0.4859523,0.071721,0.0823098,0.0700357,0.8675702,0.0048002,0.7211065,0.0060629,0.0507768,0.1500805,0.0594922,0.9795377,0.3056361,0.0823635,0.6756757,11.124332223082254
518.0,0.480695,0.0,0.2374517,0.2304833,0.8204633,0.0,0.6035242,0.0044053,0.0132159,0.1302682,0.0,1.0,0.2260536,0.0465116,1.0,9.615805480084347
1922.0,0.4968783,0.1295525,0.0775234,0.0579111,0.930281,0.0,0.8323353,0.005988,0.0224551,0.0683403,0.1047904,0.989521,0.1617852,0.1176471,0.1,10.933124826700707
2816.0,0.5078125,0.0010653,0.0916193,0.0613276,0.9502841,0.0,0.8619934,0.0032859,0.0131435,0.0307856,0.0021906,0.9978094,0.0732484,0.122449,0.1818182,11.088292827848269
10412.0,0.4502497,0.037841,0.196504,0.1741789,0.8390319,0.015655,0.6796292,0.0018087,0.0176351,0.0611335,0.0366267,0.997513,0.2942051,0.0653266,0.4411765,10.382853468483827
24367.0,0.5042475,0.0967292,0.0704231,0.0619205,0.9039274,0.0121065,0.7906186,0.0067981,0.0425561,0.0656758,0.0939497,0.7445275,0.3913872,0.2695312,0.3090909,11.405351390085748
1243.0,0.4827031,0.0024135,0.2003218,0.1088647,0.8938053,0.0,0.7598344,0.0041408,0.0248447,0.0082136,0.0020704,0.9979296,0.2053388,0.0555556,0.0,10.36410350510914
8458.0,0.459092,0.015843,0.1870419,0.1396721,0.7797352,0.0390163,0.6291469,0.0029621,0.0651659,0.0712517,0.0136256,0.980154,0.4066025,0.0791367,0.32,11.690242855114947
6074.0,0.4939085,0.001811,0.0571287,0.0481457,0.9344748,0.0,0.8400966,0.005314,0.0246377,0.0175605,0.0024155,0.9951691,0.135738,0.0655738,0.2,10.985309671896763
287.0,0.4808362,0.0,0.2473868,0.1543624,0.8606272,0.0,0.6637931,0.0,0.0086207,0.1944444,0.0,0.9913793,0.2777778,0.04,0.0,9.615805480084347
486.0,0.4794239,0.1337449,0.1831276,0.1778656,0.8847737,0.0,0.7248677,0.005291,0.015873,0.0956938,0.1216931,1.0,0.2009569,0.1176471,1.0,9.825580063659602
2005.0,0.4897756,0.0,0.125187,0.0957967,0.8004988,0.0274314,0.6383495,0.0048544,0.0509709,0.5318182,0.0,0.9793689,0.4085227,0.0607735,0.3333333,10.85516473308054
465622.0,0.4992741,0.1242811,0.0742598,0.0623421,0.7143992,0.0388319,0.5453661,0.0044705,0.1139538,0.1147456,0.1092231,0.8284656,0.5195758,0.0668804,0.5695254,10.904137815028022
11706.0,0.467538,0.0091406,0.2240731,0.1477619,0.8257304,0.0009397,0.6471387,0.0019399,0.0351115,0.0160336,0.0095053,0.9831232,0.3307883,0.0281457,0.125,11.036517370851499
1302.0,0.4800307,0.0,0.1612903,0.1240768,0.8817204,0.0,0.7162978,0.0020121,0.0221328,0.0657895,0.0,0.9939638,0.2951128,0.1084337,0.5,9.729193687429403
1473.0,0.4833673,0.0,0.2247115,0.1550591,0.8458927,0.0,0.6692913,0.0015748,0.0220472,0.1383989,0.0,0.9984252,0.3188602,0.0909091,0.8571429,9.937937287265354
851.0,0.4829612,0.0094007,0.13396,0.1159091,0.8907168,0.0,0.7346939,0.0,0.0058309,0.087766,0.0116618,0.9970845,0.3324468,0.0982143,0.5,10.275085591132715
3327.0,0.4815149,0.0012023,0.1073039,0.0637681,0.9140367,0.0003006,0.7922506,0.0016488,0.0214345,0.0201939,0.0008244,0.9868096,0.23021,0.0803213,0.2727273,11.086762629082946
172.0,0.5174419,0.0,0.122093,0.0481928,0.8372093,0.0,0.6349206,0.0,0.0793651,0.2222222,0.0,0.984127,0.345679,0.0666667,0.5,9.615805480084347
568.0,0.4700704,0.0017606,0.1461268,0.1362126,0.9260563,0.0,0.7747253,0.0,0.0054945,0.1374408,0.0,0.5659341,0.4454976,0.25,1.0,9.615805480084347
673.0,0.4858841,0.0,0.115899,0.0751445,0.9271917,0.0,0.8135593,0.0,0.0211864,0.0888031,0.0,0.9957627,0.2548263,0.1111111,0.6666667,10.315630315397533
355.0,0.4957746,0.0,0.3492958,0.1396648,0.9070423,0.0,0.8072289,0.0,0.0060241,0.5829146,0.0,0.9698795,0.3768844,0.0555556,0.5,11.147656555612986
808.0,0.480198,0.0012376,0.230198,0.1428571,0.8032178,0.0,0.6318681,0.010989,0.0412088,0.0690537,0.0027473,1.0,0.230179,0.0695652,0.7142857,9.615805480084347
639.0,0.4694836,0.0,0.1517997,0.0973451,0.9014085,0.0,0.7743363,0.0088496,0.0265487,0.077551,0.0,0.7876106,0.3755102,0.1111111,0.3333333,10.373522431293592
959.0,0.4504692,0.0010428,0.2367049,0.1783681,0.8248175,0.0354536,0.6649077,0.0026385,0.0131926,0.2004219,0.0026385,1.0,0.2616034,0.0933333,1.0,9.615805480084347
974.0,0.5030801,0.0,0.0893224,0.0702479,0.8963039,0.0,0.7699115,0.0058997,0.0530973,0.0314286,0.0,0.9970501,0.2142857,0.1369863,1.0,10.308985993422082
14545.0,0.4607081,0.0332073,0.1997937,0.1606323,0.8197319,0.0180818,0.6539395,0.0033975,0.0276654,0.0727573,0.0268565,0.9935286,0.3970897,0.0600496,0.6578947,10.348205424565993
322.0,0.4720497,0.0,0.0621118,0.0294118,0.8385093,0.0,0.6532258,0.016129,0.0483871,0.283237,0.0,0.9758065,0.4797688,0.1071429,0.3333333,10.505094936455558
1316.0,0.4680851,0.3860182,0.1641337,0.1328571,0.8579027,0.0,0.6971429,0.0057143,0.04,0.0349265,0.3257143,0.9980952,0.4448529,0.0612245,0.5,10.491301994830229
694.0,0.4870317,0.0014409,0.0965418,0.0758427,0.9164265,0.0,0.7975207,0.0041322,0.0289256,0.032,0.0,0.9669421,0.22,0.0769231,0.0,10.566201298475118
10358.0,0.4457424,0.0086889,0.3595289,0.1827208,0.8018923,0.0111025,0.6426794,0.0012443,0.0354625,0.3804446,0.0064289,0.9900456,0.2802261,0.0647709,0.5514706,11.732871910985468
2482.0,0.4806608,0.0,0.154311,0.0915438,0.9081386,0.0,0.7780149,0.0021345,0.0170758,0.026999,0.0,0.9829242,0.2658359,0.0732601,0.2,10.819798284210286
11708.0,0.4783054,0.1012983,0.0752477,0.068926,0.8968227,0.0103348,0.7813612,0.0049798,0.0305905,0.0593353,0.0948542,0.9893289,0.3000223,0.062406,0.2608696,10.817796321618971
615.0,0.4796748,0.5430894,0.1333333,0.146875,0.902439,0.0,0.7238095,0.0,0.0095238,0.1025641,0.5,1.0,0.2948718,0.1794872,1.0,9.615805480084347
12962.0,0.5006943,0.0047061,0.1423391,0.0746292,0.7448696,0.0030859,0.5943585,0.0032757,0.1286624,0.1341002,0.0034577,0.9148317,0.3826032,0.0820219,0.1411765,12.520156844130765
34365.0,0.5102575,0.0104758,0.0647461,0.0647653,0.9141568,0.0089335,0.7846444,0.0066571,0.0427161,0.0412722,0.0093199,0.2447576,0.7748112,0.3330144,0.16,11.821887014814502
1142.0,0.4465849,0.0,0.3134851,0.221519,0.8029772,0.0201401,0.6214149,0.0,0.0076482,0.062724,0.0,1.0,0.2043011,0.0842105,0.7857143,9.680406499268875
695.0,0.4776978,0.0,0.2,0.137741,0.8618705,0.0,0.6975089,0.0,0.0355872,0.0538721,0.0,1.0,0.2626263,0.0555556,1.0,10.243560441877241
161.0,0.5031056,0.0,0.2484472,0.2,0.8571429,0.0,0.671875,0.0,0.03125,0.0857143,0.0,0.984375,0.2142857,0.05,1.0,9.615805480084347
15745.0,0.4411559,0.8898698,0.0973642,0.076486,0.8558272,0.0005081,0.6842105,0.0024988,0.0318601,0.0563007,0.8652194,0.9954709,0.3224761,0.0523133,0.71875,10.837637848711049
6448.0,0.4955025,0.0524194,0.0728908,0.0541039,0.9202854,0.0,0.8038686,0.0022492,0.0287899,0.0588484,0.0535313,0.9901035,0.2332769,0.1730104,0.4857143,11.020283511637867
400.0,0.5,0.0,0.1675,0.11,0.8675,0.0,0.7207792,0.012987,0.038961,0.0666667,0.0,1.0,0.3151515,0.1111111,1.0,9.746892220313054
404.0,0.4950495,0.0148515,0.1113861,0.0784314,0.6633663,0.1782178,0.610687,0.0076336,0.0839695,0.0839161,0.0,0.9847328,0.1678322,0.0909091,0.0,10.32551474894327
498.0,0.4759036,0.0220884,0.1807229,0.1302682,0.8815261,0.0,0.7339901,0.0,0.0197044,0.0730594,0.0197044,1.0,0.1461187,0.1176471,0.0,10.628641991731053
1664.0,0.4777644,0.2788462,0.0865385,0.0782509,0.9134615,0.0,0.7822446,0.0067002,0.0167504,0.157969,0.2579564,0.9882747,0.3328632,0.1632653,0.7368421,10.416341118636355
3915.0,0.463857,0.0102171,0.1726692,0.1410195,0.7943806,0.0043423,0.6054341,0.0047253,0.0596574,0.0636062,0.010632,0.9852333,0.4330752,0.0365297,0.4545455,11.252871529635922
480.0,0.4666667,0.0166667,0.18125,0.1484375,0.8395833,0.0,0.6633663,0.0049505,0.029703,0.0776256,0.0148515,1.0,0.3150685,0.0857143,0.0,10.31231367277647
214.0,0.4485981,0.0,0.1308411,0.0932203,0.8457944,0.0,0.691358,0.0,0.0493827,0.1290323,0.0,1.0,0.3225806,0.1666667,0.6666667,9.615805480084347
330.0,0.4636364,0.0,0.1878788,0.1355932,0.869697,0.0,0.6962963,0.0,0.0148148,0.0559441,0.0,1.0,0.1678322,0.1481481,0.0,10.060534035475412
11628.0,0.4736842,0.0138459,0.1714826,0.1037582,0.8652391,0.0147059,0.7314629,0.002004,0.0336228,0.0346088,0.0129147,0.9930973,0.1119948,0.0254692,0.4736842,11.829202282877098
7106.0,0.4773431,0.0270194,0.1754855,0.1289715,0.8314101,0.0182944,0.6771598,0.0069955,0.0381252,0.1770294,0.0244841,0.9587268,0.3831318,0.0829876,0.3571429,10.74937727911096
9977.0,0.4810063,0.0044101,0.1945475,0.1386636,0.8037486,0.0375864,0.6687673,0.0040333,0.044366,0.0420188,0.0037812,0.984119,0.3146583,0.0688259,0.46,10.451637862362272
4353.0,0.4750747,0.0034459,0.1511601,0.1207877,0.8483804,0.0,0.6790914,0.0064065,0.0471753,0.0545154,0.0034945,0.9994176,0.2450441,0.0773639,0.8571429,10.298935994257638
136611.0,0.4646332,0.4571301,0.1130436,0.0992931,0.7262958,0.0584872,0.5852753,0.0034107,0.088552,0.0759978,0.4204389,0.9904823,0.4519115,0.0601535,0.4860427,10.993748398115178
1349.0,0.4521868,0.0111193,0.2594514,0.1894452,0.7983692,0.0363232,0.642732,0.0035026,0.028021,0.0639344,0.0087566,0.9807356,0.2639344,0.075,1.0,9.966509298952284
20714.0,0.4588684,0.0145795,0.2345274,0.1637969,0.8104664,0.0126485,0.6328739,0.0035312,0.0396401,0.0751159,0.0113908,0.9169609,0.2286136,0.0768516,0.6481481,10.885584751364705
1170.0,0.4709402,0.0076923,0.191453,0.1696284,0.8393162,0.0,0.6571429,0.0040816,0.0367347,0.1463415,0.0061224,0.9938776,0.2578397,0.0865385,0.8181818,9.83633227734872
2914.0,0.4938229,0.0027454,0.1544269,0.120678,0.8997941,0.0164722,0.7701994,0.0041973,0.0136411,0.1085126,0.0020986,0.2822665,0.3751169,0.2090909,0.3,9.62251624577579
9906.0,0.5164547,0.0074702,0.0253382,0.0246347,0.9214617,0.0,0.8334869,0.0064516,0.0522273,0.0412371,0.0058372,0.9929339,0.1740795,0.0688889,0.5744681,11.321777065973317
1227.0,0.5085575,0.0105949,0.1279544,0.0331675,0.9755501,0.0,0.9380952,0.0,0.0071429,0.2060491,0.0095238,0.9333333,0.0453686,0.0689655,0.6,12.011279642540796
2144.0,0.4911381,0.0,0.2360075,0.1063245,0.8698694,0.0,0.725058,0.0034803,0.0417633,0.1354062,0.0,0.9060325,0.3891675,0.1271676,0.5714286,10.766398604507042
384.0,0.5026042,0.0,0.0755208,0.0366492,0.9427083,0.0,0.8666667,0.0074074,0.0222222,0.0492958,0.0,0.9925926,0.2394366,0.0,0.0,10.727684925086583
1614.0,0.460347,0.0024783,0.2484511,0.1802526,0.802974,0.0421314,0.6480938,0.0014663,0.0131965,0.1611316,0.0014663,0.9956012,0.397294,0.0641711,0.6666667,9.615805480084347
17366.0,0.4595762,0.2282621,0.1303121,0.1222163,0.8473454,0.0302315,0.71422,0.001534,0.0337475,0.0403356,0.1971161,0.9960117,0.314883,0.0848438,0.5517241,10.87806606028079
128.0,0.5390625,0.0,0.203125,0.1694915,0.8125,0.0,0.6111111,0.0185185,0.0185185,0.1692308,0.0,1.0,0.3384615,0.2222222,0.6666667,9.615805480084347
102724.0,0.4967096,0.1876971,0.1095362,0.0790716,0.5464351,0.1098283,0.4330196,0.0033369,0.1685499,0.0498961,0.182519,0.9446759,0.5564447,0.0377366,0.4401294,12.096821236822512
9398.0,0.4742498,0.0004256,0.1886572,0.1410646,0.8185784,0.0090445,0.6396217,0.0029866,0.0350921,0.0729119,0.0004978,0.9975112,0.2861098,0.0387097,0.5849057,10.150386692204734
7407.0,0.509113,0.0153908,0.0290266,0.0324532,0.9476171,0.0,0.8895976,0.0044161,0.0559372,0.0634191,0.0225711,0.9273798,0.3455882,0.2168675,0.0769231,12.434406702831367
15403.0,0.4440693,0.0034409,0.2311238,0.1529838,0.8045186,0.0584302,0.6781187,0.0013342,0.0243496,0.0493103,0.0013342,0.9961641,0.2552719,0.04375,0.5806452,10.900454637442037
958.0,0.4718163,0.0,0.1555324,0.0988142,0.8810021,0.0,0.7336957,0.0108696,0.0326087,0.0564103,0.0,0.9782609,0.2410256,0.07,0.6666667,10.31231367277647
569.0,0.4956063,0.0,0.1564148,0.1045296,0.8892794,0.0,0.7276995,0.0,0.0234742,0.2338129,0.0,0.9953052,0.2014388,0.1111111,0.25,9.857495968685136
1841.0,0.460076,0.0005432,0.1787072,0.1207243,0.8815861,0.0054318,0.7346369,0.0027933,0.0153631,0.0466045,0.0013966,0.9972067,0.2090546,0.0718563,0.6666667,10.225607282932941
1284.0,0.5054517,0.0015576,0.1479751,0.0724409,0.8302181,0.0,0.6698473,0.009542,0.0572519,0.323871,0.0,0.9580153,0.4567742,0.1006711,0.6,11.655301379246426
20604.0,0.4922345,0.2714036,0.0944477,0.0770407,0.8674529,0.0108231,0.7355781,0.0050826,0.0414231,0.1127396,0.2595934,0.949047,0.4901917,0.0838267,0.537037,10.606609816118151
8002.0,0.4991252,0.0037491,0.2033242,0.0918164,0.8435391,0.0,0.7170271,0.004569,0.0743223,0.3640062,0.0027414,0.9460859,0.3663309,0.1060221,0.3680982,11.279744203985432
289.0,0.4532872,0.0,0.2110727,0.2151899,0.7681661,0.0,0.530303,0.0075758,0.0227273,0.1081081,0.0,1.0,0.5337838,0.0701754,0.3333333,9.615805480084347
5788.0,0.479613,0.0005183,0.1392536,0.123506,0.9032481,0.0124395,0.7614053,0.0,0.013634,0.1126105,0.0005244,0.128474,0.4513727,0.2316865,0.6818182,9.615805480084347
682.0,0.5029326,0.0058651,0.0234604,0.0294985,0.9457478,0.0,0.8704663,0.0103627,0.0414508,0.0492611,0.0,0.9948187,0.0689655,0.25,0.4285714,10.736418414365376
1985.0,0.4962217,0.0110831,0.075063,0.065,0.809068,0.0,0.630137,0.0136986,0.0859278,0.0440476,0.011208,0.9937733,0.4178571,0.0416667,1.0,11.557908390796706
4943.0,0.470969,0.0014161,0.2326522,0.1739962,0.803156,0.0364151,0.6565854,0.0039024,0.0336585,0.0504863,0.0009756,0.9980488,0.3010653,0.0571924,0.4545455,10.278527816830314
1128.0,0.4414894,0.0265957,0.1613475,0.1968254,0.7987589,0.1445035,0.8483965,0.0029155,0.0291545,0.0973684,0.0233236,0.9591837,0.0710526,0.1219512,0.5,11.552155793461898
4168.0,0.4452975,0.0009597,0.243762,0.1859862,0.803023,0.0388676,0.6540881,0.0040023,0.0200114,0.073132,0.0,0.997713,0.3333333,0.0809793,0.6190476,10.12667110305036
3083.0,0.4781057,0.0003244,0.2212131,0.1665631,0.7937074,0.0278949,0.6307339,0.0015291,0.0359327,0.0663812,0.0,0.9961774,0.2919343,0.0560976,0.6666667,10.351405324899678
802.0,0.4975062,0.0,0.213217,0.1439206,0.8541147,0.0,0.6746269,0.0,0.0208955,0.0796703,0.0,0.9940299,0.2362637,0.0824742,0.7142857,10.203629181337648
140.0,0.5071429,0.0,0.3214286,0.115942,0.8428571,0.0,0.6666667,0.0,0.015873,0.125,0.0,1.0,0.125,0.3,1.0,9.615805480084347
455.0,0.4791209,0.0,0.1824176,0.1097046,0.8703297,0.0,0.7204301,0.0053763,0.0268817,0.1659193,0.0,1.0,0.2556054,0.15,1.0,9.781376414141157
147.0,0.5578231,0.0,0.0204082,0.0153846,0.7346939,0.0,0.5362319,0.0,0.1014493,0.2068966,0.0,1.0,0.6321839,0.0,0.0,10.893047333337728
46535.0,0.4791447,0.0795315,0.1119587,0.0971202,0.7990115,0.0483722,0.6851357,0.0033378,0.0616377,0.0798997,0.062194,0.9961059,0.3652045,0.0678884,0.3624161,10.638280388314705
20125.0,0.4722484,0.002087,0.1183106,0.0822898,0.9382857,0.0053665,0.8202813,0.0013891,0.013544,0.1198227,0.002431,0.2005557,0.506954,0.2786017,0.6111111,9.908524844053396
4590.0,0.459695,0.0013072,0.2054466,0.1584677,0.8224401,0.0278867,0.6567728,0.0021587,0.0232056,0.0817641,0.0021587,0.996762,0.2547076,0.0605144,0.375,10.188704088048116
509.0,0.5147348,0.0196464,0.0903733,0.0688259,0.9214145,0.0,0.7988506,0.0,0.0287356,0.038674,0.0344828,0.9885057,0.2928177,0.1276596,1.0,10.158168529848494
107.0,0.4579439,0.0,0.1028037,0.0862069,0.8224299,0.0,0.6744186,0.0232558,0.0465116,0.2321429,0.0,0.9767442,0.2678571,0.0,0.0,9.615805480084347
192.0,0.46875,0.0,0.1875,0.1568627,0.8697917,0.0,0.6756757,0.0,0.0135135,0.0133333,0.0,1.0,0.24,0.0,0.0,10.288783966353765
670.0,0.4253731,0.0014925,0.2283582,0.2805195,0.780597,0.0104478,0.5824916,0.013468,0.020202,0.0571429,0.003367,0.996633,0.3206349,0.0619469,0.75,10.056251557087757
744.0,0.4543011,0.0,0.2432796,0.1674877,0.8225806,0.0,0.6283988,0.0030211,0.0241692,0.1766169,0.0,0.9577039,0.3706468,0.0625,0.5,10.354595018522993
269.0,0.4869888,0.0,0.1115242,0.0724638,0.8401487,0.0,0.6435644,0.0,0.0693069,0.0648148,0.0,1.0,0.3148148,0.1724138,1.0,10.638280388314705
375.0,0.4426667,0.0133333,0.2933333,0.2679426,0.6346667,0.2293333,0.6456693,0.0,0.0314961,0.0729927,0.0,0.992126,0.3211679,0.0204082,1.0,10.566201298475118
462.0,0.4848485,0.0,0.1277056,0.105042,0.8831169,0.0,0.7411765,0.0176471,0.0352941,0.0607735,0.0,0.9882353,0.2651934,0.0816327,0.0,10.524090921620362
2424.0,0.4872112,0.0519802,0.1419142,0.1230893,0.8609736,0.0585809,0.7837838,0.002457,0.019656,0.1294118,0.0380835,0.982801,0.3037433,0.1059908,0.875,10.348205424565993
6825.0,0.4748718,0.1793407,0.1443223,0.1322545,0.647326,0.1305495,0.536036,0.0037538,0.0833333,0.1513221,0.1411411,0.9707207,0.4963364,0.0677291,0.6428571,10.098272780745283
207.0,0.47343,0.0,0.178744,0.1192661,0.8647343,0.0,0.6923077,0.0128205,0.0384615,0.1034483,0.0,1.0,0.3908046,0.0909091,0.0,9.615805480084347
610.0,0.5311475,0.0606557,0.0360656,0.0174825,0.8655738,0.0,0.7178423,0.0041494,0.0373444,0.2515528,0.0746888,0.9585062,0.6770186,0.0331126,0.8823529,10.723289410218579
54387.0,0.4839943,0.0069686,0.1649659,0.1142389,0.8799713,0.009175,0.7509815,0.003578,0.0387616,0.0160383,0.0051185,0.9888188,0.1236125,0.1027944,0.1926606,10.768506042432708
271.0,0.4391144,0.2915129,0.2509225,0.1973684,0.8302583,0.0,0.6754386,0.0087719,0.0526316,0.1023622,0.3157895,1.0,0.1889764,0.0263158,0.0,10.526775414924009
2062.0,0.4340446,0.0,0.2182347,0.1970865,0.8035887,0.0383123,0.6464646,0.0011223,0.0112233,0.106319,0.0,0.9955107,0.3841525,0.0810811,0.5,9.857495968685136
447619.0,0.4920881,0.2201247,0.1122048,0.0955219,0.8135155,0.0306779,0.6557044,0.004558,0.0540963,0.1345221,0.1972973,0.8670145,0.4374759,0.1099596,0.615494,10.5815464756746
7589.0,0.4845171,0.1097641,0.1091053,0.083589,0.8904994,0.0003953,0.7487047,0.0029608,0.0466321,0.0363766,0.0880829,0.8904515,0.3491441,0.1321138,0.1,11.824087219587643
15644.0,0.4927129,0.0007031,0.1107773,0.0696825,0.9215035,0.0091409,0.8015825,0.0026375,0.0148103,0.052844,0.0006086,0.957395,0.2238663,0.1422797,0.6170213,10.907807476583594
2514.0,0.464996,0.0007955,0.2179793,0.1539033,0.8210024,0.031424,0.6796407,0.006986,0.0359281,0.054717,0.0,0.998004,0.2264151,0.0895062,0.3333333,10.357774570341576
1613.0,0.4525728,0.0241785,0.2864228,0.2321631,0.7234966,0.100434,0.6166419,0.0044577,0.0312036,0.2110199,0.0267459,0.9925706,0.3962485,0.0580205,0.7777778,10.589131655274922
52267.0,0.4784281,0.162703,0.1134559,0.0855068,0.8597585,0.0093175,0.7081412,0.0037273,0.0351153,0.1075024,0.1391859,0.9784208,0.3252648,0.0937997,0.6600362,10.482933978579906
480.0,0.4958333,0.1770833,0.1604167,0.1694215,0.70625,0.1625,0.6459627,0.0062112,0.0248447,0.1104972,0.1180124,0.9937888,0.2872928,0.2058824,0.7142857,9.615805480084347
6862.0,0.4387934,0.5153017,0.1534538,0.1571021,0.8412999,0.0352667,0.7004717,0.0019654,0.0267296,0.0612546,0.4606918,0.9976415,0.3261993,0.1192341,0.3333333,10.491301994830229
507.0,0.4852071,0.0,0.1203156,0.1072797,0.9092702,0.0,0.7624309,0.0,0.0165746,0.052356,0.0,1.0,0.2041885,0.1,1.0,10.596659732783579
6147.0,0.4852774,0.000488,0.1251017,0.1039823,0.8864487,0.0162681,0.7740214,0.002669,0.0338078,0.0347789,0.0004448,0.9959964,0.2739373,0.1068376,0.45,10.63106031411106
1061.0,0.4778511,0.0150801,0.1536287,0.1407942,0.8039585,0.0,0.6239496,0.0021008,0.0441176,0.1778929,0.0231092,0.9789916,0.3195164,0.0696203,0.3333333,10.606609816118151
205.0,0.5121951,0.0,0.1512195,0.12,0.897561,0.0,0.739726,0.0136986,0.0136986,0.1097561,0.0,1.0,0.2682927,0.375,1.0,10.114599007626499
648.0,0.4953704,0.0,0.0925926,0.116208,0.9027778,0.0,0.7466667,0.0,0.0266667,0.1964286,0.0,0.0533333,0.3964286,0.2121212,1.0,9.841665338892785
35.0,0.5142857,0.0,0.0285714,0.0,0.8857143,0.0,0.6666667,0.0,0.0,0.25,0.0,1.0,0.1875,0.3333333,0.0,9.615805480084347
4441.0,0.469714,0.0114839,0.1209187,0.1061571,0.8063499,0.0117091,0.6350897,0.0056054,0.0678251,0.0669456,0.0100897,0.9915919,0.4503138,0.0678466,0.75,11.427378469795439
1085.0,0.4866359,0.0,0.1345622,0.1382406,0.9096774,0.0,0.7714988,0.002457,0.007371,0.0894855,0.0,0.997543,0.261745,0.0806452,0.375,10.077482875583607
1755.0,0.4450142,0.3099715,0.1749288,0.187885,0.8108262,0.0438746,0.6676259,0.0057554,0.0158273,0.1301627,0.2776978,1.0,0.339174,0.0833333,0.6923077,10.494075844768336
6930.0,0.4735931,0.0102453,0.1665224,0.1214364,0.9124098,0.0359307,0.8651331,0.0009021,0.0189445,0.0177226,0.0067659,0.9715832,0.0575986,0.1090909,0.4090909,12.15688765342645
131.0,0.4961832,0.0687023,0.129771,0.1515152,0.8625954,0.0,0.7,0.02,0.02,0.0909091,0.06,0.98,0.2727273,0.0666667,0.0,9.770013301136158
1000.0,0.464,0.0,0.185,0.141791,0.895,0.0,0.7414248,0.0,0.0184697,0.0453401,0.0,1.0,0.2619647,0.1092437,1.0,10.27163147557801
299.0,0.4782609,0.006689,0.187291,0.1410256,0.8896321,0.0,0.7192982,0.0,0.0087719,0.2450331,0.0,0.9736842,0.2119205,0.1304348,0.6,9.69898173460629
276.0,0.442029,0.0,0.4166667,0.2207792,0.6775362,0.1847826,0.6464646,0.0,0.030303,0.0294118,0.0,1.0,0.2254902,0.0,0.5,9.781376414141157
1199.0,0.4462052,0.0,0.1801501,0.1596386,0.8373645,0.0,0.6424242,0.0020202,0.030303,0.0677966,0.0,0.9979798,0.3032015,0.125,0.6,10.05195066017375
13798.0,0.4686186,0.0015944,0.1906073,0.1477087,0.7722134,0.0405131,0.6028868,0.0036965,0.0462947,0.0631596,0.0010562,0.9971836,0.4119393,0.0486334,0.6521739,10.184937747111391
380.0,0.5026316,0.0078947,0.2078947,0.1111111,0.8473684,0.0,0.6751592,0.0,0.0318471,0.1179775,0.0127389,1.0,0.3426966,0.0540541,0.5,9.615805480084347
1453.0,0.4714384,0.0006882,0.1968341,0.1888021,0.8458362,0.0,0.6703645,0.0015848,0.0206022,0.1223922,0.0,1.0,0.201669,0.04375,0.8947368,10.165890277802454
2846.0,0.4641602,0.0014055,0.1777934,0.1521311,0.8376669,0.0151089,0.6689596,0.0042992,0.0189166,0.0613398,0.0008598,0.9974205,0.2695722,0.071618,0.25,10.491301994830229
510.0,0.4960784,0.0,0.1862745,0.1284047,0.8764706,0.0,0.72,0.005,0.025,0.086758,0.0,0.985,0.3242009,0.0344828,1.0,9.62251624577579
1507.0,0.4797611,0.0006636,0.1393497,0.0994898,0.8573324,0.0,0.6911519,0.0016694,0.0400668,0.0611285,0.0016694,0.9983306,0.3213166,0.0338164,0.2,11.968456114085114
562.0,0.4786477,0.0,0.1245552,0.0716724,0.8718861,0.0,0.7009346,0.0,0.0373832,0.0530973,0.0,0.9813084,0.3761062,0.0196078,1.0,10.192456296870509
34378.0,0.4681482,0.2181628,0.1697306,0.1421461,0.8060097,0.0267904,0.6494699,0.0051946,0.0458265,0.1177172,0.1885718,0.9902512,0.3801482,0.0798635,0.4566929,10.463131911491967
34034.0,0.4866898,0.0241229,0.0581771,0.0532914,0.8585238,0.0069636,0.7188704,0.003225,0.0632424,0.0580172,0.0249351,0.9877291,0.2342916,0.0326134,0.3529412,11.32781201446548
2602.0,0.4661799,0.3739431,0.1798616,0.1655868,0.8285934,0.019216,0.6673114,0.0019342,0.0415861,0.1310924,0.3268859,0.9951644,0.3016807,0.1135647,0.8695652,10.150386692204734
602.0,0.4734219,0.0,0.1511628,0.1230284,0.8803987,0.0,0.7094017,0.0,0.017094,0.1068702,0.0,1.0,0.3740458,0.1527778,1.0,9.781376414141157
247.0,0.5020243,0.0,0.1619433,0.1544715,0.902834,0.0,0.7553191,0.0,0.0106383,0.1047619,0.0,1.0,0.2571429,0.0952381,1.0,9.918425424900335
28.0,0.6428571,0.0,0.0714286,0.0,1.0,0.0,1.0,0.0,0.0,0.4166667,0.0,1.0,0.1666667,0.0,1.0,9.615805480084347
4535.0,0.462183,0.1574421,0.2211687,0.1857319,0.8368247,0.0264609,0.6867946,0.0045147,0.030474,0.0940695,0.1320542,0.9937923,0.5015337,0.1134615,0.6774194,9.867912187022208
36048.0,0.4949234,0.0197514,0.093431,0.078706,0.7432312,0.0040502,0.5756566,0.0056187,0.1346531,0.0349306,0.0180321,0.9231674,0.5061791,0.0550142,0.162963,12.344533742172285
187.0,0.4812834,0.0,0.1229947,0.0412371,0.9037433,0.0,0.7868852,0.0,0.0491803,0.0615385,0.0,1.0,0.1384615,0.0769231,0.0,10.628641991731053
13603.0,0.4726898,0.0480041,0.0950526,0.0913147,0.8849518,0.0143351,0.7736002,0.0066707,0.03679,0.0522989,0.04528,0.9953507,0.2980843,0.0868363,0.5625,10.694237736914808
4305.0,0.4882695,0.0392567,0.0650407,0.0512937,0.9649245,0.0023229,0.9218871,0.0023202,0.0193349,0.027088,0.033256,0.974478,0.0278405,0.2537313,0.4615385,12.280720828886404
611.0,0.4418985,0.0016367,0.3535188,0.2756598,0.7266776,0.1096563,0.6111111,0.0039683,0.0039683,0.1710526,0.0,0.9880952,0.3717105,0.028169,0.5,9.729193687429403
416.0,0.4903846,0.0,0.1153846,0.0566038,0.8942308,0.0,0.7697368,0.0065789,0.0526316,0.0318471,0.0,0.9934211,0.2101911,0.0512821,0.0,10.652566005416872
785.0,0.4675159,0.0,0.266242,0.208134,0.8280255,0.0,0.6373938,0.0028329,0.0141643,0.0854922,0.0,1.0,0.3134715,0.0526316,0.5,9.69898173460629
1760.0,0.4664773,0.0005682,0.1528409,0.1001065,0.9011364,0.0,0.7596439,0.0014837,0.0133531,0.0371429,0.0,1.0,0.2057143,0.0596026,0.0,10.645448706505872
881.0,0.4665153,0.0,0.15437,0.1255319,0.8592509,0.0,0.6864407,0.0028249,0.0310734,0.0585106,0.0,0.9943503,0.3031915,0.0957447,0.6666667,10.524090921620362
19212.0,0.5022902,0.006194,0.0886946,0.0629575,0.8978243,0.0135853,0.7812076,0.0059362,0.0483379,0.0523947,0.0061058,0.5451153,0.4095146,0.2072106,0.0747664,11.870606902224587
866.0,0.5369515,0.0011547,0.0715935,0.0448878,0.8856813,0.0,0.7484076,0.0063694,0.0509554,0.2246914,0.0,0.9936306,0.5259259,0.0491803,0.8181818,10.626217806887722
3212.0,0.4585928,0.0,0.2160648,0.1834388,0.8166252,0.0180573,0.65,0.0014493,0.0275362,0.0599455,0.0,0.9905797,0.3358311,0.0837104,0.5357143,10.480129006333248
703.0,0.4736842,0.0,0.1564723,0.1324324,0.8762447,0.0,0.6962963,0.0,0.0185185,0.1118421,0.0,1.0,0.2532895,0.075,0.625,10.122663242288953
1020.0,0.4862745,0.0039216,0.0519608,0.0629771,0.8852941,0.0,0.7486772,0.005291,0.047619,0.1782609,0.0026455,0.9656085,0.3282609,0.1037037,0.1666667,11.07753193632009
552.0,0.4981884,0.740942,0.1213768,0.1516245,0.8913043,0.0,0.7435897,0.0102564,0.0358974,0.0801887,0.6974359,1.0,0.3160377,0.0909091,1.0,9.841665338892785
280.0,0.4785714,0.0,0.1607143,0.130137,0.8642857,0.0,0.6851852,0.0,0.037037,0.1,0.0,1.0,0.1916667,0.125,0.6666667,10.225607282932941
224.0,0.4285714,0.0,0.34375,0.2265625,0.8169643,0.0,0.6380952,0.0,0.0285714,0.4293478,0.0,1.0,0.4347826,0.15625,0.0,10.70101727068921
1138.0,0.4947276,0.0579965,0.0421793,0.0278261,0.9349736,0.0,0.8617021,0.0132979,0.0345745,0.0208333,0.0425532,0.9946809,0.0572917,0.0666667,0.0,11.131679686740132
57.0,0.5438596,0.1403509,0.1754386,0.1153846,0.7894737,0.0,0.5925926,0.0,0.037037,0.0689655,0.1111111,1.0,0.8275862,0.04,0.0,9.966509298952284
782.0,0.4948849,0.0,0.112532,0.1063291,0.8964194,0.0,0.7311828,0.0035842,0.0107527,0.1519757,0.0,1.0,0.4224924,0.1884058,0.7142857,9.69898173460629
2178.0,0.4825528,0.0,0.1028466,0.0461402,0.9370983,0.0,0.8202417,0.0030211,0.0241692,0.0556348,0.0,0.9758308,0.2025678,0.125,0.65,10.915106645867503
1966.0,0.4786368,0.0005086,0.1241099,0.1170732,0.8657172,0.0600203,0.8181818,0.0064935,0.0438312,0.0434783,0.0,0.9951299,0.318323,0.1325301,0.2,10.831726617926124
246.0,0.5,0.0,0.1341463,0.0813008,0.9105691,0.0,0.7710843,0.0120482,0.0120482,0.0879121,0.0,1.0,0.0549451,0.0526316,1.0,10.308985993422082
18853.0,0.4800297,0.1227391,0.1511165,0.1258798,0.8348804,0.0593539,0.7272011,0.0018901,0.030556,0.1114066,0.1294692,0.5937943,0.4620014,0.1521159,0.6545455,10.281958234245314
375.0,0.4586667,0.512,0.1226667,0.1034483,0.9146667,0.0,0.7416667,0.0083333,0.0083333,0.0625,0.35,0.9916667,0.2421875,0.3448276,0.0,9.615805480084347
328.0,0.5091463,0.0,0.1554878,0.1055901,0.9176829,0.0,0.7952756,0.0,0.007874,0.0729927,0.0,1.0,0.350365,0.0731707,1.0,10.295563423525277
3834.0,0.4410537,0.7039645,0.1664058,0.1115259,0.9079291,0.0015649,0.7746797,0.0052751,0.0256217,0.1685464,0.6006029,0.9879427,0.3703008,0.2557545,0.3714286,10.596659732783579
12236.0,0.4876594,0.0644819,0.126185,0.0767268,0.83949,0.0227198,0.7035965,0.0026871,0.0421662,0.0457594,0.0589086,0.9933857,0.2852071,0.0139211,0.0833333,11.136062390867204
2632.0,0.4927812,0.0011398,0.1037234,0.0801498,0.9285714,0.0,0.8132147,0.0063532,0.0317662,0.1351648,0.0025413,0.2630241,0.5263736,0.2743682,1.0,9.615805480084347
2180.0,0.4770642,0.0013761,0.2178899,0.1535088,0.8146789,0.037156,0.6638756,0.0035885,0.0299043,0.0456621,0.0011962,1.0,0.3515982,0.0277778,0.375,10.680539205318292
618.0,0.4951456,0.3883495,0.1537217,0.1538462,0.8511327,0.0032362,0.6680498,0.0082988,0.033195,0.090566,0.3900415,0.9875519,0.354717,0.05,1.0,9.770013301136158
1603.0,0.481597,0.0031192,0.1160324,0.0806258,0.9288833,0.0,0.8121331,0.0078278,0.0195695,0.0340265,0.0039139,0.7651663,0.3251418,0.2290503,0.0,10.874285408908944
4557.0,0.4928681,0.0008778,0.1018214,0.0839463,0.8915953,0.009436,0.7619915,0.0030358,0.0285367,0.0260201,0.0,0.989071,0.2389119,0.0313152,0.8,11.420821140914589
577.0,0.4419411,0.5961872,0.2062392,0.2142857,0.8353553,0.0,0.6052632,0.004386,0.0087719,0.1586716,0.495614,0.9912281,0.2804428,0.2876712,0.0,9.70509758756311
158.0,0.5,0.0,0.221519,0.1265823,0.8924051,0.0,0.7213115,0.0,0.0,0.1527778,0.0,1.0,0.3055556,0.0833333,1.0,9.69898173460629
4592.0,0.4588415,0.0091463,0.2327962,0.1126761,0.8708624,0.0,0.7237838,0.0037838,0.0356757,0.0613902,0.0091892,0.9459459,0.0720446,0.1135371,0.3272727,11.476271853988816
388.0,0.4690722,0.0051546,0.25,0.2281553,0.8195876,0.0,0.6243094,0.0,0.0110497,0.0812183,0.0055249,1.0,0.3401015,0.0416667,0.6,10.2328272702548
715.0,0.4867133,0.0181818,0.1034965,0.133515,0.9006993,0.0,0.741573,0.0,0.0074906,0.1188119,0.0224719,0.9925094,0.4092409,0.2112676,0.7142857,9.69898173460629
314.0,0.4936306,0.0,0.1624204,0.1509434,0.8757962,0.0,0.704,0.0,0.016,0.1987179,0.0,1.0,0.3269231,0.0,1.0,9.615805480084347
1715.0,0.6274052,0.0058309,0.0915452,0.0798122,0.5819242,0.3329446,0.7570093,0.0046729,0.0794393,0.036036,0.0,0.9976636,0.2725225,0.0707965,0.5,11.274680966120778
142216.0,0.5113982,0.0524835,0.0773682,0.0597522,0.8979369,0.0154343,0.7841331,0.0062338,0.062236,0.0471549,0.0587756,0.6050583,0.4770044,0.2886212,0.1206897,12.076538965678628
24610.0,0.4815116,0.0411621,0.0559529,0.0448276,0.7921983,0.0022755,0.6647028,0.0031562,0.1269858,0.0419313,0.0398738,0.9543398,0.2199375,0.0716459,0.25,12.139938184891703
2328.0,0.4553265,0.5549828,0.2087629,0.2105678,0.8466495,0.0292096,0.679669,0.0,0.0200946,0.0754098,0.4822695,0.9976359,0.3071038,0.1778656,0.625,9.814710982145282
171.0,0.4912281,0.005848,0.1578947,0.1149425,0.8538012,0.0,0.6756757,0.0,0.0135135,0.0632911,0.0,1.0,0.1898734,0.0,1.0,9.615805480084347
917.0,0.4732824,0.0,0.1886587,0.1614907,0.8625954,0.0,0.6983696,0.0027174,0.0298913,0.0776942,0.0,1.0,0.3333333,0.0526316,0.3333333,9.97119292889014
372.0,0.5053763,0.0107527,0.1155914,0.0706522,0.8763441,0.0,0.7266667,0.0,0.0266667,0.0196078,0.0133333,0.9866667,0.0784314,0.1111111,0.0,11.230575816507569
309.0,0.5016181,0.2588997,0.1585761,0.1363636,0.8932039,0.0,0.752,0.0,0.016,0.1007194,0.24,1.0,0.1294964,0.1666667,0.0,9.76428295481558
735.0,0.4979592,0.0,0.0721088,0.0514905,0.9482993,0.0,0.8835341,0.0,0.0240964,0.0235294,0.0,0.9799197,0.0470588,0.0454545,0.4,11.083695189061785
7413.0,0.4693107,0.1088628,0.1485229,0.1265887,0.8166734,0.0179415,0.6487872,0.0064913,0.0505637,0.0725602,0.1004441,0.994192,0.3282636,0.0945486,0.7045455,10.134638955251866
3931.0,0.4907148,0.0068685,0.1795981,0.1183816,0.8781481,0.0,0.7242285,0.0052528,0.0275772,0.0379027,0.0052528,0.8581747,0.357549,0.1390977,0.2,11.246365410473757
515.0,0.4815534,0.0,0.2291262,0.1235955,0.8291262,0.0,0.6711712,0.0,0.0495495,0.3527697,0.0,0.990991,0.4227405,0.0566038,1.0,10.36410350510914
521.0,0.452975,0.0019194,0.3512476,0.2631579,0.7850288,0.0,0.5708812,0.0,0.0,0.13,0.0,1.0,0.2733333,0.0425532,0.6,9.615805480084347
31750.0,0.4949921,0.0019528,0.0653228,0.0502682,0.9215748,0.0051339,0.8163459,0.0018963,0.0310041,0.0357469,0.0023703,0.9915616,0.177089,0.0340557,0.3037037,11.408686542313973
279.0,0.4982079,0.2222222,0.0824373,0.05,0.9139785,0.0,0.7757009,0.0,0.0,0.1229508,0.2336449,0.9439252,0.442623,0.0545455,0.0,10.84546552414626
202.0,0.529703,0.4455446,0.1138614,0.1157895,0.8465347,0.0,0.6216216,0.0,0.0405405,0.097561,0.3513514,0.9864865,0.3414634,0.2592593,1.0,9.989711119284745
8713.0,0.4835304,0.5356364,0.1292322,0.094,0.8634225,0.0,0.6926497,0.0020747,0.0397155,0.0578051,0.4748074,0.980735,0.3945825,0.0317316,0.4324324,11.161962746590705
29541.0,0.5169426,0.064859,0.0770793,0.0700771,0.3284926,0.2629904,0.339503,0.0040553,0.2949984,0.0454591,0.0624935,0.9752522,0.4951861,0.0735488,0.5217391,11.221248757912162
781.0,0.5019206,0.1101152,0.1113956,0.0951157,0.9321383,0.0,0.8181818,0.0,0.0197628,0.0766423,0.1185771,0.8932806,0.3029197,0.2112676,0.0,10.488520429241627
286.0,0.520979,0.4265734,0.1223776,0.1678832,0.8776224,0.0,0.6907216,0.0206186,0.0309278,0.1565217,0.3917526,0.9896907,0.2173913,0.1363636,1.0,9.6678285081515
29941.0,0.4793761,0.0011022,0.1263151,0.0997562,0.8763234,0.0094853,0.7481631,0.005161,0.0342022,0.047968,0.0010497,0.9894157,0.3441872,0.0867248,0.2972973,10.675931008412125
898.0,0.4699332,0.0,0.1169265,0.0840336,0.9420935,0.0,0.8239437,0.0,0.0070423,0.183908,0.0,0.4507042,0.295977,0.1081081,0.9166667,10.081675578048475
22430.0,0.4604102,0.0027642,0.1452073,0.1035281,0.720642,0.0950513,0.6348469,0.0045287,0.0915266,0.0508992,0.0022643,0.9946371,0.3683972,0.045209,0.5049505,11.417526281205168
800.0,0.49625,0.0,0.13,0.0918114,0.88875,0.0,0.7466667,0.01,0.0266667,0.0566038,0.0,1.0,0.1761006,0.1111111,0.3333333,10.214678610538817
1949.0,0.4674192,0.0030785,0.165726,0.132948,0.8537712,0.061057,0.7925926,0.0044444,0.0281481,0.0231548,0.0014815,0.997037,0.2590449,0.0779817,0.0,10.985309671896763
65.0,0.4461538,0.0,0.1538462,0.1111111,0.8923077,0.0,0.75,0.0,0.0416667,0.1428571,0.0,0.9583333,0.5,0.25,0.0,9.615805480084347
1867.0,0.4654526,0.0032137,0.1381896,0.1152305,0.8703803,0.0,0.7240398,0.0113798,0.0384068,0.0409277,0.002845,0.9928876,0.3165075,0.0851064,0.5,10.243560441877241
1262.0,0.5253566,0.0451664,0.1291601,0.1035058,0.8961965,0.0,0.7639485,0.0021459,0.0300429,0.2730109,0.0450644,0.9914163,0.3541342,0.1403509,0.5,10.529452721013085
2794.0,0.4699356,0.0025054,0.158554,0.1228899,0.8146027,0.0,0.6450512,0.0110922,0.0665529,0.0705789,0.0008532,0.9982935,0.3417922,0.043956,0.3333333,10.74937727911096
670.0,0.480597,0.0044776,0.2313433,0.1637931,0.7716418,0.1164179,0.7242798,0.0041152,0.0246914,0.0617761,0.0,0.9711934,0.3513514,0.0377358,0.75,10.038935856711177
2764.0,0.4757598,0.0061505,0.1432706,0.0779848,0.8241679,0.0130246,0.6842532,0.0016234,0.0462662,0.0907749,0.0040584,0.9878247,0.1608856,0.0350195,0.6818182,11.868506811148853
1256.0,0.4840764,0.0883758,0.1409236,0.1296296,0.8710191,0.0,0.7136929,0.0062241,0.0311203,0.085389,0.0850622,0.9917012,0.3889943,0.1180556,1.0,9.966509298952284
7978.0,0.4512409,0.2266232,0.2209827,0.2039744,0.8142392,0.0382301,0.6595678,0.0037582,0.020357,0.0777008,0.1973066,0.9771375,0.3477759,0.1063331,0.5,10.173552856959743
6427.0,0.4551112,0.0776412,0.1492143,0.089663,0.7115295,0.0126031,0.5289337,0.0016255,0.0881014,0.0485617,0.0555917,0.979844,0.3881843,0.0349933,0.609375,12.066816325306588
451.0,0.6474501,0.0133038,0.0221729,0.0503145,0.5254989,0.4190687,0.75,0.0,0.0340909,0.3070866,0.0,1.0,0.503937,0.1463415,0.0,10.893047333337728
8255.0,0.4675954,0.0437311,0.1569958,0.1346985,0.8082374,0.0036342,0.6110621,0.002942,0.0582524,0.0692771,0.0379523,0.9876434,0.3124315,0.0787309,0.3809524,10.980212041446208
256.0,0.4804688,0.0,0.171875,0.112782,0.90625,0.0,0.7722772,0.0,0.009901,0.0380952,0.0,1.0,0.2285714,0.0588235,0.0,10.038935856711177
104.0,0.4807692,0.0,0.1923077,0.1481481,0.8461538,0.0,0.6666667,0.0,0.0222222,0.3181818,0.0,1.0,0.3636364,0.0,1.0,9.615805480084347
731.0,0.4774282,0.0,0.1381669,0.0706806,0.9439124,0.0,0.8395062,0.0,0.0082305,0.0318725,0.0,0.9958848,0.1593625,0.1333333,0.0,10.680539205318292
563.0,0.4760213,0.0674956,0.1651865,0.179661,0.8667851,0.0,0.6956522,0.0,0.0217391,0.08,0.0434783,1.0,0.292,0.0943396,0.8,9.69898173460629
791.0,0.4652339,0.0,0.2402023,0.2104019,0.7547408,0.0695322,0.6042296,0.0,0.0241692,0.1867322,0.0,0.9969789,0.3243243,0.0614035,0.8,9.615805480084347
709.0,0.4908322,0.0,0.1170663,0.0941828,0.922426,0.0,0.7848606,0.0,0.0039841,0.056391,0.0,0.9960159,0.1804511,0.2463768,0.5,9.99884318585288
1060.0,0.4962264,0.0037736,0.1471698,0.093633,0.8292453,0.0,0.6483254,0.0095694,0.0717703,0.0606742,0.0023923,0.9880383,0.4853933,0.0934066,0.0,11.041336579870135
186.0,0.5053763,0.0,0.172043,0.1413043,0.8763441,0.0,0.7012987,0.0,0.0,0.2666667,0.0,1.0,0.4190476,0.0555556,1.0,9.615805480084347
490.0,0.4387755,0.0,0.2183673,0.16,0.877551,0.0,0.7114428,0.0,0.0099502,0.0737327,0.0,1.0,0.1658986,0.05,0.0,10.236417809461043
252.0,0.4642857,0.0119048,0.2222222,0.1777778,0.8333333,0.0,0.6363636,0.0,0.0181818,0.1129032,0.0,0.9909091,0.3225806,0.0384615,0.8,10.043292972227004
303.0,0.4818482,0.1122112,0.2343234,0.1528662,0.8778878,0.0,0.744,0.0,0.04,0.0530303,0.112,1.0,0.1060606,0.0333333,0.0,11.268315653289422
2060.0,0.4985437,0.0019417,0.1417476,0.124879,0.8791262,0.0203883,0.7428571,0.0027211,0.0190476,0.1090909,0.0040816,0.9142857,0.3151515,0.1302326,0.8,10.448743588106625
29281.0,0.4856733,0.046344,0.115604,0.0885126,0.8909873,0.0139681,0.7594716,0.0063326,0.0389781,0.0389297,0.0520799,0.5886014,0.4628541,0.2452455,0.2054795,10.881832472145556
17402.0,0.5232157,0.0874037,0.1038961,0.0759311,0.7749109,0.11378,0.7411057,0.0051779,0.0511107,0.0747952,0.0679806,0.9712711,0.3061351,0.102911,0.3636364,10.801634680173994
337.0,0.4510386,0.0,0.1810089,0.0810811,0.8605341,0.0,0.7028986,0.0,0.0434783,0.1153846,0.0,1.0,0.1410256,0.0857143,1.0,10.401258331428318
660.0,0.4727273,0.0,0.2454545,0.1781609,0.8318182,0.0,0.6416382,0.003413,0.0136519,0.084375,0.0,0.996587,0.4,0.0481928,0.6666667,10.354595018522993
4490.0,0.466147,0.0035635,0.1487751,0.1105549,0.8819599,0.0262806,0.7897252,0.0035842,0.0310633,0.0434286,0.0029869,0.9976105,0.2074286,0.0350109,0.1428571,11.13751903414526
692.0,0.4147399,0.0014451,0.3367052,0.2790123,0.7601156,0.1372832,0.7183673,0.0,0.0081633,0.0613027,0.0,0.9959184,0.3065134,0.0813953,0.0,10.328787967145063
362.0,0.480663,0.0,0.2348066,0.1595745,0.8646409,0.0,0.6713287,0.0,0.013986,0.10625,0.0,0.9090909,0.31875,0.1111111,0.6,9.867912187022208
728.0,0.4793956,0.1098901,0.2335165,0.1319261,0.8475275,0.0247253,0.7290323,0.0,0.0225806,0.6015424,0.0903226,0.9935484,0.6812339,0.1555556,0.425,10.114599007626499
27557.0,0.4797692,0.0076569,0.1364445,0.0972377,0.8381174,0.0076569,0.6782524,0.0031839,0.0460777,0.0638351,0.0081366,0.9893871,0.3501408,0.0246583,0.5555556,11.151969943847991
146.0,0.6232877,0.0205479,0.109589,0.0727273,0.6712329,0.2671233,0.7804878,0.0,0.0,0.2545455,0.0,1.0,0.3454545,0.1428571,1.0,9.615805480084347
674.0,0.504451,0.0029674,0.0311573,0.0479042,0.9569733,0.0,0.8513514,0.0,0.0472973,0.2251309,0.0135135,0.9864865,0.6492147,0.3802817,0.0,10.5815464756746
1366.0,0.4377745,0.0,0.2423133,0.1940104,0.7789165,0.0915081,0.6833667,0.002004,0.0260521,0.0724907,0.0,0.98998,0.3866171,0.0614525,0.0,10.457401400981889
6594.0,0.4942372,0.0077343,0.09266,0.0530735,0.9197756,0.0,0.8151333,0.0025795,0.033104,0.0185654,0.0060189,0.972055,0.1514768,0.107943,0.4347826,11.005444242454628
659.0,0.5371775,0.0,0.0713202,0.052459,0.952959,0.0,0.8448276,0.0,0.0229885,0.0793651,0.0,0.9885057,0.0952381,0.28,0.625,10.6782377612977
93.0,0.4193548,0.0,0.311828,0.3148148,0.8172043,0.0,0.6304348,0.0,0.0,0.3428571,0.0,1.0,0.5428571,0.0,1.0,9.615805480084347
2020.0,0.439604,0.3965347,0.1881188,0.1793286,0.8480198,0.0485149,0.7291961,0.0042313,0.0169252,0.0609272,0.3286319,0.9929478,0.2940397,0.154185,0.2727273,10.392098241730961
5706.0,0.477217,0.0059586,0.1664914,0.1193429,0.7819839,0.0203295,0.6183456,0.0036855,0.0655201,0.0498054,0.0045045,0.993448,0.4953307,0.023225,0.0,11.823354355742923
692.0,0.4710983,0.0,0.1893064,0.1448087,0.8554913,0.0,0.675,0.0,0.0285714,0.1691395,0.0,0.9892857,0.3857567,0.0952381,0.8571429,10.138599199626192
6500.0,0.4775385,0.0030769,0.222,0.1092462,0.9123077,0.0115385,0.8108221,0.0012584,0.0146812,0.0165017,0.0008389,0.9949664,0.0486799,0.0901639,0.3333333,11.385103457032141
960.0,0.45625,0.040625,0.2104167,0.2356322,0.825,0.0520833,0.6947368,0.0,0.0052632,0.0617284,0.0289474,1.0,0.2691358,0.059322,0.3333333,9.76428295481558
802.0,0.457606,0.6533666,0.1720698,0.1310345,0.8927681,0.0,0.7241379,0.0034483,0.0137931,0.0822785,0.5586207,1.0,0.414557,0.1008403,0.75,10.016860879703811
744.0,0.5188172,0.0013441,0.0685484,0.0642458,0.8830645,0.0,0.7328244,0.0038168,0.0496183,0.0296296,0.0,0.9961832,0.1555556,0.0540541,1.0,11.026808713825016
5757.0,0.4625673,0.0189335,0.190898,0.1758242,0.8004169,0.0524579,0.6623986,0.0017072,0.0209134,0.0822562,0.0179257,0.9961588,0.3497846,0.0716389,0.7,10.505094936455558
14465.0,0.4708607,0.5800207,0.0674041,0.0634962,0.9071552,0.0017283,0.7729719,0.0041391,0.035596,0.0693374,0.5347682,0.9629553,0.2525039,0.1957027,0.6363636,9.87822102528824
10354.0,0.4681283,0.0303264,0.1381109,0.1216633,0.8178482,0.0546649,0.6964193,0.004411,0.0306175,0.0886734,0.0184224,0.9948106,0.3371956,0.0740741,0.4237288,10.540090836284206
4859.0,0.4733484,0.0041161,0.2187693,0.1461508,0.7995472,0.0382795,0.654215,0.0010096,0.0323069,0.0690789,0.002524,0.9969712,0.293703,0.043152,0.75,10.382853468483827
9487.0,0.4865606,0.0228734,0.138927,0.1118867,0.8388321,0.0012649,0.677551,0.0038095,0.0653061,0.0387131,0.0247619,0.9126531,0.4091028,0.1017826,0.3333333,11.833565894429414
2076.0,0.4566474,0.0,0.117052,0.0992908,0.8709056,0.0,0.7222222,0.0049383,0.0407407,0.0459364,0.0,1.0,0.343934,0.048951,0.4444444,10.609081944147828
519.0,0.5009634,0.0,0.044316,0.0656371,0.9614644,0.0,0.8275862,0.0,0.0,0.1007752,0.0,1.0,0.8294574,0.2580645,0.0,10.354595018522993
443.0,0.4988713,0.0,0.2167043,0.1936937,0.8577878,0.0,0.6666667,0.0,0.0166667,0.027027,0.0,1.0,0.1675676,0.0689655,1.0,9.75272280064639
4158.0,0.4393939,0.0050505,0.2693603,0.2316602,0.7481962,0.0649351,0.5929054,0.0011261,0.026464,0.0337323,0.0016892,0.9966216,0.4053319,0.0231707,0.75,10.891186902297498
1108.0,0.4765343,0.0,0.2274368,0.1913793,0.8348375,0.0,0.6367615,0.0043764,0.0262582,0.0748988,0.0,0.9978118,0.3016194,0.0869565,0.0,10.085850775128717
4207.0,0.4780128,0.0002377,0.2224863,0.1461749,0.8000951,0.0090326,0.621978,0.0054945,0.0510989,0.09,0.0,0.9961538,0.367,0.0453431,0.7,10.997104049659168
110.0,0.4909091,0.0,0.1272727,0.0892857,0.9090909,0.0,0.7674419,0.0,0.0,0.2037037,0.0,1.0,0.2777778,0.25,0.0,9.615805480084347
15337.0,0.4836017,0.0073026,0.2030384,0.1054293,0.8729869,0.0,0.7489657,0.0074466,0.0537812,0.1226771,0.0071157,0.9897402,0.2711963,0.1122214,0.4541667,10.859018228147887
308.0,0.4772727,0.0,0.2435065,0.1552795,0.8928571,0.0,0.736,0.0,0.0,0.1987179,0.0,0.984,0.2179487,0.1304348,0.3333333,9.615805480084347
8207.0,0.5542829,0.0740831,0.1496284,0.133953,0.7299866,0.1597417,0.7047273,0.0043636,0.0272727,0.0275813,0.0018182,0.9905455,0.2432815,0.0530504,0.4166667,10.5610334618531
341.0,0.4750733,0.0,0.0879765,0.0726257,0.9472141,0.0,0.8431373,0.0,0.0196078,0.1130435,0.0,0.1862745,0.2521739,0.2307692,0.4,9.83097062169695
101.0,0.4554455,0.1980198,0.1980198,0.1090909,0.9405941,0.0,0.8378378,0.0,0.0,0.075,0.1621622,1.0,0.225,0.1666667,0.0,10.207325906555994
6686.0,0.4756207,0.1097816,0.2659288,0.2104963,0.7787915,0.0698474,0.6432616,0.003775,0.017365,0.1476834,0.0917327,0.987165,0.3368726,0.0953516,0.6666667,9.803722464346553
27702.0,0.4854884,0.0107573,0.0946141,0.0719147,0.8866869,0.0111544,0.7660123,0.0023795,0.0381717,0.0359396,0.0103113,0.9960341,0.2034984,0.0420827,0.3939394,11.092869425057021
62.0,0.4032258,0.0,0.2419355,0.1081081,0.9193548,0.0,0.7826087,0.0,0.0,0.2333333,0.0,1.0,0.1666667,0.0,1.0,9.615805480084347
299.0,0.4448161,0.0,0.1103679,0.1144578,0.8829431,0.0,0.7280702,0.0087719,0.0175439,0.0338983,0.0,1.0,0.1779661,0.0357143,0.0,9.820160289946374
1352.0,0.4859467,0.0022189,0.1871302,0.0920863,0.9008876,0.0,0.7838828,0.0,0.025641,0.0319149,0.003663,1.0,0.0283688,0.0,0.5,11.599112335481124
3618.0,0.4903261,0.141791,0.0688226,0.0368764,0.9347706,0.0,0.8610864,0.0062333,0.047195,0.2463087,0.1211042,0.8067676,0.247651,0.1884817,0.2786885,11.047726275896391
3112.0,0.4421594,0.4823265,0.2005141,0.1860599,0.7930591,0.0710154,0.6536758,0.0053144,0.0159433,0.1568335,0.4322409,0.9813995,0.334578,0.1440162,0.9130435,9.90353755128617
1088.0,0.5119485,0.0,0.0523897,0.0602637,0.9448529,0.0257353,0.9007937,0.0,0.0238095,0.0836364,0.0,0.9920635,0.3272727,0.4292929,1.0,9.615805480084347
39788.0,0.4730823,0.0331256,0.0984719,0.0720248,0.8568413,0.0059817,0.7112799,0.0018053,0.0430777,0.0571663,0.0326818,0.9928411,0.252377,0.0325692,0.3650794,11.39302644219128
2786.0,0.4422111,0.5305097,0.1180905,0.0855856,0.5534817,0.3251974,0.6393443,0.0,0.0554855,0.0800464,0.295082,0.9936948,0.3271462,0.0569801,0.4615385,10.689692377847104
3515.0,0.4910384,0.000569,0.1479374,0.1017328,0.8924609,0.0267425,0.7686025,0.0036298,0.0145191,0.1350078,0.0018149,0.9981851,0.2700157,0.2226562,0.8139535,10.407318772389159
177.0,0.4519774,0.0,0.1864407,0.1958763,0.8361582,0.0,0.6388889,0.0,0.0416667,0.0886076,0.0,1.0,0.2025316,0.0,1.0,9.758519582283522
290.0,0.5241379,0.0,0.1413793,0.0942029,0.8724138,0.0,0.7314815,0.0,0.0555556,0.1290323,0.0,0.9166667,0.233871,0.1666667,1.0,9.975854724662028
18059.0,0.4500803,0.0352179,0.2469129,0.1856812,0.8022039,0.0161692,0.6194612,0.0026435,0.0245468,0.1403528,0.0334844,0.9855237,0.3097067,0.058643,0.7604563,10.268165387743457
7007.0,0.5073498,0.0077066,0.0773512,0.0469293,0.8574283,0.0,0.7248619,0.0066298,0.0769797,0.0362087,0.0062615,0.9834254,0.3102591,0.0376028,0.2,11.81894585784987
20512.0,0.5066303,0.0562598,0.0332976,0.0368577,0.8868467,0.00078,0.7756245,0.0041631,0.0773758,0.0514706,0.0513925,0.9724376,0.1522331,0.1188444,0.175,11.780667550692455
4173.0,0.470405,0.0059909,0.1758926,0.1162896,0.8339324,0.0,0.6674045,0.0005534,0.0442723,0.030059,0.0038738,0.9839513,0.0681696,0.0738636,0.0909091,11.163382173096926
394.0,0.4720812,0.0,0.2436548,0.1538462,0.8705584,0.0,0.6964286,0.0,0.0,0.106383,0.0,0.9940476,0.3085106,0.0384615,1.0,9.615805480084347
4791.0,0.495095,0.0459194,0.1521603,0.1000413,0.461699,0.3832185,0.5721429,0.0007143,0.0721429,0.1189427,0.0192857,0.9892857,0.3820013,0.0325048,0.4736842,11.691080018519527
3497.0,0.4472405,0.4418073,0.2293394,0.2141749,0.7849585,0.0660566,0.6536145,0.0045181,0.0361446,0.0885381,0.4028614,0.996988,0.3109128,0.1099585,0.6315789,10.177362240256695
472.0,0.5190678,0.0,0.1461864,0.1497797,0.8601695,0.0,0.6666667,0.0,0.0104167,0.0724638,0.0,0.9947917,0.5217391,0.1176471,1.0,10.038935856711177
302.0,0.4933775,0.0,0.218543,0.1045752,0.8112583,0.0,0.6449275,0.0144928,0.0434783,0.3300971,0.0,0.9710145,0.5485437,0.1590909,1.0,10.566201298475118
474.0,0.535865,0.0,0.0843882,0.0681818,0.9050633,0.0021097,0.7707006,0.0,0.044586,0.0977011,0.0,1.0,0.2701149,0.1666667,0.0,10.27163147557801
1495.0,0.4494983,0.4548495,0.2060201,0.1761847,0.8735786,0.0,0.7043919,0.0,0.0202703,0.1150972,0.3800676,0.9983108,0.2556054,0.1304348,0.7142857,9.717218213494077
5349.0,0.4746682,0.0020565,0.129183,0.1170819,0.8607216,0.0110301,0.7108495,0.0071648,0.042477,0.0605769,0.0010235,0.9974411,0.1947115,0.0847826,0.125,10.357774570341576
3093.0,0.4746201,0.0032331,0.1600388,0.104,0.8745554,0.0,0.7178423,0.0008299,0.0315353,0.036,0.0016598,0.986722,0.2496,0.0619946,0.4,11.771443882099637
960.0,0.48125,0.0,0.2125,0.1586345,0.8614583,0.0,0.688946,0.0,0.0282776,0.2093496,0.0,0.933162,0.3130081,0.0897436,0.8333333,9.615805480084347
257.0,0.4902724,0.0038911,0.1206226,0.1526718,0.8715953,0.0,0.7128713,0.0,0.039604,0.0560748,0.0,0.990099,0.2242991,0.08,1.0,10.328787967145063
522.0,0.5038314,0.0095785,0.1034483,0.0501931,0.8831418,0.0,0.7384615,0.0102564,0.0410256,0.0972222,0.0102564,0.9948718,0.2731481,0.04,0.3333333,10.55843949396453
1223.0,0.4390842,0.1120196,0.2788226,0.2026239,0.8119379,0.0400654,0.6634241,0.0019455,0.0136187,0.1669368,0.0992218,0.9533074,0.376013,0.1102941,0.6,9.615805480084347
255.0,0.4784314,0.0117647,0.1294118,0.1353383,0.8784314,0.0,0.7070707,0.0,0.020202,0.2204724,0.010101,0.989899,0.496063,0.1538462,0.0,9.615805480084347
5072.0,0.454653,0.0007886,0.204653,0.1782357,0.794164,0.0626972,0.6683726,0.0046059,0.031218,0.0421569,0.0005118,0.9969294,0.372549,0.0530035,0.75,10.829748417047593
14396.0,0.4668658,0.0172965,0.2047096,0.1326384,0.7975827,0.0214643,0.6498003,0.0036618,0.0664115,0.023883,0.0139814,0.9941744,0.3103168,0.02836,0.4594595,11.098939154318382
854.0,0.4824356,0.001171,0.1007026,0.0950226,0.9215457,0.0,0.7909968,0.0,0.0064309,0.1037464,0.0,1.0,0.3227666,0.025,0.25,10.460270761075149
4101.0,0.4759815,0.0019507,0.1528895,0.1046999,0.8878322,0.0338942,0.8029979,0.0035689,0.0256959,0.021648,0.0021413,0.9964311,0.0607542,0.038835,0.625,11.1447705923684
11238.0,0.4899448,0.0029365,0.1138993,0.0933357,0.8874355,0.0149493,0.7484002,0.0061082,0.0375218,0.0385906,0.0026178,0.5878418,0.4751119,0.2676604,0.5,10.440010162389305
1995.0,0.4661654,0.0,0.1839599,0.1323944,0.8451128,0.0070175,0.6746988,0.0024096,0.0289157,0.0360046,0.0,1.0,0.29036,0.0627306,0.6666667,10.609081944147828
7030.0,0.4876245,0.0012802,0.1234708,0.0882843,0.8657183,0.0,0.7095745,0.0042553,0.0386525,0.1198502,0.0007092,0.993617,0.2509363,0.068152,0.3589744,10.978507040265917
1417.0,0.49753,0.0,0.1460833,0.0912921,0.9202541,0.0,0.7819383,0.0022026,0.0198238,0.0257511,0.0,1.0,0.1609442,0.1558442,1.0,10.819798284210286
12839.0,0.4540852,0.0724355,0.2014176,0.1655015,0.795389,0.0365293,0.6397623,0.0051764,0.0406442,0.1059308,0.0588574,0.9936733,0.3345903,0.0867375,0.6324786,9.888424674859083
136.0,0.5220588,0.0,0.1985294,0.1384615,0.8897059,0.0,0.7321429,0.0,0.0,0.1111111,0.0,0.9821429,0.3174603,0.1428571,1.0,9.994287576862567
1390.0,0.4726619,0.0151079,0.1323741,0.1159618,0.8978417,0.0,0.7610294,0.0036765,0.0165441,0.1067323,0.0128676,1.0,0.3333333,0.09375,0.4444444,10.410335274932896
1301.0,0.4696387,0.0,0.0822444,0.1,0.9692544,0.0,0.8966667,0.0,0.01,0.1097923,0.0,0.9933333,0.5934718,0.4411765,0.0,9.661479683575521
257.0,0.4669261,0.0,0.2023346,0.1605839,0.8715953,0.0,0.7037037,0.0092593,0.0092593,0.1147541,0.0,0.962963,0.442623,0.0,1.0,9.615805480084347
17283.0,0.4719088,0.0374935,0.1720766,0.1381615,0.7016143,0.075797,0.5891693,0.0080805,0.1092997,0.0516268,0.0360079,0.9751914,0.4815811,0.0451872,0.2051282,11.370220696727491
223.0,0.5201794,0.0044843,0.1165919,0.0747664,0.7219731,0.0,0.5283019,0.009434,0.1037736,0.6778116,0.0,0.990566,0.6778116,0.0196078,1.0,10.929547069355774
178.0,0.5337079,0.0,0.1460674,0.0963855,0.8764045,0.0,0.7352941,0.0,0.0588235,0.0555556,0.0,1.0,0.2777778,0.0833333,0.0,9.615805480084347
92788.0,0.4805578,0.1296288,0.1237876,0.1014772,0.8479545,0.0246368,0.7039574,0.0037747,0.0496499,0.0714043,0.1113242,0.9495282,0.3649649,0.1021912,0.3164179,11.636036503798104
973.0,0.4768756,0.2857143,0.004111,0.0039293,0.9136691,0.0,0.8025078,0.0031348,0.0532915,0.0449102,0.2727273,0.9968652,0.1347305,0.1086957,0.0,10.827766295132466
1704.0,0.495892,0.0011737,0.2793427,0.1105937,0.8421362,0.0,0.7295597,0.0037736,0.0465409,0.4067164,0.0012579,0.9924528,0.3126866,0.0172414,0.6551724,11.39302644219128
4909.0,0.4465268,0.2183744,0.213078,0.1751932,0.8294968,0.0301487,0.6826827,0.003003,0.0215215,0.0792627,0.1936937,0.9924925,0.3,0.0726115,0.7058824,10.229223792606835
892.0,0.4641256,0.4887892,0.1378924,0.1401674,0.8744395,0.0,0.6945245,0.0,0.0172911,0.1170483,0.4524496,0.9913545,0.3613232,0.1,0.5,10.134638955251866
123.0,0.5447154,0.0,0.2601626,0.1071429,0.9268293,0.0,0.8163265,0.0,0.0,0.1967213,0.0,1.0,0.2459016,0.0,0.0,9.841665338892785
250.0,0.512,0.164,0.084,0.0983607,0.908,0.0,0.7802198,0.010989,0.010989,0.125,0.1318681,1.0,0.1057692,0.0,0.0,10.485731104959568
438.0,0.4840183,0.0,0.2054795,0.199115,0.8607306,0.0821918,0.7983871,0.0,0.0,0.2484848,0.0,0.9758065,0.2242424,0.2666667,1.0,10.513280297700861
189.0,0.5343915,0.1269841,0.1164021,0.0568182,0.9206349,0.0,0.7846154,0.0,0.0153846,0.0972222,0.0615385,0.9846154,0.5555556,0.0,0.0,9.841665338892785
411.0,0.5206813,0.0,0.1313869,0.1269036,0.9002433,0.0,0.7628205,0.0,0.025641,0.0930233,0.0,1.0,0.4127907,0.0,0.0,10.081675578048475
913.0,0.4841183,0.0,0.1325301,0.104034,0.9112815,0.0,0.7755682,0.0028409,0.0028409,0.1308642,0.0,1.0,0.3012346,0.1604938,0.9,9.923339198238729
737.0,0.4966079,0.0786974,0.1248304,0.1590296,0.8643148,0.0,0.6852459,0.0032787,0.0131148,0.1029412,0.0590164,1.0,0.3382353,0.0869565,0.0,9.674137279312397
2063.0,0.5089675,0.0024237,0.1182744,0.0641658,0.9505574,0.0,0.8212291,0.0018622,0.0111732,0.0836177,0.0037244,0.8826816,0.4488055,0.1658768,0.6,11.255462171102444
536.0,0.4589552,0.0018657,0.1492537,0.1551724,0.886194,0.0,0.7429907,0.0046729,0.0233645,0.0932203,0.0046729,0.9953271,0.2881356,0.0943396,0.6666667,9.989711119284745
3165.0,0.478673,0.000316,0.1690363,0.1339394,0.8600316,0.0,0.7006369,0.0063694,0.0429936,0.0316114,0.0007962,0.9984076,0.2513493,0.0864553,0.75,10.488520429241627
1400.0,0.4942857,0.0828571,0.1021429,0.0974576,0.9307143,0.0,0.8267717,0.003937,0.0137795,0.0378788,0.0629921,0.9980315,0.1912879,0.16,0.5555556,10.416341118636355
17803.0,0.4780655,0.0209515,0.1273943,0.1010547,0.8622142,0.0120204,0.7195539,0.0026766,0.0460967,0.024231,0.02171,0.9747212,0.2576901,0.0391901,0.6176471,11.47107168834584
457.0,0.4551422,0.0,0.2516411,0.1325301,0.8621444,0.0,0.6810811,0.0,0.0216216,0.08867,0.0,1.0,0.1576355,0.1555556,1.0,10.225607282932941
1328.0,0.499247,0.0,0.1091867,0.0556391,0.9201807,0.0,0.8265525,0.0085653,0.0428266,0.1835664,0.0,0.9914347,0.2762238,0.1886792,0.6,10.635879484421974
5702.0,0.4487899,0.574886,0.136268,0.1288578,0.8872325,0.0154332,0.7398088,0.0015098,0.0171112,0.0710612,0.5178661,0.9939607,0.3482936,0.1706037,0.5238095,10.419330568113901
110.0,0.5,0.0,0.1363636,0.0363636,0.9363636,0.0,0.8333333,0.0,0.0,0.1764706,0.0,0.9761905,0.372549,0.0,0.7142857,9.741027444837728
146.0,0.5136986,0.0,0.2465753,0.1971831,0.890411,0.0,0.7377049,0.0,0.0,0.0895522,0.0,1.0,0.1791045,0.0,1.0,9.615805480084347
89.0,0.5393258,0.0,0.0561798,0.097561,0.8988764,0.0,0.7272727,0.0,0.0,0.25,0.0,1.0,0.25,0.1,0.0,9.873079890114703
965.0,0.4725389,0.0953368,0.1906736,0.1473477,0.8145078,0.0238342,0.6481481,0.0,0.0092593,0.1055901,0.0740741,0.9837963,0.4554865,0.046729,0.2857143,10.70101727068921
193.0,0.5284974,0.0,0.238342,0.2197802,0.8031088,0.0,0.5862069,0.0,0.0229885,0.2232143,0.0,1.0,0.3839286,0.1,0.6666667,9.615805480084347
147.0,0.4897959,0.0,0.1768707,0.1466667,0.8231293,0.0,0.6825397,0.015873,0.0634921,0.2588235,0.0,0.968254,0.2470588,0.0285714,0.0,10.485731104959568
4831.0,0.4595322,0.057959,0.2063755,0.1600919,0.7360795,0.0805216,0.6011994,0.003998,0.0374813,0.0837912,0.0514743,0.9910045,0.3415751,0.0804196,0.7272727,10.410335274932896
1637.0,0.4551008,0.0006109,0.2070861,0.1647982,0.8289554,0.0513134,0.7008,0.0,0.0128,0.050152,0.0,0.992,0.2386018,0.1111111,0.8571429,10.379752786950895
1575.0,0.5028571,0.0038095,0.0679365,0.0446999,0.944127,0.0,0.864564,0.0037106,0.0222635,0.0925926,0.0018553,0.9777365,0.1397306,0.1914894,0.8235294,11.270866642542865
15177.0,0.4881729,0.0007248,0.1176781,0.0923018,0.8657179,0.0113329,0.7232525,0.0048146,0.0402996,0.0510998,0.0003566,0.996612,0.3458545,0.0642504,0.7058824,10.69650269224425
621.0,0.4991948,0.0,0.0966184,0.0771704,0.9259259,0.0,0.8019324,0.0,0.0241546,0.0235849,0.0,0.9951691,0.1839623,0.0961538,0.0,10.753659849198824
149.0,0.5234899,0.0,0.2147651,0.1126761,0.9060403,0.0,0.7666667,0.0,0.0,0.1549296,0.0,1.0,0.2676056,0.0909091,1.0,9.770013301136158
12751.0,0.4495334,0.050898,0.2015528,0.1758085,0.8259744,0.0250176,0.6619532,0.0016968,0.0182881,0.0727273,0.0505279,0.9986802,0.3423077,0.0640229,0.5925926,10.318935994253193
101.0,0.5148515,0.0,0.0990099,0.0816327,0.960396,0.0,0.8888889,0.0,0.0,0.1219512,0.0,1.0,0.195122,0.0,1.0,9.942756341456828
7135.0,0.4776454,0.0939033,0.1365102,0.1344245,0.8421864,0.0147162,0.6850694,0.0041667,0.0295139,0.0736571,0.0885417,0.9961806,0.4065616,0.0833333,0.6521739,10.65492722584759
8910.0,0.5092031,0.0732884,0.0805836,0.0809513,0.8417508,0.0197531,0.677158,0.0043627,0.0539109,0.1904642,0.0735432,0.7304456,0.5696266,0.1170386,0.8125,10.351405324899678
5681.0,0.4645309,0.0040486,0.1635275,0.1048652,0.8371766,0.0,0.6614998,0.0004189,0.0444072,0.0421348,0.0020947,0.9895266,0.10313,0.020284,0.2608696,11.74006900564972
82.0,0.5243902,0.0,0.0243902,0.1025641,0.6585366,0.0,0.4242424,0.030303,0.2121212,0.0571429,0.0,0.969697,0.6571429,0.125,0.0,10.177362240256695
166.0,0.5120482,0.0,0.1626506,0.1234568,0.8795181,0.0,0.703125,0.0,0.015625,0.0588235,0.0,1.0,0.4117647,0.375,1.0,9.615805480084347
355.0,0.4338028,0.9859155,0.1408451,0.1691542,0.9126761,0.0,0.7363636,0.0,0.0181818,0.0677966,0.9818182,1.0,0.4237288,0.15625,0.0,9.615805480084347
190.0,0.4894737,0.0,0.1526316,0.0927835,0.8631579,0.0,0.75,0.0277778,0.0694444,0.1428571,0.0,1.0,0.1428571,0.0833333,1.0,9.615805480084347
565.0,0.4884956,0.0141593,0.1646018,0.0865052,0.9185841,0.0371681,0.8814433,0.0,0.0103093,0.03,0.0154639,1.0,0.03,0.1111111,0.0,11.183045451818261
13909.0,0.4837875,0.0102092,0.1093537,0.0849582,0.9485225,0.0,0.8669345,0.0035149,0.0308812,0.0390832,0.0107959,0.0537283,0.6583836,0.2685229,0.1833333,11.091346218718432
1966.0,0.5284842,0.0122075,0.1302136,0.0830636,0.6876907,0.0254323,0.5243179,0.0083037,0.1625148,0.2611744,0.0071174,0.9086595,0.5486415,0.0671642,0.5,11.545402335602985
9135.0,0.4702791,0.005364,0.1643131,0.1153131,0.831965,0.0015326,0.6552342,0.0017917,0.0391605,0.0391048,0.0048631,0.9961607,0.2666011,0.0412225,0.4230769,10.783135046711445
62.0,0.5,0.0,0.2096774,0.1612903,0.8387097,0.0,0.6538462,0.0,0.0384615,0.037037,0.0,1.0,0.1851852,0.2,0.0,9.615805480084347
852.0,0.4483568,0.0070423,0.1760563,0.1425532,0.8556338,0.0,0.6848485,0.0030303,0.0424242,0.0294118,0.0030303,1.0,0.2235294,0.1264368,1.0,10.27163147557801
1589.0,0.4556325,0.2190057,0.2435494,0.2242775,0.8187539,0.0320957,0.6523077,0.0015385,0.0153846,0.1503268,0.1984615,0.9907692,0.3555556,0.0857143,0.8461538,9.841665338892785
1244.0,0.5096463,0.0008039,0.0385852,0.0344262,0.914791,0.0,0.81,0.015,0.05,0.0384615,0.0,0.9875,0.1971154,0.1911765,0.5714286,10.515993929932415
211.0,0.507109,0.2606635,0.1516588,0.1057692,0.92891,0.0,0.8192771,0.0,0.0,0.1782178,0.2048193,1.0,0.3069307,0.1,1.0,9.615805480084347
798.0,0.4561404,0.0175439,0.1591479,0.1728111,0.8070175,0.0,0.6232687,0.0027701,0.0470914,0.1301205,0.0249307,0.9889197,0.5156627,0.0143885,0.75,10.454523783963511
1598.0,0.4668335,0.0037547,0.2396746,0.1326291,0.8473091,0.0,0.696319,0.0046012,0.0460123,0.079096,0.0015337,0.9892638,0.2584746,0.0891089,0.2727273,10.947309210188068
1414.0,0.4512023,0.0933522,0.1980198,0.1842784,0.7666195,0.1096181,0.6720648,0.0020243,0.0222672,0.1627119,0.1012146,0.9939271,0.4830508,0.1853659,0.5,9.852246888342531
6948.0,0.4638745,0.0050374,0.1889752,0.135302,0.8029649,0.0184226,0.6369513,0.0074855,0.0469547,0.0525467,0.0030623,0.9785641,0.4190845,0.0523466,0.1363636,10.891186902297498
528.0,0.5265152,0.0681818,0.1534091,0.096,0.8522727,0.0,0.6829268,0.0097561,0.0390244,0.1276596,0.0682927,0.995122,0.3957447,0.0652174,1.0,9.615805480084347
41784.0,0.501077,0.0206778,0.0448736,0.0301242,0.9358128,0.0002393,0.8252946,0.0040848,0.0261587,0.0543753,0.0263158,0.9450903,0.2779676,0.1173484,0.4712042,10.97679912709094
6801.0,0.4516983,0.181738,0.1655639,0.1453473,0.8367887,0.0270548,0.6832018,0.0026306,0.0259301,0.05066,0.1544532,0.9954904,0.3307171,0.0875706,0.4285714,10.499600568082863
824.0,0.5145631,0.0,0.1990291,0.095,0.8762136,0.0,0.7492958,0.0,0.0366197,0.7068538,0.0,0.9971831,0.2708505,0.0606061,0.5714286,10.881832472145556
22.0,0.4545455,0.0,0.4090909,0.1666667,0.9090909,0.0,0.8181818,0.0,0.0,0.0,0.0,1.0,0.4545455,0.0,0.0,9.615805480084347
857.0,0.4737456,0.0,0.2765461,0.2039911,0.8168028,0.075846,0.7387097,0.0032258,0.016129,0.0988372,0.0,1.0,0.1918605,0.0625,0.5,9.862717639992917
207.0,0.5072464,0.0,0.0338164,0.0196078,0.9613527,0.0,0.8095238,0.0,0.0,0.0666667,0.0,1.0,0.8444444,0.5263158,0.0,9.615805480084347
83.0,0.4698795,0.0,0.1325301,0.1363636,0.8554217,0.0,0.7027027,0.0,0.027027,0.3934426,0.0,0.9189189,0.3442623,0.1428571,1.0,10.142543822310387
3778.0,0.4497088,0.0002647,0.26072,0.1938432,0.7916887,0.0439386,0.636478,0.0025157,0.0220126,0.0723454,0.0,0.9974843,0.3220537,0.0803922,0.3043478,10.134638955251866
7280.0,0.5087912,0.0737637,0.0608516,0.0618009,0.7083791,0.0054945,0.5003224,0.0061251,0.1170213,0.0729229,0.0757576,0.7736944,0.7411835,0.1423013,0.2962963,12.101273083619482
281.0,0.480427,0.0,0.1708185,0.130137,0.8967972,0.0213523,0.8235294,0.0,0.0294118,0.0973451,0.0,0.9705882,0.2654867,0.25,0.0,10.707751151716078
2595.0,0.5163776,0.0019268,0.1213873,0.0613546,0.900578,0.0046243,0.7888631,0.0069606,0.049884,0.0916754,0.0,0.9385151,0.4752371,0.1909091,0.0740741,11.797359769127505
1276.0,0.4639498,0.0007837,0.2860502,0.2134503,0.7844828,0.0501567,0.6185958,0.0037951,0.0151803,0.1052632,0.0,0.9981025,0.2648557,0.0677966,0.6842105,9.729193687429403
523.0,0.4493308,0.0038241,0.166348,0.1041667,0.8814532,0.0382409,0.7740113,0.0,0.0112994,0.0585106,0.0,1.0,0.2234043,0.1132075,0.5,10.043292972227004
1083.0,0.5180055,0.0027701,0.1782087,0.105364,0.8919668,0.0138504,0.7550432,0.0057637,0.0288184,0.1170483,0.0,0.8443804,0.3587786,0.2708333,0.0,11.304682841344873
3268.0,0.4923501,0.001224,0.0917993,0.0524412,0.8984088,0.0,0.7838057,0.0072874,0.0388664,0.0817844,0.0,0.9959514,0.1903346,0.0645161,0.3888889,10.97679912709094
14095.0,0.485846,0.0024832,0.1354381,0.0769974,0.8976942,0.0075913,0.7651916,0.0021173,0.036841,0.0414045,0.0019056,0.9858141,0.1794195,0.1049724,0.3928571,11.398647529267592
694.0,0.4798271,0.0086455,0.1887608,0.1163435,0.8285303,0.0,0.6418919,0.0033784,0.0371622,0.1057402,0.0033784,0.9966216,0.3111782,0.0243902,0.0,10.766398604507042
11839.0,0.4698032,0.456373,0.0893657,0.0801338,0.8120618,0.043078,0.6885099,0.0044883,0.0590215,0.0853859,0.3781418,0.9885548,0.351601,0.0472826,0.4027778,10.883710371704016
307.0,0.4104235,0.2084691,0.3713355,0.3425414,0.6416938,0.1921824,0.5779817,0.0,0.0458716,0.018018,0.1926606,0.9908257,0.4054054,0.0816327,0.0,11.156264806643742
505.0,0.4732673,0.2,0.2435644,0.2067669,0.8554455,0.0,0.6834862,0.0,0.0183486,0.218638,0.1743119,0.9816514,0.4086022,0.1,0.8888889,9.928228944424575
7902.0,0.4832954,0.0277145,0.1693242,0.1337252,0.7986586,0.0248038,0.6383956,0.0012247,0.0538885,0.1443542,0.0202082,0.9497857,0.4786482,0.0482406,0.6235294,11.955692780409043
885.0,0.4824859,0.0,0.119774,0.069869,0.8779661,0.0,0.7251462,0.0,0.0380117,0.0420168,0.0,1.0,0.3221289,0.0503597,0.0,10.815790343132422
162.0,0.5246914,0.0,0.2469136,0.1558442,0.8950617,0.0,0.7424242,0.0,0.0,0.1081081,0.0,1.0,0.2567568,0.1111111,0.0,10.254179634797001
18219.0,0.5467369,0.0115813,0.0579615,0.0497699,0.5328503,0.0008233,0.3883559,0.0020715,0.2462931,0.0533595,0.0092673,0.9497383,0.5869543,0.0134562,0.3230769,12.741691364642852
1278.0,0.4976526,0.0,0.1541471,0.1105919,0.9068858,0.0,0.7555066,0.0,0.0154185,0.004386,0.0,0.9955947,0.1842105,0.1340206,0.0,10.712215345197256
4639.0,0.4934253,0.0030179,0.0877344,0.067234,0.9178702,0.0,0.7954847,0.0053121,0.0332005,0.0370844,0.002656,0.6660027,0.3350384,0.174538,0.0434783,11.430641079947755
12219.0,0.4973402,0.0114576,0.1298797,0.0788017,0.8531795,0.018905,0.7172588,0.0016817,0.0384696,0.050499,0.0069371,0.9941139,0.2377246,0.0410557,0.3870968,11.38737357979909
514.0,0.4922179,0.0,0.1361868,0.1570881,0.881323,0.0,0.6951872,0.0,0.0160428,0.1422018,0.0,0.9946524,0.2706422,0.225,0.6666667,9.615805480084347
2012.0,0.5034791,0.0019881,0.0874751,0.0650651,0.9642147,0.0,0.8642715,0.0,0.007984,0.0907441,0.001996,0.0159681,0.4736842,0.3555556,0.5,9.615805480084347
383.0,0.4699739,0.0,0.2349869,0.1773399,0.8355091,0.0,0.6625767,0.006135,0.0368098,0.1141304,0.0,1.0,0.2173913,0.0697674,1.0,9.615805480084347
6277.0,0.4669428,0.5140991,0.1218735,0.1153616,0.8755775,0.0275609,0.7548797,0.0036314,0.0272356,0.0774707,0.4539265,0.9900136,0.3572027,0.1169591,0.7037037,10.566201298475118
6313.0,0.4937431,0.0277206,0.0530651,0.0560075,0.9634088,0.018058,0.9442832,0.0,0.0116077,0.0433093,0.0243761,0.9762043,0.0183232,0.127907,0.0655738,12.062785246027499
263.0,0.4638783,0.0,0.2813688,0.1985816,0.8174905,0.0,0.6615385,0.0,0.0307692,0.5886076,0.0,1.0,0.3322785,0.0,0.5,10.881832472145556
4209.0,0.4858636,0.031599,0.1442148,0.1048983,0.904728,0.0,0.772093,0.0019934,0.0299003,0.0383387,0.0285714,0.9594684,0.1795527,0.1181102,0.5833333,11.477308649967686
946.0,0.4460888,0.0,0.2251586,0.1908397,0.7854123,0.0,0.5781991,0.0023697,0.0402844,0.0745614,0.0,0.9976303,0.4188596,0.0518519,0.8333333,10.122663242288953
231.0,0.4935065,0.0,0.017316,0.0512821,0.974026,0.0,0.9038462,0.0192308,0.0192308,0.0877193,0.0,0.9807692,0.754386,0.5185185,0.0,9.615805480084347
339.0,0.480826,0.0,0.1032448,0.0852273,0.9292035,0.0,0.7948718,0.0,0.0,0.0930233,0.0,1.0,0.1550388,0.1538462,1.0,9.781376414141157
1283.0,0.4762276,0.0015588,0.2579891,0.1845238,0.8480125,0.0,0.676951,0.0,0.030853,0.2682603,0.0018149,0.9927405,0.2084993,0.0574713,0.7466667,11.495789479023493
962.0,0.4407484,0.002079,0.2141372,0.169145,0.8108108,0.0914761,0.7298137,0.0062112,0.015528,0.0473373,0.0,0.9968944,0.1893491,0.0877193,1.0,10.275085591132715
252.0,0.5357143,0.0,0.0833333,0.0512821,0.9642857,0.0,0.8732394,0.0,0.0,0.1234568,0.0,0.9859155,0.1851852,0.4,1.0,10.811766273800105
4299.0,0.4803443,0.0,0.1551524,0.1217547,0.851826,0.0120958,0.6979665,0.0029904,0.0388756,0.0505395,0.0,0.9922249,0.2010221,0.1034483,0.3333333,10.203629181337648
924.0,0.4891775,0.0010823,0.0854978,0.0762712,0.9642857,0.0,0.8648649,0.0,0.0135135,0.1259843,0.0045045,1.0,0.5590551,0.3125,0.0,10.547995807489514
1251.0,0.4772182,0.0991207,0.1143086,0.1070336,0.8297362,0.0,0.6768061,0.0152091,0.0589354,0.0852174,0.0931559,0.9904943,0.6469565,0.0206897,0.75,10.247112717290387
823.0,0.4605103,0.0012151,0.218712,0.1193694,0.8784933,0.0,0.7278287,0.0061162,0.0183486,0.0549133,0.0,0.9938838,0.265896,0.173913,0.6666667,10.422311107413181
53.0,0.4150943,0.0,0.3396226,0.2258065,0.7169811,0.0,0.5172414,0.0,0.0344828,0.3958333,0.0,1.0,0.4791667,0.0,0.0,9.615805480084347
1855.0,0.4652291,0.1439353,0.1595687,0.1260081,0.8619946,0.0,0.7022901,0.0012723,0.024173,0.0609319,0.1424936,0.9936387,0.3763441,0.048913,0.2,10.5610334618531
1871.0,0.463923,0.0037413,0.1485836,0.115653,0.8551577,0.0309995,0.7205438,0.0030211,0.0287009,0.068917,0.0,0.9048338,0.2700422,0.1590909,0.0,10.221977646629885
598.0,0.4598662,0.4548495,0.1655518,0.1331269,0.916388,0.0,0.7788018,0.0046083,0.0046083,0.1142857,0.3732719,0.9861751,0.2979592,0.1764706,1.0,10.047631185616188
1947.0,0.4771443,0.0020544,0.3338469,0.111002,0.893169,0.0,0.7777778,0.0011696,0.019883,0.1293279,0.0011696,0.9953216,0.1863544,0.0927835,0.6097561,10.78727575364831
2788.0,0.4903156,0.0175753,0.0832138,0.0471499,0.9329268,0.0,0.8303571,0.0019841,0.0138889,0.0743802,0.0168651,0.9930556,0.0909091,0.0447761,0.1470588,11.906324739459684
3823.0,0.4823437,0.001831,0.1749935,0.1354219,0.8239602,0.0172639,0.6630435,0.0057545,0.0377238,0.0933333,0.0,0.9622762,0.3495652,0.0938697,0.5238095,10.098272780745283
5008.0,0.4402955,0.6435703,0.148762,0.1551909,0.8823882,0.0205671,0.7360376,0.0023516,0.0141093,0.0704918,0.5614345,0.9923574,0.3185792,0.1788856,0.3666667,10.335302435967074
20.0,0.45,0.0,0.5,0.1818182,0.85,0.0,0.7,0.0,0.0,0.2307692,0.0,1.0,0.1538462,0.0,0.0,9.615805480084347
204.0,0.4362745,0.2745098,0.1617647,0.2086957,0.8872549,0.0,0.7368421,0.0,0.0263158,0.1648352,0.2631579,1.0,0.2747253,0.1428571,0.8333333,9.635673464721814
884.0,0.4819005,0.2002262,0.1515837,0.1484716,0.8902715,0.0,0.7264438,0.0030395,0.0182371,0.1319261,0.212766,1.0,0.3562005,0.1621622,0.75,10.016860879703811
60.0,0.5,0.0,0.2666667,0.1333333,0.9,0.0,0.8076923,0.0,0.0384615,0.2352941,0.0,1.0,0.2058824,0.0,0.0,13.122367377396328
172.0,0.5116279,0.0,0.1046512,0.0595238,0.9418605,0.0,0.8214286,0.0,0.0,0.0508475,0.0,1.0,0.220339,0.4,0.0,9.615805480084347
327.0,0.4740061,0.1926606,0.1804281,0.1162791,0.8990826,0.0,0.7538462,0.0,0.0076923,0.1666667,0.1615385,0.9846154,0.2884615,0.1578947,0.4,10.428245666832275
190.0,0.5105263,0.0,0.1526316,0.0752688,0.8947368,0.0,0.7014925,0.0,0.0,0.1927711,0.0,0.9850746,0.3253012,0.25,0.0,10.440010162389305
24160.0,0.4814156,0.0052152,0.1987583,0.1136563,0.9270695,0.0074089,0.8333136,0.0004742,0.0156491,0.019642,0.004505,0.994428,0.0524175,0.0668693,0.25,11.776834689218662
578.0,0.5121107,0.0155709,0.1418685,0.1276596,0.8425606,0.0,0.6798246,0.004386,0.0745614,0.129771,0.0219298,0.9912281,0.2061069,0.1666667,0.8,11.002116507732017
1477.0,0.5138795,0.0,0.069736,0.0389972,0.8794854,0.0,0.7390511,0.0036496,0.060219,0.7165028,0.0,0.9963504,0.5447491,0.1709402,0.8461538,10.789339695269716
2093.0,0.4830387,0.0019111,0.1825131,0.1524954,0.8170091,0.043956,0.6916355,0.0037453,0.0399501,0.0384154,0.0012484,0.9975031,0.272509,0.0576923,1.0,10.843514342086866
1201.0,0.5037469,0.1865112,0.1007494,0.0822148,0.9167361,0.0,0.7940447,0.0024814,0.0347395,0.0902935,0.1513648,0.9900744,0.3408578,0.1495327,0.3333333,10.579005242826247
2281.0,0.4484875,0.0530469,0.1924594,0.1438792,0.8281456,0.0188514,0.6627282,0.0053706,0.0236305,0.0881489,0.0515575,0.9978518,0.3065622,0.0833333,0.7647059,10.188704088048116
4436.0,0.485798,0.001578,0.1055005,0.0767207,0.8917944,0.0,0.7525103,0.003544,0.0295334,0.0429621,0.001772,0.9952747,0.2945167,0.0589681,0.6666667,10.513280297700861
7493.0,0.480048,0.0084078,0.0852796,0.0800821,0.9073802,0.0213533,0.8230532,0.0026985,0.0212028,0.0719141,0.0069391,0.9853508,0.1677996,0.1395349,0.5882353,10.91328684226798
2182.0,0.5087076,0.0050412,0.0577452,0.0373134,0.8927589,0.0,0.7968545,0.0065531,0.0812582,0.0230474,0.0065531,0.9908257,0.1805378,0.0833333,0.6666667,11.194110418585193
70.0,0.5,0.0,0.2142857,0.2571429,0.8714286,0.0,0.6538462,0.0,0.0,0.35,0.0,1.0,0.225,0.4,1.0,9.615805480084347
233.0,0.5407725,0.0085837,0.0600858,0.0280374,0.9227468,0.0,0.8205128,0.0128205,0.0384615,0.1333333,0.0128205,0.8205128,0.2222222,0.3333333,0.0,10.687411927154141
2174.0,0.4797608,0.0045998,0.1094756,0.0592396,0.9130635,0.0,0.8071066,0.0050761,0.0291878,0.0483092,0.0050761,0.9949239,0.0942029,0.1182796,0.1666667,11.701071692055445
139.0,0.4892086,0.4388489,0.2302158,0.1690141,0.8489209,0.0,0.6315789,0.0,0.0,0.0655738,0.3508772,1.0,0.147541,0.3333333,0.0,9.798182590890704
531.0,0.4632768,0.5555556,0.165725,0.1157895,0.9020716,0.0,0.7839196,0.0100503,0.0150754,0.1076233,0.5025126,0.9899497,0.2017937,0.2105263,0.5714286,10.056251557087757
30.0,0.6,0.0,0.0,0.0,0.7,0.1,0.6,0.0,0.2,0.4117647,0.0,0.8,0.8235294,0.0,0.0,9.615805480084347
4247.0,0.459854,0.0633388,0.1403344,0.1451613,0.8669649,0.003061,0.6982911,0.0005893,0.0176783,0.0802168,0.0512669,0.993518,0.3560976,0.0889894,0.5925926,10.463131911491967
227.0,0.4977974,0.1145374,0.1497797,0.1578947,0.907489,0.0,0.75,0.0,0.0,0.0967742,0.0952381,0.9880952,0.2258065,0.1176471,0.0,9.615805480084347
789.0,0.4676806,0.0012674,0.3016477,0.2357143,0.8111534,0.0735108,0.7033333,0.0,0.0066667,0.1689751,0.0033333,1.0,0.2908587,0.1267606,0.25,9.803722464346553
481.0,0.4553015,0.0,0.2266112,0.1526718,0.8232848,0.0561331,0.6885246,0.0,0.0054645,0.1973684,0.0,0.989071,0.3377193,0.0851064,0.7,10.268165387743457
6747.0,0.4551653,0.1236105,0.2192085,0.1893362,0.7785683,0.0072625,0.5783766,0.0032862,0.0404206,0.0674226,0.1104174,0.9924417,0.3751149,0.0363912,0.6216216,10.407318772389159
346.0,0.4710983,0.0028902,0.1676301,0.1256831,0.8728324,0.0,0.7086614,0.007874,0.0393701,0.1118881,0.007874,1.0,0.1608392,0.1153846,1.0,10.214678610538817
16390.0,0.4837096,0.1869433,0.1294692,0.0813047,0.7516779,0.1384991,0.7201622,0.0013519,0.0490537,0.0564869,0.1608729,0.9779838,0.2100948,0.0471406,0.1888112,12.097378802727306
46325.0,0.4542256,0.1668214,0.3634539,0.2140569,0.7316784,0.0031948,0.5489662,0.0024224,0.069859,0.1971802,0.0945151,0.9712778,0.6082789,0.0502403,0.562,11.203692838488003
7640.0,0.4530105,0.0126963,0.2020942,0.1744436,0.8269634,0.0158377,0.6506522,0.0054088,0.0235444,0.0934526,0.0143175,0.9977728,0.3911162,0.0898148,0.5686275,9.846970109700957
173.0,0.5491329,0.0,0.0982659,0.0384615,0.9306358,0.0,0.8103448,0.0,0.0172414,0.09375,0.0,0.9482759,0.3125,0.2105263,1.0,10.407318772389159
1115.0,0.4349776,0.0,0.2475336,0.2190476,0.8251121,0.0,0.6383399,0.0039526,0.0197628,0.0594796,0.0,0.9940711,0.401487,0.0789474,0.25,9.825580063659602
981.0,0.4852192,0.0,0.1906218,0.0930693,0.9194699,0.0040775,0.8171745,0.0,0.0249307,0.1505882,0.0,0.9390582,0.3058824,0.1956522,1.0,10.480129006333248
16512.0,0.4376817,0.5291303,0.151405,0.1461497,0.7971172,0.0736434,0.6847994,0.0027543,0.0364951,0.0804179,0.4883801,0.9969014,0.3881589,0.1203976,0.440678,10.39516093745751
63.0,0.4761905,0.0,0.0952381,0.0909091,0.9047619,0.0,0.7826087,0.0,0.0434783,0.2068966,0.0,1.0,0.137931,0.2,0.0,9.966509298952284
44683.0,0.483271,0.0066468,0.1076024,0.0807311,0.8177159,0.0066021,0.6644695,0.0091133,0.0864332,0.0371944,0.0049292,0.9785636,0.4530103,0.084991,0.1214953,10.599156550639583
7559.0,0.448472,0.0002646,0.2034661,0.1710242,0.8241831,0.0161397,0.6605052,0.0027726,0.0277264,0.0544713,0.0,0.9959951,0.4095543,0.0749625,0.5151515,10.025749432069084
11005.0,0.4982281,0.0076329,0.0840527,0.0747917,0.9263062,0.0084507,0.8431945,0.0029185,0.0249403,0.0311054,0.0079597,0.9941629,0.1190231,0.0812883,0.5357143,11.331415578682627
89.0,0.5280899,0.0,0.1685393,0.0238095,0.8876404,0.011236,0.8285714,0.0,0.0857143,0.2708333,0.0,1.0,0.3541667,0.0,0.0,9.966509298952284
58.0,0.5344828,0.0,0.3793103,0.3333333,0.7068966,0.0,0.5,0.0,0.03125,0.2727273,0.0,1.0,0.3409091,0.0,1.0,9.615805480084347
1092.0,0.4313187,0.0384615,0.2564103,0.2351047,0.7216117,0.0,0.4937833,0.0,0.0284192,0.0376068,0.0248668,0.9804618,0.5606838,0.014245,0.25,10.638280388314705
583.0,0.4682676,0.0034305,0.1234991,0.1,0.8713551,0.0,0.7311321,0.004717,0.0613208,0.1485944,0.009434,0.9858491,0.313253,0.1612903,0.6,10.069044362997353
4787.0,0.4572801,0.0081471,0.1980363,0.1632025,0.8038437,0.0417798,0.657839,0.0042373,0.0402542,0.0639564,0.0079449,0.9920551,0.2771443,0.0573248,0.7894737,10.407318772389159
7943.0,0.4713584,0.0154853,0.1656805,0.1274113,0.8174493,0.0026438,0.6313209,0.0024517,0.0579222,0.0639702,0.0153233,0.9393196,0.3955823,0.0574972,0.6842105,11.565527402710426
524.0,0.4503817,0.0019084,0.1755725,0.1006944,0.8301527,0.0,0.65,0.0045455,0.0409091,0.07173,0.0045455,0.9863636,0.3755274,0.0581395,1.0,10.738589920723442
8854.0,0.4730066,0.004066,0.1721256,0.0876554,0.8119494,0.0021459,0.6410859,0.0026103,0.0589924,0.3307128,0.0020882,0.6389977,0.60884,0.0614657,0.2454545,12.403286919899765
259.0,0.4633205,0.0,0.2509653,0.1798561,0.8262548,0.0,0.6330275,0.0,0.0458716,0.0840336,0.0,0.9908257,0.3529412,0.0,1.0,10.047631185616188
1872.0,0.4850427,0.0005342,0.1041667,0.0809129,0.892094,0.008547,0.7613982,0.0030395,0.0425532,0.0351906,0.0,0.9924012,0.2302053,0.0804598,0.0,10.457401400981889
1550.0,0.4309677,0.2412903,0.2716129,0.2210884,0.7606452,0.0819355,0.6392405,0.0031646,0.0189873,0.1035461,0.2120253,0.9968354,0.2624113,0.0585366,0.75,10.889323003601277
385.0,0.5090909,0.0,0.1220779,0.1164021,0.9350649,0.0,0.8248175,0.0,0.0072993,0.0743243,0.0,1.0,0.2297297,0.1428571,0.0,9.615805480084347
65.0,0.4769231,0.0,0.2769231,0.1764706,0.8615385,0.0,0.6785714,0.0,0.0,0.2,0.0,1.0,0.4285714,0.6666667,0.0,9.615805480084347
8462.0,0.4879461,0.0048452,0.2687308,0.1050081,0.8792248,0.0042543,0.7633954,0.0019741,0.0324309,0.0661048,0.0050761,0.9746193,0.2209639,0.1308793,0.5106383,11.163382173096926
452.0,0.5088496,0.0022124,0.0973451,0.0810811,0.9557522,0.0,0.858156,0.0,0.0,0.0208333,0.0,0.9787234,0.125,0.1428571,0.0,10.142543822310387
1034.0,0.459381,0.0,0.254352,0.1914132,0.8239845,0.0599613,0.7150127,0.0025445,0.0178117,0.053012,0.0,0.9974555,0.2578313,0.0882353,0.75,10.385944565501662
1795.0,0.4885794,0.021727,0.0857939,0.0610022,0.918663,0.0,0.7990115,0.0082372,0.0313015,0.0844646,0.0214168,0.8401977,0.2639517,0.114094,0.7222222,10.987003123724813
235.0,0.4851064,0.1404255,0.1744681,0.1652893,0.8680851,0.0,0.7040816,0.0,0.0204082,0.1171171,0.122449,1.0,0.2342342,0.0294118,0.5,10.591647316585027
5081.0,0.4831726,0.0039362,0.0978154,0.0853008,0.8628223,0.0112183,0.7208686,0.003178,0.0455508,0.0377166,0.0042373,0.9883475,0.3639144,0.073423,0.1818182,11.101960259016467
1247.0,0.4859663,0.0,0.1459503,0.1170047,0.9230152,0.0,0.7991071,0.0,0.0133929,0.1146245,0.0,1.0,0.3300395,0.2588235,0.5,9.615805480084347
1866.0,0.4528403,0.0,0.250268,0.1998041,0.795284,0.0369775,0.6413882,0.003856,0.0372751,0.0406905,0.0,0.9987147,0.2836005,0.0550459,0.8333333,10.480129006333248
249.0,0.4738956,0.0,0.1606426,0.1755725,0.8915663,0.0,0.7346939,0.0,0.0102041,0.0841121,0.0,1.0,0.3271028,0.0714286,1.0,9.615805480084347
679.0,0.5184094,0.0,0.1281296,0.0856269,0.9278351,0.0162003,0.8448276,0.0,0.0086207,0.09375,0.0,0.9956897,0.3320312,0.1315789,0.75,9.61587214452889
4162.0,0.4983181,0.06247,0.1381547,0.0905172,0.8435848,0.0038443,0.6819002,0.0072159,0.0493085,0.1049516,0.0625376,0.9416717,0.4607104,0.0974155,0.4545455,10.664316745782925
7329.0,0.4584527,0.028244,0.1760131,0.1441169,0.8209851,0.0072315,0.6334189,0.002245,0.0298268,0.0909621,0.0266196,0.9964721,0.2760933,0.0634006,0.6721311,10.134638955251866
2381.0,0.4892902,0.0033599,0.0377992,0.0296053,0.9806804,0.0,0.9180952,0.0,0.0057143,0.0523466,0.0038095,0.1219048,0.4368231,0.4307692,1.0,10.056251557087757
4408.0,0.4813975,0.043784,0.1150181,0.1032371,0.9176497,0.003176,0.7783784,0.0013514,0.0101351,0.0986602,0.0385135,0.6378378,0.3757613,0.2042254,0.7777778,10.069044362997353
29696.0,0.4627896,0.1798895,0.1856816,0.1453645,0.8512258,0.0126616,0.7052754,0.0049925,0.0326177,0.0549658,0.1489433,0.9961724,0.4119682,0.0951186,0.4297521,10.454523783963511
9926.0,0.4935523,0.0085634,0.1052791,0.07778,0.9519444,0.0,0.8838051,0.0009875,0.0246873,0.0237789,0.0072416,0.9825543,0.0414524,0.1531532,0.7333333,12.247219387314328
13916.0,0.4505605,0.5730095,0.1636246,0.1449124,0.8583645,0.0309715,0.7117416,0.0047629,0.020087,0.1060718,0.4926486,0.9954442,0.3278415,0.1842432,0.6153846,9.735128070758227
312.0,0.4775641,0.0,0.1025641,0.1472393,0.9166667,0.0,0.7837838,0.0,0.018018,0.1461538,0.0,0.981982,0.3230769,0.1904762,0.75,10.106469212026385
608.0,0.4588816,0.4588816,0.1414474,0.1337386,0.8848684,0.0,0.7227273,0.0090909,0.0181818,0.0871369,0.4090909,1.0,0.1991701,0.2238806,1.0,10.085850775128717
4476.0,0.484361,0.002681,0.1380697,0.0931542,0.8789097,0.0060322,0.7322884,0.0075235,0.0338558,0.042042,0.000627,0.8564263,0.360961,0.168784,0.625,10.589131655274922
96.0,0.4895833,0.0,0.1458333,0.1632653,0.8229167,0.0,0.627907,0.0,0.0232558,0.1041667,0.0,1.0,0.4375,0.0,0.0,9.615805480084347
365.0,0.4931507,0.0,0.1342466,0.1027027,0.890411,0.0,0.7357143,0.0,0.0142857,0.0909091,0.0,0.9785714,0.2207792,0.0882353,1.0,10.016860879703811
1310.0,0.480916,0.0259542,0.0854962,0.0573529,0.6045802,0.3076336,0.7138643,0.0029499,0.0383481,0.0450704,0.0029499,0.9970501,0.2507042,0.1102362,0.25,10.87806606028079
1237.0,0.4502829,0.0008084,0.2344382,0.1808824,0.8407437,0.0460792,0.7301255,0.0062762,0.0146444,0.1786942,0.0,0.9916318,0.419244,0.0986842,0.375,9.76428295481558
20398.0,0.4512207,0.0170605,0.3540543,0.2056459,0.7365918,0.0073046,0.5669291,0.0046661,0.0627977,0.229669,0.0128317,0.9863906,0.654186,0.044487,0.4595376,10.821796246953596
1094.0,0.4698355,0.2001828,0.178245,0.1534483,0.8400366,0.0,0.6436526,0.0022272,0.0289532,0.1161417,0.1959911,1.0,0.261811,0.1121495,0.8,9.873079890114703
695.0,0.4992806,0.0028777,0.2,0.1321839,0.8546763,0.0,0.6808511,0.0035461,0.0319149,0.0275862,0.0,1.0,0.2758621,0.0327869,1.0,10.05195066017375
507.0,0.5108481,0.0,0.1183432,0.0927419,0.8619329,0.0,0.7253886,0.0051813,0.0725389,0.039801,0.0,1.0,0.2885572,0.0925926,0.0,10.785207543360087
4647.0,0.4755756,0.0004304,0.2474715,0.1497743,0.8523779,0.0,0.6817456,0.0042576,0.0383183,0.0408372,0.0005322,0.9387972,0.3557938,0.1645885,0.5,11.408686542313973
2060.0,0.4694175,0.0072816,0.2165049,0.1225984,0.7393204,0.0063107,0.5727749,0.0062827,0.0942408,0.4236572,0.0062827,0.9832461,0.3572722,0.0424528,0.8235294,11.930984271840668
687.0,0.4556041,0.0014556,0.1572052,0.1122995,0.8733624,0.0,0.7106227,0.003663,0.029304,0.0387324,0.0,1.0,0.3274648,0.047619,0.0,10.344995251991222
461.0,0.5032538,0.0,0.2364425,0.1484716,0.8503254,0.032538,0.7062147,0.0,0.0112994,0.115,0.0,0.9887006,0.205,0.2173913,0.0,9.615805480084347
74.0,0.5,0.0,0.2027027,0.0540541,0.9189189,0.0,0.8,0.0,0.0,0.1666667,0.0,1.0,0.1944444,0.0,0.0,9.615805480084347
62685.0,0.4940576,0.0178033,0.0689479,0.0554312,0.8703996,0.010146,0.7571488,0.0054796,0.0753327,0.0478758,0.018649,0.9247594,0.2938314,0.0975401,0.2142857,12.241444615610645
111.0,0.5495495,0.0,0.0810811,0.0,0.9099099,0.0,0.7674419,0.0,0.0,0.3943662,0.0,0.9767442,0.7746479,0.0,0.0,9.615805480084347
209.0,0.4641148,0.0,0.2248804,0.1428571,0.8899522,0.0,0.7179487,0.0,0.0128205,0.060241,0.0,1.0,0.1325301,0.125,1.0,10.130662964963708
866.0,0.4838337,0.243649,0.1154734,0.1096197,0.9122402,0.0,0.7887789,0.0033003,0.0264026,0.1268012,0.2211221,1.0,0.4409222,0.1066667,0.2,9.615805480084347
136.0,0.4926471,0.0,0.1176471,0.0289855,0.9558824,0.0,0.877551,0.0,0.0,0.1551724,0.0,1.0,0.1724138,0.0,1.0,10.445840912706414
119.0,0.4957983,0.0,0.1344538,0.05,0.8991597,0.0,0.7560976,0.0,0.0243902,0.0888889,0.0,1.0,0.0888889,0.0,0.0,10.328787967145063
253.0,0.4940711,0.0,0.1936759,0.140625,0.8774704,0.0,0.7211538,0.0,0.0192308,0.0545455,0.0,1.0,0.2909091,0.2,1.0,9.615805480084347
425.0,0.4494118,0.0,0.1929412,0.1880342,0.8211765,0.0,0.6098901,0.0,0.0274725,0.1291866,0.0,1.0,0.4019139,0.1052632,1.0,9.711176264112805
3819.0,0.4383346,0.3205027,0.1832941,0.1762238,0.8452474,0.039801,0.7044506,0.0006954,0.0090403,0.0887199,0.2635605,1.0,0.2940431,0.1053763,0.7346939,10.367253014814716
15561.0,0.4786325,0.0053981,0.1075766,0.0760508,0.8818199,0.0019922,0.7361745,0.0030441,0.0345003,0.0433587,0.0052427,0.9906985,0.209513,0.0457103,0.4634146,10.978507040265917
414.0,0.4251208,0.0072464,0.2463768,0.1890756,0.8502415,0.0,0.6491228,0.0,0.0116959,0.1,0.0116959,1.0,0.2842105,0.0714286,0.0,10.003378135350923
659.0,0.4400607,0.0,0.2488619,0.1869919,0.7830046,0.0136571,0.5889968,0.0032362,0.0226537,0.1171429,0.0,0.9967638,0.4257143,0.0522388,0.0,10.069044362997353
412.0,0.4708738,0.0024272,0.2330097,0.1788991,0.7864078,0.0291262,0.6306818,0.0,0.0625,0.1456311,0.0,1.0,0.3543689,0.03125,0.0,11.315705475634307
161.0,0.4720497,0.0,0.1180124,0.0941176,0.8385093,0.0,0.6764706,0.0147059,0.0441176,0.0684932,0.0,1.0,0.2054795,0.1333333,0.0,9.952325334619427
768.0,0.5130208,0.0351562,0.0260417,0.0106952,0.9804688,0.0,0.9533898,0.0,0.0127119,0.109434,0.0338983,0.9957627,0.0037736,0.25,0.0,11.688566422839942
2868.0,0.4902371,0.0034868,0.1331939,0.1012312,0.9009763,0.0620642,0.9109357,0.0045096,0.0248027,0.0284775,0.0011274,0.988726,0.0197152,0.0952381,0.75,12.580738282084809
254.0,0.4133858,0.988189,0.1496063,0.1744966,0.8740157,0.0,0.6352941,0.0,0.0117647,0.0860215,0.9764706,1.0,0.5483871,0.1538462,1.0,9.615805480084347
2186.0,0.4423605,0.9327539,0.1193962,0.1386382,0.9112534,0.0,0.7436662,0.0044709,0.023845,0.0895522,0.8986587,0.9955291,0.3324288,0.2816456,1.0,9.615805480084347
906.0,0.4514349,0.2196468,0.1997792,0.1770624,0.8587196,0.0,0.6825397,0.0026455,0.0185185,0.0406091,0.1878307,1.0,0.3172589,0.0990991,0.0,9.933094897288786
1759.0,0.4894827,0.0,0.1449687,0.1057906,0.9158613,0.0,0.8011782,0.0,0.0191458,0.3445946,0.0,0.9985272,0.4015444,0.0206186,1.0,10.709985739582528
633.0,0.4676145,0.2259084,0.150079,0.1632047,0.8657188,0.0,0.6872587,0.003861,0.015444,0.1038062,0.2200772,1.0,0.2560554,0.1029412,0.4,10.611547975828369
2670.0,0.3217228,0.0374532,0.6621723,0.5118719,0.3539326,0.5344569,0.540404,0.0016835,0.0387205,0.0083472,0.013468,0.9882155,0.4657763,0.0330189,0.0,11.736077016252437
421.0,0.4109264,0.0,0.2684086,0.2258065,0.8028504,0.0,0.5940594,0.0,0.0049505,0.0560748,0.0,0.9950495,0.3598131,0.0517241,0.4,9.77571099759397
6405.0,0.4766589,0.0872756,0.1925059,0.1288783,0.8808743,0.042623,0.8220773,0.0004658,0.0353982,0.0385132,0.0838379,0.9683279,0.1141961,0.1428571,0.6153846,12.420381283681547
992.0,0.4929435,0.0070565,0.2530242,0.0994036,0.8296371,0.0060484,0.6892779,0.0043764,0.0393873,0.617893,0.0109409,0.9868709,0.6020067,0.0229008,0.7692308,11.007103966325696
2768.0,0.4783237,0.0010838,0.154263,0.1073407,0.8746387,0.0238439,0.7497425,0.0030896,0.0278064,0.0572816,0.0,0.9979403,0.2592233,0.1030928,0.0909091,10.599156550639583
16389.0,0.4744036,0.0020135,0.1463177,0.1120269,0.8246385,0.0393557,0.6915553,0.0053799,0.0386371,0.0604993,0.0011412,0.993968,0.2594578,0.0857895,0.516129,10.30229722897745
3709.0,0.4906983,0.0045834,0.0908601,0.0460561,0.9560528,0.0,0.8872305,0.0016584,0.0165837,0.0130933,0.0049751,0.9958541,0.0155483,0.2307692,0.4545455,11.230575816507569
3799.0,0.4485391,0.5172414,0.1750461,0.1689737,0.8691761,0.0100026,0.7013259,0.0006978,0.0202373,0.074887,0.4542917,0.9972087,0.2937379,0.1387755,0.6666667,10.064798252418377
9357.0,0.5099925,0.0818638,0.0188094,0.0229008,0.8943037,0.0012825,0.8144192,0.0063418,0.0891188,0.0428115,0.0754339,0.9682911,0.0680511,0.1321023,0.1142857,11.729656499978892
3901.0,0.4580877,0.0220456,0.1686747,0.1253548,0.8356832,0.0,0.6558401,0.003123,0.0468457,0.0464562,0.0249844,0.9975016,0.2495533,0.0434783,0.6363636,10.586609649448985
1477.0,0.4631009,0.000677,0.2139472,0.1563682,0.8483412,0.0473934,0.7344322,0.0,0.0164835,0.1547988,0.0,0.7619048,0.4055728,0.1101695,0.92,10.698762529141884
228.0,0.4736842,0.0,0.2368421,0.1416667,0.8991228,0.0,0.7634409,0.0,0.0107527,0.1696429,0.0,1.0,0.2946429,0.05,1.0,9.615805480084347
11843.0,0.4639027,0.0004222,0.1861859,0.1478973,0.8157561,0.0214473,0.6441134,0.0039313,0.0335196,0.082574,0.0004138,0.9975171,0.2965072,0.051061,0.5357143,10.221977646629885
260.0,0.5192308,0.0,0.1846154,0.152,0.8423077,0.0,0.6415094,0.0,0.0283019,0.1653543,0.0,1.0,0.2992126,0.2,0.6,9.825580063659602
1326.0,0.4856712,0.0128205,0.1146305,0.085044,0.7865762,0.0399698,0.6614481,0.0156556,0.0704501,0.0589319,0.0136986,0.9980431,0.3149171,0.0895522,0.375,11.346882686945893
1278.0,0.4733959,0.0,0.172144,0.1396731,0.8607199,0.0234742,0.7206478,0.0020243,0.0161943,0.179402,0.0,1.0,0.3504983,0.0882353,0.75,10.184937747111391
3759.0,0.4575685,0.0007981,0.2330407,0.1750858,0.8084597,0.0042565,0.6295851,0.0024053,0.0487072,0.0291886,0.0,0.9969934,0.3053123,0.0390244,0.7,11.163382173096926
148.0,0.4662162,0.0,0.2837838,0.2278481,0.8243243,0.0,0.6268657,0.0,0.0149254,0.3557692,0.0,1.0,0.3365385,0.0,0.5,9.615805480084347
294.0,0.4931973,0.0,0.2108844,0.0604027,0.8979592,0.0,0.7815126,0.0,0.0336134,0.0916031,0.0,0.9915966,0.1908397,0.1851852,0.0,10.84546552414626
117.0,0.4273504,0.0,0.2820513,0.238806,0.7521368,0.0,0.4821429,0.0,0.0,0.2631579,0.0,1.0,0.4210526,0.1428571,1.0,9.615805480084347
1400.0,0.5314286,0.015,0.1442857,0.0914634,0.5457143,0.0,0.3666667,0.0024691,0.1395062,0.1956306,0.0148148,0.9839506,0.5223436,0.0107239,0.0724638,11.847259703415569
256.0,0.4882812,0.0,0.1289062,0.0534351,0.8828125,0.0,0.7128713,0.0,0.009901,0.1217391,0.0,1.0,0.4956522,0.1388889,0.0,9.61587214452889
2358.0,0.4860051,0.0089059,0.1234097,0.1064356,0.8837998,0.0055131,0.7436195,0.0011601,0.0394432,0.0568928,0.0058005,0.987239,0.2450766,0.1049563,0.2,11.181653682515929
4800.0,0.4922917,0.0091667,0.095,0.0742716,0.903125,0.0116667,0.8154689,0.0036541,0.047503,0.0497685,0.0079172,0.9792935,0.1539352,0.0849673,0.2272727,11.997823864326225
2026.0,0.4323791,0.1352419,0.2897335,0.2408696,0.7477789,0.0,0.5288932,0.0009794,0.0235064,0.0466853,0.1243879,0.9951028,0.4397759,0.0088692,0.7272727,10.474495347310453
1068.0,0.4578652,0.0,0.1797753,0.148532,0.8586142,0.0,0.6950673,0.0089686,0.0224215,0.1339806,0.0,0.9955157,0.4019417,0.0917431,0.6,9.615805480084347
3641.0,0.4482285,0.0,0.2084592,0.1906421,0.8332876,0.0203241,0.6776025,0.0012618,0.0132492,0.0648968,0.0,0.9993691,0.3174041,0.0403226,0.4285714,10.285376924115587
1586.0,0.5050441,0.0,0.130517,0.0764331,0.8846154,0.0,0.7516779,0.0050336,0.0419463,0.0858896,0.0,0.9899329,0.3266871,0.1387283,0.7777778,10.007892611890918
599.0,0.4841402,0.0,0.1686144,0.0614887,0.8948247,0.0,0.7777778,0.0042735,0.0384615,0.060241,0.0,1.0,0.3614458,0.0769231,0.6666667,10.225607282932941
2598.0,0.4930716,0.0,0.0785219,0.0387244,0.956505,0.0,0.8658699,0.0039841,0.0119522,0.1120283,0.0,0.9721116,0.1238208,0.2164948,0.8181818,10.589131655274922
560.0,0.4767857,0.0,0.1696429,0.112628,0.9053571,0.0,0.7616822,0.0,0.0093458,0.0183486,0.0,0.9953271,0.1238532,0.0681818,0.0,10.524090921620362
369.0,0.4878049,0.0,0.1273713,0.0952381,0.897019,0.0,0.75,0.0,0.0214286,0.2307692,0.0,1.0,0.3571429,0.0384615,0.0,10.31231367277647
1029.0,0.4936832,0.0,0.1943635,0.134357,0.8736638,0.0,0.7108434,0.0024096,0.0192771,0.129979,0.0,0.9975904,0.2054507,0.0337079,0.6666667,10.069044362997353
45.0,0.5111111,0.0,0.1111111,0.1363636,0.7777778,0.0,0.5238095,0.0,0.0,0.25,0.0,1.0,0.2857143,0.3333333,0.0,9.615805480084347
1821.0,0.5002746,0.0065898,0.0538166,0.0483516,0.778693,0.0,0.6096939,0.0038265,0.1045918,0.062201,0.002551,0.9808673,0.4473684,0.046875,0.375,12.281184756225146
524.0,0.4828244,0.0,0.0667939,0.0553506,0.879771,0.0,0.7314286,0.0171429,0.0685714,0.0691489,0.0,0.96,0.2978723,0.1176471,0.75,10.606609816118151
95.0,0.4947368,0.0,0.2210526,0.2083333,0.8421053,0.0,0.6410256,0.0,0.025641,0.3035714,0.0,1.0,0.5535714,0.25,1.0,9.615805480084347
2237.0,0.4908359,0.0049173,0.0675011,0.0614574,0.9110416,0.0,0.8079385,0.0089629,0.0422535,0.0452323,0.0025608,0.9769526,0.2542787,0.116129,0.4117647,10.599156550639583
799.0,0.4693367,0.0,0.2265332,0.1650943,0.844806,0.0,0.6775148,0.0059172,0.0236686,0.0840108,0.0,0.9940828,0.1897019,0.0740741,0.8571429,10.177362240256695
3362.0,0.4595479,0.0490779,0.2641285,0.1959274,0.8393813,0.0264723,0.6872279,0.0029028,0.0101597,0.1504316,0.0507983,0.8650218,0.3588163,0.1242938,0.5813953,9.717218213494077
1197.0,0.4703425,0.0008354,0.1938179,0.1719243,0.887218,0.0,0.7201735,0.0,0.0130152,0.078,0.0,1.0,0.226,0.1016949,0.6666667,9.680406499268875
1671.0,0.4931179,0.0035907,0.059246,0.0495868,0.9204069,0.0317175,0.8541667,0.0046296,0.0208333,0.1787072,0.0023148,0.2407407,0.7205323,0.2848485,0.5,10.025749432069084
1713.0,0.4664332,0.007589,0.2008173,0.1881838,0.780502,0.0694688,0.6579353,0.0077042,0.0308166,0.0910364,0.0046225,0.9969183,0.4089636,0.1192308,0.5714286,9.711176264112805
3028.0,0.4408851,0.1753633,0.2110304,0.2096869,0.7998679,0.0293923,0.6232666,0.0023112,0.0154083,0.2027027,0.1587057,0.9953775,0.3464373,0.0649606,0.804878,9.873079890114703
13334.0,0.4716514,0.5151492,0.099595,0.0901348,0.8970301,0.0131243,0.7730865,0.0060962,0.0302551,0.0794014,0.4612779,0.9785505,0.1922677,0.1349112,0.6969697,10.94024216782542
689.0,0.4513788,0.2467344,0.2089985,0.2275132,0.8330914,0.0,0.6118881,0.0,0.013986,0.1966292,0.2587413,0.972028,0.3286517,0.1805556,0.8888889,9.69898173460629
32824.0,0.4702657,0.0052401,0.2404338,0.1481481,0.8431331,0.0093834,0.6798558,0.0029281,0.0345371,0.0670356,0.0035288,0.9282228,0.4019333,0.1262545,0.2801205,11.426288563310505
301.0,0.4950166,0.0,0.089701,0.0723684,0.9169435,0.0,0.7884615,0.0,0.0288462,0.0630631,0.0,0.9807692,0.2432432,0.2272727,0.0,9.923339198238729
14914.0,0.4243664,0.003889,0.5158911,0.2831683,0.6760762,0.0003353,0.4997191,0.0014608,0.0396674,0.3063372,0.0026969,0.9493201,0.6704342,0.0148967,0.4125874,11.695255355062795
1066.0,0.4981238,0.0515947,0.1425891,0.0766355,0.9080675,0.0065666,0.7723343,0.0057637,0.0288184,0.3249027,0.054755,0.6455331,0.6031128,0.2688172,0.375,10.488520429241627
4095.0,0.4578755,0.0288156,0.2080586,0.1864865,0.814652,0.0429792,0.6627548,0.0012353,0.0191476,0.148343,0.0370599,0.9864114,0.2398738,0.1155779,0.7419355,10.351405324899678
33187.0,0.4645494,0.3303703,0.1223371,0.1009004,0.755808,0.0132582,0.5838845,0.0037693,0.098286,0.0780881,0.2657706,0.9889766,0.3498558,0.0725664,0.5531915,11.506917452956234
94.0,0.5,0.0,0.1808511,0.212766,0.8617021,0.0,0.6923077,0.0,0.025641,0.3157895,0.0,0.974359,0.2807018,0.2,0.75,9.615805480084347
915.0,0.4590164,0.0131148,0.168306,0.1454545,0.8469945,0.0087432,0.6675978,0.0027933,0.027933,0.0867347,0.0251397,0.952514,0.4081633,0.0714286,0.7142857,10.188704088048116
11692.0,0.4693808,0.2022751,0.2074068,0.1618311,0.6703729,0.1193124,0.568572,0.0056509,0.0793306,0.1119475,0.1738752,0.9654423,0.3684617,0.0746269,0.5243902,10.611547975828369
722.0,0.4709141,0.0,0.1537396,0.1387435,0.8739612,0.0,0.7210145,0.0072464,0.0398551,0.0416667,0.0,1.0,0.2743056,0.0277778,0.5,10.370392636243981
2075.0,0.4491566,0.220241,0.2409639,0.1819773,0.8289157,0.0004819,0.650165,0.0055006,0.0275028,0.144873,0.1848185,0.9955996,0.3283161,0.0614887,0.6,9.615805480084347
3186.0,0.5072191,0.0031387,0.0621469,0.0464968,0.9193346,0.0,0.8145025,0.005059,0.0244519,0.0946565,0.0025295,0.9940978,0.2374046,0.0723982,0.4444444,11.010415172807951
343.0,0.4781341,0.0,0.3469388,0.2402235,0.7842566,0.0,0.58125,0.00625,0.03125,0.0697674,0.0,1.0,0.4127907,0.0188679,1.0,10.038935856711177
1350.0,0.5162963,0.0037037,0.0888889,0.0535988,0.9459259,0.0,0.868476,0.0020877,0.0146138,0.0381526,0.0020877,0.9874739,0.0983936,0.1081081,0.6666667,11.033291613631048
1481.0,0.464551,0.0168805,0.1863606,0.1727617,0.8129642,0.0,0.6079365,0.0047619,0.0380952,0.0410959,0.0111111,0.9825397,0.499239,0.0780781,1.0,11.487617913343598
2449.0,0.4618212,0.0,0.2115149,0.1805766,0.8191098,0.0,0.6343693,0.0045704,0.0274223,0.11417,0.0,0.9954296,0.3846154,0.0427632,0.875,9.933094897288786
102.0,0.4607843,0.1176471,0.1568627,0.1090909,0.8823529,0.0,0.7142857,0.0,0.0,0.16,0.0952381,1.0,0.2,0.0,0.0,10.199918739620157
291.0,0.4914089,0.0137457,0.0790378,0.0540541,0.9243986,0.0,0.7843137,0.0,0.0,0.0810811,0.0098039,1.0,0.1711712,0.3571429,1.0,10.547995807489514
89.0,0.4494382,0.0,0.2247191,0.1836735,0.8202247,0.0,0.6511628,0.0,0.0232558,0.1041667,0.0,1.0,0.2708333,0.0,0.0,9.857495968685136
342.0,0.4824561,0.0,0.1608187,0.1186441,0.8567251,0.0,0.6884058,0.0072464,0.0217391,0.1428571,0.0,1.0,0.3291925,0.1666667,0.0,9.615805480084347
3706.0,0.4479223,0.0005397,0.2719914,0.1808407,0.7922288,0.0277928,0.6376639,0.0023838,0.0309893,0.1237598,0.0005959,0.9922527,0.4407311,0.0366826,0.6,10.712215345197256
3697.0,0.4903976,0.0394915,0.0557209,0.0488323,0.9407628,0.0,0.8511302,0.0031177,0.0155885,0.0213577,0.0327358,0.9976617,0.1289092,0.0909091,0.8,10.876177521259402
2138.0,0.4186155,0.191768,0.2146866,0.1995173,0.8161833,0.0720299,0.7072243,0.0025349,0.008872,0.0857474,0.1419518,0.991128,0.3511008,0.1066176,0.5789474,10.098272780745283
9126.0,0.4503616,0.0353934,0.127986,0.1022727,0.7485207,0.1373,0.7122656,0.0018445,0.027052,0.0654984,0.0230556,0.9966185,0.323183,0.0574713,0.3870968,10.491301994830229
3893.0,0.4831749,0.0025687,0.536861,0.1466203,0.8150527,0.0,0.7033175,0.0009479,0.0402844,0.6298246,0.0018957,0.9943128,0.6635088,0.0063091,0.0714286,11.195484970354173
34.0,0.4411765,0.0,0.0882353,0.0526316,0.9705882,0.0,0.9090909,0.0,0.0,0.0833333,0.0,1.0,0.0,0.3333333,0.0,9.615805480084347
8887.0,0.4994936,0.0813548,0.0353325,0.033723,0.9226961,0.0117025,0.8411806,0.0045678,0.0330288,0.0622735,0.0804638,0.8176388,0.2009885,0.1558855,0.6075949,10.76004951120163
110.0,0.4636364,0.0,0.1181818,0.1355932,0.9545455,0.0,0.8717949,0.0,0.0,0.2040816,0.0,0.974359,0.3061224,0.0,1.0,10.177362240256695
1130.0,0.4716814,0.000885,0.119469,0.1055276,0.8690265,0.0,0.7164502,0.004329,0.0367965,0.0590631,0.0,1.0,0.4052953,0.0428571,0.3333333,10.298935994257638
2379.0,0.456074,0.0084069,0.1845313,0.1646059,0.8045397,0.0344683,0.6440678,0.0063559,0.0264831,0.0503018,0.0021186,0.9947034,0.3501006,0.0603675,0.3333333,10.295563423525277
7967.0,0.4989331,0.3977658,0.0321325,0.0425852,0.950546,0.0012552,0.8526611,0.0061625,0.0308123,0.0340909,0.5081232,0.5518207,0.6201299,0.4368098,0.0,11.373674891823535
6660.0,0.471021,0.004955,0.1075075,0.0979279,0.8396396,0.0354354,0.7226453,0.0052104,0.0476954,0.0359351,0.004008,0.9907816,0.2971406,0.0363196,0.2631579,11.286037411751035
250.0,0.476,0.46,0.176,0.1221374,0.94,0.0,0.8192771,0.0,0.0,0.0777778,0.373494,1.0,0.2333333,0.2666667,0.0,10.419330568113901
4013.0,0.4759532,0.3269375,0.1064042,0.1022349,0.889858,0.0,0.756393,0.0047106,0.0417227,0.0671689,0.2765814,0.9757739,0.3025738,0.1252236,0.625,11.007103966325696
129.0,0.5116279,0.0,0.2403101,0.1746032,0.875969,0.0,0.7037037,0.0,0.0,0.2894737,0.0,1.0,0.2631579,0.0909091,1.0,9.615805480084347
1910.0,0.4832461,0.0005236,0.1764398,0.1205674,0.839267,0.0,0.682716,0.0037037,0.0530864,0.0678941,0.0012346,0.9975309,0.3555811,0.0336134,0.8571429,10.938467575959383
1741.0,0.4784607,0.0011488,0.190695,0.1674009,0.797243,0.046525,0.6520509,0.0042433,0.0268741,0.1073232,0.0,0.990099,0.4255051,0.0664452,0.4705882,10.318935994253193
9627.0,0.485925,0.0013504,0.0780098,0.0634472,0.9254181,0.0,0.8086327,0.0015092,0.0223363,0.0247277,0.0009055,0.9882282,0.1875184,0.0748663,0.2258065,11.345701365855424
321.0,0.4454829,0.1433022,0.1214953,0.1179775,0.8629283,0.0,0.6850394,0.0,0.0314961,0.1241379,0.1102362,1.0,0.2896552,0.0909091,1.0,10.732061203925053
128.0,0.4375,0.0,0.1484375,0.1111111,0.953125,0.0,0.8666667,0.0,0.0,0.1346154,0.0,1.0,0.1153846,0.0,0.0,10.12667110305036
805.0,0.4732919,0.0074534,0.2198758,0.2075472,0.8124224,0.0708075,0.6975089,0.0035587,0.0213523,0.0695364,0.0035587,1.0,0.2251656,0.2068966,1.0,10.376642461280849
54732.0,0.4657422,0.2487941,0.1442666,0.1274922,0.8548747,0.0198604,0.7189153,0.0049087,0.0357432,0.0546495,0.2195587,0.9954725,0.3682646,0.0952761,0.3837838,10.604131561522696
5807.0,0.485793,0.0079215,0.0890305,0.0448761,0.9411056,0.0,0.8569985,0.0030318,0.0237494,0.022716,0.0060637,0.9903992,0.1264198,0.0601719,0.125,11.241129864948206
403.0,0.4888337,0.0,0.0496278,0.0533981,0.9230769,0.0,0.7981651,0.0183486,0.0366972,0.1615385,0.0,0.9633028,0.3692308,0.3090909,0.0,9.615805480084347
3242.0,0.4818014,0.0012338,0.1542258,0.114881,0.8069093,0.0123381,0.6431853,0.0107198,0.0704441,0.1079235,0.0007657,0.9946401,0.2540984,0.0591603,0.4444444,10.599156550639583
5226.0,0.4498661,0.2740145,0.1651359,0.1492174,0.844623,0.0332951,0.7178958,0.0036101,0.0366168,0.0823474,0.2315627,0.9855596,0.328443,0.1169014,0.5,10.34177474101152
6477.0,0.4835572,0.6655859,0.081056,0.0648729,0.9084453,0.0024703,0.7839378,0.0072539,0.0569948,0.0716691,0.5715026,0.9440415,0.2424242,0.2493506,0.3396226,11.072884439922198
165.0,0.4424242,0.0,0.2181818,0.1521739,0.8484848,0.0,0.6666667,0.0138889,0.0138889,0.257732,0.0,1.0,0.3195876,0.0625,1.0,9.615805480084347
5237.0,0.4678251,0.0001909,0.145885,0.1083602,0.8936414,0.0,0.762069,0.0054187,0.0256158,0.0709382,0.0004926,0.9945813,0.2594966,0.0996094,0.53125,10.50783084142058
2347.0,0.4750746,0.0046868,0.1674478,0.1314935,0.8798466,0.0340861,0.7754854,0.0036408,0.0157767,0.0506912,0.0084951,0.9902913,0.2718894,0.0952381,0.0833333,10.614007941153417
349.0,0.5157593,0.017192,0.1690544,0.1775148,0.8424069,0.0,0.6870748,0.0136054,0.0340136,0.0981595,0.0136054,1.0,0.1288344,0.1481481,0.8333333,9.933094897288786
3972.0,0.4856495,0.498993,0.1173212,0.0861478,0.9028197,0.0,0.7650909,0.0072727,0.0305455,0.1411618,0.4058182,0.9905455,0.2286071,0.2033898,0.7830189,10.351405324899678
699.0,0.4606581,0.0071531,0.1545064,0.1299735,0.90701,0.0,0.755814,0.0,0.0077519,0.1134021,0.0077519,1.0,0.2542955,0.0746269,1.0,10.30229722897745
88675.0,0.4850183,0.4926868,0.1271497,0.1185565,0.8074542,0.0421427,0.6527453,0.004261,0.0592636,0.0844005,0.4324421,0.8966628,0.3899279,0.1465735,0.6452991,10.868587496017359
9750.0,0.4873846,0.0061538,0.1307692,0.0832333,0.9268718,0.0,0.8256164,0.000902,0.0291642,0.0280538,0.0048106,0.9789537,0.0946815,0.0767123,0.0833333,12.204576526902637
399.0,0.4711779,0.0025063,0.2531328,0.1611374,0.8446115,0.0,0.6646707,0.0,0.0359281,0.2232558,0.005988,1.0,0.4372093,0.0416667,0.6666667,9.989711119284745
8007.0,0.4688398,0.0027476,0.1601099,0.0992241,0.8769826,0.0034969,0.7382876,0.0003231,0.0345719,0.0187064,0.0016155,0.9854604,0.1493342,0.042029,0.2727273,12.26528921768626
6346.0,0.4744721,0.0174913,0.1337851,0.0734633,0.8498267,0.0490072,0.7689943,0.0017567,0.0399649,0.0176877,0.0140536,0.9881423,0.1276963,0.0526316,0.0909091,11.724813914587886
2043.0,0.4948605,0.0,0.0920215,0.0629845,0.9275575,0.0,0.8150782,0.0014225,0.0227596,0.1660735,0.0,0.9943101,0.2301305,0.1147541,0.8947368,11.171856680390034
1111.0,0.4419442,0.0009001,0.3141314,0.216129,0.8028803,0.0513051,0.6673913,0.0021739,0.0173913,0.047619,0.0,1.0,0.2298137,0.0618557,0.4,10.025749432069084
145.0,0.4965517,0.0,0.2413793,0.2054795,0.9103448,0.0,0.7758621,0.0,0.0,0.0491803,0.0,1.0,0.147541,0.0,1.0,10.038935856711177
4326.0,0.4482201,0.0092464,0.2112806,0.1885212,0.8229311,0.0305132,0.6683761,0.0034188,0.025641,0.0787402,0.0074074,0.9982906,0.2540682,0.0867159,0.71875,9.966509298952284
5936.0,0.5635108,0.0852426,0.0008423,0.0023157,0.8613544,0.1349394,0.9868603,0.0006916,0.0006916,0.0536649,0.0836791,0.9481328,0.1348168,0.1874136,0.0,0.0
46567.0,0.478794,0.6565379,0.0986965,0.0885419,0.8612322,0.0182962,0.7204542,0.0037634,0.0617985,0.0570877,0.623729,0.8855143,0.4081429,0.1632543,0.4405594,11.588042213851855
1708.0,0.4935597,0.0076112,0.1305621,0.0786127,0.9461358,0.0,0.8667763,0.0016447,0.0180921,0.025641,0.0049342,0.9161184,0.0208333,0.3333333,0.5714286,11.85864764578841
6400.0,0.4859375,0.0167188,0.1135938,0.0948328,0.91125,0.0,0.7877259,0.0029424,0.0214376,0.0337124,0.0155528,0.9962169,0.1645004,0.0948718,0.2380952,10.732061203925053
7812.0,0.4554531,0.1226318,0.1906042,0.1831218,0.8349974,0.0298259,0.6861268,0.0009416,0.0153798,0.0645919,0.1155053,0.9943503,0.3012331,0.0651786,0.4358974,10.250652418696085
506.0,0.4901186,0.0,0.270751,0.1550388,0.8458498,0.0,0.6759259,0.0138889,0.0231481,0.1183673,0.0,1.0,0.2897959,0.1190476,0.8,9.615805480084347
7027.0,0.5066173,0.0101039,0.028177,0.0155754,0.969546,0.0,0.9279778,0.0023084,0.0221607,0.0790816,0.0096953,0.9815328,0.0195578,0.2365591,0.1714286,11.587114148152441
2968.0,0.4959569,0.2065364,0.1128706,0.1076203,0.8723046,0.0309973,0.7509363,0.0018727,0.0149813,0.0565371,0.1685393,0.9981273,0.3136042,0.0863095,0.6666667,10.5506169722625
1402.0,0.4686163,0.010699,0.3024251,0.1973154,0.7368046,0.0135521,0.5623145,0.0,0.074184,0.5997625,0.0074184,0.9777448,0.1104513,0.0285714,0.8125,12.272333120753473
338.0,0.4763314,0.0,0.2455621,0.1638418,0.7781065,0.0,0.6012658,0.0126582,0.0443038,0.1459459,0.0,1.0,0.3405405,0.037037,0.6666667,9.615805480084347
6332.0,0.456096,0.3932407,0.1855654,0.1788618,0.831175,0.0369551,0.6837791,0.0051769,0.0340811,0.121637,0.3472821,0.9866264,0.3330807,0.1612091,0.4,10.181157167204903
537.0,0.4767225,0.0,0.1582868,0.1174377,0.8715084,0.0,0.7128713,0.0,0.049505,0.0733945,0.0,1.0,0.2844037,0.1147541,0.0,10.281958234245314
9646.0,0.4859009,0.000933,0.1310388,0.0935673,0.8698943,0.03079,0.7457678,0.0036276,0.0238815,0.0854299,0.0006046,0.926844,0.3732375,0.1162378,0.5735294,10.480129006333248
4995.0,0.4914915,0.0064064,0.1217217,0.0755906,0.8472472,0.0,0.699556,0.0044401,0.0636408,0.0315337,0.0074001,0.9847065,0.3296703,0.0407125,0.1428571,11.121378054821049
16392.0,0.4925573,0.0158614,0.0585652,0.0340226,0.9577233,0.0052465,0.8999242,0.0011372,0.0121304,0.0431629,0.0128886,0.9965883,0.0402612,0.1072386,0.2885906,11.855812795093666
805.0,0.4757764,0.0,0.1726708,0.1540284,0.8832298,0.0,0.7258567,0.0062305,0.0155763,0.0272727,0.0,1.0,0.3939394,0.1276596,1.0,9.908524844053396
3063.0,0.4792687,0.0003265,0.1318968,0.0827586,0.8818152,0.0,0.7319224,0.0097002,0.0361552,0.0534224,0.0,0.9823633,0.3864775,0.1460177,0.4,10.431199791458543
23788.0,0.4906255,0.0181604,0.1240121,0.0815383,0.8541281,0.007735,0.7261648,0.0028041,0.0660052,0.0281941,0.0143443,0.9948231,0.2739755,0.0337774,0.2857143,11.112462823634855
6070.0,0.5,0.0102142,0.0408567,0.0401977,0.9056013,0.0194399,0.816306,0.0040262,0.0362355,0.0843318,0.0080523,0.9959738,0.2585253,0.0609137,0.2083333,11.007103966325696
1166.0,0.4468268,0.0,0.3138937,0.2465116,0.7684391,0.0891938,0.6557018,0.0,0.0197368,0.0934394,0.0,1.0,0.359841,0.0510949,0.8333333,10.229223792606835
9694.0,0.4500722,0.4192284,0.1853724,0.1750141,0.8460904,0.0346606,0.7091353,0.0016265,0.0184332,0.081653,0.3835728,0.9975603,0.3159074,0.1075269,0.55,10.268165387743457
1365.0,0.4307692,0.0029304,0.2388278,0.2097812,0.8095238,0.0168498,0.6268908,0.0033613,0.0201681,0.0434084,0.005042,1.0,0.3810289,0.0486726,0.625,10.510559281627845
684.0,0.4269006,0.0,0.495614,0.3316327,0.6783626,0.0979532,0.5507692,0.0,0.0215385,0.1192412,0.0,1.0,0.2737127,0.016129,0.8181818,9.615805480084347
713.0,0.4558205,0.0,0.2538569,0.2087629,0.8471248,0.0140252,0.6928105,0.0,0.0163399,0.1,0.0,1.0,0.2588235,0.0520833,0.7777778,9.857495968685136
461.0,0.5444685,0.0433839,0.1822126,0.1619048,0.7462039,0.1062907,0.637931,0.0,0.0287356,0.1122449,0.0574713,0.9942529,0.3265306,0.09375,0.6666667,9.615805480084347
1750.0,0.4908571,0.0034286,0.1445714,0.1043771,0.8702857,0.0,0.7151079,0.0028777,0.0330935,0.0440165,0.0057554,0.9899281,0.2723521,0.0604027,1.0,10.494075844768336
14292.0,0.4438847,0.5211307,0.1759026,0.1563915,0.7618248,0.0935488,0.6552434,0.0033708,0.0320225,0.0793103,0.443633,0.994382,0.322931,0.0957684,0.4358974,10.529452721013085
48168.0,0.4872322,0.0153837,0.1394079,0.103243,0.8543431,0.0104011,0.7154449,0.0029808,0.058015,0.0632401,0.0133032,0.9821705,0.238637,0.0631629,0.4957983,11.921060339411943
1977.0,0.4785028,0.0136571,0.1259484,0.0882638,0.8209408,0.0389479,0.7090433,0.0091743,0.0602883,0.0353982,0.0091743,0.9947575,0.2427307,0.0095694,0.4,11.150534214035387
554.0,0.465704,0.4765343,0.1407942,0.1385135,0.8826715,0.0216606,0.7287234,0.0,0.0106383,0.2539683,0.4148936,0.9840426,0.3253968,0.0606061,0.6,10.073272520325904
5409.0,0.4575707,0.0194121,0.2196339,0.1278119,0.7629876,0.0129414,0.6032787,0.0020492,0.0795082,0.5059729,0.0151639,0.9889344,0.386718,0.0494092,0.5851064,11.674202123168433
666.0,0.472973,0.0,0.0870871,0.0740741,0.9114114,0.0,0.7705628,0.0,0.021645,0.0722892,0.0,1.0,0.2449799,0.047619,0.5,10.460270761075149
3267.0,0.4768901,0.0061218,0.1747781,0.1287303,0.8800122,0.0024487,0.7441509,0.0015094,0.0256604,0.0185185,0.0045283,0.9916981,0.1703704,0.0381679,0.4545455,11.163382173096926
5384.0,0.4491085,0.0053863,0.1742199,0.1378962,0.570208,0.2548291,0.600454,0.0011351,0.0828604,0.0418706,0.0028377,0.9892168,0.2898314,0.0498812,0.5333333,10.62135173563291
938.0,0.478678,0.0,0.206823,0.1779141,0.7558635,0.0522388,0.6070529,0.0050378,0.0478589,0.0479616,0.0,0.9974811,0.3980815,0.0141844,0.5,10.370392636243981
112.0,0.4464286,0.0,0.1071429,0.1129032,0.875,0.0,0.7380952,0.0,0.047619,0.16,0.0,1.0,0.2,0.0833333,1.0,9.615805480084347
15876.0,0.4854497,0.0709247,0.0763416,0.0729587,0.882968,0.0203452,0.7683709,0.0049478,0.0404984,0.0839349,0.0648708,0.9824079,0.3325499,0.111219,0.5882353,10.682835364853922
1593.0,0.4613936,0.0037665,0.2849969,0.2191142,0.7959824,0.0552417,0.6614907,0.0046584,0.0201863,0.1537451,0.0015528,0.9223602,0.4034166,0.1555556,0.3529412,9.65509029374725
2838.0,0.4408034,0.620155,0.1715997,0.1676118,0.8724454,0.012685,0.7010711,0.0019474,0.0146056,0.0991228,0.5618306,0.9990263,0.327193,0.1678571,0.5,9.781376414141157
62126.0,0.4896179,0.0194926,0.1131088,0.0765737,0.8127998,0.0097705,0.657856,0.0047905,0.091272,0.0731812,0.0194142,0.6149515,0.439866,0.0863178,0.2782152,10.874285408908944
4372.0,0.4862763,0.1779506,0.1283166,0.0957257,0.8725984,0.0201281,0.7441714,0.0056711,0.0289855,0.1124161,0.1758034,0.9180844,0.3954139,0.1145511,0.65,10.382853468483827
442.0,0.5316742,0.0,0.1266968,0.0821256,0.9479638,0.0,0.8450704,0.0,0.0070423,0.006993,0.0,1.0,0.1048951,0.1666667,0.0,10.740756721857226
228.0,0.4605263,0.0614035,0.1622807,0.1300813,0.8903509,0.0,0.7356322,0.0,0.0229885,0.13,0.0574713,1.0,0.3,0.1818182,0.0,10.322230781590136
23365.0,0.4958271,0.044725,0.2069334,0.1313243,0.6971111,0.0190456,0.5229657,0.0036146,0.0932734,0.0914698,0.0430221,0.9115754,0.6114537,0.0350031,0.1904762,11.25416768929685
2005.0,0.4872818,0.00399,0.0558603,0.0389105,0.9336658,0.0,0.8478582,0.0059084,0.0354505,0.0286944,0.0029542,0.9867061,0.133429,0.0748299,0.25,11.541522639947903
1472.0,0.4877717,0.0033967,0.1630435,0.0954907,0.9252717,0.0,0.7816327,0.0,0.0061224,0.1566265,0.0020408,0.9836735,0.2478485,0.3090909,0.8148148,10.454523783963511
9846.0,0.537274,0.1381272,0.002336,0.0046093,0.9036157,0.0702823,0.9171835,0.0007297,0.0091208,0.0971673,0.137541,0.920467,0.1462451,0.1776393,0.1428571,10.003378135350923
1200.0,0.4683333,0.0591667,0.1966667,0.161442,0.8791667,0.0,0.7318982,0.0,0.0156556,0.0519481,0.0508806,0.9902153,0.2337662,0.0714286,1.0,10.803669227477098
7284.0,0.4420648,0.1963207,0.2892641,0.2089075,0.7494509,0.0572488,0.5964912,0.0018797,0.0319549,0.1349593,0.1563283,0.9896617,0.4376694,0.0752542,0.4736842,10.709985739582528
595.0,0.4991597,0.005042,0.1495798,0.1040268,0.8638655,0.0,0.7123288,0.0091324,0.0547945,0.0478261,0.0045662,0.9954338,0.2434783,0.1333333,0.0,10.16203685698089
36175.0,0.4694679,0.0013269,0.1897719,0.1240621,0.8816586,0.0223635,0.7686024,0.0008169,0.0213872,0.0256856,0.0010397,0.9901975,0.1292236,0.0337995,0.3085106,11.907673348237187
99.0,0.4242424,0.0,0.1515152,0.0526316,0.8585859,0.0,0.7297297,0.0,0.1081081,0.1190476,0.0,1.0,0.3095238,0.0,0.0,9.615805480084347
1140.0,0.4973684,0.0,0.1692982,0.0942408,0.8657895,0.0,0.7091723,0.0067114,0.0357942,0.0509554,0.0,0.9865772,0.3078556,0.0843373,0.25,10.367253014814716
963.0,0.4465213,0.0311526,0.2793354,0.249531,0.7663551,0.0820353,0.6445623,0.005305,0.0185676,0.1509009,0.0318302,0.9893899,0.4301802,0.088,0.8333333,10.069044362997353
201.0,0.4527363,0.0,0.1691542,0.0818182,0.8457711,0.0,0.6666667,0.0,0.0111111,0.0625,0.0,0.9777778,0.5,0.025641,1.0,9.989711119284745
160728.0,0.4755799,0.1482505,0.1356453,0.1051383,0.727857,0.0746665,0.5946015,0.0032934,0.0878533,0.1181094,0.1302436,0.8813513,0.4398599,0.1072881,0.4297352,11.377117196515812
405.0,0.4666667,0.0197531,0.2098765,0.1898148,0.8716049,0.0,0.6969697,0.0,0.0121212,0.1450777,0.0181818,1.0,0.1398964,0.16,1.0,10.370392636243981
2282.0,0.479404,0.0039439,0.1713409,0.0993266,0.878177,0.0127082,0.7767654,0.0045558,0.0432802,0.1289683,0.001139,0.9943052,0.2986111,0.0909091,0.375,10.879951039444416
3911.0,0.4410637,0.4750703,0.1810279,0.1655993,0.8555357,0.027103,0.7045153,0.000664,0.0073041,0.1319885,0.4156707,0.9966799,0.2991354,0.1184466,0.5428571,10.192456296870509
613.0,0.4584013,0.0,0.1615008,0.126506,0.8499184,0.0309951,0.7280702,0.004386,0.0394737,0.05,0.0,0.995614,0.2291667,0.1967213,0.6666667,10.657282884047461
948.0,0.4873418,0.0,0.1170886,0.0802469,0.9219409,0.0,0.7962963,0.0030864,0.0185185,0.0553936,0.0,0.9969136,0.2274052,0.0789474,0.8571429,10.675931008412125
3332.0,0.5471188,0.0033013,0.0465186,0.0371107,0.9369748,0.0108043,0.8723703,0.0112202,0.056101,0.0442359,0.002805,0.1164095,0.8123324,0.5,0.3333333,11.460589521950299
123.0,0.4634146,0.0,0.2195122,0.1818182,0.8292683,0.0,0.6428571,0.0,0.0178571,0.2222222,0.0,1.0,0.2638889,0.2222222,0.0,9.615805480084347
1547.0,0.4369748,0.2443439,0.2773109,0.2399541,0.7808662,0.0607628,0.6506211,0.0,0.0295031,0.0733813,0.2406832,0.9984472,0.3798561,0.0521739,0.5,9.841665338892785
52.0,0.5576923,0.0,0.1538462,0.1304348,0.8846154,0.0,0.7391304,0.0,0.0,0.7982456,0.0,1.0,0.6403509,0.0,0.0,9.770013301136158
110.0,0.5454545,0.0,0.2636364,0.14,0.9,0.0,0.7179487,0.0,0.0,0.2352941,0.0,1.0,0.4117647,0.25,0.0,9.615805480084347
3185.0,0.5067504,0.0367347,0.1051805,0.0579249,0.8916797,0.0034537,0.7791798,0.0039432,0.033123,0.3847647,0.0339117,0.9992114,0.371179,0.026738,0.4166667,11.247670025080003
1241.0,0.4746172,0.1200645,0.1813054,0.1518405,0.8654311,0.0,0.6819085,0.0039761,0.0079523,0.0615672,0.1172962,0.9980119,0.2593284,0.1564626,0.4615385,9.781376414141157
298.0,0.4865772,0.0,0.2416107,0.2091503,0.7751678,0.0,0.5441176,0.0,0.0294118,0.1225806,0.0,1.0,0.2,0.1538462,1.0,9.615805480084347
3733.0,0.4781677,0.0093758,0.0884008,0.0610883,0.9142781,0.0,0.7998596,0.0021067,0.0210674,0.0286494,0.008427,0.9950843,0.2489768,0.0397196,0.0833333,10.894904309600681
692.0,0.5245665,0.0,0.0736994,0.0425532,0.8106936,0.0,0.6245614,0.0035088,0.0736842,0.2945545,0.0,0.9964912,0.5321782,0.0733945,0.9375,10.883710371704016
370.0,0.4918919,0.0,0.2459459,0.1382979,0.8810811,0.0,0.724359,0.0,0.0064103,0.2352941,0.0,0.9871795,0.4166667,0.1481481,0.8333333,9.615805480084347
982.0,0.4450102,0.0101833,0.1904277,0.1431193,0.8492872,0.0071283,0.6887755,0.0076531,0.0331633,0.0439024,0.005102,0.997449,0.2780488,0.020202,0.5,10.181157167204903
1937.0,0.4950955,0.0010325,0.116159,0.0817996,0.8146618,0.0180692,0.6770964,0.0037547,0.0700876,0.6204276,0.0012516,0.9862328,0.4009501,0.0775194,0.1764706,11.418625774449596
1604.0,0.5062344,0.0006234,0.1034913,0.0719697,0.90399,0.0,0.7902946,0.0086655,0.0467938,0.1257576,0.0,0.9948007,0.2166667,0.0784314,0.5,10.956073354557526
530.0,0.4867925,0.0,0.2207547,0.1286765,0.9169811,0.0,0.7912621,0.0,0.0048544,0.092511,0.0,1.0,0.1982379,0.1020408,1.0,10.295563423525277
3491.0,0.4889716,0.0011458,0.0993985,0.0857623,0.9103409,0.0,0.7989992,0.0125104,0.0383653,0.040032,0.000834,0.9983319,0.3658927,0.1530055,0.5,10.250652418696085
14983.0,0.4722018,0.0652072,0.1484349,0.124178,0.8499633,0.0162184,0.6888928,0.0040042,0.031163,0.0685909,0.0626741,0.9517758,0.256851,0.1190733,0.5454545,10.348205424565993
17460.0,0.4878007,0.0706758,0.0983963,0.0669798,0.9008018,0.0003436,0.7841508,0.0043138,0.050008,0.036484,0.0629494,0.9209139,0.2230603,0.115007,0.5285714,11.985432208809083
17301.0,0.4728628,0.009537,0.1164673,0.079386,0.8745159,0.0183226,0.7446539,0.0026929,0.0323143,0.0529553,0.0093458,0.9919214,0.2113711,0.0337216,0.3541667,11.202329530346486
1127.0,0.5190772,0.0,0.1783496,0.0627306,0.7968057,0.0275067,0.702,0.0,0.078,0.3983153,0.0,0.956,0.3622142,0.09375,0.1111111,12.498745990829315
1643.0,0.4948265,0.0018259,0.1223372,0.0939759,0.8989653,0.0,0.7693523,0.0015798,0.0300158,0.0495495,0.0015798,0.9984202,0.2822823,0.1693122,0.6666667,10.425282789490705
256.0,0.4960938,0.0,0.1054688,0.1085271,0.921875,0.0,0.7977528,0.0,0.0224719,0.127451,0.0,0.9662921,0.2843137,0.4117647,0.0,9.989711119284745
220.0,0.5136364,0.0090909,0.1181818,0.0560748,0.8772727,0.0,0.7530864,0.0123457,0.037037,0.1382979,0.0123457,0.9876543,0.1489362,0.125,0.5,10.97679912709094
3312.0,0.5772947,0.1246981,0.0006039,0.0007143,0.7862319,0.2128623,0.9959893,0.0,0.0,0.0144928,0.1350267,0.9304813,0.1462451,0.1323529,0.0,0.0
28.0,0.4285714,0.0,0.3571429,0.1875,0.7142857,0.0,0.5,0.0,0.0,0.1578947,0.0,1.0,0.1578947,0.0,0.0,9.615805480084347
14617.0,0.6880345,0.299309,0.0010946,0.0046053,0.5633167,0.4322364,0.9704314,0.0004847,0.0004847,0.0373308,0.3252545,0.8725158,0.1175922,0.3439179,0.0,11.017004873924424
113.0,0.4690265,0.0,0.0973451,0.0666667,0.9380531,0.0,0.75,0.0,0.0,0.5882353,0.0,1.0,0.8676471,0.0,0.0,9.615805480084347
72033.0,0.4815432,0.1807644,0.066178,0.0693515,0.8856913,0.0082046,0.7428959,0.0036718,0.0392321,0.0808173,0.1590837,0.9137532,0.3570197,0.1070182,0.4920128,10.943781931879723
7279.0,0.4905894,0.0100289,0.1449375,0.1076052,0.8186564,0.025553,0.6779303,0.0059838,0.0591341,0.090589,0.0080957,0.9391059,0.4702305,0.0954357,0.3684211,10.918736348043124
3748.0,0.5170758,0.0005336,0.0728388,0.0469613,0.9178228,0.0,0.8166008,0.0086957,0.0466403,0.1034727,0.0007905,0.9889328,0.2069454,0.1218274,0.3076923,11.104972264124868
9431.0,0.4929488,0.0047715,0.1193935,0.0526976,0.9285336,0.003075,0.83404,0.0009085,0.0248334,0.0316716,0.0054512,0.992126,0.0938416,0.0324675,0.4358974,11.579658451506333
1876.0,0.4744136,0.0047974,0.1583156,0.1105477,0.8656716,0.0,0.6965241,0.0066845,0.0227273,0.0614806,0.0040107,0.9986631,0.2823087,0.0649351,0.4285714,10.566201298475118
242.0,0.4834711,0.0,0.107438,0.096,0.9049587,0.0,0.7529412,0.0117647,0.0117647,0.2916667,0.0,1.0,0.275,0.1923077,1.0,10.021315031649332
253.0,0.458498,0.0039526,0.2332016,0.1167883,0.8458498,0.0,0.6513761,0.0,0.0091743,0.2043796,0.0,0.9908257,0.2919708,0.0952381,1.0,9.615805480084347
2330.0,0.4497854,0.3060086,0.1819742,0.1879875,0.8347639,0.0270386,0.6769723,0.0010661,0.0181237,0.08577,0.3017058,0.9978678,0.3167641,0.0760234,0.3076923,10.110542371500753
14702.0,0.4776901,0.0073459,0.1729697,0.1106915,0.8404979,0.0136036,0.6847363,0.0022928,0.0324271,0.0326362,0.0075336,0.9941042,0.2526933,0.0265957,0.1568627,11.298506245754995
456.0,0.5285088,0.0,0.0285088,0.0604651,0.9364035,0.0,0.7815126,0.0,0.0252101,0.125,0.0,1.0,0.8455882,0.0810811,1.0,10.920546270529568
287.0,0.4878049,0.0,0.271777,0.1904762,0.8188153,0.0,0.6397059,0.0,0.0220588,0.1552795,0.0,1.0,0.1428571,0.0,1.0,9.615805480084347
4077.0,0.474859,0.0009811,0.1059603,0.0705278,0.8908511,0.0002453,0.763491,0.0046636,0.0473018,0.0825183,0.0006662,0.9973351,0.3264059,0.047486,0.88,11.425197467633199
1244.0,0.4501608,0.0048232,0.2347267,0.1959064,0.7821543,0.0,0.5667276,0.0091408,0.0511883,0.1506211,0.0036563,0.9945155,0.3229814,0.0393013,0.6111111,11.002116507732017
164730.0,0.4851818,0.0267893,0.1048261,0.0806547,0.8587446,0.0175681,0.7228338,0.0063494,0.0565064,0.0479648,0.0242935,0.8788778,0.3483853,0.148565,0.120438,11.528808656597766
9940.0,0.4854125,0.0596579,0.1575453,0.1188661,0.7876258,0.0743461,0.6885651,0.0019241,0.0516767,0.0378207,0.0338098,0.9681143,0.3866702,0.05,0.64,12.386730318837426
821.0,0.4677223,0.0353228,0.2302071,0.1647597,0.8526188,0.0,0.6608696,0.0,0.0115942,0.0848806,0.0318841,1.0,0.3076923,0.1123596,0.2857143,10.064798252418377
7266.0,0.4790806,0.0009634,0.2697495,0.14214,0.7035508,0.0,0.5456879,0.0033368,0.0877823,0.2948416,0.00077,0.988193,0.518733,0.0072084,0.3648649,11.58432477200052
1505.0,0.454485,0.1475083,0.2152824,0.1668697,0.8378738,0.033887,0.6945392,0.003413,0.0187713,0.1445255,0.1262799,0.9829352,0.3927007,0.1122995,0.8888889,9.913487387114461
3918.0,0.442828,0.0183767,0.2105666,0.1575813,0.6299132,0.2524247,0.683004,0.0039526,0.0411067,0.0677966,0.0150198,0.9920949,0.3183493,0.0321782,0.4782609,11.173262142245258
122.0,0.4918033,0.0,0.2540984,0.1612903,0.8688525,0.0,0.7307692,0.0,0.0384615,0.0188679,0.0,0.9615385,0.3773585,0.0,0.0,9.615805480084347
104.0,0.4807692,0.0,0.4038462,0.2407407,0.7692308,0.0,0.5686275,0.0,0.0392157,0.2816901,0.0,0.9215686,0.4084507,0.1428571,1.0,9.615805480084347
2718.0,0.4370861,0.1743929,0.2689478,0.2411765,0.7729948,0.0680648,0.6324074,0.0037037,0.0240741,0.1283293,0.1777778,0.9509259,0.3712672,0.1052632,0.875,10.243560441877241
6633.0,0.4537916,0.0084426,0.2044324,0.1622964,0.8002412,0.0061812,0.6055911,0.0030313,0.0309869,0.0816579,0.0087572,0.9976423,0.3006496,0.040378,0.5555556,10.33854382482173
47039.0,0.4803036,0.0121176,0.1414783,0.1074613,0.8724038,0.0110759,0.7368991,0.0018797,0.0388471,0.0375,0.0096833,0.9751652,0.2876096,0.0537944,0.4396552,11.946012225174645
200.0,0.505,0.0,0.11,0.1212121,0.91,0.0,0.7538462,0.0,0.0307692,0.0972222,0.0,1.0,0.125,0.4285714,1.0,10.081675578048475
412.0,0.4708738,0.0995146,0.2014563,0.1422018,0.9029126,0.0,0.7291667,0.0,0.0069444,0.2460733,0.0972222,0.7569444,0.5497382,0.1666667,0.6666667,9.615805480084347
1247.0,0.4835605,0.0,0.319166,0.2360248,0.7931034,0.0537289,0.6579926,0.0037175,0.0111524,0.0865874,0.0,1.0,0.3191851,0.0927152,0.4545455,9.857495968685136
1639.0,0.5057962,0.0067114,0.0658938,0.045679,0.9304454,0.0,0.813253,0.0080321,0.0321285,0.0828729,0.0040161,0.5261044,0.4290976,0.2510638,0.5,10.318935994253193
154.0,0.4675325,0.0324675,0.2272727,0.1585366,0.8376623,0.0,0.7096774,0.016129,0.0483871,0.1733333,0.0322581,1.0,0.2266667,0.0,1.0,9.717218213494077
2844.0,0.4876934,0.0038678,0.2359353,0.1207962,0.8175105,0.0,0.6774448,0.0023659,0.0709779,0.1032532,0.0023659,0.977918,0.2567185,0.0224359,0.24,11.443586104891608
3200.0,0.5078125,0.000625,0.0903125,0.0742857,0.899375,0.0,0.7882883,0.0108108,0.0486486,0.0339426,0.0,0.9846847,0.2149695,0.1964286,0.4375,10.351405324899678
538.0,0.4516729,0.0334572,0.2026022,0.1457627,0.8550186,0.0,0.6740088,0.0044053,0.0132159,0.1062992,0.030837,1.0,0.3976378,0.0967742,1.0,9.994287576862567
15722.0,0.4639995,0.1729424,0.1523343,0.1419248,0.8554891,0.0110037,0.6970416,0.0030059,0.023414,0.0618878,0.1496599,0.9960449,0.3276937,0.0947589,0.5633803,10.448743588106625
3162.0,0.4895636,0.001265,0.0844402,0.0718711,0.9250474,0.028463,0.8335373,0.001224,0.0122399,0.0992282,0.002448,0.9681763,0.3439912,0.2549801,0.4615385,10.521399202410167
6926.0,0.4722784,0.0280104,0.1374531,0.1198358,0.8547502,0.0085186,0.6934172,0.004068,0.0340237,0.0512281,0.0277367,0.8964497,0.3533333,0.0595463,0.7727273,10.376642461280849
742.0,0.5053908,0.1051213,0.2371968,0.1852861,0.8557951,0.0229111,0.7,0.0,0.0214286,0.2243767,0.0857143,0.8107143,0.3573407,0.1333333,0.8,9.615805480084347
2354.0,0.4753611,0.700085,0.0870858,0.0866397,0.9485981,0.0,0.8452722,0.004298,0.0143266,0.0815789,0.6461318,0.995702,0.3092105,0.1968085,0.7777778,10.53212287826962
260.0,0.4615385,0.0,0.2884615,0.2285714,0.8269231,0.0,0.6206897,0.0,0.0086207,0.1145038,0.0,1.0,0.221374,0.047619,0.0,9.615805480084347
2028.0,0.4990138,0.0083826,0.1390533,0.0866142,0.9146943,0.0,0.7928389,0.0012788,0.0140665,0.1654216,0.0063939,0.9974425,0.3703308,0.1267606,0.4736842,10.12667110305036
10249.0,0.4952678,0.0643965,0.1454776,0.0692055,0.9153088,0.0,0.8121693,0.0029101,0.0306878,0.0762463,0.0510582,0.968254,0.1852395,0.141844,0.3,11.116930374363438
40263.0,0.4993667,0.0091399,0.0881703,0.0635511,0.8357052,0.0077739,0.7081651,0.0029301,0.0921344,0.0434133,0.00866,0.9576768,0.315478,0.0545103,0.4676259,12.675454206331448
113.0,0.460177,0.0,0.1946903,0.1639344,0.8495575,0.0,0.6666667,0.0,0.0444444,0.1964286,0.0,0.8444444,0.3571429,0.125,1.0,9.615805480084347
2937.0,0.4661219,0.0364317,0.1164454,0.1160714,0.8426966,0.0,0.6412948,0.0043745,0.032371,0.0856,0.0384952,1.0,0.5392,0.0971338,0.5833333,10.373522431293592
6162.0,0.4907498,0.004544,0.1170075,0.1026131,0.8818565,0.0019474,0.7156377,0.0018026,0.0347003,0.0211734,0.0045065,0.9959441,0.2576092,0.0323741,0.75,11.265758139843117
3111.0,0.4998393,0.0006429,0.1137898,0.0874036,0.8968177,0.0118933,0.755597,0.005597,0.0139925,0.1382637,0.0009328,0.988806,0.3102894,0.123506,0.5555556,10.594156665220533
632910.0,0.482808,0.2255423,0.0915438,0.0795268,0.7428797,0.0324217,0.5855655,0.0039962,0.1013634,0.0758332,0.203688,0.9908676,0.3715892,0.0647542,0.4146233,10.795506083434564
32230.0,0.4692833,0.0110766,0.1303444,0.0976323,0.7726342,0.0209432,0.5993654,0.0048705,0.074976,0.0673778,0.0098148,0.9571249,0.5481762,0.061207,0.5441176,10.96648993456911
268.0,0.4738806,0.0,0.1902985,0.1276596,0.8768657,0.0,0.7247706,0.0091743,0.0183486,0.2101449,0.0,1.0,0.2101449,0.0,1.0,9.908524844053396
79.0,0.5063291,0.0,0.1265823,0.1282051,0.9113924,0.0,0.8064516,0.0,0.0322581,0.1142857,0.0,1.0,0.1428571,0.0,0.0,9.615805480084347
630.0,0.5174603,0.1857143,0.1015873,0.0822368,0.8793651,0.0,0.7090909,0.0045455,0.0272727,0.0598291,0.1863636,0.9909091,0.3931624,0.2280702,0.0,10.12667110305036
2370.0,0.4860759,0.0067511,0.1185654,0.0935961,0.8898734,0.0,0.7637427,0.005848,0.0561404,0.0194954,0.0046784,0.9824561,0.1938073,0.0652174,0.5555556,11.942113610091182
4897.0,0.5119461,0.0014294,0.0820911,0.0535565,0.9097407,0.0,0.797076,0.0070175,0.0461988,0.0473538,0.0,0.9748538,0.2947075,0.148688,0.25,10.795506083434564
2310.0,0.4835498,0.0060606,0.1714286,0.1483655,0.8285714,0.0,0.6493374,0.0030581,0.0458716,0.0983456,0.0040775,0.9918451,0.1819853,0.0436047,0.5,10.576457535657255
2163.0,0.4720296,0.0004623,0.0795192,0.0753065,0.9066112,0.0147943,0.7931034,0.0041379,0.017931,0.0447958,0.0013793,0.9903448,0.1870883,0.1354167,0.8,10.579005242826247
330.0,0.4666667,0.0,0.1757576,0.1534091,0.8666667,0.0,0.6923077,0.0,0.0,0.1637427,0.0,1.0,0.3918129,0.0980392,0.3333333,10.236417809461043
632.0,0.4651899,0.0126582,0.1518987,0.0650888,0.9098101,0.0,0.8394495,0.0045872,0.0550459,0.0438596,0.0,0.9908257,0.0087719,0.2,0.1666667,12.796912976577694
1419.0,0.4756871,0.3932347,0.1444679,0.1155914,0.8837209,0.0,0.7227357,0.0036969,0.0221811,0.0783646,0.3475046,0.9926063,0.39523,0.1132075,0.6666667,10.351405324899678
24330.0,0.482573,0.1270448,0.1147554,0.0821352,0.8750514,0.0062474,0.732977,0.0045317,0.0527539,0.0445209,0.1172438,0.8964676,0.3670479,0.1816808,0.1515152,11.330215832884798
5069.0,0.4778063,0.0021701,0.3268889,0.1386475,0.8603275,0.0,0.7428701,0.0013581,0.0461747,0.1935013,0.0031689,0.9859665,0.090544,0.1087719,0.1978022,12.777619827590577
657.0,0.47793,0.0015221,0.152207,0.1253644,0.8569254,0.0,0.6909091,0.0,0.0218182,0.0646259,0.0,0.9927273,0.3197279,0.097561,0.6666667,10.568775236216993
1260.0,0.4563492,0.0055556,0.7206349,0.2116788,0.8150794,0.0,0.6932953,0.0,0.0242511,0.2176339,0.0028531,0.9885877,0.2991071,0.0,0.08,11.06665398721974
276.0,0.4637681,0.0,0.1014493,0.0810811,0.8768116,0.0,0.7087379,0.0,0.0291262,0.0550459,0.0,0.9708738,0.1926606,0.1538462,0.0,10.05195066017375
2276.0,0.4661687,0.0021968,0.2029877,0.1572016,0.8189807,0.0496485,0.6977528,0.0033708,0.0247191,0.0541977,0.0011236,0.9842697,0.2454835,0.0931174,0.6666667,10.468829770273567
4831.0,0.4498034,0.0066239,0.2179673,0.185854,0.8016974,0.0411923,0.6500754,0.0040221,0.0246355,0.0714286,0.0045249,0.9979889,0.3253968,0.0638607,0.5263158,10.281958234245314
1886.0,0.4660657,0.0,0.2216331,0.1727905,0.8202545,0.0413574,0.6720867,0.0,0.0216802,0.0428016,0.0,0.9945799,0.2658885,0.0434783,0.7777778,10.428245666832275
1144.0,0.4493007,0.9895105,0.1276224,0.1349206,0.8627622,0.0,0.6699752,0.0198511,0.0397022,0.0671296,0.9950372,1.0,0.650463,0.1853282,0.5,9.615805480084347
887.0,0.5016911,0.0,0.0518602,0.0316742,0.9481398,0.0,0.8837209,0.0033223,0.0299003,0.0652174,0.0,0.9966777,0.0248447,0.0,0.3333333,12.219980481653478
1736.0,0.484447,0.000576,0.1198157,0.0837989,0.9176267,0.0,0.7968992,0.0031008,0.0124031,0.0556369,0.0,0.9937984,0.22694,0.0961538,0.5555556,10.315630315397533
759.0,0.4914361,0.0382082,0.1581028,0.1295337,0.8853755,0.0,0.7235495,0.003413,0.0136519,0.1531792,0.0477816,1.0,0.3121387,0.1392405,1.0,9.615805480084347
135.0,0.4962963,0.0,0.1703704,0.0588235,0.8740741,0.0,0.7037037,0.0,0.0185185,0.0526316,0.0,1.0,0.6140351,0.0416667,0.0,9.615805480084347
650.0,0.5030769,0.0015385,0.1246154,0.1021672,0.8815385,0.0,0.7188755,0.0,0.0240964,0.113879,0.0040161,1.0,0.3914591,0.1139241,0.75,9.615805480084347
2806.0,0.4340699,0.8663578,0.1749822,0.163728,0.8667142,0.0399145,0.7167235,0.0011377,0.0125142,0.0648936,0.8054608,0.9931741,0.3606383,0.2567568,0.875,9.770013301136158
174.0,0.5114943,0.0,0.3735632,0.1882353,0.8735632,0.0,0.7272727,0.0,0.012987,0.0493827,0.0,1.0,0.1728395,0.0,0.0,10.281958234245314
11290.0,0.4651904,0.093977,0.2223206,0.1579993,0.8151461,0.0435784,0.6818479,0.0030508,0.0235345,0.0858566,0.089562,0.9967313,0.3103586,0.0859851,0.4186047,10.16203685698089
4520.0,0.4920354,0.0358407,0.0011062,0.0026132,0.3603982,0.5371681,0.7940252,0.0031447,0.1871069,0.0170015,0.0503145,0.6902516,0.7944359,0.1212598,0.0,0.0
6991.0,0.4665999,0.1386068,0.2205693,0.1678734,0.8403662,0.0042912,0.6701134,0.0026684,0.0256838,0.0829,0.1220814,0.996998,0.2581829,0.0899242,0.6078431,10.2328272702548
3775.0,0.4845033,0.0010596,0.0243709,0.0354573,0.9528477,0.0071523,0.8707265,0.0042735,0.0277778,0.1203008,0.0,0.9850427,0.6889098,0.2914894,0.8333333,9.615805480084347
191.0,0.5497382,0.0,0.1151832,0.1744186,0.7748691,0.0,0.6081081,0.027027,0.1621622,0.0512821,0.0,0.972973,0.4358974,0.1875,0.0,10.047631185616188
4562.0,0.4495835,0.2356423,0.1641824,0.173636,0.8220079,0.022797,0.6713362,0.0053879,0.0377155,0.0525778,0.2155172,0.987069,0.3644717,0.0878049,0.2903226,10.887455624298198
819.0,0.4297924,0.008547,0.2869353,0.2291221,0.8021978,0.047619,0.6501458,0.0,0.0087464,0.1425,0.0029155,1.0,0.47,0.0833333,0.8571429,9.862717639992917
373.0,0.5067024,0.0,0.0965147,0.076087,0.9356568,0.0,0.848,0.008,0.024,0.015748,0.0,0.992,0.1338583,0.0833333,0.0,10.67130147767883
2589.0,0.4924681,0.0019312,0.1324836,0.0852359,0.8864426,0.0,0.7567568,0.0031185,0.047817,0.2542636,0.002079,0.9968815,0.2108527,0.0734694,0.6037736,11.770671388994348
249.0,0.4618474,0.0240964,0.1767068,0.1567164,0.8514056,0.0,0.6699029,0.0,0.0291262,0.0720721,0.0194175,0.9902913,0.2522523,0.1111111,0.5,10.6782377612977
4937.0,0.4774154,0.0010128,0.1920194,0.1267442,0.8081831,0.0508406,0.6788895,0.0020953,0.0345731,0.0493028,0.0,0.9973808,0.2928287,0.048913,0.3125,10.32551474894327
3719.0,0.4632966,0.0016133,0.1936004,0.1653307,0.7940307,0.0397956,0.6440912,0.0103663,0.0469938,0.0417219,0.0006911,0.9979267,0.4198675,0.043222,0.4,10.714439990727769
207.0,0.4782609,0.1690821,0.173913,0.2037037,0.8937198,0.0,0.7297297,0.0,0.027027,0.1494253,0.1756757,0.972973,0.2298851,0.1875,0.0,9.825580063659602
8539.0,0.4710153,0.007495,0.1677011,0.1233119,0.7160089,0.1474412,0.6744646,0.0029654,0.0362438,0.039557,0.0046129,0.9976936,0.2708861,0.0456906,0.5,10.589131655274922
356.0,0.4606742,0.0,0.1769663,0.125,0.9129213,0.0,0.7753623,0.0,0.0,0.08,0.0,1.0,0.26,0.0909091,0.0,9.615805480084347
213.0,0.4788732,0.0,0.258216,0.2072072,0.8544601,0.0,0.6875,0.0,0.0104167,0.0943396,0.0,1.0,0.2735849,0.0666667,0.0,9.615805480084347
2045.0,0.4806846,0.0268949,0.3731051,0.1129944,0.9144254,0.0,0.8220721,0.0,0.0191441,0.2403764,0.0157658,0.9831081,0.2677502,0.128,0.425,10.981914140544825
304.0,0.4835526,0.0065789,0.0921053,0.0509554,0.9309211,0.0,0.8623853,0.0091743,0.0275229,0.0438596,0.0091743,1.0,0.2894737,0.0606061,0.0,10.586609649448985
3077.0,0.5086123,0.0022749,0.0500487,0.0376984,0.9577511,0.0,0.8836478,0.0041929,0.0125786,0.0245399,0.0010482,0.9947589,0.0327198,0.2327044,0.5,10.318935994253193
452.0,0.4756637,0.8473451,0.2676991,0.2320675,0.7323009,0.1482301,0.6598639,0.0,0.0272109,0.1403509,0.7687075,1.0,0.2748538,0.09375,0.75,9.615805480084347
780.0,0.4884615,0.0012821,0.25,0.1854637,0.8205128,0.0,0.6358382,0.0057803,0.0289017,0.0546448,0.0,1.0,0.2513661,0.0909091,0.6,10.102379394048045
3092.0,0.4705692,0.1148124,0.1733506,0.1374465,0.860608,0.0281371,0.7604259,0.0017746,0.0434783,0.0250865,0.1002662,0.9893523,0.1565744,0.076087,0.5,11.991027463722105
1480.0,0.4324324,0.0,0.6702703,0.2452381,0.7310811,0.0,0.581187,0.0,0.0268757,0.5122884,0.0,0.9955207,0.5532496,0.0,0.4666667,11.736077016252437
2605.0,0.5082534,0.0003839,0.0261036,0.0171741,0.8571977,0.0095969,0.7465753,0.0068493,0.1038813,0.0488599,0.0,0.9394977,0.3213898,0.1573604,0.1333333,11.542493975902508
11066.0,0.4655702,0.1305802,0.1880535,0.1606358,0.8071571,0.0437376,0.6678129,0.0032095,0.0323246,0.1057811,0.1066025,0.9775332,0.3398934,0.0858283,0.7857143,10.236417809461043
1485.0,0.4585859,0.0,0.1818182,0.1467662,0.8767677,0.0,0.7156863,0.003268,0.0114379,0.0865672,0.0,1.0,0.3253731,0.0839161,0.6666667,10.177362240256695
62.0,0.4677419,0.0,0.0967742,0.1212121,0.9354839,0.0,0.8095238,0.0,0.0,0.125,0.0,1.0,0.1666667,0.0,1.0,9.770013301136158
31971.0,0.4445591,0.0169841,0.2031529,0.1172992,0.7572488,0.0023459,0.5509475,0.0018539,0.0681132,0.0737137,0.0163417,0.9702005,0.4511226,0.0335045,0.3611111,13.122367377396328
3299.0,0.5101546,0.0,0.1015459,0.0612624,0.9099727,0.0,0.7968227,0.0033445,0.0384615,0.1751724,0.0,0.9983278,0.2517241,0.1111111,0.5384615,10.841559345471941
1798.0,0.4760845,0.0005562,0.1813126,0.1369427,0.8331479,0.016129,0.6859155,0.0126761,0.0422535,0.0755208,0.0,0.9929577,0.2317708,0.0445545,0.7619048,10.354595018522993
5672.0,0.4804302,0.0095205,0.1212976,0.0973872,0.9017983,0.0,0.7702564,0.0071795,0.0384615,0.0322581,0.0097436,0.9917949,0.1736973,0.0902062,0.7142857,11.413116179350727
1581.0,0.5079064,0.0006325,0.2061986,0.0732648,0.887413,0.0,0.7634921,0.0047619,0.0349206,0.749503,0.0015873,0.9650794,0.466004,0.1538462,0.8095238,10.736418414365376
3999.0,0.487872,0.0025006,0.1370343,0.105957,0.8672168,0.0140035,0.7118984,0.0013369,0.0227273,0.0391779,0.0,0.9558824,0.2421323,0.0703883,0.4615385,10.675931008412125
638.0,0.4561129,0.0015674,0.137931,0.1354467,0.8369906,0.0,0.6590909,0.0037879,0.0454545,0.114094,0.0037879,1.0,0.3422819,0.0833333,0.0,10.229223792606835
18081.0,0.4880261,0.0094021,0.1145954,0.0854488,0.9276589,0.0,0.8271044,0.003367,0.0335017,0.0298873,0.010101,0.9681818,0.188633,0.0910031,0.7118644,11.839354580719126
698.0,0.4856734,0.0157593,0.1418338,0.1197772,0.8982808,0.0,0.7527675,0.0,0.0147601,0.0355872,0.0184502,0.9926199,0.316726,0.0740741,0.5,10.62135173563291
433.0,0.4387991,0.0,0.2725173,0.2222222,0.8244804,0.0,0.6185567,0.0,0.0051546,0.0976744,0.0,1.0,0.2093023,0.0526316,0.3333333,9.615805480084347
2789.0,0.5087845,0.0007171,0.0853352,0.0744526,0.9028326,0.0003586,0.7635207,0.0042418,0.0349947,0.1504505,0.0,0.0890774,0.4162162,0.0942029,0.5,10.505094936455558
1814.0,0.4498346,0.2398015,0.1736494,0.1492986,0.8809261,0.0,0.7228412,0.0027855,0.0194986,0.0735484,0.1991643,0.9958217,0.2090323,0.1117021,0.7142857,10.505094936455558
11477.0,0.4895007,0.0103686,0.1378409,0.087899,0.9246319,0.0016555,0.8204878,0.0031707,0.0202439,0.0268217,0.0097561,0.9970732,0.1246143,0.115942,0.3846154,10.874285408908944
7669.0,0.4849394,0.004955,0.2383622,0.1263291,0.7196505,0.0057374,0.5613472,0.0042769,0.0983694,0.1774406,0.0042769,0.9534884,0.4628408,0.0383426,0.3560606,12.299567542341206
1510.0,0.4529801,0.002649,0.2622517,0.1973366,0.7801325,0.0417219,0.6187595,0.0015129,0.0226929,0.0650636,0.0045386,0.9984871,0.2376238,0.0416667,0.6,10.351405324899678
846.0,0.4385343,0.5082742,0.177305,0.1473684,0.8888889,0.0,0.7062706,0.0,0.0165017,0.1035503,0.4455446,0.980198,0.352071,0.189781,0.2,9.787009914477434
1093.0,0.483989,0.0,0.1134492,0.1170213,0.8938701,0.0,0.758794,0.0075377,0.040201,0.056872,0.0,0.9924623,0.1563981,0.0777778,0.75,10.305647203635566
4416.0,0.4680707,0.0015851,0.4581069,0.1472967,0.8688859,0.002038,0.7473634,0.0028763,0.0167785,0.2784504,0.0014382,0.9990412,0.4424075,0.1120219,0.4793388,10.454523783963511
103907.0,0.4759448,0.4733079,0.1385758,0.1178815,0.8456889,0.02406,0.7096616,0.0050851,0.0454299,0.0837689,0.4315583,0.9889523,0.3370385,0.1124174,0.4944882,10.893047333337728
482.0,0.4792531,0.0,0.1410788,0.123506,0.8838174,0.0,0.7336957,0.0054348,0.0326087,0.0564103,0.0,0.9945652,0.1692308,0.0638298,0.8,10.505094936455558
286.0,0.4475524,0.0104895,0.2062937,0.2025316,0.8006993,0.1363636,0.8205128,0.0128205,0.025641,0.1034483,0.0,1.0,0.137931,0.2857143,0.5,10.281958234245314
587.0,0.5093697,0.0,0.1073254,0.0729167,0.9318569,0.0,0.8095238,0.0,0.0,0.1101695,0.0,0.9857143,0.2754237,0.1282051,0.5,10.376642461280849
72644.0,0.4703348,0.0359011,0.1631793,0.1197079,0.8220638,0.0083971,0.6449463,0.0031975,0.0494093,0.0602246,0.0310996,0.9444314,0.4226791,0.0655605,0.2954545,11.441440204346033
32.0,0.46875,0.0,0.09375,0.1176471,0.8125,0.0,0.6923077,0.0,0.1538462,0.4347826,0.0,1.0,0.5652174,0.3333333,0.0,9.841665338892785
85.0,0.5058824,0.0,0.1058824,0.1428571,0.8235294,0.0,0.6285714,0.0,0.0571429,0.2553191,0.0,1.0,0.5744681,0.0,1.0,9.787009914477434
2086.0,0.4884947,0.0038351,0.1126558,0.0740394,0.4731544,0.3964525,0.6070111,0.0,0.0719557,0.0966667,0.0,0.998155,0.34,0.0517241,0.3636364,10.661977618146238
8526.0,0.4616467,0.0002346,0.2267183,0.1910675,0.8083509,0.0228712,0.6366383,0.0035704,0.0263664,0.1054054,0.0002746,0.9980775,0.4125307,0.0619089,0.5855856,9.87822102528824
8983.0,0.4874763,0.0006679,0.146165,0.105126,0.8704219,0.0182567,0.7470294,0.0050031,0.0437774,0.0144838,0.0003127,0.9624765,0.2850539,0.1259124,0.3333333,10.995427631436174
1241.0,0.4923449,0.0008058,0.2546334,0.1253968,0.8235294,0.0024174,0.6679174,0.0075047,0.0581614,0.1619497,0.0,0.9924953,0.4544025,0.1058824,0.2307692,10.594156665220533
2463.0,0.4888348,0.00203,0.1741778,0.1111994,0.9045879,0.0,0.7765073,0.002079,0.0176715,0.0183673,0.0031185,0.987526,0.1326531,0.0645161,0.8,10.868587496017359
106612.0,0.4528758,0.5219394,0.145584,0.1346134,0.8175159,0.0327261,0.6629751,0.0024772,0.0411658,0.0950351,0.4610808,0.9948027,0.3819864,0.104425,0.4892241,10.482933978579906
1114.0,0.5,0.010772,0.1535009,0.0754039,0.9425494,0.0,0.8671875,0.0,0.0260417,0.0229008,0.0052083,0.96875,0.0381679,0.137931,1.0,12.965009907449353
713.0,0.4460028,0.0056101,0.2776999,0.1670886,0.8457223,0.0,0.7035831,0.0032573,0.0390879,0.3920792,0.009772,0.990228,0.1207921,0.1785714,0.8666667,12.173037959397275
4426.0,0.6818798,0.0808857,0.0067781,0.0078125,0.6012201,0.3707637,0.8833718,0.0,0.0230947,0.0922432,0.0588915,0.9665127,0.3899371,0.1318408,0.0,11.448930795918299
972.0,0.5545267,0.0,0.0843621,0.0877598,0.7911523,0.1162551,0.7414966,0.0,0.037415,0.0392157,0.0,0.9489796,0.2647059,0.1621622,0.0,10.7706090484022
38.0,0.6052632,0.0,0.0263158,0.0,0.7894737,0.0,0.6315789,0.0,0.0526316,0.6481481,0.0,1.0,0.8518519,0.0,0.0,9.933094897288786
2146.0,0.4417521,0.0517241,0.1896552,0.1811352,0.8308481,0.0452004,0.7001239,0.0024783,0.023544,0.1237785,0.0446097,0.9950434,0.4277959,0.1122112,0.4230769,9.862717639992917
1224.0,0.4387255,0.0,0.3831699,0.2576419,0.7197712,0.0498366,0.5623932,0.0017094,0.0393162,0.6193884,0.0,0.9931624,0.3077424,0.0588235,0.2444444,11.868506811148853
654.0,0.4847095,0.0,0.2018349,0.1780415,0.8501529,0.0,0.6617647,0.0036765,0.0073529,0.1111111,0.0,1.0,0.2712418,0.1034483,0.6363636,9.741027444837728
305.0,0.4852459,0.0,0.2721311,0.1974522,0.7868852,0.0,0.5611511,0.0071942,0.0215827,0.2057143,0.0,0.9856115,0.3314286,0.1555556,0.8571429,9.792611856190192
3480.0,0.4784483,0.0014368,0.1456897,0.1046832,0.8695402,0.0,0.7152034,0.0049964,0.0335475,0.0284327,0.0,0.9957173,0.2517337,0.0657895,0.4545455,10.831726617926124
13713.0,0.493838,0.0659228,0.0596514,0.0482639,0.938015,0.0,0.8499559,0.0041924,0.0289056,0.0548488,0.0593557,0.9849956,0.0896767,0.1423529,0.4416667,11.104972264124868
5350.0,0.5057944,0.0069159,0.0992523,0.0654312,0.8097196,0.0121495,0.6660137,0.0058766,0.1023506,0.1303237,0.003428,0.970617,0.4335605,0.088853,0.59375,12.051761119434515
124.0,0.4758065,0.0,0.1854839,0.1076923,0.8709677,0.0,0.7058824,0.0,0.0196078,0.0727273,0.0,1.0,0.6,0.0,1.0,9.913487387114461
2548.0,0.4603611,0.4183673,0.1691523,0.1723636,0.8473312,0.0427786,0.7133758,0.0,0.0095541,0.1002865,0.3630573,1.0,0.2827125,0.1043771,0.4166667,10.281958234245314
3185.0,0.4577708,0.3042386,0.1657771,0.1505501,0.8430141,0.044898,0.7132806,0.001759,0.0219877,0.0718367,0.2489006,0.996482,0.2669388,0.1515152,0.6153846,10.225607282932941
560.0,0.4964286,0.0,0.2785714,0.1205674,0.8946429,0.0,0.7860082,0.0,0.0288066,0.4818763,0.0,0.9958848,0.3710021,0.0909091,0.6923077,11.015361515187424
543.0,0.4917127,0.0755064,0.1344383,0.134058,0.8802947,0.0,0.7453704,0.0092593,0.0277778,0.0769231,0.0787037,1.0,0.2863248,0.097561,0.0,10.335302435967074
5004.0,0.4898082,0.1053157,0.1167066,0.0740306,0.9198641,0.0,0.8194286,0.0034286,0.0308571,0.0750529,0.0851429,0.9862857,0.1046512,0.1717172,0.4745763,10.757924157061597
208.0,0.4615385,0.0,0.1105769,0.0803571,0.9567308,0.0,0.8571429,0.0,0.0,0.0869565,0.0,1.0,0.1449275,0.3529412,0.0,10.315630315397533
60569.0,0.4732619,0.0072149,0.169212,0.1081683,0.8220047,0.0095263,0.658173,0.0021458,0.0416124,0.036832,0.0066289,0.9931796,0.2513655,0.03565,0.2836879,11.015361515187424
1125.0,0.4657778,0.0,0.2826667,0.1830283,0.7911111,0.0337778,0.6458753,0.0060362,0.0301811,0.0963636,0.0,0.9959759,0.2981818,0.0128205,0.3636364,10.50783084142058
3266.0,0.4880588,0.1708512,0.1319657,0.0801435,0.8239437,0.0,0.681577,0.0090978,0.0849128,0.0329912,0.1539045,0.9431387,0.223607,0.0926641,0.3846154,11.896151780740423
243.0,0.473251,0.0,0.1851852,0.1015625,0.8888889,0.0,0.7191011,0.011236,0.011236,0.127451,0.0,1.0,0.1470588,0.1538462,0.0,9.615805480084347
668.0,0.4610778,0.0,0.1901198,0.1333333,0.8473054,0.0,0.670412,0.0074906,0.0411985,0.1040268,0.0,0.9962547,0.3355705,0.0857143,1.0,9.814710982145282
16270.0,0.5094653,0.0044868,0.1052858,0.0801905,0.5766441,0.1842041,0.5467018,0.001759,0.1389622,0.0543912,0.0029903,0.9971856,0.4677312,0.0405313,0.5526316,10.659633006160352
644.0,0.4549689,0.0,0.2360248,0.1709402,0.8385093,0.0,0.6446886,0.003663,0.025641,0.1078431,0.0,0.992674,0.2581699,0.1690141,0.5,9.873079890114703
135.0,0.4444444,0.0,0.1555556,0.1066667,0.9185185,0.0,0.7843137,0.0,0.0,0.0727273,0.0,1.0,0.2363636,0.1818182,1.0,9.852246888342531
3056.0,0.4662958,0.0013089,0.1557592,0.1434703,0.8799084,0.0445026,0.804287,0.0018639,0.0177074,0.0612423,0.0027959,0.9972041,0.2598425,0.0670391,0.375,10.460270761075149
763.0,0.4783748,0.0,0.1874181,0.1080402,0.7811271,0.0747051,0.6825939,0.0102389,0.0443686,0.0393443,0.0,0.9863481,0.3672131,0.1265823,1.0,10.55323128448846
558.0,0.5215054,0.0,0.1039427,0.0674157,0.9426523,0.0179211,0.875,0.00625,0.00625,0.1578947,0.0,0.975,0.1789474,0.25,0.8888889,10.188704088048116
17641.0,0.4572303,0.1664305,0.1498214,0.1280418,0.8587382,0.0190465,0.7154424,0.0047107,0.0238481,0.0731341,0.1332254,0.9951421,0.3479329,0.0979122,0.6549708,10.379752786950895
1931.0,0.4655619,0.0,0.2061108,0.1414729,0.8456758,0.0,0.6590636,0.0,0.0168067,0.1071811,0.0,0.9663866,0.306538,0.1004367,0.6296296,10.34177474101152
583.0,0.483705,0.1337907,0.1595197,0.1129568,0.9125214,0.0,0.7844828,0.0,0.0043103,0.09375,0.1422414,1.0,0.2148438,0.0526316,0.75,10.445840912706414
6356.0,0.4625551,0.0017306,0.2440214,0.1627635,0.8064821,0.0083386,0.6261452,0.0024665,0.0362932,0.0611975,0.0017618,0.9957717,0.3245121,0.0339384,0.5416667,11.140425970684525
1415.0,0.4508834,0.7759717,0.1491166,0.1518662,0.8650177,0.0,0.6881919,0.0055351,0.0313653,0.0951586,0.7269373,0.9944649,0.2954925,0.1165049,0.8181818,9.792611856190192
124.0,0.4516129,0.0,0.2580645,0.1764706,0.8629032,0.0,0.6862745,0.0,0.0196078,0.3544304,0.0,1.0,0.3417722,0.0,1.0,9.615805480084347
2199.0,0.4506594,0.3437926,0.1973624,0.1655629,0.8531151,0.0236471,0.6944114,0.0011891,0.0130797,0.1461929,0.3210464,0.9928656,0.271066,0.1185185,0.7777778,9.857495968685136
6361.0,0.5040088,0.0154064,0.0819054,0.0801902,0.902531,0.0,0.7726064,0.0035461,0.0407801,0.0292599,0.0150709,0.9494681,0.3502582,0.0614657,0.4,11.477308649967686
5002.0,0.5059976,0.0009996,0.0259896,0.0109268,0.992603,0.0,0.9688129,0.0,0.0060362,0.0206897,0.0,0.9889336,0.0325123,0.4745763,0.4615385,11.309596795779068
4741.0,0.4631934,0.002953,0.233706,0.1383104,0.7829572,0.0423961,0.6663185,0.0062663,0.0715405,0.077553,0.002611,0.9028721,0.3819846,0.0924933,0.2682927,12.354496960983985
2938.0,0.426821,0.0,0.2699115,0.216152,0.7804629,0.0347175,0.6038911,0.0031128,0.0217899,0.0708604,0.0,0.9976654,0.3933478,0.0856531,0.6666667,10.034559673629849
5831.0,0.4887669,0.0212656,0.1282799,0.1080174,0.845481,0.0039444,0.6887559,0.0068405,0.0483112,0.0362588,0.0179564,0.9854639,0.3716522,0.0661157,0.4444444,10.410335274932896
702.0,0.502849,0.0,0.0384615,0.0401146,0.9558405,0.0,0.8417722,0.0063291,0.0253165,0.1222222,0.0,0.9873418,0.4666667,0.5625,1.0,9.615805480084347
201.0,0.5174129,0.0,0.1940299,0.1237113,0.9004975,0.0,0.8,0.0133333,0.0533333,0.0963855,0.0,0.9866667,0.313253,0.0666667,0.8,9.615805480084347
4704.0,0.5070153,0.0010629,0.045068,0.033204,0.9249575,0.0,0.8233035,0.003201,0.0384123,0.0231395,0.0012804,0.993598,0.1425891,0.0833333,0.25,11.092869425057021
11328.0,0.4585982,0.0547316,0.1596928,0.1529431,0.875971,0.0060028,0.7271103,0.0026798,0.0198749,0.0765106,0.0491291,0.9982135,0.3584244,0.0943595,0.5,10.229223792606835
854.0,0.469555,0.0,0.1826698,0.1214128,0.882904,0.0,0.7311178,0.0060423,0.0241692,0.0293255,0.0,0.9939577,0.228739,0.0547945,0.6666667,10.505094936455558
51.0,0.627451,0.0,0.1764706,0.1052632,0.8431373,0.0,0.6363636,0.0,0.0,0.2413793,0.0,1.0,0.5862069,0.2,1.0,9.615805480084347
250.0,0.508,0.0,0.084,0.0894309,0.904,0.0,0.7640449,0.0,0.0337079,0.127451,0.0,0.9775281,0.3039216,0.2777778,1.0,10.949068194652432
636.0,0.4937107,0.0,0.0927673,0.0434783,0.8820755,0.0015723,0.7377049,0.0,0.0409836,0.68758,0.0,0.8934426,0.3482714,0.0813953,0.9166667,10.729875458480967
632.0,0.4810127,0.0,0.1123418,0.0853659,0.9193038,0.0,0.7911111,0.0044444,0.0133333,0.0625,0.0,0.9955556,0.2166667,0.137931,1.0,10.134638955251866
914.0,0.4507659,0.0076586,0.1597374,0.1513944,0.8884026,0.0,0.7431694,0.0027322,0.0163934,0.0615385,0.0081967,1.0,0.2410256,0.0695652,0.3333333,10.638280388314705
8413.0,0.4589326,0.2151432,0.2059907,0.1889279,0.8428622,0.0278141,0.7009346,0.0020444,0.0143107,0.0470359,0.1892523,0.9979556,0.2368494,0.0565178,0.6774194,10.454523783963511
501.0,0.49501,0.001996,0.1776447,0.1462451,0.744511,0.1117764,0.6451613,0.0,0.0268817,0.1428571,0.0,0.983871,0.5898618,0.1369863,0.0,9.615805480084347
2306.0,0.4518647,0.0663487,0.2220295,0.1985759,0.8139636,0.0299219,0.655755,0.0052798,0.0232313,0.1099624,0.062302,0.9503696,0.3834586,0.1295681,0.6470588,9.933094897288786
53310.0,0.4785969,0.0099981,0.0912212,0.0715571,0.7928531,0.0084037,0.6264253,0.0045701,0.0866516,0.0823402,0.009095,0.9760181,0.4367811,0.0466843,0.062069,11.205054290550551
2607.0,0.4702723,0.0161105,0.1752973,0.1419261,0.7978519,0.0115075,0.6259259,0.0083333,0.062037,0.4597299,0.0138889,0.9944444,0.4347174,0.0724346,0.6363636,11.547336553476635
7195.0,0.4774149,0.009729,0.1249479,0.0776596,0.8393329,0.0,0.6939182,0.004985,0.0631439,0.0931284,0.0116318,0.9302094,0.308921,0.02138,0.4067797,11.37940550085183
988.0,0.4544534,0.0728745,0.23583,0.2337662,0.7408907,0.0435223,0.5698448,0.0066519,0.0332594,0.0888889,0.059867,0.9933481,0.4060606,0.0406977,1.0,10.419330568113901
5982.0,0.4819458,0.0120361,0.1039786,0.0567925,0.884654,0.0046807,0.7941041,0.0041456,0.0663289,0.0242697,0.0087517,0.9636112,0.0862921,0.1358885,0.1818182,12.526709446562082
845.0,0.4769231,0.0,0.1337278,0.1108597,0.8792899,0.0,0.7195122,0.0030488,0.0243902,0.0492754,0.0,0.9969512,0.1942029,0.0810811,0.5,10.795506083434564
33510.0,0.4763056,0.0775589,0.186422,0.170665,0.7413011,0.0464637,0.5813714,0.0022808,0.0757063,0.1149889,0.0556945,0.9221601,0.5339888,0.0713215,0.6237624,11.940158587995837
615.0,0.4552846,0.0601626,0.0796748,0.1164179,0.9089431,0.0,0.7901235,0.0,0.0205761,0.028,0.0534979,1.0,0.256,0.0714286,0.0,10.63106031411106
1372.0,0.4803207,0.0,0.1618076,0.1009818,0.8717201,0.0,0.7266187,0.0035971,0.0377698,0.0380623,0.0,0.9910072,0.2145329,0.0701754,0.5,10.547995807489514
988.0,0.4615385,0.090081,0.167004,0.1278195,0.8582996,0.0,0.7048346,0.0101781,0.043257,0.0817757,0.0966921,1.0,0.3060748,0.0909091,1.0,10.069044362997353
263.0,0.4828897,0.0,0.2281369,0.1176471,0.9125475,0.0,0.78,0.0,0.01,0.1525424,0.0,0.99,0.2627119,0.2307692,0.5,9.615805480084347
64.0,0.546875,0.0,0.0625,0.0689655,0.8125,0.015625,0.6153846,0.0,0.0384615,0.6285714,0.0,0.9230769,0.5285714,0.0769231,1.0,11.063524143191238
14904.0,0.5062399,0.0780998,0.035628,0.0426688,0.8577563,0.0051664,0.71091,0.0026814,0.0477627,0.0980955,0.0772583,0.9854198,0.313029,0.049871,0.3944444,11.246365410473757
6547.0,0.4727356,0.0067206,0.1486177,0.1181924,0.8804032,0.0171071,0.7406926,0.0017316,0.0281385,0.1189931,0.0073593,0.3727273,0.3878719,0.1596244,0.7272727,10.694237736914808
569.0,0.4745167,0.0087873,0.086116,0.0802676,0.8927944,0.0,0.7414634,0.0,0.0292683,0.0848214,0.004878,0.995122,0.2857143,0.0746269,1.0,10.682835364853922
444.0,0.4684685,0.0,0.1801802,0.1525424,0.8581081,0.0,0.6820809,0.0057803,0.0231214,0.0280899,0.0,1.0,0.241573,0.1052632,1.0,10.354595018522993
57140.0,0.4566328,0.5352293,0.1512951,0.1360796,0.8420546,0.0341092,0.6981458,0.0030185,0.0295146,0.0999612,0.4675866,0.9965982,0.3338221,0.142392,0.453125,10.243560441877241
353.0,0.4872521,0.0113314,0.203966,0.1546961,0.8385269,0.0,0.6666667,0.0072464,0.0507246,0.028169,0.0144928,1.0,0.2605634,0.03125,0.0,10.70101727068921
915.0,0.4721311,0.0,0.2120219,0.1573499,0.8338798,0.0,0.6310433,0.0050891,0.0127226,0.1673729,0.0,0.9949109,0.4131356,0.1391304,0.5555556,9.615805480084347
1064.0,0.4765038,0.0845865,0.1889098,0.1759425,0.8552632,0.0,0.6812227,0.0,0.0174672,0.0517598,0.0720524,1.0,0.2877847,0.0566038,0.3333333,10.442929787247998
3568.0,0.4840247,0.0283072,0.1628363,0.1195003,0.8842489,0.026065,0.795949,0.0030008,0.0307577,0.043759,0.0232558,0.9969992,0.2058824,0.0650407,0.6,10.685126264117057
2331.0,0.4337194,0.4568855,0.1986272,0.2159091,0.8202488,0.043758,0.6583428,0.0,0.0124858,0.0908153,0.3666288,0.9943246,0.3570691,0.1472603,0.625,10.016860879703811
822.0,0.4671533,0.0012165,0.1946472,0.1461187,0.8333333,0.0,0.6494253,0.0057471,0.0373563,0.0491803,0.0028736,1.0,0.226776,0.0849057,0.6666667,10.038935856711177
1846.0,0.4528711,0.0,0.3039003,0.2366337,0.7941495,0.0027086,0.5928144,0.0035928,0.0335329,0.1311134,0.0,0.9988024,0.21436,0.0586207,0.6666667,10.485731104959568
4195.0,0.5146603,0.0042908,0.0686532,0.0383104,0.8800954,0.0026222,0.7593688,0.0098619,0.0591716,0.5681431,0.0039448,0.9618672,0.5019875,0.1176471,0.2571429,11.400887146781374
659.0,0.5022762,0.1198786,0.1138088,0.0914634,0.9317147,0.0,0.8240343,0.0,0.0128755,0.1003861,0.111588,0.9957082,0.2316602,0.1355932,0.25,10.774801838762809
13088.0,0.4698961,0.0352995,0.1312653,0.0915249,0.8158619,0.0601314,0.7155481,0.0027351,0.0492321,0.0417339,0.0422891,0.9936882,0.1413306,0.0333333,0.5,11.374823643830945
5017.0,0.4729918,0.0063783,0.2216464,0.1577156,0.8128364,0.0,0.6427907,0.0055814,0.0660465,0.7017617,0.0055814,0.9916279,0.4430573,0.0661578,0.8012821,11.362114203075018
4.0,0.5,0.0,0.0,0.0,1.0,0.0,1.0,0.0,0.0,0.6666667,0.0,1.0,0.0,0.0,0.0,0.0
18.0,0.5555556,0.0,0.3333333,0.0,0.9444444,0.0,0.8571429,0.0,0.0,0.6666667,0.0,1.0,0.3333333,0.5,1.0,9.615805480084347
69.0,0.5797101,0.0,0.0289855,0.0344828,0.8985507,0.0,0.8095238,0.047619,0.0952381,0.3225806,0.0,1.0,0.4193548,0.0,0.5,9.69898173460629
6604.0,0.4615385,0.0086311,0.1897335,0.1521372,0.7705936,0.0732889,0.6396887,0.0031128,0.0330739,0.0568807,0.0007782,0.9957198,0.32,0.0472009,0.5909091,10.32551474894327
8204.0,0.4562409,0.4217455,0.1905168,0.1672271,0.8295953,0.0242565,0.6694788,0.0027117,0.0238024,0.0669103,0.3787285,0.991865,0.3235873,0.0912863,0.5217391,10.540090836284206
31828.0,0.4737967,0.3331972,0.1242931,0.1041318,0.8812366,0.0129132,0.7375931,0.0047563,0.0316791,0.1032512,0.2903168,0.9776541,0.402865,0.156048,0.6875,10.354595018522993
2706.0,0.4238729,0.0036955,0.1659276,0.1372675,0.3802661,0.5136733,0.5986509,0.0,0.0590219,0.0310458,0.0,0.9966273,0.2565359,0.0225564,0.0,10.933124826700707
186.0,0.4623656,0.0,0.1989247,0.11,0.8333333,0.0,0.6941176,0.0,0.0588235,0.0957447,0.0,0.9882353,0.2234043,0.0,1.0,9.942756341456828
61607.0,0.4535848,0.1981431,0.2005292,0.1581558,0.7619751,0.0370899,0.6000666,0.002553,0.048026,0.0903981,0.1710882,0.994191,0.3847474,0.052901,0.503125,10.596659732783579
5633.0,0.4626309,0.3062311,0.1700692,0.1542782,0.8199893,0.0458015,0.6779661,0.0029056,0.0348668,0.1137339,0.2750605,0.9539952,0.3974249,0.146789,0.6666667,10.39821428171237
1259.0,0.5162828,0.0468626,0.0643368,0.0574713,0.9007149,0.0,0.7431818,0.0022727,0.025,0.0638298,0.0454545,0.9613636,0.3744681,0.1523179,0.1428571,11.023551435004947
21802.0,0.4784423,0.4307862,0.0888909,0.0823147,0.8495092,0.0140813,0.6825502,0.0039931,0.0561693,0.0742977,0.3647012,0.9378411,0.6527846,0.1505309,0.7777778,11.818209214992565
1322.0,0.4848714,0.0,0.1164902,0.0763583,0.9024206,0.0,0.7584746,0.0042373,0.0211864,0.1433757,0.0,0.7648305,0.3411978,0.1320755,0.875,10.247112717290387
2569.0,0.4966913,0.0003893,0.2133126,0.1191029,0.84819,0.0,0.6867925,0.0037736,0.0471698,0.5724082,0.0,0.9962264,0.5720048,0.0976744,0.9019608,9.809231816610408
1124.0,0.4386121,0.002669,0.3051601,0.2060222,0.7891459,0.022242,0.6127745,0.005988,0.0279441,0.1037567,0.0,0.996008,0.4275492,0.0769231,0.8,10.281958234245314
1402.0,0.4957204,0.0228245,0.0763195,0.0594059,0.9407989,0.0,0.8290398,0.0046838,0.0210773,0.0934183,0.0187354,0.5925059,0.5201699,0.2937853,0.75,9.741027444837728
19320.0,0.4967391,0.0205487,0.0715839,0.0538928,0.8287267,0.0008799,0.6725138,0.0059371,0.0913507,0.0564044,0.0172716,0.9758467,0.3824803,0.0756774,0.0238095,11.350418300109132
1333.0,0.4996249,0.0030008,0.0570143,0.0269865,0.9707427,0.0,0.9221698,0.0,0.0141509,0.0230415,0.0023585,0.9929245,0.0115207,0.3,0.0,12.281184756225146
1835.0,0.4779292,0.0021798,0.1324251,0.0793319,0.919891,0.0,0.8077572,0.0118044,0.0286678,0.1528571,0.0067454,0.1787521,0.4014286,0.172619,0.7647059,10.130662964963708
124.0,0.516129,0.5080645,0.1129032,0.1166667,0.8870968,0.0,0.7142857,0.0,0.047619,0.125,0.4761905,1.0,0.1458333,0.4285714,1.0,9.615805480084347
1098.0,0.4990893,0.0,0.071949,0.0781818,0.942623,0.0,0.8451444,0.0026247,0.007874,0.035443,0.0,0.9973753,0.1974684,0.1081081,0.6666667,10.457401400981889
1880.0,0.4723404,0.0,0.168617,0.1512097,0.85,0.0,0.680104,0.0039012,0.0338101,0.0856124,0.0,0.9960988,0.2865636,0.0857143,0.8461538,9.787009914477434
12324.0,0.4895326,0.0516878,0.1404576,0.1120649,0.7698799,0.0519312,0.6234632,0.0068764,0.06418,0.0558725,0.0495937,0.9158158,0.4605548,0.094939,0.5,10.956073354557526
1339.0,0.5003734,0.0,0.1023152,0.0956652,0.9178491,0.004481,0.7699531,0.0046948,0.0070423,0.2052239,0.0,0.4319249,0.488806,0.2234043,0.8333333,9.69898173460629
422.0,0.4597156,0.0,0.1824645,0.1535088,0.8412322,0.0,0.6724138,0.0,0.0574713,0.09375,0.0,1.0,0.1510417,0.0208333,0.0,9.957075711706057
883.0,0.4767837,0.006795,0.1313703,0.1125541,0.8742922,0.0,0.71261,0.0029326,0.0381232,0.058011,0.0058651,0.9941349,0.1464088,0.1098901,1.0,10.318935994253193
708.0,0.4816384,0.0,0.1581921,0.1580381,0.8601695,0.0,0.6838235,0.0110294,0.0367647,0.0779661,0.0,1.0,0.3152542,0.1212121,0.8333333,10.106469212026385
3821.0,0.4865219,0.0070662,0.0991887,0.0708461,0.7231091,0.1316409,0.66713,0.0013899,0.0444753,0.0692109,0.0076442,0.9937457,0.4146184,0.0285714,0.5625,10.62135173563291
26454.0,0.4666969,0.3480759,0.1071294,0.0933513,0.8224843,0.0354578,0.6677398,0.0045515,0.0619449,0.0987494,0.321714,0.8248224,0.4488244,0.1752063,0.5241935,11.304682841344873
691.0,0.4949349,0.024602,0.2793054,0.1146132,0.8610709,0.0,0.739521,0.0,0.0269461,0.7108225,0.0179641,0.988024,0.3316017,0.0,0.3793103,11.136062390867204
1184.0,0.4831081,0.0016892,0.1376689,0.1127451,0.8716216,0.0,0.7206208,0.0044346,0.0509978,0.0720165,0.0,1.0,0.2078189,0.0797101,0.4545455,11.270866642542865
1071.0,0.5014006,0.015873,0.1456583,0.0524345,0.952381,0.0,0.8762887,0.0,0.007732,0.03,0.0103093,0.9896907,0.02,0.0,0.5,12.132969552931216
87271.0,0.4806522,0.0466936,0.0943498,0.0756112,0.8454011,0.0055689,0.6921045,0.0029445,0.07088,0.0660032,0.0438636,0.7302006,0.4064245,0.0744428,0.1933962,11.521895117095363
20570.0,0.4839086,0.0950413,0.2113758,0.1246232,0.8649003,0.0172095,0.7249361,0.0043063,0.0383528,0.1023194,0.0846454,0.8394563,0.40964,0.2228282,0.1520468,11.107975224295076
185.0,0.5027027,0.0,0.0702703,0.0326087,0.9459459,0.0,0.8644068,0.0,0.0338983,0.0483871,0.0,0.8983051,0.2580645,0.3333333,1.0,11.049317340813348
54.0,0.5555556,0.0,0.1111111,0.0833333,0.8333333,0.0,0.5909091,0.0,0.0,0.2413793,0.0,1.0,0.9310345,0.0,0.0,9.615805480084347
897.0,0.4749164,0.0,0.154961,0.1125265,0.9175028,0.0,0.7770898,0.0,0.006192,0.0122324,0.0,1.0,0.1559633,0.0645161,0.0,10.841559345471941
3875.0,0.4549677,0.0028387,0.1966452,0.1245265,0.8392258,0.0077419,0.6729483,0.0066869,0.0279635,0.0610731,0.0018237,0.9957447,0.3396119,0.0468432,0.1578947,10.609081944147828
19801.0,0.4518964,0.0139892,0.1357002,0.1109371,0.5986061,0.1596384,0.5508609,0.0052091,0.1289249,0.0505564,0.0098394,0.9914629,0.3588405,0.0899654,0.5263158,10.876177521259402
110.0,0.5090909,0.0,0.2272727,0.0740741,0.8818182,0.0,0.7346939,0.0,0.0,0.1833333,0.0,1.0,0.0666667,0.0909091,0.5,11.079076314320059
829.0,0.4668275,0.0337756,0.2038601,0.1538462,0.8914355,0.0,0.7470588,0.0029412,0.0117647,0.0684932,0.0235294,1.0,0.1506849,0.0481928,0.5,10.635879484421974
789.0,0.5120406,0.0025349,0.1242079,0.1064935,0.8833967,0.0,0.7419355,0.0179211,0.0430108,0.0176056,0.0,0.9964158,0.1866197,0.0483871,1.0,10.650199196425806
3819.0,0.5223881,0.3367374,0.0,0.0,0.9455355,0.0466091,0.9751993,0.0008857,0.0008857,0.0148342,0.3410097,0.9211692,0.5680628,0.1027593,0.0,9.615805480084347
1482.0,0.4662618,0.0182186,0.1396761,0.11378,0.8852901,0.0,0.7240076,0.0037807,0.0396975,0.1227197,0.0113422,0.8960302,0.3515755,0.1798246,0.6,10.84546552414626
5833.0,0.4714555,0.0032573,0.1440082,0.1323386,0.8131322,0.0265729,0.6623037,0.0082897,0.0541012,0.0724403,0.0008726,0.9925829,0.4403076,0.061665,0.6666667,11.086762629082946
1710.0,0.4269006,0.7105263,0.2046784,0.1928571,0.828655,0.048538,0.6734349,0.0033841,0.0219966,0.0907692,0.6379019,0.998308,0.2630769,0.2,0.75,9.803722464346553
275.0,0.4690909,0.0,0.1890909,0.1575342,0.8436364,0.0,0.6638655,0.0,0.0252101,0.0846154,0.0,1.0,0.3538462,0.0769231,1.0,10.2328272702548
1274.0,0.5015699,0.0047096,0.0510204,0.0519685,0.8602826,0.0094192,0.7449664,0.0134228,0.0872483,0.0549683,0.0044743,0.9932886,0.4334038,0.0963855,0.4444444,9.787009914477434
82169.0,0.492412,0.0488505,0.0340396,0.0353649,0.8751841,0.0024827,0.7455668,0.0038421,0.0623604,0.0769884,0.0481085,0.923913,0.2903128,0.076557,0.2724196,11.307142836927456
20971.0,0.4764198,0.0268466,0.165562,0.0996357,0.8185113,0.0332841,0.7083283,0.0018131,0.0659978,0.0303563,0.0230872,0.9937145,0.2003047,0.0294856,0.3975904,11.374823643830945
810.0,0.4753086,0.0,0.2493827,0.1952941,0.8098765,0.0469136,0.6582278,0.0031646,0.0221519,0.0510511,0.0,0.9968354,0.2072072,0.0555556,1.0,10.196194479235656
3092.0,0.482859,0.0365459,0.1811125,0.1601001,0.7474127,0.1345408,0.6875,0.0009328,0.0195896,0.1333872,0.0130597,0.994403,0.4219887,0.1130653,0.9166667,10.038935856711177
410.0,0.4731707,0.5853659,0.1804878,0.1388889,0.8853659,0.0,0.7267081,0.0062112,0.0124224,0.08,0.5341615,0.9937888,0.2514286,0.1176471,1.0,10.442929787247998
1073.0,0.4408201,0.4016775,0.2451072,0.22,0.7698043,0.0848089,0.6485849,0.0,0.0165094,0.088172,0.3726415,0.9976415,0.3010753,0.0775862,0.8,10.373522431293592
1387.0,0.5061283,0.0036049,0.0576784,0.0525547,0.8918529,0.0,0.76,0.0189474,0.0442105,0.1681261,0.0021053,0.8063158,0.4395797,0.1317073,0.6666667,10.428245666832275
3423.0,0.5054046,0.0014607,0.1300029,0.0909628,0.8933684,0.0011686,0.7429022,0.0023659,0.0205047,0.0824891,0.0,0.9652997,0.3596237,0.136253,0.4210526,10.868587496017359
2326.0,0.4858126,0.0700774,0.0924334,0.0852843,0.9088564,0.0,0.7807737,0.0023447,0.024619,0.064693,0.0574443,0.9976553,0.3015351,0.1011905,0.4615385,10.76004951120163
16178.0,0.487823,0.0061194,0.107368,0.0796524,0.8344666,0.0099518,0.6802721,0.0041133,0.0673944,0.0803143,0.0055371,0.9931973,0.4158301,0.0481627,0.5846154,11.678448377988165
3622.0,0.4682496,0.1477084,0.1847046,0.1194185,0.8459415,0.033407,0.7413043,0.0086957,0.0405797,0.114249,0.1318841,0.9833333,0.3414634,0.1009174,0.4615385,10.723289410218579
1807.0,0.481461,0.0121749,0.1804095,0.153682,0.8693968,0.0,0.7098516,0.0013495,0.025641,0.0974421,0.0188934,0.9973009,0.3325213,0.0512821,0.6153846,10.169728906753061
449.0,0.4521158,0.0,0.142539,0.0609756,0.9287305,0.0,0.80625,0.0,0.00625,0.0419162,0.0,1.0,0.1497006,0.1621622,0.0,10.318935994253193
1945.0,0.466838,0.2724936,0.0832905,0.0732883,0.6642674,0.2570694,0.7607004,0.0058366,0.040856,0.0516605,0.2898833,0.9980545,0.1365314,0.190184,0.375,10.716659698193956
500.0,0.486,0.0,0.098,0.0817121,0.914,0.0,0.8116883,0.012987,0.0584416,0.0493827,0.0,0.9805195,0.1234568,0.0540541,1.0,10.616461869895815
33.0,0.4242424,0.0,0.1212121,0.1578947,0.7575758,0.0,0.5294118,0.0,0.0,0.15,0.0,1.0,0.25,0.0,0.0,9.841665338892785
2382.0,0.4508816,0.0004198,0.1973132,0.1743119,0.7699412,0.0638119,0.6362661,0.0042918,0.0429185,0.0763132,0.0,0.9881974,0.3310208,0.0564972,0.4545455,10.474495347310453
4363.0,0.4728398,0.0013752,0.2239285,0.1604348,0.8136603,0.0474444,0.6835871,0.001692,0.0203046,0.0462614,0.0,0.9892837,0.2458311,0.0538793,0.7647059,10.465984899076615
6138.0,0.457478,0.4553601,0.173998,0.1642643,0.8432714,0.0412186,0.7074176,0.0027473,0.0215201,0.1343639,0.4134615,0.9885531,0.3115339,0.1591738,0.6875,9.792611856190192
667.0,0.4917541,0.0029985,0.0704648,0.0648968,0.9265367,0.0,0.8114035,0.004386,0.0219298,0.0578512,0.0087719,0.9780702,0.1652893,0.1447368,0.25,10.482933978579906
349.0,0.4412607,0.0,0.2005731,0.1846154,0.8710602,0.0,0.6811594,0.0,0.0072464,0.1096774,0.0,0.9927536,0.283871,0.1777778,1.0,10.84546552414626
299.0,0.5217391,0.0,0.2341137,0.0699301,0.8862876,0.0,0.7874016,0.007874,0.0393701,0.754352,0.0,1.0,0.3404255,0.3333333,0.6666667,10.778977123006351
538.0,0.4665428,0.2230483,0.1747212,0.1254355,0.8550186,0.0223048,0.7121951,0.004878,0.0243902,0.1992188,0.204878,0.995122,0.3632812,0.1481481,0.0,10.344995251991222
2253.0,0.4540613,0.1216156,0.2041722,0.1528455,0.8655126,0.0,0.6922269,0.0010504,0.0105042,0.0675808,0.105042,1.0,0.3290891,0.0503145,0.25,10.250652418696085
309.0,0.4724919,0.0,0.1359223,0.0858896,0.9190939,0.0,0.789916,0.0,0.0,0.0916031,0.0,1.0,0.1221374,0.3333333,1.0,10.247112717290387
5750.0,0.4613913,0.0203478,0.172,0.1427188,0.8603478,0.0267826,0.7245725,0.0022502,0.0139514,0.0982143,0.0148515,0.9918992,0.2613636,0.1276596,0.8,10.27163147557801
2491.0,0.4600562,0.0004014,0.2529105,0.2118959,0.7711762,0.0545965,0.6303502,0.0038911,0.0398833,0.0481481,0.0,0.9990272,0.3101852,0.0464481,0.5,10.33854382482173
233.0,0.4892704,0.0,0.2060086,0.1764706,0.8626609,0.0,0.6736842,0.0,0.0105263,0.1284404,0.0,1.0,0.1651376,0.0769231,0.0,9.615805480084347
840.0,0.477381,0.0047619,0.1369048,0.1116173,0.8952381,0.0,0.7257525,0.0,0.0200669,0.0323625,0.0,0.9899666,0.197411,0.0888889,0.0,10.968215530759236
18341.0,0.4844883,0.0111226,0.0956873,0.082496,0.9017502,0.0080694,0.7843558,0.0016871,0.0325153,0.0393399,0.0104294,0.9837423,0.1747458,0.0362538,0.1327434,11.753523791492476
31656.0,0.4563748,0.3589209,0.171026,0.1421349,0.8283422,0.0250821,0.6736673,0.0048096,0.0353507,0.1284147,0.3097395,0.9915832,0.3553413,0.0991469,0.6040956,10.322230781590136
7169.0,0.4430186,0.4985354,0.1756172,0.1615327,0.8634398,0.0235737,0.7117117,0.0011261,0.0127628,0.0583245,0.4215465,0.9962462,0.2559208,0.1513437,0.7586207,10.348205424565993
388.0,0.5,0.0592784,0.1881443,0.1443299,0.8917526,0.0,0.7354839,0.0,0.0064516,0.0935673,0.0451613,1.0,0.2397661,0.1071429,0.75,10.146472946063877
167.0,0.4371257,0.0,0.1257485,0.0851064,0.9161677,0.0,0.7857143,0.0178571,0.0178571,0.0666667,0.0,1.0,0.2166667,0.2307692,1.0,9.615805480084347
5510.0,0.4887477,0.0392015,0.0330309,0.0369187,0.9364791,0.0,0.8440954,0.0046539,0.0378127,0.0188356,0.0413031,0.9639325,0.1695205,0.0618102,0.0,11.358619773129229
8700.0,0.4951724,0.0537931,0.0854023,0.0708106,0.8616092,0.0098851,0.7422292,0.011303,0.066876,0.0673499,0.0489796,0.95573,0.4105417,0.1192385,0.4883721,10.902297921958713
53331.0,0.4774896,0.5454614,0.0594213,0.0560181,0.9377285,0.0086066,0.8545108,0.0044191,0.0324291,0.0451801,0.5226732,0.6372289,0.4572541,0.3021137,0.3584906,10.859018228147887
387.0,0.5297158,0.005168,0.1343669,0.0879121,0.8914729,0.0,0.7278912,0.0,0.0136054,0.1694915,0.0068027,0.9387755,0.3276836,0.1111111,0.8571429,9.918425424900335
148.0,0.5810811,0.0,0.0,0.016129,0.8581081,0.0135135,0.7037037,0.0,0.037037,0.260274,0.0,0.9814815,0.2876712,0.1428571,1.0,10.795506083434564
454.0,0.5,0.0,0.1651982,0.0704846,0.9295154,0.0022026,0.8148148,0.0,0.0061728,0.0357143,0.0,0.9938272,0.202381,0.1111111,0.0,10.709985739582528
1583.0,0.4680985,0.0037903,0.1370815,0.1104513,0.8875553,0.0,0.7271157,0.0051813,0.0207254,0.0476974,0.0017271,0.9464594,0.2598684,0.0885417,0.0,10.471666571132038
651.0,0.4930876,0.0,0.1781874,0.1666667,0.8509985,0.0,0.6703297,0.007326,0.014652,0.1442006,0.0,1.0,0.1786834,0.137931,0.8571429,9.615805480084347
548.0,0.4726277,0.0,0.1021898,0.0657439,0.9215328,0.0,0.8191489,0.0106383,0.0265957,0.0646766,0.0,1.0,0.2487562,0.1851852,0.0,10.034559673629849
4756.0,0.4766611,0.2415896,0.1349874,0.1378063,0.8576535,0.0140875,0.7123728,0.0037493,0.0299946,0.0748266,0.2126406,0.9908945,0.3587711,0.0846262,0.4285714,10.725489582719506
8858.0,0.4749379,0.0904267,0.1711447,0.1234143,0.8641906,0.0141115,0.7388479,0.005613,0.0434269,0.1241915,0.0788774,0.9790251,0.385511,0.1112957,0.2941176,10.537441898283253
206.0,0.4757282,0.0,0.2038835,0.1388889,0.8495146,0.0,0.6385542,0.0,0.0120482,0.0674157,0.0,1.0,0.1573034,0.2631579,0.0,9.615805480084347
30030.0,0.4878788,0.2795871,0.0778222,0.0669744,0.9045288,0.008658,0.7813839,0.0048201,0.0417738,0.0836278,0.2701371,0.5179949,0.4842952,0.1627244,0.5197368,10.9525769086256
126.0,0.452381,0.0,0.2142857,0.1594203,0.8730159,0.0,0.7090909,0.0,0.0,0.2567568,0.0,0.9818182,0.4189189,0.0625,1.0,10.207325906555994
657.0,0.5129376,0.0502283,0.0700152,0.0375,0.9604262,0.0,0.9052133,0.0047393,0.0189573,0.0140187,0.0473934,0.9952607,0.0093458,0.0,0.3333333,11.795853756086931
1801.0,0.47196,0.0016657,0.139367,0.1041009,0.8689617,0.0011105,0.7048276,0.0,0.0275862,0.0559896,0.0013793,1.0,0.3671875,0.0653061,0.2857143,10.221977646629885
23186.0,0.4661865,0.0065988,0.1751057,0.0890361,0.8615113,0.0,0.7125539,0.0009246,0.0350318,0.0296082,0.0052394,0.9885967,0.1089622,0.0447671,0.4409449,11.141876276228
21923.0,0.4573735,0.0771792,0.1855585,0.1499664,0.8163573,0.0233089,0.6594123,0.0043084,0.0361246,0.0739642,0.0707026,0.9966858,0.2814322,0.0759528,0.5299145,10.465984899076615
389.0,0.4884319,0.4652956,0.18509,0.1306533,0.8817481,0.0,0.7142857,0.0,0.0272109,0.1453488,0.3741497,0.9795918,0.1976744,0.173913,0.0,10.021315031649332
135.0,0.4962963,0.0,0.3703704,0.1911765,0.8148148,0.0,0.6323529,0.0,0.0,0.3267327,0.0,1.0,0.3762376,0.0,0.875,9.615805480084347
3280.0,0.4698171,0.1789634,0.1695122,0.1541116,0.8966463,0.0036585,0.7502015,0.0016116,0.0112812,0.0669173,0.1571313,0.9983884,0.3112782,0.1143552,1.0,10.275085591132715
1159.0,0.4547023,0.0043141,0.1665229,0.1376582,0.8930112,0.0,0.7505568,0.0022272,0.0222717,0.0761317,0.0044543,0.9955457,0.3888889,0.1268657,0.0,10.090008612393838
821.0,0.4823386,0.0,0.2021924,0.1082353,0.816078,0.0,0.6507042,0.0056338,0.0422535,0.0826873,0.0,1.0,0.2790698,0.043956,0.7142857,10.295563423525277
41.0,0.4390244,0.0,0.195122,0.0869565,0.8536585,0.0,0.7058824,0.0,0.0588235,0.2608696,0.0,1.0,0.173913,0.0,0.0,9.615805480084347
8894.0,0.4531145,0.0093321,0.2257702,0.1527549,0.8525973,0.0,0.6716698,0.0032163,0.0190298,0.0670168,0.0080407,0.9981238,0.2975744,0.076198,0.6666667,10.264687244346277
3624.0,0.4870309,0.0226269,0.084713,0.0806885,0.8711369,0.0041391,0.7304542,0.0059568,0.0491437,0.1210733,0.022338,0.9903202,0.3082461,0.0412844,0.4545455,11.026808713825016
2289.0,0.4469201,0.5487112,0.156837,0.1595577,0.8719965,0.0056793,0.6942149,0.0011806,0.0236128,0.0722892,0.4923259,0.9952774,0.2968237,0.1348684,0.375,10.34177474101152
4737.0,0.4781507,0.0002111,0.2212371,0.1642395,0.7981845,0.0227992,0.6271105,0.0014472,0.0289436,0.1178723,0.0004824,0.8822962,0.3791489,0.0619835,0.45,10.611547975828369
1113.0,0.4797844,0.0044924,0.1689128,0.119171,0.8975741,0.0,0.7418605,0.0023256,0.0069767,0.0966387,0.0023256,1.0,0.2794118,0.1318681,0.6,10.138599199626192
1478.0,0.5027064,0.0027064,0.067659,0.0326531,0.8044655,0.0,0.6548822,0.0084175,0.1043771,0.0419355,0.0016835,0.962963,0.3370968,0.0328947,0.6666667,12.322970845390355
464.0,0.4418103,0.0,0.2456897,0.1737452,0.8017241,0.0344828,0.6197917,0.0,0.015625,0.1232877,0.0,1.0,0.347032,0.0655738,0.6,9.615805480084347
293.0,0.4812287,0.0,0.1706485,0.1842105,0.887372,0.0,0.7142857,0.0089286,0.0089286,0.1181102,0.0,1.0,0.2992126,0.037037,0.0,10.150386692204734
369.0,0.4552846,0.0,0.0677507,0.0646766,0.9349593,0.0,0.8037383,0.0093458,0.0186916,0.1574803,0.0,0.6635514,0.4015748,0.4782609,0.6666667,9.841665338892785
787.0,0.4675985,0.0012706,0.2986023,0.1789976,0.8208386,0.0,0.6270718,0.0,0.0165746,0.0645995,0.0,1.0,0.2015504,0.1012658,1.0,9.90353755128617
871.0,0.4833525,0.0011481,0.1791045,0.1488889,0.8633754,0.0,0.6985507,0.0115942,0.0318841,0.0700809,0.0,0.9942029,0.2425876,0.09375,1.0,10.694237736914808
9728.0,0.4839638,0.000514,0.1974712,0.1280876,0.911801,0.0,0.7899085,0.0002951,0.0303924,0.0236243,0.0005901,0.9687223,0.156151,0.0769231,0.53125,12.115058723579269
579.0,0.4853195,0.1001727,0.2227979,0.1812081,0.865285,0.0,0.7072072,0.0,0.0135135,0.1428571,0.0810811,0.9054054,0.3127413,0.1636364,0.8333333,9.69898173460629
249.0,0.4779116,0.0,0.1726908,0.1615385,0.8955823,0.0,0.76,0.0,0.02,0.1452991,0.0,1.0,0.2222222,0.1578947,0.0,10.090008612393838
46080.0,0.4913845,0.008572,0.1093533,0.0744549,0.8346137,0.0216146,0.6822441,0.0040156,0.0527847,0.0844523,0.0101263,0.9636268,0.3788363,0.0758921,0.4902597,10.563620718477313
1260.0,0.5039683,0.002381,0.1047619,0.0688,0.9150794,0.0071429,0.814059,0.0022676,0.0249433,0.0392157,0.0,0.9637188,0.2331155,0.1165049,0.3333333,10.332050506334692
14272.0,0.4751962,0.0050448,0.1411155,0.0830441,0.8939182,0.0011211,0.7622545,0.0012851,0.0310263,0.0178507,0.0044061,0.9932073,0.1283808,0.032147,0.3636364,11.437134538982278
2161.0,0.45118,0.0286904,0.1684405,0.1096121,0.7834336,0.0,0.5696594,0.003096,0.0464396,0.0780209,0.0247678,0.8937049,0.3177926,0.0236686,0.5,11.917730355182513
217.0,0.5069124,0.0,0.2949309,0.1775701,0.8525346,0.0,0.6436782,0.0,0.0114943,0.09375,0.0,1.0,0.1979167,0.1111111,0.0,10.012386799492118
38126.0,0.4040287,0.0016524,0.8456959,0.3401109,0.7148665,0.0177045,0.5751244,0.0,0.0157906,0.1549373,0.0014709,0.9961497,0.3034402,0.0011554,0.5572687,10.995427631436174
5891.0,0.5561025,0.1473434,0.0015278,0.0011472,0.8387371,0.1587167,0.9890909,0.0,0.0,0.0248227,0.1527273,0.9010909,0.1404255,0.1864905,0.0,10.768506042432708
1344.0,0.4724702,0.2284226,0.1547619,0.1396333,0.8787202,0.0,0.7333333,0.0,0.0252252,0.0765391,0.1945946,1.0,0.3294509,0.0706522,0.8333333,10.196194479235656
13055.0,0.489008,0.0167752,0.1357334,0.1023835,0.9018001,0.0,0.7755706,0.0014793,0.034869,0.0382114,0.012891,0.9763314,0.220935,0.0482257,0.3611111,11.82115253615114
541.0,0.5083179,0.0018484,0.1571165,0.1240602,0.8687616,0.0,0.7209302,0.0046512,0.0465116,0.0611354,0.0,1.0,0.1921397,0.0606061,0.3333333,10.480129006333248
751.0,0.4793609,0.0013316,0.0892144,0.0792839,0.9147803,0.0,0.8037037,0.0,0.037037,0.0559441,0.0,1.0,0.2412587,0.046875,0.5,10.635879484421974
235.0,0.506383,0.0,0.1148936,0.0517241,0.8765957,0.0,0.7777778,0.0111111,0.0777778,0.0217391,0.0,1.0,0.2065217,0.0833333,0.0,10.628641991731053
757.0,0.4782034,0.0,0.1558785,0.0962025,0.9088507,0.0,0.7762238,0.0,0.0174825,0.0337838,0.0,1.0,0.1689189,0.1276596,0.3333333,10.146472946063877
3190.0,0.4567398,0.0015674,0.2304075,0.1967686,0.8222571,0.0454545,0.6833882,0.0024671,0.0180921,0.1162791,0.0016447,0.9120066,0.3873547,0.1442308,0.6875,9.942756341456828
363.0,0.4517906,0.0,0.1818182,0.1809045,0.8374656,0.0,0.6387097,0.0,0.0193548,0.1388889,0.0,1.0,0.3388889,0.1090909,0.0,9.615805480084347
1378.0,0.45791,0.0,0.2285922,0.2208835,0.8011611,0.0428157,0.6488812,0.0034423,0.0154905,0.0763116,0.0,0.9965577,0.391097,0.0988372,0.7,9.615805480084347
1653.0,0.4942529,0.0199637,0.0490018,0.0562201,0.9467635,0.0054446,0.8680412,0.0041237,0.0185567,0.1308244,0.0164948,0.8783505,0.1953405,0.317757,1.0,10.254179634797001
1653.0,0.4579552,0.1312765,0.1506352,0.1395089,0.7041742,0.1681791,0.6605351,0.0016722,0.0133779,0.0728682,0.1003344,1.0,0.3069767,0.0806452,0.5555556,10.685126264117057
1317.0,0.4677297,0.0022779,0.1829916,0.1669044,0.8063781,0.0485953,0.6791339,0.0059055,0.0492126,0.0504673,0.0019685,0.984252,0.3439252,0.0540541,0.125,10.21833478806055
1110.0,0.4927928,0.0,0.2018018,0.1403197,0.8603604,0.0,0.715812,0.0042735,0.0405983,0.0677291,0.0,0.9957265,0.2171315,0.0087719,0.0,11.369066641827967
3324.0,0.5033093,0.0084236,0.0598676,0.0260448,0.9347172,0.0,0.8389445,0.0045496,0.0272975,0.1072299,0.0072793,0.8808007,0.2380179,0.1134021,0.46,11.141876276228
1009.0,0.4747275,0.0009911,0.1793855,0.1245283,0.8800793,0.0287413,0.7630854,0.0,0.0055096,0.0371353,0.0027548,0.9889807,0.1087533,0.1454545,0.1428571,10.571342565808699
3818.0,0.5041907,0.0007858,0.0552645,0.0264131,0.9546883,0.0172865,0.8986333,0.0045558,0.0136674,0.0266075,0.001139,0.9943052,0.1341463,0.2612613,0.375,11.091346218718432
3617.0,0.4758087,0.4315731,0.1531656,0.1518987,0.8222284,0.0735416,0.7314598,0.0023419,0.0202966,0.0390098,0.381733,0.9960968,0.2528132,0.1034483,0.1363636,10.650199196425806
40663.0,0.4822074,0.1566043,0.096771,0.0768938,0.8937855,0.0,0.7695033,0.0050017,0.0537687,0.0556321,0.1373394,0.8517541,0.3258545,0.1125352,0.4015444,11.130214506480655
915.0,0.4721311,0.0021858,0.2590164,0.1759834,0.8153005,0.0295082,0.6553525,0.0052219,0.0208877,0.0924171,0.0,1.0,0.2654028,0.0,0.5555556,9.661479683575521
308.0,0.4642857,0.1363636,0.2142857,0.1393939,0.762987,0.0,0.5821918,0.0136986,0.0479452,0.1411765,0.1232877,1.0,0.1352941,0.0285714,1.0,11.196857635323791
2975.0,0.5008403,0.0121008,0.147563,0.1232323,0.8278992,0.0094118,0.6569525,0.0074938,0.0466278,0.0639127,0.011657,0.9841799,0.3920499,0.0378251,0.7777778,11.549267037372665
4736.0,0.4748733,0.4552365,0.105152,0.0932851,0.8779561,0.0282939,0.7618742,0.0051348,0.0333761,0.1040828,0.4191271,0.9858793,0.413456,0.1607774,0.6315789,10.36410350510914
1387.0,0.4549387,0.704398,0.1506849,0.1679894,0.9005047,0.0,0.7348643,0.0,0.0229645,0.0699029,0.6200418,0.9979123,0.3398058,0.144,0.25,10.247112717290387
1910.0,0.4832461,0.108377,0.1115183,0.0861196,0.9068063,0.0,0.7810734,0.0,0.029661,0.0696452,0.1016949,0.9985876,0.261498,0.0808824,0.875,10.477316144080852
12422.0,0.4157141,0.001127,0.861697,0.3423808,0.7192884,0.0123974,0.5781847,0.0,0.0172573,0.2027098,0.0006587,0.995521,0.8024367,0.0,0.4251497,10.468829770273567
9891.0,0.4893337,0.0006066,0.0936205,0.0827559,0.9360024,0.0186028,0.8483835,0.0014864,0.0115199,0.0902637,0.0,0.047566,0.5091278,0.2914439,0.6470588,9.661479683575521
613.0,0.4584013,0.0,0.2920065,0.1716867,0.8026101,0.0,0.6077739,0.0035336,0.0282686,0.0841424,0.0,1.0,0.2944984,0.012987,0.8,9.615805480084347
14729.0,0.4729445,0.0026478,0.1260778,0.1025377,0.9050852,0.0145971,0.7798715,0.0034261,0.0214133,0.1101372,0.0034261,0.3920771,0.4056784,0.2202563,0.625,10.102379394048045
1470.0,0.4870748,0.0047619,0.1489796,0.0835544,0.9442177,0.0,0.8649635,0.0018248,0.0127737,0.0352113,0.0036496,0.9981752,0.1214789,0.0540541,1.0,10.736418414365376
325.0,0.5323077,0.3969231,0.1353846,0.1381579,0.8892308,0.0,0.7207207,0.009009,0.036036,0.1190476,0.3693694,1.0,0.3015873,0.15,1.0,9.615805480084347
120.0,0.5083333,0.0,0.1583333,0.0677966,0.95,0.0,0.8837209,0.0,0.0232558,0.0444444,0.0,1.0,0.2222222,0.0,0.0,10.169728906753061
3352.0,0.49821,0.074284,0.0265513,0.0255648,0.9495823,0.0,0.883105,0.003653,0.0255708,0.0369393,0.0739726,0.9881279,0.1055409,0.2758621,0.3157895,11.046132675457146
1201.0,0.4754371,0.0,0.1032473,0.0825397,0.9134055,0.0,0.7867299,0.007109,0.0236967,0.016317,0.0,0.9905213,0.2261072,0.1157025,0.0,10.499600568082863
105.0,0.552381,0.0,0.0857143,0.0425532,0.8571429,0.0,0.6153846,0.0,0.0,0.1521739,0.0,1.0,0.7391304,0.0909091,0.0,9.933094897288786
30462.0,0.4793513,0.3430175,0.1278314,0.0923707,0.8846103,0.0,0.7353238,0.0039504,0.0441893,0.0404619,0.3193385,0.9885163,0.1776269,0.1174203,0.1625,10.606609816118151
659.0,0.477997,0.1775417,0.1790592,0.1453488,0.8133536,0.0121396,0.6554307,0.011236,0.0561798,0.1359223,0.1610487,0.9775281,0.3430421,0.0849057,0.8,10.652566005416872
4283.0,0.466262,0.000467,0.1356526,0.1220472,0.8494046,0.0371235,0.7291667,0.0067204,0.0409946,0.0485934,0.0,0.9879032,0.2736573,0.0792453,0.4444444,10.318935994253193
559.0,0.4651163,0.0,0.3434705,0.2173913,0.7960644,0.0322004,0.6307054,0.0041494,0.0207469,0.1912752,0.0,1.0,0.3322148,0.0169492,1.0,9.615805480084347
21841.0,0.4656838,0.126551,0.1362575,0.1186804,0.8171329,0.0272423,0.6660949,0.0043453,0.0440252,0.0672,0.1098914,0.995769,0.37568,0.0663377,0.3907285,10.510559281627845
249.0,0.4779116,0.0,0.1445783,0.1153846,0.9116466,0.0,0.8105263,0.0105263,0.0105263,0.0952381,0.0,1.0,0.5619048,0.0,0.6666667,9.933094897288786
305.0,0.4459016,0.0,0.3344262,0.2721893,0.7803279,0.0,0.557047,0.0,0.0067114,0.1130952,0.0,1.0,0.3511905,0.0645161,1.0,9.735128070758227
5184.0,0.456983,0.0133102,0.1921296,0.1584369,0.8537809,0.0040509,0.6846551,0.0028156,0.0229939,0.0690258,0.0112623,0.9971844,0.2324159,0.056962,0.6785714,10.404293143019792
7222.0,0.461645,0.0016616,0.2200222,0.1684671,0.8533647,0.0281086,0.7152034,0.0010707,0.0185582,0.0430328,0.0017844,0.9971449,0.2008197,0.0450928,0.5217391,10.889323003601277
2586.0,0.4702243,0.0015468,0.1392111,0.0890511,0.8058778,0.0023202,0.6533937,0.00181,0.0823529,0.0547476,0.00181,0.999095,0.4071856,0.0134409,0.1111111,11.404237196256764
3225.0,0.4862016,0.0046512,0.095814,0.0609535,0.9227907,0.0,0.8150134,0.002681,0.0303843,0.0158311,0.0044683,0.9937444,0.1521548,0.0422535,0.6666667,11.48247656671073
4477.0,0.4540987,0.0082645,0.2561983,0.1657119,0.8331472,0.0118383,0.661157,0.0005165,0.0149793,0.0944808,0.0072314,1.0,0.3414406,0.0680272,0.7727273,10.422311107413181
3988.0,0.4957372,0.1569709,0.059679,0.0497265,0.9435807,0.0012538,0.8629787,0.0042553,0.0382979,0.0232751,0.1412766,0.867234,0.1180382,0.3554817,0.1428571,11.560772327227417
9578.0,0.4774483,0.031113,0.1502401,0.0977023,0.7699937,0.0036542,0.5921335,0.0033373,0.0765197,0.1013282,0.0250298,0.9618594,0.365467,0.0439815,0.5,12.111767460549332
265.0,0.4377358,0.0037736,0.1433962,0.0939597,0.8867925,0.0,0.7319588,0.0,0.0412371,0.1565217,0.0103093,0.8865979,0.3478261,0.1956522,1.0,10.250652418696085
3329.0,0.4839291,0.0057074,0.1865425,0.1268917,0.8885551,0.0,0.7435496,0.0031274,0.0289289,0.0273764,0.0039093,0.9968726,0.1536122,0.0382775,0.375,11.252871529635922
1477.0,0.4312796,0.0236967,0.2430603,0.2583333,0.7691266,0.0866622,0.6628099,0.0016529,0.0115702,0.0956652,0.0214876,0.9983471,0.3766816,0.061674,0.8888889,10.106469212026385
9421.0,0.4879524,0.0066872,0.1248275,0.0930763,0.582953,0.2727948,0.6429346,0.0028912,0.0690278,0.0355525,0.0021684,0.996386,0.3109097,0.0669594,0.4761905,10.817796321618971
666.0,0.4774775,0.4309309,0.0705706,0.0804598,0.9354354,0.0,0.8039216,0.004902,0.0098039,0.1464435,0.5147059,0.6519608,0.4058577,0.3529412,0.6666667,9.898525260706313
124.0,0.5,0.0,0.1854839,0.0806452,0.8790323,0.0,0.6875,0.0,0.0,0.0943396,0.0,1.0,0.1509434,0.0,0.0,9.615805480084347
681.0,0.4478708,0.7107195,0.1512482,0.1303191,0.9016153,0.0,0.7241379,0.0,0.012931,0.1178707,0.6077586,1.0,0.269962,0.2222222,1.0,9.952325334619427
3022.0,0.4900728,0.0671741,0.0969557,0.0791694,0.7299801,0.0,0.5080589,0.0056062,0.0665732,0.1659848,0.0700771,0.4533987,0.7931034,0.0521008,1.0,10.7706090484022
432.0,0.4814815,0.0115741,0.1944444,0.1383929,0.8796296,0.0,0.7017544,0.0,0.005848,0.0806452,0.0,1.0,0.155914,0.1875,0.75,9.873079890114703
470.0,0.4702128,0.0,0.1638298,0.0963855,0.9191489,0.0,0.7735849,0.0,0.0125786,0.2281553,0.0,0.9119497,0.3300971,0.3235294,1.0,10.39516093745751
195.0,0.5538462,0.1025641,0.2102564,0.1264368,0.7384615,0.1333333,0.6857143,0.0,0.0428571,0.0789474,0.1,1.0,0.2894737,0.3157895,0.0,10.207325906555994
7613.0,0.4657822,0.0026271,0.1993958,0.1386772,0.8109812,0.0250887,0.6596667,0.0046667,0.0586667,0.0415335,0.0013333,0.9223333,0.3795527,0.0806578,0.7,12.19147156669466
161.0,0.515528,0.0,0.1055901,0.0512821,0.9192547,0.0,0.7777778,0.0,0.0185185,0.1290323,0.0,1.0,0.3709677,0.0,1.0,9.615805480084347
884.0,0.4864253,0.1131222,0.1300905,0.1035242,0.9061086,0.0,0.7699115,0.0029499,0.0088496,0.0762943,0.1150442,0.9970501,0.2615804,0.0447761,1.0,10.32551474894327
660.0,0.4727273,0.0,0.2136364,0.1724138,0.8454545,0.0,0.6535714,0.0,0.0178571,0.0909091,0.0,1.0,0.2597403,0.0689655,0.75,9.841665338892785
610.0,0.495082,0.0,0.1213115,0.0487013,0.9508197,0.0,0.8676471,0.0,0.0147059,0.0144928,0.0,1.0,0.0772947,0.0666667,0.0,10.628641991731053
58165.0,0.4636293,0.3190407,0.1636551,0.1272517,0.809198,0.0124302,0.6425802,0.002877,0.0599174,0.0903816,0.2790727,0.9838636,0.3163544,0.0803505,0.5786408,10.65492722584759
889.0,0.4971879,0.0011249,0.1226097,0.1163311,0.8672666,0.0,0.7227414,0.0062305,0.0747664,0.0906516,0.0,0.9937695,0.1784703,0.0631579,0.8333333,10.351405324899678
258.0,0.503876,0.0,0.0310078,0.0234375,0.8372093,0.0,0.6336634,0.009901,0.039604,0.5366972,0.0,1.0,0.7522936,0.2,1.0,10.53212287826962
2751.0,0.5085423,0.002908,0.0381679,0.0517751,0.8854962,0.0181752,0.75,0.0078534,0.0732984,0.1613611,0.0052356,0.9921466,0.712404,0.2302483,0.8333333,11.028433383156079
741.0,0.4871795,0.0,0.2361673,0.1447368,0.8609987,0.0,0.6791809,0.003413,0.0170648,0.0757098,0.0,0.9897611,0.1861199,0.1578947,0.6,10.106469212026385
215.0,0.4744186,0.1162791,0.227907,0.2477876,0.8325581,0.0,0.6304348,0.0,0.0217391,0.1785714,0.076087,1.0,0.2589286,0.1904762,1.0,9.76428295481558
1573.0,0.4869676,0.0470439,0.2142403,0.0731103,0.8512397,0.0,0.7091454,0.0029985,0.0524738,0.1082888,0.0449775,0.988006,0.3850267,0.0413223,0.1,11.424105180165641
448.0,0.4866071,0.0022321,0.2366071,0.126087,0.8459821,0.0,0.6632124,0.0,0.0207254,0.1822034,0.0,1.0,0.5,0.1111111,0.5714286,10.177362240256695
272.0,0.5661765,0.0,0.0955882,0.0338983,0.8272059,0.0,0.6380952,0.0,0.0761905,0.4101124,0.0,0.9904762,0.6910112,0.0833333,1.0,10.102379394048045
507.0,0.4477318,0.0,0.2623274,0.1714286,0.8205128,0.0,0.6063348,0.0,0.0180995,0.0829876,0.0,0.9954751,0.3319502,0.0862069,1.0,9.615805480084347
3444.0,0.5049361,0.0011614,0.1698606,0.0727273,0.9277003,0.0,0.8003549,0.0008873,0.0168589,0.2035336,0.0008873,0.9405501,0.4600707,0.1736842,0.3529412,10.992066340225865
308.0,0.487013,0.0032468,0.1980519,0.1392405,0.8668831,0.0,0.6910569,0.0,0.0243902,0.0888889,0.0,1.0,0.2592593,0.0454545,0.6666667,9.615805480084347
371.0,0.4770889,0.0,0.0215633,0.0360825,0.9433962,0.0,0.825,0.0125,0.05,0.2982456,0.0,0.9875,0.7280702,0.4230769,1.0,10.060534035475412
3113.0,0.4824928,0.0016062,0.0809509,0.0620732,0.8702217,0.0,0.7215859,0.0070485,0.0634361,0.102057,0.0008811,0.9964758,0.3868671,0.0550162,0.6190476,10.889323003601277
465.0,0.4860215,0.0,0.1247312,0.1129707,0.9139785,0.0,0.76,0.0,0.0266667,0.2063492,0.0,0.8733333,0.4761905,0.1428571,0.0,10.407318772389159
175.0,0.4457143,0.0,0.2514286,0.2164948,0.8171429,0.1028571,0.7931034,0.0,0.0172414,0.09375,0.0,1.0,0.171875,0.1666667,0.0,10.401258331428318
266.0,0.4661654,0.018797,0.3345865,0.2323944,0.8383459,0.0,0.6721311,0.0,0.0163934,0.2026144,0.0081967,0.9508197,0.4313725,0.0555556,1.0,10.150386692204734
313.0,0.4792332,0.0,0.115016,0.1349693,0.8977636,0.0,0.7622951,0.0081967,0.0163934,0.0615385,0.0,1.0,0.2,0.1111111,1.0,9.809231816610408
701.0,0.5221113,0.0,0.1312411,0.1044776,0.9186876,0.0,0.7937743,0.0,0.0155642,0.3393316,0.0,1.0,0.1670951,0.0,1.0,10.847412906506923
3402.0,0.4803057,0.0499706,0.1049383,0.0627828,0.9124045,0.0,0.8050571,0.002447,0.0318108,0.0399374,0.04323,0.9861338,0.2145654,0.0780669,0.7142857,10.915106645867503
24638.0,0.5056011,0.0067376,0.0542252,0.0396519,0.8943096,0.0,0.7661429,0.0049318,0.051038,0.0416575,0.0075697,0.954926,0.2240053,0.0807642,0.373494,11.229248693912288
2399.0,0.4997916,0.0033347,0.057524,0.045,0.9453939,0.0254273,0.9150142,0.0028329,0.0127479,0.0433604,0.0056657,0.9929178,0.1124661,0.1711712,0.6666667,11.02518140064756
1646.0,0.4902795,0.0710814,0.1208991,0.0870083,0.8900365,0.0,0.7398754,0.0015576,0.0202492,0.0668605,0.0732087,0.9984424,0.2383721,0.1445087,0.4,10.751520856703959
38975.0,0.5017575,0.0032585,0.0310199,0.0268294,0.9158435,0.0004105,0.817076,0.0060819,0.0547368,0.0266393,0.0024172,0.9933723,0.1919399,0.088748,0.3475177,11.127277689932466
913.0,0.5104053,0.0010953,0.1237678,0.0939597,0.8619934,0.0,0.7022472,0.005618,0.0421348,0.0192837,0.0,0.9691011,0.3333333,0.0175439,0.6666667,10.49684202174171
324.0,0.4722222,0.0,0.2098765,0.1578947,0.8858025,0.0,0.7328244,0.0,0.0152672,0.0839161,0.0,1.0,0.2307692,0.037037,0.5,9.99884318585288
707.0,0.4695898,0.0,0.2489392,0.1786667,0.8330976,0.0,0.6348684,0.0,0.0230263,0.1032448,0.0,0.9967105,0.2507375,0.0985915,0.5714286,9.615805480084347
3954.0,0.4810319,0.002782,0.1416287,0.0628655,0.9481538,0.0,0.8749101,0.0014378,0.0179727,0.0472603,0.0028756,0.9813084,0.0356164,0.2222222,0.2352941,12.612873527761383
1520.0,0.5,0.0046053,0.0638158,0.0513158,0.9177632,0.0,0.7976424,0.0078585,0.0255403,0.0503731,0.0039293,0.9901768,0.238806,0.1343284,0.3,10.721084386282662
758.0,0.4775726,0.3918206,0.1240106,0.1540404,0.8852243,0.0,0.6943396,0.0037736,0.0226415,0.0602837,0.2792453,1.0,0.2765957,0.2553191,0.6666667,9.635673464721814
469.0,0.4605544,0.0,0.1257996,0.1027668,0.8997868,0.0,0.7650602,0.0060241,0.0180723,0.1075269,0.0,0.9939759,0.188172,0.025,1.0,9.966509298952284
6046.0,0.3941449,0.2479325,0.1425736,0.1242151,0.4837909,0.3840556,0.5898389,0.0030979,0.063197,0.09782,0.2924411,0.9925651,0.3225266,0.0846485,0.75,10.626217806887722
8525.0,0.4477419,0.3078006,0.227566,0.1735344,0.8243988,0.0077419,0.6374825,0.0013986,0.0288112,0.1293229,0.2668531,0.9932867,0.3940575,0.0896104,0.8454545,9.787009914477434
1742.0,0.4948335,0.0338691,0.1326062,0.0875,0.8892078,0.0,0.7436282,0.0014993,0.0269865,0.037518,0.035982,0.9895052,0.2568543,0.0693069,0.4,10.573903321093981
2218.0,0.4887286,0.0,0.3214608,0.1410935,0.8548242,0.0419297,0.765227,0.0011074,0.013289,0.0924623,0.0,0.9545958,0.2884422,0.1263736,0.6153846,10.661977618146238
255.0,0.4666667,0.0,0.2941176,0.2352941,0.8117647,0.0,0.6355932,0.0,0.0338983,0.078125,0.0,0.9915254,0.21875,0.0526316,1.0,9.615805480084347
12805.0,0.4856697,0.0106989,0.1443186,0.1064379,0.8530262,0.0,0.6852071,0.0009862,0.0483235,0.0307781,0.0130178,0.942998,0.3827184,0.0451923,0.6315789,11.821887014814502
277.0,0.4945848,0.0,0.1371841,0.0928571,0.9277978,0.0,0.7938144,0.0,0.0,0.0673077,0.0,1.0,0.1634615,0.2777778,0.0,10.098272780745283
2960.0,0.4608108,0.9655405,0.0682432,0.0827068,0.9162162,0.0013514,0.7911964,0.0112867,0.0349887,0.1005076,0.9616253,0.9988713,0.457868,0.2828685,0.7857143,9.615805480084347
35481.0,0.4898396,0.1008991,0.1576618,0.1310977,0.7355486,0.0895972,0.6148143,0.0040955,0.0412371,0.0825938,0.0695523,0.9937156,0.3336788,0.0409836,0.4659091,10.74937727911096
2396.0,0.4895659,0.0008347,0.221202,0.1708913,0.7792154,0.0496661,0.6393443,0.005123,0.0471311,0.023023,0.0,0.9989754,0.3603604,0.023166,0.0,10.431199791458543
4258.0,0.5072804,0.0058713,0.0418037,0.0190658,0.9732269,0.0,0.9104745,0.0,0.0116383,0.0278503,0.007162,0.9659803,0.1531767,0.1625616,0.5,11.046132675457146
181.0,0.480663,0.0,0.0607735,0.0638298,0.961326,0.0,0.8723404,0.0,0.0212766,0.1132075,0.0,1.0,0.8867925,0.1428571,0.0,9.615805480084347
2284.0,0.4640981,0.0008757,0.1865149,0.1388889,0.8222417,0.0394046,0.6860068,0.0045506,0.036405,0.0340659,0.0011377,0.996587,0.3472527,0.0505618,0.0,10.85516473308054
693.0,0.4862915,0.001443,0.1558442,0.0983146,0.8542569,0.025974,0.7058824,0.0039216,0.0235294,0.0590406,0.0,0.9921569,0.2398524,0.0535714,0.0,10.573903321093981
57483.0,0.4886836,0.0942018,0.1686064,0.1479995,0.6887428,0.1339526,0.6061057,0.0049795,0.0590097,0.10753,0.0753444,0.9951601,0.3728455,0.0686648,0.5723906,9.94755228369823
4978.0,0.4678586,0.039775,0.2133387,0.182333,0.8039373,0.0285255,0.639905,0.0042755,0.0266033,0.1258306,0.0337292,0.9885986,0.3139535,0.0897227,0.7884615,9.898525260706313
6144.0,0.4532878,0.0061849,0.1715495,0.1634415,0.8510742,0.0021159,0.6733491,0.0027516,0.0208333,0.0978723,0.0066824,0.9992138,0.2602837,0.0995575,0.6266667,10.328787967145063
3883.0,0.4800412,0.0267834,0.188514,0.0936107,0.917332,0.0,0.8104575,0.0006536,0.0176471,0.023612,0.0183007,0.9934641,0.0248883,0.0810811,0.125,11.211833885608513
473.0,0.4186047,0.0021142,0.4122622,0.3090909,0.6955603,0.0845666,0.56621,0.0,0.0228311,0.1478599,0.0045662,0.9863014,0.2062257,0.0243902,1.0,9.615805480084347
167.0,0.4850299,0.0,0.2035928,0.244186,0.7784431,0.0,0.5205479,0.0,0.0273973,0.1978022,0.0,1.0,0.3406593,0.0,1.0,9.615805480084347
23644.0,0.4750465,0.0744798,0.1990357,0.1422011,0.8806885,0.0013534,0.7338659,0.0013488,0.0201287,0.031162,0.0695165,0.9964723,0.2349216,0.0498915,0.5581395,10.576457535657255
43.0,0.4418605,0.0,0.2325581,0.2083333,0.744186,0.0,0.5263158,0.0,0.1052632,0.4242424,0.0,1.0,0.4848485,0.0,1.0,9.615805480084347
449.0,0.44098,0.0,0.1670379,0.1314741,0.8730512,0.0,0.6949153,0.0056497,0.0112994,0.0969388,0.0,1.0,0.4387755,0.0862069,0.6666667,9.615805480084347
2960.0,0.4790541,0.0033784,0.2594595,0.1374838,0.7739865,0.0047297,0.6215227,0.0080527,0.0805271,0.3595874,0.0021962,0.9714495,0.4899203,0.0478927,0.2727273,12.210567528391435
233.0,0.4892704,0.1502146,0.2618026,0.1512605,0.8798283,0.0,0.7142857,0.0,0.0,0.2283465,0.1530612,0.9489796,0.3228346,0.1923077,0.0,10.36410350510914
1652.0,0.3928571,0.9691283,0.1355932,0.1316052,0.8753027,0.0024213,0.6956522,0.0032206,0.0144928,0.0533537,0.9742351,0.9983897,0.4618902,0.1159875,0.0,10.173552856959743
10187.0,0.489251,0.0481005,0.0877589,0.0778397,0.7426131,0.090213,0.6472727,0.0033766,0.0664935,0.0953947,0.0454545,0.9932468,0.3270677,0.045392,0.1538462,11.118415133585586
79.0,0.443038,0.0,0.3037975,0.2272727,0.7721519,0.0,0.5277778,0.0,0.0277778,0.2340426,0.0,1.0,0.3829787,0.1428571,0.0,9.615805480084347
4677.0,0.4631174,0.2843703,0.146889,0.1358025,0.8787684,0.0269403,0.7529412,0.0055728,0.019195,0.0734366,0.2526316,0.9956656,0.4756168,0.1287313,0.7058824,10.016860879703811
2566.0,0.4668745,0.0101325,0.1628995,0.1352339,0.8682775,0.0190959,0.7310062,0.0041068,0.0225873,0.0279441,0.0010267,0.9917864,0.3722555,0.0530612,0.8571429,10.829748417047593
135.0,0.5185185,0.0,0.2,0.0615385,0.8592593,0.0,0.7358491,0.0188679,0.0754717,0.2205882,0.0,1.0,0.2205882,0.0,1.0,9.615805480084347
247.0,0.5182186,0.0,0.1214575,0.1260504,0.8259109,0.0,0.6237624,0.009901,0.039604,0.3311258,0.0,0.990099,0.3708609,0.173913,0.75,9.615805480084347
5362.0,0.4470347,0.1160015,0.2124207,0.1848229,0.8002611,0.0464379,0.6532368,0.0018108,0.0226347,0.0780467,0.1177003,0.9959258,0.3610184,0.0703667,0.5454545,10.32551474894327
2113.0,0.4940842,0.0,0.0548982,0.0570627,0.923805,0.0,0.8143713,0.005988,0.0344311,0.0402299,0.0,0.997006,0.2126437,0.2255639,0.0,10.43708198835482
16603.0,0.4696742,0.0165633,0.1980967,0.1703578,0.8092513,0.0278865,0.638926,0.0032636,0.0323394,0.0773337,0.015428,0.996143,0.2615658,0.0558478,0.6233766,10.034559673629849
25879.0,0.496503,0.0348159,0.1149194,0.0899463,0.4861084,0.1814985,0.4528577,0.0016688,0.199103,0.080023,0.0323321,0.9897789,0.3957974,0.0457443,0.5619048,10.857093336791094
512.0,0.4609375,0.0,0.3671875,0.2463768,0.6640625,0.2167969,0.6531792,0.0,0.0057803,0.1990741,0.0,1.0,0.4212963,0.1343284,0.85,10.090008612393838
5314.0,0.4674445,0.0500565,0.2160331,0.1583039,0.7736169,0.0786601,0.6681287,0.0038986,0.041423,0.0415694,0.0419103,0.9883041,0.2578234,0.0831683,0.1111111,10.445840912706414
732.0,0.4849727,0.0,0.2691257,0.1962865,0.818306,0.0177596,0.6339869,0.003268,0.0261438,0.0670732,0.0,0.996732,0.3079268,0.0434783,0.6,10.138599199626192
42.0,0.4761905,0.4285714,0.1428571,0.1363636,0.9047619,0.0,0.75,0.0,0.0,0.2,0.375,1.0,0.45,0.0,0.0,10.021315031649332
839.0,0.5041716,0.0047676,0.0715137,0.0528846,0.942789,0.0,0.869403,0.0,0.0298507,0.0428571,0.0074627,0.9925373,0.0357143,0.0454545,0.0,12.711687717920274
2918.0,0.4845785,0.0082248,0.2378341,0.1343085,0.8735435,0.0,0.7367589,0.0023715,0.0229249,0.0163297,0.0071146,0.9960474,0.1819596,0.0416667,0.8333333,11.002116507732017
4130.0,0.4397094,0.0181598,0.2353511,0.1888505,0.6021792,0.0038741,0.3981636,0.0050083,0.0671953,0.0840979,0.0133556,0.9778798,0.633792,0.0112296,0.4,10.675931008412125
1748.0,0.4742563,0.0005721,0.2116705,0.1675734,0.8358124,0.0234554,0.6812585,0.002736,0.0150479,0.1420188,0.001368,0.9931601,0.3309859,0.0502793,0.76,9.913487387114461
891.0,0.4949495,0.0,0.1122334,0.0711111,0.8720539,0.0078563,0.7301587,0.0095238,0.0444444,0.0454545,0.0,0.9809524,0.4090909,0.1010101,1.0,10.392098241730961
937.0,0.4855923,0.0021345,0.1696905,0.1099585,0.8815368,0.0,0.7277628,0.0026954,0.0242588,0.0338542,0.0,0.9973046,0.1822917,0.0909091,0.5,10.494075844768336
470.0,0.4702128,0.0,0.1276596,0.0883534,0.8765957,0.0,0.7292818,0.0055249,0.038674,0.0670103,0.0,0.9944751,0.2525773,0.2272727,0.5,10.146472946063877
576.0,0.4895833,0.0347222,0.0555556,0.0782313,0.9079861,0.0,0.7988506,0.0172414,0.0747126,0.1212121,0.0402299,0.683908,0.3333333,0.1818182,0.25,10.803669227477098
39.0,0.5384615,0.0,0.4871795,0.1111111,0.8717949,0.0,0.8,0.0,0.05,0.3548387,0.0,1.0,0.4516129,0.0,1.0,9.615805480084347
1033.0,0.4859632,0.0261375,0.0329138,0.0282486,0.9680542,0.0135528,0.9549839,0.0,0.0096463,0.063253,0.0289389,0.9710611,0.0331325,0.3333333,0.7272727,11.07443600653965
616.0,0.4642857,0.0227273,0.2256494,0.2151515,0.8587662,0.0016234,0.6719368,0.0039526,0.0039526,0.1864952,0.0158103,0.8695652,0.3247588,0.1363636,1.0,9.615805480084347
328.0,0.4908537,0.0030488,0.2621951,0.1377246,0.8353659,0.0,0.6506849,0.0,0.0205479,0.0987654,0.0068493,1.0,0.2962963,0.025641,1.0,9.615805480084347
193.0,0.5025907,0.0,0.1917098,0.125,0.8911917,0.0,0.7042254,0.0,0.0,0.8289157,0.0,1.0,0.4481928,0.3,1.0,10.664316745782925
1331.0,0.4793388,0.0007513,0.1555222,0.1399711,0.8858002,0.0,0.7235294,0.0039216,0.0156863,0.0285714,0.0,0.9960784,0.2590476,0.097561,0.6666667,10.477316144080852
4357.0,0.4702777,0.2453523,0.1429883,0.1291161,0.7977966,0.0,0.6042895,0.0075067,0.0595174,0.0556962,0.2654155,0.9962466,0.5286076,0.0612245,0.4615385,10.601647149919609
9399.0,0.4539845,0.2483243,0.1655495,0.1510133,0.8266837,0.0380892,0.6866112,0.0026831,0.021465,0.0614455,0.2159914,0.9951704,0.3220851,0.0818966,0.5806452,10.370392636243981
746.0,0.4812332,0.349866,0.1313673,0.1472868,0.8686327,0.0,0.6981132,0.0037736,0.0566038,0.2065868,0.3169811,0.9433962,0.4820359,0.2236842,0.6,10.077482875583607
109.0,0.4954128,0.0,0.2293578,0.1636364,0.8715596,0.0,0.7209302,0.0232558,0.0232558,0.2037037,0.0,1.0,0.0555556,0.0,1.0,9.615805480084347
6990.0,0.4708155,0.0004292,0.1616595,0.1321979,0.8021459,0.0280401,0.6526989,0.0060369,0.0614347,0.0985915,0.0007102,0.9996449,0.4100512,0.0487348,0.3636364,10.661977618146238
358.0,0.5139665,0.0055866,0.1927374,0.1034483,0.8715084,0.0,0.6906475,0.0071942,0.0143885,0.0733333,0.0143885,1.0,0.3733333,0.2051282,0.0,9.898525260706313
10466.0,0.4910185,0.0088859,0.1067265,0.0788436,0.8418689,0.0105102,0.6985216,0.0044879,0.0807814,0.2792998,0.0058078,0.9920803,0.2604642,0.0988836,0.6102564,11.74325116281265
2881.0,0.4630337,0.0038181,0.262756,0.2107304,0.7667477,0.064908,0.6190476,0.0033417,0.0175439,0.2057067,0.0025063,0.9807853,0.4114134,0.0896359,0.8157895,9.615805480084347
436.0,0.4793578,0.0022936,0.1720183,0.1718062,0.8876147,0.0,0.7235294,0.0058824,0.0058824,0.0860215,0.0058824,0.9941176,0.2688172,0.1276596,0.625,9.803722464346553
80414.0,0.4719452,0.4158356,0.1284851,0.11417,0.7359042,0.0696894,0.605632,0.0024063,0.0866582,0.1039858,0.3659806,0.9929438,0.3981703,0.0810184,0.5514286,11.031674824544641
570.0,0.4754386,0.0,0.2052632,0.187291,0.8175439,0.0,0.6234818,0.0080972,0.0404858,0.1569966,0.0,1.0,0.3515358,0.1428571,0.5454545,9.615805480084347
206.0,0.5339806,0.0,0.184466,0.1354167,0.8932039,0.0,0.7407407,0.0,0.0123457,0.1290323,0.0,1.0,0.1612903,0.1818182,1.0,9.615805480084347
132.0,0.5,0.2878788,0.1515152,0.0909091,0.8939394,0.0,0.76,0.02,0.02,0.1525424,0.24,1.0,0.4067797,0.0,0.0,10.2328272702548
1630.0,0.4503067,0.2736196,0.1736196,0.1540179,0.8785276,0.0368098,0.7815884,0.0036101,0.0180505,0.1107544,0.234657,0.9819495,0.3081862,0.1682692,0.5,10.534785924769006
209.0,0.4497608,0.0,0.2488038,0.226087,0.84689,0.0,0.7375,0.0,0.05,0.1397849,0.0,0.9875,0.2473118,0.0434783,0.0,10.351405324899678
34311.0,0.4546647,0.7941768,0.1115969,0.1103094,0.9007898,0.0167293,0.771963,0.0031472,0.0210413,0.1469663,0.7686359,0.9960435,0.3384214,0.1982249,0.6412214,10.05195066017375
86.0,0.5348837,0.0,0.2209302,0.25,0.7209302,0.0,0.5,0.025,0.05,0.2982456,0.0,1.0,0.2280702,0.0,1.0,9.615805480084347
25.0,0.48,0.0,0.56,0.0769231,0.88,0.0,0.7692308,0.0,0.0,0.2352941,0.0,1.0,0.3529412,0.0,0.0,9.615805480084347
555.0,0.4504505,0.0,0.2144144,0.2229508,0.8198198,0.0,0.5922747,0.0,0.0214592,0.1937716,0.0,0.9871245,0.3910035,0.1578947,1.0,9.615805480084347
83.0,0.5421687,0.0,0.0963855,0.0789474,0.8433735,0.0,0.6129032,0.0,0.0322581,0.1842105,0.0,1.0,0.2105263,0.2,0.0,9.770013301136158
19847.0,0.4408223,0.0190961,0.2853832,0.2044513,0.7488789,0.0062982,0.5450005,0.001427,0.0363877,0.0474757,0.0216084,0.9949037,0.4050485,0.0157873,0.4210526,11.092869425057021
1729.0,0.4898785,0.0,0.1029497,0.1020408,0.9080393,0.0,0.7700965,0.0032154,0.0144695,0.1432507,0.0,0.8617363,0.3471074,0.1780822,0.6111111,9.966509298952284
19231.0,0.4716343,0.0255837,0.1117987,0.0956599,0.8688056,0.0144038,0.7282456,0.004365,0.0370318,0.0342671,0.026049,0.993523,0.3168344,0.0595506,0.2162162,11.088292827848269
1251.0,0.4668265,0.0007994,0.2621902,0.197901,0.8105516,0.0503597,0.6589958,0.0,0.0230126,0.0718447,0.0,0.9916318,0.2466019,0.1351351,0.25,9.735128070758227
48.0,0.6041667,0.0,0.125,0.2105263,0.8541667,0.0,0.65,0.0,0.0,0.0909091,0.0,1.0,0.2727273,0.5,0.0,9.615805480084347
2415.0,0.4699793,0.0041408,0.1888199,0.128125,0.8616977,0.0,0.6895201,0.0,0.0166503,0.0475746,0.0058766,0.993144,0.1445896,0.0347826,0.4,10.643064971973882
770.0,0.4298701,0.0103896,0.2818182,0.2277904,0.7831169,0.0805195,0.6739812,0.0,0.0031348,0.1014085,0.0031348,0.9937304,0.2929577,0.031746,0.8333333,10.007892611890918
542.0,0.4852399,0.0,0.1752768,0.1863799,0.8357934,0.0,0.6392694,0.0091324,0.0273973,0.1704545,0.0,0.9954338,0.4734848,0.1090909,0.8571429,9.615805480084347
277.0,0.4729242,0.0,0.2635379,0.1849315,0.8700361,0.0,0.7213115,0.0,0.0163934,0.046875,0.0,1.0,0.34375,0.125,1.0,9.65509029374725
723.0,0.4757953,0.0,0.1798064,0.1108179,0.8852006,0.0,0.7319588,0.0,0.0171821,0.0332226,0.0,1.0,0.166113,0.0857143,1.0,9.989711119284745
1764.0,0.4557823,0.3968254,0.1632653,0.1604167,0.8594104,0.0306122,0.7093596,0.001642,0.0229885,0.2368421,0.3727422,0.8965517,0.4937343,0.1825726,0.4285714,9.980494888896912
527.0,0.4705882,0.0,0.1043643,0.09319,0.9240987,0.0,0.8055556,0.0055556,0.0222222,0.0425532,0.0,1.0,0.1382979,0.0545455,0.0,10.983613347424248
658.0,0.4878419,0.0015198,0.1367781,0.0919881,0.9285714,0.0,0.8170732,0.0,0.0081301,0.075188,0.004065,0.9878049,0.2669173,0.0961538,1.0,10.243560441877241
2928.0,0.4839481,0.0061475,0.1335383,0.0866976,0.8743169,0.0,0.7209106,0.0008432,0.029511,0.028665,0.0042159,0.9924115,0.3087633,0.0572792,0.2857143,10.847412906506923
1036.0,0.4777992,0.0009653,0.3079151,0.1367837,0.8706564,0.0,0.7348837,0.0023256,0.0395349,0.1698842,0.0,0.9930233,0.2567568,0.2439024,0.4210526,10.718874489469398
5599.0,0.4833006,0.0028577,0.0692981,0.0591082,0.9692802,0.0,0.8968421,0.0035088,0.0098246,0.0493662,0.0070175,0.1066667,0.490994,0.3632287,0.4,9.94755228369823
4047.0,0.4944403,0.0019768,0.0706696,0.0508309,0.9199407,0.0,0.8084046,0.0064103,0.0292023,0.0633756,0.0021368,0.9843305,0.263509,0.1292308,0.3,11.003781759319981
5499.0,0.4562648,0.0,0.2427714,0.170903,0.8108747,0.0258229,0.642735,0.0025641,0.0205128,0.0732673,0.0,0.9987179,0.319604,0.0292398,0.6842105,10.138599199626192
41.0,0.5609756,0.0,0.1219512,0.1111111,0.9756098,0.0,0.9333333,0.0,0.0,0.4230769,0.0,1.0,0.3076923,0.0,1.0,9.615805480084347
22582.0,0.5276326,0.2308919,0.1164644,0.1080904,0.7259322,0.1222655,0.6541926,0.0035519,0.0624128,0.0454105,0.1645313,0.8925536,0.4674255,0.0873269,0.4141414,12.034696963475044
39.0,0.5641026,0.0,0.0512821,0.0,0.9230769,0.0,0.7857143,0.0,0.0,0.0,0.0,1.0,0.1428571,0.0,0.0,9.615805480084347
136.0,0.4705882,0.0,0.1764706,0.1527778,0.8308824,0.0,0.6166667,0.0,0.0,0.047619,0.0,1.0,0.4920635,0.1818182,0.0,9.615805480084347
167.0,0.4491018,0.0,0.3353293,0.2282609,0.7664671,0.0,0.5647059,0.0,0.0235294,0.1981132,0.0,1.0,0.3396226,0.0454545,1.0,9.615805480084347
1074.0,0.4767225,0.0121043,0.2104283,0.1352313,0.8929236,0.0,0.7430556,0.0,0.0092593,0.027027,0.0115741,1.0,0.1351351,0.0277778,0.3333333,10.196194479235656
7018.0,0.4766315,0.0185238,0.1453406,0.106997,0.8583642,0.0272157,0.7504851,0.000388,0.0496702,0.0553519,0.0151339,0.9712844,0.2122434,0.0601002,0.8292683,12.15109361980364
3093.0,0.4820563,0.005173,0.1138054,0.0836454,0.8648561,0.0,0.7095159,0.0033389,0.0459098,0.0330912,0.0033389,0.9774624,0.31477,0.0967033,0.0,10.909637269778615
1322.0,0.4712557,0.0,0.1391831,0.1173104,0.9046899,0.0,0.7805825,0.0019417,0.023301,0.0803571,0.0,0.9941748,0.2196429,0.0543478,0.7777778,10.431199791458543
1125.0,0.4453333,0.4702222,0.1857778,0.1858974,0.8755556,0.0,0.7069767,0.0,0.027907,0.0831557,0.3906977,1.0,0.249467,0.173913,1.0,10.250652418696085
1513.0,0.4983477,0.0085922,0.0442829,0.0355731,0.9900859,0.0,0.9511401,0.0,0.0,0.1127168,0.0032573,0.0032573,0.583815,0.4137931,0.6666667,9.615805480084347
24194.0,0.4936761,0.2190212,0.0553443,0.0548571,0.9237828,0.0073159,0.8241245,0.0059663,0.0284047,0.0849751,0.1968872,0.9712062,0.2329694,0.153607,0.6167401,10.92415631759022
616.0,0.4772727,0.2548701,0.1071429,0.0807453,0.9529221,0.0,0.8549223,0.0,0.0051813,0.0721154,0.253886,1.0,0.3557692,0.1851852,0.0,9.6678285081515
1030.0,0.492233,0.0019417,0.1407767,0.1108987,0.8990291,0.0,0.7454545,0.0,0.0155844,0.0302267,0.0,0.9922078,0.1889169,0.0795455,1.0,10.292179440058462
13243.0,0.4982255,0.1501926,0.1282942,0.1088036,0.8326663,0.0450049,0.7093836,0.0016946,0.0449057,0.0631078,0.1298454,0.8828638,0.3365747,0.1156463,0.7764706,11.52387529615648
206.0,0.5048544,0.0,0.0825243,0.0588235,0.9320388,0.0,0.8055556,0.0,0.0,0.1219512,0.0,1.0,0.304878,0.1818182,0.0,10.413342705547674
391.0,0.4961637,0.0051151,0.1790281,0.1269036,0.8976982,0.0,0.7533333,0.0,0.02,0.0625,0.0066667,0.9933333,0.31875,0.1777778,0.0,9.918425424900335
1007.0,0.4607746,0.0,0.2909633,0.2154696,0.7686197,0.0595829,0.6287703,0.0,0.025522,0.1943925,0.0,0.9930394,0.3551402,0.0163934,1.0,10.130662964963708
1642.0,0.4866017,0.000609,0.1157125,0.0901542,0.9025579,0.0,0.7737478,0.0086356,0.0379965,0.0570033,0.0,0.9913644,0.2540717,0.1448276,0.7,10.261196961231647
28.0,0.5,0.0,0.4285714,0.1428571,0.8571429,0.0,0.7692308,0.0,0.0769231,0.48,0.0,1.0,0.24,0.0,0.0,9.615805480084347
5743.0,0.4494167,0.0034825,0.2220094,0.1818469,0.8363225,0.020895,0.679357,0.001692,0.0211506,0.0633914,0.0042301,0.9940778,0.2333597,0.0431138,0.6666667,10.073272520325904
408.0,0.4926471,0.0122549,0.1617647,0.1111111,0.8848039,0.0,0.7434211,0.0065789,0.0460526,0.173913,0.0065789,1.0,0.1086957,0.1290323,0.25,10.905974329106854
8151.0,0.4741749,0.0035578,0.1578947,0.1276248,0.7864066,0.0818305,0.6854522,0.000983,0.0291612,0.0583153,0.0022936,0.982962,0.3640852,0.0881652,0.5151515,10.454523783963511
585.0,0.5076923,0.0017094,0.157265,0.0694444,0.8717949,0.0153846,0.7695652,0.0,0.0521739,0.0688259,0.0,0.9869565,0.3279352,0.0,0.6666667,11.728044909070785
200.0,0.455,0.0,0.135,0.1376147,0.85,0.0,0.6666667,0.0,0.0238095,0.0666667,0.0,1.0,0.2111111,0.125,0.0,9.642187721358466
21700.0,0.4826267,0.0671429,0.126129,0.1023426,0.8691244,0.0314747,0.7418699,0.002981,0.0250678,0.0947007,0.0630081,0.6936314,0.3810108,0.1734659,0.6,10.214678610538817
204.0,0.5098039,0.0,0.1813725,0.13,0.9117647,0.0,0.7894737,0.0,0.0263158,0.0379747,0.0,1.0,0.1012658,0.1176471,0.0,9.985113621416073
75.0,0.4933333,0.0,0.2133333,0.0526316,0.88,0.0,0.7272727,0.0,0.0,0.2826087,0.0,1.0,0.173913,0.0,1.0,9.615805480084347
90.0,0.5111111,0.0,0.1222222,0.1590909,0.8,0.0,0.5897436,0.0,0.0512821,0.0930233,0.0,1.0,0.4186047,1.0,1.0,10.221977646629885
574.0,0.4651568,0.0,0.2944251,0.1954397,0.8536585,0.0,0.6707317,0.004065,0.004065,0.0888889,0.0,0.9878049,0.2296296,0.1803279,0.75,9.798182590890704
361.0,0.468144,0.0,0.1911357,0.1666667,0.8614958,0.0,0.6760563,0.0070423,0.0211268,0.0779221,0.0,1.0,0.2337662,0.1714286,0.6666667,9.615805480084347
205.0,0.5219512,0.0,0.0195122,0.0510204,0.8390244,0.0,0.6923077,0.0128205,0.0769231,0.2277228,0.0,0.9871795,0.4851485,0.0769231,0.5,10.819798284210286
9789.0,0.5255899,0.0062315,0.0717131,0.0671835,0.3467157,0.4524466,0.5238316,0.005553,0.2105507,0.0600261,0.0032392,0.9921333,0.4367116,0.0709957,0.4444444,11.128747176317603
4047.0,0.4460094,0.0113664,0.3150482,0.2216771,0.6683963,0.0474426,0.4891578,0.0005043,0.0584972,0.3327725,0.0090772,0.9868886,0.3953567,0.0215983,0.3225806,11.844392338493027
1395.0,0.4860215,0.0064516,0.1075269,0.0627615,0.8458781,0.0,0.6666667,0.0056497,0.0546139,0.1843318,0.0037665,0.9887006,0.4546851,0.1607143,0.6,10.900454637442037
750.0,0.4653333,0.0026667,0.272,0.1820449,0.7826667,0.076,0.6609589,0.0034247,0.0205479,0.1774648,0.0,0.9931507,0.3380282,0.1282051,0.5454545,9.615805480084347
411.0,0.4987835,0.0,0.13382,0.0631068,0.9099757,0.0,0.7828947,0.0,0.0263158,0.0843373,0.0,1.0,0.2650602,0.1627907,0.0,10.776891660007811
1267.0,0.5003946,0.0252565,0.1625888,0.056872,0.3433307,0.593528,0.6697674,0.0093023,0.0325581,0.0811966,0.0,0.9953488,0.2521368,0.03125,0.0,10.177362240256695
133793.0,0.4875143,0.3885181,0.0956777,0.0818178,0.8225991,0.0421322,0.7083526,0.0046705,0.0548185,0.0736624,0.3603769,0.9839148,0.2964773,0.0841731,0.3616162,11.050905878263567
64407.0,0.4702594,0.0738895,0.2302855,0.1361705,0.8393342,0.0075923,0.6925211,0.0031922,0.0564338,0.101758,0.0574599,0.9315193,0.4804574,0.063939,0.3416031,11.230575816507569
393.0,0.4529262,0.0,0.0966921,0.1023256,0.9236641,0.0,0.8409091,0.0075758,0.030303,0.0434783,0.0,1.0,0.2246377,0.125,0.0,10.308985993422082
971.0,0.4654995,0.0329557,0.2090628,0.177264,0.8825953,0.0,0.7334963,0.0,0.0122249,0.0788288,0.0244499,0.997555,0.3806306,0.0617284,0.7142857,9.985113621416073
8263.0,0.5183347,0.005809,0.0816895,0.0605528,0.7871233,0.0304974,0.6340076,0.0104298,0.0840708,0.0583333,0.0069532,0.9804046,0.5613095,0.0918728,0.24,11.349241150793087
1997.0,0.4972459,0.2383575,0.1717576,0.1125498,0.8417626,0.0105158,0.6771654,0.0,0.0577428,0.5155753,0.1824147,0.9855643,0.1366815,0.1437908,0.6923077,11.973516181427835
68842.0,0.5043869,0.0638854,0.0475582,0.0387467,0.9110572,0.0011621,0.8027059,0.0080175,0.0535714,0.1003279,0.0632744,0.8300838,0.3156557,0.1704215,0.2683706,11.768350322738119
580.0,0.4655172,0.0,0.2086207,0.1806452,0.8344828,0.0086207,0.6516393,0.0,0.0245902,0.1672355,0.0,0.9959016,0.4197952,0.1649485,1.0,9.980494888896912
3323.0,0.4712609,0.0006019,0.3075534,0.172453,0.7866386,0.0,0.615285,0.007772,0.0518135,0.2248996,0.0006477,0.9773316,0.5963855,0.0819672,0.5,10.933124826700707
30982.0,0.5001291,0.0648764,0.069266,0.0586944,0.8753793,0.0041637,0.7407472,0.0037624,0.0519731,0.044398,0.066235,0.9661388,0.3123746,0.0836957,0.2967033,10.819798284210286
1206.0,0.4494196,0.0024876,0.2197347,0.125,0.8291874,0.0,0.6666667,0.0018215,0.0400729,0.0231317,0.0018215,0.9981785,0.2491103,0.0116279,0.5,10.742918838113225
4920.0,0.4936992,0.0010163,0.1065041,0.0582096,0.8808943,0.0,0.7509558,0.0065538,0.0529765,0.6079229,0.0010923,0.9388312,0.5359743,0.1478873,0.1,11.31204474745499
9849.0,0.4646157,0.0320845,0.1665144,0.1308553,0.7919586,0.0429485,0.6583574,0.0073472,0.0616636,0.0364096,0.0241406,0.9509315,0.335019,0.0754157,0.5789474,10.829748417047593
6859.0,0.4761627,0.1504593,0.1615396,0.155302,0.8658697,0.0237644,0.7300351,0.0027269,0.0202571,0.1068198,0.143358,0.9976626,0.2755741,0.0901126,0.6857143,10.034559673629849
200.0,0.455,0.0,0.14,0.1100917,0.92,0.0,0.7647059,0.0,0.0,0.1707317,0.0,1.0,0.3536585,0.1666667,1.0,9.615805480084347
457.0,0.4792123,0.1531729,0.1356674,0.1470588,0.8884026,0.0,0.7030303,0.0,0.0121212,0.1269841,0.1090909,0.9939394,0.3015873,0.1666667,0.75,10.236417809461043
9301.0,0.4833889,0.0265563,0.0739705,0.0899063,0.8504462,0.0149446,0.7151603,0.0034985,0.0658892,0.0558767,0.0271137,0.9819242,0.2785577,0.049483,0.2962963,11.242441323346558
611.0,0.4157119,0.8379705,0.1374795,0.1316527,0.8723404,0.0,0.6682692,0.0096154,0.0288462,0.0714286,0.7836538,0.9903846,0.4017857,0.2807018,0.0,9.615805480084347
4930.0,0.4616633,0.1630832,0.1494929,0.1228335,0.8868154,0.0,0.7408174,0.0041386,0.0243145,0.0281549,0.1433006,0.995344,0.3308195,0.0834492,0.25,10.70551155928146
226.0,0.5088496,0.0044248,0.119469,0.1441441,0.9115044,0.0,0.7714286,0.0142857,0.0285714,0.0277778,0.0142857,1.0,0.25,0.2857143,0.0,9.615805480084347
5337.0,0.4678658,0.0009369,0.1560802,0.1123239,0.8259322,0.0230467,0.6771429,0.0028571,0.0528571,0.0463215,0.0,0.9890476,0.3619437,0.0448792,0.2,10.87049040995193
760.0,0.5092105,0.0855263,0.1013158,0.1286863,0.9289474,0.0,0.8134328,0.0,0.0149254,0.1036789,0.0820896,1.0,0.3812709,0.1232877,1.0,10.038935856711177
663.0,0.505279,0.0,0.2307692,0.1219512,0.8823529,0.0,0.7481752,0.0036496,0.0291971,0.0680272,0.0,1.0,0.2006803,0.0333333,0.6,9.692828247710418
32895.0,0.5139079,0.0361149,0.0300958,0.0353346,0.9240614,0.0,0.8288073,0.0057694,0.0509301,0.0338299,0.0333234,0.9233065,0.1789524,0.2199703,0.2470588,11.325402403776808
1351.0,0.4766839,0.0014804,0.1199112,0.1032532,0.8712065,0.0066617,0.7142857,0.010661,0.0533049,0.0839844,0.0021322,0.9957356,0.3007812,0.1419753,0.4,10.12667110305036
1551.0,0.4738878,0.3610574,0.1824629,0.1691176,0.8375242,0.0257898,0.6827697,0.0,0.0193237,0.1090387,0.2930757,0.9983897,0.2539455,0.1165644,0.8,10.354595018522993
745.0,0.4684564,0.0,0.3812081,0.2626263,0.7449664,0.1020134,0.6487342,0.0031646,0.0063291,0.0365854,0.0,1.0,0.2560976,0.0392157,1.0,10.060534035475412
467.0,0.48394,0.012848,0.0856531,0.0705394,0.8072805,0.0,0.6323529,0.0,0.0686275,0.0331754,0.0147059,0.9901961,0.2227488,0.0,0.4,10.829748417047593
295.0,0.4745763,0.2881356,0.1627119,0.1290323,0.8847458,0.0,0.7179487,0.0,0.008547,0.0787402,0.3076923,1.0,0.3228346,0.1481481,1.0,9.873079890114703
200.0,0.49,0.0,0.135,0.0882353,0.86,0.0,0.6962025,0.0,0.0506329,0.0481928,0.0,1.0,0.2409639,0.0625,0.5,9.615805480084347
593.0,0.4957841,0.0016863,0.1399663,0.1036789,0.8768971,0.0,0.7272727,0.008658,0.025974,0.1183206,0.0,1.0,0.3816794,0.2040816,0.6666667,9.923339198238729
6340.0,0.4712934,0.1493691,0.1506309,0.1154535,0.7818612,0.0231861,0.637144,0.0081935,0.0909091,0.0673217,0.1318767,0.9808818,0.3555313,0.0573099,0.5,10.389026137075234
113.0,0.4690265,0.0,0.4336283,0.2666667,0.7433628,0.0,0.55,0.0,0.0333333,0.3103448,0.0,1.0,0.3563218,0.0,0.6,9.6678285081515
447.0,0.4675615,0.4295302,0.1498881,0.1596639,0.8769575,0.0,0.7215909,0.0056818,0.0170455,0.0588235,0.3579545,1.0,0.2139037,0.0625,1.0,10.576457535657255
103.0,0.4660194,0.0,0.184466,0.0909091,0.9223301,0.0,0.8,0.0,0.0,0.1489362,0.0,1.0,0.1914894,0.25,1.0,9.615805480084347
1446.0,0.4917012,0.0020747,0.0857538,0.0585034,0.9073306,0.0,0.7821012,0.0,0.0428016,0.0902655,0.0038911,0.9961089,0.2353982,0.1428571,0.5,11.591745887495987
14917.0,0.4552524,0.2804854,0.1721526,0.1528427,0.8658577,0.0192398,0.7227154,0.0012185,0.0182768,0.0688817,0.2393386,0.9991297,0.3126418,0.0910891,0.4615385,10.413342705547674
869.0,0.4890679,0.0149597,0.2623705,0.1666667,0.7744534,0.0,0.5794621,0.007335,0.0366748,0.3250825,0.00978,0.99511,0.2986799,0.091954,0.6666667,10.524090921620362
6147.0,0.4618513,0.004067,0.1573125,0.1466143,0.8607451,0.0,0.6901518,0.0011678,0.0198521,0.0603511,0.0038926,0.9972752,0.3708851,0.0810256,0.5,10.250652418696085
446.0,0.5044843,0.0,0.1726457,0.1221719,0.8991031,0.0,0.7570621,0.0,0.0112994,0.0684211,0.0,1.0,0.2578947,0.0967742,0.5,10.177362240256695
18924.0,0.4885859,0.0323927,0.0924223,0.0855549,0.9186219,0.0055485,0.8184499,0.0029494,0.0394888,0.0549706,0.0301491,0.9442897,0.2308764,0.0992366,0.3977273,11.799614544567753
2918.0,0.4808088,0.1148047,0.1603838,0.1689769,0.8591501,0.0383825,0.7385811,0.0029155,0.0184645,0.1152193,0.0971817,0.9241983,0.4350817,0.140884,0.5483871,10.134638955251866
1866.0,0.4914255,0.0,0.2009646,0.118019,0.8317256,0.079314,0.7800633,0.0031646,0.0332278,0.106082,0.0,0.9620253,0.3917963,0.1840491,0.875,11.219909190927746
78.0,0.6282051,0.0,0.1282051,0.1034483,0.8717949,0.0,0.72,0.04,0.08,0.0,0.0,1.0,0.28,0.1428571,0.0,9.615805480084347
903.0,0.440753,0.0299003,0.2890365,0.2633663,0.6888151,0.1616833,0.6374269,0.0087719,0.0204678,0.0952381,0.0292398,1.0,0.4206349,0.04,0.6666667,10.184937747111391
153.0,0.4836601,0.0,0.248366,0.2025316,0.8366013,0.0,0.6428571,0.0,0.0,0.0789474,0.0,1.0,0.3026316,0.0,0.0,9.615805480084347
2683.0,0.4942229,0.002609,0.0715617,0.0501105,0.9314201,0.0,0.8422175,0.0042644,0.0309168,0.0349794,0.0010661,0.9936034,0.1347737,0.1588785,0.4,10.640675541671662
8336.0,0.4370202,0.4120681,0.1854607,0.1751545,0.8349328,0.0215931,0.6736464,0.0029913,0.0218367,0.0810885,0.358959,0.9922226,0.3397471,0.1054073,0.5609756,10.463131911491967
1226.0,0.451876,0.0008157,0.3205546,0.2217262,0.7854812,0.0448613,0.6326531,0.0055659,0.012987,0.119281,0.0,0.9981447,0.2287582,0.0629921,0.6470588,9.923339198238729
388.0,0.4639175,0.4304124,0.1597938,0.1298077,0.8891753,0.0,0.7310345,0.0068966,0.0275862,0.0645161,0.4137931,1.0,0.1677419,0.1470588,1.0,10.16203685698089
815.0,0.4957055,0.008589,0.1631902,0.0997567,0.8613497,0.0,0.7112462,0.006079,0.0425532,0.197561,0.006079,0.9756839,0.3170732,0.1826923,0.8333333,10.650199196425806
193.0,0.4974093,0.0,0.134715,0.0618557,0.8549223,0.0,0.6842105,0.0,0.0526316,0.0379747,0.0,1.0,0.4683544,0.0,0.0,10.214678610538817
825.0,0.4860606,0.0,0.1115152,0.0683962,0.9127273,0.0,0.7827586,0.0,0.0275862,0.0491803,0.0,0.9931034,0.2032787,0.0961538,0.75,10.491301994830229
2171.0,0.4804238,0.0050668,0.1202211,0.1028369,0.9000461,0.0092123,0.7828349,0.0039012,0.0247074,0.0552826,0.006502,0.9960988,0.2628993,0.1034483,0.6666667,10.32551474894327
5106.0,0.4496671,0.8887583,0.1231884,0.1099644,0.8877791,0.0240893,0.781055,0.0034033,0.0266591,0.036612,0.8672717,0.9948951,0.1956284,0.1111111,0.6764706,10.638280388314705
16690.0,0.4969443,0.0063511,0.0718394,0.0384707,0.9495506,0.0,0.873137,0.002181,0.0199927,0.0323602,0.0054526,0.9965467,0.052937,0.0963855,0.25,11.405351390085748
1965.0,0.4895674,0.0,0.2366412,0.1864407,0.8086514,0.03257,0.6646635,0.0072115,0.0288462,0.0956522,0.0,1.0,0.3413043,0.0613497,0.6363636,9.888424674859083
173339.0,0.500799,0.0378565,0.0665805,0.0548243,0.8732945,0.007119,0.7558557,0.0046513,0.0764976,0.0352885,0.0382405,0.8913751,0.3381571,0.0998453,0.1479401,12.268582547911404
84.0,0.4404762,0.0,0.2142857,0.1276596,0.9285714,0.0,0.8285714,0.0,0.0,0.1025641,0.0,1.0,0.3846154,0.1666667,0.0,10.471666571132038
23799.0,0.4496407,0.5117442,0.1419387,0.1366621,0.8155385,0.0347073,0.6553951,0.0028453,0.0373167,0.0770629,0.442657,0.9944189,0.3918796,0.1120111,0.4622642,10.389026137075234
1152.0,0.4869792,0.0,0.1380208,0.0964467,0.8993056,0.0,0.7694118,0.0094118,0.0258824,0.0184758,0.0,0.9952941,0.2517321,0.0594059,0.0,10.652566005416872
6845.0,0.4426589,0.0068663,0.2192841,0.1572739,0.6759679,0.1430241,0.6214039,0.0015343,0.0655926,0.0729018,0.0030687,0.9946298,0.3766003,0.0524345,0.4782609,10.370392636243981
26.0,0.4615385,0.0,0.1153846,0.0,1.0,0.0,1.0,0.0,0.0,0.3846154,0.0,1.0,0.2307692,0.0,0.0,9.615805480084347
2485.0,0.4784708,0.0052314,0.1573441,0.1442901,0.6977867,0.0144869,0.5051813,0.0051813,0.0924007,0.2807453,0.0069085,0.992228,0.4695652,0.0364188,0.6923077,11.127277689932466
1809.0,0.4947485,0.0033167,0.1044776,0.0765864,0.8955224,0.0,0.7686335,0.0062112,0.0543478,0.2268908,0.0046584,0.9953416,0.2472989,0.1166667,0.7142857,11.128747176317603
50024.0,0.4654566,0.093835,0.2156765,0.1526552,0.8579482,0.0296058,0.7352505,0.0006355,0.0272217,0.0233785,0.0807647,0.9662112,0.1968553,0.0473346,0.5704225,11.934926432385152
267.0,0.4794007,0.0,0.1086142,0.1151079,0.917603,0.0,0.7555556,0.0,0.0,0.0816327,0.0,1.0,0.2959184,0.1818182,0.6666667,10.628641991731053
339.0,0.4778761,0.0,0.1386431,0.1073446,0.8731563,0.0,0.7099237,0.0,0.0381679,0.2202381,0.0,0.9847328,0.202381,0.1153846,0.8333333,10.077482875583607
842.0,0.4857482,0.0,0.1638955,0.0946882,0.8503563,0.0,0.6882022,0.008427,0.0308989,0.3283019,0.0,0.8146067,0.490566,0.0348837,0.8148148,10.389026137075234
1006877.0,0.4917592,0.2949655,0.0972224,0.0865876,0.7825752,0.0166475,0.5862508,0.0037905,0.0717032,0.1364691,0.25534,0.8662563,0.5117204,0.1005228,0.4893338,10.831726617926124
6931.0,0.4826143,0.0129851,0.0955129,0.0610708,0.7160583,0.0,0.5546572,0.007762,0.1455369,0.0412403,0.0100259,0.9641009,0.4334884,0.0376,0.137931,12.323860125621126
1409.0,0.4861604,0.0,0.3172463,0.1560773,0.7977289,0.0007097,0.6404658,0.0043668,0.0436681,0.5665615,0.0,0.9723435,0.6050473,0.0756757,0.4827586,10.542732775946709
918.0,0.4814815,0.0,0.1666667,0.1407563,0.8562092,0.0,0.6649077,0.0026385,0.0079156,0.1186047,0.0,0.9841689,0.3930233,0.0769231,1.0,9.615805480084347
866.0,0.4803695,0.0,0.2136259,0.1733333,0.8383372,0.0,0.6346667,0.0,0.008,0.0920097,0.0,1.0,0.3389831,0.0933333,0.8888889,9.615805480084347
3024.0,0.4613095,0.0013228,0.3865741,0.1467158,0.7744709,0.0320767,0.6623641,0.0,0.0563859,0.2349272,0.0013587,0.9816576,0.4158004,0.0339321,0.1911765,11.577785809317154
112.0,0.5178571,0.0,0.125,0.1111111,0.9017857,0.0,0.7560976,0.0,0.0243902,0.1960784,0.0,1.0,0.3137255,0.0,1.0,9.615805480084347
940.0,0.4585106,0.0053191,0.0925532,0.0844794,0.8744681,0.0,0.727027,0.0108108,0.0351351,0.0632911,0.0027027,0.9972973,0.3164557,0.0470588,0.7777778,10.225607282932941
7259.0,0.4846398,0.0023419,0.175093,0.1133387,0.8984709,0.0012398,0.7704155,0.0010745,0.0261461,0.0435081,0.0025072,0.9881805,0.1956149,0.0446429,0.4166667,11.558863947911393
1057.0,0.4824976,0.0037843,0.1504257,0.1133455,0.8703879,0.0,0.7135678,0.0050251,0.0427136,0.167364,0.0025126,0.9723618,0.4456067,0.1376812,0.75,10.640675541671662
120.0,0.45,0.0,0.1833333,0.1666667,0.8833333,0.0,0.7045455,0.0,0.0227273,0.1020408,0.0,1.0,0.1428571,0.0,1.0,10.53212287826962
347.0,0.4985591,0.2017291,0.2478386,0.137931,0.8616715,0.0,0.7058824,0.0,0.0196078,0.0838323,0.1764706,0.9673203,0.3293413,0.0,0.0,10.354595018522993
4026.0,0.5067064,0.0037258,0.0737705,0.0574018,0.8917039,0.0,0.7705146,0.0104312,0.0535466,0.0995617,0.0027816,0.9165508,0.4358172,0.1273885,0.6206897,10.992066340225865
7168.0,0.4702846,0.2960379,0.1296038,0.1066632,0.8528181,0.0447824,0.7369486,0.0036423,0.0267098,0.0786726,0.2290571,0.9939296,0.287472,0.1358314,0.6521739,10.33854382482173
88.0,0.5340909,0.0,0.2727273,0.0487805,0.8863636,0.0,0.7297297,0.0,0.0,0.1590909,0.0,1.0,0.2954545,0.1666667,0.5,9.615805480084347
602.0,0.513289,0.0033223,0.1096346,0.0648464,0.89701,0.0,0.7735043,0.008547,0.0213675,0.1136364,0.0,0.9957265,0.1401515,0.0333333,0.5,11.325402403776808
465.0,0.4623656,0.0021505,0.1827957,0.172,0.827957,0.0,0.627551,0.0102041,0.0204082,0.1288889,0.0,1.0,0.2577778,0.1162791,0.2,9.615805480084347
452.0,0.4690265,0.0,0.2477876,0.1541667,0.8429204,0.0,0.6528497,0.0051813,0.0103627,0.076555,0.0,1.0,0.2344498,0.0,0.6666667,9.83633227734872
4983.0,0.4685932,0.0012041,0.1910496,0.1276435,0.8631347,0.0046157,0.7198633,0.0034163,0.034163,0.0233556,0.0009761,0.9970717,0.1644423,0.0610236,0.5,10.831726617926124
897.0,0.4336678,0.0033445,0.238573,0.230315,0.7915273,0.0880713,0.673913,0.0,0.0093168,0.0359281,0.0,1.0,0.251497,0.0574713,0.0,10.904137815028022
1714.0,0.4655776,0.0,0.1919487,0.2019651,0.8273046,0.0221704,0.6558989,0.0,0.0168539,0.1759259,0.0,0.9985955,0.5162037,0.0714286,0.4166667,9.615805480084347
2954.0,0.4820582,0.0050779,0.0836154,0.0647059,0.908937,0.000677,0.7872928,0.0027624,0.0276243,0.0662081,0.0027624,0.9917127,0.2811694,0.0798722,0.5714286,10.732061203925053
219.0,0.4931507,0.0045662,0.1552511,0.1441441,0.8995434,0.0,0.7375,0.0,0.0125,0.0,0.0125,1.0,0.1125,0.0909091,0.0,10.142543822310387
17208.0,0.4919224,0.340888,0.1403417,0.1260437,0.8026499,0.0446304,0.6529625,0.0031741,0.0424728,0.1716539,0.28552,0.9581318,0.5163391,0.1122418,0.7218935,10.601647149919609
618.0,0.4789644,0.0,0.038835,0.0496894,0.9595469,0.0,0.8591549,0.0,0.0352113,0.0596026,0.0,1.0,0.4900662,0.4895833,1.0,9.615805480084347
1066.0,0.4709193,0.0093809,0.2345216,0.1826241,0.8255159,0.0309568,0.6666667,0.002331,0.018648,0.1385542,0.011655,1.0,0.3614458,0.1043478,0.6,9.814710982145282
455.0,0.5010989,0.0043956,0.1802198,0.1453744,0.8527473,0.0,0.6609195,0.0057471,0.0402299,0.1343284,0.0057471,0.9827586,0.2288557,0.0952381,0.5555556,10.106469212026385
10163.0,0.4814523,0.036505,0.0648431,0.0557875,0.7750664,0.0,0.5948488,0.0031355,0.0893617,0.0564243,0.0367301,0.9856663,0.2863483,0.0224784,0.1960784,11.600945499760169
636.0,0.4874214,0.9449686,0.0849057,0.1226994,0.8569182,0.0,0.6621622,0.009009,0.0540541,0.038961,0.9234234,0.9954955,0.4415584,0.1136364,0.0,10.192456296870509
1114.0,0.483842,0.0,0.1885099,0.146087,0.8868941,0.0,0.75,0.0,0.0169492,0.059761,0.0,0.9851695,0.2450199,0.045977,0.8,10.318935994253193
619.0,0.453958,0.0193861,0.1292407,0.1952663,0.7996769,0.0,0.5802048,0.0,0.003413,0.1305638,0.0273038,0.9931741,0.5103858,0.0434783,0.8333333,10.39516093745751
3182.0,0.5031427,0.0015713,0.0857951,0.0531309,0.9135764,0.0,0.8028803,0.0045005,0.0405041,0.1018593,0.0018002,0.5877588,0.3193209,0.0942029,0.4285714,11.042937835596494
1478.0,0.4830853,0.0879567,0.1197564,0.1465969,0.8538566,0.0,0.6816609,0.0051903,0.0432526,0.0692432,0.0657439,0.9913495,0.5152979,0.0984848,0.3333333,9.69898173460629
281.0,0.4163701,0.0,0.3202847,0.1890244,0.8327402,0.0,0.6694915,0.0084746,0.0423729,0.0634921,0.0,0.9915254,0.3174603,0.0625,0.5,10.034559673629849
1421.0,0.4778325,0.0,0.1991555,0.1172507,0.8909219,0.0,0.7513228,0.0017637,0.021164,0.0612583,0.0,0.984127,0.2135762,0.0731707,1.0,10.442929787247998
637.0,0.4678179,0.0,0.310832,0.2241888,0.7990581,0.0,0.6,0.0,0.0196721,0.0557276,0.0,0.9967213,0.2786378,0.0609756,0.3333333,9.957075711706057
296.0,0.5202703,0.0202703,0.1756757,0.056338,0.9290541,0.0,0.8425926,0.0,0.037037,0.0847458,0.0185185,0.9907407,0.2457627,0.1764706,1.0,10.609081944147828
5217.0,0.4807361,0.0,0.1533448,0.1218162,0.8391796,0.0247269,0.6824526,0.002991,0.0299103,0.1510791,0.0,0.9800598,0.3774862,0.0993103,0.7692308,10.298935994257638
5615.0,0.4931434,0.0934996,0.0778272,0.0537597,0.8514693,0.0,0.7029613,0.0059226,0.0683371,0.0895894,0.0870159,0.7398633,0.3649938,0.0298314,0.48,11.371373421319406
185.0,0.4594595,0.0,0.2648649,0.11,0.8810811,0.0,0.72,0.0,0.0133333,0.25,0.0,0.9733333,0.29,0.2,0.75,9.615805480084347
83.0,0.4457831,0.0,0.1927711,0.2173913,0.8192771,0.0,0.6388889,0.0,0.0555556,0.1219512,0.0,1.0,0.3658537,0.1666667,0.0,9.615805480084347
1798.0,0.5667408,0.0038932,0.0155729,0.0115533,0.6051168,0.0,0.4780764,0.0056577,0.3267327,0.4739583,0.0042433,0.8373409,0.7440476,0.047191,0.0,11.780667550692455
325.0,0.4615385,0.0,0.3415385,0.28,0.7076923,0.1169231,0.6029412,0.0,0.0147059,0.1952663,0.0,1.0,0.3195266,0.0,0.7142857,9.615805480084347
605.0,0.4991736,0.0,0.1421488,0.0891089,0.8892562,0.0,0.7327189,0.0092166,0.0322581,0.1142857,0.0,0.9631336,0.3877551,0.1547619,1.0,10.348205424565993
133.0,0.481203,0.0,0.1353383,0.1304348,0.8947368,0.0,0.7454545,0.0,0.0,0.0833333,0.0,1.0,0.2666667,0.0,0.0,10.150386692204734
331.0,0.4803625,0.0,0.0845921,0.0813953,0.9033233,0.0,0.766129,0.0,0.016129,0.0948905,0.0,0.9919355,0.1021898,0.0740741,0.75,10.292179440058462
291.0,0.4604811,0.2130584,0.0996564,0.1019108,0.8900344,0.0,0.7345133,0.0,0.0176991,0.1503759,0.1946903,1.0,0.3909774,0.1489362,1.0,10.413342705547674
15655.0,0.4466305,0.5287767,0.1664644,0.1625303,0.8436921,0.0221016,0.6922054,0.0043211,0.0317434,0.0665529,0.4763171,0.9956789,0.3572758,0.1243469,0.5606061,10.428245666832275
29034.0,0.4729283,0.0081628,0.1953227,0.1429132,0.7180547,0.0494937,0.5604215,0.0052303,0.0678376,0.064827,0.0060109,0.917018,0.4635713,0.0539563,0.4384615,10.616461869895815
294.0,0.4591837,0.0,0.0816327,0.0754717,0.9319728,0.0,0.814433,0.0,0.0206186,0.0761905,0.0,1.0,0.1904762,0.1666667,0.0,9.770013301136158
339.0,0.5339233,0.3215339,0.1415929,0.0949367,0.9115044,0.0,0.7723577,0.0,0.0162602,0.075188,0.2926829,1.0,0.2932331,0.1764706,0.5,9.841665338892785
63352.0,0.4907185,0.0301806,0.0523425,0.0502418,0.8823873,0.0233458,0.7803684,0.0046165,0.046118,0.0467618,0.0287713,0.9857776,0.2402543,0.0825498,0.2692308,11.119897691565697
67.0,0.4925373,0.0,0.2089552,0.0588235,0.880597,0.0,0.7407407,0.0,0.037037,0.325,0.0,1.0,0.525,0.0,0.0,9.615805480084347
282.0,0.5,0.0,0.1702128,0.106383,0.8546099,0.0,0.6509434,0.009434,0.0283019,0.1846154,0.0,1.0,0.3307692,0.137931,0.75,10.158168529848494
12345.0,0.4788173,0.0083435,0.127825,0.0822195,0.8297286,0.0102876,0.681236,0.0044725,0.0709494,0.0441119,0.0067087,0.9863793,0.3569763,0.0416667,0.137931,11.744045122410057
6565.0,0.5002285,0.150495,0.0289414,0.0460226,0.8728104,0.0,0.7390723,0.0084746,0.0767172,0.0638831,0.1427297,0.9442462,0.2597077,0.1436515,0.2333333,11.447864140528155
424.0,0.4481132,0.2712264,0.1910377,0.2222222,0.870283,0.0,0.6964286,0.0,0.0238095,0.1204188,0.2380952,0.9940476,0.2198953,0.1136364,0.5,10.566201298475118
399.0,0.5112782,0.0,0.1428571,0.1128205,0.8596491,0.0,0.6948052,0.0064935,0.0324675,0.0434783,0.0,1.0,0.1552795,0.0689655,0.25,9.994287576862567
3828.0,0.4725705,0.0067921,0.2698537,0.115899,0.8725183,0.0,0.7444795,0.0025237,0.0384858,0.3357083,0.0044164,0.9955836,0.1119028,0.1042471,0.5348837,11.808583147519697
9055.0,0.4786306,0.0188846,0.1346218,0.1073925,0.8764219,0.0246273,0.7657738,0.002381,0.0279762,0.028621,0.0196429,0.989881,0.2509396,0.0622837,0.5882353,10.685126264117057
1507.0,0.5096218,0.0059721,0.0829463,0.0866035,0.9276709,0.0,0.82846,0.0097466,0.0292398,0.1617647,0.0077973,0.9824561,0.4754902,0.075,0.8,10.354595018522993
1398.0,0.4964235,0.0014306,0.1337625,0.0823864,0.9213162,0.0,0.798419,0.0019763,0.013834,0.0488722,0.0,0.9980237,0.1823308,0.1333333,0.5,10.599156550639583
2115.0,0.5134752,0.2160757,0.1177305,0.0826045,0.7631206,0.113948,0.6753623,0.0014493,0.0405797,0.4831461,0.2231884,0.8898551,0.4958801,0.1634146,0.6666667,11.095908894882296
1931.0,0.4935267,0.0,0.1538063,0.0746421,0.9321595,0.0,0.8163265,0.0,0.0058309,0.0255682,0.0,0.9927114,0.2130682,0.0461538,0.1428571,10.785207543360087
540.0,0.487037,0.0,0.0925926,0.0685921,0.8759259,0.0,0.7537688,0.0150754,0.0452261,0.0339806,0.0,0.9748744,0.3349515,0.1086957,0.0,9.966509298952284
1315.0,0.4593156,0.0,0.2745247,0.2278481,0.7885932,0.0562738,0.6353383,0.0037594,0.0150376,0.0666667,0.0,0.9849624,0.245614,0.0512821,0.6666667,9.741027444837728
1179.0,0.4910941,0.2298558,0.0992366,0.0933333,0.8914334,0.0,0.7577778,0.0044444,0.0311111,0.0425532,0.2,0.9888889,0.3617021,0.0694444,0.3333333,10.499600568082863
8788.0,0.4767865,0.0051206,0.1906008,0.1335363,0.8348885,0.0201411,0.691872,0.0050977,0.0421977,0.0485044,0.0048145,0.961484,0.4028564,0.0838951,0.1176471,11.098939154318382
1076.0,0.4581784,0.0009294,0.2091078,0.1406518,0.8745353,0.0,0.7123596,0.0022472,0.0134831,0.0262582,0.0,1.0,0.1838074,0.039604,0.4,10.278527816830314
298.0,0.4832215,0.0,0.1979866,0.1623377,0.8154362,0.0,0.6440678,0.0084746,0.0762712,0.1862069,0.0,0.9915254,0.2689655,0.0,0.0,10.288783966353765
7715.0,0.4935839,0.0571614,0.0482178,0.0458152,0.9022683,0.0,0.7724087,0.0029509,0.0405754,0.0651724,0.0531169,0.9546293,0.3017241,0.1214286,0.6388889,11.631605875642963
3219.0,0.4666045,0.1314073,0.1873253,0.1525917,0.8567878,0.0034172,0.6826347,0.001497,0.0142216,0.0824176,0.1122754,0.991018,0.3571429,0.0843373,0.65,10.563620718477313
1263.0,0.4568488,0.0071259,0.2066508,0.154519,0.8250198,0.0110847,0.646833,0.0019194,0.0345489,0.1374172,0.0076775,0.9961612,0.2649007,0.0718232,1.0,10.477316144080852
3317.0,0.5417546,0.0102502,0.0624058,0.0473684,0.7105819,0.000603,0.5727871,0.0087783,0.1938552,0.2134638,0.0087783,0.9465984,0.4050633,0.0717884,0.0769231,12.692813546903102
481.0,0.4615385,0.006237,0.1330561,0.1042471,0.8648649,0.0,0.6947368,0.0,0.0368421,0.0909091,0.0052632,1.0,0.2488038,0.0909091,0.8,10.524090921620362
656.0,0.4237805,0.5960366,0.2195122,0.2116402,0.8643293,0.0091463,0.6736402,0.0,0.0209205,0.2364217,0.5355649,1.0,0.2076677,0.1803279,1.0,9.615805480084347
3357.0,0.4968722,0.0428954,0.0950253,0.0698638,0.9127197,0.0,0.8041958,0.003108,0.026418,0.0529801,0.036519,0.996115,0.3075791,0.0622837,0.3076923,10.594156665220533
1037.0,0.4464802,0.0048216,0.2160077,0.184669,0.6702025,0.0848602,0.5381166,0.0044843,0.0874439,0.2603648,0.0022422,0.9955157,0.3366501,0.0300429,0.1428571,11.564578194753137
268.0,0.4402985,0.0,0.1604478,0.16,0.8656716,0.0,0.6634615,0.0,0.0096154,0.0956522,0.0,1.0,0.2086957,0.1428571,0.3333333,9.792611856190192
182.0,0.4945055,0.0,0.2692308,0.1086957,0.8186813,0.0,0.6463415,0.0,0.0365854,0.2612613,0.0,1.0,0.4054054,0.1578947,0.0,10.768506042432708
1858.0,0.4956943,0.0037675,0.0269107,0.0341515,0.9456405,0.0,0.8423729,0.0,0.0135593,0.1060606,0.0033898,0.8525424,0.0878788,0.1982301,0.0,9.615805480084347
1025.0,0.457561,0.0312195,0.1629268,0.1366906,0.875122,0.0,0.7317647,0.0,0.0329412,0.049217,0.0329412,1.0,0.2774049,0.0151515,0.6666667,10.936689829317784
98.0,0.5102041,0.0,0.2040816,0.1458333,0.744898,0.0,0.5208333,0.0208333,0.0416667,0.2835821,0.0,1.0,0.5074627,0.0,1.0,9.615805480084347
88.0,0.5,0.4886364,0.125,0.1590909,0.9204545,0.0,0.78125,0.0,0.0,0.0588235,0.46875,1.0,0.3235294,0.1666667,0.0,9.69898173460629
172.0,0.5348837,0.0174419,0.0406977,0.0625,0.9069767,0.0,0.75,0.0208333,0.0416667,0.0588235,0.0416667,1.0,0.9607843,0.2631579,0.0,9.615805480084347
1839.0,0.4594889,0.0021751,0.2093529,0.1710262,0.8210984,0.0543774,0.7061224,0.0027211,0.0176871,0.1090909,0.0013605,0.9986395,0.2715152,0.0717949,0.65,10.357774570341576
4885.0,0.5576254,0.171955,0.0036847,0.0046275,0.8341863,0.1594678,0.9772013,0.0,0.0015723,0.005473,0.177673,0.9386792,0.1149335,0.1343402,0.0,11.174665631549477
19027.0,0.4908814,0.039733,0.0639617,0.0486219,0.9443423,0.004152,0.8650564,0.0009662,0.0173913,0.0506039,0.0359098,0.9803543,0.0992203,0.1102078,0.33125,11.418625774449596
2398.0,0.4562135,0.000417,0.177231,0.1196319,0.8736447,0.0325271,0.7645126,0.0,0.0109529,0.0359029,0.0,1.0,0.2555438,0.0532787,0.6,10.34177474101152
359.0,0.4345404,0.0,0.2451253,0.2413793,0.7910864,0.0,0.569697,0.0,0.0242424,0.0236686,0.0,0.9878788,0.4023669,0.0,0.3333333,10.803669227477098
5.0,0.4,0.0,0.0,0.0,1.0,0.0,1.0,0.0,0.0,0.3333333,0.0,1.0,0.0,0.0,0.0,0.0
2817.0,0.4994675,0.0081647,0.1448349,0.112766,0.8459354,0.0,0.6595941,0.0009225,0.050738,0.0295434,0.0129151,0.9594096,0.4333035,0.0733945,0.2857143,11.958898918415885
1128.0,0.5044326,0.0576241,0.1950355,0.1735242,0.7615248,0.0,0.5742972,0.0040161,0.0863454,0.1602024,0.060241,0.9819277,0.4974705,0.0641711,0.4,10.305647203635566
119.0,0.4705882,0.0,0.1428571,0.031746,0.8571429,0.0,0.7659574,0.0212766,0.106383,0.0208333,0.0,1.0,0.375,0.1818182,0.0,9.61587214452889
7727.0,0.4508865,0.0075061,0.2326906,0.1475371,0.7818041,0.019283,0.6206198,0.001448,0.0524182,0.0649878,0.0052129,0.9936287,0.3715137,0.0183333,0.3157895,11.330215832884798
1052.0,0.4448669,0.0,0.4068441,0.2277397,0.7851711,0.0427757,0.6438632,0.0,0.0080483,0.0930657,0.0,0.9979879,0.3156934,0.0526316,0.6,9.615805480084347
5377.0,0.4738702,0.0115306,0.1631021,0.1378579,0.7310768,0.0277106,0.5438596,0.004279,0.0813008,0.1120821,0.0089859,0.9944373,0.4802432,0.0407498,0.5454545,10.825780236605917
710.0,0.4577465,0.0,0.2084507,0.1532468,0.8591549,0.0,0.6915254,0.0,0.0271186,0.1114458,0.0,0.9898305,0.2891566,0.0921053,0.3333333,10.007892611890918
94.0,0.5638298,0.0,0.0744681,0.0243902,0.9361702,0.0,0.8235294,0.0,0.0,0.0,0.0,1.0,0.2058824,0.0,0.0,9.980494888896912
685.0,0.4642336,0.0,0.220438,0.147139,0.8875912,0.0,0.737037,0.0037037,0.0074074,0.1262136,0.0,0.9962963,0.3915858,0.1492537,0.5,9.615805480084347
420.0,0.5,0.0,0.1333333,0.0904762,0.9428571,0.0,0.8493151,0.0068493,0.0068493,0.0875,0.0,1.0,0.175,0.3913043,0.0,10.102379394048045
14062.0,0.4657943,0.1425117,0.1869578,0.1573482,0.8402077,0.029441,0.6950238,0.0032931,0.0243322,0.1425882,0.1317234,0.9760337,0.3769412,0.0951691,0.5862069,10.335302435967074
164.0,0.5060976,0.0,0.2317073,0.1481481,0.8841463,0.0,0.7428571,0.0,0.0142857,0.1860465,0.0,1.0,0.3139535,0.0,0.8333333,9.615805480084347
5304.0,0.5147059,0.0961538,0.0505279,0.038073,0.9004525,0.0,0.7954164,0.0072666,0.0709894,0.0255991,0.1140302,0.9094466,0.664488,0.0883055,0.25,12.074259775399616
8431.0,0.4720674,0.0047444,0.2567904,0.1541227,0.8047681,0.0,0.6358186,0.0020855,0.0544838,0.4296759,0.0036496,0.9900938,0.3058281,0.0332937,0.6428571,11.817472029092508
548.0,0.5054745,0.0018248,0.1770073,0.1107011,0.8777372,0.0,0.6889952,0.0,0.0095694,0.1606426,0.0047847,1.0,0.3614458,0.1016949,1.0,10.114599007626499
15757.0,0.4667132,0.0198642,0.163229,0.1267404,0.8481945,0.0076157,0.6856773,0.0032404,0.0414776,0.068518,0.0168503,0.9797472,0.304105,0.0920796,0.3970588,11.138973558699526
12799.0,0.5001953,0.1474334,0.0575826,0.0595592,0.9466365,0.003594,0.8735972,0.0047253,0.036326,0.0225173,0.1417602,0.7017129,0.2358545,0.2796272,0.4705882,11.660491657418318
12451.0,0.4667898,0.0399165,0.1827966,0.1388763,0.8261987,0.0206409,0.6635071,0.003752,0.032188,0.0927983,0.0365324,0.9944708,0.3269437,0.0645554,0.5588235,9.961803629358965
10733.0,0.4919407,0.0135097,0.1716202,0.1349716,0.8390944,0.0,0.6573966,0.0018696,0.0465062,0.0868545,0.0121524,0.8672587,0.5343577,0.0764234,0.3548387,11.939506063682469
297.0,0.4713805,0.0,0.3501684,0.2101911,0.7946128,0.0,0.5874126,0.006993,0.006993,0.1875,0.0,0.993007,0.2329545,0.075,0.0,9.615805480084347
825.0,0.4751515,0.030303,0.2072727,0.1639723,0.8642424,0.0,0.696793,0.0058309,0.0145773,0.0498615,0.0349854,0.9970845,0.3878116,0.0655738,1.0,9.76428295481558
2599.0,0.4932666,0.00808,0.1173528,0.0698557,0.8545594,0.0404002,0.7668449,0.002139,0.0502674,0.0240084,0.0010695,0.9946524,0.2327766,0.0379747,0.6666667,11.444657330797734
612.0,0.4705882,0.0,0.1797386,0.132716,0.8594771,0.0,0.686747,0.0040161,0.0160643,0.1501706,0.0,1.0,0.1911263,0.0909091,1.0,9.809231816610408
98.0,0.4489796,0.255102,0.1428571,0.2222222,0.8673469,0.0,0.6842105,0.0,0.0263158,0.1162791,0.1315789,1.0,0.1860465,0.5,0.0,9.90353755128617
103439.0,0.4871567,0.0239175,0.1209408,0.1058475,0.8006845,0.040391,0.654934,0.0038629,0.0704773,0.08146,0.0218536,0.9161782,0.4621607,0.1227279,0.4940711,11.575909653758895
171.0,0.4561404,0.0,0.1520468,0.0752688,0.9181287,0.0,0.7777778,0.0,0.0,0.1,0.0,1.0,0.0428571,0.1538462,0.0,10.34177474101152
175.0,0.4971429,0.0,0.16,0.1477273,0.8857143,0.0,0.7164179,0.0149254,0.0149254,0.1298701,0.0,1.0,0.2467532,0.25,1.0,9.69898173460629
2141.0,0.4950957,0.0238206,0.0387669,0.0305273,0.8486688,0.0,0.7067583,0.0011455,0.0756014,0.0633047,0.0194731,0.9828179,0.1298283,0.0364964,0.2162162,11.893421422254848
96.0,0.5,0.0,0.09375,0.1666667,0.8229167,0.0,0.5897436,0.0,0.025641,0.2352941,0.0,1.0,0.5294118,0.0,0.0,9.841665338892785
7977.0,0.5093394,0.0675693,0.0275793,0.0283597,0.9484769,0.0016297,0.8742677,0.0072105,0.0423614,0.0406399,0.0671474,0.8458765,0.1240813,0.3975904,0.3529412,11.559818592808288
1761.0,0.4946053,0.0034072,0.0817717,0.0629213,0.9097104,0.0011357,0.8049645,0.0106383,0.0460993,0.1282844,0.0035461,0.7960993,0.5007728,0.206278,1.0,10.39516093745751
1638.0,0.5506716,0.0067155,0.03663,0.048913,0.8931624,0.0,0.8,0.0151899,0.0835443,0.0550239,0.0075949,0.2911392,0.6746411,0.4568966,0.0,10.332050506334692
454.0,0.4493392,0.3700441,0.2004405,0.156,0.8678414,0.0,0.6827957,0.0,0.0053763,0.1226415,0.3602151,1.0,0.3254717,0.1509434,1.0,9.803722464346553
700.0,0.4371429,0.5242857,0.1371429,0.1091371,0.9157143,0.0,0.7933884,0.0,0.0371901,0.0833333,0.4669421,0.9710744,0.2651515,0.1538462,0.0,10.689692377847104
511.0,0.4246575,0.2446184,0.1761252,0.1496599,0.8747554,0.0,0.7170732,0.004878,0.0146341,0.0420561,0.2292683,0.9902439,0.2476636,0.1333333,0.0,10.586609649448985
1122.0,0.5,0.0008913,0.1327986,0.0802139,0.8832442,0.0,0.7432432,0.0045045,0.0292793,0.0368764,0.0022523,1.0,0.2798265,0.09375,0.0,10.698762529141884
7074.0,0.4612666,0.008199,0.2448403,0.1695093,0.7871077,0.0521628,0.653913,0.0048696,0.0313043,0.0461181,0.008,0.9867826,0.3035833,0.0678685,0.4814815,10.275085591132715
264.0,0.5378788,0.0,0.2045455,0.1229508,0.8977273,0.0,0.7570093,0.0,0.0093458,0.3096774,0.0,1.0,0.5032258,0.0833333,0.5,9.615805480084347
1759.0,0.4320637,0.003411,0.3666856,0.2302302,0.7851052,0.0,0.5949074,0.0034722,0.0243056,0.0699677,0.0,0.9849537,0.5166846,0.0472637,0.5,10.911463720944793
277.0,0.5018051,0.0,0.1227437,0.0797101,0.9133574,0.0,0.776699,0.0,0.0097087,0.0550459,0.0,1.0,0.3119266,0.2142857,0.0,9.966509298952284
2068.0,0.4830754,0.0,0.2026112,0.1300281,0.8839458,0.0,0.7220812,0.001269,0.0215736,0.0718492,0.0,1.0,0.1872792,0.0983607,0.75,9.989711119284745
250.0,0.468,0.0,0.208,0.1729323,0.832,0.0,0.635514,0.0,0.0280374,0.0614035,0.0,1.0,0.3596491,0.1153846,1.0,9.857495968685136
292.0,0.5136986,0.0,0.0821918,0.0774648,0.7979452,0.0,0.6403509,0.0087719,0.1403509,0.0578512,0.0,0.9736842,0.4049587,0.0363636,0.0,11.109473329472568
998.0,0.4478958,0.0,0.1993988,0.1814882,0.8306613,0.0490982,0.6974359,0.0,0.0051282,0.0909091,0.0,0.9974359,0.3659674,0.0689655,0.75,10.150386692204734
934.0,0.48394,0.0053533,0.1873662,0.1908714,0.7847966,0.0620985,0.66313,0.0026525,0.0397878,0.0598504,0.005305,1.0,0.3840399,0.0441989,0.25,10.480129006333248
13634.0,0.4911985,0.0141558,0.0762065,0.05968,0.9204929,0.0006601,0.8354517,0.0018157,0.0422152,0.0411317,0.0140717,0.9779846,0.1070729,0.1023766,0.8133333,12.115058723579269
2367.0,0.4799324,0.0004225,0.2686946,0.170593,0.7967892,0.0211238,0.6264368,0.0057471,0.032567,0.0703473,0.0,0.9521073,0.4710597,0.0841837,0.6,10.815790343132422
1211.0,0.4715111,0.0008258,0.1494633,0.1015625,0.8513625,0.0,0.7002096,0.0,0.067086,0.1150278,0.0,0.9979036,0.3432282,0.0451613,0.5238095,11.275949181024878
36909.0,0.5113116,0.049744,0.1315668,0.0879858,0.8913815,0.0559213,0.8585903,0.0016887,0.0214203,0.0225871,0.0148431,0.9715581,0.0969507,0.1285166,0.3035714,12.02814741073532
27850.0,0.5176302,0.0040934,0.0448833,0.054042,0.9440215,0.0064273,0.8582204,0.0047722,0.0369458,0.0275449,0.0044643,0.1285406,0.8113772,0.388655,0.4444444,11.745631152988125
134.0,0.5671642,0.0,0.1343284,0.0689655,0.8880597,0.0,0.7045455,0.0,0.0454545,0.0638298,0.0,0.8863636,0.4255319,0.2857143,0.5,9.615805480084347
85493.0,0.471407,0.0087376,0.1707859,0.1247815,0.7386804,0.0475244,0.6029569,0.004716,0.0804039,0.040503,0.0072621,0.9962098,0.3365999,0.0415039,0.3888889,10.440010162389305
755.0,0.4741722,0.0,0.210596,0.1586902,0.9006623,0.0,0.7583893,0.0,0.0100671,0.0628931,0.0,0.9932886,0.2578616,0.1333333,0.6,10.360944044643913
3102.0,0.4729207,0.0122502,0.1792392,0.1198777,0.8104449,0.0038685,0.6376594,0.0082521,0.0547637,0.053939,0.012003,0.9699925,0.3236338,0.0545113,0.375,10.675931008412125
1010.0,0.4920792,0.0,0.1257426,0.1091618,0.8990099,0.0,0.7506494,0.0,0.0155844,0.0609756,0.0,0.9922078,0.2560976,0.0851064,0.5,10.025749432069084
37712.0,0.5161222,0.049772,0.0809822,0.0615958,0.6421298,0.0675912,0.5379536,0.0025189,0.1802029,0.0558555,0.0511267,0.9726326,0.461049,0.0439883,0.25,10.839600519357369
47358.0,0.4880274,0.0034419,0.0936061,0.0673513,0.9109337,0.0042232,0.7977286,0.0022714,0.0306635,0.0257396,0.0032875,0.99474,0.1109946,0.0829454,0.3559322,11.128747176317603
773.0,0.5148771,0.0012937,0.0866753,0.0666667,0.923674,0.0,0.7831858,0.0,0.0353982,0.2286689,0.0,0.9867257,0.6075085,0.2461538,1.0,9.729193687429403
2393.0,0.4554952,0.0,0.2106143,0.1742134,0.7730882,0.040117,0.6134538,0.0050201,0.0491968,0.0937216,0.0,0.997992,0.3393995,0.0376344,0.8,10.685126264117057
2769.0,0.4810401,0.0010834,0.1549296,0.1057759,0.8443481,0.0054171,0.6900638,0.0036463,0.0556062,0.034331,0.0009116,0.9927074,0.3503521,0.0503018,0.3333333,10.879951039444416
1007.0,0.4836147,0.1539225,0.1559086,0.1096154,0.8997021,0.0,0.7553191,0.0026596,0.0212766,0.043257,0.1276596,0.9946809,0.3435115,0.170068,0.0,10.382853468483827
738.0,0.4186992,0.0,0.4132791,0.3170163,0.6869919,0.0840108,0.5281899,0.0029674,0.0207715,0.1201044,0.0,1.0,0.3733681,0.04,0.7,9.90353755128617
141.0,0.4893617,0.0,0.1560284,0.1527778,0.8368794,0.0,0.6779661,0.0,0.0677966,0.6549708,0.0,1.0,0.3274854,0.0526316,0.0,11.403121759615027
1566.0,0.4872286,0.0185185,0.1347382,0.139477,0.7215837,0.0063857,0.5216783,0.0,0.0839161,0.084507,0.0181818,0.9314685,0.5710627,0.0411765,0.0,11.938199736300925
956.0,0.4686192,0.0,0.1558577,0.1043307,0.8849372,0.0,0.7506562,0.0104987,0.0262467,0.0592593,0.0,1.0,0.3111111,0.0390625,1.0,10.502351525774941
1896.0,0.4783755,0.0015823,0.1872363,0.1496461,0.8449367,0.0443038,0.7257143,0.0042857,0.0214286,0.0344828,0.0,0.9857143,0.2068966,0.0880503,1.0,10.389026137075234
11917.0,0.4593438,0.0014265,0.197449,0.1521031,0.7709155,0.0292859,0.5944243,0.0049647,0.0406721,0.054181,0.0011457,0.9921711,0.4475348,0.0514309,0.4393939,10.69650269224425
250.0,0.5,0.0,0.136,0.128,0.908,0.0,0.7444444,0.0,0.0,0.0816327,0.0,1.0,0.3673469,0.2272727,0.0,9.615805480084347
1277.0,0.504307,0.0015662,0.1213782,0.093207,0.8911511,0.0,0.7248322,0.0044743,0.0268456,0.2226087,0.0022371,0.8299776,0.5617391,0.175,0.8666667,9.803722464346553
1188.0,0.5210438,0.0058923,0.1447811,0.1335677,0.7962963,0.0749158,0.6761229,0.0070922,0.0283688,0.1205821,0.0,0.9976359,0.2245322,0.1156463,0.5714286,10.173552856959743
4921.0,0.4893314,0.0258078,0.0786426,0.0696379,0.9213574,0.0,0.8097143,0.0051429,0.0211429,0.0514905,0.0228571,0.9982857,0.2352304,0.1146497,0.7777778,10.841559345471941
6382.0,0.4681918,0.0216233,0.1993106,0.1682381,0.841429,0.0249138,0.6894587,0.003256,0.020757,0.1418093,0.021164,0.8534799,0.3657003,0.1119221,0.8088235,10.184937747111391
2205.0,0.5015873,0.0068027,0.1206349,0.0873521,0.8884354,0.0,0.7679697,0.0063052,0.0517024,0.0411125,0.0025221,0.9066835,0.2575574,0.1416667,0.2727273,12.417957049864935
5639.0,0.4763256,0.0051428,0.1464799,0.112428,0.8622096,0.021635,0.728739,0.0063539,0.0361681,0.053654,0.0029326,0.9936461,0.2238668,0.1008772,0.6666667,11.752737324967208
11504.0,0.4672288,0.0149513,0.1885431,0.147006,0.8142385,0.0216446,0.6556319,0.003123,0.0397668,0.0835718,0.0139496,0.9841766,0.3323793,0.0753623,0.5227273,10.2328272702548
967.0,0.4560496,0.0010341,0.2192347,0.1958175,0.7973113,0.0486039,0.6376022,0.0054496,0.0299728,0.039267,0.0027248,1.0,0.2617801,0.027027,0.3333333,10.199918739620157
3832.0,0.5806367,0.1221294,0.0013048,0.0018668,0.782881,0.2145094,0.9879518,0.0,0.0,0.0130797,0.1253012,0.9578313,0.1890606,0.183922,0.0,10.795506083434564
2101.0,0.513089,0.0123751,0.1089957,0.0899316,0.8600666,0.0014279,0.710199,0.0049751,0.0522388,0.1419424,0.0099502,0.9440299,0.5346852,0.1246537,0.5,10.547995807489514
16162.0,0.4501918,0.368395,0.1936642,0.1533874,0.8372726,0.0068061,0.6607691,0.0019009,0.0250037,0.0644323,0.312765,0.9966369,0.3370725,0.0713755,0.5964912,10.518700218288165
255.0,0.4862745,0.0313725,0.2,0.1450382,0.8392157,0.0,0.6637168,0.0,0.0265487,0.034188,0.0442478,1.0,0.2393162,0.0869565,0.5,10.196194479235656
2469.0,0.4831916,0.0052653,0.1547185,0.0901254,0.9335763,0.0,0.8349945,0.0011074,0.0121816,0.0141921,0.0033223,0.9922481,0.0567686,0.0689655,0.3,11.409795792463761
213.0,0.5023474,0.0,0.2347418,0.1132075,0.8873239,0.0,0.7831325,0.0120482,0.0361446,0.0,0.0,0.9759036,0.0361446,0.25,0.0,11.031674824544641
22151.0,0.4909033,0.0178773,0.0790483,0.0806952,0.9420342,0.0057785,0.8625856,0.0015696,0.0199772,0.0191742,0.0166952,0.965468,0.1303009,0.0663812,0.3050847,11.88173350431221
212.0,0.4481132,0.0,0.2311321,0.2051282,0.8254717,0.0,0.6421053,0.0,0.0210526,0.1880342,0.0,0.9894737,0.4188034,0.0,1.0,9.615805480084347
9214.0,0.4710224,0.0307141,0.215433,0.169881,0.7034947,0.0630562,0.547619,0.0030952,0.052381,0.0759076,0.0121429,0.9921429,0.3746975,0.0243902,0.5428571,10.823790225800138
673.0,0.5200594,0.0014859,0.1263001,0.0866873,0.8573551,0.0,0.6889764,0.011811,0.0511811,0.0486891,0.003937,0.992126,0.2621723,0.1940299,0.625,10.34177474101152
243.0,0.4897119,0.0,0.1193416,0.1370968,0.9053498,0.0,0.75,0.0125,0.0125,0.0909091,0.0,0.9875,0.2272727,0.1538462,1.0,9.975854724662028
1729.0,0.4887218,0.004627,0.0838635,0.0395928,0.9618276,0.0,0.9056974,0.0058939,0.0176817,0.0341556,0.0039293,0.9842829,0.0227704,0.25,0.6666667,13.122367377396328
331.0,0.4803625,0.0,0.1903323,0.2093023,0.8821752,0.0,0.7109375,0.0,0.015625,0.1172414,0.0,1.0,0.2482759,0.12,1.0,9.615805480084347
204.0,0.4656863,0.0,0.2205882,0.1100917,0.8823529,0.0,0.7108434,0.0,0.0,0.1443299,0.0,1.0,0.3092784,0.0434783,0.0,9.825580063659602
282.0,0.4751773,0.0,0.2304965,0.2027027,0.8156028,0.0,0.5833333,0.0,0.0166667,0.0769231,0.0,1.0,0.1846154,0.125,0.0,9.77571099759397
356.0,0.4803371,0.005618,0.0983146,0.1567568,0.8314607,0.0,0.65,0.0071429,0.0642857,0.1139241,0.0071429,1.0,0.5379747,0.0740741,0.0,9.615805480084347
5413.0,0.5089599,0.0144098,0.082579,0.0775019,0.5233697,0.2808055,0.5361727,0.0046674,0.1056009,0.0770059,0.0093349,0.9941657,0.4232633,0.0435323,0.5,10.463131911491967
453.0,0.4966887,0.2759382,0.2119205,0.1754386,0.6821192,0.2251656,0.7191781,0.0,0.0068493,0.0700637,0.1438356,0.9931507,0.1401274,0.0625,0.6666667,10.5610334618531
231.0,0.4632035,0.0952381,0.1082251,0.1048387,0.9264069,0.0,0.7875,0.0,0.0,0.1208791,0.0875,0.9625,0.3186813,0.1333333,1.0,10.407318772389159
238.0,0.4663866,0.0,0.2016807,0.1574803,0.8613445,0.0,0.6862745,0.0,0.0098039,0.1282051,0.0,1.0,0.1452991,0.0,0.0,11.181653682515929
40052.0,0.4786278,0.0150554,0.0955008,0.0707308,0.7414861,0.0198242,0.5830573,0.0038348,0.1159142,0.0470627,0.0125501,0.9830922,0.3992581,0.0380322,0.0447761,11.720760435616398
1023.0,0.4604106,0.0,0.1192571,0.0996377,0.8690127,0.0117302,0.7165354,0.0052493,0.0288714,0.0255754,0.0,0.992126,0.314578,0.1041667,0.0,10.416341118636355
178.0,0.4719101,0.0,0.1573034,0.1382979,0.8707865,0.0,0.7142857,0.0,0.0428571,0.1566265,0.0,1.0,0.253012,0.1578947,0.0,10.250652418696085
340.0,0.4705882,0.0,0.1735294,0.1611111,0.8470588,0.0,0.6641221,0.0076336,0.0458015,0.1602564,0.0,0.9083969,0.3782051,0.2291667,0.6666667,9.770013301136158
4488.0,0.48418,0.0028966,0.1637701,0.1049676,0.9093137,0.0028966,0.7996231,0.0006281,0.040201,0.0357359,0.0018844,0.9736181,0.104785,0.0896861,0.5263158,12.299112067295642
1626.0,0.4717097,0.001845,0.1894219,0.1443539,0.8179582,0.0,0.6480687,0.0114449,0.0486409,0.2610994,0.0014306,0.9914163,0.3266385,0.0502092,1.0,10.664316745782925
28840.0,0.4874827,0.0762483,0.1039528,0.0922806,0.9287795,0.0,0.8204121,0.001593,0.028887,0.0207987,0.0619159,0.9563509,0.1804285,0.0914535,0.4222222,11.855812795093666
331.0,0.510574,0.0030211,0.1480363,0.0864198,0.9063444,0.0,0.7692308,0.0,0.0076923,0.1156463,0.0076923,1.0,0.3741497,0.15625,0.0,9.615805480084347
1132.0,0.5053004,0.0132509,0.1360424,0.125,0.9037102,0.040636,0.848,0.0026667,0.0133333,0.0359897,0.0106667,0.9946667,0.1388175,0.1578947,0.0,10.947309210188068
15467.0,0.4680287,0.0079524,0.1527769,0.0957705,0.8979117,0.0343958,0.825,0.0,0.0156716,0.0302153,0.005597,0.9947761,0.0472227,0.1018277,0.5483871,12.000283875037855
534.0,0.4925094,0.0,0.0730337,0.0442804,0.9382022,0.0,0.8368421,0.0,0.0105263,0.025641,0.0,0.9947368,0.1538462,0.16,0.5,10.468829770273567
63.0,0.4920635,0.0,0.2857143,0.1875,0.8888889,0.0,0.72,0.0,0.0,0.3055556,0.0,1.0,0.3055556,0.0,0.0,9.615805480084347
526.0,0.4486692,0.0019011,0.2072243,0.1793103,0.8212928,0.0,0.6495726,0.0042735,0.0470085,0.3371105,0.0042735,0.9957265,0.5127479,0.0425532,0.6,10.021315031649332
205.0,0.4926829,0.1853659,0.1121951,0.0865385,0.9463415,0.0,0.8382353,0.0,0.0,0.0684932,0.2352941,0.9264706,0.0547945,0.3076923,0.0,9.792611856190192
7614.0,0.4831889,0.0421592,0.1363278,0.1047014,0.8798266,0.0144471,0.7542373,0.0036846,0.0420044,0.057966,0.050479,0.9830508,0.2624089,0.0678925,0.2727273,11.431726255472853
602.0,0.4734219,0.0,0.2342193,0.2018927,0.845515,0.0,0.654902,0.0039216,0.0117647,0.1442953,0.0,0.9960784,0.3154362,0.1449275,0.3333333,9.674137279312397
1654.0,0.4770254,0.0,0.1469166,0.1375723,0.8724305,0.0,0.7102804,0.0015576,0.0342679,0.0272727,0.0,1.0,0.3348485,0.047619,0.2857143,11.545402335602985
701.0,0.4621969,0.0,0.1697575,0.1140584,0.9215407,0.0,0.7915058,0.0,0.003861,0.0880282,0.0,1.0,0.1866197,0.125,0.6,10.025749432069084
613.0,0.4665579,0.004894,0.274062,0.1987768,0.776509,0.137031,0.7474747,0.0,0.0151515,0.0616114,0.0,0.989899,0.2796209,0.1041667,0.0,9.75272280064639
910.0,0.4879121,0.0076923,0.1340659,0.0729614,0.8989011,0.0,0.7774648,0.0056338,0.028169,0.1341463,0.0056338,0.9943662,0.2682927,0.1538462,0.8,10.494075844768336
19382.0,0.4846249,0.0292024,0.1117532,0.0900991,0.798834,0.0071716,0.6260958,0.0063524,0.0811841,0.0465173,0.0237581,0.8608817,0.5654755,0.0835278,0.220339,12.352771342460947
3127.0,0.4947234,0.0083147,0.2075472,0.1493671,0.7627119,0.0927406,0.6559406,0.0016502,0.0255776,0.1876676,0.0,0.9917492,0.2882038,0.0870871,0.673913,9.985113621416073
224.0,0.5044643,0.5892857,0.2276786,0.1261261,0.8839286,0.0,0.7093023,0.0,0.0116279,0.0752688,0.4767442,1.0,0.2688172,0.173913,0.0,9.975854724662028
1066.0,0.4774859,0.0,0.1538462,0.0951526,0.9080675,0.0,0.7665848,0.0,0.007371,0.0216346,0.0,1.0,0.1634615,0.0526316,1.0,10.721084386282662
932.0,0.4946352,0.001073,0.082618,0.0615711,0.9248927,0.0,0.8148148,0.0061728,0.0246914,0.0553936,0.0030864,1.0,0.1720117,0.1034483,0.375,10.626217806887722
882.0,0.4206349,0.3390023,0.2165533,0.2446184,0.8321995,0.0430839,0.686747,0.0060241,0.0090361,0.163728,0.2921687,0.9849398,0.3828715,0.0614035,0.5,9.615805480084347
54827.0,0.481697,0.0239845,0.1639885,0.1218637,0.7988765,0.0273041,0.6358122,0.0066679,0.0572791,0.0597353,0.0206057,0.9052139,0.4376088,0.1096461,0.3024691,10.61890979160975
24730.0,0.4557622,0.0020623,0.2393854,0.1864923,0.8203801,0.0089365,0.6373179,0.0027426,0.0282769,0.0677951,0.001324,0.9931908,0.2650093,0.0643623,0.3559322,10.30229722897745
32998.0,0.4834535,0.007849,0.0797018,0.0662364,0.8546276,0.0075762,0.7091897,0.0027561,0.0584298,0.0632883,0.0085046,0.9908654,0.2921,0.0352256,0.3117647,11.446796346169297
988.0,0.4888664,0.0,0.104251,0.0732673,0.909919,0.0,0.7669617,0.0,0.0294985,0.096,0.0,0.8082596,0.2933333,0.2075472,0.8888889,10.776891660007811
637.0,0.4866562,0.0,0.0643642,0.0672783,0.9858713,0.0,0.9370629,0.0,0.0,0.1437126,0.0,0.993007,0.5329341,0.6,0.0,10.110542371500753
676.0,0.4689349,0.3550296,0.158284,0.0835655,0.8934911,0.0,0.7714286,0.0081633,0.044898,0.1373239,0.3346939,0.9918367,0.4119718,0.0597015,0.8333333,9.97119292889014
7437.0,0.4762673,0.0567433,0.2002151,0.1301669,0.9253731,0.0,0.8109512,0.0003997,0.0239808,0.0122385,0.0463629,0.970024,0.1290959,0.0759162,0.5,12.155310788851953
279.0,0.4874552,0.0,0.1935484,0.1678322,0.8422939,0.0215054,0.6576577,0.0,0.0,0.0826446,0.0,1.0,0.3471074,0.1111111,0.0,9.65509029374725
939.0,0.4813632,0.0223642,0.1948882,0.1416838,0.8722045,0.0,0.7116402,0.0,0.0238095,0.125,0.026455,1.0,0.3078704,0.1122449,1.0,10.038935856711177
480.0,0.4958333,0.0,0.11875,0.107438,0.9145833,0.0,0.7664671,0.005988,0.011976,0.0722222,0.0,0.994012,0.3444444,0.1403509,0.0,10.413342705547674
10030.0,0.4785643,0.0014955,0.1526421,0.1239006,0.8342971,0.026321,0.6863094,0.003302,0.0320041,0.0540605,0.001778,0.99619,0.2823162,0.0428689,0.5111111,10.70551155928146
5242.0,0.4660435,0.0019077,0.1650134,0.1421936,0.8264021,0.0349103,0.686783,0.0044888,0.036409,0.053799,0.001995,0.9930175,0.3445021,0.0646617,0.7352941,10.318935994253193
14629.0,0.4767243,0.0010254,0.1925627,0.1205748,0.9056668,0.0012988,0.7823647,0.0010864,0.0235379,0.0203973,0.0012674,0.9773674,0.1945725,0.0193237,0.5294118,12.010671928196443
2013.0,0.4888227,0.0059613,0.1967213,0.143829,0.828614,0.0258321,0.6849315,0.0049813,0.0373599,0.0630105,0.003736,0.992528,0.3057176,0.0805085,0.0,10.351405324899678
2544.0,0.4893868,0.0011792,0.0821541,0.052348,0.9072327,0.0051101,0.8131991,0.0044743,0.0548098,0.0716511,0.0011186,0.9574944,0.125649,0.1637931,0.0,11.282266241614355
3190.0,0.469279,0.0,0.2062696,0.1535735,0.8959248,0.0,0.744856,0.0016461,0.0148148,0.0625,0.0,0.9983539,0.1944444,0.1061947,1.0,9.937937287265354
558.0,0.5268817,0.0107527,0.078853,0.0643939,0.9605735,0.0,0.8425197,0.007874,0.015748,0.0797101,0.015748,0.992126,0.9202899,0.2758621,1.0,10.138599199626192
284.0,0.4929577,0.0,0.1373239,0.1111111,0.9225352,0.0,0.815534,0.0097087,0.0194175,0.0803571,0.0,1.0,0.1339286,0.0,0.0,10.012386799492118
1995.0,0.4992481,0.0010025,0.0526316,0.043043,0.9348371,0.0,0.8338509,0.0015528,0.0263975,0.0402385,0.0,0.9906832,0.2131148,0.1547619,0.25,10.67130147767883
1212.0,0.4933993,0.0033003,0.1534653,0.1026059,0.8432343,0.0,0.6790123,0.0061728,0.0617284,0.1635112,0.0041152,0.973251,0.475043,0.1058201,0.2,11.091346218718432
10621.0,0.4685999,0.1364278,0.1381226,0.1229624,0.8343847,0.0191131,0.6892562,0.0021251,0.0484061,0.0429379,0.1178276,0.9910272,0.279096,0.0432432,0.25,11.041336579870135
258.0,0.5,0.0,0.1085271,0.0852713,0.875969,0.0,0.7282609,0.0108696,0.0434783,0.1238095,0.0,0.9782609,0.3047619,0.1724138,0.0,10.36410350510914
4070.0,0.4800983,0.0970516,0.0884521,0.0723062,0.9255528,0.0,0.809325,0.0013918,0.0173974,0.0829611,0.0967293,0.9686848,0.2903638,0.1082621,0.3666667,10.868587496017359
271.0,0.4464945,0.00369,0.3099631,0.2466667,0.7749077,0.0,0.5546875,0.0,0.03125,0.0588235,0.0078125,1.0,0.25,0.1052632,0.0,9.615805480084347
698.0,0.5329513,0.0,0.0845272,0.0705521,0.8452722,0.0,0.6679537,0.0,0.0694981,0.0581818,0.0,0.996139,0.3563636,0.0784314,0.0,11.259335592686217
2803.0,0.403853,0.0035676,0.2707813,0.1621783,0.6946129,0.1748127,0.6626016,0.0,0.0294715,0.0324484,0.0071138,0.9949187,0.273353,0.0304878,0.2,11.033291613631048
1221.0,0.4602785,0.0,0.2375102,0.1593323,0.7944308,0.046683,0.657563,0.0084034,0.0378151,0.0703125,0.0,0.9831933,0.4023438,0.1173469,0.4166667,10.566201298475118
314.0,0.522293,0.0,0.133758,0.06,0.8757962,0.0,0.7327586,0.0,0.0689655,0.0491803,0.0,0.9913793,0.2131148,0.125,0.0,10.797553125151618
6776.0,0.5005903,0.0091499,0.0560803,0.0419622,0.9250295,0.0,0.8430556,0.0148148,0.0486111,0.0265886,0.0092593,0.9787037,0.1099594,0.235589,0.0,10.929547069355774
2770.0,0.4963899,0.0028881,0.1545126,0.1412186,0.8512635,0.0176895,0.6944444,0.0038314,0.0335249,0.0968858,0.0028736,0.9971264,0.2759516,0.074928,0.5,10.647826772357497
6883.0,0.4598286,0.0039227,0.2036903,0.161646,0.820863,0.0385007,0.6787679,0.003667,0.0256692,0.064494,0.0029336,0.9970664,0.3255575,0.0815789,0.3095238,10.146472946063877
1034.0,0.4468085,0.2466151,0.1992263,0.1888112,0.8471954,0.0270793,0.6811224,0.0,0.0127551,0.1171171,0.2168367,0.9923469,0.3175676,0.1428571,0.6,10.012386799492118
31739.0,0.4636882,0.1477047,0.1944611,0.146105,0.8650871,0.0078452,0.7112874,0.0016022,0.0284387,0.0397692,0.1239285,0.9940719,0.1756923,0.0639098,0.4955752,10.831726617926124
2859.0,0.4379154,0.5281567,0.1671913,0.1642813,0.8429521,0.0370759,0.7004566,0.0,0.0127854,0.0867389,0.4885845,0.9926941,0.322769,0.1454139,0.4615385,10.32551474894327
401.0,0.4638404,0.0024938,0.1670823,0.1302326,0.7955112,0.0149626,0.6094675,0.0118343,0.0473373,0.1151832,0.0,1.0,0.4240838,0.0681818,0.8,9.852246888342531
2286.0,0.4615048,0.0358705,0.2637795,0.2087734,0.8263342,0.0205599,0.6522188,0.001032,0.0134159,0.213474,0.0237358,0.9349845,0.3303571,0.1127451,0.7368421,9.615805480084347
5242.0,0.4734834,0.0011446,0.0978634,0.0746377,0.9582221,0.0005723,0.8545327,0.0,0.0063247,0.1155998,0.0007027,0.0520028,0.5394655,0.3260341,0.125,9.615805480084347
470.0,0.4765957,0.8829787,0.1319149,0.1504065,0.893617,0.0,0.7159763,0.0059172,0.0059172,0.1197917,0.8579882,1.0,0.3072917,0.0540541,1.0,10.056251557087757
1202.0,0.4567388,0.0,0.1397671,0.0888208,0.8926789,0.0091514,0.7706013,0.0044543,0.0244989,0.023913,0.0,0.9888641,0.2565217,0.0214286,0.0,10.74507628970625
3421.0,0.4519146,0.3659749,0.29962,0.1754667,0.802397,0.0543701,0.6800292,0.0036443,0.03207,0.2352285,0.2922741,0.9919825,0.5289855,0.1613757,0.6419753,10.32551474894327
309.0,0.4951456,0.0,0.1456311,0.1089744,0.8737864,0.0,0.7327586,0.0086207,0.0431034,0.0491803,0.0,1.0,0.1065574,0.2307692,0.6666667,10.021315031649332
1660.0,0.5198795,0.0024096,0.1174699,0.0878294,0.8680723,0.0,0.7166124,0.004886,0.0553746,0.2325,0.0,0.9918567,0.26625,0.1176471,0.75,10.96302978336854
1108.0,0.4837545,0.0009025,0.1759928,0.1048951,0.8528881,0.0018051,0.7158837,0.0111857,0.0559284,0.0218818,0.0,1.0,0.2407002,0.0204082,0.3333333,11.0186455364637
13643.0,0.4846441,0.0030052,0.1018105,0.1058171,0.8133842,0.0167852,0.6486689,0.0044994,0.0706787,0.0300055,0.0028121,0.9688789,0.4946354,0.0474479,0.0740741,11.264476926102367
249.0,0.4738956,0.0,0.2048193,0.1755725,0.9116466,0.0,0.75,0.0,0.0,0.1775701,0.0,0.8977273,0.1869159,0.3333333,1.0,9.615805480084347
1572.0,0.4879135,0.0,0.1583969,0.1229814,0.8874046,0.0,0.7339901,0.0049261,0.0180624,0.0630769,0.0,0.9917898,0.2446154,0.1060606,0.2857143,10.389026137075234
13371.0,0.4955501,0.0092738,0.12744,0.0855448,0.8648568,0.007778,0.7202552,0.0030877,0.0564018,0.075019,0.0074105,0.8799918,0.3054075,0.1499522,0.3006536,12.031725210748633
469.0,0.445629,0.3176972,0.1833689,0.1884615,0.8720682,0.0,0.6923077,0.0,0.0164835,0.1121951,0.2307692,0.9945055,0.2634146,0.0731707,1.0,10.428245666832275
130.0,0.4384615,0.0,0.5307692,0.2739726,0.8153846,0.0,0.6363636,0.0,0.0,0.0833333,0.0,1.0,0.3194444,0.4,1.0,9.615805480084347
3551.0,0.4753591,0.4871867,0.1776964,0.1755233,0.7972402,0.0352014,0.6250928,0.0029696,0.0512249,0.1281553,0.4907201,0.9279881,0.3993528,0.1351351,0.7142857,10.090008612393838
1819.0,0.4683892,0.206707,0.1181968,0.1271975,0.8543156,0.0,0.6896552,0.0055172,0.0441379,0.0717029,0.1613793,0.9972414,0.4699104,0.0868347,0.5555556,10.332050506334692
123.0,0.5284553,0.0,0.0569106,0.0689655,0.9756098,0.0,0.9375,0.0,0.03125,0.1578947,0.0,1.0,0.5526316,0.2857143,1.0,9.615805480084347
2783726.0,0.4794671,0.3907392,0.1186115,0.1056265,0.8113744,0.0169586,0.6163773,0.0030756,0.0628684,0.0951997,0.3529411,0.8622829,0.4526437,0.1273097,0.4511563,10.985309671896763
19174.0,0.4843017,0.0052675,0.0961197,0.0800971,0.8943361,0.0155419,0.7780451,0.0013534,0.0315789,0.0360922,0.0052632,0.9816541,0.1642267,0.0583153,0.0744681,11.872004516724523
203.0,0.4581281,0.0,0.2315271,0.1909091,0.7931034,0.0,0.5789474,0.0,0.0210526,0.233871,0.0,1.0,0.2258065,0.0357143,0.0,9.615805480084347
425.0,0.4658824,0.0,0.1317647,0.1057269,0.8564706,0.0,0.6628571,0.0,0.0114286,0.1421569,0.0,0.8571429,0.3823529,0.0588235,1.0,9.711176264112805
378.0,0.5185185,0.0,0.1322751,0.0824176,0.9285714,0.0,0.8129496,0.0,0.0071942,0.0141844,0.0,1.0,0.1560284,0.0769231,0.0,10.494075844768336
2759.0,0.4704603,0.4777093,0.1641899,0.1601643,0.8662559,0.0036245,0.6875594,0.0047483,0.0218424,0.0938038,0.4226021,1.0,0.3313253,0.128821,0.5,9.852246888342531
384736.0,0.4849663,0.029849,0.1111593,0.079656,0.8081282,0.0156965,0.6469139,0.0047654,0.071201,0.0782166,0.027526,0.7118738,0.4190028,0.0703011,0.3356511,11.112462823634855
753.0,0.4807437,0.001328,0.1938911,0.1227621,0.8831341,0.0,0.7229299,0.0,0.0031847,0.0308642,0.0,0.9968153,0.2438272,0.1076923,0.5,10.122663242288953
69.0,0.5072464,0.6086957,0.0434783,0.1176471,0.942029,0.0,0.8181818,0.0,0.0,0.1851852,0.5909091,0.9545455,0.3333333,0.3333333,0.0,9.966509298952284
523.0,0.4760994,0.0,0.2141491,0.2007299,0.8260038,0.0,0.6375546,0.0043668,0.0262009,0.1292776,0.0,1.0,0.4144487,0.0441176,0.5384615,9.87822102528824
242.0,0.4710744,0.0,0.1735537,0.140625,0.8677686,0.0,0.6702128,0.0,0.0106383,0.0784314,0.0,1.0,0.3137255,0.0454545,1.0,9.615805480084347
234.0,0.465812,0.0128205,0.2136752,0.12,0.8589744,0.0,0.71875,0.0104167,0.0208333,0.0679612,0.0104167,0.9895833,0.1941748,0.0,0.0,9.615805480084347
6151.0,0.4605755,0.0151195,0.215087,0.1838457,0.8219802,0.0295887,0.6746656,0.0051141,0.0275374,0.0709064,0.0121951,0.9956727,0.3607456,0.0616883,0.516129,10.094149233605084
174.0,0.5402299,0.0,0.1149425,0.125,0.9252874,0.0,0.8392857,0.0178571,0.0357143,0.0819672,0.0,0.9642857,0.1803279,0.3333333,0.3333333,9.787009914477434
1066.0,0.4971857,0.0009381,0.0534709,0.0391791,0.8930582,0.0,0.7465565,0.0055096,0.0523416,0.0739796,0.0,0.4325069,0.4209184,0.1463415,0.25,11.305913595583258
6113.0,0.4474072,0.0855554,0.2483232,0.1811723,0.8090954,0.0013087,0.6103612,0.0029186,0.0262678,0.0929848,0.0660343,0.9970814,0.3408339,0.0565709,0.7666667,10.281958234245314
1544.0,0.4889896,0.0310881,0.1334197,0.1089987,0.9255181,0.0,0.7962617,0.0,0.011215,0.1300813,0.0280374,0.8336449,0.3170732,0.1702128,0.5,10.524090921620362
1104.0,0.4592391,0.0126812,0.1748188,0.1641541,0.8831522,0.004529,0.7293578,0.0,0.0091743,0.0762712,0.0114679,0.9931193,0.25,0.1340206,1.0,10.192456296870509
433.0,0.4849885,0.0,0.2032333,0.1434978,0.8822171,0.0,0.7102273,0.0,0.0,0.1578947,0.0,0.9943182,0.3301435,0.125,0.5714286,10.090008612393838
343.0,0.483965,0.0,0.1953353,0.1694915,0.851312,0.0,0.6618705,0.0,0.028777,0.1472393,0.0,1.0,0.3006135,0.1538462,0.6,9.615805480084347
122.0,0.4836066,0.6065574,0.1065574,0.1111111,0.9262295,0.0,0.8139535,0.0232558,0.0232558,0.1041667,0.5581395,1.0,0.2708333,0.0909091,0.0,10.16203685698089
1011.0,0.4757666,0.0,0.132542,0.0886792,0.8991098,0.0,0.7595628,0.0027322,0.0327869,0.0639386,0.0,0.9972678,0.398977,0.1464968,0.8,10.288783966353765
778.0,0.5077121,0.0012853,0.1323907,0.0913838,0.9293059,0.0,0.8057554,0.0,0.0035971,0.2299169,0.0,0.7230216,0.3296399,0.1578947,1.0,10.207325906555994
589.0,0.4584041,0.0016978,0.1782683,0.1598746,0.8590832,0.0,0.6708333,0.0,0.0166667,0.133574,0.0,1.0,0.4296029,0.0842105,1.0,9.615805480084347
2328.0,0.4501718,0.4806701,0.141323,0.1445312,0.8887457,0.0042955,0.7268519,0.0023148,0.0104167,0.1111111,0.40625,0.9953704,0.4393004,0.1164021,1.0,9.711176264112805
250.0,0.46,0.0,0.064,0.0518519,0.944,0.0,0.825,0.0,0.0,0.1111111,0.0,1.0,0.1,0.1875,0.3333333,10.555838779903407
779.0,0.4351733,0.0,0.2387677,0.1977273,0.8382542,0.0,0.674221,0.0,0.0311615,0.1017812,0.0,0.9971671,0.1882952,0.0111111,0.3636364,10.518700218288165
7.0,0.4285714,0.0,0.2857143,0.0,1.0,0.0,1.0,0.0,0.0,0.0,0.0,1.0,0.0,0.0,0.0,11.574029971623514
194.0,0.5206186,0.0,0.1546392,0.1505376,0.8608247,0.0,0.6962025,0.0,0.0379747,0.1684211,0.0,1.0,0.1157895,0.0,1.0,9.615805480084347
171.0,0.5087719,0.0,0.1637427,0.0714286,0.9122807,0.0,0.7878788,0.0,0.0151515,0.3714286,0.0,1.0,0.2761905,0.0,0.0,10.499600568082863
6421.0,0.4637907,0.1769195,0.3141255,0.1370897,0.8752531,0.0,0.7406297,0.0026237,0.0318591,0.1978352,0.1562969,0.94003,0.3301263,0.1585233,0.2608696,10.793454842740767
304.0,0.4078947,0.4901316,0.2072368,0.0777778,0.7105263,0.2203947,0.7808219,0.0136986,0.0547945,0.0394737,0.630137,0.9863014,0.0131579,0.0,1.0,10.77270764101727
5745.0,0.4765883,0.0005222,0.1037424,0.0851347,0.8979983,0.0123586,0.7961814,0.0071599,0.0281623,0.0269392,0.0004773,0.9957041,0.2870413,0.0809399,0.4375,10.638280388314705
1724.0,0.4796984,0.0,0.2204176,0.1571906,0.8416473,0.0162413,0.6727786,0.0,0.0183357,0.1181592,0.0,0.9943583,0.2810945,0.0763889,0.7307692,10.025749432069084
869.0,0.4959724,0.0,0.159954,0.1369863,0.8734177,0.0,0.7113095,0.0029762,0.0208333,0.0666667,0.0,1.0,0.1527778,0.122807,0.75,10.030164255362632
20391.0,0.4925212,0.0060321,0.0681673,0.0645535,0.9296749,0.0029425,0.8302274,0.0030006,0.03506,0.0291322,0.0060013,0.9579912,0.2414903,0.0888415,0.25,11.776066350866136
168.0,0.4642857,0.0059524,0.1785714,0.1666667,0.827381,0.0,0.640625,0.015625,0.046875,0.030303,0.015625,1.0,0.3333333,0.1111111,0.0,9.615805480084347
8745.0,0.4782161,0.0482561,0.1736993,0.115275,0.8896512,0.0013722,0.7413374,0.0009119,0.024924,0.0463768,0.0458967,0.9577508,0.2573913,0.1037613,0.4655172,12.590998254919084
214.0,0.4579439,0.0,0.2616822,0.2155172,0.8364486,0.0,0.6732673,0.0,0.019802,0.1061947,0.0,1.0,0.2831858,0.047619,1.0,9.6678285081515
2339.0,0.4878153,0.0094057,0.1167165,0.0884808,0.9076528,0.0,0.8004459,0.006689,0.0312152,0.0467588,0.0055741,0.9955407,0.2136026,0.1138211,0.7272727,10.628641991731053
715.0,0.4545455,0.0,0.3034965,0.2461538,0.772028,0.0685315,0.6555184,0.0033445,0.0334448,0.0567823,0.0,0.993311,0.2586751,0.0506329,0.6666667,9.952325334619427
92.0,0.5,0.0,0.1413043,0.0869565,0.8478261,0.0,0.6756757,0.0,0.027027,0.1190476,0.0,1.0,0.4285714,0.0,0.0,9.615805480084347
208.0,0.5625,0.0,0.1971154,0.1428571,0.8365385,0.0,0.6477273,0.0,0.0340909,0.1020408,0.0,1.0,0.2244898,0.0454545,1.0,9.615805480084347
1129.0,0.4410983,0.0017715,0.2860939,0.1949287,0.8219663,0.0363153,0.674569,0.0021552,0.0172414,0.0663984,0.0,1.0,0.2072435,0.0888889,0.4,10.081675578048475
1188.0,0.4646465,0.0,0.2676768,0.2154088,0.8291246,0.0176768,0.6725146,0.0038986,0.0214425,0.0604396,0.0,1.0,0.2142857,0.0465116,0.6666667,9.883335864325275
250.0,0.464,0.0,0.176,0.1268657,0.908,0.0,0.7840909,0.0,0.0454545,0.2478632,0.0,1.0,0.2051282,0.25,0.0,9.787009914477434
131.0,0.4732824,0.0,0.2824427,0.1014493,0.9007634,0.0,0.75,0.0,0.0,0.1186441,0.0,1.0,0.2372881,0.3,0.0,9.615805480084347
5950.0,0.4902521,0.0863866,0.0420168,0.0398945,0.9223529,0.0,0.8197362,0.0029311,0.037616,0.0536292,0.0698583,0.9926722,0.2376329,0.0924658,0.5135135,10.823790225800138
422.0,0.464455,0.3886256,0.1516588,0.1681416,0.8720379,0.0,0.699422,0.0,0.0115607,0.0797872,0.3526012,1.0,0.3031915,0.08,0.3333333,10.158168529848494
3226.0,0.4463732,0.3691878,0.149411,0.1231803,0.8753875,0.0030998,0.7204301,0.0024814,0.0355666,0.0854766,0.3258892,0.9925558,0.2934947,0.1559322,0.2941176,10.407318772389159
168.0,0.4702381,0.0,0.1964286,0.0786517,0.8571429,0.0,0.6811594,0.0,0.0289855,0.3727273,0.0,0.9710145,0.4636364,0.0869565,1.0,10.491301994830229
228.0,0.5087719,0.0,0.1666667,0.1428571,0.9254386,0.0,0.8117647,0.0,0.0117647,0.0659341,0.0,1.0,0.1978022,0.0,1.0,10.351405324899678
1303.0,0.4750576,0.0038373,0.1404451,0.124269,0.8403684,0.0092095,0.6635161,0.0018904,0.0321361,0.0346715,0.0018904,0.9886578,0.3357664,0.0432432,0.3333333,10.872389709681492
368.0,0.5054348,0.0,0.0570652,0.0384615,0.8722826,0.0,0.7460317,0.0238095,0.0714286,0.0666667,0.0,1.0,0.3259259,0.16,0.3333333,10.811766273800105
4645.0,0.5184069,0.0266954,0.1227126,0.0795709,0.8512379,0.0307858,0.7445938,0.0029223,0.0549386,0.1069937,0.0122735,0.9783752,0.3622129,0.0958606,0.2857143,10.988693712621323
4489.0,0.4742704,0.0017821,0.0276231,0.0411017,0.9492092,0.0080196,0.8615665,0.0045537,0.0182149,0.1320158,0.0018215,0.9863388,0.5802372,0.3773196,0.0,9.6678285081515
35.0,0.6,0.0,0.0571429,0.0,1.0,0.0,1.0,0.0,0.0,0.3571429,0.0,1.0,0.6428571,0.25,0.0,9.615805480084347
1127.0,0.4516415,0.1109139,0.2617569,0.2491909,0.8056788,0.0514641,0.6547884,0.0,0.0066815,0.1264591,0.0957684,0.9955457,0.3385214,0.1363636,0.7142857,10.21833478806055
238.0,0.4789916,0.0,0.1596639,0.1290323,0.8613445,0.0,0.6808511,0.0,0.0319149,0.1047619,0.0,0.9680851,0.3238095,0.2222222,1.0,9.989711119284745
2601.0,0.4782776,0.0011534,0.1149558,0.1046426,0.8550557,0.0272972,0.7295259,0.0075431,0.0398707,0.0893032,0.0,0.987069,0.2551521,0.124498,0.5789474,10.214678610538817
1017.0,0.4591937,0.0019666,0.207473,0.1745455,0.8554572,0.0,0.690205,0.0,0.0182232,0.0178971,0.0022779,0.9977221,0.1901566,0.1282051,0.4,10.513280297700861
225.0,0.4977778,0.0088889,0.2311111,0.1858407,0.8088889,0.0177778,0.62,0.0,0.01,0.2366412,0.0,0.97,0.2824427,0.2173913,0.5714286,9.803722464346553
1212.0,0.6245875,0.0,0.0165017,0.0241758,0.8663366,0.0783828,0.872449,0.0102041,0.0663265,0.062201,0.0,0.1479592,0.784689,0.6774194,1.0,10.596659732783579
1402.0,0.5178317,0.0028531,0.1833096,0.091716,0.8416548,0.0,0.7,0.0051724,0.0655172,0.0979782,0.0,0.987931,0.4556765,0.0864198,0.5,10.43708198835482
2935.0,0.4231687,0.3812606,0.2057922,0.1311282,0.7662692,0.0991482,0.6730769,0.0,0.0265568,0.037037,0.3754579,0.9935897,0.2257496,0.0522388,0.7272727,11.023551435004947
346.0,0.4797688,0.0,0.1849711,0.1388889,0.8410405,0.0,0.630137,0.0,0.0068493,0.1411765,0.0,0.9931507,0.5294118,0.1333333,0.75,9.615805480084347
10321.0,0.4398799,0.6098246,0.1523108,0.1544715,0.8580564,0.0182153,0.6923281,0.0023892,0.0268118,0.0990194,0.5365012,0.9962835,0.388663,0.1718503,0.46,10.214678610538817
809.0,0.4981459,0.0049444,0.1520396,0.1330049,0.8615575,0.0024722,0.7033333,0.0033333,0.0466667,0.0506329,0.0033333,0.9866667,0.2373418,0.1262136,0.0,11.036517370851499
2605.0,0.5067179,0.0046065,0.1055662,0.0653696,0.9136276,0.0,0.7883651,0.0,0.0140421,0.03485,0.005015,0.9909729,0.2052275,0.0516432,0.375,11.107975224295076
570.0,0.5140351,0.0263158,0.1508772,0.0649819,0.9368421,0.0,0.8380952,0.0,0.0095238,0.0948276,0.0142857,1.0,0.2284483,0.0869565,1.0,10.158168529848494
774.0,0.4289406,0.0813953,0.2338501,0.2285068,0.745478,0.0749354,0.6024096,0.0060241,0.0150602,0.070028,0.0843373,0.996988,0.5378151,0.0391061,0.75,10.203629181337648
3899.0,0.4483201,0.0017953,0.2690433,0.2157136,0.8061041,0.0400103,0.6613757,0.0011758,0.0099941,0.0617761,0.0005879,0.9976484,0.3149476,0.0495495,0.6818182,10.292179440058462
227.0,0.4537445,0.0704846,0.1982379,0.1048387,0.8942731,0.0,0.75,0.0,0.0,0.1111111,0.0625,0.9895833,0.2777778,0.0952381,0.7142857,9.615805480084347
3068.0,0.4745763,0.0765971,0.1610169,0.1166253,0.8305085,0.0,0.6577287,0.0007886,0.0615142,0.0523169,0.0528391,0.8588328,0.3512706,0.0934066,0.375,11.255462171102444
1245.0,0.4481928,0.1012048,0.211245,0.202329,0.8281124,0.060241,0.7045455,0.0,0.0113636,0.1355599,0.1045455,0.9295455,0.3791749,0.1614907,0.75,10.367253014814716
514.0,0.4844358,0.0019455,0.0972763,0.0754717,0.8754864,0.0,0.75,0.0212766,0.0531915,0.0358974,0.0,1.0,0.225641,0.0444444,1.0,10.36410350510914
2199.0,0.4934061,0.0004548,0.0659391,0.0287253,0.9631651,0.0,0.9021277,0.0014184,0.0156028,0.0460081,0.0,0.9957447,0.0433018,0.245283,0.6666667,10.883710371704016
515.0,0.5106796,0.0,0.038835,0.0595238,0.9009709,0.0,0.7662338,0.0194805,0.0714286,0.0722892,0.0,0.961039,0.3433735,0.2524272,0.0,10.687411927154141
4360.0,0.468578,0.0009174,0.181422,0.1381096,0.8087156,0.0291284,0.6512018,0.0061487,0.0340973,0.0608924,0.000559,0.9882616,0.3832021,0.0811594,0.3333333,10.596659732783579
581.0,0.4767642,0.0,0.2598967,0.1973684,0.8261618,0.0,0.6244898,0.0040816,0.0285714,0.1281139,0.0,1.0,0.1886121,0.1162791,0.8,9.615805480084347
18238.0,0.4908433,0.0426034,0.1324707,0.093151,0.9382608,0.0,0.84299,0.0016321,0.0213808,0.0132066,0.038518,0.9693161,0.0942181,0.08,0.483871,11.952476330009466
1055.0,0.4909953,0.0,0.1810427,0.1675978,0.8729858,0.0,0.7162471,0.0022883,0.0183066,0.1117886,0.0,0.9977117,0.4186992,0.0869565,0.3333333,10.250652418696085
6358.0,0.462095,0.0036175,0.1811891,0.1608187,0.7794904,0.046241,0.6379375,0.0026346,0.0489274,0.0414863,0.0037636,0.9969891,0.3362193,0.0424195,0.75,10.823790225800138
458.0,0.5087336,0.0,0.1462882,0.0711111,0.8886463,0.0,0.7472527,0.0,0.0274725,0.0714286,0.0,1.0,0.127551,0.2142857,0.0,10.305647203635566
7789.0,0.4858133,0.0078316,0.128643,0.0561798,0.9364488,0.0,0.8541294,0.0007151,0.0286021,0.0264532,0.007508,0.9706829,0.0563871,0.0904977,0.2,13.122367377396328
2340.0,0.4739316,0.0012821,0.141453,0.1112916,0.8252137,0.0,0.6524823,0.0040527,0.0547112,0.0294985,0.0020263,0.9969605,0.2822026,0.0413223,0.625,11.211833885608513
3380.0,0.4988166,0.0026627,0.0686391,0.0525384,0.9118343,0.0,0.7913793,0.0043103,0.0387931,0.042114,0.0025862,0.9853448,0.2592898,0.0991957,0.0,11.501874628783144
223.0,0.5336323,0.0,0.0807175,0.0769231,0.8834081,0.0,0.7066667,0.0,0.0533333,0.0384615,0.0,1.0,0.1282051,0.1666667,0.0,11.010415172807951
2498.0,0.4763811,0.0068054,0.1561249,0.1353211,0.8478783,0.0,0.68107,0.0030864,0.0545267,0.1066176,0.0092593,0.9876543,0.2959559,0.0675676,0.6521739,11.533717798424087
2073.0,0.4886638,0.0202605,0.0313555,0.0216981,0.2479498,0.6946454,0.6268116,0.0036232,0.0543478,0.0580205,0.0217391,0.9927536,0.2627986,0.0743802,0.75,10.898607948952096
1021.0,0.4916748,0.0,0.0842311,0.0539499,0.9461312,0.0,0.856305,0.0,0.0175953,0.058011,0.0,0.8651026,0.2348066,0.1363636,0.5,11.052491896264268
244.0,0.4754098,0.0368852,0.2131148,0.125,0.8729508,0.0,0.71875,0.0104167,0.0208333,0.1932773,0.03125,0.9895833,0.2689076,0.0769231,0.6666667,9.635673464721814
2287.0,0.4433756,0.0480979,0.218627,0.1963865,0.8062965,0.0432882,0.6596195,0.0031712,0.0147992,0.0851064,0.0454545,0.9957717,0.3365571,0.0612813,0.3333333,10.295563423525277
2836.0,0.4806065,0.0007052,0.157969,0.1208418,0.840268,0.0391396,0.7255859,0.0048828,0.0488281,0.063129,0.0009766,0.9912109,0.3129003,0.0755396,0.4375,10.5610334618531
26763.0,0.4882861,0.1071629,0.0904981,0.0746988,0.8275978,0.0191309,0.6838485,0.005654,0.0602149,0.0868256,0.0931964,0.9885036,0.3701058,0.0767677,0.2727273,10.736418414365376
34012.0,0.449606,0.0107315,0.3325297,0.2028312,0.7622898,0.0274315,0.6093907,0.0026435,0.0501007,0.1370376,0.0096299,0.9845796,0.4633643,0.0326365,0.2772277,11.017004873924424
358.0,0.4553073,0.2681564,0.2653631,0.1589744,0.8435754,0.0,0.6967742,0.0064516,0.0387097,0.3404255,0.2322581,0.9935484,0.3276596,0.0869565,0.0,10.521399202410167
158.0,0.5063291,0.0,0.0253165,0.0384615,0.9303797,0.0,0.7619048,0.0,0.0238095,0.1764706,0.0,0.9761905,0.6666667,0.2857143,0.0,9.615805480084347
291.0,0.5292096,0.0206186,0.024055,0.0145985,0.9862543,0.0,0.952381,0.0,0.0,0.0344828,0.0119048,0.9880952,0.0114943,0.1538462,0.0,10.898607948952096
250.0,0.46,0.0,0.14,0.1185185,0.888,0.0,0.7078652,0.011236,0.0224719,0.1010101,0.0,0.988764,0.1919192,0.1052632,0.8,10.33854382482173
24848.0,0.5256359,0.1408162,0.1152608,0.0944261,0.7108822,0.1029459,0.6269916,0.0051026,0.0913256,0.2794327,0.1074664,0.9901073,0.5390561,0.0673828,0.588,11.12285622984002
1090.0,0.5100917,0.0018349,0.3972477,0.1535581,0.7954128,0.0,0.6414048,0.0,0.051756,0.3900789,0.0,0.987061,0.7046223,0.1521739,0.3777778,10.25769445336048
1542.0,0.4675746,0.1070039,0.2529183,0.2046285,0.8261997,0.0583658,0.7113752,0.0016978,0.0118846,0.1222057,0.0831919,0.9983022,0.2742176,0.0662651,0.3181818,10.221977646629885
385.0,0.4987013,0.0,0.1766234,0.0777202,0.8415584,0.0545455,0.7445255,0.0,0.0364964,0.116129,0.0,0.9927007,0.2645161,0.2083333,1.0,10.169728906753061
1021.0,0.5161606,0.0039177,0.1136141,0.0688259,0.9431929,0.0,0.8253968,0.0,0.0095238,0.0707965,0.0031746,0.4825397,0.4041298,0.1923077,0.4,10.098272780745283
1450.0,0.5068966,0.0075862,0.0875862,0.0363636,0.9675862,0.0006897,0.92,0.0,0.012,0.0403071,0.008,0.97,0.0575816,0.1470588,0.7777778,11.807838828499989
237.0,0.5105485,0.0,0.1687764,0.0862069,0.8481013,0.0,0.6847826,0.0108696,0.0652174,0.28125,0.0,1.0,0.5078125,0.1333333,1.0,10.081675578048475
428.0,0.5093458,0.0,0.2219626,0.152381,0.864486,0.0,0.7094972,0.0,0.0335196,0.1094527,0.0,1.0,0.5024876,0.0434783,0.875,9.615805480084347
463.0,0.5010799,0.0,0.0604752,0.034632,0.8358531,0.0,0.6853933,0.0224719,0.0674157,0.021978,0.0,0.994382,0.489011,0.1111111,0.0,10.643064971973882
552.0,0.4655797,0.0,0.2318841,0.1661017,0.8278986,0.0181159,0.6639004,0.0041494,0.0124481,0.1139706,0.0,1.0,0.4007353,0.046875,0.8333333,9.792611856190192
954.0,0.4528302,0.1719078,0.2746331,0.2509579,0.663522,0.2127883,0.6816817,0.003003,0.033033,0.3091286,0.1171171,0.996997,0.2323651,0.0430108,0.6,10.843514342086866
11591.0,0.4522474,0.0036235,0.1866103,0.169003,0.7855233,0.0347684,0.6184211,0.0048037,0.0430242,0.0641126,0.0020886,0.9876775,0.3057076,0.067468,0.5945946,10.173552856959743
34989.0,0.4786933,0.0016005,0.1450742,0.1132675,0.8665295,0.0026866,0.7061973,0.0028603,0.0342501,0.026141,0.0013935,0.9941327,0.2699807,0.0455169,0.5555556,10.885584751364705
520.0,0.5038462,0.0,0.1634615,0.1124031,0.9230769,0.0,0.8041237,0.0,0.0103093,0.0628019,0.0,0.9845361,0.3429952,0.2666667,0.2,9.994287576862567
875.0,0.4765714,0.0057143,0.1702857,0.1179039,0.8742857,0.0,0.6777108,0.0,0.0090361,0.1170213,0.0,0.0993976,0.3829787,0.1413043,0.9,10.05195066017375
8143.0,0.505342,0.006263,0.0512096,0.0270606,0.9362643,0.0009824,0.8583486,0.0047706,0.0341284,0.0451997,0.0051376,0.9801835,0.0865452,0.1346154,0.4444444,11.477308649967686
947.0,0.4424498,0.001056,0.313622,0.2481061,0.7719113,0.0263992,0.5862069,0.0045977,0.0137931,0.3149606,0.0,0.9632184,0.3559055,0.0697674,0.75,9.615805480084347
7152.0,0.4735738,0.0025168,0.1942114,0.1314741,0.9032438,0.0178971,0.8053131,0.002277,0.0129032,0.0178904,0.002277,0.998482,0.108088,0.0625,0.5,10.947309210188068
2346.0,0.4855072,0.014919,0.1104007,0.1068766,0.9053708,0.0,0.7827627,0.0011806,0.0306966,0.0253165,0.0165289,0.9905549,0.1875719,0.0410256,0.4545455,11.409795792463761
1434.0,0.4386332,0.2461646,0.2587169,0.2173913,0.7880056,0.0195258,0.6046512,0.0062016,0.0217054,0.0851064,0.2155039,0.9860465,0.248227,0.042735,0.75,10.65492722584759
7.0,0.5714286,0.0,0.4285714,0.0,0.7142857,0.0,0.5,0.0,0.0,0.3333333,0.0,1.0,0.3333333,0.0,0.0,9.615805480084347
3824.0,0.4801255,0.0031381,0.2520921,0.13833,0.8381276,0.0154289,0.6851037,0.0056568,0.02577,0.1501068,0.0018856,0.8240101,0.5021368,0.1115974,0.55,10.465984899076615
316.0,0.5094937,0.0,0.1202532,0.0516129,0.8765823,0.0,0.7190083,0.0082645,0.0330579,0.0396825,0.0,1.0,0.2222222,0.0384615,0.5,10.211009016314167
1681.0,0.471743,0.0023795,0.158834,0.1351351,0.8471148,0.0190363,0.7083969,0.0076336,0.0366412,0.0507246,0.0015267,0.9984733,0.2869565,0.0681818,0.7058824,10.474495347310453
536.0,0.4757463,0.0018657,0.1063433,0.0747331,0.9197761,0.0,0.8092784,0.0051546,0.0257732,0.0348259,0.0,0.9896907,0.3283582,0.1538462,0.5,10.25769445336048
2714.0,0.5014738,0.0316875,0.0630066,0.037694,0.9244657,0.0,0.8297872,0.0042553,0.0393617,0.0289256,0.0329787,0.9946809,0.1373967,0.0509091,0.2,11.541522639947903
166.0,0.4759036,0.0,0.186747,0.1149425,0.8614458,0.0,0.6969697,0.0151515,0.030303,0.0294118,0.0,1.0,0.1617647,0.0,0.0,10.404293143019792
2349.0,0.4487016,0.5627927,0.1579395,0.16139,0.8850575,0.0,0.7021792,0.003632,0.0193705,0.0581528,0.468523,0.9903148,0.3147092,0.2120141,0.8,9.918425424900335
1426.0,0.4943899,0.0224404,0.1626928,0.1137309,0.64446,0.2173913,0.6415094,0.0041929,0.0377358,0.2023411,0.0062893,0.9895178,0.1404682,0.0573248,0.7777778,12.036475785297062
887.0,0.4622322,0.0,0.2965051,0.2222222,0.7474634,0.0901917,0.6197605,0.005988,0.0389222,0.0591549,0.0,0.994012,0.2873239,0.0980392,1.0,10.043292972227004
402.0,0.4552239,0.6368159,0.1268657,0.1278539,0.9054726,0.0,0.7482014,0.0,0.0215827,0.1257862,0.5827338,1.0,0.2893082,0.2307692,0.0,9.76428295481558
7911.0,0.4562002,0.0010113,0.201618,0.1596932,0.7938314,0.0221211,0.6227599,0.0035842,0.04092,0.0746269,0.0008961,0.9967145,0.3040354,0.0652353,0.66,10.016860879703811
1529.0,0.5088293,0.0052322,0.0627861,0.0625832,0.9018967,0.0320471,0.8373494,0.0080321,0.0281124,0.0404624,0.0040161,1.0,0.1464355,0.12,0.1428571,11.196857635323791
794.0,0.4735516,0.0,0.290932,0.2200957,0.768262,0.0125945,0.5672043,0.0053763,0.0322581,0.1448276,0.0,0.9946237,0.3333333,0.0891089,0.7142857,9.615805480084347
1076.0,0.4516729,0.1022305,0.2908922,0.2288136,0.7899628,0.0669145,0.6567506,0.0022883,0.006865,0.1862197,0.0755149,0.9954233,0.3426443,0.1014493,0.6363636,10.038935856711177
68586.0,0.4878109,0.0214475,0.0729158,0.0695152,0.8165806,0.0032514,0.6394578,0.0023198,0.0760448,0.064748,0.0232701,0.9793396,0.3265873,0.0304859,0.3099415,11.548302261270587
435.0,0.4850575,0.0045977,0.1770115,0.1160714,0.8551724,0.0,0.7087912,0.0,0.043956,0.0108696,0.010989,1.0,0.0163043,0.0,1.0,11.184435286790631
234.0,0.5,0.0,0.1111111,0.0598291,0.957265,0.0,0.8823529,0.0,0.0,0.0340909,0.0,1.0,0.1931818,0.1538462,0.0,10.819798284210286
631.0,0.614897,0.1980983,0.155309,0.1316872,0.7020602,0.2044374,0.7238095,0.0,0.0047619,0.1828794,0.0904762,1.0,0.4396887,0.1111111,1.0,9.615805480084347
190.0,0.5105263,0.0,0.1526316,0.172043,0.9105263,0.0,0.7763158,0.0,0.0,0.1363636,0.0,1.0,0.1477273,0.1666667,0.0,10.085850775128717
1027974.0,0.4638386,0.7567468,0.1215332,0.1092677,0.8355698,0.0151239,0.6531812,0.0040956,0.0483429,0.0877259,0.7249724,0.9770195,0.2755477,0.1321255,0.5505669,9.735128070758227
632.0,0.5079114,0.0,0.1455696,0.1093248,0.9224684,0.0,0.7991266,0.0,0.0131004,0.084,0.0,0.9781659,0.068,0.15625,0.8333333,10.401258331428318
1181.0,0.4453853,0.0050804,0.2938188,0.2641221,0.7502117,0.0821338,0.609407,0.0,0.0143149,0.1345133,0.00409,0.997955,0.3911504,0.1069519,0.8,10.31231367277647
4004.0,0.5017483,0.0034965,0.0769231,0.0496241,0.9585415,0.0,0.8878327,0.0028517,0.0351711,0.0223048,0.0047529,0.9287072,0.394052,0.2613065,0.6666667,11.627155529627064
13030.0,0.4853415,0.0020721,0.1647736,0.1233224,0.8587874,0.0065234,0.7019752,0.0023238,0.0348567,0.0461766,0.0011619,0.9947715,0.259143,0.0755102,0.537037,10.454523783963511
866.0,0.4792148,0.0,0.0981524,0.0532151,0.9203233,0.0,0.7948718,0.0,0.0160256,0.025,0.0,1.0,0.278125,0.0888889,0.4,10.709985739582528
13040.0,0.5036043,0.0075153,0.0772239,0.0556156,0.8967025,0.0037577,0.7801334,0.0090519,0.0600286,0.0469921,0.0073845,0.8808957,0.4022701,0.1926503,0.173913,11.83065893676428
4200.0,0.4607143,0.0009524,0.1933333,0.1562914,0.8157143,0.0142857,0.6362079,0.0022844,0.0348372,0.0621318,0.0005711,0.9857224,0.3529727,0.0495356,0.4814815,10.401258331428318
13954.0,0.4330658,0.0212842,0.1262004,0.0956895,0.4484736,0.2879461,0.4882286,0.0029714,0.1689143,0.0661686,0.0217143,0.9853714,0.351334,0.0544304,0.2105263,10.929547069355774
2625.0,0.4712381,0.0060952,0.2266667,0.120317,0.8468571,0.0434286,0.7547739,0.001005,0.040201,0.5348294,0.0050251,0.9939698,0.1051893,0.1301775,0.71875,11.9959748767362
453.0,0.4547461,0.0,0.2119205,0.1659919,0.8189845,0.0,0.6117021,0.0,0.0478723,0.06,0.0,0.9946809,0.315,0.119403,0.0,10.030164255362632
513.0,0.460039,0.0038986,0.165692,0.1227437,0.8518519,0.0,0.6775701,0.0,0.0327103,0.1229508,0.0046729,1.0,0.2786885,0.0327869,0.0,10.62135173563291
1388.0,0.4834294,0.0007205,0.074928,0.0725244,0.9755043,0.0,0.8980263,0.0,0.0065789,0.1339031,0.0,0.0065789,0.4900285,0.4146341,1.0,9.615805480084347
28.0,0.4285714,0.0,0.0,0.0,0.8928571,0.0,0.7692308,0.0,0.0,0.8617021,0.0,1.0,0.893617,0.0,1.0,10.177362240256695
194.0,0.4793814,0.0103093,0.1030928,0.0693069,0.9123711,0.0,0.7910448,0.0,0.0149254,0.056338,0.0,0.9701493,0.1408451,0.125,1.0,10.060534035475412
1158.0,0.4723661,0.0,0.1778929,0.1374795,0.8911917,0.0,0.7454545,0.0045455,0.0272727,0.0756303,0.0,0.9931818,0.1386555,0.1449275,0.8,9.686636660844938
1601.0,0.4953154,0.0,0.1686446,0.1076733,0.8819488,0.0,0.7170418,0.0032154,0.0144695,0.063253,0.0,0.9967846,0.3057229,0.0637255,0.7142857,10.471666571132038
17673.0,0.4807899,0.0044135,0.1381769,0.1074542,0.8842868,0.0005658,0.7429551,0.0032802,0.0356344,0.0268427,0.0043238,0.9962726,0.2038595,0.0582133,0.2608696,11.020283511637867
973.0,0.4686536,0.9599178,0.1253854,0.1218569,0.8961973,0.0,0.7316294,0.0127796,0.0255591,0.0428135,0.9329073,1.0,0.4189602,0.1666667,1.0,9.841665338892785
1138.0,0.3725835,0.0,0.8585237,0.4411765,0.6414763,0.0,0.4705094,0.0,0.0174263,0.0755886,0.0,0.9986595,0.1586121,0.0,0.6944444,11.156264806643742
93.0,0.4731183,0.0,0.3548387,0.1836735,0.7956989,0.0,0.5813953,0.0,0.0232558,0.245614,0.0,0.9767442,0.3508772,0.0,1.0,9.615805480084347
614.0,0.4625407,0.0032573,0.2149837,0.1545455,0.8876221,0.0,0.7242798,0.0,0.0041152,0.0318725,0.0041152,1.0,0.2191235,0.0,0.0,10.32551474894327
3334.0,0.4568086,0.5275945,0.2036593,0.1700718,0.8182364,0.0704859,0.7103275,0.0025189,0.0184719,0.1331878,0.4794291,0.9983207,0.3719068,0.1375661,0.7777778,10.077482875583607
12490.0,0.4669335,0.3634908,0.1536429,0.1491439,0.8248999,0.0706165,0.7276657,0.003122,0.0309798,0.1205913,0.3198847,0.9505283,0.3260824,0.1869651,0.5280899,10.370392636243981
1274.0,0.4882261,0.0007849,0.0910518,0.0690184,0.8916797,0.0,0.7410526,0.0063158,0.0231579,0.0537849,0.0021053,1.0,0.2948207,0.0510949,0.6,10.518700218288165
447.0,0.4653244,0.0,0.1498881,0.1087866,0.8791946,0.0,0.741573,0.005618,0.0168539,0.1010101,0.0,0.994382,0.2878788,0.030303,0.0,10.502351525774941
1352.0,0.5022189,0.0177515,0.066568,0.0549777,0.9371302,0.0,0.8319328,0.0,0.0105042,0.0460922,0.0168067,0.9936975,0.1763527,0.1666667,0.2222222,10.448743588106625
5399.0,0.4704575,0.5356548,0.0629746,0.069255,0.9047972,0.0011113,0.7660292,0.003937,0.0438695,0.053752,0.5230596,0.9898763,0.2799361,0.1414634,0.7777778,10.825780236605917
3301.0,0.467737,0.0015147,0.1996365,0.1121229,0.8609512,0.0,0.7181159,0.0014493,0.0442029,0.0295359,0.0007246,0.9971014,0.2194093,0.0255474,1.0,11.336200219573199
11632.0,0.4868466,0.1194979,0.147782,0.1286648,0.7781121,0.0410935,0.6357237,0.0032996,0.0699516,0.0632598,0.0853498,0.9454465,0.42551,0.0657379,0.3928571,11.815257205114566
1173.0,0.486786,0.1227621,0.1636829,0.1196013,0.8738278,0.0085251,0.74,0.0088889,0.0311111,0.0835031,0.0866667,0.9933333,0.4276986,0.1333333,0.75,10.069044362997353
10228.0,0.4856277,0.0176965,0.0881893,0.080593,0.8664451,0.0,0.7073423,0.0033609,0.0514478,0.0554335,0.0201655,0.9901758,0.2722833,0.0309951,0.25,11.61549107852535
9192.0,0.4875979,0.0119669,0.1326153,0.0876858,0.9097041,0.0188207,0.8265432,0.0018519,0.0246914,0.0684301,0.0101852,0.9959877,0.0819436,0.0810056,0.3,11.291043617373028
1164.0,0.475945,0.0051546,0.1082474,0.0918033,0.9106529,0.0128866,0.8047059,0.0,0.0141176,0.049217,0.0070588,1.0,0.1767338,0.1304348,0.7272727,11.003781759319981
980.0,0.4744898,0.0010204,0.1428571,0.1339806,0.8653061,0.0,0.7058824,0.0053476,0.040107,0.094431,0.0,1.0,0.3026634,0.1276596,0.25,9.937937287265354
203.0,0.5024631,0.0049261,0.1527094,0.0792079,0.91133,0.0,0.8,0.0,0.04,0.1071429,0.0,1.0,0.0952381,0.05,0.0,10.34177474101152
1626.0,0.4538745,0.003075,0.2257073,0.1925676,0.698032,0.0,0.4798578,0.0035545,0.0509479,0.075575,0.0047393,0.992891,0.4972618,0.0152838,0.625,10.370392636243981
738.0,0.4634146,0.0,0.1246612,0.0934343,0.899729,0.0108401,0.7667984,0.0,0.0237154,0.0594796,0.0,0.9960474,0.2862454,0.1168831,0.5,10.440010162389305
206.0,0.5436893,0.0,0.1747573,0.106383,0.907767,0.0,0.7710843,0.0,0.0,0.0777778,0.0,1.0,0.1111111,0.0555556,0.75,10.165890277802454
730.0,0.4917808,0.0,0.1150685,0.0889488,0.9246575,0.0,0.8068182,0.0037879,0.0113636,0.0571429,0.0,1.0,0.2392857,0.0697674,0.5,10.510559281627845
9388.0,0.5024499,0.01683,0.0534725,0.0274031,0.8417128,0.0,0.7013298,0.0021277,0.0832447,0.0555137,0.0170213,0.975266,0.2471741,0.0351759,0.3815789,11.604601777542019
445.0,0.3730337,0.3865169,0.2786517,0.2795699,0.8359551,0.0,0.6439024,0.0,0.0,0.0509259,0.3512195,0.9804878,0.3333333,0.0319149,1.0,10.419330568113901
4660.0,0.5178112,0.0128755,0.0669528,0.0556297,0.9270386,0.0229614,0.8472597,0.0035939,0.0332435,0.089198,0.0143756,0.2866128,0.5924714,0.4333895,0.3846154,11.426288563310505
40023.0,0.4693051,0.0495215,0.0634635,0.0461864,0.5331684,0.2186743,0.5841768,0.0043016,0.2056343,0.0360976,0.0403171,0.9884447,0.3321951,0.0411985,0.2921348,11.017004873924424
4811.0,0.4872168,0.001455,0.1781334,0.1483583,0.848888,0.0195386,0.7106383,0.0074468,0.031383,0.0557509,0.0010638,0.9925532,0.3124058,0.0940499,0.6315789,10.477316144080852
2329.0,0.5062258,0.0,0.1335337,0.0817391,0.8694719,0.0,0.7199559,0.0044101,0.0418964,0.0226293,0.0,0.9944873,0.2974138,0.1116751,0.6666667,10.876177521259402
312.0,0.4935897,0.0,0.1634615,0.1202532,0.8685897,0.0,0.6747967,0.0,0.0081301,0.0465116,0.0,1.0,0.2403101,0.0625,1.0,9.615805480084347
108.0,0.4351852,0.3333333,0.1851852,0.147541,0.8796296,0.0,0.7073171,0.0,0.0243902,0.0888889,0.2682927,1.0,0.1777778,0.125,0.0,10.611547975828369
1889.0,0.6638433,0.1238751,0.1455797,0.223622,0.5018528,0.3790365,0.6086957,0.0018116,0.0108696,0.1238095,0.0452899,1.0,0.4031746,0.0231481,0.3333333,10.491301994830229
444.0,0.4887387,0.0022523,0.1328829,0.0881057,0.8693694,0.0427928,0.7945205,0.0068493,0.0410959,0.0394737,0.0,1.0,0.2171053,0.097561,1.0,10.571342565808699
326.0,0.5153374,0.0,0.1748466,0.1392405,0.8711656,0.0,0.6854839,0.0,0.0241935,0.1388889,0.0,0.983871,0.2638889,0.1818182,1.0,9.615805480084347
379.0,0.5065963,0.0,0.1609499,0.1069519,0.883905,0.0,0.7062937,0.0,0.013986,0.0466667,0.0,1.0,0.1866667,0.1702128,0.5,10.007892611890918
489.0,0.4867076,0.0143149,0.1860941,0.1075697,0.8220859,0.0245399,0.6733668,0.0050251,0.0351759,0.0787037,0.0,1.0,0.3888889,0.0517241,0.6666667,9.820160289946374
317.0,0.4511041,0.0157729,0.2996845,0.2126437,0.8170347,0.0,0.625,0.0,0.0277778,0.1219512,0.0069444,1.0,0.2134146,0.1212121,0.3333333,9.615805480084347
362.0,0.5082873,0.0027624,0.0856354,0.0337079,0.9060773,0.0,0.7862595,0.0076336,0.0458015,0.057554,0.0,0.9618321,0.2086331,0.0344828,0.6666667,10.791399385808587
3437.0,0.4597032,0.0113471,0.3552517,0.1055466,0.8300844,0.0,0.7081174,0.0005757,0.0408751,0.3457627,0.0103627,0.9907887,0.4666667,0.0164835,0.4090909,11.569315250157509
1942.0,0.4917611,0.0267765,0.0782698,0.0587639,0.9212152,0.0,0.8209169,0.004298,0.0329513,0.0264993,0.02149,0.9928367,0.1422594,0.1238938,0.5,11.036517370851499
176.0,0.5284091,0.0,0.2329545,0.0963855,0.9090909,0.0,0.7936508,0.0,0.031746,0.0869565,0.0,1.0,0.2608696,0.1666667,0.0,9.615805480084347
2906.0,0.4604267,0.0006882,0.1820372,0.1505102,0.8403304,0.0037853,0.6666667,0.0050633,0.0379747,0.0381494,0.0,0.9966245,0.3019481,0.0545024,0.25,10.866680954096502
20147.0,0.4939693,0.1015039,0.1513873,0.1194703,0.7901921,0.0553432,0.6538318,0.0032294,0.0336604,0.0581423,0.0721649,0.9349149,0.3681563,0.0713338,0.6575342,10.451637862362272
259.0,0.4864865,0.0,0.2393822,0.1804511,0.7992278,0.0,0.5853659,0.0,0.0081301,0.3050847,0.0,1.0,0.4237288,0.1,0.6666667,9.615805480084347
643.0,0.4945568,0.0,0.125972,0.0584615,0.9471229,0.0,0.8697674,0.0046512,0.0232558,0.0772532,0.0,0.9906977,0.2188841,0.2666667,0.5,10.264687244346277
92311.0,0.4865509,0.0769789,0.1049279,0.088149,0.8831342,0.0096847,0.7430196,0.0036884,0.0582902,0.0381938,0.0897277,0.8137539,0.4818314,0.1889757,0.223565,12.32163544049751
9422.0,0.4695394,0.0018043,0.1827637,0.1332533,0.8472723,0.0320526,0.7247887,0.0059155,0.0340845,0.0332244,0.0005634,0.9839437,0.3169935,0.0946349,0.1818182,10.628641991731053
547.0,0.4716636,0.0,0.1718464,0.1107266,0.8519196,0.0,0.6834862,0.0137615,0.0275229,0.124498,0.0,0.9954128,0.3333333,0.1071429,0.6666667,10.05195066017375
19025.0,0.4883574,0.0582392,0.148226,0.1179371,0.9079632,0.003364,0.7791244,0.0012119,0.0265111,0.0308325,0.0528708,0.8857749,0.2777859,0.1303219,0.4833333,11.748795687555171
297.0,0.4949495,0.0,0.2356902,0.14,0.8619529,0.0,0.6747967,0.0,0.0081301,0.0681818,0.0,1.0,0.280303,0.0769231,0.0,9.615805480084347
1295.0,0.4602317,0.0061776,0.2733591,0.1745351,0.8084942,0.0247104,0.6412478,0.0,0.0155979,0.1673882,0.0051993,0.9428076,0.3304473,0.0838323,0.6315789,9.975854724662028
872.0,0.440367,0.0,0.2511468,0.1680328,0.8360092,0.0,0.6692308,0.0051282,0.025641,0.084507,0.0,1.0,0.3098592,0.0493827,0.75,10.090008612393838
9236.0,0.4550671,0.006388,0.0486141,0.0280151,0.243612,0.5853183,0.5013245,0.002649,0.2331126,0.0376036,0.007947,0.9913907,0.4754621,0.0853242,0.5,11.907673348237187
94.0,0.4361702,0.0,0.1595745,0.1509434,0.8829787,0.0,0.7058824,0.0,0.0294118,0.1052632,0.0,1.0,0.3157895,0.3333333,0.0,9.615805480084347
22757.0,0.5375928,0.0629696,0.0365162,0.0426684,0.9453794,0.002285,0.8453381,0.0072029,0.0414166,0.0439939,0.0962385,0.2352941,0.7995409,0.4869762,0.2272727,11.726430716744437
23760.0,0.5037037,0.2256734,0.0928872,0.0845488,0.5696128,0.064436,0.4250832,0.0060118,0.190529,0.2748491,0.2070847,0.9019608,0.8082495,0.0361599,0.6470588,10.718874489469398
1616.0,0.457302,0.0,0.2425743,0.1835804,0.8242574,0.0,0.6328767,0.0041096,0.0164384,0.0806045,0.0,0.9986301,0.2846348,0.0974026,0.5384615,9.980494888896912
214.0,0.5280374,0.0,0.0700935,0.039604,0.9299065,0.0,0.8082192,0.0,0.0136986,0.0987654,0.0,1.0,0.2716049,0.125,0.0,10.214678610538817
23.0,0.5217391,0.0,0.173913,0.1818182,0.826087,0.0,0.5555556,0.0,0.0,0.5263158,0.0,1.0,0.5263158,0.0,0.0,9.615805480084347
1470.0,0.4993197,0.047619,0.1564626,0.0923913,0.9102041,0.0,0.8003442,0.0034423,0.0223752,0.510118,0.0361446,0.9913941,0.3996627,0.1818182,0.7179487,10.85516473308054
540.0,0.5018519,0.0,0.1481481,0.0966543,0.9,0.0,0.7703349,0.0047847,0.0239234,0.1030043,0.0,1.0,0.1416309,0.0833333,0.5,10.53212287826962
1845.0,0.502981,0.000542,0.098645,0.0697928,0.9306233,0.0,0.8092784,0.0034364,0.0154639,0.1352155,0.0,0.3676976,0.435364,0.2045455,0.6428571,10.177362240256695
446.0,0.4843049,0.0,0.1659193,0.1347826,0.9125561,0.0,0.7857143,0.0,0.0119048,0.0508475,0.0,1.0,0.1751412,0.0606061,0.5,10.499600568082863
234.0,0.465812,0.0,0.1837607,0.144,0.8803419,0.0,0.7157895,0.0,0.0105263,0.159292,0.0,1.0,0.2566372,0.08,1.0,9.615805480084347
189.0,0.5396825,0.005291,0.2275132,0.091954,0.8095238,0.0,0.6219512,0.0121951,0.0487805,0.2336449,0.0,0.9878049,0.4299065,0.1333333,0.5,9.615805480084347
289.0,0.5190311,0.0,0.1038062,0.0647482,0.8927336,0.0,0.7596154,0.0096154,0.0384615,0.0630631,0.0,0.9615385,0.3153153,0.0833333,1.0,10.12667110305036
810.0,0.4691358,0.0049383,0.191358,0.1395349,0.8679012,0.0,0.6941896,0.0,0.0214067,0.0657143,0.0,1.0,0.2971429,0.0481928,0.0,9.615805480084347
581.0,0.4664372,0.010327,0.222031,0.1483871,0.8726334,0.0,0.7248062,0.003876,0.0077519,0.1041667,0.0077519,1.0,0.4201389,0.0754717,0.8571429,9.615805480084347
795.0,0.4679245,0.0125786,0.1383648,0.1205674,0.8830189,0.0,0.7394137,0.0065147,0.029316,0.069697,0.0065147,0.9967427,0.2272727,0.1363636,1.0,10.440010162389305
2986.0,0.4601474,0.003349,0.1811788,0.1296526,0.7853315,0.0197589,0.6493289,0.0041946,0.0738255,0.0425703,0.0016779,0.9958054,0.2883534,0.0368664,0.5555556,10.609081944147828
45895.0,0.4902931,0.0181283,0.068417,0.0557859,0.888027,0.0026582,0.7652802,0.004911,0.0490504,0.0673252,0.0173954,0.9556831,0.2667623,0.0767398,0.4480519,11.089820688682373
4505.0,0.4801332,0.0017758,0.1189789,0.1101623,0.8943396,0.0199778,0.7875158,0.0044136,0.0239596,0.0405324,0.0,0.9981084,0.1796733,0.0902062,0.6666667,10.776891660007811
99.0,0.4646465,0.0,0.1919192,0.1698113,0.8888889,0.0,0.7380952,0.0,0.0,0.125,0.0,1.0,0.2291667,0.0,0.0,9.803722464346553
1470.0,0.4462585,0.7503401,0.1707483,0.1769042,0.8666667,0.0,0.650647,0.0,0.012939,0.1013289,0.6968577,0.9981516,0.3870432,0.1891892,0.4285714,9.615805480084347
1200.0,0.4841667,0.0016667,0.1883333,0.1502423,0.8591667,0.0375,0.7368421,0.0,0.020595,0.0702128,0.0022883,0.9954233,0.1702128,0.1470588,0.5,10.250652418696085
12974.0,0.4957608,0.003006,0.1099892,0.0785692,0.9001079,0.0,0.7674701,0.0016204,0.0265343,0.058902,0.0034434,0.9734657,0.270873,0.0788136,0.4864865,10.499600568082863
457.0,0.4770241,0.0,0.2691466,0.1380753,0.8577681,0.0,0.7004831,0.0048309,0.0096618,0.1228814,0.0,0.9951691,0.3432203,0.027027,0.5714286,9.615805480084347
192.0,0.4791667,0.0,0.1302083,0.16,0.875,0.0,0.7105263,0.0,0.0263158,0.24,0.0,1.0,0.15,0.0833333,0.75,10.5815464756746
735.0,0.4027211,0.0013605,0.3265306,0.2756264,0.7142857,0.0380952,0.5266106,0.0,0.0308123,0.15,0.0,0.9971989,0.35,0.0411765,0.6,10.76004951120163
1340.0,0.5052239,0.0,0.1037313,0.0874811,0.9253731,0.0,0.7911111,0.0022222,0.0088889,0.0364026,0.0,0.9977778,0.1755889,0.1,0.4285714,10.675931008412125
486.0,0.4897119,0.0,0.1358025,0.125,0.8662551,0.0,0.7121212,0.0050505,0.0252525,0.1,0.0,1.0,0.3727273,0.0851064,0.0,10.2328272702548
219.0,0.4657534,0.1050228,0.1232877,0.0940171,0.8767123,0.0,0.7209302,0.0,0.0348837,0.1134021,0.0813953,1.0,0.2886598,0.1454545,0.3333333,11.23850177707664
674.0,0.4703264,0.0,0.1439169,0.1120448,0.8753709,0.0,0.7354086,0.0077821,0.0466926,0.0551471,0.0,0.9844358,0.3308824,0.1206897,0.75,9.857495968685136
41333.0,0.5014153,0.0383713,0.0692183,0.0610928,0.850652,0.0285486,0.7201802,0.0075883,0.0737491,0.0439087,0.043712,0.5885701,0.5788996,0.2212565,0.4675325,11.725622642422277
3275.0,0.4525191,0.0073282,0.1071756,0.1160067,0.8738931,0.0192366,0.7478921,0.005059,0.03457,0.0326264,0.0084317,0.9932546,0.2642741,0.0710227,0.0,10.689692377847104
155.0,0.4258065,0.0,0.4580645,0.1460674,0.916129,0.0,0.8153846,0.0,0.0153846,0.4628099,0.0,1.0,0.4214876,0.0,0.6666667,11.428467189677395
13145.0,0.4572841,0.3906428,0.1467478,0.1334455,0.8467859,0.021453,0.687674,0.0031809,0.0232604,0.0770642,0.3272366,0.9972167,0.3411009,0.1044071,0.5121951,10.468829770273567
749.0,0.5033378,0.0133511,0.1161549,0.0645161,0.8985314,0.0,0.7865169,0.0,0.0524345,0.0183824,0.0037453,0.9850187,0.0110294,0.0952381,0.3333333,12.62346961830583
818.0,0.492665,0.0012225,0.1430318,0.0891566,0.8887531,0.0,0.7398649,0.0,0.0439189,0.0691824,0.0,0.9864865,0.3459119,0.2025316,0.5,10.188704088048116
193.0,0.4766839,0.0,0.1502591,0.1188119,0.8911917,0.0,0.7297297,0.0,0.0135135,0.0133333,0.0,1.0,0.1866667,0.125,0.0,10.30229722897745
520.0,0.4865385,0.0,0.2442308,0.1685393,0.8326923,0.0,0.6604651,0.0093023,0.0372093,0.1825095,0.0,0.6,0.4030418,0.0681818,0.8333333,9.635673464721814
1167.0,0.503856,0.0,0.1379606,0.0587219,0.9108826,0.0,0.8031674,0.0090498,0.0248869,0.0595745,0.0,0.9253394,0.2404255,0.0731707,0.8888889,11.060384472475045
1514.0,0.4531044,0.5184941,0.15786,0.1582126,0.8923382,0.0,0.7226148,0.0,0.0088339,0.0357751,0.4540636,0.9982332,0.3373083,0.1162791,0.0,10.389026137075234
1082.0,0.4953789,0.0,0.1913124,0.1520147,0.8271719,0.0,0.6601732,0.0064935,0.0519481,0.12,0.0,0.9935065,0.4438095,0.0319149,0.3333333,10.465984899076615
201.0,0.4676617,0.0,0.2288557,0.1121495,0.9054726,0.0,0.7692308,0.0,0.0128205,0.0487805,0.0,1.0,0.1707317,0.0666667,0.0,10.322230781590136
12060.0,0.485738,0.077529,0.0825871,0.0909384,0.810199,0.0191542,0.6456311,0.0061207,0.0631068,0.0992395,0.0681722,0.9090333,0.4796578,0.0830576,0.5227273,10.809748150372926
2795.0,0.4747764,0.0021467,0.1463327,0.1348774,0.8665474,0.0368515,0.755814,0.0,0.0174419,0.0907489,0.0,0.999031,0.323348,0.0866873,0.8125,10.382853468483827
1114.0,0.4667864,0.0017953,0.1517056,0.1380471,0.8635548,0.0197487,0.7223529,0.0047059,0.0235294,0.0576497,0.0,0.9952941,0.2815965,0.0791367,0.5,10.413342705547674
2868.0,0.498954,0.0003487,0.1715481,0.1196938,0.804742,0.0540446,0.6970509,0.0098302,0.0464701,0.0909829,0.0,0.9910634,0.3801787,0.0896739,0.55,10.457401400981889
4236.0,0.4683664,0.0233711,0.1456563,0.0839254,0.8906988,0.0002361,0.7635683,0.0031192,0.0374298,0.0290733,0.0174672,0.9363693,0.1374924,0.1709184,0.1666667,11.443586104891608
98.0,0.5510204,0.0,0.1836735,0.1363636,0.877551,0.0,0.6571429,0.0,0.0,0.1025641,0.0,1.0,0.2564103,0.0,1.0,9.615805480084347
521.0,0.512476,0.0307102,0.1458733,0.1062992,0.8522073,0.0,0.7235294,0.0117647,0.0470588,0.1099476,0.0176471,0.7823529,0.3979058,0.3076923,1.0,9.94755228369823
6383.0,0.4391352,0.00752,0.2044493,0.1653631,0.6799311,0.1967727,0.685562,0.0077519,0.0426357,0.0484094,0.002907,0.9937016,0.3107423,0.068915,0.0,10.448743588106625
2883.0,0.4505723,0.0065904,0.2160943,0.1420455,0.832813,0.0,0.6733547,0.0064205,0.0441413,0.0437452,0.0040128,0.9935795,0.1627015,0.018797,0.5,10.905974329106854
4406.0,0.4818429,0.0544712,0.197231,0.1173894,0.8769859,0.0,0.7377522,0.0017291,0.0432277,0.1263847,0.0449568,0.9884726,0.1354481,0.0423453,0.8064516,12.099605962739451
253.0,0.458498,0.0039526,0.1343874,0.0656934,0.9130435,0.0,0.787234,0.0106383,0.0106383,0.0208333,0.0,1.0,0.1145833,0.25,0.0,10.616461869895815
133.0,0.4661654,0.0150376,0.1654135,0.2112676,0.8195489,0.0,0.6181818,0.0,0.0545455,0.0517241,0.0181818,1.0,0.5,0.2857143,1.0,9.615805480084347
354202.0,0.486279,0.0830289,0.1010836,0.0809239,0.8378411,0.0218378,0.68744,0.0053527,0.0711207,0.0587076,0.0790267,0.7655471,0.4563847,0.1828373,0.2949389,11.036517370851499
6560.0,0.4818598,0.1028963,0.1460366,0.1288614,0.8727134,0.008689,0.7325357,0.0054033,0.023543,0.0449687,0.0802779,0.9953686,0.3538518,0.0799001,0.3333333,10.573903321093981
5406.0,0.4966704,0.000185,0.1374399,0.0841602,0.8879023,0.0,0.7469408,0.0053842,0.0323054,0.0125665,0.0,0.9965737,0.2368294,0.0413943,0.25,10.7706090484022
334.0,0.4670659,0.0,0.2305389,0.1460674,0.8802395,0.0,0.7194245,0.0,0.0071942,0.0671141,0.0,0.9928058,0.2147651,0.0740741,0.5,9.615805480084347
337.0,0.4569733,0.0,0.1632047,0.1639344,0.8397626,0.0,0.6862745,0.0065359,0.0196078,0.0946746,0.0,1.0,0.295858,0.0333333,0.75,10.038935856711177
2245.0,0.4886414,0.0022272,0.1229399,0.0827526,0.8939866,0.0044543,0.7605634,0.0023474,0.0234742,0.017301,0.0035211,0.9964789,0.2560554,0.0180505,0.0,11.047726275896391
729.0,0.4499314,0.7914952,0.175583,0.1670823,0.914952,0.0,0.75,0.004386,0.0175439,0.025641,0.7149123,1.0,0.3547009,0.2467532,0.0,9.933094897288786
2201.0,0.4766015,0.0168105,0.0904134,0.0729167,0.9150386,0.0168105,0.8458333,0.0041667,0.0402778,0.0309556,0.0097222,0.9972222,0.0296097,0.0952381,0.0,12.119975396053194
26243.0,0.4768129,0.0104409,0.1137446,0.080772,0.8516557,0.0122318,0.7145705,0.0030375,0.0453726,0.0488443,0.010916,0.9808258,0.2509029,0.0410584,0.3131313,10.987003123724813
57.0,0.4210526,0.0,0.1929825,0.1515152,0.877193,0.0,0.6956522,0.0,0.0,0.1785714,0.0,1.0,0.2142857,0.0,0.0,9.615805480084347
36426.0,0.4575852,0.1707297,0.1657882,0.1380707,0.8088179,0.0376929,0.668008,0.0014085,0.035882,0.0630302,0.1474849,0.9967807,0.3075473,0.0640177,0.4759036,10.494075844768336
790.0,0.4797468,0.0012658,0.1835443,0.1313869,0.8341772,0.0367089,0.6812081,0.0033557,0.0134228,0.0745342,0.0,0.9966443,0.3819876,0.1020408,0.4,10.442929787247998
157.0,0.4713376,0.0,0.2292994,0.1204819,0.8853503,0.0,0.7619048,0.015873,0.015873,0.0869565,0.0,0.984127,0.1449275,0.3333333,0.0,9.729193687429403
1961.0,0.4788373,0.0035696,0.1264661,0.1144814,0.8434472,0.0056094,0.6769437,0.0067024,0.0630027,0.0709838,0.0040214,1.0,0.2042341,0.0682594,0.2,11.041336579870135
22776.0,0.4990341,0.0319635,0.0698542,0.0503944,0.9074464,0.0046979,0.7901978,0.0024567,0.0296032,0.0918117,0.0299717,0.9177005,0.2293619,0.0960118,0.302583,10.922352923113982
731.0,0.4445964,0.001368,0.3296854,0.229064,0.7578659,0.0615595,0.6088328,0.0031546,0.0189274,0.1045198,0.0031546,0.9968454,0.2259887,0.09375,0.3333333,9.615805480084347
4026.0,0.4557874,0.0352707,0.1783408,0.1675034,0.8539493,0.0,0.6845794,0.0017523,0.0251168,0.0655022,0.0321262,0.9988318,0.32369,0.0656566,0.6842105,10.298935994257638
5303.0,0.4887799,0.0090515,0.1112578,0.0793065,0.9377711,0.0211201,0.8944175,0.0,0.0200243,0.0322959,0.0066748,0.9908981,0.0275984,0.0769231,0.0952381,12.60719835203924
2938.0,0.4693669,0.1902655,0.1735875,0.1404747,0.8689585,0.0282505,0.7506824,0.0009099,0.0200182,0.0717905,0.1856233,0.9927207,0.1841216,0.1216216,0.5,10.860939421415225
3781.0,0.4906109,0.0026448,0.1401746,0.1137072,0.8690823,0.0089923,0.7335264,0.0101376,0.0506879,0.0842175,0.0021723,0.9427951,0.3945623,0.1809701,0.7272727,10.591647316585027
10145.0,0.4806309,0.0217841,0.1252834,0.1053331,0.8971907,0.0108428,0.7786624,0.0039809,0.0199045,0.0970525,0.0204352,0.9718684,0.2609633,0.1074919,0.6370968,10.373522431293592
28695.0,0.4869838,0.0196201,0.0970901,0.0773045,0.7992682,0.0127897,0.6403671,0.005913,0.0935487,0.045489,0.0190627,0.9773189,0.465083,0.07058,0.1578947,11.488643018250334
320.0,0.446875,0.0,0.23125,0.1920904,0.871875,0.0,0.6946565,0.0,0.0076336,0.1381579,0.0,1.0,0.3684211,0.0,1.0,9.918425424900335
5189.0,0.4885334,0.0131046,0.1499325,0.0975885,0.8650992,0.0086722,0.7324079,0.0052657,0.0359023,0.0556058,0.0081379,0.9918621,0.3037975,0.0640177,0.5294118,10.499600568082863
256.0,0.4882812,0.0,0.1328125,0.0916031,0.8476562,0.0,0.6886792,0.0,0.0471698,0.2089552,0.0,1.0,0.358209,0.1818182,1.0,9.615805480084347
3771.0,0.4608857,0.8599841,0.118271,0.1116576,0.8827897,0.0108724,0.7368006,0.0039401,0.0386131,0.1284341,0.8140268,0.9905437,0.2987637,0.1710914,0.7586207,10.207325906555994
215.0,0.5116279,0.0,0.1627907,0.1904762,0.8651163,0.0,0.7317073,0.0121951,0.0365854,0.0786517,0.0,1.0,0.2359551,0.1428571,0.0,10.298935994257638
2170.0,0.5069124,0.0004608,0.1534562,0.082243,0.9276498,0.0,0.8117798,0.0025608,0.0089629,0.0310174,0.0,1.0,0.1315136,0.038835,0.8333333,10.747229096720554
8958.0,0.4603706,0.3767582,0.1390935,0.1299131,0.8745256,0.0162983,0.7235872,0.0018428,0.0199631,0.0973108,0.3227887,0.9898649,0.3279734,0.1521084,0.5,10.268165387743457
3728.0,0.4839056,0.0026824,0.1083691,0.0805613,0.8578326,0.0,0.7037288,0.0013559,0.0535593,0.0334207,0.0027119,0.9864407,0.2955439,0.0378788,0.6842105,11.532737896139919
1073.0,0.4697111,0.0,0.2376514,0.2038664,0.8574091,0.0,0.6909492,0.0022075,0.0198675,0.082996,0.0,1.0,0.1417004,0.03125,0.5,10.012386799492118
458.0,0.6113537,0.30131,0.1724891,0.2134831,0.5764192,0.3209607,0.6690141,0.0,0.0,0.0955414,0.1197183,1.0,0.2738854,0.0357143,1.0,9.70509758756311
1035.0,0.4927536,0.0048309,0.1130435,0.0990476,0.763285,0.0,0.592233,0.0048544,0.1456311,0.1308017,0.0097087,1.0,0.3755274,0.0666667,0.5384615,11.420821140914589
430.0,0.4139535,0.0,0.244186,0.234127,0.8046512,0.0,0.5939086,0.0050761,0.0152284,0.1244444,0.0,0.9949239,0.3777778,0.0967742,1.0,9.61587214452889
170.0,0.4882353,0.0,0.2647059,0.1609195,0.8764706,0.0,0.7042254,0.0,0.0,0.0779221,0.0,1.0,0.4545455,0.2222222,0.0,9.615805480084347
450.0,0.46,0.0,0.1111111,0.090535,0.9111111,0.0,0.7771084,0.0060241,0.0120482,0.1027027,0.0,1.0,0.2810811,0.1851852,0.75,10.007892611890918
49453.0,0.4675955,0.5881949,0.0850707,0.0879638,0.806948,0.0831901,0.7104758,0.0037707,0.054093,0.035126,0.6098313,0.8464281,0.5126679,0.1652643,0.4659091,11.776834689218662
7141.0,0.4853662,0.0046212,0.057835,0.0263946,0.9369836,0.0,0.8548387,0.0033956,0.0377759,0.0240265,0.0046689,0.9855688,0.1014913,0.1011765,0.1578947,11.34333452885509
313.0,0.4824281,0.0,0.1948882,0.1666667,0.8626198,0.0,0.7,0.0,0.0071429,0.1194969,0.0,0.9857143,0.4025157,0.0384615,1.0,9.913487387114461
880.0,0.5034091,0.0090909,0.0943182,0.0686499,0.8886364,0.0,0.7415385,0.0030769,0.0338462,0.1168478,0.0061538,0.9507692,0.2608696,0.175,0.5,10.229223792606835
397.0,0.4911839,0.0025189,0.0982368,0.0544554,0.8463476,0.0,0.6577181,0.0134228,0.0536913,0.1235294,0.0067114,0.9932886,0.3941176,0.18,0.6363636,10.203629181337648
2803.0,0.470924,0.2425972,0.1412772,0.120027,0.8679986,0.0445951,0.7681159,0.0010352,0.0207039,0.1328546,0.2039337,0.9803313,0.2827648,0.1316872,0.7777778,10.635879484421974
133.0,0.3909774,0.4360902,0.2105263,0.1728395,0.8270677,0.0,0.6140351,0.0,0.0175439,0.109375,0.3157895,1.0,0.21875,0.1,0.0,10.515993929932415
15001.0,0.5001,0.0771949,0.0566629,0.0468062,0.9038731,0.0013332,0.7915531,0.0070066,0.0533281,0.0390873,0.0704554,0.9618529,0.279035,0.1466667,0.1754386,11.042937835596494
1066.0,0.4652908,0.0009381,0.2673546,0.1964912,0.7223265,0.1819887,0.7304348,0.0028986,0.0202899,0.0521978,0.0028986,1.0,0.2252747,0.0957447,0.3333333,10.39821428171237
4556.0,0.4833187,0.000439,0.1521071,0.1163976,0.8652327,0.0,0.6946249,0.0059067,0.0431187,0.0504767,0.0,0.998228,0.2725743,0.0724947,0.5454545,10.566201298475118
154.0,0.4415584,0.0194805,0.2142857,0.0581395,0.9675325,0.0,0.9056604,0.0,0.0,0.1166667,0.0188679,0.6981132,0.2666667,0.4,1.0,10.811766273800105
377.0,0.4960212,0.0026525,0.061008,0.0315789,0.9920424,0.0,0.975,0.0,0.0,0.04,0.0083333,0.95,0.024,0.0,1.0,11.400887146781374
1698.0,0.4923439,0.0041225,0.0547703,0.0452436,0.9469965,0.0,0.8576512,0.0017794,0.0142349,0.0360206,0.0035587,0.9982206,0.1149228,0.0638298,0.125,10.687411927154141
36955.0,0.5063456,0.0353944,0.0599919,0.0541029,0.9402517,0.009011,0.8531988,0.0053221,0.0322652,0.0286484,0.0422442,0.344495,0.476252,0.3220772,0.18,11.776834689218662
76.0,0.5131579,0.0,0.1578947,0.1621622,0.8947368,0.0,0.75,0.0,0.0357143,0.2222222,0.0,1.0,0.25,0.0,0.0,9.69898173460629
3417.0,0.4770266,0.0005853,0.1823237,0.1231114,0.8220661,0.0175593,0.6785714,0.0026954,0.0424528,0.4923024,0.0006739,0.9939353,0.4348272,0.0407725,0.5205479,11.02518140064756
203.0,0.5566502,0.0,0.1083744,0.0444444,0.8866995,0.0,0.7428571,0.0,0.0571429,0.0540541,0.0,1.0,0.1621622,0.1111111,0.0,9.70509758756311
47564.0,0.497414,0.1758263,0.0774746,0.0663041,0.8836095,0.0073375,0.7559931,0.0059452,0.0660359,0.063798,0.1732404,0.8142939,0.3652523,0.1641272,0.2325581,11.577785809317154
691.0,0.4283647,0.3994211,0.2662808,0.2506329,0.8234443,0.0,0.65,0.003125,0.025,0.1011236,0.34375,0.996875,0.2837079,0.0956522,0.3333333,10.177362240256695
10897.0,0.4821511,0.0826833,0.0381756,0.0357966,0.8317886,0.0,0.6729147,0.0042174,0.0880975,0.1613284,0.0848172,0.60403,0.5138534,0.0533774,0.1588785,11.205054290550551
1376.0,0.497093,0.193314,0.0581395,0.0751445,0.8473837,0.0,0.683274,0.0017794,0.0551601,0.2322404,0.1992883,0.955516,0.7295082,0.0746988,0.7142857,10.211009016314167
8517.0,0.5025244,0.139838,0.0530703,0.0344583,0.8946812,0.0,0.7636237,0.0072891,0.0555363,0.1072203,0.1377994,0.8774731,0.62163,0.1926332,0.3157895,10.995427631436174
1553.0,0.5080489,0.0064392,0.0418545,0.0274869,0.9356085,0.0,0.8513514,0.0057915,0.0289575,0.0407407,0.0096525,0.9980695,0.0888889,0.1304348,0.0,11.143324481431074
271.0,0.4760148,0.0,0.1660517,0.1549296,0.8597786,0.0,0.6698113,0.009434,0.0283019,0.1166667,0.0,1.0,0.2,0.1904762,0.0,9.62251624577579
756.0,0.4695767,0.0,0.3373016,0.1970075,0.755291,0.1071429,0.6833333,0.0066667,0.0166667,0.0415335,0.0,1.0,0.1948882,0.047619,0.2,10.214678610538817
4843.0,0.5444972,0.0163122,0.1304976,0.0607434,0.8271732,0.1325625,0.8760029,0.0007294,0.0138585,0.0551344,0.0043764,0.9817651,0.0682288,0.109375,0.5,13.122367377396328
380.0,0.4710526,0.4052632,0.1394737,0.1293532,0.9026316,0.0,0.7295082,0.0081967,0.0245902,0.1756757,0.2868852,0.9918033,0.3040541,0.25,0.5,10.214678610538817
2287.0,0.5098382,0.0004373,0.0262352,0.0454951,0.9462178,0.0078706,0.8538324,0.0053476,0.0249554,0.065,0.0,0.9714795,0.3616667,0.3730769,0.5,10.5610334618531
10968.0,0.4703683,0.0106674,0.1403173,0.114994,0.8399891,0.0225201,0.6936059,0.0040409,0.0411219,0.0646954,0.0085572,0.9797956,0.3210316,0.08294,0.2653061,10.640675541671662
7709.0,0.4756778,0.0311324,0.1681152,0.1464621,0.8366844,0.0337268,0.7056121,0.0036101,0.0246144,0.084985,0.0275681,0.9944207,0.3012012,0.0859649,0.4193548,10.50783084142058
17836.0,0.4816102,0.012671,0.1147679,0.064244,0.8590491,0.0655977,0.8070384,0.00051,0.0266916,0.0406133,0.0107106,0.9906494,0.1030827,0.0554913,0.3258427,12.7022951610422
449.0,0.5144766,0.0222717,0.1358575,0.0779817,0.844098,0.0,0.6764706,0.0117647,0.0588235,0.1625616,0.0058824,0.9941176,0.4433498,0.1428571,0.6666667,10.623787731088578
79443.0,0.4880354,0.0347922,0.06966,0.0574351,0.902836,0.0006923,0.7823351,0.0043681,0.0522322,0.0930334,0.0303546,0.937847,0.3416821,0.0933438,0.3578595,11.757446872843532
7056.0,0.477466,0.1257086,0.1425737,0.1057771,0.8439626,0.0,0.6751683,0.0031881,0.0570315,0.0698517,0.1126461,0.9837053,0.2507414,0.0503226,0.6190476,11.2922912626048
700.0,0.4914286,0.0,0.0414286,0.0702247,0.9514286,0.0157143,0.9016393,0.0,0.0218579,0.2179487,0.0,0.9836066,0.7606838,0.3333333,0.3333333,9.615805480084347
97291.0,0.5005088,0.0740767,0.078774,0.0642851,0.8340854,0.0437759,0.7315279,0.008328,0.0649524,0.0915592,0.0578098,0.9001246,0.3405859,0.1296646,0.1885475,11.581527593460411
1933.0,0.4981893,0.0025867,0.1510605,0.1072165,0.8820486,0.0,0.7386059,0.0013405,0.0348525,0.3041045,0.0013405,0.9798928,0.1371269,0.0693069,0.9166667,12.423604480576804
280.0,0.4964286,0.0178571,0.2142857,0.1560284,0.85,0.0,0.6859504,0.0082645,0.0247934,0.1357143,0.0165289,0.9917355,0.2857143,0.173913,0.875,9.918425424900335
32.0,0.5,0.0,0.0625,0.0625,0.875,0.0,0.75,0.0,0.0833333,0.6470588,0.0,1.0,0.7058824,0.0,1.0,10.389026137075234
105.0,0.5238095,0.2761905,0.2666667,0.18,0.7809524,0.0,0.6,0.0222222,0.0444444,0.0816327,0.2666667,1.0,0.244898,0.1428571,0.0,9.933094897288786
760.0,0.4644737,0.0,0.1934211,0.1670762,0.8394737,0.0,0.6386293,0.0031153,0.0124611,0.0906516,0.0,0.9937695,0.1501416,0.1384615,0.875,9.888424674859083
357.0,0.4705882,0.0,0.1708683,0.1375661,0.8627451,0.0,0.6978417,0.0071942,0.028777,0.0915033,0.0,0.9856115,0.2679739,0.0689655,1.0,9.615805480084347
406.0,0.4802956,0.0,0.1133005,0.1327014,0.8866995,0.0,0.7254902,0.0,0.0261438,0.15,0.0,0.9869281,0.3333333,0.2291667,0.3333333,9.94755228369823
2495.0,0.4793587,0.044489,0.2088176,0.1516551,0.8501002,0.0,0.6849057,0.0037736,0.0339623,0.1297209,0.0386792,0.9990566,0.2692939,0.0883534,0.8,10.521399202410167
20670.0,0.4906144,0.0249153,0.0876149,0.0403647,0.9346396,0.0013546,0.8560289,0.0027437,0.0379783,0.2614909,0.0206498,0.9444043,0.1391703,0.1384248,0.2459016,11.651826167019166
6114.0,0.535983,0.0964998,0.2196598,0.1854071,0.650965,0.2065751,0.629681,0.0055479,0.0249653,0.0760359,0.0004623,0.9976884,0.4036736,0.0715232,0.5217391,10.077482875583607
9565.0,0.4756926,0.0046001,0.3352849,0.1433699,0.771563,0.0113957,0.6419232,0.0027415,0.0721215,0.3938387,0.0023197,0.9917756,0.517832,0.0134128,0.3457249,11.310821520675269
748.0,0.5066845,0.0,0.1122995,0.0433604,0.9451872,0.0,0.8731884,0.0,0.0217391,0.028169,0.0,0.9927536,0.0211268,0.0666667,0.0,11.621788838451959
10563.0,0.490107,0.0292531,0.0994982,0.0872633,0.9293761,0.0007574,0.8380981,0.0024075,0.0439362,0.0237955,0.027084,0.9521517,0.2373678,0.0788571,0.3,11.785247676408115
2377.0,0.4657131,0.0033656,0.2095078,0.1590551,0.8258309,0.0037863,0.6456543,0.0047755,0.0238777,0.0601436,0.0028653,0.9942693,0.3949731,0.0321716,0.8,10.264687244346277
712.0,0.4382022,0.0,0.3483146,0.2625,0.7331461,0.0800562,0.5973597,0.0066007,0.029703,0.0705521,0.0,1.0,0.2607362,0.0652174,0.75,9.615805480084347
1399.0,0.4889207,0.0,0.0221587,0.0307692,0.992852,0.0,0.9657795,0.0,0.0038023,0.0836237,0.0,0.0456274,0.8083624,0.4782609,0.0,9.615805480084347
413.0,0.4503632,0.0024213,0.1525424,0.0969163,0.8159806,0.0847458,0.7569444,0.0,0.0416667,0.3542601,0.0,0.7083333,0.426009,0.0967742,0.4,11.05723491317159
751.0,0.4740346,0.0852197,0.1358189,0.1265823,0.7962716,0.0,0.6160991,0.0123839,0.0743034,0.0271084,0.0743034,0.993808,0.1837349,0.0508475,0.1428571,10.609081944147828
805.0,0.4807453,0.0,0.1552795,0.1076555,0.9080745,0.0,0.7647059,0.0,0.0065359,0.1052632,0.0,0.996732,0.248538,0.0793651,0.5,10.038935856711177
128.0,0.46875,0.0,0.0859375,0.0588235,0.9609375,0.0,0.8947368,0.0,0.0263158,0.025641,0.0,1.0,0.0512821,0.0,0.0,10.515993929932415
3218.0,0.4857054,0.006215,0.0546924,0.0404834,0.954941,0.0,0.8796477,0.0019569,0.0136986,0.0385701,0.0039139,0.9843444,0.0329257,0.2195122,0.7142857,10.891186902297498
1371.0,0.5069292,0.0007294,0.1057622,0.0710059,0.9095551,0.0,0.805395,0.0077071,0.0308285,0.0477064,0.0019268,0.9845857,0.0807339,0.0821918,0.5555556,11.958258512632908
765.0,0.4810458,0.0091503,0.1084967,0.0780856,0.8627451,0.0261438,0.7433962,0.0037736,0.0566038,0.083045,0.0037736,0.9886792,0.1384083,0.122449,0.0,11.178864319331653
236.0,0.4872881,0.0042373,0.1483051,0.1818182,0.8644068,0.0,0.688172,0.0107527,0.0215054,0.1545455,0.0107527,1.0,0.2272727,0.1818182,1.0,10.250652418696085
1004.0,0.4641434,0.0189243,0.1324701,0.1245353,0.8994024,0.0,0.7460733,0.0026178,0.0078534,0.0839329,0.0340314,0.9895288,0.3021583,0.09375,0.8333333,10.30229722897745
2235.0,0.4684564,0.29217,0.1225951,0.1254209,0.8626398,0.0022371,0.7069922,0.0066593,0.0310766,0.0634096,0.2508324,0.991121,0.3659044,0.0914286,0.4166667,10.640675541671662
898.0,0.4309577,0.0356347,0.2605791,0.2054795,0.8095768,0.1224944,0.8090615,0.0,0.0032362,0.2677725,0.012945,0.9838188,0.2843602,0.03125,1.0,11.766799946849087
118.0,0.5169492,0.0,0.2457627,0.1578947,0.8983051,0.0,0.7333333,0.0,0.0,0.2241379,0.0,1.0,0.1724138,0.2857143,0.0,9.615805480084347
3256.0,0.4597666,0.0033784,0.2650491,0.1847641,0.7874693,0.0654177,0.6606607,0.0037538,0.0127628,0.0586572,0.0,0.9954955,0.3717314,0.0618762,0.3913043,10.261196961231647
2275.0,0.4742857,0.2189011,0.1547253,0.1488294,0.8549451,0.0,0.6688742,0.0011038,0.0320088,0.1160976,0.1644592,0.9933775,0.4156098,0.0896552,0.3333333,10.142543822310387
8248.0,0.4747818,0.0061833,0.1699806,0.1179594,0.8833657,0.0,0.7267692,0.0018462,0.0181538,0.0373223,0.0067692,0.9910769,0.2381517,0.0434311,0.2307692,10.628641991731053
243.0,0.4814815,0.0164609,0.1728395,0.1190476,0.8971193,0.0,0.7978723,0.0212766,0.0319149,0.0309278,0.0106383,1.0,0.2371134,0.0526316,0.0,10.138599199626192
5695.0,0.4495171,0.1805092,0.1845478,0.1614035,0.8440737,0.024583,0.6937138,0.0013375,0.0227374,0.0607203,0.158716,0.9982167,0.3253769,0.0875462,0.4545455,10.254179634797001
55031.0,0.4911595,0.0127019,0.0532972,0.0475323,0.8837928,0.0070869,0.7580687,0.0071372,0.0583049,0.0914942,0.0132249,0.859407,0.2836846,0.1074106,0.4800693,11.052491896264268
446.0,0.5022422,0.0022422,0.0807175,0.0495495,0.8161435,0.0,0.6982249,0.0295858,0.1301775,0.0397727,0.0,1.0,0.3409091,0.0434783,0.0,10.635879484421974
1644.0,0.5018248,0.0018248,0.2384428,0.0842491,0.7822384,0.0,0.637037,0.0012346,0.0740741,0.7887324,0.0037037,0.991358,0.5592071,0.0327273,0.7368421,11.423011698301428
50686.0,0.5300675,0.0585961,0.0485144,0.047861,0.8534901,0.0636862,0.8102702,0.0060997,0.0696503,0.0253025,0.0524151,0.8665154,0.3572762,0.2336056,0.0773481,12.259618151783465
4660.0,0.4969957,0.0302575,0.1,0.0533276,0.9396996,0.0096567,0.8756345,0.0006345,0.0209391,0.0125313,0.0222081,0.9822335,0.0325815,0.1982759,0.1666667,11.886562731847148
1888.0,0.5026483,0.0873941,0.0911017,0.0734824,0.9443856,0.0,0.8304498,0.0,0.0121107,0.139881,0.100346,0.5467128,0.4151786,0.214876,0.9565217,9.814710982145282
24152.0,0.4756542,0.0198741,0.1284366,0.0910455,0.9038175,0.0088191,0.7906392,0.0015561,0.0312425,0.0360028,0.0186737,0.9789322,0.1463189,0.0636872,0.2674419,12.361369810748965
619.0,0.5331179,0.0,0.0533118,0.0207612,0.8982229,0.0,0.7623762,0.0,0.0643564,0.0380952,0.0,1.0,0.2904762,0.1060606,1.0,10.335302435967074
281.0,0.4982206,0.0,0.1850534,0.1347518,0.8825623,0.0,0.7368421,0.0087719,0.0175439,0.4328358,0.0,0.9912281,0.5024876,0.2,0.8333333,9.615805480084347
1516.0,0.5019789,0.0059367,0.1220317,0.0741722,0.8113456,0.0,0.6398714,0.0128617,0.0771704,0.2987599,0.0080386,0.9469453,0.5310034,0.1078431,0.5333333,11.031674824544641
716.0,0.5530726,0.0013966,0.0656425,0.021875,0.8603352,0.0,0.6945455,0.0072727,0.0436364,0.3483412,0.0,0.8218182,0.4312796,0.0970874,1.0,10.609081944147828
128.0,0.5234375,0.0,0.1640625,0.0655738,0.9140625,0.0,0.7608696,0.0,0.0,0.08,0.0,1.0,0.32,0.2857143,1.0,9.615805480084347
2919.0,0.4765331,0.0017129,0.2216513,0.1681937,0.8126071,0.0298047,0.6543933,0.0025105,0.0309623,0.0424679,0.0016736,0.9916318,0.2700321,0.060274,0.4285714,10.563620718477313
1486.0,0.4374159,0.0652759,0.3566622,0.2595694,0.7409152,0.0921938,0.6062603,0.0016474,0.0115321,0.1377841,0.0560132,0.9983526,0.3153409,0.0952381,0.9230769,9.90353755128617
3328.0,0.6574519,0.0426683,0.0579928,0.0675439,0.5922476,0.3740986,0.8207705,0.0,0.0083752,0.0927052,0.0050251,0.2864322,0.4012158,0.248366,0.8888889,10.499600568082863
494.0,0.5121457,0.0,0.1538462,0.1078838,0.9129555,0.0,0.7802198,0.0,0.0164835,0.0421053,0.0,0.9945055,0.1578947,0.0833333,0.0,10.609081944147828
1279.0,0.4855356,0.0007819,0.1336982,0.112462,0.8897576,0.0,0.7432712,0.0020704,0.0269151,0.0242424,0.0,0.9937888,0.2484848,0.0887097,0.25,10.416341118636355
54.0,0.4814815,0.0,0.0555556,0.0,0.962963,0.0,0.8947368,0.0,0.0,0.3666667,0.0,0.9473684,0.8333333,0.1428571,0.0,10.499600568082863
397.0,0.488665,0.0,0.138539,0.0591133,0.9370277,0.0,0.8175182,0.0,0.0,0.0352113,0.0,0.9927007,0.2183099,0.0833333,1.0,10.664316745782925
314.0,0.4522293,0.0382166,0.2738854,0.1918605,0.8566879,0.0,0.6764706,0.0,0.0073529,0.1168831,0.0661765,0.9632353,0.2337662,0.0,0.0,9.942756341456828
1927.0,0.4545926,0.0731707,0.1380384,0.1179829,0.8380903,0.0098599,0.675,0.0039474,0.0381579,0.0367554,0.0526316,0.9710526,0.3244613,0.0905923,0.0,10.425282789490705
1600.0,0.464375,0.000625,0.16375,0.1155193,0.876875,0.02125,0.7409836,0.0,0.0081967,0.0192926,0.0,0.9967213,0.2363344,0.0598802,0.0,10.668978650219241
112.0,0.6785714,0.3214286,0.0,0.0,0.1785714,0.7321429,0.375,0.0,0.0,0.0588235,0.125,1.0,0.6470588,0.0625,0.0,0.0
517.0,0.4584139,0.3404255,0.2243714,0.1714286,0.8336557,0.0,0.6351351,0.009009,0.018018,0.1084337,0.3198198,1.0,0.253012,0.0777778,1.0,9.980494888896912
138.0,0.4927536,0.3478261,0.1449275,0.1285714,0.8985507,0.0,0.745098,0.0,0.0196078,0.1052632,0.254902,0.9803922,0.2807018,0.2727273,0.0,10.335302435967074
268.0,0.4701493,0.0410448,0.0970149,0.0985915,0.8992537,0.0,0.7475728,0.0,0.0097087,0.0636364,0.038835,0.9902913,0.1636364,0.0666667,0.5,10.727684925086583
46521.0,0.4995378,0.0464091,0.044582,0.0474186,0.8440489,0.0067496,0.6954702,0.0052593,0.0711983,0.103478,0.0451281,0.936832,0.3915027,0.0710845,0.3790323,11.088292827848269
203.0,0.546798,0.0,0.0985222,0.0543478,0.9064039,0.0,0.7721519,0.0,0.0126582,0.0813953,0.0,1.0,0.3255814,0.1666667,0.0,9.746892220313054
1427.0,0.4183602,0.0995095,0.278206,0.2084337,0.8149965,0.0231254,0.6272578,0.0,0.0065681,0.1386139,0.08867,0.9835796,0.4059406,0.1189189,0.85,9.615805480084347
54.0,0.462963,0.3148148,0.2037037,0.2068966,0.8333333,0.0,0.6086957,0.0,0.0,0.2333333,0.3043478,1.0,0.3,1.0,0.0,10.150386692204734
130.0,0.4615385,0.2923077,0.1692308,0.2428571,0.9,0.0,0.7346939,0.0,0.0,0.125,0.2653061,1.0,0.2142857,0.1818182,0.0,9.787009914477434
558.0,0.4946237,0.0,0.1505376,0.1134752,0.8870968,0.0,0.7534884,0.0046512,0.0418605,0.0227273,0.0,1.0,0.2136364,0.1041667,0.0,10.74937727911096
818.0,0.4633252,0.0,0.2860636,0.2255125,0.7750611,0.0819071,0.6625,0.00625,0.015625,0.0670554,0.0,1.0,0.2186589,0.0634921,1.0,9.62911649414402
7424.0,0.4983836,0.0080819,0.2145744,0.0872718,0.8601832,0.0109106,0.739418,0.0019841,0.0486111,0.138216,0.0082672,0.962963,0.4687945,0.1318681,0.3166667,11.033291613631048
446.0,0.4618834,0.3295964,0.1479821,0.1166667,0.9125561,0.0,0.7672956,0.0062893,0.0062893,0.0647059,0.2641509,0.9685535,0.1882353,0.3076923,0.6,10.680539205318292
769.0,0.4889467,0.0,0.0871261,0.0712468,0.9401821,0.0,0.825,0.0,0.0166667,0.047619,0.0,1.0,0.2777778,0.2,1.0,10.537441898283253
440.0,0.4954545,0.1045455,0.1431818,0.1576577,0.9068182,0.0,0.7664671,0.0,0.011976,0.0564972,0.0898204,0.988024,0.2542373,0.1363636,0.0,9.770013301136158
3750.0,0.4608,0.0016,0.1093333,0.0969337,0.8842667,0.0,0.7264151,0.0043541,0.0297533,0.0390516,0.0007257,0.9898403,0.290795,0.0836502,0.2,10.956073354557526
63.0,0.4761905,0.0,0.1428571,0.0909091,0.8888889,0.0,0.7307692,0.0,0.0,0.3157895,0.0,0.9615385,0.3684211,0.0,1.0,9.615805480084347
228.0,0.5,0.0,0.0701754,0.0614035,0.9342105,0.0,0.8472222,0.0138889,0.0277778,0.04,0.0,0.9861111,0.12,0.25,0.5,10.077482875583607
220.0,0.4363636,0.0,0.1681818,0.0967742,0.9,0.0,0.7906977,0.0116279,0.0348837,0.0752688,0.0,1.0,0.311828,0.1304348,0.0,10.003378135350923
18004.0,0.4621751,0.0634303,0.1868474,0.1509863,0.8154299,0.0361586,0.6629546,0.0053566,0.0301663,0.1015704,0.055117,0.9967578,0.3323202,0.0778061,0.647619,9.862717639992917
4022.0,0.4331179,0.0004973,0.2548483,0.1833333,0.7379413,0.0554451,0.5930636,0.0046243,0.0606936,0.1393035,0.000578,0.9942197,0.3169154,0.0540541,0.5333333,11.43281025466844
669.0,0.4872945,0.0,0.1733931,0.1341108,0.8759342,0.0,0.7121212,0.0037879,0.0227273,0.1826625,0.0,1.0,0.3405573,0.0961538,0.5,9.70509758756311
12454.0,0.4778384,0.0203148,0.1365826,0.1177918,0.8413361,0.0,0.6623717,0.0008053,0.0517415,0.0310183,0.0221462,0.9218844,0.4323059,0.0470536,0.5,11.919063679824545
2045.0,0.4713936,0.003912,0.2356968,0.1609621,0.8259169,0.0293399,0.6670602,0.0011806,0.0153483,0.1470292,0.0094451,0.9964581,0.2628399,0.0964467,0.6774194,9.985113621416073
708.0,0.519774,0.0112994,0.0988701,0.0764706,0.8870056,0.0,0.75,0.0115385,0.0384615,0.0188679,0.0115385,1.0,0.2792453,0.25,0.0,10.87049040995193
8906.0,0.4953964,0.0094318,0.1734786,0.0925679,0.9326297,0.0033685,0.847032,0.0019026,0.0414764,0.0186706,0.011035,0.9577626,0.2606423,0.1779053,0.5,12.304110918882833
22070.0,0.4860897,0.3484368,0.1012687,0.0780286,0.8728138,0.0039873,0.7361411,0.0013954,0.0558163,0.0324046,0.2894837,0.9576303,0.2405794,0.1068249,0.4107143,11.808583147519697
297.0,0.4680135,0.003367,0.3232323,0.1772152,0.8417508,0.0,0.6691176,0.0,0.0147059,0.1757576,0.0,0.9926471,0.2666667,0.0416667,0.75,9.615805480084347
319.0,0.4576803,0.0,0.2288401,0.1791908,0.8369906,0.0,0.6296296,0.0074074,0.0148148,0.354067,0.0,0.0740741,0.4162679,0.1363636,0.0,9.615805480084347
14256.0,0.4606481,0.0704966,0.1912879,0.1586682,0.8289843,0.0270763,0.6748596,0.0038624,0.0263343,0.1129108,0.0609199,0.9627809,0.3494783,0.1154027,0.5555556,10.214678610538817
999.0,0.4984985,0.0700701,0.0900901,0.1077844,0.9069069,0.0,0.7707182,0.0027624,0.019337,0.0694087,0.0690608,0.9972376,0.3084833,0.1452991,0.7777778,10.542732775946709
1623.0,0.4651879,0.0092421,0.1805299,0.1705069,0.7935921,0.0813309,0.7068345,0.0143885,0.0503597,0.1003236,0.0017986,0.9892086,0.289644,0.1172161,0.4285714,11.013715451376466
1342.0,0.5193741,0.0007452,0.1639344,0.1069767,0.9105812,0.0454545,0.8721973,0.0,0.0044843,0.0367171,0.0,0.9910314,0.0712743,0.2413793,0.6666667,11.110969193687714
1201.0,0.4737719,0.0016653,0.1865112,0.1424051,0.8859284,0.0,0.7469636,0.0020243,0.0202429,0.0178926,0.0020243,0.9898785,0.1789264,0.0769231,0.6666667,10.586609649448985
535.0,0.5196262,0.1065421,0.0841121,0.0544747,0.9121495,0.0,0.7659574,0.0,0.0159574,0.193133,0.0851064,1.0,0.3648069,0.0769231,0.5,10.526775414924009
497.0,0.4547284,0.0,0.3501006,0.2214022,0.806841,0.0,0.6085106,0.0085106,0.0085106,0.1198502,0.0,1.0,0.1573034,0.1212121,0.2857143,9.615805480084347
27630.0,0.4852696,0.3092291,0.1043793,0.0932358,0.7420919,0.1099891,0.6663637,0.0055539,0.0615975,0.055778,0.2681006,0.9775826,0.3462052,0.0783884,0.3037975,11.16903981679311
13817.0,0.4555258,0.0043425,0.2101035,0.1751961,0.8050228,0.0358978,0.6598923,0.0041688,0.0319611,0.0651185,0.0041688,0.9972208,0.351088,0.0572738,0.5223881,10.239995502805316
280.0,0.525,0.1285714,0.1392857,0.1428571,0.8785714,0.0,0.7009346,0.0,0.0186916,0.0614035,0.1401869,0.9906542,0.1140351,0.1538462,0.0,10.6782377612977
468.0,0.4209402,0.9722222,0.0897436,0.1180812,0.9294872,0.0,0.8,0.0064516,0.0064516,0.1091954,0.9741935,1.0,0.3965517,0.1929825,0.0,9.65509029374725
1694.0,0.487013,0.0076741,0.1133412,0.0586881,0.8724911,0.0,0.7234043,0.0030395,0.0425532,0.3109948,0.0075988,0.9954407,0.3612565,0.0521327,0.625,10.247112717290387
126.0,0.531746,0.0,0.1269841,0.0847458,0.8015873,0.0,0.64,0.04,0.06,0.2424242,0.0,0.9,0.3636364,0.1851852,1.0,9.615805480084347
802.0,0.4625935,0.0,0.1758105,0.1554524,0.8466334,0.0,0.6666667,0.0030864,0.037037,0.0553936,0.0,0.9969136,0.2565598,0.1160714,1.0,10.064798252418377
2678.0,0.4667662,0.0168036,0.2076176,0.1498599,0.8405527,0.0,0.6579178,0.0026247,0.0262467,0.0899682,0.0113736,0.9912511,0.3288217,0.0508475,0.6666667,10.315630315397533
61.0,0.5737705,0.0,0.1311475,0.1153846,0.9016393,0.0,0.75,0.0,0.0,0.4,0.0,0.9583333,0.25,0.0,0.0,9.615805480084347
153.0,0.4444444,0.0,0.1764706,0.1294118,0.875817,0.0,0.704918,0.0,0.0163934,0.1408451,0.0,0.9672131,0.2394366,0.2857143,0.0,9.615805480084347
7382.0,0.4604443,0.0009483,0.2023842,0.1697213,0.8219995,0.0361691,0.6758503,0.0034014,0.0272109,0.0379581,0.0003401,0.9986395,0.3785995,0.0497788,0.6060606,10.348205424565993
749.0,0.493992,0.0,0.105474,0.0738786,0.9198932,0.0,0.8050542,0.0,0.0216606,0.0348432,0.0,0.9927798,0.1393728,0.0517241,0.0,10.579005242826247
7737.0,0.4954117,0.00517,0.4035156,0.1009221,0.8761794,0.0029727,0.7773512,0.001371,0.0301618,0.4757798,0.0024678,0.9621607,0.6607733,0.0748031,0.1589744,11.017004873924424
416.0,0.4639423,0.0,0.1586538,0.0896861,0.8774038,0.0,0.716763,0.0,0.0115607,0.0698925,0.0,1.0,0.2956989,0.0222222,0.0,9.908524844053396
2576.0,0.4984472,0.0112578,0.0555124,0.0541796,0.9204193,0.0,0.8109049,0.0023202,0.0382831,0.0926316,0.0116009,0.9837587,0.1905263,0.0652174,0.1,11.869207331664223
2892.0,0.4996542,0.026971,0.1528354,0.1202488,0.8063624,0.0217842,0.6361386,0.0024752,0.039604,0.0523847,0.0239274,0.9975248,0.3150899,0.0248307,0.1538462,10.571342565808699
5511.0,0.4745055,0.0558882,0.1389947,0.105663,0.8657231,0.0273997,0.743014,0.003493,0.0284431,0.067907,0.0474052,0.991517,0.3093023,0.1088328,0.3333333,10.811766273800105
59479.0,0.4789253,0.0429227,0.1466232,0.10725,0.8311169,0.0197381,0.6802496,0.0032702,0.05142,0.0638846,0.0362306,0.894191,0.3602675,0.0836514,0.5512821,11.748005492256807
25098.0,0.4719898,0.0570962,0.084947,0.0623302,0.505857,0.2342019,0.5528183,0.0028116,0.2130138,0.0497455,0.0574374,0.9847369,0.2791349,0.0661359,0.2947368,11.554077005184336
370.0,0.4783784,0.0,0.1648649,0.1398964,0.9243243,0.0,0.8142857,0.0,0.0071429,0.0909091,0.0,1.0,0.0909091,0.3,0.6666667,10.146472946063877
862.0,0.4883991,0.0069606,0.2668213,0.1836735,0.7691415,0.1171694,0.7258065,0.0,0.0419355,0.015873,0.0032258,1.0,0.2507937,0.0892857,0.0,10.482933978579906
3289.0,0.4882943,0.0018243,0.1128002,0.0855615,0.8625722,0.0054728,0.7202284,0.0122349,0.0489396,0.0733182,0.0016313,0.9877651,0.3325775,0.0651085,0.7222222,11.44999631476691
27617.0,0.4815874,0.0257088,0.1101495,0.0886359,0.8794945,0.0003983,0.7360008,0.0048818,0.0396286,0.0362546,0.0305351,0.9844932,0.2688192,0.0852341,0.5909091,10.413342705547674
355.0,0.4816901,0.971831,0.1690141,0.1086957,0.8873239,0.0,0.6825397,0.0,0.0,0.080292,0.9761905,1.0,0.2481752,0.0833333,0.0,9.994287576862567
187.0,0.5026738,0.3636364,0.1871658,0.1397849,0.8877005,0.0,0.7432432,0.0135135,0.0135135,0.0632911,0.3648649,0.9864865,0.1898734,0.25,0.0,9.918425424900335
7321.0,0.501161,0.0643355,0.0228111,0.0306681,0.8942767,0.0008196,0.7941653,0.0036467,0.0765802,0.0400622,0.0575365,0.9781199,0.067289,0.1802326,0.027027,11.666513129191083
679.0,0.4712813,0.0,0.1899853,0.1476323,0.8733432,0.0,0.7018182,0.0,0.0145455,0.1242038,0.0,1.0,0.3057325,0.1463415,0.0,9.62251624577579
461.0,0.4707158,0.0,0.1843818,0.0901639,0.9284165,0.0,0.8255814,0.0,0.0116279,0.0444444,0.0,0.9825581,0.0111111,0.0,0.5,11.522885696764481
8091.0,0.4972191,0.0012359,0.0860215,0.0717797,0.856878,0.0159436,0.7118136,0.0083195,0.0349418,0.1556617,0.0009983,0.9450915,0.3832537,0.0843585,0.6176471,10.568775236216993
1089.0,0.4820937,0.0247934,0.2506887,0.2056738,0.8420569,0.010101,0.6717063,0.0,0.0194384,0.0512295,0.0172786,1.0,0.2684426,0.0833333,0.75,10.236417809461043
7540.0,0.4568966,0.3519894,0.1840849,0.1741148,0.7984085,0.0485411,0.6534686,0.0009817,0.0255236,0.0677242,0.3275524,0.9888743,0.3593655,0.087146,0.2325581,10.609081944147828
65.0,0.5384615,0.0,0.1230769,0.1,0.9384615,0.0,0.826087,0.0,0.0,0.0,0.0,1.0,0.2173913,0.0,0.0,9.615805480084347
126.0,0.4206349,0.0,0.2539683,0.109589,0.8730159,0.0,0.6981132,0.0,0.0,0.1969697,0.0,1.0,0.3636364,0.2857143,1.0,9.87822102528824
1207.0,0.4681027,0.0024855,0.2112676,0.1635514,0.8260149,0.0372825,0.6950207,0.0,0.0248963,0.0956848,0.0,0.9709544,0.2157598,0.0983607,1.0,10.445840912706414
762.0,0.4908136,0.0052493,0.2388451,0.1520619,0.851706,0.0,0.6899696,0.0,0.0243161,0.1364829,0.006079,0.9969605,0.2467192,0.0169492,0.75,9.686636660844938
5564.0,0.4469806,0.0030554,0.2584472,0.20117,0.7974479,0.0319914,0.6384272,0.0032428,0.0186461,0.099635,0.0020268,0.9967572,0.3759124,0.063857,0.6428571,10.154285180632154
789.0,0.4512041,0.5842839,0.1723701,0.1709007,0.8707224,0.0,0.7021944,0.0031348,0.0188088,0.1284153,0.5266458,0.9937304,0.3743169,0.1171171,1.0,9.873079890114703
1182.0,0.4221658,0.5871404,0.2428088,0.2240117,0.8316413,0.0507614,0.7061611,0.007109,0.021327,0.1244813,0.5521327,1.0,0.3278008,0.168,1.0,9.873079890114703
32.0,0.46875,0.0,0.03125,0.0,1.0,0.0,1.0,0.0,0.0,0.0,0.0,1.0,0.2222222,0.0,0.0,9.69898173460629
6630.0,0.4642534,0.0674208,0.1730015,0.1627252,0.7435897,0.1072398,0.6515666,0.00151,0.0215176,0.0522361,0.0328426,0.996225,0.321288,0.0585059,0.6,10.36410350510914
1870.0,0.4609626,0.0181818,0.1647059,0.1150794,0.6946524,0.0,0.5054585,0.0054585,0.1058952,0.2103448,0.0152838,0.9770742,0.3905172,0.0167866,0.3076923,11.612779849672751
523.0,0.4531549,0.0860421,0.2141491,0.1923077,0.8680688,0.0,0.6820276,0.0,0.0,0.0726496,0.078341,1.0,0.3376068,0.1,1.0,10.003378135350923
5833.0,0.4599691,0.0490314,0.2172124,0.1869841,0.7522716,0.0747471,0.6289308,0.0041929,0.0373166,0.0816327,0.0368973,0.9920335,0.3792838,0.0638767,0.4615385,10.385944565501662
458.0,0.4934498,0.0,0.1004367,0.0689655,0.9082969,0.0,0.7763158,0.0065789,0.0526316,0.0318471,0.0,0.9934211,0.1528662,0.1176471,0.0,10.229223792606835
1656.0,0.5241546,0.0126812,0.2771739,0.1510152,0.740942,0.0791063,0.6416107,0.0013423,0.0402685,0.3837883,0.0013423,0.9798658,0.6195203,0.0511628,0.5384615,11.233224789593368
11215.0,0.5032546,0.0183683,0.0956754,0.0411057,0.884173,0.0002675,0.7598575,0.0068685,0.0671585,0.3882664,0.013737,0.8265073,0.169779,0.2374886,0.2920635,11.405351390085748
88.0,0.5227273,0.0,0.1477273,0.1190476,0.9204545,0.0,0.8,0.0,0.0,0.1025641,0.0,0.9714286,0.2820513,0.25,0.0,9.65509029374725
638.0,0.531348,0.0,0.0548589,0.0535117,0.9655172,0.0,0.8653846,0.0,0.0064103,0.060241,0.0,0.9615385,0.5903614,0.3962264,0.0,10.12667110305036
303.0,0.5181518,0.0,0.2376238,0.1575342,0.8448845,0.0,0.6328125,0.0,0.0,0.1351351,0.0,0.9921875,0.2905405,0.0625,0.8,9.615805480084347
2043.0,0.4723446,0.000979,0.2339697,0.1781076,0.8198727,0.0352423,0.6798144,0.0011601,0.0220418,0.1058091,0.0011601,1.0,0.3724066,0.0751174,0.8333333,9.77571099759397
549.0,0.4571949,0.0018215,0.1420765,0.1375839,0.8834244,0.0,0.7327189,0.0046083,0.0184332,0.1069959,0.0,0.9953917,0.2098765,0.047619,0.0,10.043292972227004
36344.0,0.488884,0.1144343,0.0900286,0.0731051,0.5333755,0.2020141,0.5018168,0.0036336,0.1437547,0.0568328,0.0973505,0.9812263,0.5304155,0.0389042,0.4382022,10.797553125151618
5483.0,0.4867773,0.1039577,0.1654204,0.141791,0.8032099,0.0,0.6112284,0.003377,0.0510764,0.1127341,0.1013086,0.9767835,0.4258427,0.0861775,0.4210526,10.703266939811954
9836.0,0.4327979,0.3869459,0.1894063,0.1747625,0.8519723,0.0131151,0.6842239,0.002799,0.0188295,0.0548341,0.3409669,0.9969466,0.3181818,0.102459,0.6,10.211009016314167
10296.0,0.4662976,0.0017483,0.1697747,0.1350318,0.8239122,0.025641,0.6833542,0.0067584,0.0505632,0.0654971,0.0015019,0.9944931,0.3618713,0.074451,0.5405405,11.259335592686217
1550.0,0.4496774,0.6780645,0.1193548,0.0996483,0.9496774,0.0,0.8393665,0.0045249,0.0090498,0.0555556,0.5882353,0.9751131,0.25,0.2321429,0.6666667,10.225607282932941
320.0,0.459375,0.0,0.271875,0.1676301,0.80625,0.0,0.6174497,0.0,0.033557,0.1857923,0.0,1.0,0.284153,0.0882353,0.5714286,9.615805480084347
243.0,0.5185185,0.0,0.0411523,0.025641,0.9506173,0.0,0.8214286,0.0,0.0357143,0.1384615,0.0,0.9821429,0.6307692,0.4242424,0.0,9.615805480084347
45.0,0.4888889,0.8,0.2,0.3043478,0.7777778,0.0,0.5652174,0.0,0.0,0.28125,0.826087,1.0,0.34375,0.0,1.0,9.615805480084347
799.0,0.4718398,0.0012516,0.3554443,0.2156398,0.8010013,0.0,0.6262887,0.007732,0.0257732,0.099768,0.0,1.0,0.2343387,0.0740741,0.8571429,9.615805480084347
54.0,0.4814815,0.0,0.0925926,0.0714286,0.9259259,0.0,0.7777778,0.0,0.0,0.2173913,0.0,1.0,0.173913,0.0,0.0,9.615805480084347
2067.0,0.4629898,0.0614417,0.256894,0.1945946,0.768747,0.0827286,0.6602641,0.002401,0.0180072,0.1628141,0.0516206,0.9807923,0.3356784,0.0901961,0.7777778,9.923339198238729
156.0,0.5641026,0.0,0.1923077,0.0441176,0.9038462,0.0,0.7758621,0.0172414,0.0344828,0.0491803,0.0,1.0,0.2131148,0.125,1.0,10.090008612393838
2779.0,0.4505218,0.163728,0.1975531,0.1918795,0.8028068,0.0255488,0.6356142,0.0,0.0288541,0.1298422,0.1566364,0.9934048,0.330703,0.0504587,0.7083333,10.389026137075234
8636.0,0.4864521,0.0152849,0.2031033,0.092221,0.7997916,0.0010421,0.6573617,0.0037055,0.069417,0.6964607,0.0113636,0.9935771,0.5152969,0.0421875,0.2974138,11.248972939884327
206.0,0.5242718,0.0,0.0873786,0.0612245,0.9174757,0.0,0.8194444,0.0,0.0555556,0.1111111,0.0,0.9722222,0.308642,0.0,0.0,10.853232402669228
2247.0,0.4512684,0.0885625,0.1637739,0.1467964,0.8486871,0.0084557,0.6733828,0.0010604,0.0116649,0.0888889,0.0752916,0.9978791,0.4067633,0.0678392,0.4615385,10.448743588106625
28176.0,0.4994321,0.0322615,0.0697757,0.0537436,0.8050468,0.0036201,0.65843,0.002587,0.1102587,0.0457138,0.0317574,0.9535236,0.3483443,0.0431767,0.1478873,12.70533466782146
7111.0,0.4895233,0.0185628,0.1117986,0.077135,0.9220925,0.0184222,0.8459976,0.0008127,0.0130028,0.0483372,0.0158472,0.9548964,0.1283836,0.140625,0.2564103,10.747229096720554
1257.0,0.49642,0.0031822,0.061257,0.0489731,0.9252188,0.0,0.8281623,0.0047733,0.0381862,0.0541761,0.0047733,0.9952267,0.2031603,0.045045,0.6666667,10.594156665220533
1270.0,0.4181102,0.0007874,0.3031496,0.2205683,0.7338583,0.0,0.5163205,0.0014837,0.0148368,0.039886,0.0,0.9910979,0.3831909,0.0533333,0.3333333,11.003781759319981
12016.0,0.5259654,0.0850533,0.1124334,0.0886587,0.4124501,0.4128662,0.523124,0.0015314,0.1019908,0.0708594,0.0869832,0.9690658,0.3966989,0.0506739,0.25,12.239028583587523
10823.0,0.459854,0.0012935,0.1956944,0.1380431,0.8250023,0.0056361,0.6413255,0.0019493,0.0348711,0.033089,0.0021659,0.9943686,0.2458639,0.0161893,0.3478261,10.673618922112436
71479.0,0.5523021,0.0891171,0.0682718,0.0554358,0.7919529,0.106185,0.7634242,0.0064525,0.063464,0.0436602,0.0522385,0.8940646,0.2802198,0.1201941,0.1625,11.718320437984499
200.0,0.425,0.0,0.34,0.226087,0.86,0.0,0.6823529,0.0,0.0117647,0.0957447,0.0,1.0,0.1382979,0.2222222,0.5,10.021315031649332
30996.0,0.4403149,0.1416957,0.4850949,0.2927139,0.6817331,0.0091625,0.495302,0.0016924,0.0478553,0.3090169,0.0932594,0.9377882,0.7994193,0.0504128,0.6040956,10.990381448250039
10795.0,0.4757758,0.06327,0.1302455,0.1005478,0.9057897,0.0015748,0.7739109,0.0021903,0.0146021,0.0551851,0.0591385,0.9978097,0.2080938,0.0987085,0.5098039,10.668978650219241
14903.0,0.4552104,0.2756492,0.2449842,0.1686168,0.7923908,0.0268402,0.6368935,0.0045684,0.0494644,0.1334971,0.2240076,0.9836169,0.4453999,0.1001116,0.487013,10.647826772357497
6725.0,0.5142007,0.0066914,0.0542751,0.040404,0.8226022,0.0,0.6730921,0.0086546,0.1014949,0.1415062,0.0059009,0.9618411,0.4410672,0.0944373,0.5714286,11.947955847790901
570.0,0.5157895,0.0,0.0912281,0.0688406,0.9350877,0.0,0.8135593,0.0,0.0169492,0.5775656,0.0,0.9943503,0.4940334,0.3571429,1.0,10.555838779903407
33362.0,0.4610035,0.004646,0.1843714,0.1259593,0.844164,0.0167856,0.6862731,0.0006592,0.0227805,0.0358076,0.0037357,0.9942133,0.1919627,0.0188105,0.1834862,11.260623406285792
453.0,0.4878587,0.0353201,0.1788079,0.1422414,0.8432671,0.0,0.6735751,0.0051813,0.0310881,0.2024793,0.0362694,0.984456,0.3719008,0.125,0.75,10.521399202410167
2859.0,0.4725428,0.4536551,0.1598461,0.1624668,0.8405037,0.0,0.6460419,0.0036397,0.0464058,0.125,0.4030937,0.9945405,0.5183121,0.1754386,0.5714286,9.846970109700957
7598.0,0.4560411,0.0025007,0.2392735,0.1739656,0.7873125,0.0481706,0.6439807,0.0035313,0.0359551,0.0412435,0.0006421,0.9964687,0.3228686,0.055993,0.59375,10.485731104959568
403.0,0.4689826,0.0,0.2655087,0.1261682,0.8709677,0.0,0.702381,0.0,0.0119048,0.1340206,0.0,1.0,0.2886598,0.0571429,1.0,9.61587214452889
4197.0,0.4067191,0.0021444,0.1486776,0.1064257,0.52061,0.2072909,0.4802891,0.0045992,0.1570302,0.0742092,0.0,0.9967148,0.5590024,0.0462863,0.2,10.949068194652432
1206.0,0.4121061,0.0,0.3200663,0.2679831,0.6981758,0.0762852,0.5300546,0.0018215,0.0200364,0.0726351,0.0,0.996357,0.4712838,0.0218341,0.6666667,10.33854382482173
7634.0,0.5267226,0.0083835,0.0817396,0.0722391,0.9028032,0.0162431,0.7922971,0.0041265,0.0389729,0.1076105,0.0082531,0.4736359,0.5564648,0.3122951,0.0769231,11.353941456740479
1441.0,0.4378904,0.4829979,0.1547536,0.1419753,0.9021513,0.0,0.7453184,0.0018727,0.0074906,0.084048,0.4250936,0.9906367,0.2469983,0.1578947,0.75,10.250652418696085
781.0,0.5019206,0.0,0.2099872,0.1362468,0.8553137,0.0,0.6644737,0.0098684,0.0263158,0.0440252,0.0,0.9934211,0.2515723,0.0909091,0.6666667,10.177362240256695
638.0,0.4702194,0.0,0.1504702,0.1183432,0.8808777,0.0,0.7137255,0.0,0.0117647,0.0485075,0.0,0.9960784,0.2313433,0.0461538,0.0,10.524090921620362
3865.0,0.4926261,0.0732212,0.086934,0.0693524,0.8765847,0.0043984,0.7473262,0.006016,0.0414439,0.0833333,0.0668449,0.9893048,0.4056373,0.0730051,0.56,10.542732775946709
1807.0,0.4587714,0.3541782,0.2584394,0.2515337,0.7155506,0.166021,0.6832,0.0016,0.0192,0.1096866,0.3264,0.9936,0.2564103,0.1058824,0.6923077,10.505094936455558
249.0,0.4899598,0.0,0.1084337,0.0472441,0.9477912,0.0,0.8850575,0.0114943,0.0229885,0.1122449,0.0,0.9655172,0.1530612,0.0,0.5,10.36410350510914
180.0,0.5166667,0.2944444,0.1666667,0.091954,0.9055556,0.0,0.7794118,0.0,0.0147059,0.1282051,0.25,1.0,0.2564103,0.1428571,0.5,10.571342565808699
518.0,0.4864865,0.0,0.1505792,0.112782,0.8803089,0.0,0.7091837,0.0,0.0204082,0.1131222,0.0,0.9846939,0.2352941,0.1568627,0.5714286,9.615805480084347
683.0,0.4626647,0.0351391,0.2562225,0.1771117,0.8477306,0.0278184,0.7298246,0.0035088,0.0210526,0.0716612,0.045614,1.0,0.2345277,0.0714286,0.625,10.211009016314167
716.0,0.523743,0.5698324,0.0837989,0.1202346,0.8617318,0.0,0.7019608,0.0156863,0.0470588,0.1267123,0.5294118,0.9921569,0.3458904,0.127907,0.0,10.285376924115587
362.0,0.4889503,0.0,0.121547,0.0810811,0.878453,0.0,0.7251908,0.0,0.0534351,0.0902778,0.0,0.9923664,0.2083333,0.1428571,1.0,10.060534035475412
405.0,0.4691358,0.0,0.1901235,0.1488372,0.8518519,0.0,0.6571429,0.0,0.0,0.0979381,0.0,1.0,0.3608247,0.1,0.5,9.615805480084347
11339.0,0.4882265,0.0038804,0.0687009,0.0630708,0.8536026,0.0066143,0.710114,0.0064103,0.0686135,0.0589812,0.002849,0.9945394,0.3467382,0.0521472,0.4025974,11.234546649377918
532.0,0.5056391,0.0,0.1315789,0.1102662,0.862782,0.0,0.7169811,0.0141509,0.0330189,0.1417004,0.0,0.995283,0.3319838,0.0943396,1.0,9.77571099759397
373.0,0.4932976,0.0,0.1313673,0.0634921,0.9571046,0.0,0.8778626,0.0,0.0,0.0507246,0.0,0.9847328,0.1231884,0.0833333,0.5,10.221977646629885
164.0,0.4695122,0.0,0.2439024,0.091954,0.8597561,0.0,0.6901408,0.0,0.0140845,0.1547619,0.0,1.0,0.3095238,0.1111111,0.0,9.615805480084347
595.0,0.4571429,0.0,0.1529412,0.0866873,0.8672269,0.0,0.678733,0.0,0.0361991,0.1875,0.0,0.9954751,0.3860294,0.1944444,1.0,9.615805480084347
2459.0,0.4648231,0.0,0.2663684,0.2279635,0.8239122,0.0109801,0.6404494,0.0009363,0.0168539,0.1114809,0.0,0.997191,0.2113145,0.0714286,0.8181818,10.199918739620157
3343.0,0.4732276,0.0053844,0.169309,0.1402612,0.7992821,0.0,0.6088795,0.0042283,0.0613108,0.0470114,0.0042283,0.9943622,0.3431833,0.0538674,1.0,10.881832472145556
74.0,0.472973,0.0,0.2432432,0.1282051,0.7972973,0.0,0.6216216,0.0,0.027027,0.1590909,0.0,1.0,0.2272727,0.0,0.0,9.615805480084347
740.0,0.4945946,0.3689189,0.1189189,0.1042781,0.9189189,0.0,0.7848606,0.0039841,0.0159363,0.1192982,0.3027888,0.9920319,0.2561404,0.2923077,0.6,10.31231367277647
584.0,0.5,0.0,0.1061644,0.0616438,0.9623288,0.0,0.8616352,0.0,0.0,0.1311475,0.0,1.0,0.1693989,0.4210526,0.8,10.53212287826962
3815.0,0.4823067,0.1433814,0.3129751,0.1843038,0.7777195,0.0,0.603378,0.0023296,0.0733838,0.1033943,0.0728014,0.9458358,0.4830287,0.1016166,0.3414634,11.005444242454628
645.0,0.4806202,0.0031008,0.1906977,0.119403,0.8992248,0.0,0.7548638,0.0,0.0077821,0.0446097,0.0038911,1.0,0.267658,0.0612245,0.0,10.169728906753061
15504.0,0.5841718,0.1691176,0.1008772,0.0980301,0.6766641,0.2123323,0.7045735,0.0012361,0.0482077,0.0370958,0.0832303,0.9503502,0.5018845,0.0582677,0.7090909,11.750374207389497
1573.0,0.4895105,0.0,0.0781945,0.0510585,0.9516847,0.0,0.8766355,0.0018692,0.0168224,0.0165441,0.0,1.0,0.0882353,0.0943396,0.0,11.041336579870135
354.0,0.5112994,0.0,0.0988701,0.0693642,0.8841808,0.0,0.7666667,0.0166667,0.0666667,0.0769231,0.0,1.0,0.2307692,0.0526316,0.0,9.966509298952284
475.0,0.4757895,0.0021053,0.1768421,0.1084337,0.8968421,0.0,0.7760417,0.0,0.0208333,0.0679612,0.0052083,1.0,0.2038835,0.0384615,1.0,10.76004951120163
22242.0,0.4534215,0.1343404,0.2270479,0.1487209,0.7288014,0.0815125,0.6177108,0.0017342,0.0623239,0.082629,0.1122914,0.9809235,0.3162971,0.0556283,0.2444444,11.421917019425596
431.0,0.4640371,0.0,0.0904872,0.0909091,0.9071926,0.0,0.7352941,0.0073529,0.0294118,0.035461,0.0,0.9852941,0.3333333,0.1764706,0.0,9.97119292889014
2701.0,0.4713069,0.0940392,0.1754906,0.1652661,0.8182155,0.033321,0.647619,0.0038095,0.0209524,0.0773286,0.0780952,0.992381,0.297891,0.0845588,0.7692308,10.169728906753061
3498.0,0.495426,0.0031447,0.0983419,0.0640227,0.8496284,0.0,0.7015267,0.0061069,0.070229,0.0851955,0.0007634,0.9343511,0.4238827,0.1329114,0.5555556,11.917730355182513
254.0,0.507874,0.0,0.1023622,0.04,0.9370079,0.0,0.8333333,0.0,0.0111111,0.0217391,0.0,0.9777778,0.1304348,0.2666667,0.0,10.938467575959383
80.0,0.5,0.0,0.225,0.15,0.825,0.0,0.6666667,0.0,0.0555556,0.0769231,0.0,1.0,0.2051282,0.0,1.0,10.351405324899678
1208.0,0.4677152,0.0,0.1854305,0.1306376,0.8418874,0.0413907,0.7152174,0.0021739,0.0195652,0.0534979,0.0,0.9891304,0.2798354,0.0314961,0.75,10.373522431293592
473.0,0.4820296,0.0063425,0.217759,0.1346939,0.8477801,0.0,0.6868687,0.0,0.040404,0.1391304,0.0,0.9949495,0.273913,0.1632653,0.5,9.918425424900335
518.0,0.4671815,0.0096525,0.2644788,0.1775362,0.7857143,0.1100386,0.7239583,0.0,0.0052083,0.1351351,0.015625,1.0,0.3108108,0.0263158,0.75,9.615805480084347
28.0,0.6071429,0.5357143,0.1428571,0.1818182,0.8571429,0.0,0.6666667,0.0,0.0,0.1428571,0.5833333,1.0,0.3571429,0.0,1.0,9.615805480084347
26720.0,0.4960704,0.0193862,0.0688623,0.0730784,0.9475674,0.0087201,0.8925197,0.0020997,0.0275591,0.0232022,0.0183727,0.9595801,0.1003717,0.1689815,0.4130435,11.761354623750297
294.0,0.4455782,0.085034,0.1564626,0.1533742,0.8945578,0.0,0.7256637,0.0,0.0,0.096,0.0707965,1.0,0.168,0.4545455,1.0,9.994287576862567
332.0,0.5210843,0.0,0.189759,0.1194969,0.8403614,0.0,0.6788321,0.0072993,0.0583942,0.1045752,0.0,1.0,0.372549,0.1034483,0.6666667,9.615805480084347
13951.0,0.5015411,0.0083865,0.0322558,0.0133736,0.9515447,0.0011469,0.8942286,0.0035931,0.0312149,0.0304812,0.008309,0.9863014,0.0383192,0.1494662,0.0363636,12.05350987098043
1777.0,0.4372538,0.0090039,0.2352279,0.175,0.7934721,0.0129432,0.6104869,0.0037453,0.0274657,0.1139381,0.0074906,0.9975031,0.3639381,0.0397727,0.5833333,10.211009016314167
598.0,0.493311,0.0,0.1337793,0.1089109,0.8979933,0.0,0.7633929,0.0044643,0.0223214,0.1181102,0.0,1.0,0.3385827,0.1794872,1.0,9.841665338892785
212.0,0.4622642,0.0,0.1367925,0.1315789,0.9481132,0.0,0.8493151,0.0,0.0,0.0987654,0.0,0.9863014,0.2716049,0.3181818,0.0,10.413342705547674
13441.0,0.4749647,0.2393423,0.1890484,0.150914,0.7901942,0.0627929,0.6620952,0.003619,0.0308571,0.1683827,0.2304762,0.991619,0.3142721,0.1016676,0.7255814,9.729193687429403
493.0,0.4827586,0.0020284,0.127789,0.1137255,0.9087221,0.0,0.7674419,0.0116279,0.0232558,0.0391061,0.0,0.994186,0.2122905,0.1875,0.3333333,10.069044362997353
117.0,0.5213675,0.0,0.1965812,0.0892857,0.9230769,0.0,0.7954545,0.0,0.0,0.0833333,0.0,1.0,0.3333333,0.2222222,1.0,9.615805480084347
771.0,0.4824903,0.0,0.153048,0.1478697,0.8664073,0.0,0.7,0.01,0.0266667,0.137931,0.0,1.0,0.2844828,0.06,0.0,9.615805480084347
3780.0,0.5047619,0.0018519,0.152381,0.0892094,0.9653439,0.0,0.8880266,0.0022173,0.018847,0.0394036,0.0022173,0.9013304,0.5335463,0.3504823,0.0,11.362114203075018
963.0,0.4818276,0.0,0.1578401,0.1142285,0.867082,0.0,0.7142857,0.0134771,0.0377358,0.0654912,0.0,0.9973046,0.2015113,0.0918367,0.0,10.056251557087757
142.0,0.5,0.0,0.2042254,0.1690141,0.8521127,0.0,0.6666667,0.0,0.0166667,0.1891892,0.0,1.0,0.3648649,0.0833333,1.0,9.615805480084347
570.0,0.4859649,0.0,0.0964912,0.0580205,0.8912281,0.0,0.7647059,0.0,0.0641711,0.0555556,0.0,0.855615,0.3535354,0.2153846,0.7142857,10.376642461280849
384.0,0.4973958,0.3307292,0.1354167,0.1502591,0.9270833,0.0,0.7925926,0.0,0.0,0.0753425,0.2518519,1.0,0.1712329,0.1538462,0.0,9.615805480084347
8664.0,0.4523315,0.0018467,0.2071791,0.1624868,0.8045937,0.0379732,0.6542524,0.0013897,0.0275153,0.1067527,0.0016676,0.9980545,0.321996,0.0703196,0.6986301,10.030164255362632
1027.0,0.4576436,0.2015579,0.2891918,0.2800718,0.775073,0.0710808,0.6253102,0.0024814,0.0124069,0.1707819,0.1563275,0.9900744,0.3971193,0.1317829,0.9230769,9.841665338892785
121.0,0.4958678,0.0,0.1735537,0.0819672,0.892562,0.0,0.7727273,0.0227273,0.0454545,0.1538462,0.0,1.0,0.5,0.3,1.0,9.615805480084347
4266.0,0.5049226,0.0042194,0.043835,0.0397727,0.9545241,0.0,0.8854325,0.0045524,0.0227618,0.0193452,0.0022762,0.9848255,0.1116071,0.1369863,0.1818182,11.150534214035387
15387.0,0.4794307,0.0291805,0.1429778,0.1027466,0.890557,0.0088386,0.7758621,0.0025408,0.0410163,0.0353641,0.0277677,0.9277677,0.2232143,0.122807,0.6111111,12.47915237076039
441.0,0.5034014,0.0,0.2131519,0.2009132,0.8367347,0.0,0.6329787,0.0053191,0.0106383,0.2,0.0,0.9840426,0.3446809,0.1190476,1.0,9.615805480084347
8377.0,0.4709323,0.0008356,0.313358,0.125,0.8341889,0.0187418,0.7066667,0.0027211,0.0345578,0.2330968,0.0010884,0.9793197,0.4344741,0.0899654,0.6090226,11.034905792929415
78.0,0.5384615,0.0,0.2179487,0.0833333,0.9358974,0.0,0.8333333,0.0,0.0,0.3877551,0.0,1.0,0.3469388,0.0,1.0,9.615805480084347
9596.0,0.4854106,0.0032305,0.1027511,0.0741191,0.8725511,0.0021884,0.7333887,0.0066445,0.049557,0.0357715,0.0027685,0.9820044,0.3286172,0.0771456,0.372093,10.847412906506923
46022.0,0.4727522,0.1097519,0.144583,0.1171234,0.8537439,0.0091478,0.7010674,0.0045202,0.0345823,0.0527728,0.1002614,0.9963512,0.3289657,0.0758959,0.3542857,10.645448706505872
1140.0,0.472807,0.172807,0.1482456,0.1314476,0.904386,0.0,0.7767857,0.0,0.0200893,0.0508475,0.1674107,1.0,0.2224576,0.0978261,0.8333333,10.351405324899678
76.0,0.4868421,0.0,0.2236842,0.1025641,0.9210526,0.0,0.8,0.0,0.0,0.3023256,0.0,1.0,0.2790698,0.0,1.0,9.615805480084347
2802.0,0.4996431,0.0578158,0.0870807,0.0841655,0.8968594,0.0,0.7661795,0.0020877,0.0480167,0.0626223,0.0469729,0.9530271,0.2592955,0.1104478,0.3809524,11.45318607621936
381.0,0.511811,0.0,0.1889764,0.1774194,0.8215223,0.0,0.6125,0.0125,0.025,0.0909091,0.0,1.0,0.4375,0.027027,0.6666667,9.661479683575521
343.0,0.4927114,0.0,0.0174927,0.0172414,0.9883382,0.0,0.9615385,0.0,0.0128205,0.1333333,0.0,1.0,0.4555556,0.4383562,0.0,9.61587214452889
4733.0,0.5102472,0.0342278,0.0595817,0.0565142,0.8911895,0.0,0.7514934,0.0083632,0.0442055,0.0616592,0.0280765,0.9772999,0.4125561,0.1309298,0.5,10.5815464756746
17476.0,0.4651522,0.0021172,0.1488899,0.0824864,0.8612955,0.0004005,0.6993464,0.0015977,0.0415396,0.0380048,0.0027596,0.9831518,0.2637977,0.0623216,0.4117647,11.23850177707664
3383.0,0.4918711,0.1049364,0.0999113,0.0791158,0.9110257,0.0174401,0.8250883,0.0053004,0.0282686,0.0907631,0.0936396,0.9876325,0.2658635,0.1702128,0.6428571,10.63106031411106
632.0,0.4731013,0.0015823,0.1186709,0.1051051,0.8813291,0.0,0.7428571,0.0081633,0.0326531,0.0540541,0.0040816,0.9918367,0.2895753,0.1030928,0.5,10.21833478806055
282.0,0.4432624,0.0,0.2553191,0.2484076,0.7730496,0.0,0.5652174,0.0,0.0289855,0.0860927,0.0,1.0,0.3046358,0.1212121,0.0,9.615805480084347
521.0,0.4817658,0.0038388,0.168906,0.137037,0.8637236,0.0,0.680203,0.0050761,0.0304569,0.1581197,0.0050761,0.9390863,0.4188034,0.220339,1.0,10.030164255362632
177.0,0.4915254,0.0,0.1355932,0.1333333,0.9152542,0.0,0.7826087,0.0,0.0,0.0547945,0.0,1.0,0.4109589,0.0833333,0.0,10.12667110305036
3281.0,0.4702835,0.0039622,0.180128,0.1317606,0.84395,0.0387077,0.7192277,0.001609,0.0265487,0.0792593,0.003218,0.9943685,0.2288889,0.045283,0.65,10.39821428171237
358.0,0.5335196,0.0027933,0.1564246,0.1317365,0.9189944,0.0,0.7723577,0.0,0.0081301,0.1338028,0.0,0.9918699,0.3309859,0.1428571,1.0,9.615805480084347
334.0,0.505988,0.1257485,0.1077844,0.0666667,0.9191617,0.0,0.8017241,0.0,0.0344828,0.0252101,0.0775862,1.0,0.1680672,0.2105263,1.0,10.499600568082863
446.0,0.5112108,0.0,0.1860987,0.1376147,0.8565022,0.0,0.6628571,0.0,0.0285714,0.120603,0.0,1.0,0.361809,0.027027,0.5,9.913487387114461
2031.0,0.5071393,0.0782866,0.1093058,0.0869131,0.8714919,0.0,0.7281553,0.0024272,0.0400485,0.2377428,0.0764563,0.9866505,0.4301573,0.0634921,0.5652174,10.689692377847104
2888.0,0.5141967,0.0041551,0.091759,0.0705631,0.8912742,0.0,0.7522568,0.004012,0.0531595,0.0819521,0.004012,0.9689067,0.2016575,0.1752577,0.2105263,10.945547126244623
137.0,0.5182482,0.0,0.1386861,0.1818182,0.8905109,0.0072993,0.7346939,0.0,0.0204082,0.1403509,0.0,1.0,0.2807018,0.125,0.6666667,9.841665338892785
2624.0,0.5003811,0.0072409,0.0948933,0.0915332,0.9150152,0.0377287,0.8763906,0.0012361,0.025958,0.0253012,0.0024722,0.9530284,0.1180723,0.0660377,0.25,12.14632794896594
514.0,0.4494163,0.0933852,0.2470817,0.180212,0.8365759,0.0,0.6807512,0.0234742,0.0328638,0.1012658,0.0938967,1.0,0.2109705,0.0425532,0.25,9.798182590890704
2921.0,0.45772,0.007874,0.1735707,0.1710859,0.8206094,0.0284149,0.6541555,0.0035746,0.0339589,0.112609,0.0053619,0.9285076,0.3925456,0.0711538,0.8571429,10.633472802314019
1896.0,0.4646624,0.0005274,0.2452532,0.1704433,0.7964135,0.0100211,0.6208477,0.0011455,0.0389462,0.0427632,0.0,0.9885452,0.3300439,0.0582011,0.0,11.094390314766315
1737.0,0.4398388,0.0023028,0.2596431,0.2106886,0.8059873,0.0575705,0.676259,0.0028777,0.0143885,0.0891219,0.0014388,0.9956835,0.2909567,0.0865385,0.2857143,9.770013301136158
728.0,0.4656593,0.1098901,0.0892857,0.1028278,0.885989,0.0054945,0.7647059,0.0110294,0.0330882,0.2688172,0.1029412,1.0,0.4543011,0.0917431,0.8333333,10.465984899076615
526.0,0.4543726,0.1844106,0.1958175,0.1428571,0.8003802,0.026616,0.6504425,0.0044248,0.0309735,0.077551,0.159292,1.0,0.2122449,0.0985915,1.0,10.633472802314019
4011.0,0.4702069,0.2622787,0.1829968,0.1694118,0.8434306,0.04363,0.7224436,0.0039841,0.0159363,0.1418803,0.2058433,0.998008,0.2729345,0.1290323,0.3333333,10.254179634797001
325.0,0.5353846,0.0,0.1015385,0.0397351,0.9415385,0.0,0.856,0.0,0.008,0.0458015,0.0,0.984,0.0534351,0.0,0.0,11.286037411751035
279.0,0.4659498,0.2078853,0.1039427,0.0805369,0.9426523,0.0,0.8351648,0.0,0.010989,0.09,0.1978022,1.0,0.33,0.2,0.5,9.615805480084347
3226.0,0.4965902,0.0523869,0.1069436,0.0874384,0.8319901,0.0610663,0.7617057,0.0050167,0.0384615,0.0276423,0.0259197,0.9949833,0.1707317,0.0479042,0.6,10.997104049659168
3576.0,0.4762304,0.0011186,0.4144295,0.1393486,0.8646532,0.0,0.7559666,0.0041766,0.0334129,0.2501119,0.0011933,0.9916468,0.3279642,0.0631313,0.1666667,11.19822841866684
401.0,0.4588529,0.0,0.1396509,0.1013825,0.9201995,0.0,0.7880795,0.0,0.0,0.05625,0.0,1.0,0.2,0.1818182,0.5,10.034559673629849
1907.0,0.5149449,0.0005244,0.1232302,0.0497297,0.9103304,0.0,0.8,0.0056738,0.0312057,0.0315934,0.0,0.9546099,0.2046703,0.1111111,1.0,11.274680966120778
1699.0,0.4214244,0.0017657,0.2919364,0.180061,0.6703943,0.057681,0.483376,0.0012788,0.0626598,0.3384095,0.0025575,0.9923274,0.4813875,0.0137363,0.7446809,11.772987080375044
5868.0,0.4819359,0.3473074,0.1460464,0.1128289,0.8941718,0.0103954,0.7665706,0.0028818,0.0254563,0.1075868,0.3429395,0.9097022,0.2756108,0.208577,0.6521739,10.31231367277647
1214.0,0.4810544,0.0049423,0.1136738,0.0984127,0.8698517,0.0,0.7228381,0.0044346,0.0509978,0.0833333,0.0022173,0.9822616,0.2418699,0.0823529,0.2,12.10625783509458
8189.0,0.4796678,0.0232019,0.1392111,0.1020887,0.8865551,0.0235682,0.779454,0.0032328,0.0344828,0.0393375,0.0229885,0.9568966,0.2977916,0.1218335,0.3695652,10.813780332606648
1281.0,0.4933646,0.0031226,0.175644,0.1432974,0.8469945,0.008587,0.685654,0.0084388,0.0379747,0.0705882,0.0,0.850211,0.2137255,0.2291667,0.0,9.729193687429403
3133.0,0.5004788,0.0019151,0.0791574,0.0619808,0.9259496,0.0,0.8205607,0.0037383,0.0299065,0.0412186,0.0009346,0.9850467,0.1586022,0.1309524,0.4,11.173262142245258
1065.0,0.4723005,0.0901408,0.170892,0.1654804,0.8647887,0.0,0.6858513,0.0,0.0311751,0.0413793,0.0767386,0.9976019,0.1977011,0.1263158,0.375,10.521399202410167
957.0,0.477534,0.0,0.183908,0.148,0.862069,0.0,0.6675462,0.0,0.0158311,0.0933014,0.0,1.0,0.215311,0.0990099,0.6666667,9.692828247710418
1417.0,0.4805928,0.2780522,0.1545519,0.1331522,0.8475653,0.0070572,0.6792115,0.0,0.046595,0.1634183,0.234767,0.9605735,0.2008996,0.1724138,0.5,10.766398604507042
2973.0,0.4836865,0.2458796,0.1089808,0.1029316,0.8923646,0.0,0.7448071,0.0039565,0.0504451,0.0480226,0.2166172,0.9673591,0.2278719,0.170347,0.6363636,11.181653682515929
4335.0,0.4784314,0.0043829,0.1808535,0.1459531,0.8253749,0.022376,0.6618746,0.0069005,0.0316274,0.1186011,0.0040253,0.9769983,0.4216929,0.0870871,0.4761905,10.322230781590136
1164.0,0.475945,0.0008591,0.1786942,0.147541,0.8797251,0.0,0.7058824,0.0,0.0108932,0.0801603,0.0,0.9738562,0.3086172,0.0825688,0.3076923,9.918425424900335
35580.0,0.6774311,0.3390669,0.0011523,0.0033981,0.5747611,0.4190838,0.9668658,0.0001811,0.0054318,0.0169099,0.3481803,0.8613073,0.2671769,0.2443877,0.0,10.499600568082863
969.0,0.4674923,0.0381837,0.1382869,0.1104651,0.8988648,0.0,0.7486188,0.0027624,0.0110497,0.1600928,0.0359116,0.980663,0.3480278,0.1639344,0.5,9.615805480084347
748.0,0.4665775,0.2045455,0.1885027,0.1754386,0.8529412,0.013369,0.6678322,0.0034965,0.013986,0.2099448,0.2097902,0.9125874,0.4033149,0.2061856,1.0,9.615805480084347
10040.0,0.475498,0.0087649,0.1314741,0.1107102,0.839741,0.0125498,0.6748641,0.0064717,0.0460782,0.0600973,0.0075071,0.9096557,0.4695864,0.1166213,0.5714286,10.480129006333248
332.0,0.4578313,0.0,0.3795181,0.3277778,0.626506,0.1445783,0.5136986,0.0,0.0342466,0.1511628,0.0,0.9863014,0.4244186,0.0377358,0.5,10.335302435967074
3726.0,0.46511,0.0037574,0.2512077,0.1881586,0.750671,0.0848094,0.6281541,0.0079681,0.0245684,0.0686456,0.001328,0.9880478,0.3531231,0.075188,0.6111111,10.254179634797001
235.0,0.4978723,0.0,0.1744681,0.0932203,0.906383,0.0,0.7608696,0.0,0.0,0.1153846,0.0,1.0,0.2692308,0.15,0.5,9.83097062169695
2754.0,0.4709513,0.0018155,0.2171387,0.1846259,0.7578068,0.0450254,0.60036,0.0018002,0.0693069,0.1090617,0.0,0.9963996,0.4001604,0.0629371,0.4137931,9.873079890114703
285.0,0.5298246,0.0,0.077193,0.0223881,0.9087719,0.0,0.7938144,0.0103093,0.0206186,0.602459,0.0,1.0,0.7336066,0.2727273,1.0,10.628641991731053
20267.0,0.4729363,0.0097202,0.1539448,0.0962367,0.8707752,0.0129768,0.7534679,0.0009614,0.0520533,0.0367774,0.0085153,0.9925834,0.1353354,0.0856209,0.5692308,12.337982098521458
1511.0,0.4884183,0.0006618,0.1753805,0.0983182,0.8550629,0.0,0.6774716,0.0032415,0.0291734,0.0448916,0.0,0.9724473,0.4102167,0.0869565,0.6666667,10.214678610538817
2675.0,0.4568224,0.2078505,0.2026168,0.193393,0.8183178,0.0605607,0.7103935,0.0040363,0.024218,0.0908257,0.1876892,0.9959637,0.3440367,0.1325843,0.875,10.229223792606835
2162.0,0.4921369,0.1581869,0.1258094,0.0992714,0.8686401,0.0,0.7061556,0.0058072,0.0313589,0.1105372,0.14518,0.9860627,0.3760331,0.0823045,0.5,10.254179634797001
4462.0,0.4401614,0.0056029,0.3204841,0.2173739,0.7575078,0.033169,0.6139332,0.0043541,0.0541848,0.1005222,0.0033866,0.9796807,0.3611836,0.0416667,0.4032258,10.934908916663861
735.0,0.4761905,0.0027211,0.1251701,0.1168831,0.8544218,0.0,0.6811594,0.0144928,0.0434783,0.1182109,0.0,0.9927536,0.4121406,0.1261261,0.3333333,10.482933978579906
7324.0,0.4475696,0.0020481,0.3560896,0.1917944,0.7699345,0.0103768,0.6213266,0.0025189,0.0579345,0.1120775,0.0019591,0.9826476,0.3126243,0.0362225,0.375,11.210481638644469
33724.0,0.4846104,0.1234136,0.1499822,0.1217997,0.7424683,0.0952141,0.6272932,0.005552,0.051738,0.0656342,0.0835211,0.9901835,0.334035,0.0938662,0.53,10.404293143019792
232.0,0.4741379,0.0,0.1939655,0.1393443,0.8793103,0.0,0.7446809,0.0,0.0425532,0.06,0.0,1.0,0.32,0.05,0.0,10.33854382482173
36118.0,0.5316463,0.0341935,0.1829282,0.1554741,0.4199845,0.0114624,0.2577987,0.001285,0.149548,0.0526006,0.0302198,0.9391173,0.8207884,0.0153372,0.3557692,12.412684294889793
111498.0,0.492233,0.0983426,0.1068181,0.0841826,0.8323557,0.0121706,0.6882618,0.0062318,0.0888401,0.0497205,0.097764,0.8135703,0.4718116,0.1227763,0.221843,11.950541482162043
13316.0,0.4768699,0.0220787,0.1155752,0.0970428,0.8617453,0.0294383,0.7687134,0.0078108,0.0605337,0.0639724,0.0164895,0.9507485,0.2063363,0.1238806,0.3625,11.13751903414526
8266.0,0.4853617,0.010767,0.1142028,0.0881523,0.9229373,0.0151222,0.8409091,0.0038462,0.0146853,0.0393013,0.0090909,0.9961538,0.1592207,0.1182519,0.4615385,11.050905878263567
871.0,0.4626866,0.0309989,0.1607348,0.1410256,0.880597,0.0,0.7205882,0.0029412,0.0205882,0.0285714,0.0352941,0.9970588,0.2514286,0.1538462,0.6666667,10.177362240256695
682.0,0.4985337,0.0,0.0630499,0.0497076,0.9340176,0.0,0.8391304,0.0043478,0.0217391,0.0456432,0.0,1.0,0.2240664,0.1521739,0.0,10.6782377612977
1989.0,0.4439417,0.5404726,0.1628959,0.1537071,0.8738059,0.0005028,0.7044855,0.0013193,0.030343,0.1307339,0.5039578,0.994723,0.3325688,0.1531915,0.6363636,9.615805480084347
292.0,0.5034247,0.0,0.1643836,0.0758621,0.869863,0.0513699,0.8061224,0.0,0.0408163,0.0392157,0.0,1.0,0.1568627,0.037037,0.0,10.609081944147828
31306.0,0.4918546,0.0082732,0.0838817,0.0519236,0.9102089,0.0042803,0.8238431,0.0025307,0.0484454,0.0350602,0.0081345,0.9671005,0.0731729,0.0866025,0.1879195,12.556028567310046
849.0,0.4499411,0.0023557,0.3568905,0.2890792,0.762073,0.06596,0.6282723,0.0026178,0.0104712,0.2495088,0.0,0.9947644,0.3143418,0.0657895,0.7272727,9.615805480084347
42105.0,0.4903456,0.0996081,0.086688,0.0681299,0.8313502,0.0199264,0.7016113,0.0099967,0.0841828,0.0578139,0.0894443,0.9266689,0.3879663,0.1364353,0.1627907,11.233224789593368
1366.0,0.4860908,0.158858,0.1676428,0.1424501,0.8704246,0.0,0.7102473,0.0035336,0.0212014,0.0660066,0.1448763,0.9964664,0.2986799,0.0564103,0.4,10.229223792606835
222.0,0.4594595,0.0045045,0.2972973,0.1916667,0.7612613,0.018018,0.5818182,0.0,0.0272727,0.1729323,0.0,1.0,0.2556391,0.0217391,0.6666667,10.815790343132422
111348.0,0.492025,0.0235658,0.0946851,0.0725752,0.8336028,0.0100047,0.6933476,0.0056986,0.0826419,0.0406039,0.0221745,0.9149738,0.349491,0.1026189,0.1975904,11.969723533345908
3714.0,0.4763059,0.0005385,0.1847065,0.1455013,0.8314486,0.0223479,0.6769336,0.0047912,0.0355921,0.038183,0.0006845,0.9972621,0.2692561,0.0625,0.9,10.723289410218579
95.0,0.4947368,0.0105263,0.1157895,0.1666667,0.8631579,0.0,0.6857143,0.0,0.0571429,0.2045455,0.0285714,0.9714286,0.2727273,0.2222222,0.0,9.69898173460629
717.0,0.4588563,0.2384937,0.1771269,0.1237113,0.8981869,0.0,0.7563636,0.0072727,0.0145455,0.0863787,0.2254545,0.9963636,0.2458472,0.1466667,0.5,10.499600568082863
601.0,0.4725458,0.0,0.4792013,0.2018927,0.8319468,0.0,0.6933333,0.0033333,0.0266667,0.2822967,0.0,0.9966667,0.569378,0.0444444,0.5714286,10.344995251991222
353.0,0.4475921,0.0,0.2917847,0.2461538,0.7847025,0.0,0.5448718,0.0064103,0.025641,0.0930233,0.0,1.0,0.4186047,0.0,1.0,9.862717639992917
4200.0,0.4797619,0.087381,0.127619,0.1208238,0.875,0.102381,0.9343972,0.0,0.0150709,0.0284238,0.0691489,0.9609929,0.0327304,0.2318841,0.6428571,12.192992471824816
4658.0,0.5077286,0.0030056,0.0422928,0.0218055,0.9759553,0.0,0.9160959,0.0008562,0.0094178,0.0339123,0.0042808,0.9700342,0.1364764,0.2011834,0.6428571,10.94024216782542
2429.0,0.5117332,0.0296418,0.1309181,0.1365936,0.8081515,0.1107452,0.8051948,0.0070838,0.025974,0.0297824,0.0023613,0.9988194,0.2726231,0.042328,0.6666667,10.65492722584759
171.0,0.4561404,0.005848,0.380117,0.2365591,0.754386,0.0,0.6,0.0117647,0.0705882,0.1666667,0.0117647,0.9882353,0.3529412,0.0769231,1.0,9.615805480084347
356.0,0.4438202,0.0,0.1432584,0.1010101,0.9185393,0.0,0.7829457,0.0,0.0077519,0.1041667,0.0,1.0,0.3819444,0.0869565,0.3333333,9.825580063659602
15606.0,0.4920543,0.0589517,0.0550429,0.0557588,0.8645393,0.0066641,0.7417947,0.0059358,0.0726257,0.071637,0.0520251,0.9645601,0.3034036,0.0744643,0.3417722,10.898607948952096
1293.0,0.4586234,0.0,0.4160866,0.2542857,0.741686,0.0796597,0.6092943,0.0017212,0.0051635,0.0704,0.0,0.9931153,0.3296,0.0645161,0.625,9.87822102528824
4829.0,0.5044523,0.0016567,0.0542555,0.0392812,0.9602402,0.0,0.8722222,0.0015873,0.0198413,0.0344828,0.0015873,0.9753968,0.1923372,0.2745902,0.3076923,10.859018228147887
69.0,0.4637681,0.0,0.5507246,0.1891892,0.826087,0.0,0.6470588,0.0,0.0,0.2608696,0.0,1.0,0.2391304,0.1666667,1.0,9.615805480084347
790.0,0.464557,0.1316456,0.1075949,0.0780142,0.9189873,0.0,0.7877698,0.0035971,0.0143885,0.0639731,0.1115108,0.9964029,0.2760943,0.1836735,1.0,10.038935856711177
2248.0,0.5427046,0.0106762,0.0720641,0.0330739,0.741548,0.0,0.6355248,0.0126874,0.2064591,0.3346124,0.0080738,0.9377163,0.6124328,0.063197,0.25,12.268112735686705
127.0,0.480315,0.0,0.2598425,0.1363636,0.8582677,0.0,0.7,0.02,0.02,0.1071429,0.0,1.0,0.4107143,0.2857143,0.75,9.635673464721814
3595.0,0.4734353,0.016968,0.2283727,0.1574221,0.8119611,0.0114047,0.6307107,0.0038071,0.0285533,0.1146067,0.0133249,0.998731,0.2730337,0.0449827,0.7142857,10.413342705547674
6941.0,0.4626135,0.0002881,0.2012678,0.1675603,0.8616914,0.0226192,0.7191601,0.0014998,0.0168729,0.0569307,0.000375,0.9988751,0.2570721,0.0664894,0.6969697,10.776891660007811
169.0,0.4674556,0.0,0.1893491,0.1777778,0.887574,0.0,0.7246377,0.0,0.0,0.0416667,0.0,1.0,0.1666667,0.1428571,0.0,10.239995502805316
2442.0,0.5085995,0.005733,0.1294021,0.0783333,0.8615889,0.018018,0.6960908,0.0037831,0.0504414,0.0842956,0.0088272,0.9419924,0.6524249,0.1733333,0.0,11.701071692055445
4903.0,0.4872527,0.0964715,0.1091169,0.1062053,0.8931267,0.0301856,0.8032407,0.0011574,0.0202546,0.0644288,0.0931713,0.9890046,0.2744992,0.0970588,0.7692308,10.76004951120163
22658.0,0.4813752,0.0387501,0.0992585,0.0849289,0.8989761,0.0074587,0.7856304,0.0018784,0.028293,0.0619976,0.0372153,0.9954215,0.197225,0.0601218,0.2419355,10.86477077032911
883.0,0.4597961,0.2967157,0.2457531,0.2138365,0.8278596,0.0407701,0.6923077,0.002849,0.014245,0.1180905,0.2592593,0.997151,0.3517588,0.0645161,0.5714286,10.060534035475412
497.0,0.4748491,0.4688129,0.1529175,0.1609195,0.8993964,0.0,0.7554348,0.0,0.0271739,0.0466321,0.3695652,1.0,0.2642487,0.1176471,1.0,10.158168529848494
1499.0,0.4936624,0.0,0.143429,0.0724638,0.8812542,0.0,0.762309,0.0016978,0.057725,0.0724409,0.0,0.9830221,0.0614173,0.09375,0.4285714,11.614588152079595
2074.0,0.4522662,0.0,0.3008679,0.227993,0.7767599,0.0294118,0.5978836,0.0010582,0.0222222,0.0606362,0.0,0.9957672,0.2833002,0.042471,0.5555556,10.069044362997353
811.0,0.4697904,0.0,0.1639951,0.0953488,0.8421702,0.0024661,0.6768293,0.0,0.054878,0.086351,0.0,0.9664634,0.4679666,0.0882353,0.0,11.230575816507569
25609.0,0.494006,0.0197977,0.0795033,0.0602716,0.9210434,0.0,0.8097496,0.0019852,0.0284548,0.0238992,0.020514,0.995809,0.1551297,0.0600858,0.5609756,10.84546552414626
4248.0,0.4620998,0.0035311,0.1440678,0.0897155,0.8373352,0.0,0.6709932,0.0011287,0.0553047,0.0369565,0.0028217,0.9943567,0.2108696,0.0256959,0.5,11.342149006315793
72.0,0.4722222,0.1111111,0.25,0.1842105,0.8611111,0.0,0.6774194,0.0,0.0,0.1142857,0.1612903,1.0,0.2857143,0.0,0.0,9.61587214452889
341.0,0.5454545,0.0322581,0.1143695,0.0709677,0.7419355,0.1788856,0.7821782,0.0,0.049505,0.2230769,0.019802,0.970297,0.2076923,0.0526316,0.8888889,10.596659732783579
10448.0,0.450804,0.1518951,0.169889,0.1036947,0.7365046,0.0114855,0.5410321,0.0014805,0.0826988,0.0521251,0.1292301,0.9904822,0.3181636,0.0260204,0.3589744,11.052491896264268
2207.0,0.4834617,0.0321704,0.1748981,0.1342105,0.895333,0.0267331,0.7729138,0.002736,0.005472,0.0964153,0.0273598,0.6634747,0.3337454,0.2380952,1.0,9.758519582283522
312.0,0.4807692,0.0,0.1891026,0.0802469,0.9294872,0.0,0.8070175,0.0,0.0,0.1230769,0.0,0.9912281,0.3692308,0.1764706,0.4,9.966509298952284
4768.0,0.4788171,0.0104866,0.1837248,0.117505,0.8571728,0.0094379,0.7260201,0.0068892,0.0492846,0.0635236,0.0074192,0.9925808,0.2377171,0.0879397,0.5454545,11.366754528799243
356.0,0.497191,0.0,0.2078652,0.1787709,0.8988764,0.0,0.7428571,0.0,0.0,0.1139241,0.0,1.0,0.3227848,0.0322581,1.0,9.711176264112805
492.0,0.4817073,0.0,0.1219512,0.1019608,0.8780488,0.0,0.7204301,0.0,0.0376344,0.0106383,0.0,0.9946237,0.1755319,0.15625,0.0,10.579005242826247
709.0,0.4513399,0.0,0.3526093,0.344473,0.6995769,0.2143865,0.7410714,0.0044643,0.0133929,0.0088496,0.0,1.0,0.2566372,0.0,0.0,10.36410350510914
497.0,0.4426559,0.0,0.4285714,0.1732852,0.8088531,0.0,0.6795367,0.0,0.046332,0.636236,0.0,0.988417,0.6179775,0.0740741,0.75,10.990381448250039
1982.0,0.4545913,0.0035318,0.2431887,0.1961147,0.7815338,0.0580222,0.6371571,0.0024938,0.0249377,0.0760369,0.0037406,0.9975062,0.2937788,0.0615385,0.5714286,10.849356503939038
606.0,0.5,0.0,0.1485149,0.1254125,0.8712871,0.0,0.7167382,0.0171674,0.0343348,0.133829,0.0,0.944206,0.2750929,0.2340426,0.5,10.007892611890918
2676.0,0.4678625,0.0078475,0.1393871,0.1341292,0.8983558,0.0,0.7571288,0.0049164,0.0186824,0.0887097,0.0078663,0.9960669,0.3001792,0.1236364,0.5384615,9.841665338892785
251.0,0.4940239,0.0,0.1354582,0.0787402,0.876494,0.0,0.7346939,0.0,0.0306122,0.1900826,0.0,1.0,0.2727273,0.1052632,1.0,9.615805480084347
31716.0,0.493694,0.0340837,0.0521188,0.0496326,0.8746374,0.0017972,0.7403159,0.0035295,0.0660019,0.0632336,0.0340598,0.9585282,0.3220367,0.0539995,0.3946188,11.58989576532275
2654.0,0.5018839,0.3285607,0.0802562,0.0824508,0.9099472,0.0,0.7674419,0.0046512,0.0302326,0.1215526,0.2976744,0.9930233,0.412666,0.1325301,0.7619048,10.142543822310387
195.0,0.4615385,0.0,0.0358974,0.0666667,0.9025641,0.0,0.7733333,0.0,0.0133333,0.1071429,0.0,1.0,0.3571429,0.1052632,1.0,9.723223876851618
3206.0,0.4766064,0.0009357,0.1294448,0.0929678,0.9189021,0.0168434,0.8146998,0.0072464,0.0113872,0.1047266,0.0,0.184265,0.5273401,0.2090032,1.0,9.615805480084347
15025.0,0.4676872,0.0025291,0.4761398,0.1816704,0.8176373,0.0085857,0.6912968,0.0032185,0.035403,0.2432515,0.0016092,0.9957087,0.3994317,0.0459184,0.5906433,11.010415172807951
1304.0,0.5069018,0.0,0.0851227,0.0451011,0.9179448,0.0,0.8329571,0.013544,0.0519187,0.2737705,0.0,0.9954853,0.4213115,0.0133333,0.7142857,10.616461869895815
5790.0,0.5160622,0.0063903,0.0955095,0.0720914,0.9172712,0.0103627,0.8154982,0.0116851,0.0418204,0.0468933,0.0055351,0.6506765,0.5058617,0.3379924,0.3333333,10.482933978579906
1595.0,0.4652038,0.0,0.2219436,0.1582649,0.8100313,0.0,0.6322489,0.0042433,0.0509194,0.11625,0.0,0.9943423,0.46125,0.0581818,0.25,10.714439990727769
451.0,0.4944568,0.0,0.0953437,0.0526316,0.8691796,0.0,0.73125,0.01875,0.075,0.047619,0.0,0.98125,0.3511905,0.057971,0.0,10.757924157061597
26.0,0.5769231,0.0,0.1923077,0.1818182,0.8461538,0.0,0.6666667,0.0,0.0,0.2,0.0,1.0,0.0666667,0.0,0.0,9.615805480084347
30831.0,0.4613863,0.306607,0.1470922,0.0935204,0.8499562,0.0024326,0.6851676,0.0017394,0.0378716,0.0542844,0.2942758,0.9916192,0.1698819,0.0304054,0.4628099,11.451060699493427
127.0,0.4724409,0.0,0.1417323,0.0597015,0.9212598,0.0,0.7954545,0.0,0.0227273,0.0222222,0.0,1.0,0.1111111,0.5,0.0,9.615805480084347
14451.0,0.4611446,0.0051208,0.2244827,0.1403621,0.8251332,0.0188914,0.6675869,0.0014615,0.0282559,0.029625,0.0064956,0.996265,0.2392058,0.025641,0.2820513,11.013715451376466
46.0,0.5217391,0.0,0.1304348,0.0454545,0.9347826,0.0,0.8125,0.0,0.0,0.2,0.0,1.0,0.15,0.3333333,0.0,9.615805480084347
262.0,0.5343511,0.0,0.110687,0.0983607,0.9007634,0.0,0.7684211,0.0,0.0421053,0.1284404,0.0,1.0,0.3577982,0.1818182,0.8,9.966509298952284
6672.0,0.495054,0.0088429,0.0959233,0.0765806,0.9177158,0.0088429,0.8193219,0.0032513,0.0348351,0.0414069,0.0083604,0.9623781,0.1972395,0.0765661,0.5454545,11.86569981146014
578.0,0.4896194,0.0,0.1384083,0.1355932,0.9065744,0.0,0.7947598,0.0087336,0.0131004,0.0576132,0.0,0.9956332,0.308642,0.1296296,0.75,10.177362240256695
1172.0,0.5051195,0.0,0.1424915,0.1068966,0.8984642,0.0,0.7477679,0.0,0.0111607,0.1284047,0.0,0.8839286,0.2898833,0.1403509,0.7142857,10.32551474894327
360.0,0.5,0.0,0.1472222,0.1333333,0.8666667,0.0,0.6853147,0.0,0.020979,0.0466667,0.0,1.0,0.1866667,0.0833333,0.0,10.540090836284206
235.0,0.4893617,0.0,0.0893617,0.0416667,0.8893617,0.0085106,0.7640449,0.0,0.0337079,0.0918367,0.0,1.0,0.2959184,0.1333333,0.6666667,10.480129006333248
3154.0,0.4711477,0.2013316,0.1341154,0.1001199,0.8662016,0.021877,0.7282794,0.0042589,0.0238501,0.1405564,0.1737649,0.9965928,0.374817,0.1329114,0.6666667,10.211009016314167
2642.0,0.4882665,0.0325511,0.1419379,0.1161243,0.8576836,0.0208176,0.7175493,0.0062305,0.0373832,0.0577299,0.03946,1.0,0.3189824,0.1076923,0.4444444,10.36410350510914
117.0,0.4957265,0.0,0.2564103,0.1355932,0.8632479,0.0,0.68,0.0,0.0,0.1071429,0.0,1.0,0.2678571,0.2,1.0,9.615805480084347
1570.0,0.4866242,0.0006369,0.2458599,0.1116625,0.833121,0.0,0.6869565,0.0014493,0.057971,0.7138117,0.0014493,0.9942029,0.2944836,0.0685714,0.9310345,11.862884910339652
4420.0,0.4604072,0.0221719,0.1742081,0.1253669,0.871267,0.0,0.7121872,0.0005441,0.0179543,0.0316122,0.023395,0.9863983,0.2096944,0.0035026,0.44,11.856522261533737
116.0,0.4741379,0.0,0.2413793,0.2459016,0.8189655,0.0,0.6037736,0.0,0.0,0.2318841,0.0,1.0,0.3043478,0.0,0.0,9.615805480084347
84.0,0.5,0.0,0.4285714,0.2142857,0.797619,0.0,0.5952381,0.0,0.0,0.2075472,0.0,1.0,0.3962264,0.0,1.0,9.615805480084347
342.0,0.5204678,0.0,0.248538,0.1890244,0.8011696,0.0,0.5555556,0.0,0.0,0.2311558,0.0,1.0,0.4472362,0.0666667,0.5,9.615805480084347
1669.0,0.5014979,0.0005992,0.0868784,0.0588942,0.855003,0.0,0.7006173,0.0061728,0.0632716,0.0808511,0.0,0.9876543,0.5177305,0.0974576,0.5,10.225607282932941
9528.0,0.4758606,0.0201511,0.1192275,0.0762915,0.877204,0.0006297,0.7265729,0.0010619,0.02867,0.0353393,0.017786,0.9739846,0.4355954,0.0412668,0.5862069,12.792472237780538
300.0,0.5366667,0.0,0.0466667,0.0503597,0.9533333,0.0,0.8428571,0.0142857,0.0428571,0.0789474,0.0,1.0,0.7236842,0.25,0.0,9.615805480084347
6242.0,0.4650753,0.0092919,0.2122717,0.165319,0.8173662,0.0224287,0.6486797,0.003827,0.0248756,0.085084,0.0072713,0.9816303,0.3004202,0.0659472,0.6506024,10.16203685698089
68.0,0.4558824,0.0,0.2647059,0.1891892,0.8088235,0.0,0.6129032,0.0,0.0322581,0.1142857,0.0,1.0,0.1714286,0.1428571,1.0,9.770013301136158
3581.0,0.4635577,0.0309969,0.1628037,0.1072358,0.7517453,0.0220609,0.5612864,0.0018204,0.0455097,0.0446377,0.0309466,0.9915049,0.2544928,0.0151007,0.625,10.993748398115178
13132.0,0.469007,0.0006092,0.1644837,0.1148716,0.8124429,0.0383034,0.666282,0.0036545,0.0325063,0.0334635,0.000577,0.9971148,0.2563674,0.042954,0.5714286,10.589131655274922
2436.0,0.4798851,0.0069787,0.1420361,0.1002368,0.8119869,0.0,0.6516634,0.0097847,0.0851272,0.0312796,0.0068493,0.9902153,0.4293839,0.0294118,0.0769231,11.03005541721757
422.0,0.457346,0.0094787,0.0616114,0.0611354,0.8838863,0.0023697,0.7080292,0.0,0.0437956,0.1273885,0.0218978,0.9927007,0.3184713,0.2061856,0.0,10.102379394048045
464.0,0.4741379,0.0,0.0711207,0.102459,0.9310345,0.0,0.8466258,0.006135,0.0184049,0.1329787,0.0,0.9447853,0.4148936,0.0857143,0.0,10.285376924115587
924.0,0.4902597,0.0,0.1093074,0.0764331,0.9080087,0.0,0.7655172,0.0,0.0517241,0.1495601,0.0,0.8275862,0.4164223,0.1862745,1.0,11.451060699493427
131.0,0.4122137,0.0,0.221374,0.1298701,0.9083969,0.0,0.7446809,0.0,0.0,0.1607143,0.0,0.9787234,0.25,0.25,0.5,9.615805480084347
4430.0,0.4756208,0.0051919,0.1900677,0.1424882,0.817833,0.0024831,0.631636,0.0021668,0.0547129,0.0217276,0.0027086,0.9945829,0.2840488,0.0299296,0.1666667,11.308370569092329
2628.0,0.4691781,0.0015221,0.2210807,0.1584229,0.7781583,0.0597412,0.6700368,0.0036765,0.0505515,0.1656442,0.0018382,0.9963235,0.5276074,0.0696056,0.2857143,10.457401400981889
1300.0,0.42,0.3769231,0.4007692,0.2745358,0.7669231,0.0,0.5630915,0.0015773,0.033123,0.0942857,0.2602524,0.9936909,0.4657143,0.1023622,0.7058824,11.344518647594766
1211.0,0.4797688,0.0049546,0.1882742,0.1444444,0.8059455,0.0123865,0.6156942,0.0,0.054326,0.2123613,0.0020121,0.9859155,0.3359746,0.0697674,1.0,10.933124826700707
3017.0,0.4938681,0.0033146,0.139874,0.1034709,0.900232,0.0013258,0.7649687,0.0008937,0.0294906,0.120283,0.002681,0.9982127,0.1391509,0.0299401,0.625,12.161080509711283
1212.0,0.4422442,0.0,0.3085809,0.2233728,0.7780528,0.0610561,0.6309524,0.0,0.0178571,0.0701107,0.0,1.0,0.2214022,0.0561798,0.8181818,9.893487720457795
350.0,0.4685714,0.3371429,0.1714286,0.172043,0.8857143,0.0,0.7109375,0.0,0.0234375,0.1898734,0.2890625,0.9921875,0.1835443,0.1935484,1.0,9.980494888896912
8732.0,0.4801878,0.0051535,0.1609024,0.1244768,0.8475721,0.0042373,0.6735827,0.0067212,0.0391584,0.0896515,0.00263,0.9944477,0.3224262,0.0783673,0.7307692,11.250274159310356
318.0,0.5031447,0.0157233,0.1540881,0.1139241,0.8836478,0.0,0.7295082,0.0,0.0327869,0.1812081,0.0327869,1.0,0.1006711,0.2,0.75,9.615805480084347
2688.0,0.4627976,0.2287946,0.1834077,0.1599723,0.8642113,0.0037202,0.7029438,0.0017841,0.0178412,0.0516074,0.220339,0.9937556,0.2445008,0.0705128,0.3333333,10.12667110305036
2604.0,0.4927035,0.000768,0.0610599,0.0537472,0.9796467,0.0,0.917342,0.0016207,0.0032415,0.1057971,0.0,0.0307942,0.557971,0.3293413,1.0,9.615805480084347
1378.0,0.4912917,0.0079826,0.3432511,0.1426534,0.8541364,0.0072569,0.7224959,0.001642,0.0279146,0.4681223,0.0098522,0.9507389,0.5851528,0.1428571,0.8,10.376642461280849
753.0,0.4528552,0.001328,0.2337317,0.1990291,0.7822045,0.0756972,0.6807018,0.0105263,0.0385965,0.1176471,0.0,1.0,0.3374613,0.0625,0.5714286,9.729193687429403
143485.0,0.4586542,0.3925707,0.1416943,0.1236305,0.7553682,0.0505001,0.6053005,0.0033045,0.0562927,0.087032,0.3506901,0.9931407,0.4022185,0.0613221,0.5391304,10.793454842740767
481.0,0.4553015,0.0,0.3825364,0.2709924,0.7027027,0.1268191,0.6206897,0.0049261,0.0197044,0.0424528,0.0,1.0,0.240566,0.0526316,0.0,9.735128070758227
14372.0,0.4896326,0.0244921,0.0991511,0.0921609,0.90231,0.0064709,0.7738047,0.0040866,0.0331018,0.0219824,0.0237025,0.9705762,0.2472022,0.0707721,0.4117647,11.052491896264268
1620.0,0.4382716,0.5030864,0.1611111,0.1604396,0.845679,0.0253086,0.6792144,0.0,0.0212766,0.0894188,0.4337152,0.9918167,0.3949329,0.1434978,0.7857143,10.138599199626192
187.0,0.4491979,0.0,0.0641711,0.0970874,0.8823529,0.0,0.7313433,0.0149254,0.0298507,0.0694444,0.0,0.9701493,0.2777778,0.2857143,1.0,10.281958234245314
4206.0,0.4605326,0.0035663,0.2011412,0.133539,0.8357109,0.0159296,0.6929929,0.0047506,0.0480998,0.1456114,0.0011876,0.9946556,0.2785388,0.0479167,0.7,11.636036503798104
940.0,0.512766,0.0,0.1521277,0.1244541,0.7755319,0.0276596,0.6015038,0.0075188,0.0551378,0.1326087,0.0,0.9924812,0.476087,0.0368098,0.0,10.410335274932896
2724.0,0.5014684,0.0146843,0.0679148,0.0493373,0.9335536,0.0,0.856531,0.0042827,0.0364026,0.035124,0.0117773,0.9957173,0.1652893,0.1032609,0.6190476,11.31813853725963
1885.0,0.4541114,0.0116711,0.2949602,0.2254616,0.7580902,0.064191,0.6093552,0.0037927,0.0214918,0.1540107,0.0101138,0.9759798,0.3090909,0.0685484,0.5,9.615805480084347
1411.0,0.5485471,0.0028349,0.032601,0.0533752,0.919915,0.022679,0.8631579,0.0070175,0.045614,0.0138408,0.0035088,0.0877193,0.716263,0.5578231,0.6666667,10.499600568082863
316.0,0.4588608,0.3607595,0.1993671,0.1754386,0.8512658,0.0,0.6589147,0.0,0.0232558,0.1623377,0.3178295,0.9922481,0.3571429,0.0909091,0.0,9.615805480084347
302.0,0.4966887,0.0033113,0.2847682,0.0723684,0.807947,0.0397351,0.7518797,0.0075188,0.0902256,0.1840491,0.0,1.0,0.3190184,0.04,0.0,11.570259974415547
220.0,0.5227273,0.0,0.1227273,0.0190476,0.9090909,0.0,0.7692308,0.0128205,0.0128205,0.025,0.0,0.9871795,0.2375,0.0,0.0,9.923339198238729
2626.0,0.4973343,0.0171363,0.1488957,0.0613636,0.9390708,0.0,0.8646154,0.0010256,0.0276923,0.0346535,0.014359,0.9938462,0.0138614,0.1785714,0.0,11.993504229837974
116.0,0.4913793,0.0,0.1982759,0.1525424,0.8534483,0.0,0.7,0.02,0.02,0.0909091,0.0,1.0,0.2,0.0,1.0,9.615805480084347
1435.0,0.4557491,0.0111498,0.2222997,0.1728553,0.7644599,0.0362369,0.6127527,0.0046656,0.0482115,0.073487,0.0108865,0.9891135,0.4221902,0.0444444,0.6666667,10.859018228147887
1318.0,0.4908953,0.0106222,0.160091,0.0968703,0.8103187,0.022003,0.6614481,0.0039139,0.0763209,0.0340265,0.0058708,0.9667319,0.4574669,0.1351351,0.0,11.005444242454628
35.0,0.6285714,0.0,0.1142857,0.1538462,0.7142857,0.0,0.5,0.0,0.0,0.4444444,0.0,1.0,0.9722222,0.0,0.0,9.615805480084347
351.0,0.4814815,0.0,0.0997151,0.0494505,0.9031339,0.0,0.7727273,0.0,0.030303,0.2369942,0.0,1.0,0.1618497,0.0,0.0,10.859018228147887
421.0,0.4821853,0.0,0.1543943,0.0917431,0.8788599,0.0,0.7421384,0.0125786,0.0440252,0.0701754,0.0,0.9371069,0.1988304,0.2580645,1.0,10.060534035475412
961.0,0.5140479,0.0239334,0.1706556,0.117773,0.8335068,0.0,0.6666667,0.0026455,0.0608466,0.0406091,0.0238095,0.9470899,0.3781726,0.0629921,1.0,12.53753592969685
444.0,0.5112613,0.0,0.1824324,0.1797235,0.8581081,0.0,0.6666667,0.0,0.0225989,0.1449275,0.0,0.960452,0.294686,0.1071429,0.8333333,9.918425424900335
124773.0,0.4760645,0.2909123,0.0877273,0.0723999,0.6301443,0.0854752,0.5198247,0.0032909,0.1639507,0.0865432,0.2544903,0.9760517,0.4889988,0.0430664,0.2641921,10.860939421415225
26553.0,0.4815652,0.0015064,0.1341091,0.1059131,0.8381727,0.0026739,0.6718037,0.0097983,0.0553653,0.0715421,0.0011416,0.9575723,0.4977036,0.1158192,0.3909091,10.922352923113982
180.0,0.4944444,0.0,0.0944444,0.032967,0.9055556,0.0,0.78125,0.0,0.046875,0.0588235,0.0,1.0,0.2794118,0.25,0.0,9.615805480084347
299.0,0.4916388,0.0,0.2474916,0.1118421,0.8628763,0.0,0.7083333,0.0083333,0.0333333,0.1304348,0.0,1.0,0.2681159,0.2105263,1.0,9.615805480084347
428.0,0.5373832,0.0,0.1425234,0.0353535,0.8668224,0.0,0.6941176,0.0,0.0294118,0.0607735,0.0,0.9941176,0.281768,0.0689655,0.0,10.474495347310453
1221.0,0.4602785,0.001638,0.2162162,0.2139605,0.8190008,0.1023751,0.7890819,0.0049628,0.0148883,0.0714286,0.0,1.0,0.2373272,0.1449275,0.5,10.085850775128717
2092.0,0.4727533,0.3996176,0.1424474,0.1477788,0.8685468,0.0444551,0.7637907,0.0028289,0.0183876,0.1314496,0.3507779,0.9886846,0.3574939,0.1888412,0.9166667,9.741027444837728
2177.0,0.4960955,0.0,0.2700965,0.1978122,0.7579237,0.0955443,0.6456876,0.0011655,0.016317,0.087234,0.0,0.997669,0.3287234,0.0290909,0.6956522,10.192456296870509
1119.0,0.4879357,0.0446828,0.1626452,0.1343805,0.8900804,0.0,0.738806,0.0049751,0.0323383,0.1762295,0.0472637,0.6467662,0.3258197,0.2149533,0.6666667,9.952325334619427
592.0,0.4864865,0.1554054,0.2094595,0.1842105,0.8783784,0.0,0.7276596,0.012766,0.0170213,0.1165414,0.1276596,0.9574468,0.3721805,0.2244898,0.6666667,9.615805480084347
824.0,0.4890777,0.0012136,0.1007282,0.0831354,0.9089806,0.0,0.7651007,0.0,0.0167785,0.06875,0.0,0.9932886,0.315625,0.1506849,0.6666667,10.278527816830314
1472.0,0.4585598,0.0,0.2846467,0.2095358,0.7880435,0.048913,0.6452648,0.0032103,0.0256822,0.0701493,0.0,0.9983949,0.2716418,0.0723684,1.0,10.318935994253193
1901.0,0.4702788,0.026828,0.1967386,0.1370407,0.8769069,0.0,0.7170543,0.0,0.0155039,0.0537897,0.0310078,0.997416,0.0684597,0.0212766,0.4444444,11.761354623750297
975.0,0.4348718,0.545641,0.2123077,0.185118,0.8902564,0.0,0.7317073,0.00271,0.0162602,0.1398601,0.4742547,1.0,0.2004662,0.1573034,0.8571429,10.322230781590136
8300.0,0.4863855,0.0089157,0.0733735,0.0588787,0.9154217,0.0057831,0.8104687,0.003079,0.0277113,0.0463295,0.008895,0.9928156,0.2466558,0.0938462,0.4545455,10.738589920723442
119.0,0.5546218,0.0,0.0840336,0.1132075,0.8823529,0.0,0.75,0.0227273,0.0454545,0.2786885,0.0,0.9545455,0.4098361,0.0,1.0,9.61587214452889
32.0,0.5,0.0,0.21875,0.1875,0.65625,0.0,0.4666667,0.0666667,0.1333333,0.0625,0.0,1.0,0.1875,0.0,0.0,9.615805480084347
6577.0,0.5513152,0.0605139,0.0003041,0.0006777,0.8768435,0.1152501,0.974284,0.0005845,0.0035067,0.0520776,0.0584454,0.9719462,0.099723,0.1633663,0.0,10.742918838113225
614.0,0.4837134,0.0,0.1400651,0.1167192,0.8990228,0.0,0.7605042,0.0084034,0.012605,0.0916031,0.0,1.0,0.3587786,0.1066667,1.0,10.130662964963708
634.0,0.5,0.0,0.1356467,0.0820189,0.9053628,0.0,0.768559,0.0043668,0.0262009,0.1089494,0.0,1.0,0.233463,0.0862069,0.8571429,9.918425424900335
357.0,0.4789916,0.0,0.1176471,0.0967742,0.9103641,0.0,0.7933884,0.0,0.0495868,0.0081967,0.0,1.0,0.1065574,0.1428571,0.0,10.70551155928146
19027.0,0.4569822,0.2162716,0.1363326,0.1142083,0.6514952,0.1246649,0.555302,0.0060403,0.0973154,0.0760263,0.1948993,0.9828188,0.3858365,0.0599443,0.4035088,11.264476926102367
1232.0,0.4943182,0.0032468,0.0844156,0.070626,0.9301948,0.0,0.8043478,0.0027174,0.0244565,0.0868486,0.0027174,0.4429348,0.5260546,0.3390805,0.0,10.038935856711177
560.0,0.4785714,0.4857143,0.1660714,0.1232877,0.8928571,0.0,0.7330097,0.0048544,0.0194175,0.0884956,0.4563107,1.0,0.2920354,0.125,1.0,9.615805480084347
1440.0,0.4763889,0.0361111,0.1493056,0.1259947,0.8951389,0.0,0.743833,0.0018975,0.0246679,0.0721831,0.0341556,0.9943074,0.2376761,0.0656934,0.5714286,10.064798252418377
8150.0,0.4506748,0.0408589,0.1645399,0.109895,0.732638,0.0001227,0.5291925,0.0017391,0.0591304,0.0377719,0.0390062,0.9850932,0.2794645,0.0340522,0.42,11.075985169527042
2351.0,0.4780944,0.0,0.1960868,0.1581092,0.823054,0.024245,0.6561181,0.0031646,0.0295359,0.0236869,0.0,0.9978903,0.2708548,0.0501792,0.0,10.606609816118151
11452.0,0.4891722,0.0039294,0.0864478,0.0659829,0.8889277,0.0130981,0.7666107,0.0026385,0.0304629,0.0245672,0.0023987,0.9971216,0.2042583,0.0625,0.4848485,11.089820688682373
1478.0,0.4918809,0.0,0.1305819,0.0905459,0.894452,0.0,0.7527473,0.0091575,0.0238095,0.0569948,0.0,0.9981685,0.2573402,0.0603448,0.6666667,10.134638955251866
327.0,0.5015291,0.0,0.088685,0.0981595,0.8042813,0.0,0.6259542,0.0152672,0.0687023,0.070922,0.0,0.9923664,0.5319149,0.0408163,0.0,10.55843949396453
49.0,0.4897959,0.0,0.1632653,0.0,0.8979592,0.0,0.8421053,0.0526316,0.0526316,0.24,0.0,0.9473684,0.52,0.0,0.6666667,9.615805480084347
197.0,0.5076142,0.0101523,0.1472081,0.1752577,0.857868,0.0,0.675,0.0,0.025,0.1578947,0.0,0.975,0.3894737,0.0555556,0.5,9.746892220313054
2125.0,0.4795294,0.6084706,0.1501176,0.1066908,0.8936471,0.0,0.738961,0.0051948,0.025974,0.1962422,0.5519481,0.9987013,0.2453027,0.1675978,0.3,10.410335274932896
14290.0,0.503429,0.016655,0.0626312,0.0393179,0.8411477,0.0009797,0.6967017,0.006265,0.0925005,0.0812595,0.0158467,0.9813893,0.3934315,0.0566191,0.1935484,11.572146749628347
6398.0,0.4831197,0.0053142,0.1267584,0.0861808,0.8599562,0.003126,0.7198595,0.0058525,0.0507218,0.0247336,0.0054623,0.9898556,0.3025114,0.0447598,0.16,11.010415172807951
156.0,0.4871795,0.0,0.2692308,0.1375,0.8589744,0.0,0.6612903,0.0,0.016129,0.1142857,0.0,1.0,0.1857143,0.2222222,0.0,9.615805480084347
596.0,0.4731544,0.0,0.0872483,0.0764331,0.9211409,0.0,0.8,0.0,0.0292683,0.0238095,0.0,0.9902439,0.2380952,0.0172414,1.0,10.5610334618531
83995.0,0.4913745,0.2613608,0.0804691,0.0709705,0.924055,0.0042741,0.8158182,0.0043263,0.0424227,0.0258991,0.2708753,0.7841482,0.376253,0.2837433,0.3,11.951831796597101
1005.0,0.4626866,0.0,0.160199,0.1444444,0.8318408,0.0,0.649652,0.0,0.0324826,0.0379464,0.0,0.9976798,0.296875,0.0067114,0.75,11.440365524765756
1940.0,0.4958763,0.0005155,0.0953608,0.0858896,0.9391753,0.0,0.8447025,0.0014514,0.011611,0.067659,0.0014514,0.9854862,0.202977,0.1167883,0.5555556,10.716659698193956
679.0,0.4123711,0.1134021,0.3092784,0.2656642,0.7098675,0.167894,0.6723404,0.0,0.0255319,0.1577061,0.0723404,1.0,0.297491,0.1162791,0.0,9.76428295481558
366.0,0.489071,0.4918033,0.1311475,0.1016043,0.931694,0.0,0.8292683,0.0081301,0.0162602,0.0820896,0.4146341,0.9756098,0.3656716,0.1785714,1.0,9.65509029374725
394.0,0.5050761,0.0,0.2360406,0.1179487,0.8959391,0.0,0.7625,0.0,0.01875,0.1578947,0.0,1.0,0.4263158,0.1428571,1.0,9.873079890114703
8545.0,0.4988882,0.0140433,0.0745465,0.0530126,0.9323581,0.0121709,0.8550472,0.002445,0.0143206,0.0704545,0.0104785,0.9811387,0.1665584,0.1571816,0.7333333,10.734242182303689
14377.0,0.4893928,0.0082076,0.1720804,0.0845934,0.8236072,0.0005564,0.6829607,0.0055469,0.0890969,0.0537969,0.0065869,0.950598,0.3442677,0.0917238,0.2926829,12.026353699006034
749.0,0.5006676,0.0600801,0.1842457,0.0614973,0.8971963,0.0,0.7751678,0.0,0.033557,0.2623762,0.0469799,0.9932886,0.4678218,0.1451613,0.8823529,10.55323128448846
4600.0,0.4617391,0.0030435,0.1643478,0.1025848,0.8465217,0.0163043,0.7092348,0.0026385,0.0364116,0.7161899,0.0026385,0.8722955,0.4323798,0.0893471,0.6869919,10.980212041446208
623.0,0.4783307,0.0,0.152488,0.1138462,0.9101124,0.0,0.7692308,0.0045249,0.0180995,0.0635593,0.0,0.8823529,0.1949153,0.16,0.6666667,10.389026137075234
8005.0,0.4884447,0.04797,0.0795753,0.0715507,0.8999375,0.011243,0.7871785,0.0048453,0.0298174,0.09174,0.0450988,0.9068207,0.2545701,0.1821904,0.4482759,10.84546552414626
2032.0,0.4950787,0.0,0.1466535,0.0984405,0.9040354,0.0,0.7779273,0.0067295,0.0296097,0.0274869,0.0,0.9919246,0.1989529,0.1061453,0.6666667,11.173262142245258
335.0,0.5134328,0.0029851,0.1134328,0.1042945,0.6895522,0.0059701,0.4819277,0.0060241,0.0903614,0.4092527,0.0,0.9819277,0.366548,0.0746269,0.7,10.718874489469398
1344.0,0.4635417,0.0,0.3459821,0.2011096,0.780506,0.0431548,0.6289517,0.0049917,0.0216306,0.1475177,0.0,0.9833611,0.2652482,0.0955882,0.7894737,9.615805480084347
6049.0,0.4580922,0.0026451,0.1525872,0.1418548,0.8675814,0.0168623,0.7235808,0.0039301,0.0213974,0.0858283,0.0026201,0.9965066,0.2826347,0.1236842,0.6410256,10.199918739620157
25494.0,0.5091002,0.0155331,0.0381658,0.0305234,0.9257865,0.0010198,0.8445086,0.0044614,0.0633775,0.0371447,0.015746,0.8488387,0.2094757,0.2346332,0.2169811,12.280256686219182
2041.0,0.4630083,0.2459579,0.1572758,0.1505474,0.8579128,0.0093092,0.6910467,0.0037831,0.0290038,0.2014099,0.2358134,0.998739,0.4259819,0.0932203,0.7272727,10.106469212026385
1286.0,0.474339,0.0155521,0.1384137,0.137574,0.8786936,0.0,0.7439024,0.0081301,0.0406504,0.0538462,0.0243902,0.9939024,0.3211538,0.13,0.3333333,10.247112717290387
769.0,0.4746424,0.0,0.1222367,0.0742574,0.9258778,0.0,0.8158845,0.0,0.0216606,0.0381944,0.0,0.9891697,0.1180556,0.1724138,0.5,10.524090921620362
2561.0,0.489262,0.0,0.2038266,0.1513761,0.836392,0.028895,0.6799591,0.00409,0.0235174,0.0764873,0.0,0.9969325,0.3163362,0.0458333,0.6666667,10.413342705547674
2893.0,0.4749395,0.3090218,0.0933287,0.0868993,0.8520567,0.0,0.6799653,0.0052038,0.0390286,0.0541427,0.2688638,0.9947962,0.3954061,0.084453,0.5,10.468829770273567
188.0,0.5904255,0.0,0.0265957,0.038961,0.75,0.1489362,0.6956522,0.0217391,0.0652174,0.5576923,0.0,1.0,0.7115385,0.2105263,0.0,11.247670025080003
1681.0,0.48721,0.0588935,0.1118382,0.0846868,0.8947055,0.0,0.7648855,0.0045802,0.0290076,0.1076294,0.0473282,0.989313,0.3201635,0.0704225,0.8,10.616461869895815
639.0,0.4741784,0.0,0.1784038,0.1369048,0.8920188,0.0,0.7382812,0.0,0.0078125,0.1292517,0.0,0.984375,0.329932,0.1551724,0.8571429,9.615805480084347
4215.0,0.4873072,0.0168446,0.0714116,0.0564553,0.6794781,0.229656,0.7442623,0.0008197,0.0491803,0.0520591,0.0188525,0.9893443,0.4382284,0.0972644,0.25,10.734242182303689
1178.0,0.4889643,0.0,0.1137521,0.0980066,0.8641766,0.0,0.7052402,0.0021834,0.0480349,0.0398323,0.0,0.9978166,0.2683438,0.0609756,0.5,10.92775337907558
1806.0,0.5160576,0.0011074,0.1002215,0.0652174,0.9108527,0.0227021,0.797048,0.00369,0.0147601,0.1946508,0.0,0.9132841,0.3150074,0.1833333,0.8571429,10.515993929932415
930.0,0.5032258,0.0032258,0.0397849,0.047619,0.9204301,0.0,0.8148148,0.0061728,0.037037,0.0299401,0.0030864,1.0,0.2964072,0.0,1.0,11.110969193687714
3791.0,0.5001319,0.0047481,0.0838829,0.0474934,0.9314165,0.0,0.8473282,0.0030534,0.0389313,0.0534682,0.0053435,0.7916031,0.1878613,0.1322314,0.6190476,11.255462171102444
1377.0,0.4901961,0.0036311,0.1016703,0.0698006,0.9084967,0.0,0.7773438,0.0039062,0.015625,0.0483271,0.0,0.9902344,0.2286245,0.0748299,0.0,10.776891660007811
4641.0,0.4736048,0.003663,0.210515,0.1432665,0.889248,0.0,0.7454252,0.0010764,0.0188375,0.0505876,0.0026911,0.9951561,0.2616249,0.0784884,0.7586207,10.21833478806055
42045.0,0.4629326,0.2379118,0.2084196,0.1524733,0.7953621,0.0309906,0.6403726,0.0042546,0.0468004,0.1070438,0.1926637,0.9817743,0.4344389,0.0876628,0.5221675,10.687411927154141
157.0,0.4904459,0.0,0.1847134,0.175,0.8535032,0.0,0.6461538,0.0,0.0,0.1447368,0.0,1.0,0.3157895,0.0909091,1.0,9.615805480084347
226.0,0.5442478,0.0,0.1061947,0.0873786,0.8893805,0.0,0.7634409,0.0,0.0322581,0.1142857,0.0,0.9892473,0.2761905,0.0454545,0.5,10.085850775128717
22837.0,0.4758068,0.0075754,0.1765118,0.1362459,0.7618777,0.0695801,0.636025,0.00252,0.046346,0.0730246,0.0038348,0.9907965,0.3579118,0.0406977,0.5492958,10.379752786950895
208.0,0.4375,0.2067308,0.1971154,0.1282051,0.8990385,0.0,0.7590361,0.0,0.0120482,0.0777778,0.2048193,1.0,0.4444444,0.0,0.0,9.615805480084347
4639.0,0.4498814,0.3004958,0.2110369,0.1951411,0.7807717,0.0870877,0.6711685,0.0041104,0.023488,0.1074423,0.2571932,0.9947152,0.3805031,0.1071932,0.516129,10.268165387743457
16825.0,0.4628232,0.0063596,0.1851412,0.1546802,0.7894799,0.0142645,0.5991869,0.0037852,0.0508902,0.066239,0.003645,0.9941119,0.3067155,0.0703505,0.3243243,11.200964361058276
13228.0,0.4911551,0.0077109,0.0926822,0.0693805,0.9110221,0.0022679,0.8005588,0.0012895,0.0367505,0.0618952,0.007522,0.9795831,0.1542339,0.0673712,0.3289474,12.280720828886404
364.0,0.467033,0.0054945,0.0906593,0.1030928,0.9175824,0.0,0.7894737,0.0,0.0150376,0.0952381,0.0075188,1.0,0.3673469,0.1081081,1.0,9.62251624577579
431.0,0.4918794,0.0,0.12529,0.0821918,0.937355,0.0,0.8187919,0.0,0.0,0.0802469,0.0,0.9865772,0.2222222,0.1153846,0.5,10.413342705547674
44389.0,0.4692153,0.03208,0.1512086,0.1246127,0.8172971,0.0229111,0.6621166,0.005842,0.0471295,0.0614225,0.0306145,0.9944388,0.3153899,0.0772828,0.3981481,10.50783084142058
1543.0,0.426442,0.6085548,0.1685029,0.1581921,0.8846403,0.0,0.7221269,0.0034305,0.0240137,0.1765537,0.5300172,0.9914237,0.3262712,0.1842105,0.8,9.985113621416073
397.0,0.6649874,0.0100756,0.0075567,0.0,0.1511335,0.7481108,0.4423077,0.0,0.1730769,0.6959064,0.0,1.0,0.5438596,0.0232558,0.0,12.568981617474362
6704.0,0.4853819,0.2085322,0.2077864,0.1336232,0.7610382,0.0096957,0.596653,0.0040984,0.1007514,0.1293488,0.1499317,0.9648224,0.5322629,0.0703297,0.3793103,11.110969193687714
1189.0,0.5113541,0.0,0.0504626,0.0447504,0.9201009,0.0,0.7963918,0.0025773,0.0360825,0.1161731,0.0,0.9768041,0.3257403,0.1043478,0.6923077,10.62135173563291
8325.0,0.516997,0.0052853,0.1643243,0.1427506,0.772012,0.0806006,0.6701855,0.0047985,0.0457454,0.0544465,0.0044786,0.9894434,0.3826376,0.0753275,0.6071429,10.181157167204903
563.0,0.4831261,0.1882771,0.0870337,0.0721649,0.8863233,0.0,0.7437186,0.0,0.0653266,0.0339806,0.1658291,0.959799,0.131068,0.1847826,0.0,10.77270764101727
1783.0,0.4800897,0.0016826,0.0942232,0.0636462,0.9293326,0.0,0.8227642,0.004878,0.0195122,0.0737952,0.0,0.7886179,0.2439759,0.1714286,0.4166667,10.736418414365376
5443.0,0.4914569,0.0104722,0.14018,0.0975434,0.9143854,0.0022047,0.7845188,0.000523,0.0198745,0.0468594,0.0099372,0.9780335,0.1759721,0.0639098,0.5789474,12.655557828842689
242.0,0.4586777,0.0,0.0495868,0.0687023,0.946281,0.0,0.8064516,0.0,0.016129,0.2439024,0.0,0.983871,0.6829268,0.4375,0.0,9.615805480084347
119.0,0.5882353,0.0,0.092437,0.0816327,0.8571429,0.0,0.7045455,0.0227273,0.0227273,0.1372549,0.0,1.0,0.3137255,0.0,1.0,9.985113621416073
9304.0,0.4686156,0.1544497,0.1732588,0.1595874,0.8292132,0.0256879,0.6819984,0.0021147,0.0335712,0.0509282,0.1321702,0.9907481,0.3622679,0.0660308,0.5384615,10.510559281627845
2504.0,0.5127796,0.0051917,0.0615016,0.0401639,0.9189297,0.0,0.8099878,0.0085262,0.0389769,0.1237994,0.0036541,0.2679659,0.4183565,0.1428571,0.2857143,10.902297921958713
506.0,0.4545455,0.0,0.1758893,0.0833333,0.8833992,0.0,0.7559809,0.0,0.0382775,0.05,0.0,0.9808612,0.0590909,0.0,0.0,11.49782197939291
3027.0,0.4595309,0.0056161,0.1869838,0.1454768,0.8186323,0.0422861,0.6820119,0.0025575,0.0306905,0.0471162,0.0042626,0.9897698,0.2859464,0.046683,0.375,10.576457535657255
1604.0,0.4563591,0.0,0.2967581,0.2201835,0.7799252,0.053616,0.6329305,0.0,0.0151057,0.1289474,0.0,1.0,0.3131579,0.0829493,0.7857143,9.69898173460629
347.0,0.5043228,0.0057637,0.1585014,0.122093,0.9106628,0.0,0.7686567,0.0,0.0,0.0218978,0.0074627,1.0,0.2335766,0.1724138,0.0,10.098272780745283
25849.0,0.4950288,0.0232891,0.0673914,0.0499502,0.9634028,0.0075051,0.9235442,0.0011884,0.0167701,0.016238,0.019147,0.9767595,0.0326059,0.132948,0.4181818,12.407383590534293
157.0,0.5159236,0.0,0.2101911,0.1710526,0.8280255,0.0,0.6764706,0.0147059,0.0588235,0.1168831,0.0,1.0,0.2337662,0.0,1.0,9.615805480084347
2465.0,0.4511156,0.0880325,0.2730223,0.2350333,0.8133874,0.0186613,0.6274694,0.0018815,0.0103481,0.2090774,0.0752587,0.8984008,0.2782738,0.1018182,0.6923077,9.615805480084347
578.0,0.467128,0.0017301,0.2318339,0.1331169,0.8806228,0.0,0.7291667,0.0,0.0166667,0.0588235,0.0041667,1.0,0.145098,0.0512821,0.5,10.2328272702548
184.0,0.4619565,0.0,0.1521739,0.1919192,0.8097826,0.0,0.56,0.0,0.0266667,0.137931,0.0,1.0,0.183908,0.2222222,1.0,9.615805480084347
877.0,0.4937286,0.0,0.2257697,0.204955,0.8027366,0.0513113,0.6453488,0.0,0.0116279,0.1828979,0.0,0.880814,0.327791,0.1454545,0.8571429,9.615805480084347
1772.0,0.4565463,0.0457111,0.1721219,0.1505711,0.8544018,0.0,0.6805369,0.0026846,0.0174497,0.0640704,0.0389262,0.9959732,0.3555276,0.0505952,0.0833333,10.753659849198824
489.0,0.5296524,0.0,0.1022495,0.0695652,0.9284254,0.0,0.8070175,0.0,0.0116959,0.0393258,0.0,0.9883041,0.2134831,0.16,0.0,10.250652418696085
600.0,0.435,0.0,0.345,0.2389381,0.76,0.08,0.6445312,0.0,0.0195312,0.1466667,0.0,0.9882812,0.24,0.0357143,1.0,9.615805480084347
2015.0,0.5022333,0.0029777,0.1002481,0.0498504,0.8933002,0.0,0.7633588,0.0012723,0.0330789,0.0598086,0.0025445,0.9949109,0.208134,0.0578947,0.7142857,11.227919807721856
840.0,0.4797619,0.0,0.1630952,0.1121281,0.8857143,0.0011905,0.7311178,0.0030211,0.0151057,0.1469072,0.0,0.9335347,0.3118557,0.1323529,0.7142857,10.138599199626192
1064.0,0.4558271,0.0,0.2152256,0.1744387,0.8853383,0.0,0.7210402,0.0,0.0094563,0.0824295,0.0,0.9952719,0.2516269,0.0952381,0.75,10.261196961231647
3394.0,0.5011786,0.0229817,0.0671774,0.0443001,0.9619918,0.0,0.9092481,0.0008643,0.0172861,0.039834,0.0181504,0.9809853,0.0074689,0.106383,0.1923077,11.618194976487304
312.0,0.4679487,0.4871795,0.1314103,0.1445783,0.9262821,0.0,0.7722772,0.0,0.0,0.1217391,0.3861386,1.0,0.426087,0.1666667,1.0,9.648659816955295
72.0,0.4444444,0.0,0.2777778,0.075,0.8333333,0.0,0.6666667,0.0,0.030303,0.0833333,0.0,1.0,0.3333333,0.0,0.0,9.615805480084347
714.0,0.4537815,0.0140056,0.2689076,0.2,0.8277311,0.0420168,0.6979167,0.0,0.0173611,0.0886076,0.0173611,1.0,0.3291139,0.0285714,0.5,10.016860879703811
1847.0,0.4818625,0.0151597,0.2365999,0.1546499,0.8397401,0.0,0.6598203,0.0012837,0.0372272,0.0973349,0.0166881,0.9858793,0.5249131,0.0912698,0.7777778,11.458479838780507
19536.0,0.4793202,0.21207,0.1297093,0.110991,0.8199222,0.0138206,0.6583746,0.0026048,0.058088,0.0860612,0.1882001,0.9296692,0.5056541,0.093774,0.821256,11.83863282480007
3204.0,0.4762797,0.0015605,0.1582397,0.1334923,0.8252185,0.0218477,0.6774454,0.0097009,0.0590137,0.1042723,0.0024252,0.9935327,0.3627806,0.0739796,0.5454545,10.902297921958713
563.0,0.4689165,0.0,0.1367673,0.1103679,0.8596803,0.062167,0.8031915,0.0053191,0.0265957,0.0505051,0.0,1.0,0.2020202,0.1153846,0.5,10.623787731088578
2128.0,0.4506579,0.0,0.2152256,0.1582549,0.8580827,0.0338346,0.7361963,0.0,0.0184049,0.0893855,0.0,0.993865,0.2547486,0.0893855,0.5882353,10.31231367277647
1798.0,0.4682981,0.0038932,0.2502781,0.1799163,0.6746385,0.1885428,0.6362229,0.001548,0.0092879,0.1555556,0.001548,0.996904,0.3986928,0.0874525,0.8076923,9.758519582283522
632.0,0.4731013,0.0015823,0.25,0.1531532,0.8386076,0.0,0.676259,0.0,0.0395683,0.1847507,0.0,1.0,0.4134897,0.0508475,0.5,10.62135173563291
78.0,0.4871795,0.0,0.2820513,0.125,0.8589744,0.0,0.65625,0.0,0.0,0.2,0.0,1.0,0.3,0.0,0.0,9.615805480084347
4353.0,0.4773719,0.0264186,0.085688,0.0558242,0.4592235,0.4309671,0.6481132,0.0037736,0.0603774,0.0594499,0.0113208,0.9924528,0.2218279,0.0392157,0.5,11.239816684367907
1242.0,0.4991948,0.0040258,0.1497585,0.0948553,0.831723,0.0,0.6822612,0.005848,0.0740741,0.1015762,0.0019493,0.9727096,0.4728546,0.125,0.2857143,10.207325906555994
1211.0,0.4508671,0.5045417,0.1279934,0.1443609,0.8893476,0.0,0.7257683,0.0047281,0.0283688,0.0824295,0.4137116,0.9905437,0.373102,0.1666667,0.6666667,10.034559673629849
429.0,0.4592075,0.0,0.2004662,0.2068966,0.6876457,0.0,0.4663677,0.0134529,0.0538117,0.6730205,0.0,0.9730942,0.4472141,0.042735,0.6470588,11.255462171102444
448.0,0.4821429,0.0,0.1696429,0.1163793,0.8861607,0.0,0.7398844,0.0,0.0346821,0.1036269,0.0,0.9942197,0.1917098,0.1290323,0.6666667,9.615805480084347
4388.0,0.4594348,0.3261167,0.1210119,0.1231029,0.8931176,0.0123063,0.7629911,0.0019011,0.0215463,0.0646117,0.2731305,0.995564,0.324837,0.0896414,0.4444444,10.526775414924009
132.0,0.4621212,0.0,0.1742424,0.084507,0.9015152,0.0,0.755102,0.0,0.0204082,0.0,0.0,1.0,0.1428571,0.0769231,0.0,9.862717639992917
544.0,0.4816176,0.0,0.2003676,0.1489362,0.8731618,0.0,0.7095238,0.0047619,0.0333333,0.058296,0.0,0.9904762,0.3497758,0.015625,0.6666667,10.604131561522696
12081.0,0.4504594,0.0571145,0.200149,0.1617714,0.7661617,0.0212731,0.6040712,0.0027508,0.0638181,0.0403027,0.0529983,0.995232,0.2062654,0.0442584,0.3541667,10.94024216782542
403.0,0.4640199,0.0099256,0.2630273,0.1851852,0.866005,0.0,0.704918,0.0,0.0,0.0518135,0.0054645,0.9945355,0.0673575,0.037037,0.6666667,11.013715451376466
6841.0,0.5138138,0.029674,0.0643181,0.0493085,0.9350972,0.0054086,0.8479502,0.0067462,0.0404774,0.0553922,0.0326933,0.6964193,0.3156863,0.3325301,0.1794872,11.400887146781374
489.0,0.4723926,0.3271984,0.194274,0.1395349,0.8732106,0.0,0.7179487,0.0051282,0.0307692,0.0298507,0.2564103,1.0,0.2089552,0.0689655,0.0,10.983613347424248
11804.0,0.4883938,0.0934429,0.1818875,0.1518463,0.685022,0.0293968,0.5138122,0.0051565,0.1117864,0.0924285,0.058011,0.9517495,0.5273274,0.0530896,0.2933333,11.235866764155578
15624.0,0.4782386,0.0071685,0.1019585,0.0655054,0.8790323,0.0108807,0.7531455,0.0021265,0.047138,0.038835,0.0079745,0.9883041,0.285471,0.0400509,0.2666667,11.05723491317159
1031.0,0.4539282,0.0009699,0.1930165,0.1474245,0.8632396,0.0261882,0.7164557,0.0,0.0050633,0.1838843,0.0,0.9873418,0.3533058,0.1188119,0.7857143,9.615805480084347
3763.0,0.5237842,0.0220569,0.0823811,0.0647321,0.8506511,0.0018602,0.684135,0.0100503,0.0559943,0.0895425,0.0208184,0.8528356,0.4915033,0.155096,0.2857143,10.97679912709094
251.0,0.4820717,0.0,0.0916335,0.0846154,0.9243028,0.0,0.7777778,0.0138889,0.0138889,0.1219512,0.0,0.9305556,0.3414634,0.1538462,1.0,10.499600568082863
934.0,0.4785867,0.003212,0.1231263,0.1067762,0.9143469,0.0,0.7888563,0.0029326,0.0117302,0.0733696,0.0029326,0.9853372,0.2608696,0.1456311,0.0,10.138599199626192
257.0,0.4708171,0.0,0.2373541,0.1985294,0.8793774,0.0,0.7075472,0.0,0.0,0.1092437,0.0,1.0,0.3529412,0.0714286,1.0,9.615805480084347
594.0,0.493266,0.3131313,0.0505051,0.0465116,0.9023569,0.0,0.7761905,0.0,0.0428571,0.1497976,0.2904762,0.9666667,0.4736842,0.122449,0.0,10.839600519357369
3344.0,0.6414474,0.145634,0.0669856,0.0617181,0.6552033,0.2948565,0.8231552,0.0038168,0.0254453,0.0175,0.0,0.9961832,0.13375,0.1347518,0.0,10.909637269778615
1840.0,0.436413,0.3152174,0.1875,0.1552555,0.8657609,0.0,0.6890983,0.0013459,0.0161507,0.102657,0.2503365,0.9959623,0.3140097,0.1180328,0.4230769,10.385944565501662
21507.0,0.47724,0.0152973,0.1686893,0.132438,0.8196401,0.0218534,0.6645533,0.0059942,0.0454179,0.0503558,0.0102594,0.9858213,0.3382594,0.0687697,0.5454545,10.451637862362272
1521.0,0.495069,0.0039448,0.1229454,0.0625,0.9434583,0.0,0.8601942,0.0019417,0.0213592,0.0498155,0.0019417,0.9883495,0.0202952,0.0,0.4,12.840003118946523
1342.0,0.4545455,0.0014903,0.2958271,0.2581967,0.7660209,0.0692996,0.6205036,0.0017986,0.0161871,0.1676647,0.0,0.9514388,0.3787425,0.0802469,0.8571429,10.003378135350923
733.0,0.473397,0.0,0.1555252,0.1088083,0.8649386,0.0,0.6944444,0.0,0.0381944,0.0170648,0.0,0.9965278,0.2901024,0.0625,0.0,10.474495347310453
8365.0,0.4694561,0.0288105,0.1512253,0.1106354,0.8728033,0.0004782,0.7129975,0.0015547,0.0360697,0.0362601,0.028607,0.9393657,0.3239437,0.0614273,0.1538462,12.219487265827034
809.0,0.4462299,0.0,0.3325093,0.2611607,0.7292954,0.0618047,0.5555556,0.0,0.0135501,0.1358314,0.0,0.9945799,0.3442623,0.0217391,0.5,9.615805480084347
2997.0,0.4534535,0.360694,0.1358025,0.1202686,0.8868869,0.0,0.7317283,0.0017197,0.0206363,0.0733068,0.3069647,0.9974205,0.2581673,0.1201117,0.5333333,10.416341118636355
553.0,0.4665461,0.1374322,0.1826401,0.2,0.8155515,0.0,0.6163265,0.0081633,0.0204082,0.095941,0.1469388,0.9836735,0.2509225,0.0757576,0.7142857,10.428245666832275
206.0,0.5339806,0.0,0.223301,0.1458333,0.7961165,0.0,0.6170213,0.0106383,0.0531915,0.1754386,0.0,1.0,0.377193,0.1875,1.0,9.615805480084347
57407.0,0.4663369,0.0406919,0.1680109,0.1171171,0.7972373,0.0324176,0.6632003,0.0019699,0.0763205,0.0362472,0.0358697,0.9856613,0.2509934,0.0603375,0.4625,11.961456448214491
1875.0,0.4618667,0.0010667,0.1509333,0.1288404,0.8805333,0.0309333,0.769688,0.0014859,0.0148588,0.0344333,0.0,0.9955423,0.2180775,0.1058824,0.4,10.703266939811954
163.0,0.4846626,0.0,0.202454,0.1071429,0.9141104,0.0,0.7941176,0.0,0.0,0.1282051,0.0,0.9852941,0.2435897,0.0,1.0,9.615805480084347
1810.0,0.5027624,0.0,0.1160221,0.1,0.9303867,0.0,0.8087092,0.0,0.0046656,0.0544118,0.0,0.9984448,0.3132353,0.1097561,0.75,9.857495968685136
2207.0,0.4743996,0.0004531,0.2057091,0.1241379,0.8608971,0.0,0.6899225,0.0055371,0.0221484,0.0960961,0.0011074,0.9977852,0.2042042,0.0792079,0.6,10.474495347310453
2149.0,0.476966,0.001396,0.1563518,0.1129893,0.8906468,0.0,0.7485311,0.0047004,0.0199765,0.0427447,0.0011751,1.0,0.3824522,0.0588235,0.6,10.410335274932896
498.0,0.497992,0.0,0.1606426,0.088,0.9056225,0.0,0.7540107,0.0,0.0053476,0.0209424,0.0,0.9946524,0.2041885,0.0357143,0.0,10.2328272702548
361.0,0.4459834,0.6869806,0.2271468,0.215,0.8476454,0.0,0.6275862,0.0,0.0068966,0.1944444,0.6413793,1.0,0.3888889,0.1071429,1.0,9.615805480084347
481.0,0.4532225,0.2349272,0.1351351,0.121673,0.8731809,0.010395,0.7228261,0.0,0.0271739,0.08,0.201087,0.9891304,0.23,0.1132075,1.0,10.835671318412196
7864.0,0.5001272,0.0707019,0.0746439,0.0658865,0.9384537,0.0,0.8400312,0.0027312,0.0214592,0.0210084,0.0632072,0.9945377,0.1038961,0.0991957,0.6,10.922352923113982
21923.0,0.4776719,0.0114492,0.1705515,0.1217361,0.8877891,0.0013228,0.7462257,0.0014982,0.0228189,0.0269149,0.0112942,0.9960816,0.1721431,0.0267953,0.25,10.847412906506923
30544.0,0.4839248,0.2082897,0.0659049,0.057286,0.9057753,0.0108041,0.8017482,0.0031616,0.0299423,0.0769099,0.1952762,0.9623396,0.244721,0.0737481,0.375,11.287291314687705
544.0,0.4889706,0.0,0.0349265,0.0503597,0.9540441,0.0,0.8264463,0.0,0.0330579,0.1357143,0.0,0.9917355,0.8714286,0.2380952,0.0,9.674137279312397
21274.0,0.4945943,0.0405659,0.0640218,0.0546875,0.9440162,0.0026323,0.8656596,0.003696,0.0324602,0.036389,0.0363169,0.9352402,0.1083927,0.1878453,0.2777778,11.687727151613768
2524.0,0.4488906,0.3423138,0.1069731,0.123652,0.8934231,0.0007924,0.7453754,0.0065288,0.0228509,0.1607306,0.3090316,0.9956474,0.3369863,0.1471471,0.5833333,10.181157167204903
2725.0,0.4675229,0.0227523,0.2543119,0.1867677,0.7034862,0.0557798,0.546549,0.0032103,0.0569823,0.0736059,0.0080257,0.988764,0.3769517,0.0299625,0.3636364,11.74245657234248
4974.0,0.4684359,0.0323683,0.1698834,0.1380484,0.8214717,0.0281464,0.6639004,0.004668,0.0466805,0.0316424,0.0321577,0.9958506,0.3510799,0.0526961,0.8,10.934908916663861
322.0,0.5652174,0.0093168,0.1614907,0.0928571,0.8198758,0.0,0.6521739,0.0217391,0.0362319,0.4344262,0.0072464,1.0,0.442623,0.1153846,0.0,9.923339198238729
16839.0,0.4915969,0.0010689,0.103866,0.0821166,0.930756,0.0078983,0.8297476,0.0035168,0.0213074,0.0194726,0.0012412,0.3723624,0.4255578,0.3002833,0.3333333,10.942013616092948
3057.0,0.4782466,0.0035983,0.1485116,0.1554859,0.7625123,0.0382728,0.5983871,0.0048387,0.0733871,0.0848708,0.0032258,0.9935484,0.3874539,0.0472441,0.4444444,11.028433383156079
1063.0,0.4365005,0.0,0.3424271,0.2470785,0.7685795,0.084666,0.6534884,0.0,0.0162791,0.0380313,0.0,0.9976744,0.2058166,0.0625,0.8888889,10.118639253920785
8362.0,0.4516862,0.0475963,0.2339153,0.1938931,0.7770868,0.0498685,0.6219583,0.0028969,0.0309965,0.1442737,0.0428737,0.9959444,0.3398612,0.081266,0.6276596,9.809231816610408
169.0,0.5266272,0.0,0.1893491,0.0875,0.8402367,0.0,0.6805556,0.0,0.0416667,0.1910112,0.0,1.0,0.2808989,0.0833333,1.0,9.615805480084347
16973.0,0.4819419,0.0083073,0.1972545,0.1064483,0.8719142,0.0013551,0.7416996,0.0035103,0.0443177,0.1197374,0.0064356,0.9837648,0.2854384,0.0697518,0.3821656,10.983613347424248
326.0,0.5306748,0.0,0.0981595,0.0196078,0.9141104,0.0,0.7961165,0.0097087,0.0291262,0.4046243,0.0,0.9805825,0.5028902,0.1428571,1.0,10.751520856703959
277.0,0.4981949,0.0,0.1552347,0.1079137,0.8916968,0.0,0.7425743,0.009901,0.019802,0.1293103,0.0,1.0,0.2155172,0.1363636,0.75,9.615805480084347
595.0,0.4571429,0.0,0.1411765,0.1145511,0.8756303,0.0,0.6912442,0.0,0.0276498,0.1214575,0.0,1.0,0.2712551,0.147541,0.8,10.114599007626499
4860.0,0.477572,0.0061728,0.1384774,0.1303663,0.8522634,0.0380658,0.7433471,0.0023655,0.0461266,0.0359179,0.0041396,0.909521,0.3386545,0.0802817,0.8823529,11.864293351358109
21228.0,0.4705578,0.0334464,0.1349633,0.1207403,0.7877332,0.0154513,0.6114743,0.0020289,0.0671776,0.0554668,0.0305455,0.9727232,0.4264878,0.0313943,0.3505155,11.510933482289435
119.0,0.4201681,0.0,0.1596639,0.0869565,0.9327731,0.0,0.8292683,0.0,0.0243902,0.1632653,0.0,1.0,0.122449,0.125,0.0,9.615805480084347
50380.0,0.4653235,0.0435292,0.1886463,0.1373575,0.8344978,0.0186979,0.6762406,0.001604,0.0386466,0.0412341,0.0430576,0.986015,0.3746636,0.041082,0.4864865,11.518917476956224
511.0,0.4637965,0.0039139,0.3444227,0.2554745,0.7455969,0.0763209,0.6026786,0.0,0.0089286,0.104,0.0044643,1.0,0.264,0.0588235,1.0,9.615805480084347
1319.0,0.5034117,0.0022745,0.1546626,0.119084,0.8407885,0.0022745,0.6629002,0.0094162,0.0357815,0.0876289,0.0037665,0.9943503,0.4072165,0.1,0.6666667,10.463131911491967
1010.0,0.5029703,0.0,0.1792079,0.1454183,0.7653465,0.0178218,0.5581897,0.0,0.0280172,0.2227806,0.0,0.9806034,0.4087102,0.0436681,0.6923077,9.723223876851618
5347.0,0.4694221,0.0323546,0.3218627,0.1610857,0.8320554,0.0,0.6838446,0.005317,0.0400818,0.1959882,0.0257669,0.9836401,0.4363696,0.0592734,0.5463918,10.682835364853922
10603.0,0.4727907,0.0061303,0.1908894,0.1259392,0.8880506,0.0021692,0.7465065,0.0009806,0.0262319,0.0197068,0.0056386,0.9727874,0.2283105,0.0349908,0.2727273,12.187404474495082
1095.0,0.513242,0.0,0.1068493,0.0938086,0.8639269,0.0,0.6933962,0.0070755,0.0353774,0.0742358,0.0,0.9976415,0.4126638,0.0895522,0.0,10.169728906753061
1353.0,0.4515891,0.2505543,0.1648189,0.1576819,0.8736142,0.0022173,0.7017208,0.0038241,0.0172084,0.0951557,0.206501,0.998088,0.3027682,0.1497326,0.7,10.351405324899678
637.0,0.4740973,0.0,0.1726845,0.1552239,0.8383046,0.0,0.6654275,0.0111524,0.0371747,0.1063123,0.0,0.9888476,0.3355482,0.0641026,0.5,9.615805480084347
1478.0,0.4945873,0.0027064,0.1163735,0.0829987,0.8985115,0.0,0.7699443,0.0074212,0.0296846,0.0609756,0.0037106,0.987013,0.2665505,0.1036585,0.4,10.199918739620157
157.0,0.4968153,0.0,0.1592357,0.0886076,0.9235669,0.0,0.8,0.0,0.0,0.0769231,0.0,1.0,0.1538462,0.125,1.0,9.615805480084347
16799.0,0.4487767,0.5939044,0.1607834,0.1415767,0.7378415,0.0310733,0.5216126,0.0048028,0.0656382,0.1067343,0.4942512,0.9321787,0.6808372,0.0905996,0.5454545,11.293537353157436
5235.0,0.4578797,0.1556829,0.2043935,0.1705426,0.8458453,0.025979,0.686723,0.0,0.0174043,0.1471586,0.1432123,0.8672302,0.3439355,0.1353276,0.6578947,10.173552856959743
576.0,0.4861111,0.0243056,0.1805556,0.1317568,0.8819444,0.0,0.7368421,0.004386,0.0307018,0.025641,0.0307018,1.0,0.1367521,0.0571429,0.0,10.664316745782925
11399.0,0.5060093,0.0501798,0.0204404,0.0209554,0.9571892,0.0,0.8958991,0.0005736,0.0289647,0.0356748,0.0498996,0.9802122,0.0224004,0.2048518,0.3472222,11.896151780740423
7210.0,0.4599168,0.0167822,0.1905687,0.1620442,0.8355062,0.0294036,0.6884562,0.0038248,0.0215577,0.0904491,0.0142559,0.9916551,0.3368121,0.0904366,0.42,10.134638955251866
452.0,0.4977876,0.0,0.1526549,0.123348,0.8097345,0.0,0.5944444,0.0166667,0.0555556,0.138756,0.0,0.9944444,0.4880383,0.1125,1.0,10.410335274932896
122.0,0.4590164,0.0,0.1311475,0.1515152,0.9016393,0.0,0.7906977,0.0,0.0697674,0.0851064,0.0,1.0,0.1702128,0.0,1.0,10.250652418696085
599.0,0.4824708,0.0,0.1502504,0.0774194,0.8881469,0.0,0.7652174,0.0043478,0.0347826,0.0688259,0.0,1.0,0.2348178,0.1320755,1.0,10.318935994253193
1205.0,0.4713693,0.4804979,0.1377593,0.1255887,0.8738589,0.0,0.6933638,0.0045767,0.020595,0.1596154,0.4279176,0.9885584,0.4057692,0.1619048,0.7142857,9.686636660844938
66049.0,0.4503626,0.2641221,0.1643931,0.1322205,0.7525171,0.0911142,0.6514736,0.0030227,0.0433918,0.0767451,0.2542258,0.9947898,0.3246796,0.0738415,0.5507692,10.5506169722625
576.0,0.515625,0.0052083,0.1180556,0.0967742,0.9236111,0.0,0.7962963,0.0,0.0,0.0567686,0.0046296,1.0,0.2882096,0.1111111,0.0,10.021315031649332
1738.0,0.4695052,0.004603,0.1570771,0.0965293,0.8745685,0.0172612,0.7400319,0.0031898,0.0334928,0.0683507,0.0079745,0.9984051,0.2451709,0.0797872,1.0,10.611547975828369
10062.0,0.4511032,0.6711389,0.1441065,0.1443056,0.8816339,0.0191811,0.7369041,0.0032372,0.0226604,0.0540089,0.5947616,0.9982343,0.3087416,0.2052762,0.7297297,10.30229722897745
1523.0,0.4694682,0.2284964,0.2252134,0.1794554,0.8529219,0.0413657,0.7240741,0.0037037,0.0148148,0.1247974,0.187037,0.8407407,0.2771475,0.2260274,0.5833333,9.729193687429403
2840.0,0.4859155,0.0,0.1397887,0.0972603,0.896831,0.0,0.749031,0.004845,0.0222868,0.0346118,0.0,0.999031,0.222638,0.0664062,0.6,10.661977618146238
199.0,0.5125628,0.0,0.1256281,0.0721649,0.8944724,0.0,0.7,0.0,0.0,0.2134831,0.0,0.9428571,0.4269663,0.1176471,0.8571429,9.942756341456828
7152.0,0.4969239,0.0107662,0.1065436,0.0558644,0.5378915,0.0,0.3762521,0.0012216,0.1644271,0.0650982,0.0107501,0.977034,0.5262677,0.0071327,0.4098361,12.777902113316417
951.0,0.508938,0.0,0.0851735,0.0685225,0.8874869,0.0,0.7272727,0.0056818,0.0227273,0.0276243,0.0,0.9715909,0.3453039,0.0721649,0.0,10.862856930775358
363.0,0.4683196,0.0,0.2644628,0.0984456,0.8650138,0.0,0.6824324,0.0,0.0067568,0.0263158,0.0,0.9932432,0.1776316,0.0689655,0.0,10.16203685698089
5789.0,0.4755571,0.0008637,0.2040076,0.1192358,0.8941095,0.0,0.7554981,0.0017249,0.0168176,0.0389557,0.0004312,0.9939629,0.0849565,0.0292553,0.5,10.916923143796645
6188.0,0.4469942,0.4487718,0.1892372,0.1759205,0.8324176,0.0505818,0.7062937,0.0021853,0.0183566,0.0811245,0.3898601,0.993007,0.4285141,0.0873874,0.5333333,10.308985993422082
8303.0,0.4819945,0.0052993,0.1383837,0.115322,0.8858244,0.0256534,0.775641,0.0003374,0.0222672,0.026601,0.0013495,0.9952767,0.1901478,0.0306905,0.65,11.692752245730048
1684.0,0.4495249,0.067696,0.304038,0.2459547,0.8004751,0.0469121,0.6532594,0.001387,0.0083218,0.0964912,0.0540915,0.9889043,0.3045113,0.0677083,0.5294118,10.389026137075234
170.0,0.5823529,0.0,0.0941176,0.028169,0.8352941,0.0,0.6229508,0.0,0.0819672,0.3369565,0.0,1.0,0.7826087,0.0666667,1.0,9.985113621416073
3913.0,0.4847943,0.0028111,0.1541017,0.0818452,0.8625096,0.0,0.7228226,0.0101716,0.0483153,0.0524096,0.0019072,0.9885569,0.3512048,0.105948,0.1764706,10.638280388314705
411.0,0.4768856,0.0,0.1995134,0.1348837,0.8564477,0.0,0.6725146,0.0,0.0175439,0.1139896,0.0,0.9590643,0.3367876,0.0408163,0.8333333,9.957075711706057
359.0,0.4930362,0.0,0.2033426,0.1483516,0.8969359,0.0,0.729927,0.0,0.0,0.0743243,0.0,0.9927007,0.3108108,0.2222222,1.0,9.615805480084347
9380.0,0.5336887,0.0095949,0.0927505,0.0745313,0.8073561,0.078678,0.714939,0.0042683,0.0320122,0.1691996,0.0070122,0.8231707,0.3472644,0.094162,0.7142857,10.616461869895815
1582.0,0.4993679,0.0018963,0.1125158,0.0643939,0.8729456,0.0006321,0.7483221,0.0067114,0.0587248,0.0229508,0.0016779,0.9949664,0.2688525,0.1045752,0.5,11.398647529267592
427.0,0.4660422,0.0,0.1920375,0.1535088,0.8548009,0.0,0.6553672,0.0,0.0056497,0.1060606,0.0,0.9943503,0.3181818,0.0645161,0.8,9.937937287265354
10885.0,0.4680753,0.000735,0.1752871,0.1286701,0.8400551,0.0116674,0.6716655,0.0049989,0.0288571,0.039083,0.0002272,0.9972733,0.3388646,0.0581694,0.5806452,10.344995251991222
191.0,0.4502618,0.0,0.2356021,0.152381,0.9005236,0.0,0.7532468,0.0,0.0,0.172043,0.0,1.0,0.2043011,0.05,1.0,9.615805480084347
103.0,0.4951456,0.0,0.2330097,0.2115385,0.7961165,0.0,0.5918367,0.0,0.0204082,0.1694915,0.0,1.0,0.220339,0.2,0.0,9.615805480084347
13817.0,0.4791199,0.003474,0.1275241,0.1022648,0.8731997,0.0159224,0.7373884,0.0018684,0.044426,0.0278507,0.0035292,0.9952252,0.3073663,0.0490838,0.3888889,11.787529896628678
924.0,0.5054113,0.0054113,0.1991342,0.1575492,0.8322511,0.0887446,0.7674419,0.0,0.0099668,0.019544,0.0033223,1.0,0.2508143,0.0757576,1.0,10.633472802314019
7322564.0,0.4694649,0.2871278,0.130189,0.1072505,0.8009335,0.0229254,0.6153463,0.0021948,0.0556295,0.0577401,0.253756,0.8031688,0.6729874,0.1099689,0.5527978,11.916395250412128
166.0,0.5060241,0.0,0.126506,0.097561,0.9156627,0.0,0.7868852,0.0,0.0163934,0.0757576,0.0,1.0,0.1969697,0.1428571,0.0,10.243560441877241
915.0,0.484153,0.0,0.1245902,0.0826271,0.9180328,0.0,0.8048048,0.003003,0.021021,0.0319767,0.0,0.978979,0.1627907,0.0519481,0.0,10.811766273800105
32315.0,0.4878539,0.0142658,0.1262262,0.0787915,0.8498221,0.0044871,0.6852302,0.0028871,0.035253,0.0511822,0.0131439,0.9757636,0.2957036,0.0671061,0.4285714,10.84546552414626
3624.0,0.4831678,0.0019316,0.0913355,0.0619327,0.9183223,0.0,0.7950311,0.0015528,0.0201863,0.038806,0.0015528,0.9875776,0.2097015,0.1130137,0.2,10.714439990727769
6361.0,0.4782267,0.0022009,0.5096683,0.1190118,0.9037887,0.0064455,0.8266064,0.0003229,0.0109784,0.1765488,0.0019374,0.9974169,0.2483382,0.0359168,0.6125,11.13751903414526
571.0,0.4816112,0.0,0.1768827,0.1554054,0.8739054,0.0,0.7098214,0.0044643,0.0178571,0.0857143,0.0,0.9955357,0.2408163,0.1315789,0.5,9.648659816955295
24250.0,0.4972371,0.0277938,0.0963711,0.0707021,0.8849072,0.0053196,0.7653631,0.0038764,0.0522175,0.0479757,0.0257667,0.8710523,0.1820254,0.1966967,0.4573643,11.109473329472568
188.0,0.4946809,0.0,0.1808511,0.1263158,0.9148936,0.0,0.7887324,0.0,0.0140845,0.0897436,0.0,0.971831,0.2307692,0.0,0.0,10.628641991731053
797.0,0.4780427,0.0,0.1932246,0.1394231,0.8619824,0.0,0.6987952,0.003012,0.0271084,0.0541311,0.0,1.0,0.2478632,0.0394737,0.6,10.468829770273567
203.0,0.5369458,0.0,0.2167488,0.1382979,0.8669951,0.0,0.6987952,0.0,0.0240964,0.0879121,0.0,1.0,0.1208791,0.1666667,0.6666667,9.615805480084347
513.0,0.4424951,0.0,0.2163743,0.1783217,0.8499025,0.0,0.6681614,0.0044843,0.0089686,0.097166,0.0,1.0,0.2510121,0.0416667,1.0,10.021315031649332
96.0,0.46875,0.03125,0.21875,0.1764706,0.875,0.0,0.6842105,0.0,0.0,0.2244898,0.0526316,1.0,0.4081633,0.0,1.0,9.61587214452889
3246.0,0.4775108,0.0052372,0.1558842,0.1002358,0.8595194,0.0006161,0.7113003,0.0069659,0.0479876,0.0617284,0.003096,0.9698142,0.3667393,0.1065375,0.3571429,10.50783084142058
9481.0,0.5011075,0.0146609,0.0812151,0.0672304,0.9004324,0.0050628,0.7952756,0.0097638,0.0544882,0.0343674,0.015748,0.9407874,0.2311436,0.1801802,0.4,11.237185138527495
843.0,0.5088968,0.0083037,0.1008304,0.057971,0.9098458,0.0,0.7867133,0.013986,0.027972,0.0434783,0.0104895,0.993007,0.187291,0.1395349,0.0,10.757924157061597
331.0,0.4864048,0.0,0.1812689,0.1294118,0.9003021,0.0,0.7716535,0.007874,0.015748,0.0155039,0.0,0.992126,0.2248062,0.0952381,0.0,10.085850775128717
24603.0,0.487908,0.009633,0.0780393,0.0498452,0.9295614,0.0067471,0.830307,0.0054866,0.0245591,0.0352867,0.0094056,0.9559765,0.2137366,0.130114,0.5407407,10.94024216782542
1396.0,0.487106,0.0,0.2141834,0.1326816,0.9118911,0.010745,0.8068182,0.0,0.0075758,0.0258303,0.0,0.9962121,0.0940959,0.1372549,0.6666667,10.998777662206932
220.0,0.4545455,0.0,0.1227273,0.1166667,0.9,0.0,0.7654321,0.0123457,0.0246914,0.0795455,0.0,1.0,0.2159091,0.125,1.0,10.142543822310387
1303.0,0.4650806,0.0,0.2578665,0.2080344,0.7774367,0.0322333,0.6143106,0.0034904,0.0418848,0.0875796,0.0,1.0,0.3407643,0.0457143,0.2857143,10.211009016314167
9443.0,0.4857566,0.0093191,0.1313142,0.07743,0.871651,0.0002118,0.7448198,0.005677,0.0681238,0.0278698,0.0048254,0.9804144,0.2124724,0.1175879,0.2413793,10.797553125151618
4699.0,0.4988295,0.2494148,0.0483082,0.0488323,0.8674186,0.0002128,0.7300292,0.0116618,0.0658892,0.1377577,0.2431487,0.9772595,0.4630468,0.0950745,0.4074074,10.87049040995193
1133.0,0.48985,0.0,0.1173875,0.0899654,0.9196823,0.0,0.778626,0.0,0.0101781,0.1068182,0.0,0.8040712,0.2840909,0.296875,1.0,9.83097062169695
244.0,0.5122951,0.0,0.2418033,0.1596639,0.8729508,0.0,0.7281553,0.0097087,0.0097087,0.112069,0.0,0.9805825,0.2586207,0.0,1.0,10.407318772389159
28844.0,0.4705658,0.3147275,0.1584385,0.1319494,0.7518028,0.0271114,0.5783224,0.0034529,0.0835439,0.0944173,0.2588007,0.9717029,0.4354027,0.0853401,0.4257426,11.524863917209606
13231.0,0.44169,0.0022674,0.7191444,0.224313,0.794271,0.0104301,0.6727126,0.0004031,0.0186753,0.2591818,0.0024184,0.9822652,0.4388375,0.0119522,0.4710425,11.088292827848269
4908.0,0.4580277,0.0075387,0.3031785,0.2022556,0.8351671,0.0209861,0.6826259,0.0029615,0.0222113,0.0637708,0.0069102,0.9871668,0.3738447,0.018732,0.7096774,11.428467189677395
24407.0,0.4792068,0.0107346,0.1359856,0.0775706,0.8634408,0.0106937,0.7510512,0.0012938,0.0590836,0.0574187,0.0085175,0.9836119,0.1087398,0.0633626,0.5033557,12.670752754955478
1447.0,0.4803041,0.0041465,0.2453352,0.0784574,0.9073946,0.0,0.808752,0.0016207,0.0243112,0.5750689,0.0016207,0.993517,0.09573,0.0,0.1923077,11.906999271191623
23146.0,0.4585242,0.3770414,0.1913938,0.1568659,0.8322388,0.0295947,0.6801703,0.0041494,0.021948,0.1081897,0.3185193,0.9963966,0.347843,0.1160171,0.7303371,10.261196961231647
2644.0,0.4534796,0.0098336,0.1739788,0.1612457,0.7651286,0.0578669,0.6345083,0.0009276,0.0612245,0.0502203,0.0120594,1.0,0.4061674,0.062201,0.4,10.65492722584759
1749.0,0.4757004,0.0,0.2178388,0.1494002,0.8724986,0.0,0.7226891,0.0084034,0.0238095,0.0338295,0.0,0.9985994,0.1488498,0.064,0.5,10.382853468483827
96.0,0.4583333,0.0104167,0.1770833,0.1538462,0.8541667,0.0,0.6285714,0.0,0.0285714,0.2222222,0.0285714,1.0,0.4,0.3333333,1.0,9.615805480084347
16.0,0.4375,0.0,0.1875,0.2222222,0.6875,0.0,0.5,0.0,0.125,0.6363636,0.0,1.0,0.5909091,0.0,0.0,9.615805480084347
7172.0,0.5005577,0.0094813,0.0877022,0.0460637,0.8577803,0.0,0.7194742,0.0027672,0.0650294,0.0766528,0.010377,0.9872017,0.3104439,0.0300752,0.1818182,12.07994804051962
6502.0,0.4377115,0.0016918,0.208705,0.1260941,0.7297755,0.0238388,0.5376448,0.001287,0.0460103,0.0807453,0.0028958,0.9176319,0.2670807,0.0213858,0.6375,11.429554725537322
22446.0,0.4668538,0.034661,0.1564644,0.1252611,0.8378776,0.00695,0.6740789,0.0040331,0.0456726,0.0542268,0.030303,0.9845215,0.3945361,0.0487728,0.4090909,10.712215345197256
413.0,0.4673123,0.3631961,0.1549637,0.1272727,0.8644068,0.0,0.6728395,0.0,0.0185185,0.1336898,0.2839506,1.0,0.3101604,0.1132075,0.0,9.792611856190192
23093.0,0.4981596,0.051141,0.1585762,0.1319355,0.8065215,0.0795046,0.7164486,0.0035126,0.0250727,0.164034,0.0469961,0.7726502,0.3620899,0.1307719,0.6308411,9.942756341456828
5643.0,0.4703172,0.5199362,0.1470849,0.1368351,0.8238526,0.0742513,0.7153285,0.0005214,0.0119917,0.0756627,0.4191867,0.9942649,0.2318072,0.1590414,0.7142857,10.110542371500753
1033.0,0.4956438,0.0764763,0.1413359,0.1228407,0.7521781,0.1858664,0.8256579,0.0032895,0.0296053,0.0674847,0.0559211,0.9967105,0.1932515,0.0652174,0.2,10.762170357789895
218.0,0.4678899,0.0,0.1651376,0.137931,0.8990826,0.0,0.75,0.0,0.0,0.1619048,0.0,0.9772727,0.3428571,0.0,1.0,9.770013301136158
1113.0,0.5058401,0.0035939,0.0467206,0.0163636,0.9739443,0.0,0.9335664,0.0034965,0.0174825,0.0434783,0.0034965,0.972028,0.1404682,0.3333333,1.0,11.03005541721757
20411.0,0.4912057,0.007496,0.10803,0.0865672,0.9167116,0.0046544,0.8128956,0.0017665,0.0372442,0.0253945,0.0070661,0.9779184,0.1446198,0.0705394,0.4333333,12.017940238399461
1616.0,0.4616337,0.0006188,0.1466584,0.1252874,0.8842822,0.0,0.7265501,0.0031797,0.0190779,0.0455235,0.0,1.0,0.2230653,0.137931,1.0,10.401258331428318
57.0,0.5438596,0.0,0.3333333,0.0,0.9122807,0.0,0.7826087,0.0,0.0,0.3235294,0.0,1.0,0.3235294,0.0,0.0,9.615805480084347
912.0,0.4868421,0.0405702,0.1589912,0.1175214,0.9002193,0.0,0.7657143,0.0,0.0257143,0.1071429,0.0485714,0.9942857,0.2984694,0.0729167,0.8,9.923339198238729
6850.0,0.4913869,0.0016058,0.1706569,0.1222732,0.8472993,0.0083212,0.688697,0.0067593,0.045813,0.0603387,0.000751,0.9834773,0.4255469,0.1407544,0.4137931,10.335302435967074
598.0,0.4632107,0.0,0.1421405,0.0965732,0.8812709,0.0301003,0.787037,0.0046296,0.0277778,0.0689655,0.0,0.9907407,0.2155172,0.0769231,0.5,10.021315031649332
1632.0,0.4852941,0.4767157,0.1280637,0.1357143,0.8823529,0.0,0.6916667,0.0016667,0.0116667,0.086758,0.46,0.995,0.456621,0.0958084,0.8,9.692828247710418
45.0,0.5555556,0.0,0.0888889,0.0,0.9555556,0.0,0.8823529,0.0,0.0,0.15,0.0,1.0,0.45,0.5,0.0,9.615805480084347
76095.0,0.5067481,0.0276234,0.0583218,0.0490222,0.9047112,0.0054011,0.7976589,0.0067726,0.0579431,0.098651,0.0286371,0.7690217,0.3560555,0.1909344,0.2305263,11.900233391293936
3232.0,0.4733911,0.0,0.1766708,0.1445358,0.8360149,0.0287748,0.686243,0.0024135,0.0321802,0.0304212,0.0,0.996782,0.3237129,0.0541311,0.3846154,10.879951039444416
351.0,0.4757835,0.0,0.2962963,0.1847826,0.8404558,0.0,0.6646341,0.0,0.0060976,0.1322751,0.0,1.0,0.2116402,0.0,1.0,9.615805480084347
3928.0,0.4933809,0.0020367,0.1387475,0.119598,0.8701629,0.023167,0.7440653,0.004451,0.0437685,0.0904184,0.0014837,0.9146884,0.3704453,0.1909548,0.6060606,10.31231367277647
29169.0,0.4784874,0.066269,0.1425143,0.1049829,0.8541602,0.0106277,0.703162,0.0014373,0.0325499,0.0645365,0.0588434,0.9931518,0.2613097,0.0238491,0.4565217,10.853232402669228
444.0,0.4684685,0.0022523,0.3355856,0.2372881,0.7747748,0.0720721,0.6514286,0.0057143,0.0342857,0.182243,0.0057143,0.9657143,0.2663551,0.1428571,0.75,9.61587214452889
334.0,0.505988,0.002994,0.1467066,0.030303,0.9341317,0.0,0.8507463,0.0,0.0149254,0.48659,0.0,0.9925373,0.4980843,0.0,1.0,10.823790225800138
2791.0,0.4432103,0.5893945,0.156933,0.1557272,0.8559656,0.0075242,0.6650295,0.0049116,0.0304519,0.078733,0.5166994,0.9921415,0.4244344,0.1096197,0.5555556,9.97119292889014
1509.0,0.4777999,0.0,0.2213386,0.1725888,0.8310139,0.0218688,0.6666667,0.0032362,0.0210356,0.2463415,0.0,0.8899676,0.4426829,0.1048951,0.92,9.69898173460629
2406.0,0.4950125,0.0407315,0.0685786,0.0584362,0.9019119,0.0,0.7915235,0.0057274,0.0492554,0.0622986,0.0332188,0.9908362,0.3329753,0.1061947,0.8888889,10.83370091325064
569.0,0.4973638,0.0,0.1564148,0.1363636,0.8787346,0.0,0.7272727,0.0090909,0.0181818,0.0833333,0.0,0.9909091,0.3541667,0.1206897,1.0,10.382853468483827
437.0,0.4713959,0.0251716,0.1029748,0.0995671,0.8901602,0.0,0.7385621,0.0130719,0.0326797,0.0613497,0.0261438,1.0,0.2208589,0.0566038,0.0,10.404293143019792
3389.0,0.5193272,0.0094423,0.0838005,0.0423573,0.8813809,0.0,0.7372515,0.0051858,0.0665514,0.1378539,0.008643,0.9222126,0.4031297,0.2101695,0.173913,11.097425172408931
1276.0,0.4561129,0.0047022,0.2742947,0.185879,0.8377743,0.0470219,0.7202381,0.0019841,0.0099206,0.2706223,0.0019841,0.890873,0.4341534,0.1583333,0.8461538,10.158168529848494
65608.0,0.4977594,0.0486526,0.0698848,0.0551121,0.5976558,0.1206865,0.5270673,0.002774,0.1850855,0.0532963,0.0476482,0.9745849,0.450701,0.037942,0.2392344,10.851296331126829
5902.0,0.4950864,0.0105049,0.1308031,0.090604,0.8454761,0.0235513,0.7202354,0.0122227,0.0466274,0.0679325,0.0027162,0.9502037,0.3438819,0.1167076,0.5,11.005444242454628
266406.0,0.5061147,0.0254499,0.0836768,0.0705003,0.8564146,0.0157054,0.7234439,0.0066562,0.0771795,0.0599826,0.0273439,0.7907019,0.4938021,0.1867086,0.2425197,12.100161978566867
1284.0,0.4626168,0.1121495,0.2009346,0.1710145,0.8800623,0.0,0.7067961,0.0,0.0038835,0.0933099,0.0970874,0.9825243,0.3292254,0.1233766,0.6666667,10.292179440058462
57.0,0.4736842,0.0,0.1578947,0.1666667,0.8947368,0.0,0.75,0.0,0.0,0.2727273,0.0,1.0,0.4545455,0.0,1.0,9.615805480084347
3845.0,0.449935,0.0764629,0.2218466,0.1952719,0.7440832,0.1105332,0.6491113,0.001975,0.0131666,0.0782767,0.0579329,0.9973667,0.3167476,0.0494071,0.45,10.211009016314167
9478.0,0.4825913,0.8329816,0.0386157,0.0460848,0.9074699,0.021207,0.7967853,0.0061232,0.039801,0.0460022,0.8561041,0.8603138,0.4855787,0.2773645,0.375,10.729875458480967
5503.0,0.4397601,0.5124478,0.1973469,0.18229,0.8319099,0.0272579,0.6767677,0.003214,0.0238751,0.0640309,0.4439853,0.9977043,0.3450795,0.1032064,0.625,10.404293143019792
432.0,0.5069444,0.0,0.1875,0.1126761,0.8796296,0.0,0.7341772,0.0063291,0.0506329,0.0424242,0.0,1.0,0.1636364,0.1111111,1.0,10.2328272702548
12906.0,0.4731133,0.0013947,0.1191694,0.0976471,0.8389121,0.0183636,0.6719336,0.0025676,0.0290342,0.0606679,0.0005925,0.9944697,0.380334,0.0591479,0.4693878,10.778977123006351
471.0,0.4883227,0.0063694,0.1953291,0.1078838,0.8386412,0.0,0.6736842,0.0105263,0.0421053,0.0594059,0.0052632,0.9947368,0.1881188,0.0909091,0.0,10.778977123006351
6993.0,0.4687545,0.3971114,0.1315601,0.1292059,0.8744459,0.02288,0.7369896,0.0016013,0.0168135,0.0778885,0.3454764,0.9979984,0.2868217,0.1207898,0.483871,10.568775236216993
1505.0,0.4810631,0.0006645,0.1754153,0.1472471,0.8139535,0.0019934,0.61875,0.0046875,0.0421875,0.0817791,0.0,0.96875,0.4476327,0.0964286,0.6923077,10.285376924115587
7209.0,0.4916077,0.4136496,0.0070745,0.0139154,0.7317242,0.0026356,0.5693632,0.0034423,0.1827883,0.1784502,0.3549053,0.9710843,0.6066176,0.0676552,0.5106383,10.891186902297498
12922.0,0.4697415,0.2449311,0.145024,0.1333917,0.8419749,0.0263117,0.6997593,0.0038107,0.032491,0.1129692,0.224629,0.9873646,0.3145348,0.0957079,0.5130435,10.5610334618531
321.0,0.4610592,0.0,0.1931464,0.1560694,0.8099688,0.0,0.620438,0.0072993,0.0437956,0.1490683,0.0,0.9635036,0.4037267,0.1,1.0,9.918425424900335
2508.0,0.4716906,0.2492026,0.1726475,0.1788679,0.8556619,0.0570175,0.7620773,0.0036232,0.0169082,0.0871003,0.1956522,0.9963768,0.2723264,0.1674641,0.4615385,10.318935994253193
1186.0,0.46543,0.039629,0.1998314,0.1561514,0.8625632,0.0,0.7037773,0.0019881,0.0238569,0.0854545,0.0397614,0.9960239,0.2672727,0.080292,0.0,10.465984899076615
18711.0,0.4989044,0.0031532,0.0720432,0.0449019,0.9319117,0.0003741,0.8381295,0.0047417,0.0351537,0.0219095,0.0029431,0.984467,0.1495282,0.1857394,0.1081081,11.362114203075018
4818.0,0.4863014,0.0367372,0.1085513,0.0690909,0.8675799,0.0,0.7205313,0.002767,0.0531267,0.0248246,0.0304372,0.9734366,0.1748516,0.1459227,0.1,11.267037714175425
392.0,0.494898,0.0,0.1785714,0.1565657,0.8622449,0.0,0.6987179,0.0064103,0.0320513,0.1284916,0.0,1.0,0.5251397,0.1578947,1.0,9.615805480084347
384.0,0.484375,0.0,0.1979167,0.1616162,0.8489583,0.0,0.6470588,0.0065359,0.0130719,0.0555556,0.0,0.9934641,0.2222222,0.106383,0.75,9.787009914477434
139.0,0.4748201,0.0,0.1438849,0.1232877,0.8920863,0.0,0.7333333,0.0,0.0666667,0.1176471,0.0,1.0,0.4509804,0.2857143,1.0,9.615805480084347
1199.0,0.4628857,0.0,0.2602168,0.1909938,0.8298582,0.0458716,0.6937901,0.0,0.0107066,0.0641283,0.0,0.9828694,0.2164329,0.1643836,1.0,10.348205424565993
1312.0,0.4931402,0.0152439,0.0632622,0.0736842,0.8765244,0.0,0.7264957,0.0042735,0.0619658,0.0564516,0.0042735,0.9957265,0.3689516,0.1282051,0.5,10.916923143796645
365.0,0.4931507,0.3452055,0.2931507,0.2162162,0.8356164,0.0,0.6832298,0.0062112,0.0310559,0.2907489,0.2795031,1.0,0.1982379,0.0,1.0,10.268165387743457
3482.0,0.4959793,0.0031591,0.0505457,0.0535613,0.8541068,0.0086157,0.703271,0.0070093,0.0615265,0.1205479,0.0038941,0.9859813,0.3890411,0.0614525,0.8787879,11.127277689932466
1323.0,0.4527589,0.5918367,0.1625094,0.1477901,0.866969,0.0,0.6659664,0.0042017,0.0252101,0.15,0.5189076,0.9978992,0.2696429,0.1276596,0.875,10.102379394048045
1043.0,0.4803452,0.0095877,0.1447747,0.0774908,0.8638543,0.0479386,0.7839335,0.0027701,0.033241,0.0347594,0.0027701,0.9972299,0.1818182,0.106383,0.0,11.052491896264268
784.0,0.5038265,0.0,0.1058673,0.0848329,0.9119898,0.0089286,0.7929688,0.0039062,0.03125,0.1141869,0.0,1.0,0.1937716,0.1666667,1.0,10.573903321093981
1088.0,0.4889706,0.0128676,0.0974265,0.0953237,0.8952206,0.0064338,0.7664975,0.0025381,0.035533,0.199187,0.0126904,0.9213198,0.3902439,0.1728395,0.5,9.933094897288786
1225.0,0.4514286,0.0032653,0.1477551,0.1205357,0.8669388,0.0,0.6960986,0.0020534,0.026694,0.0562016,0.0020534,0.9897331,0.3449612,0.0921986,0.25,10.292179440058462
9714.0,0.4951616,0.0013383,0.0796788,0.0636215,0.8627754,0.0149269,0.7454187,0.0050747,0.0662532,0.0284853,0.0008458,0.9971807,0.3253903,0.0376603,0.4210526,10.900454637442037
2526.0,0.4885194,0.0007918,0.1650831,0.1075851,0.8384798,0.0217736,0.6970297,0.0079208,0.0316832,0.1179039,0.0009901,0.980198,0.3362445,0.1111111,0.5217391,10.410335274932896
562.0,0.4875445,0.0,0.2117438,0.1215278,0.886121,0.0,0.7377778,0.0088889,0.0177778,0.137931,0.0,1.0,0.4137931,0.1428571,0.3333333,9.642187721358466
3585.0,0.5009763,0.0002789,0.1280335,0.0642817,0.9057183,0.0,0.8015625,0.0101563,0.0390625,0.0397599,0.0007813,0.9882812,0.3435859,0.1410658,0.0833333,10.537441898283253
8717.0,0.4839968,0.0021796,0.172307,0.1271676,0.867615,0.0013766,0.7134217,0.0046083,0.0325461,0.0288112,0.0023041,0.9948157,0.193007,0.0458284,0.4666667,11.071330462204312
10088.0,0.4879064,0.2432593,0.0628469,0.0507162,0.9191118,0.0025773,0.8076813,0.0042992,0.0240757,0.1448529,0.2032101,0.9908283,0.2610294,0.1498638,0.6568627,10.640675541671662
211.0,0.478673,0.0,0.1327014,0.1363636,0.8672986,0.0,0.7088608,0.0,0.0632911,0.2330097,0.0,1.0,0.3009709,0.25,0.6666667,9.70509758756311
148.0,0.4662162,0.0472973,0.0608108,0.1012658,0.9324324,0.0,0.8,0.0,0.0,0.2647059,0.08,1.0,0.2794118,0.1666667,0.5,10.221977646629885
93.0,0.5591398,0.0,0.1075269,0.0487805,0.9247312,0.0,0.8,0.0,0.0,0.2045455,0.0,1.0,0.3181818,0.1666667,1.0,9.787009914477434
7211.0,0.4934128,0.0477049,0.1669671,0.0676157,0.8961309,0.0,0.793091,0.0086362,0.0485786,0.1023902,0.0392227,0.9884851,0.2567829,0.0995025,0.4090909,10.943781931879723
2064.0,0.4641473,0.0150194,0.2180233,0.1546112,0.8614341,0.0169574,0.7246544,0.0011521,0.0126728,0.0616216,0.0138249,1.0,0.1924324,0.0672646,0.4615385,10.63106031411106
774.0,0.4870801,0.001292,0.2080103,0.1536524,0.8578811,0.0,0.6886792,0.0062893,0.0220126,0.0363636,0.0,0.990566,0.2727273,0.0333333,0.0,9.933094897288786
115.0,0.5565217,0.0,0.0956522,0.0980392,0.8347826,0.0,0.6428571,0.0238095,0.047619,0.0,0.0,1.0,0.2619048,0.125,0.0,9.615805480084347
290.0,0.4862069,0.0034483,0.1206897,0.0939597,0.8655172,0.0,0.7166667,0.0,0.0416667,0.1304348,0.0083333,0.9833333,0.3188406,0.08,0.2,10.351405324899678
869.0,0.4844649,0.0,0.1576525,0.1294643,0.8952819,0.0,0.7477745,0.0029674,0.0118694,0.1314433,0.0,0.9910979,0.378866,0.1298701,0.5,9.758519582283522
761.0,0.4809461,0.0,0.1826544,0.156962,0.8501971,0.0,0.6699346,0.0065359,0.0294118,0.1,0.0,1.0,0.2529412,0.0813953,1.0,10.034559673629849
988.0,0.4949393,0.0040486,0.1062753,0.0701403,0.9342105,0.0,0.7987013,0.0,0.0064935,0.1348315,0.0,0.5292208,0.2668539,0.1641791,0.5714286,10.165890277802454
842.0,0.45962,0.0,0.1912114,0.1736264,0.824228,0.0,0.6351351,0.0081081,0.0216216,0.08867,0.0,1.0,0.4408867,0.0693069,0.5,9.746892220313054
824.0,0.4987864,0.0084951,0.1031553,0.0532688,0.9417476,0.0,0.8624535,0.0037175,0.0223048,0.0358423,0.0037175,0.9962825,0.0716846,0.1612903,0.0,11.020283511637867
8715.0,0.4792886,0.2237522,0.0940906,0.0857206,0.8888124,0.0002295,0.7450617,0.004321,0.0361111,0.1178873,0.2070988,0.992284,0.3991288,0.1218045,0.704918,10.268165387743457
1188.0,0.4949495,0.006734,0.1271044,0.09,0.8973064,0.0,0.7846154,0.0131868,0.0417582,0.0151515,0.0087912,1.0,0.3484848,0.036036,0.0,10.725489582719506
569.0,0.5114236,0.0105448,0.0984183,0.0539568,0.9050967,0.0,0.7475248,0.0,0.0148515,0.1652893,0.009901,0.3910891,0.5041322,0.1333333,0.5,9.729193687429403
1098.0,0.4562842,0.6885246,0.1284153,0.1356784,0.8998179,0.0,0.7185792,0.0054645,0.0163934,0.1073171,0.5874317,1.0,0.3317073,0.2465753,1.0,9.918425424900335
1078.0,0.4944341,0.0018553,0.1437848,0.0678899,0.8571429,0.0,0.7156627,0.0048193,0.0650602,0.037123,0.0024096,0.9975904,0.4037123,0.1290323,0.0,11.12285622984002
20908.0,0.4489191,0.5897742,0.1863402,0.1558757,0.8288215,0.015353,0.6388486,0.0013304,0.0284228,0.1061622,0.5179003,0.9963716,0.3882162,0.1188792,0.4469697,10.25769445336048
23928.0,0.4824473,0.1096623,0.1146356,0.0880168,0.8836092,0.0040538,0.742739,0.0030458,0.0278473,0.146663,0.0894159,0.9796584,0.3084563,0.1236413,0.6463415,10.416341118636355
2706.0,0.4545455,0.0003695,0.2161863,0.1836043,0.8178123,0.0280857,0.6579439,0.0056075,0.0345794,0.0622261,0.0009346,0.9971963,0.2857143,0.0746269,0.75,10.118639253920785
4486.0,0.4447169,0.0002229,0.243424,0.1995183,0.8040571,0.0231832,0.6314977,0.0041173,0.0247041,0.0856471,0.0,0.9948533,0.4254118,0.0793451,0.34375,9.966509298952284
147.0,0.4761905,0.0,0.1428571,0.0779221,0.9387755,0.0,0.8301887,0.0,0.0,0.1587302,0.0,1.0,0.1746032,0.1818182,1.0,9.615805480084347
2543.0,0.4671648,0.0412898,0.2017302,0.1697417,0.8289422,0.0290995,0.6784661,0.0058997,0.0235988,0.1194805,0.0373648,0.9882006,0.3792208,0.0766962,0.5625,9.873079890114703
96.0,0.53125,0.0208333,0.0729167,0.0222222,0.9375,0.0,0.8387097,0.0,0.0322581,0.2051282,0.0322581,1.0,0.1538462,0.0,1.0,10.463131911491967
77671.0,0.488844,0.0127718,0.1389064,0.0925898,0.838318,0.0323544,0.7142961,0.0044506,0.0581829,0.0389805,0.0075985,0.69653,0.4014187,0.1338697,0.3031915,12.042971193457888
244.0,0.4877049,0.0,0.2008197,0.136,0.8360656,0.0,0.6695652,0.0,0.0173913,0.1666667,0.0,0.9652174,0.4637681,0.0333333,0.6666667,10.545367754151743
1404.0,0.4672365,0.0548433,0.1260684,0.078877,0.9059829,0.0,0.7801147,0.0,0.0267686,0.040367,0.042065,0.9942639,0.2440367,0.1428571,0.6666667,10.659633006160352
70.0,0.5857143,0.0,0.0571429,0.0344828,0.8428571,0.0857143,0.8095238,0.0,0.047619,0.3,0.0,1.0,0.4666667,0.1666667,1.0,9.69898173460629
4108.0,0.4427945,0.1521422,0.2103213,0.1965924,0.8317916,0.0406524,0.6957908,0.0031888,0.0210459,0.0904872,0.130102,0.994898,0.3184455,0.1119843,0.6521739,10.389026137075234
1493.0,0.4393838,0.0060281,0.2277294,0.2066906,0.7823175,0.0475553,0.6396256,0.0062402,0.0265211,0.0642336,0.0046802,0.9968799,0.3343066,0.0829268,0.5,10.322230781590136
812.0,0.4704433,0.591133,0.1243842,0.1186047,0.8891626,0.0283251,0.7735192,0.0,0.0069686,0.1141975,0.5365854,1.0,0.3487654,0.0967742,1.0,10.106469212026385
23308.0,0.4676935,0.0153166,0.1388365,0.0800355,0.7908872,0.1076454,0.74892,0.0015709,0.0449012,0.0432114,0.0030109,0.9677968,0.2927104,0.0532159,0.35,12.6410997921206
5495.0,0.4826206,0.0065514,0.155778,0.099191,0.8644222,0.0,0.7087199,0.0009276,0.0477737,0.0477032,0.0055659,0.9925788,0.2460247,0.0397924,0.3,11.96655196818541
2686.0,0.4545793,0.0960536,0.2360387,0.1863481,0.7952345,0.0685034,0.6901018,0.0037003,0.0231267,0.0672994,0.093432,0.9972248,0.2890423,0.0512821,0.25,10.33854382482173
4025.0,0.4976398,0.0004969,0.0665839,0.0519288,0.9398758,0.009441,0.8451557,0.0034602,0.0147059,0.231383,0.0008651,0.8961938,0.2493351,0.2222222,0.8292683,10.87049040995193
3404.0,0.5070505,0.0311398,0.0922444,0.0637664,0.9268508,0.0,0.817953,0.0016779,0.022651,0.0340357,0.0327181,0.9949664,0.1823339,0.0955056,0.3846154,10.898607948952096
4862.0,0.4884821,0.0310572,0.0931715,0.0683554,0.8630193,0.0,0.720679,0.0036008,0.0540123,0.0433071,0.0288066,0.9933128,0.2470472,0.024911,0.2857143,11.079076314320059
2276.0,0.473638,0.1524605,0.1928822,0.1277129,0.8646749,0.0,0.7119387,0.0087623,0.0306681,0.0664622,0.1182913,0.9978094,0.1912065,0.1217712,0.4,10.351405324899678
744.0,0.4973118,0.0080645,0.0577957,0.0695187,0.9260753,0.0,0.7397959,0.005102,0.0153061,0.1009174,0.005102,0.994898,0.6376147,0.4015152,0.5,9.615805480084347
7589.0,0.499407,0.0117275,0.0585057,0.0271124,0.9308209,0.0010542,0.8410927,0.0034629,0.0303963,0.0327503,0.0103886,0.9846095,0.0911798,0.0684597,0.2,12.123782831670258
918.0,0.4411765,0.0185185,0.2461874,0.245614,0.8061002,0.0,0.6164706,0.0070588,0.0282353,0.1237113,0.0188235,1.0,0.356701,0.0409836,0.75,9.989711119284745
282.0,0.4858156,0.0602837,0.2446809,0.2,0.8758865,0.0,0.7355372,0.0,0.0247934,0.0970149,0.0413223,0.9917355,0.1716418,0.125,0.6666667,10.933124826700707
2989.0,0.4680495,0.0003346,0.1398461,0.1163522,0.8434259,0.0056875,0.6861747,0.0084818,0.0568278,0.0853375,0.0,0.9966073,0.3568658,0.057072,0.3636364,10.957817003758691
628.0,0.6592357,0.0318471,0.0159236,0.0140187,0.5907643,0.3630573,0.8,0.0,0.0148148,0.2458101,0.0074074,0.9851852,0.3575419,0.2,1.0,10.785207543360087
337.0,0.4866469,0.0237389,0.1780415,0.0924855,0.8694362,0.0,0.7014925,0.0,0.0298507,0.0694444,0.0223881,1.0,0.3055556,0.025641,1.0,9.686636660844938
1373.0,0.4690459,0.0072833,0.2134013,0.1742112,0.8397669,0.0568099,0.7350598,0.001992,0.0139442,0.0822669,0.0079681,0.8525896,0.308958,0.1595745,0.8,10.295563423525277
208.0,0.4663462,0.0,0.1875,0.1351351,0.8605769,0.0,0.6746988,0.0120482,0.0120482,0.0235294,0.0,1.0,0.0705882,0.2,0.0,10.328787967145063
5199.0,0.4837469,0.0478938,0.141758,0.0991058,0.9053664,0.0,0.7775457,0.0020888,0.0281984,0.0425,0.0475196,0.9953003,0.1425,0.0990099,0.1875,10.747229096720554
140.0,0.5142857,0.0,0.0714286,0.0735294,0.9142857,0.0,0.7692308,0.0,0.0,0.1186441,0.0,1.0,0.3050847,0.0,0.0,10.177362240256695
2124.0,0.5009416,0.0009416,0.0951036,0.0603774,0.9322034,0.0,0.8358413,0.0068399,0.0218878,0.0368906,0.0,0.998632,0.2121212,0.1156069,0.25,10.633472802314019
126.0,0.5714286,0.0,0.1825397,0.1111111,0.8888889,0.0,0.7111111,0.0,0.0222222,0.494382,0.0,0.9777778,0.258427,0.0,0.0,10.566201298475118
177.0,0.4971751,0.0,0.1694915,0.1235955,0.8700565,0.0,0.739726,0.0,0.0273973,0.0875,0.0,1.0,0.175,0.0,0.0,9.615805480084347
1718.0,0.4796275,0.0040745,0.1763679,0.1364653,0.8259604,0.0,0.6316527,0.0042017,0.0378151,0.0441767,0.0,0.9915966,0.4082999,0.0415335,0.4,11.214532906153606
2710.0,0.4501845,0.6837638,0.1151292,0.0926174,0.898893,0.0,0.75,0.0030738,0.0245902,0.0633397,0.5983607,0.994877,0.1804223,0.085,0.3703704,10.776891660007811
1087.0,0.4673413,0.2161914,0.1913523,0.1727116,0.8914443,0.0036799,0.7347932,0.0,0.0121655,0.0680272,0.1484185,0.9951338,0.2131519,0.1358025,0.4,10.344995251991222
1288.0,0.5201863,0.2368012,0.0031056,0.0064725,0.9906832,0.0,0.9709302,0.0,0.005814,0.0086455,0.2325581,0.9651163,0.3804035,0.2266667,1.0,9.615805480084347
2418.0,0.5,0.0,0.0616212,0.044665,0.9602978,0.0,0.8639053,0.0014793,0.0044379,0.1560549,0.0,0.9718935,0.2808989,0.2727273,0.5789474,10.874285408908944
1659.0,0.5069319,0.0072333,0.0880048,0.096577,0.9318867,0.0,0.8230912,0.0037244,0.0167598,0.0789022,0.009311,0.9068901,0.2830189,0.2211538,0.6666667,10.494075844768336
672.0,0.4776786,0.0044643,0.2217262,0.1225071,0.8779762,0.0,0.7318841,0.0036232,0.0253623,0.0482759,0.0,0.9963768,0.1965517,0.0384615,0.25,10.236417809461043
1097.0,0.4658159,0.0027347,0.1814038,0.1569966,0.8824066,0.0,0.7125307,0.004914,0.017199,0.0955556,0.0,0.995086,0.06,0.2708333,0.8,9.615805480084347
11235.0,0.4906987,0.0188696,0.1470405,0.0990912,0.835158,0.0204717,0.6838201,0.0074177,0.0456653,0.0692557,0.0238758,0.8646268,0.3777778,0.0928793,0.5866667,10.596659732783579
2401.0,0.4718867,0.0099958,0.1574344,0.1317035,0.8771345,0.0004165,0.72103,0.0053648,0.0203863,0.0844794,0.0075107,0.9967811,0.3359528,0.1268657,0.5,10.422311107413181
780.0,0.4948718,0.0,0.1166667,0.0786802,0.9346154,0.0,0.823741,0.0,0.0071942,0.0413793,0.0,1.0,0.1551724,0.03125,0.0,10.751520856703959
520.0,0.4769231,0.0,0.1673077,0.1213235,0.8884615,0.0,0.7074468,0.0,0.0159574,0.0259067,0.0,0.9946809,0.2072539,0.0588235,0.0,10.568775236216993
1818.0,0.4636964,0.0044004,0.2546755,0.1517949,0.8008801,0.0220022,0.6335878,0.0038168,0.0381679,0.1400438,0.0050891,0.8829517,0.5,0.0748503,0.8076923,11.06977406588073
10753.0,0.4910258,0.0128336,0.1838557,0.1598758,0.7997768,0.0561704,0.6747299,0.0051667,0.0263034,0.0779558,0.0049319,0.9875528,0.3215678,0.0789866,0.5909091,10.236417809461043
1788.0,0.4697987,0.1096197,0.2645414,0.193038,0.8294183,0.0201342,0.6535326,0.0040761,0.0095109,0.2550607,0.076087,0.892663,0.4018219,0.1269841,0.75,9.615805480084347
292.0,0.4931507,0.0,0.1267123,0.1216216,0.9109589,0.0,0.7641509,0.0,0.009434,0.171875,0.0,1.0,0.3515625,0.0645161,0.75,9.928228944424575
723.0,0.439834,0.0,0.2766252,0.254321,0.7593361,0.0691563,0.630137,0.0068493,0.0376712,0.0550162,0.0,0.9965753,0.2200647,0.1304348,0.6666667,9.966509298952284
846.0,0.4361702,0.0,0.2671395,0.2327044,0.7588652,0.072104,0.6239316,0.002849,0.025641,0.0930233,0.0,1.0,0.4263566,0.0571429,0.8,10.177362240256695
244.0,0.4959016,0.0,0.1598361,0.1219512,0.9057377,0.0,0.7444444,0.0,0.0,0.1262136,0.0,0.8,0.1650485,0.3125,0.0,10.142543822310387
196.0,0.4336735,0.0255102,0.2295918,0.1801802,0.8622449,0.0,0.6923077,0.0128205,0.025641,0.0823529,0.025641,1.0,0.2352941,0.1666667,1.0,9.923339198238729
259.0,0.4131274,0.027027,0.3513514,0.1644737,0.7335907,0.0,0.537415,0.0068027,0.0068027,0.0636943,0.0272109,1.0,0.3375796,0.0208333,0.0,11.2922912626048
3377.0,0.4888955,0.0026651,0.2330471,0.0903824,0.8169973,0.0094759,0.695825,0.0026508,0.072896,0.4839261,0.0039761,0.9814447,0.4651163,0.0443925,0.6526316,11.203692838488003
6950.0,0.4788489,0.0336691,0.057554,0.0342352,0.6227338,0.2374101,0.7238205,0.0040276,0.1398159,0.0492341,0.0178366,0.9884925,0.3610503,0.0635838,0.375,10.993748398115178
7153.0,0.4431707,0.6648958,0.1342094,0.1453678,0.8927723,0.0025164,0.7352587,0.0024067,0.0276775,0.0834559,0.5860409,0.9979944,0.2757353,0.1653718,0.7222222,10.425282789490705
573.0,0.4921466,0.0,0.078534,0.0549828,0.91274,0.0,0.8186275,0.0,0.0490196,0.0727273,0.0,1.0,0.0409091,0.0,0.25,12.008237370904832
2950.0,0.4986441,0.0057627,0.0644068,0.0432725,0.9223729,0.0247458,0.8549223,0.0020725,0.011399,0.0426587,0.0020725,0.9937824,0.1696429,0.0777778,0.6,10.781058245898533
69961.0,0.4961907,0.0165807,0.1304155,0.0987318,0.7714727,0.0241849,0.6116322,0.0087869,0.0868928,0.0687125,0.0136337,0.9785557,0.4806949,0.0719729,0.2317073,11.247670025080003
1713.0,0.3934618,0.0005838,0.3660245,0.3099134,0.6672504,0.17338,0.6037736,0.004717,0.0204403,0.0535714,0.0,0.9984277,0.3720238,0.0241379,0.25,10.774801838762809
1158.0,0.4490501,0.0034542,0.1701209,0.1285266,0.8523316,0.0,0.6836518,0.0084926,0.0318471,0.0598802,0.0063694,0.9787686,0.2694611,0.077381,1.0,10.298935994257638
98.0,0.4387755,0.0,0.2346939,0.1636364,0.8367347,0.0,0.627907,0.0,0.0,0.1886792,0.0,0.9767442,0.2641509,0.0,0.0,9.615805480084347
13651.0,0.4902938,0.0342099,0.0759651,0.0576315,0.9167827,0.0039558,0.8115129,0.0016625,0.0307564,0.0971857,0.0311721,0.9925187,0.2166979,0.0537057,0.2269939,11.37826200322577
110.0,0.5181818,0.0,0.1363636,0.1320755,0.8,0.0,0.6222222,0.0,0.0888889,0.0217391,0.0,1.0,0.2608696,0.25,0.0,10.354595018522993
241.0,0.5186722,0.0,0.2074689,0.1293103,0.8713693,0.0,0.7272727,0.020202,0.030303,0.1081081,0.0,1.0,0.1171171,0.0714286,0.75,9.723223876851618
3074.0,0.4876383,0.0009759,0.1502928,0.087619,0.9085882,0.0,0.7929855,0.0034217,0.0265184,0.0217573,0.0008554,0.9965783,0.1631799,0.0864865,0.6666667,11.03973275601109
3708.0,0.4803128,0.0045847,0.1831176,0.1276596,0.8805286,0.0091694,0.7456376,0.0013423,0.0154362,0.0368455,0.0040268,0.9993289,0.2197802,0.0562771,0.4444444,10.502351525774941
118.0,0.4576271,0.0,0.1694915,0.140625,0.8813559,0.0,0.6904762,0.0,0.0238095,0.0666667,0.0,1.0,0.1333333,0.3333333,1.0,10.158168529848494
112301.0,0.4748488,0.0144878,0.1437921,0.103671,0.8471608,0.009154,0.6962182,0.0048762,0.0424739,0.0609175,0.0123781,0.9856582,0.2945381,0.0676283,0.4234592,10.67130147767883
81.0,0.4567901,0.0,0.3950617,0.25,0.8271605,0.0,0.6585366,0.0,0.0,0.3278689,0.0,0.9756098,0.2786885,0.125,0.0,10.53212287826962
1564.0,0.4820972,0.0012788,0.2877238,0.2197531,0.7538363,0.0569054,0.5924242,0.0106061,0.030303,0.0858726,0.0,0.9984848,0.365651,0.05,0.75,10.114599007626499
617.0,0.4943274,0.0,0.1620746,0.1282051,0.8784441,0.0,0.7037037,0.0,0.0123457,0.1473684,0.0,0.9876543,0.3473684,0.0615385,0.5,9.615805480084347
2889.0,0.4755971,0.0730357,0.142956,0.1313531,0.7916234,0.0235376,0.6331658,0.001675,0.0703518,0.1015801,0.0686767,0.9731993,0.4951091,0.0606509,0.6666667,11.614588152079595
7076.0,0.4804975,0.0319389,0.1242227,0.0791621,0.911108,0.0072075,0.799177,0.0012346,0.0251029,0.0161943,0.0279835,0.9790123,0.0898785,0.1090909,0.5789474,12.166296978418426
283.0,0.5618375,0.0141343,0.0989399,0.0967742,0.8975265,0.0,0.7669903,0.0,0.0291262,0.0283019,0.0097087,1.0,0.1886792,0.2352941,0.0,10.376642461280849
339.0,0.480826,0.0,0.1386431,0.0852273,0.9026549,0.0,0.7622951,0.0081967,0.0245902,0.046875,0.0,1.0,0.0625,0.2,0.0,10.034559673629849
8411.0,0.4711687,0.015456,0.1849958,0.1501799,0.8387825,0.0203305,0.6758193,0.0029525,0.0200768,0.0977624,0.0147623,0.9462651,0.301545,0.0871249,0.6025641,10.154285180632154
138.0,0.4855072,0.0,0.2826087,0.1690141,0.826087,0.0,0.6307692,0.0,0.0,0.2613636,0.0,0.9846154,0.5113636,0.0,0.0,9.615805480084347
19279.0,0.4721718,0.029514,0.1582551,0.1083923,0.8117122,0.0221485,0.6613572,0.006993,0.0595701,0.0444252,0.026936,0.9716395,0.3928969,0.0640355,0.2727273,11.010415172807951
457.0,0.5098468,0.0,0.1487965,0.1071429,0.7986871,0.0,0.6473684,0.0,0.0894737,0.0776699,0.0,0.9947368,0.2572816,0.0566038,1.0,11.049317340813348
504.0,0.5,0.0,0.2619048,0.1904762,0.7440476,0.0813492,0.5989583,0.015625,0.0364583,0.1351351,0.0,0.9947917,0.2657658,0.0384615,1.0,9.61587214452889
489.0,0.4621677,0.0,0.0981595,0.0988593,0.8220859,0.0102249,0.6491228,0.0233918,0.0818713,0.0706522,0.0,1.0,0.4184783,0.2753623,0.0,9.615805480084347
8454.0,0.4714928,0.0039035,0.1776674,0.1309311,0.8058907,0.06423,0.6865104,0.0022166,0.0281824,0.0371951,0.00095,0.9984167,0.2871951,0.0547046,0.3913043,10.635879484421974
15013.0,0.4955039,0.0049957,0.0509558,0.0377608,0.8513288,0.0001332,0.7085744,0.004559,0.080484,0.0456827,0.0054357,0.9814133,0.3448795,0.0582011,0.1,11.31204474745499
5455.0,0.4828598,0.0021998,0.1495875,0.112017,0.8626948,0.0179652,0.7043257,0.0030534,0.0274809,0.0770315,0.0015267,0.8122137,0.409582,0.178626,0.5,10.254179634797001
3021.0,0.4197286,0.0023171,0.224429,0.1876783,0.7689507,0.0556107,0.6216436,0.002441,0.0414972,0.0821509,0.0008137,0.9959317,0.3696789,0.0697248,0.1,10.491301994830229
1017.0,0.4660767,0.0009833,0.1425762,0.1049724,0.8829892,0.0,0.7335025,0.0101523,0.0253807,0.0983982,0.0025381,0.9974619,0.208238,0.0520833,0.375,10.158168529848494
6831.0,0.4703557,0.0200556,0.1639584,0.1362631,0.8514127,0.0152247,0.6935065,0.0018553,0.0241187,0.1482301,0.0185529,0.5747681,0.4181416,0.0795848,0.6020408,10.003378135350923
564.0,0.4202128,0.0,0.3280142,0.2905199,0.6879433,0.1755319,0.6543779,0.0,0.0092166,0.132,0.0,0.9907834,0.512,0.1022727,0.8,10.451637862362272
293.0,0.4846416,0.0170648,0.112628,0.0993377,0.8600683,0.0102389,0.7053571,0.0178571,0.0267857,0.0508475,0.0089286,1.0,0.3220339,0.0727273,0.5,10.63106031411106
331.0,0.4803625,0.0,0.1903323,0.1337209,0.8549849,0.0,0.6764706,0.0,0.0294118,0.1168831,0.0,1.0,0.2662338,0.09375,1.0,9.741027444837728
246.0,0.4837398,0.0,0.1056911,0.0629921,0.9268293,0.0,0.8,0.0,0.0,0.0322581,0.0,0.9777778,0.1397849,0.2105263,0.0,10.33854382482173
101.0,0.5643564,0.0,0.2574257,0.1363636,0.7227723,0.0,0.4375,0.0,0.0208333,0.3142857,0.0,1.0,0.5142857,0.1176471,1.0,9.615805480084347
3037.0,0.4669081,0.0095489,0.1712216,0.1470043,0.8327297,0.0273296,0.6731583,0.0016935,0.0220152,0.0634417,0.0084674,0.9991533,0.2712133,0.1062802,0.6153846,10.192456296870509
1571.0,0.4844048,0.059198,0.214513,0.1617284,0.7943985,0.0,0.6129944,0.0042373,0.0522599,0.7150905,0.0423729,0.9731638,0.4064386,0.0490196,0.8181818,12.061630518155123
407.0,0.4668305,0.0,0.2309582,0.1889401,0.7985258,0.0515971,0.68,0.0,0.0285714,0.4006849,0.0,1.0,0.3869863,0.0,0.6,10.102379394048045
7510.0,0.5073236,0.0109188,0.0283622,0.0154054,0.9330226,0.0067909,0.8675283,0.003231,0.0391761,0.0432767,0.0121163,0.9729402,0.0312983,0.1708861,0.6,11.388506711556236
254.0,0.484252,0.0,0.1614173,0.1145038,0.9173228,0.0,0.8,0.0,0.0210526,0.1037736,0.0,1.0,0.4245283,0.04,0.5,9.615805480084347
170.0,0.4823529,0.0,0.2352941,0.1818182,0.7529412,0.0,0.5,0.0,0.0384615,0.0714286,0.0,1.0,0.4047619,0.08,0.0,9.615805480084347
4997.0,0.460076,0.3530118,0.168301,0.158636,0.8599159,0.0242145,0.7186992,0.004336,0.0254743,0.0991211,0.3252033,0.995122,0.2973633,0.1055118,0.7027027,10.188704088048116
1001.0,0.4465534,0.0,0.3526474,0.2472924,0.7572428,0.0529471,0.589011,0.0021978,0.0043956,0.1366224,0.0,0.9978022,0.2941176,0.0560748,0.8333333,9.615805480084347
22097.0,0.4590668,0.0327194,0.1467167,0.1129424,0.7531339,0.1163959,0.6789678,0.0050809,0.0480011,0.0462892,0.0233989,0.8966439,0.3569243,0.10528,0.3939394,10.379752786950895
8272.0,0.4734043,0.0091876,0.1358801,0.0817264,0.7749033,0.0,0.6306961,0.0025161,0.1151803,0.0376648,0.008946,0.969248,0.2432069,0.0423183,0.483871,12.564100174313463
313.0,0.485623,0.9297125,0.0830671,0.1180124,0.9361022,0.0,0.7951807,0.0,0.0361446,0.2095238,0.8433735,1.0,0.4666667,0.2916667,0.0,9.615805480084347
1330.0,0.4631579,0.0165414,0.1631579,0.1316527,0.8714286,0.0,0.6966068,0.001996,0.0239521,0.1465077,0.005988,0.9840319,0.3015332,0.1530055,0.75,10.5815464756746
12.0,0.5,0.0,0.1666667,0.1666667,0.75,0.0,0.6666667,0.0,0.1666667,0.0,0.0,1.0,0.0,0.0,0.0,9.615805480084347
277.0,0.4909747,0.0,0.1407942,0.0425532,0.8519856,0.0,0.6694915,0.0,0.0169492,0.1060606,0.0,0.9915254,0.2878788,0.09375,0.5,10.468829770273567
529.0,0.4725898,0.0018904,0.1398866,0.1003584,0.8544423,0.0,0.6919431,0.0047393,0.0521327,0.0663717,0.0047393,0.985782,0.4026549,0.0545455,0.5,9.852246888342531
3710.0,0.4846361,0.0005391,0.177628,0.1093096,0.8994609,0.0107817,0.7602201,0.0031447,0.0133648,0.0862069,0.0007862,0.9889937,0.2377874,0.1580645,0.5714286,10.410335274932896
748.0,0.4652406,0.0,0.1898396,0.155,0.8516043,0.0,0.6848875,0.0064309,0.0289389,0.0932945,0.0,0.9935691,0.3644315,0.0909091,0.875,9.883335864325275
3196.0,0.4408636,0.0025031,0.2668961,0.2098489,0.7894243,0.040363,0.6264706,0.0014706,0.0183824,0.0640055,0.0014706,0.9985294,0.2890571,0.0866337,0.6666667,10.142543822310387
337.0,0.4599407,0.1454006,0.1810089,0.0989011,0.9376855,0.0,0.84375,0.0,0.0078125,0.0985915,0.140625,0.9921875,0.2535211,0.1111111,0.0,9.770013301136158
292.0,0.4417808,0.0,0.1575342,0.1104294,0.8390411,0.0,0.6612903,0.0080645,0.0322581,0.1895425,0.0,0.9919355,0.3398693,0.0,1.0,9.615805480084347
1578.0,0.4936629,0.0012674,0.0836502,0.0525657,0.8979721,0.0,0.783542,0.0053667,0.0608229,0.0880914,0.0017889,0.9964222,0.3066884,0.1632653,0.0,10.938467575959383
429.0,0.4708625,0.0,0.1631702,0.1409692,0.8927739,0.0,0.7256098,0.0,0.0060976,0.1038251,0.0,0.9878049,0.284153,0.125,0.0,9.615805480084347
246.0,0.5162602,0.0,0.0934959,0.092437,0.902439,0.0,0.752809,0.0,0.0224719,0.0631579,0.0,0.9775281,0.2315789,0.0454545,0.8333333,10.351405324899678
817.0,0.499388,0.001224,0.1676867,0.1320293,0.8873929,0.0,0.7234727,0.0,0.0096463,0.0311526,0.0,0.9967846,0.2461059,0.0666667,0.0,10.571342565808699
1744.0,0.5126147,0.0068807,0.0642202,0.0552941,0.9191514,0.0,0.8138386,0.0,0.0411862,0.0334395,0.0065898,0.9884679,0.1226115,0.0540541,0.25,12.088982494773598
1042.0,0.4760077,0.0028791,0.3550864,0.1904762,0.7975048,0.0,0.6358268,0.0098425,0.0393701,0.5936,0.0,0.9862205,0.0856,0.0447761,0.5757576,12.26670197321789
23646.0,0.5008035,0.0120951,0.0987482,0.0727719,0.878711,0.0157743,0.7585385,0.001929,0.034608,0.0430014,0.0024963,0.9917168,0.2284721,0.0194846,0.2556391,11.465844339561734
69101.0,0.4797036,0.0992605,0.0865689,0.0653075,0.5871695,0.1512134,0.5240509,0.0042181,0.153477,0.0620667,0.0939205,0.9892806,0.4451381,0.0452763,0.3942652,10.900454637442037
308.0,0.4805195,0.0,0.1558442,0.19375,0.8603896,0.0,0.6693548,0.0,0.0080645,0.0461538,0.0,1.0,0.1846154,0.1818182,0.0,9.994287576862567
6091.0,0.4899031,0.0137908,0.1359383,0.0598648,0.9047775,0.0,0.783106,0.0017598,0.0325561,0.0413328,0.0123185,0.9903212,0.1083931,0.01566,0.3548387,12.222934679005357
163.0,0.4723926,0.0,0.196319,0.1162791,0.8895706,0.0,0.75,0.0,0.0147059,0.1052632,0.0,1.0,0.3026316,0.1666667,0.3333333,9.615805480084347
885.0,0.4836158,0.0248588,0.2022599,0.1466083,0.9118644,0.0,0.7947977,0.0028902,0.0115607,0.0572207,0.0231214,1.0,0.1825613,0.1086957,0.8571429,10.308985993422082
2059.0,0.4798446,0.0082564,0.2559495,0.1363212,0.811559,0.0,0.6478405,0.0022148,0.0631229,0.512945,0.0044297,0.9856035,0.2281553,0.0815217,0.7142857,11.954407441448915
112.0,0.5,0.0,0.2946429,0.2142857,0.7857143,0.0625,0.6530612,0.0,0.0,0.1090909,0.0,1.0,0.2909091,0.0,0.6666667,9.615805480084347
1821.0,0.4387699,0.1603515,0.1828666,0.1810176,0.8358045,0.0291049,0.6873351,0.0,0.0118734,0.0767357,0.1319261,0.994723,0.3580999,0.0888158,0.2857143,9.841665338892785
2600.0,0.5369231,0.5065385,0.0996154,0.1204319,0.6353846,0.2803846,0.7088235,0.0058824,0.0176471,0.0723056,0.3352941,0.9897059,0.3697135,0.1358025,0.7692308,9.97119292889014
2276.0,0.516696,0.0386643,0.086116,0.0545455,0.9428822,0.0,0.853562,0.0039578,0.0197889,0.0560399,0.0329815,0.9894459,0.3499377,0.1529412,0.8571429,10.344995251991222
3551.0,0.5004224,0.0028161,0.0827936,0.0586246,0.8972121,0.0,0.7677873,0.0015637,0.0461298,0.0390684,0.0015637,0.9820172,0.2073629,0.0636364,0.5,11.41422052949775
7196.0,0.4541412,0.0004169,0.2736242,0.2265784,0.811423,0.0005559,0.6085758,0.0009188,0.0180704,0.1234899,0.0006126,0.9972435,0.1798658,0.043758,0.8714286,9.69898173460629
29925.0,0.4635589,0.7032581,0.1250125,0.118794,0.8125647,0.0084211,0.6006908,0.002677,0.0474957,0.0599123,0.6582902,0.9132988,0.5989609,0.1035933,0.490566,11.366754528799243
511.0,0.4696673,0.0039139,0.0782779,0.1070111,0.8982387,0.0,0.7663043,0.0054348,0.0380435,0.0891089,0.0108696,1.0,0.2178218,0.2432432,0.6,10.596659732783579
195.0,0.4666667,0.0,0.2769231,0.25,0.7589744,0.0,0.5052632,0.0,0.0,0.1037736,0.0,1.0,0.3490566,0.0555556,0.0,9.615805480084347
932.0,0.472103,0.0,0.2253219,0.1666667,0.8218884,0.0139485,0.6489899,0.0025253,0.0277778,0.0790698,0.0,0.9949495,0.3581395,0.0357143,0.0,10.451637862362272
11820.0,0.493824,0.0033841,0.1228426,0.0857429,0.8115905,0.0230118,0.6642226,0.0103515,0.0636187,0.0482348,0.0021566,0.9775717,0.4365764,0.0947562,0.4871795,10.49684202174171
513.0,0.4444444,0.1052632,0.288499,0.2596491,0.7992203,0.0,0.6108787,0.0,0.0251046,0.2112211,0.1129707,0.9958159,0.2442244,0.0126582,1.0,9.615805480084347
1623.0,0.5631547,0.0055453,0.0634627,0.0479549,0.7436845,0.004313,0.5349794,0.0013717,0.090535,0.1611047,0.0041152,0.9561043,0.6915995,0.0655738,0.75,10.94024216782542
34744.0,0.7141089,0.2910143,0.0008922,0.0025169,0.5071955,0.4888326,0.9716822,0.0002113,0.0008453,0.0334967,0.3324176,0.8827134,0.2011846,0.2349564,0.0,10.628641991731053
4858.0,0.4905311,0.0104981,0.1473858,0.0767677,0.8993413,0.0,0.7973422,0.0071982,0.0509413,0.0855696,0.0094131,0.9894795,0.1534177,0.1005917,0.2264151,11.02518140064756
12302.0,0.469192,0.0928304,0.1851731,0.1369066,0.8458787,0.011299,0.692594,0.0019592,0.0335031,0.042042,0.0826803,0.9962774,0.2888514,0.040568,0.4821429,10.43708198835482
699.0,0.4778255,0.0,0.0958512,0.0657534,0.8712446,0.0,0.7276119,0.011194,0.0522388,0.0629371,0.0,0.9925373,0.2902098,0.1578947,0.8571429,10.5815464756746
2395.0,0.456785,0.1653445,0.1503132,0.1606457,0.8718163,0.0,0.6987179,0.0021368,0.0213675,0.0630631,0.1260684,0.9989316,0.4374374,0.1507761,0.7,9.674137279312397
1482.0,0.4244265,0.0222672,0.2921727,0.2356389,0.7597841,0.0499325,0.5943536,0.0014859,0.0104012,0.0990629,0.0163447,0.9925706,0.3882195,0.0411985,0.7777778,10.664316745782925
4428.0,0.4548329,0.5600723,0.1558266,0.1541011,0.8891147,0.0090334,0.7385003,0.0025205,0.0170132,0.0659211,0.4959042,0.9968494,0.2507357,0.1544118,0.7058824,10.454523783963511
466.0,0.4978541,0.0064378,0.1266094,0.0854701,0.9313305,0.0,0.8187135,0.0,0.005848,0.0552486,0.005848,0.994152,0.2265193,0.2083333,0.3333333,10.742918838113225
1079.0,0.4949027,0.0046339,0.0834106,0.0752294,0.8999073,0.0,0.7792553,0.0079787,0.0505319,0.0669975,0.0026596,0.9840426,0.3076923,0.1111111,0.0,11.551193801680078
38.0,0.6315789,0.0,0.1052632,0.0714286,0.8684211,0.0,0.6153846,0.0,0.0,0.4090909,0.0,1.0,0.8181818,0.0,0.0,10.915106645867503
78.0,0.5384615,0.0,0.1282051,0.0833333,0.9358974,0.0,0.8,0.0,0.0,0.21875,0.0,1.0,0.09375,0.5,1.0,9.615805480084347
144.0,0.4791667,0.1875,0.2638889,0.2266667,0.7986111,0.0,0.5555556,0.0,0.015873,0.0735294,0.2063492,1.0,0.1911765,0.0909091,0.0,10.445840912706414
907.0,0.4575524,0.5358324,0.1554576,0.148374,0.893054,0.0,0.722561,0.0060976,0.0121951,0.0786517,0.4817073,0.9969512,0.2977528,0.16,0.5,10.315630315397533
3126.0,0.503199,0.0169546,0.0706974,0.0392788,0.8518874,0.0,0.7121326,0.0007536,0.057272,0.2189523,0.0195931,0.6465712,0.3113596,0.0408163,0.2395833,11.556951919719207
977.0,0.4861822,0.0,0.3664278,0.1733068,0.7737973,0.0,0.6428571,0.0,0.0540541,0.5503472,0.0,0.9942085,0.7699653,0.0072993,0.12,11.835740580500783
163860.0,0.4658977,0.2033443,0.148871,0.1195525,0.6767729,0.0779995,0.5352991,0.0038494,0.1068597,0.0917037,0.1782123,0.9785973,0.3906045,0.0757315,0.4530516,10.866680954096502
192.0,0.5,0.0,0.25,0.1145833,0.8645833,0.0,0.6790123,0.0,0.0,0.1818182,0.0,1.0,0.2828283,0.2173913,1.0,10.077482875583607
59177.0,0.4962063,0.0068946,0.0963888,0.0710428,0.9279281,0.0088041,0.8252093,0.0050619,0.0368079,0.0192449,0.0079365,0.2525934,0.4532361,0.2715093,0.359375,11.816734299348461
19478.0,0.4760756,0.0458979,0.1378478,0.1044586,0.8526029,0.0151966,0.6994378,0.0032684,0.0271931,0.0445916,0.0443195,0.9977775,0.256058,0.0794935,0.3076923,10.762170357789895
12778.0,0.4888089,0.0131476,0.0665206,0.0528169,0.9132102,0.0,0.8156451,0.0076318,0.0560458,0.0554179,0.0119246,0.9401383,0.1811219,0.2010796,0.2686567,10.879951039444416
71.0,0.4788732,0.028169,0.2253521,0.1891892,0.8450704,0.0,0.6774194,0.0,0.0322581,0.03125,0.0322581,1.0,0.15625,0.1666667,0.0,10.2328272702548
285.0,0.4877193,0.0,0.0666667,0.0547945,0.9403509,0.0,0.7910448,0.0,0.0447761,0.1625,0.0,1.0,0.8875,0.3181818,0.0,10.857093336791094
139.0,0.5611511,0.0,0.1366906,0.0819672,0.942446,0.0,0.8571429,0.0,0.0204082,0.1694915,0.0,1.0,0.2033898,0.25,0.0,9.615805480084347
364.0,0.4697802,0.0,0.3846154,0.2072539,0.8214286,0.0,0.6342857,0.0,0.0057143,0.2324561,0.0,1.0,0.2850877,0.0588235,0.8,9.615805480084347
2110.0,0.5445498,0.0037915,0.0540284,0.0426639,0.7947867,0.0440758,0.6597671,0.0025873,0.080207,0.1245753,0.0064683,0.9767141,0.5368063,0.0720461,0.3333333,11.331415578682627
4590.0,0.4808279,0.0633987,0.1797386,0.1611414,0.7420479,0.1172113,0.646283,0.0023981,0.0293765,0.0954447,0.0425659,0.9844125,0.3872017,0.104712,0.5,9.923339198238729
788.0,0.4911168,0.0,0.177665,0.1396509,0.8654822,0.0,0.7075472,0.0062893,0.0345912,0.0479042,0.0,1.0,0.1976048,0.0810811,0.75,9.942756341456828
10317.0,0.4935543,0.0017447,0.1035185,0.07311,0.830377,0.0,0.6740225,0.0050372,0.0762773,0.0391795,0.0014392,0.9906452,0.4242913,0.0679087,0.3103448,10.91328684226798
402.0,0.4726368,0.0,0.10199,0.0849057,0.9079602,0.0,0.75,0.0,0.0220588,0.2138728,0.0,0.9926471,0.4046243,0.25,1.0,10.229223792606835
222.0,0.4594595,0.0,0.1261261,0.1333333,0.9099099,0.0,0.7564103,0.0,0.0128205,0.0714286,0.0,0.974359,0.25,0.4,0.5,10.254179634797001
464.0,0.4913793,0.1961207,0.2090517,0.1864407,0.8943966,0.0,0.7272727,0.0,0.0056818,0.1155779,0.1477273,1.0,0.3065327,0.1142857,0.0,9.615805480084347
783.0,0.4968072,0.0012771,0.0613027,0.0609137,0.9680715,0.0114943,0.9044586,0.0,0.0063694,0.1028571,0.0063694,0.9936306,0.84,0.5204082,1.0,9.615805480084347
14118.0,0.4784672,0.0186287,0.1376966,0.0984653,0.9303017,0.0021958,0.8211716,0.0008222,0.0143885,0.0391072,0.0160329,0.9784173,0.2091645,0.0600858,0.6666667,12.12649358035784
16848.0,0.481897,0.056802,0.0830366,0.0823691,0.8699549,0.0106244,0.742238,0.0067917,0.0530401,0.0734192,0.0496442,0.9843144,0.3393767,0.0795756,0.4795918,11.16479958768697
2505.0,0.5005988,0.0035928,0.1061876,0.0703437,0.9317365,0.0111776,0.8538813,0.0045662,0.0125571,0.0759494,0.0045662,0.9920091,0.2109705,0.1340206,0.5,10.62135173563291
863.0,0.4588644,0.0011587,0.2537659,0.1391863,0.8273465,0.0,0.6384615,0.0051282,0.0153846,0.154013,0.0,1.0,0.2754881,0.1010101,0.8214286,10.146472946063877
1810.0,0.481768,0.0016575,0.1618785,0.1353945,0.8508287,0.0546961,0.7630332,0.0015798,0.0315956,0.0261538,0.0,0.9984202,0.2769231,0.083871,1.0,10.791399385808587
13051.0,0.4579726,0.3374454,0.1422879,0.1338705,0.6902919,0.1353153,0.6133646,0.0021349,0.0766439,0.0904854,0.3268574,0.9974381,0.3957282,0.0687204,0.3513514,10.499600568082863
264.0,0.5454545,0.0,0.1515152,0.1333333,0.7954545,0.0,0.5702479,0.0,0.0165289,0.2142857,0.0,1.0,0.6428571,0.0338983,0.8888889,10.047631185616188
6915.0,0.5062907,0.068402,0.0624729,0.0571178,0.903543,0.0085322,0.7943466,0.006145,0.0327735,0.0578927,0.0659566,0.9909873,0.3037437,0.1038647,0.6086957,10.75579427616868
12453.0,0.5007629,0.0057014,0.0658476,0.0447161,0.9005059,0.0,0.7878077,0.0075029,0.0607268,0.0333182,0.0037515,0.982415,0.2164551,0.1513328,0.1568627,11.367911253546788
7681.0,0.4569717,0.0128889,0.2512694,0.1781347,0.8307512,0.0041661,0.6522262,0.0027076,0.026775,0.095264,0.009627,0.9957882,0.3535656,0.0595968,0.6756757,10.192456296870509
387.0,0.503876,0.0,0.0930233,0.0260417,0.8630491,0.0,0.7239264,0.0,0.0490798,0.6597077,0.0,0.9693252,0.5219207,0.0394737,0.5454545,11.275949181024878
838.0,0.4665871,0.0,0.1933174,0.1230425,0.875895,0.0,0.6960486,0.0,0.0121581,0.0408163,0.0,1.0,0.180758,0.1081081,0.0,10.652566005416872
5448.0,0.4467695,0.0025698,0.2354993,0.146649,0.7567915,0.0146843,0.5676107,0.0027922,0.0566414,0.214845,0.0019944,0.9964101,0.3833386,0.0310559,0.8730159,12.087857641588924
6299.0,0.5000794,0.0042864,0.0695348,0.0422356,0.9666614,0.0003175,0.9255375,0.0015732,0.0199266,0.0300102,0.0041951,0.9622444,0.0198372,0.1290323,0.2820513,12.982873697962253
3444.0,0.4849013,0.0188734,0.1207898,0.0930101,0.8658537,0.0034843,0.7276235,0.003858,0.0609568,0.1147541,0.0146605,0.9953704,0.2172131,0.0795455,0.7058824,11.310821520675269
6724.0,0.4649018,0.0058001,0.1735574,0.1431351,0.8511303,0.0230518,0.7035483,0.0026707,0.022129,0.0780865,0.0068676,0.9969477,0.3795287,0.0870113,0.5208333,10.389026137075234
1314.0,0.4756469,0.957382,0.1187215,0.1233672,0.9178082,0.0,0.7493473,0.002611,0.0287206,0.0352645,0.9373368,0.997389,0.4962217,0.2769231,0.0,9.729193687429403
136.0,0.4926471,0.0,0.2279412,0.2318841,0.7794118,0.0,0.5833333,0.0166667,0.05,0.25,0.0,1.0,0.5625,0.0714286,0.75,9.615805480084347
4364.0,0.4688359,0.0041247,0.1235105,0.135893,0.838451,0.0178735,0.6632653,0.0012005,0.0348139,0.0587571,0.0048019,0.9933974,0.379096,0.0182648,0.0666667,11.734475747705874
763.0,0.5072084,0.0222805,0.3093054,0.1117021,0.8047182,0.0052425,0.6342857,0.0028571,0.0428571,0.3965517,0.0085714,0.9228571,0.7103448,0.1098901,0.8292683,10.34177474101152
2704.0,0.464497,0.0765533,0.1741864,0.1650552,0.8531805,0.0184911,0.7166822,0.0037279,0.0372787,0.0453737,0.0671016,0.9981361,0.3754448,0.0874636,0.4444444,10.382853468483827
51874.0,0.490207,0.0032964,0.156938,0.1228966,0.8246906,0.0362995,0.6999105,0.0064733,0.0597863,0.0343058,0.0025788,0.885585,0.4206648,0.1242515,0.15625,11.466891997618188
2165.0,0.4752887,0.0295612,0.1441109,0.1619718,0.8849885,0.0073903,0.7338217,0.0,0.018315,0.1088139,0.029304,0.997558,0.3199129,0.1308017,1.0,10.30229722897745
1472.0,0.5067935,0.0027174,0.0923913,0.0495868,0.8485054,0.0,0.7175043,0.0086655,0.0745234,0.066343,0.0017331,0.9913345,0.1343042,0.0136986,0.4,11.561725152903833
176.0,0.4772727,0.0,0.1363636,0.0978261,0.8920455,0.0,0.7076923,0.0,0.0,0.057971,0.0,1.0,0.2028986,0.2,1.0,9.923339198238729
4243.0,0.456988,0.0018855,0.1539005,0.1302083,0.8522272,0.0447796,0.7433743,0.0032321,0.021978,0.0618557,0.0019392,0.9915966,0.2886598,0.0852878,0.4583333,10.601647149919609
862.0,0.5023202,0.2795824,0.0081206,0.013986,0.9686775,0.0,0.9066148,0.0038911,0.0077821,0.0301887,0.2684825,0.9922179,0.0301887,0.3333333,0.6666667,10.947309210188068
948.0,0.4546414,0.0179325,0.3101266,0.0676983,0.7637131,0.128692,0.7825,0.0,0.035,0.7635934,0.0,0.99,0.2417258,0.0116279,1.0,12.112316757188815
256.0,0.4882812,0.0,0.2265625,0.1679389,0.8828125,0.0,0.7431193,0.0091743,0.0091743,0.1679389,0.0,1.0,0.1755725,0.0666667,0.6666667,9.615805480084347
1984.0,0.4561492,0.0120968,0.1688508,0.1260426,0.8230847,0.0493952,0.6979866,0.0053691,0.0295302,0.0581542,0.0067114,0.9798658,0.2793932,0.1190476,0.5454545,9.942756341456828
1598.0,0.4486859,0.008761,0.1827284,0.153235,0.844806,0.0475594,0.7451299,0.0032468,0.0211039,0.0523077,0.0064935,0.9983766,0.2646154,0.0144928,0.5,10.606609816118151
1099.0,0.44495,0.0618744,0.2584167,0.2262295,0.766151,0.0737034,0.6320542,0.006772,0.0180587,0.1210317,0.0474041,0.993228,0.3234127,0.0901639,0.9,10.12667110305036
23138.0,0.4930417,0.0112369,0.112326,0.073913,0.8595384,0.0113234,0.7294908,0.0060113,0.063885,0.0440563,0.0097831,0.9318718,0.3741972,0.0863841,0.2702703,11.949895700065218
1339.0,0.4533234,0.0268857,0.2203137,0.1598361,0.7804332,0.0,0.5874799,0.0016051,0.0497592,0.1212976,0.0288925,0.988764,0.3850494,0.0266667,0.5,11.776834689218662
141.0,0.4822695,0.0,0.141844,0.109589,0.8794326,0.0,0.6530612,0.0,0.0,0.02,0.0,0.9795918,0.06,0.1666667,0.0,9.686636660844938
361.0,0.4709141,0.0166205,0.2077562,0.1413613,0.8614958,0.0,0.7083333,0.0,0.0555556,0.0204082,0.0138889,1.0,0.0,0.0,0.0,11.243751064074187
20254.0,0.5042954,0.0436457,0.054804,0.0515936,0.968895,0.0044929,0.9225937,0.0040386,0.0210904,0.0178493,0.0516042,0.327799,0.243279,0.5937984,0.7407407,11.80932691294063
539.0,0.4786642,0.0018553,0.2486085,0.1637011,0.7847866,0.0,0.5806452,0.0080645,0.0362903,0.2507553,0.0040323,0.9959677,0.2477341,0.0632911,0.5,10.904137815028022
415.0,0.5325301,0.0,0.139759,0.1185567,0.8963855,0.0,0.7467532,0.0,0.0194805,0.1299435,0.0,1.0,0.2768362,0.0555556,0.0,10.385944565501662
438.0,0.4589041,0.0,0.3242009,0.2025316,0.8493151,0.0,0.6896552,0.0049261,0.0098522,0.0896861,0.0,0.9950739,0.1838565,0.0232558,0.0,9.615805480084347
3893.0,0.499101,0.5191369,0.0297971,0.0384615,0.8050347,0.0012844,0.6345912,0.0050314,0.0943396,0.2285298,0.5069182,0.9245283,0.770985,0.0673001,0.4,10.485731104959568
128.0,0.5703125,0.0078125,0.1171875,0.0727273,0.9375,0.0,0.8372093,0.0,0.0232558,0.0851064,0.0,1.0,0.1914894,0.2,0.0,9.635673464721814
4593.0,0.4837797,0.0108861,0.1665578,0.0982708,0.8933159,0.0165469,0.7942387,0.0023516,0.0276308,0.0607399,0.0094062,0.9935332,0.0657096,0.1034483,0.625,11.395278670032656
74.0,0.5135135,0.0135135,0.3243243,0.1666667,0.8108108,0.0,0.6285714,0.0,0.0285714,0.3269231,0.0,0.9714286,0.4230769,0.0,0.8,9.615805480084347
3975.0,0.431195,0.7418868,0.1781132,0.1760283,0.8654088,0.0113208,0.6910569,0.00271,0.0162602,0.1292035,0.6944444,0.9932249,0.3693215,0.1518771,0.6333333,9.928228944424575
1082.0,0.4473198,0.0009242,0.2578558,0.1839465,0.767098,0.0545287,0.6107383,0.0022371,0.033557,0.0840164,0.0022371,0.9932886,0.3852459,0.0684932,0.4545455,10.392098241730961
13476.0,0.5032651,0.0008163,0.0703473,0.0449656,0.9562185,0.0036361,0.8695527,0.0031746,0.0150072,0.0236686,0.0005772,0.9800866,0.198084,0.2603878,0.4285714,10.881832472145556
322.0,0.4782609,0.0,0.2018634,0.1666667,0.8229814,0.0,0.5985915,0.0,0.0,0.2067039,0.0,1.0,0.3351955,0.0588235,0.8,9.615805480084347
140.0,0.55,0.0,0.2071429,0.0952381,0.8928571,0.0,0.7058824,0.0,0.0,0.1052632,0.0,1.0,0.1929825,0.1428571,1.0,9.615805480084347
3723.0,0.4923449,0.0314263,0.0357239,0.0296296,0.8836959,0.0,0.749434,0.0098113,0.0550943,0.1259894,0.0241509,0.9207547,0.401715,0.1324324,0.5283019,11.023551435004947
4737.0,0.4783618,0.5860249,0.1249736,0.1319304,0.8467384,0.0352544,0.7060227,0.005963,0.0292188,0.0900705,0.5324985,0.9934407,0.3749322,0.1143791,0.4615385,10.357774570341576
4725.0,0.471746,0.0,0.1544974,0.1302083,0.8698413,0.0167196,0.7242938,0.0039548,0.0220339,0.0375204,0.0,0.9881356,0.2555737,0.0551876,0.8,10.579005242826247
46070.0,0.4538745,0.0072281,0.2037334,0.1241653,0.8215759,0.0079444,0.6592649,0.0007553,0.0435045,0.0535195,0.0068479,0.9950151,0.2657866,0.0159915,0.3160622,11.686046493072437
390.0,0.4897436,0.0,0.1538462,0.1557789,0.8641026,0.0,0.7152318,0.0066225,0.0397351,0.1703297,0.0,1.0,0.3461538,0.1730769,0.25,9.615805480084347
1510.0,0.4748344,0.0092715,0.192053,0.1715006,0.8218543,0.0662252,0.729927,0.0091241,0.020073,0.0971993,0.0091241,1.0,0.369028,0.0492958,0.6666667,9.94755228369823
693.0,0.5223665,0.002886,0.1803752,0.0876133,0.8845599,0.0,0.759322,0.0,0.0305085,0.672586,0.0,1.0,0.2652608,0.1,0.5,11.226589153242802
664.0,0.4713855,0.003012,0.186747,0.1538462,0.814759,0.0,0.6134752,0.0035461,0.0425532,0.0693069,0.0,0.9964539,0.3663366,0.0535714,0.2,10.716659698193956
1174.0,0.4548552,0.0,0.2504259,0.19375,0.802385,0.0494037,0.6609808,0.0042644,0.0234542,0.0712871,0.0,0.9978678,0.2,0.0612245,0.6923077,9.957075711706057
890.0,0.5157303,0.0,0.1078652,0.0812065,0.858427,0.0123596,0.7060519,0.0028818,0.0288184,0.1948956,0.0,0.9337176,0.4176334,0.1441441,0.75,10.445840912706414
361.0,0.4764543,0.0027701,0.1440443,0.0952381,0.8587258,0.0,0.6742424,0.0,0.0606061,0.0571429,0.0,1.0,0.2428571,0.1052632,0.0,10.474495347310453
291.0,0.532646,0.0,0.1958763,0.0808824,0.9484536,0.0,0.8295455,0.0,0.0,0.3383459,0.0,0.9772727,0.1879699,0.6666667,0.5,10.407318772389159
25062.0,0.5096561,0.0031123,0.1226957,0.0887786,0.8956987,0.0167185,0.7809238,0.0043058,0.0404489,0.0493674,0.0031315,0.5534969,0.4650211,0.2610202,0.28,12.017940238399461
13887.0,0.4909628,0.0036005,0.1095989,0.0847362,0.8983942,0.007705,0.7633209,0.0051632,0.0231309,0.067052,0.0026848,0.9031392,0.2868979,0.1213592,0.5686275,10.778977123006351
2852.0,0.5070126,0.0838008,0.062763,0.0533428,0.9488079,0.0,0.8674203,0.0,0.0154162,0.0318408,0.0822199,1.0,0.1313433,0.0660377,0.1428571,11.125806040978839
5011.0,0.481341,0.0,0.1612453,0.1346672,0.8549192,0.0502894,0.7651204,0.0005872,0.0358191,0.0984648,0.0,0.9947152,0.3250397,0.0721311,0.5833333,11.539577132967588
75.0,0.52,0.0,0.2133333,0.0833333,0.8,0.0,0.59375,0.0,0.0625,0.1578947,0.0,1.0,0.3684211,0.2,0.0,9.615805480084347
107786.0,0.4971982,0.0151411,0.1454642,0.1047514,0.7413115,0.0854378,0.6338675,0.0066689,0.0670559,0.0390836,0.0073041,0.9633086,0.3932772,0.0807721,0.1972603,10.74507628970625
1556.0,0.4845758,0.001928,0.342545,0.1209476,0.8926735,0.0,0.777305,0.0,0.0113475,0.0711462,0.0014184,0.9929078,0.1212121,0.042735,0.8,11.183045451818261
1417.0,0.4558927,0.0,0.2589979,0.2023346,0.7995766,0.0811574,0.7041985,0.0038168,0.0209924,0.0758377,0.0,0.9961832,0.2239859,0.0315789,0.4545455,9.961803629358965
1212.0,0.4579208,0.0453795,0.1262376,0.1065449,0.9265677,0.0,0.799511,0.00489,0.007335,0.1601643,0.0537897,0.6943765,0.3696099,0.2325581,0.8888889,9.615805480084347
1108.0,0.4648014,0.7689531,0.1741877,0.1214165,0.7797834,0.1236462,0.7291066,0.0057637,0.0201729,0.1281407,0.8184438,0.9596542,0.2688442,0.1395349,0.0,10.106469212026385
28061.0,0.4916076,0.0042051,0.1355618,0.0837656,0.9029614,0.0131856,0.8220896,0.001791,0.0410945,0.0256907,0.0033831,0.9755224,0.0962676,0.0800377,0.371134,13.063040033558348
257.0,0.4863813,0.0,0.151751,0.0681818,0.8715953,0.0,0.7227723,0.0,0.049505,0.1367521,0.0,1.0,0.2478632,0.1,0.8,9.615805480084347
487.0,0.5030801,0.073922,0.1457906,0.0991736,0.9219713,0.0,0.8022599,0.0,0.0169492,0.0634921,0.0960452,0.9774011,0.1640212,0.2307692,0.3333333,10.640675541671662
1615.0,0.469969,0.0,0.3281734,0.192757,0.8,0.0396285,0.649789,0.0014065,0.0126582,0.140266,0.0,0.9985935,0.286578,0.0510949,0.7058824,9.717218213494077
646.0,0.4814241,0.006192,0.1780186,0.0955224,0.876161,0.0,0.7378277,0.0037453,0.0299625,0.0464286,0.0037453,1.0,0.2357143,0.0555556,1.0,10.038935856711177
908.0,0.4713656,0.7764317,0.123348,0.11875,0.9129956,0.0,0.7684887,0.0,0.022508,0.0716418,0.7202572,1.0,0.2925373,0.0909091,0.5,10.586609649448985
1605.0,0.4915888,0.0,0.070405,0.060049,0.9476636,0.0,0.8482906,0.0064103,0.0149573,0.0965251,0.0,0.5534188,0.2741313,0.2628205,0.625,10.524090921620362
10139.0,0.4506362,0.0157806,0.3807082,0.1825853,0.8555084,0.0014794,0.6907521,0.0009089,0.0170416,0.1054878,0.0109066,0.9809134,0.2325203,0.1066667,0.7682927,11.405351390085748
3803.0,0.5159085,0.0283986,0.0386537,0.0315046,0.9623981,0.0,0.9084219,0.002453,0.0188062,0.0231629,0.0269828,0.9918234,0.0607029,0.0537634,0.3888889,11.792834908653468
1606.0,0.4937733,0.0006227,0.1369863,0.0738007,0.9003736,0.0,0.7568493,0.005137,0.0222603,0.0331126,0.0,1.0,0.2301325,0.0756303,0.0,10.742918838113225
4211.0,0.4611731,0.5552125,0.1591071,0.1449978,0.7615768,0.1458086,0.7180277,0.0023112,0.0154083,0.1103496,0.5177196,0.9976888,0.3050034,0.1945607,0.7857143,10.158168529848494
160.0,0.50625,0.0,0.175,0.0632911,0.88125,0.0,0.7419355,0.016129,0.0483871,0.1948052,0.0,0.983871,0.2727273,0.0,0.3333333,9.615805480084347
6181.0,0.4437793,0.0053389,0.2616082,0.2102967,0.7830448,0.0376962,0.6175584,0.0018839,0.0282592,0.0281948,0.0011304,0.9973625,0.2691322,0.0403769,0.5454545,10.874285408908944
267.0,0.4606742,0.505618,0.1498127,0.125,0.8801498,0.0,0.7244898,0.0102041,0.0306122,0.1090909,0.3877551,1.0,0.2454545,0.2692308,0.0,10.295563423525277
783.0,0.4891443,0.0357599,0.2694764,0.195,0.8467433,0.0,0.6617647,0.0029412,0.0088235,0.2307692,0.0411765,0.8705882,0.3755656,0.0967742,0.6521739,9.615805480084347
178.0,0.4719101,0.0,0.2247191,0.106383,0.8764045,0.0,0.7164179,0.0,0.0447761,0.0428571,0.0,0.9701493,0.3,0.2307692,1.0,10.060534035475412
4046.0,0.4992585,0.1579338,0.1500247,0.1327739,0.5042017,0.3695007,0.6197309,0.0017937,0.0600897,0.1629129,0.1883408,0.9901345,0.2484985,0.0444444,0.1818182,11.10045084755119
1109.0,0.5067628,0.0018034,0.1154193,0.0603291,0.7835888,0.0,0.6099138,0.0107759,0.1099138,0.0811881,0.0,0.9784483,0.5445545,0.0598802,0.0,11.200964361058276
266.0,0.4548872,0.0,0.2744361,0.1724138,0.8120301,0.0,0.6355932,0.0084746,0.0508475,0.1510791,0.0,0.9915254,0.2733813,0.0714286,0.0,9.729193687429403
305.0,0.4590164,0.0,0.2295082,0.2181818,0.8491803,0.0,0.6616541,0.0,0.0075188,0.0763889,0.0,1.0,0.1458333,0.0,1.0,9.841665338892785
41856.0,0.459958,0.6516628,0.1385464,0.1284728,0.8154148,0.0466839,0.671459,0.0033019,0.0502855,0.11961,0.631836,0.9711082,0.3091691,0.138184,0.6022727,10.247112717290387
1083.0,0.4709141,0.0,0.145891,0.1169284,0.8679594,0.0,0.7026379,0.0047962,0.0239808,0.0814978,0.0,1.0,0.2378855,0.1147541,0.6666667,9.928228944424575
9069.0,0.4846179,0.0319771,0.0309847,0.038083,0.9394641,0.0,0.8549747,0.0053963,0.0290051,0.0545281,0.0290051,0.9956155,0.1686862,0.1284404,0.4444444,10.67130147767883
8188.0,0.4830239,0.0003664,0.1370298,0.1155209,0.8612604,0.0153884,0.7148936,0.0045827,0.0366612,0.0245849,0.0,0.9878887,0.3381226,0.0645657,0.3125,10.907807476583594
683.0,0.4626647,0.0102489,0.2664714,0.1961853,0.795022,0.0278184,0.6351351,0.0033784,0.0405405,0.3067916,0.0033784,0.9966216,0.2669789,0.0222222,0.9090909,10.764286715905591
1579.0,0.4851172,0.3381887,0.210893,0.1414514,0.8518049,0.0272324,0.725256,0.0085324,0.0341297,0.1148036,0.3020478,0.9982935,0.3021148,0.1320755,0.9230769,10.177362240256695
1742.0,0.489667,0.0005741,0.1371986,0.1192351,0.8897819,0.0,0.7377049,0.0014903,0.0208644,0.0575843,0.0,0.9985097,0.252809,0.0779221,0.4,10.43708198835482
11227.0,0.4601407,0.3021288,0.1704819,0.1496453,0.8486684,0.033936,0.7235447,0.0037709,0.0247466,0.0633554,0.2757483,0.995522,0.3732892,0.0851993,0.5535714,10.5815464756746
872.0,0.4701835,0.0011468,0.1995413,0.1363636,0.891055,0.0,0.7464789,0.0028169,0.0112676,0.0755208,0.0,1.0,0.2552083,0.0574713,0.5,10.192456296870509
462.0,0.45671,0.0021645,0.2229437,0.1394422,0.8398268,0.0,0.6443299,0.0,0.0257732,0.0582524,0.0,1.0,0.2135922,0.0869565,1.0,10.106469212026385
153.0,0.5098039,0.5424837,0.1895425,0.2,0.9281046,0.0,0.8035714,0.0,0.0,0.0967742,0.5178571,1.0,0.2580645,0.1,0.0,9.770013301136158
3695.0,0.4871448,0.0814614,0.0679296,0.0422164,0.9269283,0.0,0.8301435,0.0023923,0.0350877,0.0203125,0.0733652,0.9784689,0.103125,0.0872093,0.2,11.086762629082946
4661.0,0.4574126,0.1177859,0.2078953,0.1890075,0.8408067,0.0242437,0.6670435,0.0016959,0.017524,0.1336925,0.1362352,0.7444884,0.4162586,0.1516854,0.8205128,9.942756341456828
336.0,0.4880952,0.0,0.172619,0.1511628,0.8244048,0.0,0.649635,0.0145985,0.0583942,0.1217949,0.0,0.9781022,0.1410256,0.1,0.25,9.615805480084347
589.0,0.4685908,0.0,0.3616299,0.2268371,0.7487267,0.0645161,0.6007605,0.0,0.0190114,0.0899654,0.0,1.0,0.3010381,0.016129,0.8181818,9.615805480084347
5582.0,0.4733071,0.0041204,0.2210677,0.1653061,0.8514869,0.006091,0.6833624,0.0021777,0.0252613,0.0845295,0.0026132,0.9930314,0.3201754,0.0680908,0.7777778,10.073272520325904
4974.0,0.4752714,0.0860474,0.1499799,0.1467433,0.8325292,0.0277443,0.6885794,0.0061281,0.0601671,0.0552632,0.0896936,0.9086351,0.3968421,0.079906,0.55,11.44999631476691
275.0,0.4981818,0.0,0.3490909,0.1811594,0.8181818,0.0036364,0.6617647,0.0,0.0220588,0.4493927,0.0,1.0,0.6194332,0.0526316,0.6,10.308985993422082
2621.0,0.5017169,0.0263258,0.1033957,0.0558959,0.9008012,0.0019077,0.7851064,0.0053191,0.0425532,0.0552764,0.0202128,0.9797872,0.1648241,0.1505376,1.0,11.195484970354173
4561.0,0.4604253,0.0179785,0.0697216,0.0495733,0.723087,0.0,0.5531444,0.0031001,0.0930027,0.057596,0.0132861,0.9920283,0.1581803,0.0153509,0.3134328,11.89478753335453
3968.0,0.4415323,0.000756,0.3772681,0.1877256,0.8142641,0.0,0.6509482,0.0005126,0.0261404,0.1465442,0.0005126,0.9897488,0.2904637,0.0221519,0.4782609,11.480412603789821
4499.0,0.509002,0.0124472,0.0771283,0.0660933,0.9153145,0.0237831,0.8477633,0.005772,0.0324675,0.0558583,0.011544,0.7893218,0.2527248,0.2181303,0.047619,11.45318607621936
752.0,0.4933511,0.0,0.150266,0.0944882,0.8776596,0.0,0.7198582,0.0,0.0390071,0.0440678,0.0,0.9574468,0.1762712,0.3148148,0.0,10.351405324899678
4209.0,0.4768354,0.0073652,0.1895937,0.1153497,0.90354,0.0,0.7693252,0.001227,0.0153374,0.0157005,0.007362,0.9957055,0.1092995,0.0663265,0.0909091,11.020283511637867
1054.0,0.4914611,0.0009488,0.2248577,0.1455224,0.8491461,0.012334,0.6962617,0.0046729,0.0233645,0.1046025,0.0023364,0.9602804,0.2949791,0.1081081,0.5833333,10.463131911491967
1043.0,0.5091083,0.0,0.0556088,0.0507812,0.949185,0.0,0.8834356,0.0092025,0.0214724,0.0439883,0.0,1.0,0.2580645,0.1794872,0.5,10.482933978579906
1741.0,0.4583573,0.0,0.2309018,0.2110286,0.7949454,0.0402068,0.6209239,0.0,0.0108696,0.1206691,0.0,1.0,0.3476703,0.0572917,0.6,10.36410350510914
368.0,0.4728261,0.0,0.1059783,0.1340206,0.8423913,0.0271739,0.6461538,0.0,0.0153846,0.0780142,0.0,1.0,0.4539007,0.0930233,1.0,9.615805480084347
1388.0,0.454611,0.0,0.315562,0.2351387,0.7536023,0.0605187,0.5917667,0.0034305,0.0188679,0.121988,0.0,1.0,0.4548193,0.0769231,0.4444444,9.6678285081515
4416.0,0.4569746,0.0,0.2490942,0.1830692,0.8360507,0.0271739,0.6840659,0.0016484,0.0131868,0.1398866,0.0,0.9912088,0.3407372,0.1119843,0.5932203,9.99884318585288
3645.0,0.4359396,0.4658436,0.1934156,0.1853113,0.8271605,0.036214,0.6702203,0.0007107,0.0206112,0.0934278,0.3795309,0.9971571,0.3228093,0.1416526,0.6315789,10.288783966353765
1074.0,0.4851024,0.0018622,0.1880819,0.0867993,0.9292365,0.0,0.8317073,0.0,0.0170732,0.0420561,0.0,0.997561,0.0116822,0.0,0.25,12.245298166364206
3802.0,0.4984219,0.0357706,0.1130984,0.0949135,0.8435034,0.0039453,0.6745924,0.0054348,0.0475543,0.0283828,0.0373641,0.986413,0.2990099,0.0433996,0.2,11.46374572492597
315.0,0.4666667,0.0,0.0793651,0.1190476,0.9047619,0.0,0.779661,0.0084746,0.0338983,0.0634921,0.0,0.9915254,0.3730159,0.0967742,0.0,10.367253014814716
1149.0,0.4673629,0.691906,0.1375109,0.130719,0.9094865,0.0,0.7571059,0.002584,0.0129199,0.1103448,0.6098191,0.997416,0.3517241,0.2033898,1.0,10.056251557087757
3295.0,0.4658574,0.0097117,0.0725341,0.0556818,0.4895296,0.3908953,0.6928105,0.0013072,0.1281046,0.0413534,0.0104575,0.9986928,0.3032581,0.0697674,0.5714286,10.298935994257638
2009.0,0.4803385,0.0064709,0.2244898,0.1819923,0.7854654,0.0886013,0.6982644,0.0040053,0.0307076,0.2040383,0.0,0.9959947,0.3081828,0.0730337,0.3157895,10.43708198835482
3651.0,0.4831553,0.0008217,0.1322925,0.1118177,0.858395,0.0265681,0.7275667,0.0105093,0.0460792,0.0244479,0.0,0.9611964,0.3477918,0.1522634,0.5,10.734242182303689
4059.0,0.4846021,0.0061592,0.0896773,0.0965583,0.8999754,0.0123183,0.7998675,0.0033135,0.0231942,0.0339309,0.0053015,0.9946985,0.212548,0.0359477,0.25,10.949068194652432
1590.0,0.4805031,0.4119497,0.0704403,0.0786925,0.9283019,0.0,0.814882,0.0,0.0217786,0.05,0.3738657,0.9981851,0.2413793,0.1111111,0.4,10.568775236216993
544.0,0.4742647,0.0,0.1617647,0.1363636,0.8308824,0.0,0.6551724,0.012931,0.0301724,0.1178707,0.0,0.9956897,0.2737643,0.0961538,0.6666667,10.030164255362632
459.0,0.4945534,0.0,0.1960784,0.0991379,0.8867102,0.0,0.7379679,0.0,0.0160428,0.1688889,0.0,1.0,0.4266667,0.1282051,0.0,9.615805480084347
1453.0,0.4975912,0.0075705,0.1672402,0.0739726,0.8327598,0.0151411,0.6890909,0.0072727,0.0636364,0.0709459,0.0054545,0.96,0.5743243,0.0970874,0.5,11.83138646878959
54.0,0.4444444,0.0,0.2037037,0.2,0.8703704,0.0,0.6666667,0.0,0.0,0.4166667,0.0,1.0,0.1666667,0.25,1.0,9.615805480084347
261.0,0.4827586,0.3716475,0.1800766,0.1555556,0.8965517,0.0,0.755102,0.0102041,0.0102041,0.1403509,0.377551,1.0,0.3421053,0.2068966,0.0,10.177362240256695
101.0,0.5049505,0.0,0.1287129,0.1,0.8811881,0.0,0.75,0.0,0.0833333,0.1,0.0,0.9166667,0.2,0.2,1.0,9.615805480084347
6547.0,0.4534901,0.0946999,0.1857339,0.1651761,0.8325951,0.0328395,0.6931949,0.0042291,0.0234525,0.0697425,0.082276,0.9946175,0.3000715,0.0997854,0.5625,10.239995502805316
2008.0,0.4541833,0.001494,0.2201195,0.1806569,0.7943227,0.0453187,0.6568516,0.002265,0.0192525,0.0646186,0.0,0.9966025,0.3400424,0.0362117,0.5555556,10.540090836284206
3139.0,0.5049379,0.0146543,0.0353616,0.0353925,0.9130296,0.0,0.8095668,0.0036101,0.0460289,0.1840943,0.015343,0.9693141,0.2444772,0.1719298,0.1836735,11.05723491317159
6278.0,0.461612,0.001115,0.1138898,0.1065089,0.7889455,0.0,0.6012885,0.003937,0.06335,0.0312067,0.0014316,0.9974946,0.4275312,0.0474183,0.1666667,11.026808713825016
914.0,0.487965,0.0065646,0.1247265,0.0470085,0.9310722,0.0098468,0.8548387,0.0032258,0.0290323,0.0342679,0.0064516,0.9935484,0.0529595,0.2,0.5,12.223426197857627
647.0,0.4435858,0.0,0.2735703,0.175,0.8299845,0.0139104,0.6477273,0.0,0.0189394,0.2258065,0.0,1.0,0.4134897,0.1463415,0.875,9.615805480084347
914.0,0.4617068,0.0,0.154267,0.101626,0.8971554,0.0,0.7611111,0.0027778,0.0194444,0.0296496,0.0,1.0,0.2102426,0.0724638,0.6666667,10.606609816118151
3020.0,0.5155629,0.0006623,0.0754967,0.0594668,0.8827815,0.0016556,0.7125581,0.0027907,0.0316279,0.176876,0.0009302,0.9748837,0.3713629,0.109215,0.7704918,10.857093336791094
31601.0,0.4676118,0.1262618,0.1639189,0.1284475,0.8008291,0.0477517,0.6683796,0.0039345,0.0376586,0.1267092,0.1100851,0.969568,0.37571,0.0782559,0.5780142,10.379752786950895
267.0,0.4756554,0.0,0.1161049,0.1214286,0.906367,0.0,0.7653061,0.0,0.0204082,0.0576923,0.0,0.9897959,0.1923077,0.0,0.0,9.94755228369823
508.0,0.4606299,0.0255906,0.2401575,0.1313869,0.8070866,0.0629921,0.6930693,0.0,0.019802,0.0380952,0.0049505,0.9950495,0.2047619,0.097561,1.0,10.225607282932941
2148.0,0.4520484,0.0,0.2174115,0.1580289,0.8426443,0.0009311,0.6677149,0.0020964,0.0178197,0.0701754,0.0,0.9968553,0.2612086,0.0334572,0.7142857,10.614007941153417
1836.0,0.4929194,0.0,0.162854,0.1052632,0.8295207,0.0152505,0.6697861,0.0053476,0.040107,0.0765432,0.0,0.9839572,0.4111111,0.0659341,0.2222222,10.529452721013085
78.0,0.5128205,0.0,0.2051282,0.0263158,0.9102564,0.0,0.8205128,0.0,0.0,0.9010152,0.0,1.0,0.213198,0.0,0.0769231,12.233692676364548
7612.0,0.479506,0.0166842,0.0354703,0.0376073,0.7668156,0.0015765,0.6132812,0.0027043,0.1201923,0.1431514,0.0138221,0.9140625,0.4688465,0.0521814,0.3714286,11.908346971208951
388.0,0.4329897,0.0025773,0.25,0.2545455,0.7448454,0.0927835,0.6442953,0.0134228,0.0536913,0.1130952,0.0,0.9932886,0.2202381,0.0153846,0.0,10.308985993422082
3313.0,0.4672502,0.0009055,0.1681256,0.1473088,0.8167824,0.0135829,0.6383296,0.0044743,0.043997,0.1024096,0.0007457,0.9955257,0.356091,0.0875161,0.4,11.116930374363438
3413.0,0.4641078,0.0600645,0.2358629,0.18152,0.8283035,0.0304717,0.6669112,0.002201,0.0154072,0.1852959,0.0469552,0.916361,0.3179916,0.125,0.5757576,9.615805480084347
2675.0,0.4706542,0.0119626,0.1334579,0.0621469,0.8923364,0.0,0.8,0.0010204,0.0520408,0.0248756,0.0061224,0.9857143,0.0089552,0.11,0.1428571,12.692813546903102
17567.0,0.4476575,0.3574885,0.1870553,0.1602597,0.8209711,0.0169067,0.6549556,0.0031442,0.0347232,0.0759222,0.2976077,0.993028,0.3547246,0.0891875,0.5974026,10.499600568082863
716.0,0.4664804,0.0,0.2108939,0.1282723,0.8715084,0.0097765,0.7046263,0.0,0.0071174,0.0876623,0.0,0.9928826,0.2857143,0.1111111,0.5,10.150386692204734
98.0,0.5306122,0.0,0.244898,0.1304348,0.8469388,0.0,0.6888889,0.0,0.0222222,0.1509434,0.0,1.0,0.3584906,0.0,1.0,9.615805480084347
3542.0,0.5225861,0.0014116,0.053642,0.0413956,0.8588368,0.0090344,0.7051383,0.0079051,0.0624506,0.1160028,0.0,0.8727273,0.498253,0.091314,0.0,10.723289410218579
2887.0,0.47177,0.0038102,0.1354347,0.1147541,0.8531347,0.031867,0.7449664,0.0067114,0.0450623,0.0518182,0.0009588,0.94535,0.3118182,0.1153846,0.1666667,11.945363510579819
277.0,0.4693141,0.0,0.3104693,0.1972789,0.8122744,0.0,0.6153846,0.0,0.0153846,0.1925466,0.0,1.0,0.2546584,0.0952381,0.8666667,9.615805480084347
5511.0,0.4819452,0.0016331,0.1037924,0.0963222,0.8858646,0.0047178,0.7488744,0.0045023,0.0375188,0.0517078,0.0005003,0.9909955,0.2628083,0.0756677,0.1891892,11.128747176317603
2685.0,0.4599628,0.1411546,0.1273743,0.1531034,0.8826816,0.0007449,0.7170582,0.0040858,0.0265577,0.0568401,0.124617,1.0,0.4200385,0.1305638,0.875,9.615805480084347
3185.0,0.4631083,0.2295133,0.2119309,0.1836257,0.8408163,0.0204082,0.6786284,0.0031898,0.0183413,0.1074733,0.1985646,0.9401914,0.3629893,0.1316397,0.8205128,10.085850775128717
1611.0,0.4692737,0.0068281,0.1328367,0.102924,0.8497827,0.0,0.6861199,0.0015773,0.0630915,0.0593472,0.0031546,0.9968454,0.2893175,0.0392157,0.0,11.17606715383184
1222.0,0.4803601,0.0040917,0.1792144,0.1102362,0.6612111,0.2168576,0.6545455,0.0,0.0337662,0.2190669,0.0051948,0.9948052,0.2880325,0.1048951,0.75,10.521399202410167
15722.0,0.4723954,0.1193232,0.0750541,0.0572634,0.8568248,0.0073782,0.7300293,0.0029345,0.0656994,0.0804977,0.1237366,0.9889142,0.2440414,0.0478314,0.3846154,11.203692838488003
268.0,0.5,0.0,0.1716418,0.119403,0.8731343,0.0,0.6796117,0.0,0.0097087,0.1889764,0.0,0.9902913,0.2283465,0.0769231,0.6666667,9.615805480084347
803.0,0.5255293,0.0,0.1855542,0.0761155,0.9551681,0.0,0.8722467,0.0088106,0.0088106,0.017316,0.0,0.907489,0.3636364,0.3031674,0.0,10.657282884047461
962.0,0.487526,0.0,0.0758836,0.0649087,0.9272349,0.0,0.8312883,0.006135,0.0276074,0.0816901,0.0,0.9969325,0.2873239,0.1866667,0.625,10.158168529848494
9601.0,0.48797,0.0137486,0.081554,0.0453621,0.7451307,0.0,0.6040856,0.0034047,0.1476167,0.0326982,0.0121595,0.9764105,0.2359445,0.0464217,0.0652174,12.660648501336015
1193.0,0.4803018,0.0083822,0.2279966,0.1306452,0.853311,0.0,0.7056452,0.0060484,0.046371,0.4305396,0.0060484,0.9939516,0.1722158,0.0568182,0.6363636,11.984184555794167
1174.0,0.5127768,0.0008518,0.0834753,0.0559441,0.9659284,0.0,0.9018088,0.0,0.005168,0.0325,0.0,0.9896641,0.0475,0.25,0.3636364,11.183045451818261
687.0,0.4090247,0.2532751,0.2066958,0.1995074,0.8122271,0.0975255,0.7400881,0.0,0.0132159,0.0846774,0.1938326,1.0,0.2096774,0.36,1.0,10.434145214930487
1687.0,0.4125667,0.0065205,0.3200948,0.2381433,0.6698281,0.1292235,0.5596465,0.0014728,0.0530191,0.1426768,0.0044183,0.9911635,0.4128788,0.0160256,0.5555556,11.652696102959753
41.0,0.5365854,0.0,0.1707317,0.0,0.8780488,0.0,0.6875,0.0,0.0,0.2380952,0.0,0.9375,0.5238095,1.0,0.0,9.615805480084347
1940.0,0.4551546,0.0,0.2902062,0.2100284,0.793299,0.042268,0.6425178,0.0035629,0.0142518,0.0453515,0.0,0.9904988,0.2256236,0.052381,0.8333333,10.184937747111391
204.0,0.4852941,0.0,0.0931373,0.1047619,0.8823529,0.0,0.7631579,0.0263158,0.0526316,0.05,0.0,0.9868421,0.3625,0.0,1.0,9.913487387114461
1791.0,0.4773869,0.0022334,0.171971,0.1314103,0.8632049,0.0223339,0.7051482,0.0015601,0.0218409,0.0503704,0.0015601,0.9859594,0.3096296,0.1034483,0.0,10.491301994830229
168.0,0.5119048,0.0,0.0892857,0.0853659,0.8869048,0.0238095,0.7592593,0.0,0.037037,0.4,0.0,0.9074074,0.5777778,0.0833333,1.0,9.615805480084347
3202.0,0.4943785,0.0015615,0.1018114,0.0809141,0.8376015,0.0,0.6798144,0.007734,0.0711524,0.1058091,0.0015468,0.9914927,0.4764869,0.0485437,0.1666667,11.151969943847991
203.0,0.4975369,0.0049261,0.1970443,0.1176471,0.8768473,0.0,0.7272727,0.0,0.0519481,0.1149425,0.0,0.961039,0.1149425,0.0,1.0,9.615805480084347
252.0,0.5079365,0.0,0.2579365,0.1532258,0.8055556,0.0,0.6454545,0.0090909,0.0818182,0.2307692,0.0,0.9181818,0.4265734,0.1764706,0.8125,9.723223876851618
391.0,0.4910486,0.0025575,0.1355499,0.0552764,0.887468,0.0,0.7253521,0.0070423,0.0140845,0.1497006,0.0,1.0,0.239521,0.2272727,1.0,9.635673464721814
4965.0,0.4942598,0.0066465,0.0735146,0.0477897,0.9015106,0.0016113,0.7913093,0.0074328,0.0480274,0.0245399,0.0068611,0.9891366,0.2381484,0.1074074,0.3076923,11.052491896264268
500.0,0.492,0.002,0.162,0.0944882,0.902,0.0,0.7566138,0.0,0.015873,0.0913462,0.005291,1.0,0.2692308,0.0943396,1.0,10.199918739620157
201.0,0.4228856,0.0,0.3333333,0.1724138,0.8507463,0.0,0.6703297,0.0,0.0,0.0421053,0.0,1.0,0.1894737,0.0,0.0,9.87822102528824
617.0,0.4619125,0.0,0.2009724,0.126506,0.8703404,0.0,0.6890756,0.0042017,0.0210084,0.1649123,0.0,0.9957983,0.1754386,0.0923077,0.4,10.39821428171237
22995.0,0.4928898,0.0010002,0.0393564,0.0345596,0.9782127,0.0,0.9261309,0.0034358,0.0127887,0.0385392,0.0013361,0.0706242,0.4670582,0.3648393,0.7826087,10.27163147557801
21347.0,0.4556612,0.4780531,0.1483581,0.1408778,0.8548274,0.0105401,0.6970035,0.0037147,0.0422239,0.0769231,0.4124567,0.9939326,0.4226769,0.1329357,0.3243243,10.571342565808699
1983.0,0.469995,0.0065557,0.1245587,0.1132255,0.8986384,0.0,0.7568988,0.0039422,0.0131406,0.067402,0.0078844,0.9973719,0.2683824,0.1004184,0.3,10.064798252418377
814.0,0.4213759,0.980344,0.1314496,0.1104034,0.9213759,0.0,0.7393162,0.0042735,0.0042735,0.1612903,0.974359,1.0,0.2078853,0.2058824,0.0,9.809231816610408
5317.0,0.5019748,0.0229453,0.1175475,0.0830816,0.8912921,0.0252022,0.7907234,0.0022087,0.0292656,0.1545285,0.0127002,0.9795693,0.2068161,0.0682731,0.5689655,11.844392338493027
158.0,0.5,0.0,0.164557,0.1265823,0.8797468,0.0,0.754386,0.0175439,0.0526316,0.0806452,0.0,1.0,0.1129032,0.0,0.0,9.975854724662028
3286.0,0.5021302,0.0079124,0.0730371,0.054401,0.9056604,0.0024346,0.8374875,0.0089731,0.0707876,0.0098717,0.003988,0.9332004,0.0552813,0.2701149,0.25,12.240961875957243
274.0,0.4635036,0.1386861,0.120438,0.1496599,0.7956204,0.0,0.6097561,0.0081301,0.0569106,0.1689189,0.097561,0.9918699,0.472973,0.03125,1.0,10.150386692204734
319.0,0.4545455,0.2758621,0.2257053,0.2126437,0.8840125,0.0,0.7131783,0.0,0.0,0.1623377,0.2325581,1.0,0.3441558,0.0789474,0.75,10.199918739620157
2.0,0.5,0.0,0.5,0.0,1.0,0.0,1.0,0.0,0.0,0.8888889,0.0,1.0,0.4444444,0.0,1.0,0.0
396.0,0.4545455,0.0,0.1641414,0.1111111,0.8964646,0.0,0.7631579,0.0065789,0.0263158,0.0318471,0.0,1.0,0.2484076,0.12,0.0,9.820160289946374
4642.0,0.4903059,0.0077553,0.1318397,0.0857988,0.8944421,0.0062473,0.7790023,0.0023202,0.0382831,0.0320045,0.0058005,0.9918794,0.2419989,0.0784314,0.2941176,10.268165387743457
686.0,0.4548105,0.0,0.1822157,0.1657754,0.7623907,0.0087464,0.5751634,0.0098039,0.0718954,0.3139013,0.0,0.9934641,0.32287,0.040404,0.6,10.537441898283253
77.0,0.5714286,0.0,0.0,0.0606061,0.9480519,0.0,0.7894737,0.0,0.0,0.4571429,0.0,1.0,0.7428571,0.875,0.0,10.687411927154141
90.0,0.4333333,0.0,0.2444444,0.1764706,0.9,0.0,0.7567568,0.0,0.0,0.1777778,0.0,1.0,0.2222222,0.0,0.0,9.615805480084347
1567.0,0.4798979,0.0963625,0.1582642,0.1239264,0.862157,0.023612,0.71875,0.0034722,0.0277778,0.147929,0.0902778,0.9930556,0.3269231,0.0650407,0.9,9.723223876851618
301.0,0.4784053,0.0,0.2259136,0.1401274,0.8671096,0.0,0.6976744,0.0,0.0077519,0.0652174,0.0,0.9922481,0.2028986,0.08,1.0,9.615805480084347
1862.0,0.4446831,0.0,0.207841,0.2137331,0.7696026,0.0590763,0.6170483,0.0050891,0.0178117,0.130531,0.0,0.9974555,0.4402655,0.0705596,0.2857143,9.90353755128617
5479.0,0.5006388,0.1040336,0.0441686,0.0285088,0.9105676,0.0,0.7865572,0.0020523,0.0328374,0.0375309,0.0882504,0.9794767,0.1807407,0.030837,0.1470588,11.367911253546788
6362.0,0.4566174,0.3602641,0.1804464,0.1680648,0.8547627,0.0245206,0.6988401,0.0012428,0.014913,0.1134778,0.3044739,0.9979287,0.2886522,0.1185495,0.5932203,10.021315031649332
220.0,0.4545455,0.0,0.2,0.0833333,0.9181818,0.0,0.7777778,0.0,0.0,0.1980198,0.0,0.9259259,0.3663366,0.1363636,1.0,9.615805480084347
1283.0,0.4715511,0.0023383,0.24318,0.1843658,0.7981294,0.0701481,0.6708861,0.0042194,0.021097,0.0705882,0.0021097,0.9915612,0.2745098,0.0178571,0.2857143,10.465984899076615
6489.0,0.4720296,0.0784404,0.1969487,0.1436077,0.8700878,0.0192634,0.7145228,0.0,0.0095436,0.1365102,0.0713693,0.7124481,0.3622358,0.1508828,0.6470588,9.680406499268875
400.0,0.475,0.0025,0.3475,0.2619048,0.625,0.2625,0.6821705,0.0077519,0.0155039,0.0300752,0.0,0.9767442,0.2556391,0.0512821,1.0,9.980494888896912
7760.0,0.4688144,0.0282216,0.1224227,0.1079573,0.8132732,0.0213918,0.6470403,0.0015743,0.0472292,0.037284,0.0311713,0.9899244,0.3813277,0.0147368,0.25,11.161962746590705
18177.0,0.4736755,0.003851,0.1705452,0.1312846,0.8547615,0.0133685,0.7146119,0.003282,0.0463756,0.1246565,0.0022831,0.9888699,0.2182113,0.0653112,0.4850299,11.763691965388299
4372.0,0.4851327,0.0016011,0.0187557,0.0226566,0.9583715,0.0,0.8517469,0.0018886,0.0217186,0.1816074,0.0037771,0.98017,0.7132921,0.3,0.5,9.615805480084347
16362.0,0.4735974,0.0205354,0.161105,0.1281783,0.8116367,0.0191297,0.6504811,0.0034576,0.0542694,0.0509345,0.019994,0.9839146,0.3668141,0.0459221,0.3461538,11.443586104891608
285.0,0.4947368,0.0,0.0842105,0.0486111,0.922807,0.0,0.7821782,0.0,0.0,0.0098039,0.0,0.980198,0.1666667,0.0714286,0.0,10.853232402669228
23875.0,0.4802094,0.0075393,0.1286702,0.1037067,0.829822,0.0303246,0.6940966,0.0059258,0.0544499,0.0461768,0.0073792,0.9855769,0.3597099,0.0575699,0.25,11.10045084755119
3785.0,0.4877147,0.0010568,0.1902246,0.1423414,0.8475561,0.0229855,0.7003279,0.0039344,0.0163934,0.0986998,0.0013115,0.9829508,0.28487,0.0762943,0.6060606,10.335302435967074
95.0,0.4210526,0.0,0.1894737,0.1818182,0.8421053,0.0,0.6341463,0.0,0.0,0.1086957,0.0,1.0,0.1086957,0.0,0.0,9.615805480084347
9560.0,0.4762552,0.0437238,0.1512552,0.1174356,0.9042887,0.0132845,0.7745577,0.0030506,0.0103722,0.1265654,0.0390482,0.7056132,0.3626432,0.2237762,0.6875,10.034559673629849
449.0,0.4877506,0.0,0.1514477,0.1695652,0.9042316,0.0,0.7530864,0.0,0.0185185,0.1859296,0.0,0.9938272,0.3517588,0.1904762,0.5,9.615805480084347
55551.0,0.4806574,0.122446,0.122302,0.0994454,0.7525697,0.0501341,0.5915333,0.0055689,0.0833451,0.0569254,0.0928312,0.8552551,0.379117,0.1221845,0.4455959,10.732061203925053
10380.0,0.4617534,0.2365125,0.1947977,0.163952,0.8571291,0.0012524,0.6856218,0.0009246,0.0214979,0.0813336,0.2068886,0.9958391,0.2818008,0.1018893,0.4313725,10.373522431293592
8212.0,0.4884316,0.008037,0.1104481,0.0902166,0.8643449,0.013395,0.728061,0.0090184,0.0482137,0.1054918,0.0076309,0.763094,0.4387217,0.1671875,0.4545455,10.938467575959383
105511.0,0.4721024,0.2089735,0.1681341,0.1280095,0.8042858,0.0201401,0.6370327,0.0048982,0.0556555,0.0764255,0.1776384,0.9786086,0.3182027,0.0912249,0.464191,10.25769445336048
1320.0,0.5265152,0.0401515,0.0598485,0.0384,0.9022727,0.0,0.7945545,0.0123762,0.0693069,0.042654,0.0321782,0.7920792,0.2843602,0.2380952,0.2857143,11.595435894542709
161.0,0.4720497,0.0,0.1304348,0.1176471,0.8819876,0.0,0.704918,0.0,0.0163934,0.1643836,0.0,1.0,0.0547945,0.2857143,0.0,9.735128070758227
1144.0,0.4571678,0.0017483,0.3129371,0.2222222,0.7701049,0.0603147,0.6183369,0.0021322,0.0170576,0.0657371,0.0021322,0.989339,0.2669323,0.08,0.6666667,9.814710982145282
796.0,0.4786432,0.0,0.1595477,0.1204819,0.8844221,0.0,0.7557003,0.0,0.0228013,0.0436137,0.0,0.9967427,0.1183801,0.1860465,0.5,10.34177474101152
186206.0,0.4910261,0.0855987,0.0982729,0.0801908,0.7877351,0.0498319,0.6582879,0.0031673,0.0736734,0.1118661,0.0736589,0.8333165,0.435737,0.0831286,0.3824363,10.529452721013085
32.0,0.40625,0.0,0.15625,0.1578947,0.8125,0.0,0.5714286,0.0,0.0,0.3,0.0,1.0,0.55,0.0,1.0,9.814710982145282
875.0,0.4582857,0.0011429,0.3097143,0.2130802,0.7622857,0.0891429,0.6470588,0.0029412,0.0205882,0.039548,0.0,0.9970588,0.2146893,0.0307692,0.5,9.862717639992917
1544.0,0.4656736,0.0187824,0.1580311,0.1284848,0.8205959,0.0071244,0.6444444,0.0095238,0.052381,0.0540541,0.0190476,0.9873016,0.3048048,0.0844444,0.7777778,10.344995251991222
286.0,0.513986,0.0,0.0034965,0.0,0.9685315,0.0,0.9594595,0.027027,0.0405405,0.0263158,0.0,1.0,0.0131579,0.4444444,0.5,10.776891660007811
14351.0,0.4802453,0.0806912,0.1454951,0.107387,0.8742945,0.0064107,0.7308946,0.0041652,0.0322347,0.0354585,0.0744296,0.9876856,0.2668996,0.0598717,0.530303,10.862856930775358
4846.0,0.4853487,0.1919109,0.1605448,0.1375301,0.8528683,0.0293025,0.7101273,0.0066707,0.0369921,0.1366492,0.1995149,0.7028502,0.4167539,0.1932203,0.4848485,10.31231367277647
6746.0,0.4678328,0.0034094,0.1480878,0.1300836,0.8200415,0.0373555,0.689614,0.0063669,0.0565062,0.0709797,0.0035814,0.9960207,0.3826248,0.047261,0.4615385,10.968215530759236
28766.0,0.5016339,0.0022596,0.0438712,0.0282506,0.9315164,0.0,0.8299225,0.0038155,0.0435889,0.0496649,0.0025436,0.9812695,0.1488847,0.1213057,0.3975904,11.230575816507569
999.0,0.6276276,0.032032,0.0620621,0.0537634,0.6016016,0.2802803,0.6742424,0.0113636,0.0909091,0.3773585,0.0151515,0.9962121,0.4410377,0.1607143,0.7142857,11.083695189061785
373.0,0.4664879,0.0187668,0.1903485,0.1658291,0.8713137,0.0,0.6993464,0.0,0.0130719,0.1774194,0.0196078,1.0,0.2096774,0.0,0.7142857,10.292179440058462
4668.0,0.5197087,0.0796915,0.2495716,0.1819804,0.6773779,0.1465296,0.6033191,0.0010707,0.0364026,0.5389931,0.0594218,0.9908994,0.4032577,0.0840807,0.5925926,11.646590598651017
983.0,0.4374364,0.0,0.2899288,0.2531646,0.7792472,0.0732452,0.6466165,0.0,0.0100251,0.1172566,0.0,0.9899749,0.3384956,0.1208791,1.0,10.060534035475412
235.0,0.4893617,0.0340426,0.2,0.1666667,0.9191489,0.0,0.7954545,0.0,0.0113636,0.1619048,0.0340909,1.0,0.3047619,0.0714286,0.0,9.825580063659602
430.0,0.4790698,0.0,0.2302326,0.1919643,0.8511628,0.0,0.6703297,0.0054945,0.010989,0.1727273,0.0,0.9285714,0.3227273,0.0714286,0.75,9.69898173460629
906.0,0.4381898,0.0033113,0.2384106,0.2043222,0.8156733,0.0794702,0.7237237,0.003003,0.006006,0.0876712,0.003003,0.996997,0.2,0.0571429,0.8,10.638280388314705
438.0,0.4611872,0.0045662,0.130137,0.1059322,0.8721461,0.0,0.7142857,0.0,0.0621118,0.0747126,0.0,1.0,0.2701149,0.0769231,0.0,10.529452721013085
781.0,0.4839949,0.3982074,0.1549296,0.1389578,0.9116517,0.0,0.7562724,0.0,0.0035842,0.1198738,0.3154122,0.9964158,0.29653,0.0952381,0.0,9.918425424900335
384.0,0.4166667,0.0,0.265625,0.2455357,0.8046875,0.0052083,0.5906433,0.0,0.0175439,0.0604396,0.0,1.0,0.3571429,0.0273973,1.0,9.928228944424575
32893.0,0.493266,0.018545,0.0535372,0.0407367,0.9559785,0.0,0.8787454,0.00028,0.0123215,0.0375528,0.0172687,0.9928125,0.0496811,0.0851254,0.25,11.693587311874056
102.0,0.4509804,0.0,0.3235294,0.2142857,0.7843137,0.0,0.5686275,0.0,0.0,0.0555556,0.0,1.0,0.2777778,0.1666667,0.5,9.615805480084347
237.0,0.5147679,0.0,0.1729958,0.1130435,0.92827,0.0,0.8,0.0,0.0,0.279661,0.0,0.9529412,0.3559322,0.25,1.0,9.615805480084347
649.0,0.4930663,0.0,0.0693374,0.0577508,0.9229584,0.0,0.8484848,0.012987,0.038961,0.0253165,0.0,1.0,0.2278481,0.030303,1.0,10.448743588106625
43548.0,0.4943511,0.0222513,0.0870304,0.0682561,0.9249104,0.0001607,0.8203204,0.0012734,0.0302929,0.0307892,0.0224516,0.9763421,0.1992855,0.0713066,0.4590909,11.902945238977257
2584.0,0.4582043,0.0921053,0.247678,0.205,0.7976006,0.0615325,0.6546185,0.002008,0.0140562,0.1602024,0.0702811,0.8463855,0.3237774,0.1912351,0.6190476,9.615805480084347
11951.0,0.4720107,0.0010041,0.2782194,0.1329635,0.8700527,0.0,0.7509472,0.0041874,0.0484546,0.1103424,0.0007976,0.9912263,0.2637928,0.1257862,0.3896104,10.954326659732555
684.0,0.4605263,0.001462,0.1944444,0.1300813,0.8538012,0.0,0.6986301,0.0034247,0.0376712,0.0363036,0.0034247,0.989726,0.0231023,0.0,0.0,11.527823929632195
1546.0,0.4469599,0.0019405,0.2490298,0.1836257,0.7742561,0.0523933,0.6346749,0.003096,0.0417957,0.24,0.001548,0.9922601,0.3011765,0.0242718,0.8333333,10.49684202174171
1526.0,0.4934469,0.0,0.1205767,0.0866753,0.8938401,0.0,0.75,0.0052083,0.0260417,0.073955,0.0,0.9982639,0.2057878,0.0887097,0.2857143,10.633472802314019
11897.0,0.4901236,0.0036144,0.1049004,0.0487966,0.8817349,0.0009246,0.7729414,0.0056092,0.0708997,0.0634587,0.004263,0.956473,0.2630805,0.0689415,0.0505051,11.93558195089097
5660.0,0.4399293,0.0309187,0.2121908,0.1933754,0.7577739,0.0208481,0.5596295,0.0030876,0.0378232,0.0676502,0.0231571,0.9945967,0.5019791,0.036635,0.4090909,10.898607948952096
373.0,0.4932976,0.002681,0.1179625,0.1005291,0.919571,0.0,0.7777778,0.0,0.015873,0.125,0.0079365,0.8333333,0.3055556,0.2,1.0,10.428245666832275
645.0,0.4635659,0.0077519,0.1410853,0.1531792,0.8496124,0.0,0.6730769,0.0038462,0.0384615,0.0940767,0.0038462,0.9884615,0.466899,0.0860215,0.6,10.285376924115587
318.0,0.4716981,0.0880503,0.1792453,0.1369048,0.8836478,0.0,0.7235772,0.0,0.0243902,0.1960784,0.0650407,0.9430894,0.2941176,0.1176471,0.6,9.928228944424575
1354.0,0.465288,0.2717873,0.2363368,0.1712707,0.8028065,0.0420975,0.6578014,0.0035461,0.0230496,0.0858995,0.2003546,0.9964539,0.2269044,0.0807453,1.0,10.448743588106625
1093.0,0.4720952,0.0036597,0.189387,0.1057192,0.8243367,0.0,0.6587473,0.0043197,0.0561555,0.0813492,0.0021598,0.9978402,0.2142857,0.0462963,0.6666667,11.62893804540639
77211.0,0.5031537,0.1380114,0.0636308,0.0565925,0.8684902,0.0375465,0.7812783,0.0064503,0.0500295,0.0353606,0.1332547,0.8967158,0.3224191,0.1346517,0.1338583,11.6172944892629
1291.0,0.4848954,0.0,0.186677,0.1443609,0.8505035,0.0472502,0.7462687,0.0042644,0.021322,0.0428571,0.0,0.9978678,0.1918367,0.0825688,0.5714286,10.482933978579906
9007.0,0.4675253,0.0276452,0.1282336,0.1136364,0.8543355,0.0418563,0.7536328,0.0042933,0.0452444,0.0393401,0.0247688,0.9663144,0.3067893,0.0871143,0.5238095,12.117246896289503
19.0,0.6842105,0.0,0.1578947,0.0,0.6842105,0.0,0.4545455,0.0,0.0,0.3125,0.0,1.0,0.5,0.0,0.0,9.615805480084347
9315.0,0.4926463,0.0063339,0.0687064,0.0584003,0.9331186,0.0045089,0.8454039,0.0034819,0.0362117,0.0549523,0.0048747,0.9829387,0.1131951,0.0920245,0.6041667,11.951831796597101
90.0,0.4666667,0.0555556,0.2,0.2291667,0.9,0.0,0.75,0.0,0.0,0.027027,0.0555556,1.0,0.1351351,0.1666667,0.0,10.102379394048045
11677.0,0.470155,0.0,0.1564614,0.1401325,0.843196,0.030316,0.7118875,0.0063521,0.0328947,0.0425717,0.0,0.9965971,0.3950912,0.0793184,0.4333333,10.518700218288165
56065.0,0.509266,0.0105948,0.055721,0.0556828,0.9269598,0.0056363,0.8160829,0.0059699,0.0463929,0.0421633,0.0131626,0.1452205,0.7997933,0.3576672,0.2592593,11.783723297487764
17336.0,0.4291071,0.3874019,0.1564952,0.1459028,0.7106022,0.02988,0.5217277,0.0019693,0.0896678,0.0744836,0.2896153,0.9901536,0.3605103,0.0596229,0.6034483,11.092869425057021
4587.0,0.5090473,0.0156965,0.1327665,0.0737123,0.9045128,0.0237628,0.8138501,0.0012706,0.019695,0.0119272,0.0063532,0.9968234,0.0847458,0.0873016,0.5,11.083695189061785
9493.0,0.4839355,0.0012641,0.316233,0.1002245,0.8601074,0.004319,0.7559361,0.0018265,0.0415525,0.6052632,0.0009132,0.9840183,0.4483598,0.0523114,0.3905192,11.998439434579149
3222.0,0.5211049,0.0049659,0.0667287,0.0648088,0.9258225,0.0049659,0.8231421,0.0018815,0.0263405,0.0534283,0.0018815,0.9924741,0.3259127,0.1942446,0.6666667,10.401258331428318
3043.0,0.5004929,0.0,0.1123891,0.0539474,0.919816,0.0,0.7962617,0.0009346,0.0224299,0.0970464,0.0,0.7056075,0.3620253,0.1144068,0.2666667,10.909637269778615
600.0,0.4783333,0.0,0.2866667,0.1565495,0.835,0.0,0.6542751,0.0,0.0223048,0.1003344,0.0,0.9665428,0.4715719,0.1234568,0.8,10.413342705547674
16312.0,0.4678151,0.4616846,0.1739823,0.1543601,0.821665,0.061795,0.7077889,0.0030545,0.0240964,0.0926867,0.4293229,0.9952486,0.3143957,0.1149855,0.5238095,10.442929787247998
134.0,0.5074627,0.0,0.4104478,0.3787879,0.5671642,0.2686567,0.5227273,0.0,0.0227273,0.2280702,0.0,1.0,0.2982456,0.1538462,0.0,9.615805480084347
14710.0,0.4807614,0.0813732,0.0626105,0.045038,0.7488103,0.0009517,0.591526,0.0033102,0.1390268,0.0593181,0.0753062,0.918901,0.4354663,0.0783212,0.3333333,12.068538968726306
5889.0,0.4710477,0.0011887,0.1339786,0.1078652,0.8196638,0.0225845,0.6824034,0.004721,0.0656652,0.0279516,0.0,0.9944206,0.3637881,0.0447958,0.2608696,10.61890979160975
299.0,0.4916388,0.0,0.1438127,0.0657895,0.9130435,0.0,0.7889908,0.0,0.0275229,0.0683761,0.0,1.0,0.1965812,0.0,0.5,9.680406499268875
2653.0,0.4632492,0.0599322,0.1571806,0.1383427,0.8846589,0.0,0.7198825,0.0019589,0.0176298,0.1067367,0.049951,0.9980411,0.3954506,0.1265823,0.5555556,10.154285180632154
2003.0,0.459311,0.0024963,0.1887169,0.1523546,0.8671992,0.0,0.6941935,0.0077419,0.0193548,0.0828402,0.0,0.9935484,0.2118343,0.0578035,1.0,9.94755228369823
1048.0,0.4866412,0.0,0.254771,0.2137546,0.8234733,0.0410305,0.6690998,0.0,0.0121655,0.2171429,0.0,0.9829684,0.3238095,0.1276596,0.2857143,9.923339198238729
322.0,0.5341615,0.0465839,0.1614907,0.1133333,0.5310559,0.0,0.368984,0.0,0.1604278,0.1137441,0.0534759,0.973262,0.6113744,0.008547,1.0,10.922352923113982
1716.0,0.4947552,0.0005828,0.1299534,0.0519031,0.8962704,0.0,0.7703927,0.0015106,0.0362538,0.2382048,0.0015106,0.9984894,0.3210587,0.0588235,0.5,10.835671318412196
538.0,0.4702602,0.0,0.1765799,0.1052632,0.8903346,0.0,0.7393365,0.0,0.0189573,0.2037736,0.0,0.9763033,0.309434,0.1590909,0.0,9.803722464346553
7673.0,0.4737391,0.0162909,0.1069986,0.0770183,0.8966506,0.0,0.7622869,0.0013373,0.0234035,0.0570618,0.0177198,0.9986627,0.2919294,0.0594595,0.3333333,10.757924157061597
1465.0,0.4778157,0.0197952,0.1412969,0.1359477,0.8894198,0.0,0.741652,0.0017575,0.0193322,0.0910543,0.0123023,0.9947276,0.2763578,0.1182796,0.6923077,10.344995251991222
451.0,0.4944568,0.0,0.1973392,0.1359649,0.8736142,0.0,0.7090909,0.0121212,0.0181818,0.1831683,0.0,0.8181818,0.470297,0.3076923,0.3333333,9.615805480084347
1992.0,0.4643574,0.2208835,0.1636546,0.158388,0.8599398,0.002008,0.69375,0.005,0.0275,0.0708479,0.185,0.99375,0.3263647,0.0943396,0.5,9.852246888342531
258.0,0.4767442,0.003876,0.1627907,0.1111111,0.8604651,0.0,0.7181818,0.0090909,0.0363636,0.0983607,0.0,1.0,0.2295082,0.0416667,1.0,9.615805480084347
2709.0,0.4865264,0.0014766,0.1244001,0.1092739,0.8456995,0.0269472,0.7084608,0.0040775,0.0468909,0.019,0.0,0.9949032,0.292,0.0672783,0.0,11.036517370851499
315.0,0.4920635,0.0126984,0.0984127,0.09375,0.8920635,0.0,0.7478992,0.0084034,0.0252101,0.0703125,0.0084034,0.9747899,0.4609375,0.0909091,0.0,10.221977646629885
16636.0,0.498918,0.0072734,0.0637172,0.0513436,0.8843472,0.0,0.7555141,0.0062776,0.0658297,0.0530206,0.0083135,0.7750254,0.2718509,0.101,0.5163934,11.013715451376466
634.0,0.5141956,0.1214511,0.0488959,0.0324675,0.966877,0.0,0.9045226,0.0,0.0100503,0.0657277,0.1256281,0.9698492,0.0985915,0.2222222,0.5,11.288543647320601
3038.0,0.4904542,0.0134957,0.2425938,0.1944444,0.7310731,0.1198157,0.6475063,0.0016906,0.0270499,0.0850735,0.0,0.9957735,0.2575406,0.0553846,0.8139535,10.025749432069084
194.0,0.4742268,0.0,0.2216495,0.1862745,0.871134,0.0,0.695122,0.0,0.0,0.0681818,0.0,1.0,0.2045455,0.0833333,0.0,10.021315031649332
5988.0,0.4863059,0.005511,0.1297595,0.1069571,0.8438544,0.0262191,0.6987839,0.0065482,0.0420954,0.0455357,0.0060804,0.924696,0.4160714,0.1815534,0.4285714,10.859018228147887
174.0,0.4827586,0.0287356,0.1724138,0.1666667,0.7931034,0.0,0.5342466,0.0,0.0273973,0.0875,0.0410959,0.9726027,0.375,0.0,0.0,9.615805480084347
568.0,0.471831,0.0299296,0.2059859,0.1533333,0.8820423,0.0,0.7344398,0.0041494,0.0082988,0.0585938,0.0248963,1.0,0.2382812,0.0363636,0.3333333,9.966509298952284
3071.0,0.4392706,0.0605666,0.2220775,0.213705,0.8160208,0.0380983,0.6630265,0.0015601,0.0093604,0.0608059,0.0483619,0.9953198,0.2820513,0.0833333,0.5333333,10.305647203635566
4854.0,0.5644829,0.0857025,0.0010301,0.0028382,0.8098475,0.1876803,0.9901961,0.0,0.0008913,0.1137441,0.0757576,0.9483066,0.2480253,0.1726297,0.0,10.714439990727769
857.0,0.4632439,0.0,0.2975496,0.1826087,0.7852975,0.0186698,0.6120907,0.0025189,0.0327456,0.4916773,0.0,1.0,0.4302177,0.0367647,0.75,10.43708198835482
51.0,0.4509804,0.0,0.1960784,0.25,0.8627451,0.0,0.6666667,0.0,0.0,0.3,0.0,1.0,0.5333333,0.0,1.0,9.615805480084347
651.0,0.4823349,0.0015361,0.1075269,0.0890208,0.9016897,0.0,0.7711864,0.0042373,0.0254237,0.1355311,0.0042373,0.9576271,0.4432234,0.1428571,0.75,10.275085591132715
205.0,0.5073171,0.0,0.0829268,0.0594059,0.9317073,0.0,0.8142857,0.0,0.0142857,0.0540541,0.0,0.9857143,0.3378378,0.24,1.0,9.803722464346553
1144.0,0.4554196,0.1975524,0.1284965,0.1139647,0.8968531,0.0,0.7470449,0.0023641,0.0212766,0.0863931,0.1820331,0.9716312,0.3045356,0.031746,0.8,10.268165387743457
5861.0,0.4813172,0.0150145,0.1489507,0.1065789,0.8539498,0.0,0.6802375,0.0016964,0.0381679,0.034398,0.0131467,0.9872774,0.2313677,0.0376506,0.45,10.904137815028022
2331.0,0.4954955,0.2874303,0.0604891,0.0637755,0.8807379,0.015873,0.7629534,0.003886,0.0595855,0.0631068,0.2784974,0.9818653,0.3264563,0.1333333,0.1363636,10.322230781590136
419.0,0.4415274,0.0,0.3747017,0.2606838,0.6587112,0.176611,0.566879,0.0,0.0063694,0.1179775,0.0,1.0,0.247191,0.0,1.0,9.615805480084347
505.0,0.4237624,0.0,0.2910891,0.2405498,0.8019802,0.0,0.6056911,0.0,0.0121951,0.1487889,0.0,1.0,0.3944637,0.0724638,0.5,9.923339198238729
1182.0,0.4805415,0.001692,0.0905245,0.0749186,0.9263959,0.0,0.8005051,0.0,0.020202,0.01,0.0,0.9924242,0.125,0.1111111,0.0,11.028433383156079
76836.0,0.4855927,0.2160446,0.144867,0.1200759,0.8185746,0.0563017,0.6925203,0.0036222,0.0371186,0.0779534,0.1766683,0.916315,0.3453156,0.1199636,0.3839662,10.77270764101727
892.0,0.4439462,0.0011211,0.3475336,0.2096774,0.8026906,0.0650224,0.6878453,0.0,0.0138122,0.1298077,0.0,0.9834254,0.2692308,0.0675676,0.75,9.615805480084347
259.0,0.4749035,0.0,0.007722,0.0073529,0.969112,0.0,0.8928571,0.0,0.0357143,0.2112676,0.0,1.0,0.8591549,0.4,0.0,9.615805480084347
345.0,0.5072464,0.0,0.2115942,0.1588235,0.8753623,0.0,0.6946565,0.0,0.0229008,0.0839161,0.0,1.0,0.1398601,0.1111111,0.0,9.615805480084347
2106.0,0.5137702,0.0009497,0.2094017,0.1015625,0.8133903,0.0887939,0.7692308,0.011396,0.042735,0.0589812,0.0,0.9757835,0.30563,0.12,0.1666667,10.78727575364831
3270.0,0.4892966,0.0440367,0.0981651,0.0760479,0.859633,0.0,0.7185583,0.0015337,0.0621166,0.0861948,0.0360429,0.9562883,0.2852137,0.0792683,0.125,11.624475784206961
54718.0,0.4398918,0.0309953,0.1539895,0.1052924,0.6426953,0.0353631,0.4799852,0.0019296,0.1332266,0.0392853,0.0230734,0.9777066,0.4965093,0.036155,0.5828877,12.54646931434116
1161.0,0.4521964,0.002584,0.1447028,0.1430818,0.8751077,0.0,0.7123894,0.0022124,0.0287611,0.0583333,0.0044248,1.0,0.2958333,0.0604027,0.8,10.130662964963708
177.0,0.4915254,0.0,0.1299435,0.0222222,0.9774011,0.0,0.9365079,0.0,0.0,0.0,0.0,0.968254,0.0,0.0,0.0,11.693587311874056
385.0,0.4701299,0.0,0.2155844,0.1323529,0.8727273,0.0,0.69375,0.0,0.0,0.1256831,0.0,0.99375,0.2513661,0.047619,0.6666667,9.648659816955295
1068.0,0.4719101,0.0,0.2705993,0.2056738,0.7790262,0.0533708,0.6308725,0.0044743,0.0201342,0.0969697,0.0,1.0,0.2565657,0.0909091,0.7,9.615805480084347
17180.0,0.4618743,0.004482,0.1658906,0.1214711,0.8409197,0.0,0.6601887,0.0029573,0.0374595,0.0312415,0.0033798,0.9923954,0.2079127,0.0202066,0.4571429,11.015361515187424
2655.0,0.5073446,0.0297552,0.0621469,0.0626911,0.8843691,0.0,0.7468106,0.0029441,0.0382728,0.0744777,0.0264966,0.9823356,0.3315168,0.0731707,0.4117647,11.046132675457146
462.0,0.4805195,0.0,0.2987013,0.2041667,0.7683983,0.0865801,0.6740331,0.0055249,0.0276243,0.0858586,0.0,1.0,0.2222222,0.0294118,0.8571429,10.146472946063877
3727.0,0.481084,0.1521331,0.0839818,0.0785936,0.9095787,0.0,0.7712519,0.0061824,0.0193199,0.069734,0.1313756,0.9945904,0.356578,0.1288515,0.4583333,10.657282884047461
8559.0,0.4735366,0.0411263,0.2157962,0.1131824,0.8134128,0.0146045,0.7033031,0.0011692,0.0809705,0.0357948,0.0298158,0.9731073,0.0791995,0.0704648,0.175,12.390895238790055
8210.0,0.4755177,0.001218,0.189525,0.0817464,0.9401949,0.0048721,0.8356657,0.0015994,0.0131947,0.3652284,0.0007997,0.3770492,0.5878173,0.3,0.3538462,10.12667110305036
7280.0,0.4809066,0.0535714,0.1162088,0.0870601,0.8498626,0.0,0.6949968,0.0044901,0.0404105,0.0528554,0.0538807,0.9929442,0.3900365,0.0498188,0.25,10.666650414667744
578.0,0.4550173,0.1470588,0.2716263,0.2349206,0.8010381,0.0553633,0.6740088,0.0044053,0.0352423,0.1335878,0.154185,1.0,0.1984733,0.1833333,1.0,10.524090921620362
6658.0,0.4756684,0.0010514,0.1652148,0.1400745,0.8304296,0.0160709,0.662844,0.0045872,0.0443425,0.0289532,0.0003823,0.9889144,0.342242,0.0643821,0.5,10.5815464756746
1542.0,0.4954604,0.0103761,0.1290532,0.0861183,0.8904021,0.0,0.7545605,0.0016584,0.0281924,0.1311239,0.0099502,0.9966833,0.2420749,0.0917431,0.6666667,10.468829770273567
4349.0,0.4773511,0.0041389,0.1639457,0.1262648,0.8047827,0.0165555,0.6352201,0.0051458,0.0640366,0.0368943,0.004574,0.9319611,0.4322687,0.0775758,0.3076923,10.843514342086866
1989.0,0.3459025,0.0010055,0.8818502,0.4696387,0.5786828,0.0,0.4069515,0.0,0.0137581,0.1384903,0.0007241,0.9942071,0.7099189,0.0,0.4090909,10.909637269778615
2043.0,0.4610866,0.0034263,0.2183064,0.1680291,0.8306412,0.0401371,0.6832215,0.0067114,0.0228188,0.0509554,0.0013423,0.947651,0.2458599,0.1103896,0.4347826,10.43708198835482
532.0,0.537594,0.0,0.056391,0.0284553,0.9022556,0.0,0.7628205,0.0128205,0.0833333,0.147541,0.0,0.9935897,0.4262295,0.1,0.0,10.604131561522696
5436.0,0.464312,0.0005519,0.151582,0.1198489,0.8519132,0.0057027,0.7050754,0.0059442,0.044353,0.0365639,0.0,0.9977138,0.3048458,0.0333333,0.1,11.05881093278828
520.0,0.4807692,0.0,0.2461538,0.2111111,0.8230769,0.0,0.6233766,0.0,0.021645,0.0976562,0.0,1.0,0.1328125,0.0895522,1.0,9.989711119284745
5169.0,0.473786,0.0067711,0.1584446,0.1036765,0.8756046,0.0,0.7417279,0.0036765,0.0303309,0.0460324,0.0068934,0.9977022,0.2989917,0.0556465,0.5454545,10.510559281627845
214.0,0.4626168,0.0,0.1682243,0.1217391,0.9158879,0.0,0.7763158,0.0,0.0131579,0.1648352,0.0,0.9868421,0.1648352,0.375,1.0,9.615805480084347
571.0,0.4886165,0.0017513,0.2276708,0.1986301,0.8441331,0.0,0.6718147,0.0,0.011583,0.1220339,0.0,1.0,0.3762712,0.0298507,1.0,9.90353755128617
550.0,0.4436364,0.0072727,0.1527273,0.1601307,0.7290909,0.0,0.5458015,0.0114504,0.0992366,0.0642857,0.0076336,0.8854962,0.475,0.0740741,0.2,10.872389709681492
873.0,0.4982818,0.002291,0.161512,0.109589,0.9026346,0.0,0.7956656,0.003096,0.0433437,0.0212121,0.0,0.993808,0.1242424,0.0517241,1.0,11.340962076644454
1243.0,0.4376508,0.1552695,0.2574417,0.1802575,0.8310539,0.0,0.6544503,0.0017452,0.0191972,0.1074766,0.1518325,0.9982548,0.2009346,0.0753425,0.9,10.661977618146238
874.0,0.4988558,0.0846682,0.0446224,0.0342466,0.9382151,0.0,0.8634812,0.0,0.0409556,0.0786164,0.0750853,0.996587,0.1446541,0.0,0.0625,11.423011698301428
3149.0,0.483328,0.0082566,0.1254366,0.1051014,0.7538901,0.0038107,0.5575159,0.0056457,0.0825688,0.0380177,0.0042343,0.9816514,0.431093,0.0458839,0.0,10.985309671896763
5116.0,0.4994136,0.0568804,0.1286161,0.1175322,0.7548866,0.0482799,0.6350636,0.0143008,0.123411,0.134342,0.0434322,0.8940678,0.7111417,0.1079504,0.5294118,10.691967639914864
21222.0,0.4869946,0.3681557,0.0800113,0.0834941,0.8736217,0.0112619,0.7256768,0.0049585,0.0418118,0.2066766,0.3244438,0.9603324,0.4923453,0.135451,0.4363636,10.734242182303689
2911.0,0.4596359,0.0154586,0.301271,0.1392244,0.8220543,0.0,0.6517451,0.0,0.0409712,0.4338488,0.0151745,0.9939302,0.1713918,0.0462046,0.5679012,11.951831796597101
3879.0,0.4624903,0.0005156,0.2173241,0.1707434,0.8110338,0.039701,0.6506101,0.0006423,0.0186256,0.0900058,0.0,0.9993577,0.3658679,0.0457875,0.5416667,10.2328272702548
111.0,0.5135135,0.0,0.1621622,0.1296296,0.9279279,0.0,0.8139535,0.0,0.0,0.0851064,0.0,1.0,0.1914894,0.125,0.0,10.451637862362272
360.0,0.5111111,0.0055556,0.1138889,0.0852273,0.9361111,0.0,0.8345865,0.0,0.0075188,0.1192053,0.0,0.9924812,0.2847682,0.1111111,0.7142857,10.177362240256695
795.0,0.4968553,0.0490566,0.1320755,0.0575,0.9559748,0.0,0.8815331,0.0,0.0034843,0.0304054,0.0557491,0.9965157,0.0777027,0.0816327,0.0,10.70101727068921
2998.0,0.5036691,0.0050033,0.1280854,0.0806452,0.8849233,0.0046698,0.7851711,0.0057034,0.0693916,0.0186567,0.006654,0.9096958,0.130597,0.1148649,0.25,12.271865067705159
2070.0,0.4623188,0.1560386,0.1816425,0.1500449,0.7985507,0.0096618,0.625,0.0023148,0.0671296,0.2380952,0.1226852,0.9664352,0.2918871,0.0755208,0.6206897,11.58989576532275
181.0,0.480663,0.0,0.0994475,0.0744681,0.9392265,0.0,0.8070175,0.0,0.0,0.1971831,0.0,0.9122807,0.2676056,0.4285714,0.0,10.571342565808699
1343.0,0.4489948,0.9657483,0.1273269,0.1364865,0.908414,0.0,0.7534562,0.0,0.0230415,0.0958333,0.9585253,0.9976959,0.2604167,0.2056075,0.3333333,9.758519582283522
312.0,0.4679487,0.0,0.4519231,0.1626506,0.8333333,0.0,0.7105263,0.0,0.0526316,0.4703833,0.0,0.9868421,0.184669,0.0,0.5833333,12.922938794110705
1837.0,0.4763201,0.0010887,0.0968971,0.0925156,0.8628198,0.0,0.6985714,0.0057143,0.0471429,0.048913,0.0,0.99,0.3994565,0.0510441,0.0,10.753659849198824
414.0,0.5217391,0.0096618,0.147343,0.1212121,0.8599034,0.0,0.7055215,0.006135,0.0429448,0.0893855,0.0,0.993865,0.2960894,0.2631579,0.6666667,10.118639253920785
22113.0,0.5019672,0.0477095,0.0180889,0.0170707,0.9444218,0.0,0.8692955,0.0069414,0.0344115,0.0531394,0.045045,0.9322109,0.1399804,0.1949482,0.3148148,10.998777662206932
11500.0,0.4929565,0.0007826,0.0493043,0.0312125,0.9593043,0.0,0.8657607,0.0013258,0.0175671,0.0229922,0.0006629,0.989062,0.1499352,0.2119914,0.2857143,11.225256725762893
36818.0,0.5048889,0.0136075,0.1082079,0.0653355,0.9093107,0.0004074,0.8195559,0.0050663,0.0664528,0.0312474,0.0158744,0.9575277,0.2931697,0.1265145,0.254902,12.373284794623576
4386.0,0.4879161,0.0984952,0.1826265,0.10374,0.8458732,0.002508,0.7254005,0.0017162,0.0652174,0.0310421,0.0863844,0.9754005,0.1141907,0.0838323,0.3846154,12.197541357359519
851.0,0.5017626,0.0011751,0.1210341,0.1132075,0.8695652,0.0376028,0.7580645,0.0,0.0129032,0.0634441,0.0,0.9935484,0.2114804,0.0574713,0.5,10.250652418696085
28374.0,0.4990837,0.0041235,0.0428914,0.0348273,0.9576725,0.0009868,0.8872943,0.0068466,0.0263331,0.0552308,0.0036866,0.9315339,0.1525065,0.3351598,0.6666667,10.638280388314705
1769.0,0.5098926,0.0101752,0.044658,0.0392157,0.9474279,0.0,0.8697183,0.0052817,0.0246479,0.0421585,0.0105634,0.9929577,0.1180438,0.0967742,0.2,11.095908894882296
14215.0,0.4731622,0.2478368,0.1331692,0.1336627,0.790503,0.0736546,0.6757699,0.0038737,0.0387372,0.0905408,0.2055007,0.9868294,0.398626,0.1108129,0.557377,10.563620718477313
14120.0,0.461119,0.0561615,0.2015581,0.146537,0.7043201,0.0475921,0.5622717,0.0036533,0.0951511,0.2779376,0.0506476,0.9782464,0.4322542,0.0636516,0.4553571,11.60186082325361
1917.0,0.4908712,0.1011998,0.1006781,0.0686475,0.9337507,0.0,0.8382789,0.0059347,0.0207715,0.079235,0.1038576,0.9940653,0.192623,0.0980392,0.7272727,10.614007941153417
285.0,0.5333333,0.5438596,0.1438596,0.1578947,0.677193,0.2140351,0.654321,0.0,0.0246914,0.1980198,0.6666667,1.0,0.4158416,0.1034483,1.0,9.65509029374725
201.0,0.4726368,0.0,0.119403,0.1886792,0.8955224,0.0,0.7407407,0.0,0.0,0.0240964,0.0,1.0,0.253012,0.1111111,0.0,10.056251557087757
748.0,0.4705882,0.0,0.1550802,0.1313131,0.8502674,0.0227273,0.7041199,0.0074906,0.0449438,0.0729167,0.0,0.9962547,0.2604167,0.0652174,0.0,10.413342705547674
440.0,0.4886364,0.0,0.2159091,0.1244444,0.8522727,0.0,0.6888889,0.0,0.0444444,0.0217391,0.0,1.0,0.1902174,0.1111111,0.0,10.351405324899678
16169.0,0.504422,0.0461995,0.0718659,0.0656433,0.9014163,0.0162657,0.7832011,0.0069148,0.0382347,0.1186593,0.0488103,0.5887736,0.4943538,0.2200832,0.1880342,10.643064971973882
33822.0,0.4978121,0.225445,0.1393472,0.1193995,0.7833067,0.0671161,0.6587327,0.0050151,0.0487184,0.1023937,0.1739373,0.9867855,0.3429796,0.0978799,0.3222222,10.422311107413181
528.0,0.4545455,0.3920455,0.2102273,0.2222222,0.8276515,0.0,0.6239316,0.0,0.0128205,0.1490909,0.3076923,1.0,0.3890909,0.0779221,0.5,9.615805480084347
92.0,0.4456522,0.0,0.3152174,0.2156863,0.8478261,0.0,0.6744186,0.0,0.0,0.1886792,0.0,1.0,0.1509434,0.1428571,1.0,9.615805480084347
150.0,0.4933333,0.0,0.1533333,0.1447368,0.8933333,0.0,0.7460317,0.0,0.0,0.125,0.0,1.0,0.4583333,0.0909091,1.0,9.642187721358466
858.0,0.479021,0.0,0.018648,0.0402685,0.9055944,0.027972,0.8,0.0046512,0.055814,0.1188525,0.0,0.972093,0.3278689,0.3654822,0.0,11.03973275601109
9671.0,0.4793713,0.0038259,0.1639955,0.1064548,0.7900941,0.0204736,0.6367901,0.0083951,0.0701235,0.0373188,0.0024691,0.9908642,0.3696221,0.0521907,0.2777778,10.685126264117057
63.0,0.4761905,0.0,0.1904762,0.0909091,0.9206349,0.0,0.7826087,0.0,0.0,0.1785714,0.0,1.0,0.25,0.0,0.0,9.615805480084347
1244.0,0.4839228,0.0,0.1189711,0.1137072,0.8882637,0.0,0.7385621,0.0043573,0.0283224,0.0594262,0.0,0.9934641,0.2807377,0.0647482,0.4,10.261196961231647
67.0,0.5074627,0.0,0.1791045,0.0909091,0.7910448,0.0,0.5555556,0.0,0.0740741,0.1,0.0,1.0,0.2333333,0.1666667,1.0,9.615805480084347
1162.0,0.4819277,0.0,0.070568,0.0631229,0.9216867,0.0,0.8427835,0.0128866,0.056701,0.039604,0.0,1.0,0.2376238,0.0990099,0.3333333,10.540090836284206
630.0,0.4809524,0.0,0.1746032,0.1559633,0.8539683,0.0,0.6893939,0.0,0.0340909,0.0769231,0.0,0.9962121,0.3566434,0.028169,0.0,10.298935994257638
637.0,0.4866562,0.0,0.1397174,0.0917431,0.8869702,0.0,0.7357724,0.0,0.0284553,0.027668,0.0,1.0,0.2173913,0.0588235,0.5,10.526775414924009
2225.0,0.4678652,0.0017978,0.5168539,0.2010135,0.8022472,0.0089888,0.6721596,0.0026019,0.0320902,0.2037293,0.0008673,0.9887251,0.4302486,0.04,0.4166667,10.949068194652432
328.0,0.5,0.0,0.1493902,0.1097561,0.8506098,0.0,0.7007874,0.007874,0.0787402,0.0797101,0.0,1.0,0.2536232,0.03125,1.0,10.542732775946709
1580.0,0.4797468,0.1316456,0.1265823,0.093674,0.9246835,0.0,0.8062827,0.0,0.0122164,0.0933544,0.1151832,0.9965096,0.193038,0.125,0.6363636,10.275085591132715
368.0,0.4728261,0.0,0.2744565,0.1649485,0.8423913,0.0,0.6686391,0.0,0.0118343,0.0815217,0.0,0.9881657,0.2228261,0.027027,0.0,9.62251624577579
931.0,0.4500537,0.0064447,0.2696026,0.2109375,0.7808808,0.0644468,0.6494565,0.0054348,0.0271739,0.1381733,0.0027174,1.0,0.3091335,0.0612245,1.0,9.867912187022208
14823.0,0.4713621,0.0248937,0.1398502,0.1011996,0.7072792,0.0,0.5129944,0.0022599,0.1094633,0.057508,0.024435,0.6637006,0.6155485,0.0277549,0.3571429,11.429554725537322
107.0,0.5140187,0.0,0.2056075,0.0384615,0.8878505,0.0,0.7333333,0.0,0.0,0.1666667,0.0,1.0,0.3518519,0.0,0.0,9.615805480084347
421.0,0.4489311,0.0,0.2921615,0.2155172,0.8099762,0.0,0.5989848,0.0,0.0050761,0.1959184,0.0,0.9949239,0.1836735,0.0294118,0.625,9.615805480084347
108.0,0.4259259,0.0092593,0.2037037,0.1935484,0.75,0.0,0.5192308,0.0,0.0384615,0.2972973,0.0192308,1.0,0.4189189,0.05,1.0,9.615805480084347
263.0,0.4334601,0.0,0.1711027,0.1342282,0.8479087,0.0,0.6831683,0.0,0.0594059,0.0380952,0.0,1.0,0.1619048,0.125,0.0,9.615805480084347
1508.0,0.479443,0.0019894,0.1564987,0.066242,0.8985411,0.0,0.7684022,0.0017953,0.0359066,0.162406,0.005386,1.0,0.1097744,0.0612245,0.7142857,11.98854454800156
260.0,0.4730769,0.0923077,0.2384615,0.1313869,0.9076923,0.0,0.7745098,0.0,0.0098039,0.0973451,0.0980392,1.0,0.2566372,0.0,0.0,10.207325906555994
6271.0,0.4906713,0.0006379,0.2541859,0.1111459,0.8633392,0.0017541,0.7366224,0.0041746,0.0474383,0.1809139,0.0003795,0.9848197,0.4647187,0.1316348,0.5384615,10.725489582719506
3855.0,0.4866407,0.0023346,0.1128405,0.0576049,0.8972763,0.0,0.7798223,0.0006345,0.0285533,0.0740306,0.0038071,0.9930203,0.039953,0.0684932,0.2424242,12.190456343334482
40822.0,0.4855225,0.2513841,0.1134192,0.0939434,0.87786,0.0086473,0.7322303,0.0037062,0.0308405,0.0939074,0.2380543,0.8703508,0.3656153,0.1062684,0.6952381,10.518700218288165
268.0,0.5149254,0.0,0.119403,0.0538462,0.9328358,0.0,0.8265306,0.0,0.0102041,0.1009174,0.0,1.0,0.2110092,0.2105263,0.0,11.034905792929415
25578.0,0.4845961,0.0391352,0.1077488,0.0752484,0.8320041,0.014661,0.6993418,0.0055844,0.0714998,0.0326066,0.0268249,0.9917232,0.1859927,0.0492465,0.1891892,11.344518647594766
205.0,0.4926829,0.0,0.1902439,0.0673077,0.8926829,0.0,0.7710843,0.0,0.0361446,0.1354167,0.0,0.9518072,0.2395833,0.0,0.6666667,10.485731104959568
135.0,0.4962963,0.3481481,0.1037037,0.0882353,0.9185185,0.0,0.7804878,0.0,0.0487805,0.0681818,0.3170732,1.0,0.25,0.3636364,0.0,10.322230781590136
2668.0,0.4775112,0.0221139,0.1502999,0.1133429,0.8088456,0.0,0.6210436,0.005988,0.0479042,0.0670391,0.0171086,0.9905902,0.3902634,0.0323974,0.0,10.633472802314019
2461.0,0.4729785,0.0008127,0.2238927,0.154202,0.8394961,0.0203169,0.6853147,0.001998,0.024975,0.0347155,0.0,0.999001,0.2738669,0.0532787,0.8,10.196194479235656
124.0,0.4193548,0.1693548,0.2258065,0.3055556,0.8225806,0.0,0.625,0.0,0.0178571,0.0175439,0.1785714,1.0,0.3508772,0.05,0.0,10.351405324899678
52351.0,0.496342,0.0068385,0.0431319,0.032389,0.9217207,0.0034001,0.8028116,0.0044959,0.0398936,0.0434309,0.0079787,0.9516211,0.2890545,0.1009464,0.375,10.934908916663861
441.0,0.4557823,0.3718821,0.1995465,0.2166667,0.8684807,0.0,0.6836158,0.0,0.0112994,0.1015228,0.2768362,1.0,0.3045685,0.1142857,1.0,10.021315031649332
676.0,0.4526627,0.0,0.3446746,0.2783784,0.7071006,0.1168639,0.5670498,0.0,0.0191571,0.0905923,0.0,1.0,0.5226481,0.0555556,0.75,9.908524844053396
29462.0,0.4809246,0.0033942,0.1407915,0.0989342,0.8154911,0.0154776,0.666299,0.0085695,0.0658408,0.0434994,0.0029696,0.9783642,0.4128388,0.077466,0.3857143,10.616461869895815
1054.0,0.4924099,0.4136622,0.1053131,0.1028037,0.9051233,0.0,0.7367021,0.0,0.0026596,0.1047619,0.3909574,0.9973404,0.35,0.1184211,0.5714286,9.615805480084347
572.0,0.4597902,0.0681818,0.1171329,0.1359223,0.9213287,0.0,0.8045455,0.0,0.0090909,0.030837,0.0454545,1.0,0.1718062,0.1,1.0,11.089820688682373
6511.0,0.5020734,0.0030717,0.0729535,0.0367057,0.946552,0.0,0.8710407,0.0040724,0.0217195,0.0195209,0.0040724,0.9963801,0.0488021,0.0862944,0.2,11.263194068746921
167.0,0.4670659,0.0,0.1317365,0.1011236,0.8862275,0.0,0.7288136,0.0,0.0508475,0.1323529,0.0,1.0,0.2058824,0.0,1.0,9.711176264112805
432.0,0.4699074,0.2337963,0.1388889,0.1353712,0.8541667,0.0,0.6609195,0.0057471,0.0172414,0.1030928,0.2011494,0.9885057,0.4226804,0.0571429,1.0,10.134638955251866
99.0,0.4646465,0.0,0.2626263,0.1509434,0.8787879,0.0,0.7209302,0.0,0.0,0.14,0.0,1.0,0.28,0.0,0.6666667,9.615805480084347
152.0,0.4605263,0.0,0.25,0.195122,0.8289474,0.0,0.6363636,0.0,0.030303,0.2666667,0.0,1.0,0.1888889,0.0,1.0,9.615805480084347
371.0,0.490566,0.0727763,0.1617251,0.0899471,0.9110512,0.0,0.810219,0.0145985,0.0291971,0.0927152,0.0948905,0.9927007,0.2450331,0.0666667,0.0,10.354595018522993
1596.0,0.4655388,0.004386,0.1785714,0.1418523,0.8458647,0.0056391,0.6792169,0.0045181,0.0301205,0.0220913,0.0045181,0.9954819,0.2665685,0.0725389,0.5,10.70551155928146
47523.0,0.4601982,0.0291017,0.2101509,0.175613,0.7579909,0.0547314,0.5990224,0.002161,0.0398251,0.0626507,0.0234628,0.9942372,0.3201022,0.0643408,0.6915888,10.39516093745751
43762.0,0.4898999,0.0264156,0.0466158,0.0477982,0.8404552,0.0051414,0.6753099,0.0032412,0.0514614,0.0669567,0.0262709,0.9620152,0.3697475,0.0328283,0.328125,11.273411140805074
1262.0,0.455626,0.0301109,0.2416799,0.1586608,0.5174326,0.2931854,0.539823,0.0022124,0.039823,0.034188,0.0132743,0.9911504,0.3974359,0.0247525,0.0,10.909637269778615
159.0,0.5283019,0.0,0.0188679,0.0133333,0.7295597,0.0,0.4927536,0.0,0.115942,0.31,0.0,0.9855072,0.65,0.0,0.75,10.463131911491967
36.0,0.4722222,0.0,0.3333333,0.1052632,0.8888889,0.0,0.75,0.0,0.0,0.2,0.0,1.0,0.15,0.0,0.0,9.615805480084347
133.0,0.4511278,0.0,0.2330827,0.1232877,0.8721805,0.0,0.6964286,0.0,0.0,0.1515152,0.0,0.9821429,0.2424242,0.0,1.0,9.615805480084347
2937.0,0.494382,0.0088526,0.0320054,0.026936,0.9863807,0.0,0.9613527,0.0012077,0.0060386,0.0493685,0.0084541,0.9963768,0.0034443,0.0555556,0.2571429,12.868505431408751
1150.0,0.4165217,0.726087,0.2113043,0.1907601,0.8408696,0.0,0.6236786,0.0,0.0105708,0.1538462,0.6744186,0.9936575,0.3434705,0.1758242,1.0,9.615805480084347
2452.0,0.4620718,0.0118271,0.2271615,0.1182714,0.8829527,0.0,0.75,0.0,0.0275591,0.038789,0.0108268,0.9990157,0.0312204,0.0857143,0.2,11.372524818667134
10155.0,0.504579,0.0071886,0.0531758,0.0345856,0.8838996,0.0,0.775641,0.0061315,0.0802676,0.0711882,0.0078038,0.9846711,0.2425576,0.0844794,0.0645161,11.624475784206961
601.0,0.4725458,0.0,0.1281198,0.1104101,0.8951747,0.0,0.7533632,0.0,0.0269058,0.0823045,0.0,1.0,0.2921811,0.1355932,1.0,9.615805480084347
693.0,0.4776335,0.0,0.2236652,0.1850829,0.8253968,0.023088,0.6607143,0.0035714,0.0285714,0.0443686,0.0,0.9964286,0.3174061,0.0851064,0.0,10.21833478806055
3122.0,0.4977578,0.0051249,0.1297245,0.0765306,0.938501,0.0,0.854512,0.0018416,0.0257827,0.0154125,0.0036832,0.9963168,0.0589302,0.0943396,0.0,11.468984026707245
1758.0,0.4772469,0.0119454,0.1319681,0.1142546,0.8845279,0.0096701,0.7603687,0.0030722,0.0322581,0.0619597,0.015361,0.9800307,0.2636888,0.1352657,0.1666667,10.55323128448846
2103.0,0.4793153,0.0337613,0.3780314,0.1707763,0.8174037,0.0,0.6633663,0.0039604,0.0346535,0.2686459,0.0287129,0.9930693,0.5691528,0.0717949,0.3777778,10.39821428171237
3344.0,0.4485646,0.0753589,0.2930622,0.2304772,0.78439,0.0376794,0.6102151,0.0,0.0100806,0.1824176,0.0598118,0.9590054,0.3582418,0.0792839,0.6617647,9.615805480084347
932.0,0.4903433,0.0064378,0.1051502,0.0821053,0.8916309,0.0,0.7343284,0.0029851,0.0298507,0.0509915,0.0059701,0.9970149,0.2492918,0.1034483,0.5,10.318935994253193
812.0,0.4741379,0.0135468,0.179803,0.1451991,0.8756158,0.0,0.7239264,0.0030675,0.0276074,0.091922,0.0214724,1.0,0.2896936,0.1196581,0.3333333,10.30229722897745
4305.0,0.4534262,0.0905923,0.2304297,0.1929452,0.8141696,0.039489,0.6649543,0.0028539,0.0171233,0.1589054,0.0707763,0.9469178,0.3480557,0.1031308,0.7346939,9.615805480084347
12694.0,0.4729794,0.0015755,0.1232078,0.0926756,0.9431227,0.0031511,0.8223026,0.0002781,0.0102892,0.1103414,0.0016685,0.1543382,0.526472,0.314845,0.275,9.867912187022208
1210.0,0.4710744,0.3206612,0.1735537,0.1390625,0.8504132,0.0,0.6857749,0.0063694,0.0467091,0.0728346,0.3014862,0.9639066,0.2145669,0.1823529,0.75,10.555838779903407
2490.0,0.4722892,0.0012048,0.1586345,0.1484018,0.7991968,0.0,0.600189,0.0056711,0.0548204,0.0727432,0.0009452,0.9962193,0.2331288,0.0591304,1.0,11.023551435004947
1620.0,0.4858025,0.0,0.1790123,0.1128451,0.9240741,0.0,0.817292,0.0,0.0163132,0.033123,0.0,0.9934747,0.1309148,0.027027,0.2,10.76004951120163
1545.0,0.4278317,0.5003236,0.2401294,0.2138009,0.8110032,0.0569579,0.6649485,0.0017182,0.0137457,0.0717703,0.4226804,0.9982818,0.3748006,0.1244635,0.6666667,10.130662964963708
10442.0,0.4658111,0.0026815,0.1476729,0.1181427,0.8722467,0.0030645,0.7070632,0.0009913,0.0260223,0.0267728,0.0019827,0.9945477,0.2158707,0.0277056,0.4666667,11.151969943847991
794.0,0.488665,0.0,0.1549118,0.0862069,0.8803526,0.0,0.7447447,0.0,0.03003,0.0566572,0.0,1.0,0.2351275,0.0833333,0.6666667,10.652566005416872
1786.0,0.468645,0.0,0.1366181,0.113804,0.8583427,0.0,0.6923077,0.011611,0.0464441,0.0739247,0.0,0.9956459,0.2647849,0.0673077,0.6,10.348205424565993
24149.0,0.478115,0.0779742,0.1667978,0.1266365,0.858462,0.0248043,0.7446256,0.0036617,0.0518545,0.0377358,0.0690999,0.9099929,0.2968857,0.1057063,0.5606061,12.216522851424992
262.0,0.4503817,0.0,0.2519084,0.2569444,0.7709924,0.0,0.544,0.0,0.024,0.1438356,0.0,1.0,0.369863,0.0606061,1.0,9.615805480084347
149.0,0.4697987,0.0,0.1879195,0.1772152,0.8255034,0.0,0.6349206,0.015873,0.047619,0.16,0.0,1.0,0.2133333,0.0,1.0,9.615805480084347
1444.0,0.5076177,0.0006925,0.0907202,0.0576653,0.882964,0.0,0.7504836,0.0058027,0.0522244,0.1132075,0.0019342,0.9516441,0.3156089,0.1042945,0.625,10.643064971973882
220.0,0.4363636,0.0,0.1727273,0.1693548,0.8318182,0.0,0.6292135,0.0,0.0449438,0.127451,0.0,1.0,0.1960784,0.1333333,0.0,9.661479683575521
2696.0,0.4896142,0.0,0.0727003,0.0843023,0.9169139,0.0,0.8117519,0.0119695,0.039173,0.0417101,0.0,1.0,0.447341,0.1687243,0.75,10.5610334618531
2477.0,0.4876867,0.0185709,0.1368591,0.0614657,0.9454986,0.0149374,0.906015,0.0012531,0.0150376,0.0280146,0.0062657,0.9874687,0.0219245,0.122449,0.9090909,13.122367377396328
330.0,0.5060606,0.0,0.1636364,0.0920245,0.9090909,0.0,0.7642276,0.0,0.0081301,0.0610687,0.0,1.0,0.129771,0.1666667,1.0,9.615805480084347
148.0,0.4864865,0.0,0.4121622,0.2763158,0.6621622,0.0,0.4567901,0.0123457,0.0617284,0.352,0.0,1.0,0.336,0.0714286,1.0,9.615805480084347
739.0,0.4817321,0.0121786,0.1109608,0.0939948,0.9039242,0.0,0.7682927,0.0121951,0.0325203,0.1632653,0.0162602,1.0,0.170068,0.1632653,0.8181818,10.422311107413181
2879.0,0.4967002,0.0034734,0.1201806,0.0766046,0.9201111,0.0059048,0.805169,0.0,0.0159046,0.023301,0.0059642,0.999006,0.1495146,0.0233918,0.25,11.314486721293981
1270.0,0.4984252,0.003937,0.1598425,0.0847724,0.8110236,0.0007874,0.6440072,0.0035778,0.0626118,0.0821018,0.0053667,0.9928444,0.4646962,0.032,0.25,11.31813853725963
5859.0,0.4379587,0.4755078,0.20908,0.156696,0.754907,0.0390852,0.5778816,0.0015576,0.0412773,0.0425056,0.4287383,0.9968847,0.3732289,0.0234657,0.5833333,10.868587496017359
825.0,0.4933333,0.0412121,0.1139394,0.0909091,0.8933333,0.0,0.7676056,0.0105634,0.0528169,0.0564784,0.0316901,0.9788732,0.2093023,0.1086957,0.5,11.226589153242802
3074.0,0.4752765,0.0055303,0.2088484,0.1407316,0.8721535,0.0,0.7181889,0.0023419,0.0179547,0.0375657,0.0039032,0.9968774,0.2276484,0.0456274,0.6,10.547995807489514
8704.0,0.4623162,0.03125,0.152114,0.0976496,0.8119256,0.0550322,0.6886973,0.0019157,0.0453384,0.0224719,0.0316092,0.9929757,0.2412609,0.0218978,0.1666667,11.536651757164861
1394.0,0.492109,0.0007174,0.1398852,0.0903955,0.91033,0.0,0.7690722,0.0041237,0.0164948,0.1535777,0.0,0.9896907,0.2478185,0.1559633,0.8333333,10.611547975828369
146.0,0.4657534,0.0,0.1232877,0.0897436,0.9246575,0.0,0.7924528,0.0,0.0,0.0535714,0.0,1.0,0.0714286,0.25,0.0,9.615805480084347
512.0,0.4355469,0.9394531,0.109375,0.1487889,0.8964844,0.0,0.7311828,0.0,0.016129,0.0926829,0.9354839,0.9892473,0.2780488,0.2142857,0.0,9.661479683575521
427.0,0.5058548,0.0023419,0.0608899,0.0521327,0.9578454,0.0,0.8823529,0.0,0.0147059,0.0285714,0.0,1.0,0.2357143,0.1818182,1.0,10.666650414667744
21761.0,0.4835256,0.1064749,0.1339552,0.1323071,0.8027205,0.0282156,0.6477728,0.0040078,0.0515287,0.0860283,0.0948128,0.9600366,0.4327577,0.0929399,0.3232323,10.691967639914864
591.0,0.4822335,0.0,0.2690355,0.1339869,0.8460237,0.0,0.704797,0.00369,0.0332103,0.0622837,0.0,0.9889299,0.1764706,0.1212121,0.4,11.265758139843117
1162.0,0.4388985,0.6488812,0.1506024,0.1579755,0.9113597,0.0,0.755102,0.0,0.0178571,0.1050228,0.5918367,0.997449,0.3675799,0.1985816,0.75,9.75272280064639
191.0,0.4816754,0.0,0.1413613,0.1616162,0.8324607,0.0,0.6153846,0.0,0.025641,0.1034483,0.0,0.9871795,0.2528736,0.0,0.0,9.615805480084347
1063.0,0.4722484,0.0,0.1646284,0.114082,0.883349,0.0,0.7180723,0.0048193,0.0144578,0.0235294,0.0,0.9951807,0.2352941,0.0652174,0.6666667,10.211009016314167
5393.0,0.4963842,0.0020397,0.0932691,0.0902062,0.8475802,0.0339329,0.7198715,0.0026781,0.0535619,0.0245559,0.0010712,0.9925013,0.3824451,0.0375817,0.2666667,11.042937835596494
2784.0,0.4903017,0.0269397,0.1070402,0.0789288,0.9274425,0.0,0.8328585,0.0,0.0208927,0.0401094,0.0218424,0.9962013,0.1130356,0.1052632,0.1666667,11.094390314766315
412.0,0.4830097,0.0,0.1407767,0.0657277,0.9174757,0.0,0.7959184,0.0,0.0272109,0.0264901,0.0,1.0,0.1059603,0.2105263,1.0,10.335302435967074
25098.0,0.440314,0.0097617,0.3695514,0.2657507,0.6614471,0.0104391,0.4664174,0.0013463,0.0647719,0.0719789,0.0062079,0.9641735,0.6083848,0.0263484,0.545977,12.500982286072535
599.0,0.4858097,0.0,0.1051753,0.0844156,0.851419,0.0,0.690678,0.0084746,0.0466102,0.0817121,0.0,0.9915254,0.4552529,0.1168831,0.0,10.419330568113901
478.0,0.4769874,0.0083682,0.1987448,0.108,0.8472803,0.0,0.6507937,0.0,0.037037,0.0643564,0.005291,1.0,0.3069307,0.1333333,0.0,10.154285180632154
7660.0,0.502611,0.0255875,0.0652742,0.0506562,0.8391645,0.0007833,0.694876,0.008595,0.0747107,0.0715163,0.027438,0.9679339,0.4435236,0.0481586,0.3888889,11.353941456740479
2186.0,0.4643184,0.005032,0.1651418,0.1323655,0.8581885,0.0,0.6863636,0.0045455,0.0306818,0.0648247,0.0034091,0.9965909,0.2688629,0.0903226,0.6666667,10.39516093745751
326.0,0.4478528,0.0,0.2239264,0.1611111,0.8619632,0.0,0.6838235,0.0,0.0147059,0.0748299,0.0,1.0,0.3197279,0.0344828,0.0,9.686636660844938
884.0,0.4807692,0.0,0.091629,0.0980392,0.9095023,0.0,0.783871,0.0032258,0.0322581,0.0251572,0.0,1.0,0.163522,0.1081081,1.0,11.284781934567633
64.0,0.609375,0.0,0.03125,0.08,0.859375,0.0,0.6818182,0.0,0.0909091,0.5111111,0.0,0.9545455,1.0,0.5,1.0,9.615805480084347
908.0,0.4581498,0.0,0.342511,0.2357724,0.7643172,0.0528634,0.6113861,0.0049505,0.0173267,0.0859729,0.0,1.0,0.341629,0.059322,0.8888889,9.735128070758227
25945.0,0.4619773,0.1048372,0.1527077,0.1343219,0.8377722,0.021006,0.6885666,0.0032234,0.0284414,0.07107,0.096606,0.9972507,0.435579,0.0629117,0.3643411,10.442929787247998
366.0,0.4808743,0.1612022,0.1830601,0.1105263,0.8934426,0.0,0.7342657,0.0,0.006993,0.1226994,0.1188811,0.993007,0.2699387,0.1052632,0.6666667,10.308985993422082
756.0,0.494709,0.0,0.1931217,0.1413613,0.8716931,0.0,0.6964856,0.0,0.0063898,0.1057143,0.0,1.0,0.3114286,0.0983607,0.5714286,9.615805480084347
325.0,0.5046154,0.0,0.1076923,0.0745342,0.9046154,0.0,0.7674419,0.0,0.0077519,0.4533898,0.0,0.9922481,0.3898305,0.1428571,0.3333333,10.360944044643913
118.0,0.5423729,0.0,0.1186441,0.0925926,0.8644068,0.0,0.6744186,0.0,0.0232558,0.5520833,0.0,1.0,0.4375,0.1428571,1.0,9.615805480084347
66.0,0.5,0.0,0.1212121,0.0606061,0.8333333,0.0,0.5925926,0.0,0.0,0.0689655,0.0,1.0,0.2413793,0.0,0.0,9.615805480084347
368.0,0.4918478,0.0,0.1902174,0.1550802,0.8532609,0.0,0.6490066,0.0,0.0066225,0.1321839,0.0,1.0,0.2011494,0.0344828,0.0,9.615805480084347
2223.0,0.4781826,0.5672515,0.1704903,0.1663793,0.8263608,0.0548808,0.7091136,0.0012484,0.031211,0.0782509,0.5181024,0.9950062,0.2750288,0.0957854,0.625,10.460270761075149
2233.0,0.5132109,0.0017913,0.1392745,0.0864765,0.7913121,0.0143305,0.6335722,0.0040942,0.0665302,0.6350392,0.0020471,0.9539406,0.6854688,0.074813,0.3333333,10.819798284210286
6370.0,0.4643642,0.0629513,0.1637363,0.1544549,0.8059655,0.0389325,0.6628664,0.0057003,0.0447883,0.0993766,0.0517101,0.9417752,0.5100843,0.0917304,0.5384615,10.687411927154141
210943.0,0.4954988,0.0963341,0.1048008,0.085547,0.8552879,0.0224516,0.7067186,0.0051313,0.0591331,0.0514443,0.0953862,0.7948368,0.4696863,0.2200559,0.2480818,11.259335592686217
2374.0,0.525695,0.005476,0.0358045,0.0275311,0.8757372,0.0,0.7303507,0.0108827,0.0652963,0.3691838,0.0060459,0.9915357,0.5339436,0.1257862,0.8787879,10.596659732783579
453.0,0.4503311,0.1346578,0.192053,0.1445783,0.812362,0.0154525,0.6476684,0.015544,0.0310881,0.1227273,0.1243523,1.0,0.2409091,0.0263158,0.5,10.485731104959568
9397.0,0.4833457,0.036501,0.1759072,0.1237899,0.8908162,0.0034053,0.7600795,0.0017036,0.0337876,0.0200334,0.0346394,0.9852357,0.1841959,0.0571992,0.5,11.580593459194764
260.0,0.4576923,0.7269231,0.1615385,0.1134752,0.8923077,0.0,0.6966292,0.0,0.011236,0.1603774,0.6629213,1.0,0.245283,0.0,0.0,9.873079890114703
1249.0,0.4451561,0.0024019,0.2321857,0.1731602,0.8318655,0.0448359,0.6824034,0.0021459,0.0107296,0.0808679,0.0,0.9978541,0.183432,0.1203704,0.5,10.034559673629849
350.0,0.5142857,0.0,0.1342857,0.1647059,0.8628571,0.0,0.6992481,0.0075188,0.037594,0.0952381,0.0,1.0,0.3809524,0.2666667,0.0,9.615805480084347
7626.0,0.5106216,0.1863362,0.0751377,0.0677921,0.806845,0.0,0.6506065,0.0064016,0.1101752,0.0716297,0.1789084,0.93531,0.3127932,0.1063545,0.5,11.107975224295076
61840.0,0.4624353,0.1557891,0.1916882,0.1424661,0.8097833,0.0131468,0.6287255,0.0033115,0.0400847,0.0930679,0.138506,0.990027,0.3398987,0.0629101,0.4791667,10.460270761075149
6046.0,0.4533576,0.1763149,0.2075753,0.1921331,0.7437976,0.0496196,0.5880374,0.0037383,0.0463551,0.1656269,0.1506542,0.9936449,0.4619464,0.0568562,0.5111111,10.664316745782925
124.0,0.5,0.0,0.1129032,0.1774194,0.9596774,0.0,0.8780488,0.0,0.0,0.1458333,0.0,1.0,0.1875,0.1666667,1.0,10.021315031649332
20216.0,0.4882766,0.0388801,0.0772161,0.0514258,0.8079739,0.015186,0.683485,0.003212,0.1080032,0.0614244,0.0384101,0.9860814,0.2944354,0.0528197,0.4568966,11.446796346169297
409.0,0.4596577,0.0,0.2347188,0.199095,0.8581907,0.0,0.6608187,0.0,0.0,0.0446927,0.0,1.0,0.2849162,0.0540541,0.0,9.770013301136158
6306.0,0.4747859,0.0025373,0.1346337,0.1077899,0.8288931,0.0111005,0.6629615,0.0055578,0.0539897,0.0569075,0.0027789,0.9932513,0.4537626,0.0419929,0.8,11.502885230075814
11523.0,0.4872863,0.0017357,0.1402413,0.1074814,0.8332032,0.014406,0.677002,0.0037921,0.051528,0.058984,0.0008923,0.9937542,0.3429891,0.0445205,0.4782609,10.860939421415225
45.0,0.5777778,0.0,0.0444444,0.0,0.9111111,0.0,0.7647059,0.0,0.0,0.6222222,0.0,1.0,0.6666667,0.3333333,1.0,11.147656555612986
856.0,0.442757,0.0023364,0.1378505,0.1383648,0.8679907,0.0186916,0.7073955,0.0,0.0192926,0.0744048,0.0032154,1.0,0.4255952,0.1398601,1.0,10.142543822310387
10177.0,0.4665422,0.0117913,0.1965216,0.1335421,0.8482853,0.0669156,0.783526,0.0017341,0.0248555,0.0308123,0.0023121,0.9809249,0.164986,0.0540123,0.8627451,11.991027463722105
2998.0,0.4906604,0.0,0.1034023,0.0746562,0.9196131,0.0153436,0.792752,0.0,0.01359,0.1274704,0.0,0.9807475,0.3013834,0.1119403,0.9444444,10.579005242826247
1164.0,0.4768041,0.0085911,0.1202749,0.0870279,0.8573883,0.0,0.7017544,0.002193,0.0570175,0.0539419,0.0087719,0.995614,0.340249,0.0448718,0.6666667,11.553116860704856
116.0,0.4568966,0.0,0.2672414,0.1587302,0.8448276,0.0,0.6666667,0.0,0.0,0.15625,0.0,1.0,0.265625,0.1428571,1.0,9.615805480084347
3291.0,0.4764509,0.0009116,0.189608,0.1491584,0.8711638,0.0,0.7044261,0.0022506,0.0202551,0.0697837,0.0007502,0.9977494,0.2149337,0.0540541,1.0,10.278527816830314
211.0,0.5308057,0.0047393,0.1137441,0.0808081,0.9194313,0.0,0.8055556,0.0138889,0.0138889,0.1,0.0,0.9861111,0.125,0.1052632,1.0,10.094149233605084
1570.0,0.5229299,0.0656051,0.055414,0.0507343,0.9414013,0.0,0.8730159,0.0039683,0.0436508,0.0718232,0.0535714,0.984127,0.0607735,0.1363636,0.0333333,12.007017865994577
317.0,0.4637224,0.0,0.29653,0.1764706,0.8233438,0.0,0.6510067,0.0067114,0.0134228,0.1130952,0.0,1.0,0.2797619,0.0869565,1.0,9.615805480084347
1281.0,0.479313,0.0679157,0.1319282,0.1094453,0.8946136,0.0,0.7536534,0.006263,0.0229645,0.0323232,0.0730689,0.9979123,0.2141414,0.1046512,0.3333333,10.177362240256695
3179.0,0.4784523,0.0053476,0.1742686,0.1296743,0.8609626,0.0179302,0.7070789,0.0032547,0.0138324,0.0963235,0.007323,0.9153784,0.3139706,0.1301587,0.6666667,10.382853468483827
626.0,0.4888179,0.0,0.2364217,0.1125,0.9265176,0.0,0.787037,0.0,0.0,0.1496063,0.0,0.9768519,0.2834646,0.2894737,0.7142857,10.090008612393838
560.0,0.4571429,0.0,0.1178571,0.1184211,0.9071429,0.0,0.7584541,0.0,0.0096618,0.0416667,0.0,0.9855072,0.1388889,0.1219512,1.0,10.261196961231647
4375.0,0.4884571,0.0921143,0.0875429,0.0826631,0.8921143,0.0011429,0.7452471,0.0076046,0.0285171,0.0878613,0.0798479,0.9797212,0.4352601,0.1038462,0.6956522,10.468829770273567
320.0,0.4625,0.003125,0.2125,0.1511628,0.88125,0.0,0.7076923,0.0,0.0,0.1975309,0.0,0.9923077,0.308642,0.1219512,1.0,9.615805480084347
1014.0,0.4891519,0.0,0.1656805,0.1332046,0.8934911,0.0,0.745679,0.0,0.0123457,0.0795455,0.0,1.0,0.2636364,0.0752688,1.0,10.081675578048475
36365.0,0.4513681,0.0443008,0.1996975,0.1546288,0.8330538,0.0187818,0.6789942,0.0016636,0.0202828,0.0664795,0.0409495,0.9970568,0.32744,0.056236,0.5459459,10.53212287826962
243.0,0.5720165,0.0164609,0.0534979,0.0384615,0.6131687,0.0041152,0.4196429,0.0089286,0.2142857,0.5773585,0.0089286,0.9821429,0.5018868,0.0694444,0.9545455,0.0
281.0,0.4377224,0.0,0.1530249,0.1518987,0.9074733,0.0,0.7685185,0.0,0.0092593,0.0526316,0.0,0.9907407,0.2280702,0.047619,0.0,10.038935856711177
39.0,0.5128205,0.0,0.2564103,0.0,0.8461538,0.0,0.6842105,0.0,0.0,0.3214286,0.0,1.0,0.3928571,0.0,0.0,9.615805480084347
655.0,0.4717557,0.0,0.2412214,0.1734104,0.8274809,0.0,0.6271186,0.0067797,0.0101695,0.1060606,0.0,0.9932203,0.2939394,0.0512821,0.5,9.615805480084347
11304.0,0.4694798,0.0213199,0.1854211,0.1312323,0.8550955,0.0,0.6843239,0.0034453,0.0292851,0.0408922,0.0198105,0.9937554,0.2792235,0.0571616,0.4054054,10.36410350510914
59.0,0.4067797,0.0,0.0847458,0.0571429,0.9661017,0.0,0.875,0.0,0.0,0.2727273,0.0,1.0,0.5454545,0.5,0.0,9.615805480084347
31997.0,0.4705754,0.0130637,0.2006126,0.137013,0.7778229,6.25e-05,0.5758729,0.0009189,0.0378052,0.0956253,0.0132581,0.9558283,0.6318039,0.0377448,0.6833333,12.293630123379582
602.0,0.4833887,0.0,0.2524917,0.1607717,0.858804,0.0182724,0.7029289,0.0,0.0125523,0.1115242,0.0,0.9958159,0.2267658,0.0816327,1.0,9.615805480084347
172.0,0.5406977,0.0,0.1395349,0.1518987,0.872093,0.0,0.6764706,0.0,0.0,0.0933333,0.0,0.9705882,0.3866667,0.1,0.5,9.615805480084347
53.0,0.4528302,0.0,0.3018868,0.2068966,0.7358491,0.0,0.4583333,0.0,0.0416667,0.2727273,0.0,1.0,0.0909091,0.0,0.0,9.615805480084347
1027.0,0.4518014,0.0993184,0.1460565,0.1367673,0.8704966,0.0,0.7166667,0.0071429,0.0238095,0.0604027,0.0880952,1.0,0.2729306,0.0827068,0.0,10.518700218288165
12069.0,0.4752672,0.045157,0.1608253,0.1294805,0.8046234,0.0247742,0.6423801,0.0034406,0.0487756,0.0503556,0.0420967,0.9945355,0.3669037,0.0581345,0.516129,10.70101727068921
14790.0,0.475524,0.1633536,0.1546991,0.0942375,0.754023,0.1285328,0.7169482,0.0011648,0.0421277,0.0255392,0.1483207,0.9928169,0.1267499,0.0307167,0.44,11.237185138527495
652.0,0.4555215,0.0,0.2714724,0.2056338,0.7791411,0.0506135,0.614841,0.0,0.0070671,0.1773256,0.0,0.9929329,0.4040698,0.0824742,1.0,10.614007941153417
2133.0,0.5180497,0.0014065,0.0253165,0.016537,0.8959212,0.0,0.8054422,0.0040816,0.0843537,0.1833333,0.0013605,0.970068,0.1877778,0.1165644,0.1538462,11.537627833610571
3214.0,0.4981332,0.0192906,0.0731176,0.0638562,0.881145,0.0,0.7627119,0.0053524,0.0785013,0.0361135,0.014273,0.8751115,0.2631126,0.1108033,0.2777778,11.613684409620816
204.0,0.504902,0.0,0.1764706,0.1089109,0.9166667,0.0,0.7916667,0.0,0.0277778,0.2173913,0.0,1.0,0.2391304,0.125,1.0,9.615805480084347
528.0,0.5056818,0.0018939,0.0397727,0.045977,0.8920455,0.0,0.7257143,0.0057143,0.0342857,0.1545894,0.0,0.9885714,0.52657,0.2844037,0.5,10.463131911491967
2317.0,0.4868364,0.0077687,0.151489,0.1328848,0.846353,0.0,0.6778947,0.0031579,0.0452632,0.3030081,0.0042105,0.9936842,0.294204,0.0790274,0.4035088,10.682835364853922
67.0,0.5074627,0.0,0.0895522,0.0,0.9104478,0.0,0.7931034,0.0,0.0,0.6081081,0.0,1.0,0.6486486,0.0,0.0,10.094149233605084
3173.0,0.4412228,0.411913,0.1503309,0.1635646,0.8597542,0.0255279,0.7210884,0.0017007,0.0212585,0.0462287,0.3562925,0.9931973,0.3633414,0.1375,0.6470588,10.874285408908944
161.0,0.4720497,0.0,0.136646,0.1176471,0.8447205,0.0,0.6440678,0.0,0.0677966,0.078125,0.0,1.0,0.25,0.1875,0.0,10.370392636243981
996.0,0.4658635,0.3554217,0.186747,0.1860902,0.8574297,0.0,0.6921241,0.0047733,0.0238663,0.0811404,0.3341289,0.9952267,0.2807018,0.0612245,0.5,10.169728906753061
773.0,0.4864166,0.0,0.1927555,0.1360202,0.8809832,0.0,0.7209302,0.0033223,0.0199336,0.0504732,0.0,1.0,0.1987382,0.0833333,0.6666667,10.30229722897745
3129.0,0.4477469,0.0092681,0.2272291,0.2054398,0.8056887,0.0549696,0.6808511,0.0023641,0.0197006,0.1119664,0.0031521,0.9952719,0.419874,0.0623608,0.6,9.735128070758227
1420.0,0.4450704,0.0014085,0.2415493,0.180203,0.7647887,0.0612676,0.6230366,0.0104712,0.0471204,0.1116279,0.0,1.0,0.4294574,0.0334928,0.875,11.130214506480655
3375.0,0.5084444,0.0002963,0.0927407,0.07173,0.9484444,0.0,0.8566108,0.0009311,0.0167598,0.0677083,0.0009311,0.9962756,0.3428819,0.2045455,0.7826087,10.138599199626192
7686.0,0.4773614,0.1571689,0.172001,0.1356734,0.8229248,0.0418944,0.7011494,0.0066179,0.0501567,0.0574524,0.1508185,0.984326,0.283979,0.0554951,0.2571429,10.915106645867503
87.0,0.4942529,0.0,0.0574713,0.0227273,0.8965517,0.0,0.71875,0.0,0.0,0.255814,0.0,0.96875,0.4883721,0.1875,0.0,9.735128070758227
628.0,0.4761146,0.0,0.2675159,0.2218845,0.7866242,0.0621019,0.6447876,0.0,0.011583,0.1803797,0.0,1.0,0.3670886,0.0779221,1.0,9.615805480084347
46209.0,0.4874808,0.0301024,0.0616114,0.0393109,0.5529442,0.0441256,0.4744505,0.0033471,0.2827736,0.0194727,0.0301238,0.9390271,0.4858878,0.0587737,0.1538462,11.922389234432126
26478.0,0.5112546,0.0224715,0.1702923,0.1285063,0.7154997,0.1088828,0.6177361,0.0058515,0.0608354,0.0692084,0.0094835,0.937046,0.4046389,0.0892401,0.5242718,10.55323128448846
4541.0,0.5038538,0.0052852,0.0955737,0.0754549,0.8573002,0.0002202,0.6935294,0.0029412,0.0670588,0.3364559,0.0041176,0.9947059,0.274395,0.0919283,0.4444444,11.734475747705874
1263.0,0.4845606,0.0,0.1702296,0.1259601,0.9002375,0.0,0.75,0.0,0.0104167,0.0926276,0.0,0.99375,0.3459357,0.1157025,0.7272727,9.648659816955295
791.0,0.5044248,0.0,0.1061947,0.0561224,0.9228824,0.0,0.8282828,0.0,0.03367,0.0747664,0.0,0.996633,0.0685358,0.0714286,0.7777778,11.799614544567753
4519.0,0.4759903,0.0688205,0.1241425,0.109375,0.8628015,0.0004426,0.7167235,0.0068259,0.0546075,0.1600573,0.0614334,0.9908987,0.4271381,0.0669456,0.2380952,10.894904309600681
304.0,0.4671053,0.0,0.2960526,0.2222222,0.8125,0.0,0.5851852,0.0,0.0074074,0.0689655,0.0,1.0,0.2551724,0.0357143,1.0,9.615805480084347
10632.0,0.471219,0.0036682,0.2020316,0.1462113,0.7906321,0.0491911,0.6504496,0.0039198,0.0350473,0.0648987,0.0023057,0.9958497,0.3191031,0.0607261,0.3442623,10.130662964963708
4547.0,0.4750385,0.0409061,0.1361337,0.1131127,0.8282384,0.0283704,0.6757225,0.0040462,0.0404624,0.0663788,0.0323699,0.9901734,0.2714517,0.1009934,0.3333333,10.344995251991222
978.0,0.4498978,0.0,0.1881391,0.1951673,0.8394683,0.0419223,0.7131148,0.0054645,0.0218579,0.0368421,0.0,0.9972678,0.2657895,0.1237113,0.25,10.413342705547674
672.0,0.4880952,0.0089286,0.2261905,0.1511628,0.8199405,0.0,0.6027875,0.0,0.0243902,0.0465116,0.0034843,1.0,0.2923588,0.0681818,0.25,9.741027444837728
454.0,0.5264317,0.0022026,0.1057269,0.0930233,0.8325991,0.0,0.6428571,0.0054945,0.0494505,0.1689498,0.0054945,0.9945055,0.3972603,0.0882353,0.875,10.566201298475118
9717.0,0.4694865,0.0037048,0.2175569,0.1592629,0.8025111,0.0098796,0.6127113,0.0030945,0.0359438,0.0605993,0.0030945,0.9683409,0.3765653,0.0610795,0.4193548,10.31231367277647
2481.0,0.4780331,0.0455462,0.0806127,0.0579151,0.9282547,0.0,0.814983,0.0022701,0.014756,0.0755509,0.0385925,0.9943246,0.3231899,0.134375,0.4444444,10.468829770273567
1045.0,0.4803828,0.1177033,0.107177,0.0718232,0.7923445,0.0,0.6140725,0.0021322,0.0746269,0.0839844,0.1215352,0.9765458,0.5019531,0.0171429,1.0,11.296024885689746
4413.0,0.4822116,0.0111036,0.1359619,0.0984683,0.8391117,0.0335373,0.7393715,0.0055453,0.0628466,0.0436064,0.0092421,0.9593346,0.3140837,0.1,0.1333333,11.149096419938578
723959.0,0.5007148,0.1091761,0.1455607,0.1125789,0.6583536,0.0340199,0.4643764,0.0028699,0.1425696,0.0696774,0.0997336,0.8987022,0.5965854,0.0744126,0.3597396,12.346708119309138
5572.0,0.4621321,0.0016152,0.2453338,0.1885219,0.7950467,0.0332017,0.635443,0.0037975,0.028692,0.0852953,0.0008439,0.985654,0.3234272,0.0740276,0.775,10.003378135350923
6221.0,0.4828806,0.0061083,0.3533194,0.1834007,0.7448963,0.0541714,0.5943563,0.0042328,0.0289242,0.2243502,0.0038801,0.8197531,0.6076607,0.0700779,0.6481481,10.295563423525277
18327.0,0.4995362,0.0477438,0.0208436,0.0213694,0.9542751,0.0,0.8825307,0.0023103,0.026124,0.0584003,0.0462058,0.9484628,0.1209839,0.1266055,0.2446809,11.330215832884798
1893.0,0.4912837,0.0142631,0.1516112,0.0809969,0.8494453,0.0052826,0.7154362,0.0,0.0684564,0.5625367,0.0134228,0.9825503,0.1027598,0.0631579,0.5666667,12.329621250524813
11080.0,0.474639,0.0361011,0.1747292,0.1360591,0.809657,0.031769,0.6705856,0.0018087,0.0524531,0.0771959,0.0336875,0.9855302,0.3699145,0.0619515,0.5333333,11.744045122410057
1448.0,0.4772099,0.0013812,0.0987569,0.0752972,0.8998619,0.0,0.7643564,0.0059406,0.0455446,0.0362595,0.0039604,1.0,0.2270992,0.0512821,0.7142857,10.799595985047786
4543.0,0.494387,0.012987,0.16663,0.094471,0.9150341,0.0,0.7861823,0.0011912,0.0125074,0.0383734,0.0136986,0.9946397,0.0561283,0.027907,0.1212121,11.72157244693173
1912.0,0.4754184,0.0167364,0.1124477,0.0727817,0.9037657,0.0,0.7816901,0.0014085,0.0366197,0.0260631,0.0169014,0.9957746,0.1550069,0.0243902,0.8333333,11.183045451818261
3543.0,0.4905447,0.0025402,0.0462885,0.0360111,0.9424217,0.0,0.8517857,0.0053571,0.0223214,0.0201225,0.0008929,0.9982143,0.1811024,0.0825243,0.2727273,10.862856930775358
189.0,0.4708995,0.0,0.1798942,0.1,0.8624339,0.0,0.6438356,0.0,0.0,0.2315789,0.0,1.0,0.4315789,0.0952381,1.0,9.615805480084347
306.0,0.4771242,0.0065359,0.2026144,0.10625,0.8627451,0.0,0.6984127,0.0079365,0.0238095,0.2409639,0.0,1.0,0.4036145,0.047619,0.6666667,9.692828247710418
1804.0,0.4722838,0.0022173,0.1069845,0.1029412,0.9118625,0.0382483,0.8568935,0.0034904,0.0104712,0.0337268,0.0034904,0.982548,0.1770658,0.092437,0.0,10.868587496017359
305.0,0.4721311,0.0,0.2163934,0.1552795,0.8688525,0.0,0.7222222,0.015873,0.015873,0.1764706,0.0,0.984127,0.3071895,0.0333333,0.0,9.615805480084347
4301.0,0.4757033,0.0106952,0.2143688,0.1108647,0.9009533,0.0,0.779063,0.0005784,0.0242915,0.0329978,0.0063621,0.9971082,0.037472,0.0440252,0.4814815,11.74086549476798
384.0,0.5026042,0.0,0.2942708,0.1727749,0.8020833,0.0,0.6193182,0.0,0.0454545,0.1926606,0.0,1.0,0.2706422,0.0243902,0.4285714,10.30229722897745
1075.0,0.5181395,0.0046512,0.2353488,0.1698842,0.7944186,0.0465116,0.6430206,0.0045767,0.020595,0.2426343,0.0022883,0.5034325,0.4714038,0.1011236,0.8444444,9.841665338892785
18819.0,0.4908337,0.1893831,0.0863489,0.0559382,0.951804,0.0026569,0.8967984,0.0020436,0.0253747,0.0205171,0.180688,0.9768392,0.0448707,0.2774566,0.25,12.131354487250757
42985.0,0.4719321,0.0374317,0.3042689,0.1672761,0.8214726,0.0030476,0.6648177,0.0030111,0.0537771,0.1255139,0.0263603,0.9463814,0.4910611,0.0665533,0.4115756,11.116930374363438
8042.0,0.4664263,0.302288,0.242477,0.1405267,0.8509077,0.0067147,0.6929658,0.0047529,0.0380228,0.2038345,0.2328897,0.9543726,0.4830979,0.1476755,0.5714286,10.328787967145063
2819.0,0.4671869,0.0024832,0.1667258,0.1125166,0.8410784,0.0159631,0.7024867,0.0026643,0.0497336,0.128483,0.0,0.9955595,0.3397833,0.0422164,0.6,11.110969193687714
320.0,0.409375,0.021875,0.403125,0.2910053,0.653125,0.240625,0.7047619,0.0,0.0285714,0.2857143,0.0,1.0,0.4421769,0.0714286,1.0,9.883335864325275
1611.0,0.505897,0.0055866,0.0850403,0.0351759,0.883923,0.0,0.7725118,0.0015798,0.0584518,0.0649926,0.0031596,0.8009479,0.2451994,0.0519481,0.0,11.550230883578887
7706.0,0.4689852,0.0249157,0.1540358,0.0928641,0.8433688,0.0006488,0.6800623,0.0018692,0.0470405,0.0322581,0.0224299,0.9663551,0.1995779,0.0676796,0.2258065,10.911463720944793
1675.0,0.44,0.0,0.3498507,0.2366738,0.7719403,0.0435821,0.613245,0.0039735,0.015894,0.0859564,0.0,0.9986755,0.3050847,0.040404,0.8333333,9.852246888342531
312.0,0.4615385,0.0,0.6570513,0.2083333,0.8269231,0.0,0.7068966,0.0,0.0172414,0.312253,0.0,0.9770115,0.5494071,0.0,0.2,10.566201298475118
5880.0,0.4591837,0.0066327,0.1659864,0.1471698,0.8438776,0.0431973,0.7335369,0.0008722,0.0209333,0.0453789,0.0047972,0.9956389,0.3159867,0.0504695,0.5555556,10.709985739582528
1707.0,0.440539,0.2524897,0.2038664,0.182199,0.831283,0.0427651,0.7020649,0.0029499,0.0162242,0.0737705,0.2153392,0.9955752,0.3005464,0.062201,0.625,10.485731104959568
1111.0,0.4869487,0.0225023,0.1656166,0.122807,0.7380738,0.1278128,0.6513995,0.0025445,0.0279898,0.1247216,0.0,0.9821883,0.4899777,0.1153846,1.0,10.404293143019792
264.0,0.405303,0.0,0.1856061,0.1528662,0.8977273,0.0,0.73,0.0,0.0,0.0909091,0.0,1.0,0.3,0.2692308,1.0,9.615805480084347
41535.0,0.4677501,0.0436499,0.3344408,0.1590446,0.8495004,0.0043337,0.7146629,0.004235,0.0382246,0.1534988,0.0347047,0.9729953,0.2724056,0.0983095,0.3193277,10.879951039444416
563.0,0.4831261,0.0515098,0.1580817,0.1477663,0.8650089,0.0,0.704918,0.0,0.0163934,0.0861423,0.0368852,0.9959016,0.2397004,0.0851064,1.0,10.239995502805316
437.0,0.4553776,0.0,0.1601831,0.1638655,0.8672769,0.0,0.7011494,0.0057471,0.0229885,0.0695187,0.0,0.9942529,0.2727273,0.1555556,1.0,9.717218213494077
1854.0,0.4498382,0.0032362,0.236246,0.1715686,0.8527508,0.0248112,0.7047619,0.0027211,0.0108844,0.1352941,0.0013605,0.9823129,0.2564706,0.1637427,0.4375,10.457401400981889
6005.0,0.4606162,0.0016653,0.3115737,0.2167336,0.7941715,0.0098251,0.6176681,0.0017883,0.0343348,0.0161858,0.0007153,0.9792561,0.3553835,0.0092961,0.1428571,11.423011698301428
1276.0,0.5,0.0023511,0.0203762,0.031348,0.9874608,0.0,0.9475524,0.0,0.0034965,0.086262,0.0034965,0.034965,0.5942492,0.4864865,0.5,9.635673464721814
311.0,0.4758842,0.0,0.170418,0.1533742,0.8906752,0.0,0.7226891,0.0,0.0084034,0.048,0.0,1.0,0.296,0.0967742,0.0,9.758519582283522
110.0,0.5545455,0.0,0.1545455,0.2244898,0.8454545,0.0,0.6666667,0.0,0.0714286,0.2363636,0.0,1.0,0.4181818,0.0,0.0,9.615805480084347
16327.0,0.4660991,0.0601458,0.1296625,0.0954457,0.7577632,0.0026949,0.5913515,0.0036151,0.1015017,0.0369577,0.0535317,0.9353448,0.5166042,0.041335,0.1836735,12.176133921127343
4818.0,0.4267331,0.0325861,0.324616,0.2411296,0.5213782,0.133873,0.3973742,0.0026258,0.0989059,0.2975715,0.0210066,0.9698031,0.5551798,0.0244088,0.8130841,11.627155529627064
360.0,0.4916667,0.0,0.0666667,0.0765027,0.8777778,0.0,0.7364341,0.0155039,0.0620155,0.0652174,0.0,0.9922481,0.3115942,0.0322581,0.0,10.568775236216993
144.0,0.5486111,0.0,0.2847222,0.1076923,0.8541667,0.0,0.7118644,0.0,0.0677966,0.2337662,0.0,1.0,0.4285714,0.0,1.0,9.615805480084347
526.0,0.4885932,0.0,0.230038,0.1821561,0.8745247,0.0,0.7212389,0.0,0.0132743,0.1171875,0.0,1.0,0.390625,0.1071429,0.6,9.746892220313054
253.0,0.4664032,0.1620553,0.2608696,0.2074074,0.8616601,0.0,0.6964286,0.0089286,0.0089286,0.1703704,0.1696429,0.9910714,0.3407407,0.0454545,1.0,9.846970109700957
42523.0,0.4548362,0.2817534,0.2027609,0.1768614,0.832326,0.0194718,0.6699406,0.0025126,0.0228986,0.0853442,0.2408063,0.9971448,0.2704481,0.082968,0.5140187,10.110542371500753
307.0,0.4723127,0.0,0.1237785,0.0925926,0.9185668,0.0,0.7904762,0.0095238,0.0190476,0.0366972,0.0,1.0,0.2844037,0.2,0.0,9.674137279312397
172.0,0.4651163,0.0,0.2383721,0.1195652,0.8372093,0.0,0.6351351,0.0,0.0135135,0.1294118,0.0,1.0,0.3529412,0.0,1.0,9.615805480084347
1026.0,0.4931774,0.0,0.2066277,0.1461538,0.8148148,0.0155945,0.6561743,0.0024213,0.0532688,0.0570776,0.0,0.9951574,0.239726,0.0660377,0.6666667,10.221977646629885
377.0,0.5702918,0.3633952,0.0265252,0.0617284,0.4827586,0.0,0.3347639,0.0085837,0.1459227,0.0411523,0.3476395,0.9957082,0.9053498,0.0,0.0,10.268165387743457
9207.0,0.4895188,0.0005431,0.0934072,0.0668085,0.8989899,0.0108613,0.7824573,0.0025332,0.039582,0.022896,0.0,0.9968334,0.2670173,0.0483461,0.6842105,10.866680954096502
1944.0,0.4830247,0.0046296,0.1532922,0.1064677,0.8605967,0.0138889,0.736,0.0053333,0.044,0.0284974,0.004,0.9986667,0.2007772,0.0727273,0.4285714,10.956073354557526
11627.0,0.4892062,0.0026662,0.2250796,0.1055733,0.8684097,0.0,0.733376,0.0053282,0.0441176,0.0885781,0.0027707,0.958653,0.5013598,0.1415753,0.2708333,10.596659732783579
1030.0,0.476699,0.0048544,0.1436893,0.0946197,0.8864078,0.0,0.7416021,0.005168,0.0387597,0.062954,0.002584,0.9457364,0.2857143,0.1261261,0.6,10.229223792606835
328.0,0.472561,0.0,0.2682927,0.2312139,0.777439,0.0,0.5629139,0.0066225,0.0397351,0.1169591,0.0,1.0,0.2631579,0.1515152,1.0,9.615805480084347
130.0,0.4923077,0.0,0.2307692,0.1363636,0.9,0.0,0.745098,0.0,0.0,0.2272727,0.0,1.0,0.3333333,0.2857143,1.0,9.615805480084347
204.0,0.4656863,0.0,0.1470588,0.1100917,0.8921569,0.0,0.6944444,0.0,0.0,0.0769231,0.0,1.0,0.1794872,0.2222222,1.0,9.615805480084347
10862.0,0.4722887,0.0048794,0.1693979,0.1245639,0.8733198,0.0,0.7184315,0.0015507,0.0197164,0.064456,0.0050953,0.9982277,0.2080829,0.0478424,0.4477612,10.609081944147828
958.0,0.4728601,0.0,0.1617954,0.1287129,0.8716075,0.0,0.7165354,0.0052493,0.0341207,0.0819277,0.0,0.9973753,0.2771084,0.0984848,0.75,10.474495347310453
6296.0,0.4540978,0.3662643,0.157878,0.1550771,0.8689644,0.0201715,0.7110507,0.0022645,0.0235507,0.1096774,0.3537138,0.8455616,0.3572581,0.1598558,0.5625,10.056251557087757
30727.0,0.4986819,0.025515,0.1058678,0.0536874,0.9040258,0.0044261,0.8138066,0.0044597,0.0546316,0.0310587,0.0256434,0.9377497,0.2042672,0.0817418,0.3246753,12.194511067314858
4029.0,0.4810127,0.097791,0.0667659,0.0741272,0.91586,0.007446,0.8091845,0.0079177,0.0380048,0.1414004,0.0823436,0.8946952,0.2889191,0.2435897,0.8125,10.675931008412125
221.0,0.4615385,0.1402715,0.2307692,0.1932773,0.800905,0.081448,0.7078652,0.0,0.0,0.1188119,0.0898876,1.0,0.1188119,0.0,0.5,10.158168529848494
124.0,0.4919355,0.0,0.2096774,0.1587302,0.8870968,0.0,0.7291667,0.0,0.0208333,0.2131148,0.0,1.0,0.2622951,0.0,0.0,9.615805480084347
959.0,0.4661105,0.5192909,0.1167883,0.1308594,0.915537,0.0,0.7807018,0.005848,0.0087719,0.0630137,0.4678363,1.0,0.2246575,0.03125,0.8571429,10.085850775128717
2085.0,0.4546763,0.0633094,0.0570743,0.0448549,0.329976,0.552518,0.5480094,0.0046838,0.0913349,0.1804223,0.0655738,0.9929742,0.4683301,0.0376569,1.0,10.881832472145556
112.0,0.5357143,0.0,0.1607143,0.0384615,0.9375,0.0,0.8292683,0.0,0.0,0.0238095,0.0,1.0,0.2380952,0.0,0.0,9.615805480084347
1741.0,0.4623779,0.2590465,0.171166,0.142094,0.8747846,0.0,0.7109145,0.0044248,0.0294985,0.0996016,0.2153392,0.9955752,0.374502,0.125,0.25,9.97119292889014
426.0,0.4906103,0.0,0.1103286,0.1059908,0.9201878,0.0,0.7911392,0.0,0.0063291,0.1073446,0.0,1.0,0.2768362,0.137931,0.25,10.038935856711177
1305.0,0.462069,0.5348659,0.1655172,0.1680912,0.8888889,0.0,0.7257019,0.0,0.0259179,0.0795229,0.4470842,0.9935205,0.3658052,0.2644628,0.0,10.188704088048116
440.0,0.4818182,0.0045455,0.1386364,0.0833333,0.9159091,0.0,0.775,0.0,0.00625,0.0419162,0.0,1.0,0.2335329,0.24,0.0,9.918425424900335
6277.0,0.4927513,0.00462,0.076151,0.0697236,0.8948542,0.0,0.7646048,0.0034364,0.040378,0.0783848,0.003866,0.9862543,0.3214568,0.0932722,0.3673469,10.601647149919609
4654.0,0.4905458,0.0055866,0.1093683,0.0822438,0.8296089,0.0118178,0.6910615,0.0027933,0.0759777,0.0628272,0.0055866,0.9860335,0.3141361,0.042,0.5,11.438212694578302
4292.0,0.4748369,0.000932,0.137931,0.1166815,0.8793103,0.0037279,0.7302354,0.0030175,0.025347,0.0633126,0.0018105,0.9993965,0.3363482,0.0892019,0.48,10.221977646629885
137.0,0.5109489,0.0145985,0.189781,0.0597015,0.8832117,0.0,0.7758621,0.0,0.0517241,0.1594203,0.0172414,1.0,0.4347826,0.0,1.0,9.61587214452889
338.0,0.4674556,0.0,0.1656805,0.1166667,0.9023669,0.0,0.7741935,0.0080645,0.0403226,0.0948905,0.0,0.9919355,0.3211679,0.0769231,0.6,9.615805480084347
7335.0,0.4501704,0.0927062,0.1980913,0.1889412,0.8316292,0.0174506,0.6676338,0.0016119,0.0206319,0.0648176,0.0815603,0.9954868,0.3738318,0.0739817,0.4827586,10.275085591132715
3362.0,0.489887,0.028257,0.1406901,0.1037901,0.807555,0.0032719,0.6770517,0.006079,0.1071429,0.0244626,0.0205167,0.9293313,0.2142328,0.0903614,0.2142857,12.314034275355535
660.0,0.4833333,0.0,0.2651515,0.1818182,0.8181818,0.0,0.6317568,0.0101351,0.0168919,0.1057402,0.0,1.0,0.244713,0.0357143,0.8461538,9.615805480084347
4968.0,0.4814815,0.1932367,0.0853462,0.0807453,0.895934,0.0140902,0.7865297,0.0028539,0.0319635,0.0405257,0.1666667,0.9891553,0.2475356,0.0940367,0.2222222,11.246365410473757
1382.0,0.4587554,0.0,0.2098408,0.1417112,0.8386397,0.0,0.6655518,0.0100334,0.0250836,0.0828221,0.0,0.9949833,0.1656442,0.0396825,0.5882353,10.250652418696085
1767.0,0.4561404,0.0005659,0.2835314,0.2216441,0.7504244,0.0730051,0.6170501,0.0081191,0.02977,0.1139089,0.0,0.9959405,0.3669065,0.0748899,0.7857143,9.615805480084347
22539.0,0.482985,0.0024402,0.1278673,0.0896765,0.8953813,0.0066108,0.7718104,0.0013868,0.0392083,0.0212241,0.0018911,0.9954614,0.1594274,0.0344828,0.4358974,12.079380667837011
16367.0,0.4912324,0.0056211,0.0726462,0.0431128,0.9089021,0.0036659,0.8030928,0.0027491,0.0405498,0.0220131,0.0049828,0.9872852,0.1581247,0.0901899,0.2083333,11.233224789593368
15.0,0.7333333,0.1333333,0.2,0.25,0.5333333,0.0,0.3,0.0,0.0,0.4736842,0.1,1.0,0.4736842,0.0,1.0,9.615805480084347
12412.0,0.4958105,0.055108,0.0792781,0.0634388,0.9341766,0.0014502,0.8300202,0.0054739,0.0290982,0.0350292,0.0671276,0.5001441,0.4667779,0.3243413,0.5384615,10.862856930775358
47.0,0.5319149,0.0,0.0638298,0.0909091,0.9574468,0.0,0.8571429,0.0,0.0,0.7021277,0.0,1.0,0.893617,0.0,0.0,9.615805480084347
950.0,0.4726316,0.0010526,0.2768421,0.237525,0.6905263,0.1031579,0.5531401,0.0024155,0.0217391,0.1818182,0.0,0.9975845,0.4150198,0.02,0.5,10.454523783963511
135.0,0.4962963,0.0444444,0.1481481,0.1029412,0.9259259,0.0,0.8125,0.0,0.0208333,0.04,0.0416667,1.0,0.08,0.25,0.0,10.643064971973882
938.0,0.5095949,0.0,0.0671642,0.0369565,0.641791,0.1215352,0.5729443,0.0106101,0.1087533,0.8169903,0.0,0.9814324,0.4378641,0.0434783,0.55,12.269521510708264
428.0,0.4462617,0.1448598,0.1985981,0.1434599,0.8481308,0.0,0.6871508,0.0055866,0.0391061,0.0628272,0.1396648,0.9888268,0.2303665,0.0434783,0.3333333,10.502351525774941
1635.0,0.4899083,0.0006116,0.2024465,0.1306954,0.8391437,0.0232416,0.6820276,0.0015361,0.0245776,0.1308411,0.0,0.9923195,0.3604806,0.0730337,0.7647059,10.457401400981889
75.0,0.4133333,0.0,0.16,0.2272727,0.92,0.0,0.7777778,0.0,0.0,0.15625,0.0,1.0,0.1875,0.1666667,0.0,9.69898173460629
10986.0,0.5025487,0.0649918,0.0589842,0.0470265,0.773712,0.0,0.6326244,0.0049077,0.1418556,0.0334312,0.0607619,0.9322272,0.2995256,0.092291,0.0,11.581527593460411
41.0,0.5609756,0.0,0.195122,0.1111111,0.9268293,0.0,0.8,0.0,0.0,0.4642857,0.0,1.0,0.2857143,0.0,1.0,9.615805480084347
138.0,0.4492754,0.3985507,0.2173913,0.1973684,0.8478261,0.0,0.6111111,0.0,0.0,0.0847458,0.2777778,0.9814815,0.2542373,0.2222222,1.0,10.177362240256695
2880.0,0.4284722,0.0013889,0.2142361,0.1707169,0.7263889,0.0,0.505802,0.0006826,0.040273,0.0437337,0.0006826,0.9938567,0.3701044,0.0080863,0.5625,10.971657815702502
7789.0,0.4914623,0.005649,0.1363461,0.1062863,0.7570933,0.0050071,0.5817972,0.0080645,0.0985023,0.3874382,0.0054724,0.9927995,0.5400494,0.0361604,0.8323353,11.241129864948206
2399.0,0.456857,0.0516882,0.1929971,0.1696086,0.7699041,0.0917049,0.6976242,0.0053996,0.0431965,0.0730731,0.049676,0.9967603,0.2852853,0.0445344,0.2857143,10.626217806887722
1071.0,0.4640523,0.178338,0.1774043,0.1428571,0.8067227,0.038282,0.6581395,0.0,0.0395349,0.0792291,0.1465116,0.9906977,0.3062099,0.1216931,1.0,10.36410350510914
2143.0,0.4629025,0.1180588,0.2197853,0.1737619,0.8525432,0.0433971,0.7329843,0.0026178,0.0157068,0.1022327,0.1164921,0.9934555,0.3372503,0.1767956,0.8,9.615805480084347
7361.0,0.4590409,0.42698,0.1600326,0.158212,0.857628,0.0187475,0.6954778,0.0018235,0.0215171,0.0641638,0.3643326,0.996353,0.3088737,0.1482675,0.4347826,10.106469212026385
16491.0,0.4406646,0.2189679,0.259111,0.1957936,0.685768,0.1013886,0.5635524,0.0047683,0.0685442,0.1311497,0.1782149,0.9767546,0.4795443,0.0778974,0.5340909,10.566201298475118
6717.0,0.4595802,0.0022331,0.2097663,0.1402204,0.8136073,0.0,0.6303676,0.0041223,0.0501546,0.0654896,0.0013741,0.9776709,0.2683788,0.0514706,0.3333333,11.028433383156079
3104.0,0.4758376,0.0009665,0.2342139,0.1886908,0.7931701,0.0554124,0.6516762,0.0032706,0.0310711,0.0649847,0.0008177,0.9959117,0.3432722,0.0552764,0.6,10.351405324899678
235.0,0.493617,0.0,0.1531915,0.1092437,0.8765957,0.0,0.7032967,0.0,0.021978,0.1727273,0.0,1.0,0.4272727,0.1538462,1.0,9.615805480084347
1298.0,0.5169492,0.0007704,0.0978428,0.0590112,0.9237288,0.0038521,0.8129676,0.0049875,0.0274314,0.0696056,0.0,0.9775561,0.1740139,0.147541,0.6666667,10.902297921958713
2884.0,0.4715673,0.0,0.1768377,0.152231,0.8373786,0.0131761,0.6689246,0.0016935,0.0287892,0.0514056,0.0,1.0,0.3437751,0.0950704,1.0,10.261196961231647
271.0,0.4870849,0.0258303,0.1697417,0.1510791,0.701107,0.199262,0.741573,0.011236,0.0337079,0.1682243,0.011236,1.0,0.2990654,0.0,0.0,10.499600568082863
558.0,0.4910394,0.0143369,0.0197133,0.028169,0.9354839,0.0,0.8481013,0.0189873,0.0506329,0.0246914,0.0189873,0.9746835,0.3024691,0.1764706,0.5,11.05881093278828
846.0,0.4397163,0.0023641,0.2529551,0.1708861,0.7706856,0.06974,0.6170213,0.0030395,0.0182371,0.1498708,0.0,1.0,0.4134367,0.19,0.6363636,9.615805480084347
483.0,0.4389234,0.4534161,0.2070393,0.1845018,0.8302277,0.0,0.6097561,0.0,0.0097561,0.0848214,0.3658537,1.0,0.3616071,0.1619048,0.0,9.642187721358466
1010.0,0.4752475,0.0188119,0.1069307,0.0679245,0.8920792,0.0,0.7621483,0.0076726,0.0255754,0.08,0.0255754,0.9820972,0.3341176,0.0330579,0.0,10.236417809461043
291.0,0.4295533,0.0,0.3058419,0.253012,0.7869416,0.0,0.5782313,0.0,0.0,0.234375,0.0,0.9931973,0.25,0.1071429,0.8666667,9.615805480084347
3402.0,0.4994121,0.0041152,0.0861258,0.0399295,0.9570841,0.0,0.8916084,0.0017483,0.0157343,0.0255537,0.0034965,0.9991259,0.016184,0.0689655,0.7333333,11.650955473631058
13739.0,0.4419536,0.5987335,0.1461533,0.1353854,0.6330155,0.2289832,0.6328998,0.0015971,0.0460872,0.0864944,0.4494638,0.9954369,0.3403501,0.1253184,0.4590164,10.685126264117057
641.0,0.4695788,0.7675507,0.1341654,0.1294118,0.9173167,0.0,0.7835052,0.0051546,0.0309278,0.1141553,0.6494845,1.0,0.369863,0.3392857,0.0,10.094149233605084
3938.0,0.484256,0.2790757,0.1249365,0.0915805,0.7643474,0.1300152,0.7471452,0.0,0.0562806,0.0459144,0.2112561,0.9290375,0.3237354,0.0725275,0.3636364,12.067390869565173
4736.0,0.4736064,0.0002111,0.1351351,0.1227437,0.8752111,0.0,0.7094784,0.003926,0.034212,0.0620726,0.0,0.9971957,0.3882167,0.1226891,0.6428571,10.485731104959568
78.0,0.4615385,0.0,0.3333333,0.0714286,0.7692308,0.0,0.6571429,0.0285714,0.0571429,0.3,0.0,0.8285714,0.44,0.5,0.8,9.985113621416073
540.0,0.4555556,0.0,0.1722222,0.1292517,0.8703704,0.0,0.6976744,0.0046512,0.0186047,0.0570175,0.0,0.9953488,0.372807,0.0434783,1.0,10.073272520325904
575.0,0.5565217,0.0017391,0.0278261,0.0156863,0.5843478,0.0,0.463035,0.0038911,0.2529183,0.5385996,0.0,0.9805447,0.7127469,0.0299401,0.0,10.881832472145556
38719.0,0.4570108,0.125339,0.0860043,0.0557458,0.5034221,0.2237919,0.4910015,0.0019594,0.1808418,0.0720539,0.1127721,0.9857765,0.4959596,0.0329308,0.3858921,11.501874628783144
1938.0,0.4705882,0.1986584,0.1676987,0.1608187,0.8508772,0.0170279,0.7007874,0.0065617,0.0223097,0.1340909,0.183727,0.9790026,0.3931818,0.1317568,0.7058824,9.846970109700957
1130.0,0.5044248,0.0061947,0.0522124,0.0517857,0.9584071,0.0,0.8950276,0.0055249,0.0165746,0.042328,0.0055249,0.9944751,0.0529101,0.1851852,0.0,10.762170357789895
1822.0,0.4703622,0.4001098,0.1229418,0.1067358,0.8210757,0.0246981,0.6638298,0.0056738,0.0453901,0.1154329,0.3886525,0.987234,0.3437892,0.0931034,0.8571429,10.05195066017375
11781.0,0.4948646,0.0136661,0.0889568,0.0712485,0.9500042,0.0048383,0.8837527,0.0010941,0.0218818,0.0208891,0.012035,0.9794858,0.0811462,0.1005917,0.5,12.030534032473051
9886.0,0.4727898,0.1952256,0.1369614,0.1275902,0.8415942,0.0518916,0.7327947,0.0019504,0.0231262,0.1395349,0.1707997,0.9896907,0.3303764,0.1067335,0.4701493,10.422311107413181
254.0,0.503937,0.0,0.2125984,0.1349206,0.8307087,0.0,0.6481481,0.0092593,0.0277778,0.0769231,0.0,0.9907407,0.3333333,0.0384615,0.0,9.615805480084347
4462.0,0.4827432,0.0103093,0.066338,0.0662912,0.884805,0.0,0.7431694,0.0048573,0.0455373,0.0178891,0.0091075,0.996357,0.3076923,0.0824588,0.0,10.860939421415225
8116.0,0.4659931,0.2837605,0.1368901,0.1292109,0.7941104,0.0852637,0.7039429,0.0020394,0.0282121,0.0994796,0.2522094,0.9972808,0.3400673,0.0976253,0.6578947,10.264687244346277
5164.0,0.5079396,0.003873,0.1028273,0.0613932,0.8869094,0.0001936,0.7546667,0.0053333,0.0512,0.0763547,0.0048,0.9605333,0.3,0.1272016,0.44,11.098939154318382
21564.0,0.4930903,0.0063996,0.074476,0.066874,0.9225097,0.0107587,0.8323546,0.0025168,0.0288031,0.0209446,0.0055928,0.9875559,0.1281314,0.1087379,0.3125,11.060384472475045
533.0,0.4596623,0.0,0.2007505,0.1458333,0.8574109,0.0,0.6681614,0.0,0.0089686,0.1423077,0.0,0.9910314,0.2038462,0.0384615,1.0,9.923339198238729
2140.0,0.4630841,0.2495327,0.1453271,0.1314186,0.9046729,0.0079439,0.7788079,0.002649,0.018543,0.0925481,0.2039735,0.9933775,0.2079327,0.1130952,0.4705882,10.221977646629885
711.0,0.5035162,0.0,0.0787623,0.0453258,0.9268636,0.0,0.8228346,0.003937,0.019685,0.0415094,0.0,0.9330709,0.1924528,0.08,0.0,11.138973558699526
185.0,0.4972973,0.0,0.1837838,0.1182796,0.7837838,0.0,0.5555556,0.0123457,0.0493827,0.2285714,0.0,1.0,0.4857143,0.1111111,1.0,9.615805480084347
1099.0,0.4767971,0.0,0.2438581,0.186087,0.8525933,0.0,0.6722338,0.0,0.0104384,0.0717054,0.0,0.9958246,0.3565891,0.0833333,0.7777778,9.985113621416073
4530.0,0.492936,0.0099338,0.1408389,0.0966478,0.9101545,0.0,0.796798,0.0036946,0.03633,0.0304478,0.0092365,0.9839901,0.1068657,0.0983607,0.3888889,11.762913458369663
34204.0,0.4793299,0.0068705,0.1291954,0.0975911,0.885335,0.0079815,0.7463854,0.0014221,0.0299439,0.0324134,0.0078218,0.9907561,0.1914227,0.0394292,0.4545455,11.256754979390998
1422.0,0.4985935,0.0014065,0.0984529,0.056101,0.9395218,0.0,0.8394004,0.0021413,0.0149893,0.2124789,0.0021413,0.6573876,0.3608769,0.1809524,0.4444444,10.150386692204734
6802.0,0.4566304,0.0108792,0.2177301,0.1642316,0.811232,0.0339606,0.6673782,0.0032017,0.0345073,0.0471186,0.0113838,0.9964425,0.2847458,0.0406977,0.1538462,10.685126264117057
5179.0,0.4813671,0.0144816,0.1426916,0.1046165,0.874107,0.0245221,0.7867171,0.0048596,0.0485961,0.020624,0.012419,0.9897408,0.1168694,0.1039427,0.2857143,11.750374207389497
2300.0,0.4656522,0.2813043,0.1304348,0.1074044,0.893913,0.0004348,0.7472256,0.0036991,0.0345253,0.0825792,0.2663379,0.9482121,0.331448,0.2263514,0.2666667,10.576457535657255
557.0,0.5098743,0.0,0.0789946,0.0842491,0.9425494,0.0,0.8333333,0.0064103,0.025641,0.0658683,0.0,0.6987179,0.497006,0.3902439,0.6666667,10.354595018522993
1664.0,0.4417067,0.0060096,0.188101,0.1636168,0.8016827,0.0703125,0.6907563,0.0084034,0.0285714,0.0789474,0.0033613,0.9983193,0.2755418,0.0512821,0.5,10.831726617926124
8858.0,0.4910815,0.043012,0.0892978,0.0842946,0.8579815,0.0082411,0.7116508,0.0036889,0.0562558,0.0381431,0.0402705,0.8263142,0.3911886,0.101711,0.1142857,11.909020140718255
4054.0,0.4800197,0.0024667,0.1378885,0.0759013,0.921559,0.0,0.8161065,0.0012682,0.0139505,0.0413374,0.0025365,0.9968294,0.1580547,0.0448276,0.5384615,10.885584751364705
2121.0,0.4743046,0.0014144,0.1471004,0.1165919,0.9009901,0.0,0.7493766,0.0,0.0112219,0.0302297,0.0,0.9950125,0.216445,0.0561798,0.3333333,10.322230781590136
716.0,0.472067,0.0,0.1913408,0.1190476,0.8994413,0.0,0.7396226,0.0,0.0113208,0.1969697,0.0,0.8830189,0.3757576,0.12,0.5384615,9.615805480084347
2495.0,0.4733467,0.0004008,0.1330661,0.130898,0.8873747,0.0016032,0.7313916,0.0032362,0.0248112,0.1146132,0.0,0.9967638,0.4183381,0.1404255,0.5,9.674137279312397
436.0,0.4655963,0.0022936,0.1720183,0.1759657,0.837156,0.0,0.6480447,0.0055866,0.0391061,0.3490909,0.0,1.0,0.1781818,0.14,0.0,10.795506083434564
15030.0,0.4725216,0.8869594,0.0667332,0.0702573,0.9320692,0.0023952,0.832424,0.0083138,0.0423487,0.0307227,0.8737334,0.9295921,0.1752707,0.3694268,0.4,11.582460855933538
1689.0,0.4854944,0.0071048,0.1645944,0.1357883,0.7957371,0.0,0.6163435,0.0110803,0.0720222,0.0398936,0.0027701,0.9972299,0.2832447,0.0445205,0.2,10.579005242826247
7669.0,0.4983701,0.0526796,0.0701526,0.0506888,0.9290651,0.0027383,0.8426547,0.0063386,0.0253542,0.066481,0.0462342,0.9951529,0.1806474,0.1103118,0.4642857,10.795506083434564
17710.0,0.4795596,0.0039526,0.1835121,0.1225995,0.7994918,0.0275551,0.6442935,0.0040761,0.052038,0.0603855,0.0029891,0.9888587,0.3743138,0.0753238,0.2115385,10.889323003601277
684.0,0.4678363,0.001462,0.2719298,0.2032967,0.8201754,0.0,0.5953947,0.0,0.0,0.1032448,0.0,1.0,0.3657817,0.032967,0.8,9.615805480084347
10205.0,0.488976,0.010583,0.2476237,0.0910834,0.8898579,0.0,0.7890927,0.0043436,0.0499517,0.1012795,0.0082046,0.9860039,0.2509217,0.1221167,0.2736842,10.938467575959383
6542.0,0.485937,0.0033629,0.1056252,0.0862325,0.913635,0.0045858,0.8063241,0.007466,0.0272288,0.0210662,0.0030742,0.9934124,0.1401548,0.0616967,0.2083333,10.971657815702502
9000.0,0.4648889,0.9442222,0.0414444,0.0581395,0.9224444,0.0,0.8063143,0.005321,0.0372473,0.0723922,0.9208939,0.9953884,0.2615992,0.1360406,0.2753623,10.83370091325064
181.0,0.480663,0.2265193,0.1436464,0.1276596,0.8895028,0.0,0.7361111,0.0,0.0138889,0.1111111,0.2083333,1.0,0.2469136,0.15,0.0,9.966509298952284
151.0,0.5298013,0.0,0.1655629,0.084507,0.8874172,0.0,0.7333333,0.0,0.0166667,0.2307692,0.0,1.0,0.2820513,0.1666667,1.0,9.615805480084347
2573.0,0.4485037,0.5137971,0.1830548,0.1698379,0.8495919,0.0299262,0.6941176,0.0010695,0.0245989,0.115421,0.4534759,0.9903743,0.3576159,0.1598639,0.375,10.165890277802454
1132.0,0.4452297,0.4743816,0.1916961,0.1496815,0.860424,0.0,0.7111597,0.0109409,0.02407,0.0557851,0.4201313,0.9912473,0.3367769,0.1014493,1.0,10.203629181337648
55006.0,0.4773116,0.0079082,0.1409664,0.1032312,0.7034505,0.0895902,0.607816,0.0040082,0.0952426,0.0398589,0.0034356,0.9940831,0.3305997,0.0626733,0.3785714,10.635879484421974
845.0,0.4568047,0.1325444,0.2213018,0.1786492,0.8556213,0.0,0.6769663,0.0,0.0168539,0.0481283,0.1320225,0.997191,0.2700535,0.0645161,1.0,10.122663242288953
149.0,0.4765101,0.2013423,0.2147651,0.2435897,0.8322148,0.0,0.6153846,0.0,0.0,0.2261905,0.2307692,0.9846154,0.3333333,0.0,1.0,9.615805480084347
2348.0,0.5004259,0.0,0.1286201,0.059676,0.9169506,0.0,0.8233333,0.0077778,0.0244444,0.0625,0.0,0.9988889,0.1645833,0.0987654,0.5,9.985113621416073
2840.0,0.4933099,0.0017606,0.1172535,0.0708826,0.9045775,0.0024648,0.7677485,0.005071,0.025355,0.2086677,0.0020284,0.4168357,0.2696629,0.2216405,0.76,9.99884318585288
27257.0,0.4791063,0.0501523,0.1583813,0.1164248,0.885534,0.0131709,0.7602439,0.0024985,0.0280832,0.0306142,0.0417749,0.944933,0.2381321,0.0492238,0.3469388,10.85516473308054
383.0,0.4699739,0.0,0.3263708,0.2315271,0.7989556,0.0,0.5777778,0.0,0.0055556,0.1964286,0.0,1.0,0.40625,0.1086957,0.6666667,9.798182590890704
1781.0,0.4868052,0.0016844,0.1532847,0.1126915,0.8759124,0.0196519,0.7485207,0.0044379,0.0177515,0.1453856,0.0029586,0.887574,0.2945638,0.0869565,0.5789474,10.102379394048045
273.0,0.5274725,0.007326,0.0732601,0.0620155,0.8315018,0.0,0.6504854,0.0097087,0.0485437,0.3719512,0.0097087,0.8932039,0.4146341,0.3125,1.0,9.65509029374725
816.0,0.4693627,0.0882353,0.2818627,0.2055427,0.7990196,0.0490196,0.6269113,0.0,0.0061162,0.234192,0.0795107,0.9541284,0.2716628,0.1639344,0.3,9.615805480084347
661.0,0.4992436,0.01059,0.1164902,0.0966767,0.8472012,0.0166415,0.7235772,0.004065,0.0569106,0.075188,0.0081301,0.9918699,0.3157895,0.06,0.5,10.638280388314705
1210.0,0.453719,0.0008264,0.2975207,0.3040847,0.7280992,0.0760331,0.5746421,0.002045,0.0511247,0.027833,0.002045,0.993865,0.44334,0.0240964,0.0,10.70551155928146
28705.0,0.4800557,0.0315624,0.1338791,0.0899162,0.6738547,0.1651977,0.6354018,0.0013225,0.080468,0.0708006,0.028586,0.990234,0.2933169,0.0231533,0.3950617,12.02874460037869
299.0,0.5016722,0.0,0.2307692,0.1677852,0.8528428,0.0,0.664,0.0,0.016,0.0942029,0.0,1.0,0.1449275,0.0555556,0.7142857,9.615805480084347
24725.0,0.4538322,0.2264105,0.2791911,0.1802429,0.7809505,0.0260061,0.6211498,0.0031076,0.0465223,0.1420169,0.1706425,0.9809889,0.4601631,0.0633938,0.3630137,10.736418414365376
3069.0,0.4874552,0.1156729,0.1205604,0.1068023,0.8976865,0.0,0.7647059,0.0008525,0.028133,0.074191,0.1014493,0.9872123,0.3693765,0.0586735,0.4615385,10.623787731088578
45061.0,0.4654801,0.0429862,0.180178,0.1311965,0.819822,0.0094982,0.6424817,0.0015714,0.0500135,0.0434354,0.0372257,0.9588729,0.3763023,0.0382586,0.4117647,11.903622053373214
310.0,0.4677419,0.0,0.0903226,0.0606061,0.9290323,0.0,0.8349515,0.0194175,0.0291262,0.0803571,0.0,0.9902913,0.2142857,0.1,1.0,10.428245666832275
11025.0,0.4904308,0.0052608,0.0887982,0.0655037,0.9268027,0.0,0.824647,0.0023107,0.0256739,0.0267366,0.0043646,0.9887035,0.1224388,0.0698603,0.326087,11.3373928113354
8286.0,0.4629496,0.0020517,0.1975622,0.1447191,0.8024378,0.0090514,0.6213152,0.002551,0.0416667,0.0855365,0.0014172,0.9971655,0.2566096,0.0581818,0.6060606,10.357774570341576
4757.0,0.4752996,0.0756779,0.0958587,0.0733173,0.9064536,0.0,0.7812675,0.0016826,0.0274818,0.0615789,0.0762759,0.988783,0.2378947,0.0780287,0.1,10.633472802314019
2310.0,0.4619048,0.0021645,0.2012987,0.1504425,0.8134199,0.0311688,0.6766839,0.0103627,0.0352332,0.0511308,0.0031088,0.9989637,0.273353,0.0470297,0.5555556,10.5506169722625
255.0,0.5019608,0.0,0.1176471,0.0944882,0.9098039,0.0,0.8125,0.0104167,0.0416667,0.0588235,0.0,1.0,0.0882353,0.0,0.0,10.55843949396453
365.0,0.4876712,0.0547945,0.1506849,0.1016043,0.9205479,0.0,0.7903226,0.0,0.0241935,0.1328671,0.0806452,1.0,0.2587413,0.2682927,0.5,10.142543822310387
672.0,0.4657738,0.0,0.172619,0.086351,0.9449405,0.0,0.8588235,0.0,0.0039216,0.0449438,0.0,0.9843137,0.011236,0.1818182,0.8333333,13.107454794711176
877.0,0.4709236,0.0011403,0.1630559,0.1163793,0.8973774,0.0,0.7671642,0.0029851,0.0268657,0.1018767,0.0,1.0,0.2573727,0.1355932,0.8571429,9.97119292889014
3175.0,0.4995276,0.0485039,0.0809449,0.030837,0.9420472,0.0251969,0.9070929,0.0,0.005994,0.0243665,0.040959,0.993007,0.0194932,0.2413793,0.3529412,11.593592593037384
9372.0,0.4437687,0.2686726,0.2026248,0.1670823,0.7530943,0.0405463,0.6026819,0.0044698,0.0655575,0.0652275,0.2470822,0.9962751,0.3688487,0.0461828,0.4705882,11.219909190927746
1711.0,0.5061368,0.0011689,0.0292227,0.0260355,0.8644068,0.0,0.7225806,0.0032258,0.0806452,0.4322344,0.0016129,0.9435484,0.470696,0.1376812,0.7142857,11.038126355768453
11936.0,0.4628854,0.1513908,0.3398961,0.2191546,0.6999832,0.0526977,0.549271,0.0033374,0.0581416,0.1891468,0.0962586,0.9743545,0.6121635,0.0524233,0.3115942,10.971657815702502
7506.0,0.4777511,0.0074607,0.1630695,0.1153061,0.8792966,0.0,0.7335412,0.0017325,0.0384615,0.0321932,0.0079695,0.9712405,0.2293763,0.0385802,0.5,12.02455676409265
61444.0,0.4717955,0.0471161,0.1871786,0.1519643,0.8367782,0.0041176,0.6530483,0.0016595,0.0326366,0.0437887,0.0380497,0.9273381,0.4325223,0.0679205,0.5977654,11.765247163561801
204.0,0.5245098,0.0,0.0833333,0.1030928,0.8480392,0.0,0.6781609,0.0,0.0344828,0.0333333,0.0,1.0,0.2222222,0.0833333,0.0,10.308985993422082
248.0,0.4959677,0.0,0.1975806,0.144,0.8548387,0.0,0.6526316,0.0,0.0315789,0.040404,0.0,1.0,0.1010101,0.0,1.0,9.615805480084347
11005.0,0.4653339,0.0139028,0.2189914,0.1490483,0.7775557,0.0,0.6040142,0.0031361,0.0838386,0.3408214,0.0121263,0.9625758,0.3195976,0.0626976,0.6323529,11.571203807011969
544.0,0.5073529,0.0055147,0.1102941,0.0783582,0.8952206,0.0,0.7512438,0.0,0.0348259,0.0382775,0.0049751,1.0,0.1818182,0.0769231,0.25,10.211009016314167
173.0,0.5202312,0.0,0.3236994,0.1084337,0.8265896,0.0,0.6329114,0.0,0.0126582,0.1222222,0.0,1.0,0.1888889,0.0,1.0,9.615805480084347
1120.0,0.475,0.0008929,0.1160714,0.0544218,0.9553571,0.0,0.8840206,0.0,0.0128866,0.0102041,0.0,0.9948454,0.0178571,0.125,0.0,11.01206667357142
2561.0,0.5134713,0.0003905,0.0503709,0.0369181,0.9519719,0.0,0.87,0.00125,0.02,0.0255786,0.00125,0.99,0.1607795,0.048951,0.75,11.356283350762888
41100.0,0.5072263,0.0066667,0.1298297,0.0709525,0.8049878,0.0022141,0.6606191,0.0059877,0.1047243,0.1081384,0.0067062,0.9176696,0.4013137,0.0796703,0.3058419,12.380870134047337
3193.0,0.470404,0.005011,0.135296,0.1224128,0.8499843,0.0144065,0.6988506,0.0022989,0.0229885,0.0803383,0.005364,0.994636,0.3622269,0.0400891,0.75,10.638280388314705
1049.0,0.4976168,0.0123928,0.0400381,0.0208729,0.9561487,0.0,0.8888889,0.003268,0.0261438,0.0285714,0.0130719,0.9575163,0.1047619,0.025,0.4,11.11395422597838
1946.0,0.4594039,0.0935252,0.1963001,0.1634981,0.8473792,0.0354573,0.7113543,0.004104,0.0205198,0.1430246,0.1067031,0.627907,0.3048066,0.1390135,0.7,10.12667110305036
6027.0,0.4518002,0.1931309,0.1868259,0.1746368,0.8325867,0.0438029,0.7021653,0.0030932,0.024304,0.1615413,0.1648255,0.9889527,0.4031123,0.1353383,0.8461538,10.081675578048475
7772.0,0.4698919,0.0005147,0.3785383,0.1589806,0.7628667,0.0,0.6168084,0.002001,0.066033,0.5050142,0.0005003,0.9904952,0.5712517,0.0147059,0.1548387,11.788289480716973
3439.0,0.48328,0.0078511,0.1491713,0.10861,0.7949985,0.0119221,0.6415094,0.0069881,0.0852551,0.0931559,0.0069881,0.9699511,0.4036755,0.0520446,0.5625,11.909692857375196
5426.0,0.4926281,0.0035017,0.1666052,0.1155104,0.865094,0.0,0.7050863,0.0023332,0.0419972,0.0546978,0.0032664,0.9962669,0.3167181,0.0469417,0.6363636,11.735276702486741
604.0,0.4619205,0.0,0.1672185,0.1261538,0.884106,0.0,0.720339,0.0042373,0.0127119,0.0445344,0.0,0.9872881,0.2064777,0.0689655,1.0,10.485731104959568
1092.0,0.4386447,0.0009158,0.2481685,0.2479608,0.7335165,0.1263736,0.6593137,0.002451,0.0294118,0.04,0.0,0.9901961,0.24,0.0479452,0.0,10.843514342086866
7974.0,0.486456,0.0219463,0.1543767,0.1228327,0.8614246,0.0007524,0.7006645,0.0056478,0.0481728,0.0315315,0.020598,0.9800664,0.2670528,0.0721983,0.4583333,11.19822841866684
513.0,0.4990253,0.0,0.1169591,0.0817121,0.8908382,0.0,0.7065868,0.011976,0.0239521,0.2863248,0.0,0.5628743,0.4401709,0.36,0.8,9.615805480084347
1506.0,0.4694555,0.0,0.1772908,0.1339174,0.8711819,0.0,0.7128713,0.0049505,0.0247525,0.0225806,0.0,1.0,0.2693548,0.044586,0.0,10.419330568113901
19749.0,0.4626057,0.0112917,0.1597043,0.1099595,0.8736139,0.0127601,0.7420233,0.0009079,0.026978,0.0403286,0.0107652,0.993904,0.1474981,0.047492,0.375,11.538602958260002
691.0,0.4833575,0.154848,0.1403763,0.1204482,0.8871201,0.0,0.7249071,0.0,0.0148699,0.0912162,0.1524164,0.9925651,0.4493243,0.1264368,0.6666667,9.615805480084347
328.0,0.4756098,0.0,0.2682927,0.2034884,0.8628049,0.0,0.6641791,0.0,0.0,0.0629371,0.0,1.0,0.2237762,0.0588235,0.0,9.615805480084347
297.0,0.4814815,0.0,0.1043771,0.1168831,0.9259259,0.0,0.7789474,0.0,0.0105263,0.040404,0.0,1.0,0.1414141,0.1428571,0.0,10.463131911491967
1010.0,0.490099,0.0,0.150495,0.1184466,0.8514851,0.0,0.6798942,0.0079365,0.047619,0.1447964,0.0,0.8333333,0.4932127,0.1958042,0.5555556,10.416341118636355
13894.0,0.4644451,0.0117317,0.1443069,0.1419164,0.8486397,0.0423204,0.7372681,0.0011844,0.0298066,0.0308016,0.0108567,0.9865772,0.2929022,0.0412371,0.5,10.91328684226798
14842.0,0.4944751,0.0090958,0.0638054,0.0614421,0.9440776,0.0049185,0.8655212,0.00252,0.0277205,0.0427632,0.0084765,0.9420389,0.1688596,0.1351767,0.3684211,11.747214672056005
2976.0,0.4472446,0.1028226,0.203293,0.1732523,0.7909946,0.0517473,0.6397985,0.0050378,0.0201511,0.1031627,0.0973971,0.9924433,0.3682229,0.0917874,0.4230769,9.966509298952284
1081.0,0.4986124,0.0027752,0.2442183,0.0922509,0.853839,0.0064755,0.7403433,0.0085837,0.0493562,0.1663685,0.0021459,0.9957082,0.352415,0.0609756,0.125,11.031674824544641
5103.0,0.4638448,0.0174407,0.4665883,0.1516813,0.8344111,0.0299824,0.746856,0.001217,0.0251521,0.2588695,0.0137931,0.9963489,0.2020445,0.0285714,0.57,11.68352019721342
625.0,0.4528,0.0,0.16,0.1812865,0.8544,0.0,0.6679245,0.0,0.0113208,0.0766551,0.0,0.9924528,0.3797909,0.049505,0.4,9.966509298952284
179.0,0.4748603,0.0,0.3687151,0.1382979,0.8268156,0.0,0.6781609,0.0,0.0344828,0.1792453,0.0,1.0,0.2075472,0.0,1.0,9.615805480084347
191.0,0.4659686,0.0,0.0942408,0.0882353,0.9424084,0.0,0.8450704,0.0,0.0,0.1234568,0.0,1.0,0.382716,0.0714286,0.0,9.741027444837728
4964.0,0.5,0.0531829,0.0414988,0.044722,0.9582998,0.0032232,0.8928571,0.0013228,0.015873,0.0104712,0.0502646,0.9966931,0.0170157,0.3510638,0.5,10.929547069355774
6322.0,0.4737425,0.0050617,0.136982,0.1091073,0.8609617,0.0194559,0.7126882,0.0017204,0.0292473,0.0352697,0.0025806,0.932043,0.2522822,0.0896739,0.5,10.666650414667744
119.0,0.4957983,0.0672269,0.2436975,0.1166667,0.907563,0.0,0.7916667,0.0,0.0208333,0.04,0.0625,1.0,0.22,0.0,1.0,10.451637862362272
1449.0,0.4547964,0.0,0.3036577,0.2139241,0.7964113,0.0407177,0.6452145,0.0066007,0.0214521,0.0633694,0.0,1.0,0.2642968,0.0785714,0.6,9.933094897288786
346.0,0.4768786,0.0,0.2514451,0.198895,0.8381503,0.0,0.6486486,0.0067568,0.0067568,0.1084337,0.0,1.0,0.3072289,0.1111111,1.0,9.615805480084347
14870.0,0.4800269,0.0132482,0.1439139,0.0973875,0.8956288,0.0102892,0.7789757,0.0028751,0.0240791,0.0229986,0.0123989,0.9962264,0.1964537,0.0379551,0.6538462,11.091346218718432
203056.0,0.4569922,0.5521728,0.1535586,0.1296923,0.7036089,0.0551867,0.5483553,0.0036092,0.0930546,0.0935193,0.4874791,0.9921839,0.4092053,0.0638558,0.4900542,10.77270764101727
2031.0,0.483998,0.0014771,0.1137371,0.0906489,0.854259,0.0157558,0.7051443,0.0025094,0.0326223,0.045509,0.0025094,0.9962359,0.3497006,0.0651163,0.5,10.789339695269716
200.0,0.5,0.0,0.15,0.14,0.9,0.0,0.7435897,0.0,0.0,0.1521739,0.0,1.0,0.4021739,0.25,0.0,9.615805480084347
1526.0,0.4790301,0.0,0.2385321,0.1786164,0.8171691,0.0406291,0.6677165,0.0,0.0094488,0.1838046,0.0,0.9748031,0.2917738,0.0709677,0.6956522,9.957075711706057
18046.0,0.477779,0.0014408,0.1945029,0.1337012,0.8277181,0.0191178,0.6713268,0.0037639,0.0336067,0.0890277,0.000941,0.9975803,0.3562332,0.0294275,0.6116505,10.196194479235656
847.0,0.5064935,0.0023613,0.081464,0.0382775,0.9338843,0.0,0.8249158,0.0,0.013468,0.0230263,0.003367,1.0,0.1282895,0.0769231,1.0,10.573903321093981
2217.0,0.4636897,0.9526387,0.1479477,0.13709,0.9057285,0.0,0.7604457,0.0069638,0.0320334,0.0747423,0.95961,0.9791086,0.2590206,0.1886792,1.0,10.431199791458543
153.0,0.5228758,0.0,0.1895425,0.0821918,0.8823529,0.0,0.8035714,0.0,0.0714286,0.0344828,0.0,1.0,0.0689655,0.2,0.0,11.63780327310248
2015.0,0.466005,0.0094293,0.1895782,0.133829,0.8426799,0.0342432,0.7051282,0.0012821,0.0205128,0.0758294,0.0064103,0.9769231,0.3033175,0.0826772,0.8,10.457401400981889
99.0,0.4747475,0.0,0.1010101,0.0961538,0.9191919,0.0,0.7837838,0.0,0.0,0.1395349,0.0,0.8108108,0.2093023,0.0,1.0,9.615805480084347
65.0,0.4461538,0.0,0.2461538,0.0833333,0.9230769,0.0,0.8214286,0.0,0.0,0.0344828,0.0,1.0,0.3103448,0.0,0.0,9.615805480084347
2521.0,0.4760016,0.00357,0.1487505,0.1135503,0.7616025,0.0067434,0.579658,0.0108011,0.0738074,0.0982143,0.0018002,0.9954995,0.5194805,0.0514096,0.4,11.281006017883909
13521.0,0.536055,0.0826862,0.146291,0.138849,0.6989868,0.1712891,0.6647584,0.0054958,0.046485,0.0527115,0.0013739,0.9942752,0.2908894,0.0787222,0.6410256,10.2328272702548
484.0,0.4318182,0.2933884,0.2210744,0.2218182,0.8615702,0.0,0.678392,0.0050251,0.0050251,0.0744186,0.2562814,1.0,0.2604651,0.1428571,0.0,9.615805480084347
4682.0,0.4611277,0.4658266,0.2165741,0.1847008,0.8020077,0.0106792,0.5997994,0.002006,0.0290873,0.244983,0.4312939,0.9909729,0.4759561,0.0865842,0.7333333,9.615805480084347
40174.0,0.4909145,0.0078409,0.1481555,0.1036084,0.9279883,0.0030617,0.836478,0.0018186,0.031295,0.0147816,0.0055316,0.9625673,0.1154162,0.1210375,0.4590164,11.979178318844294
1811.0,0.472667,0.1954721,0.1452236,0.1340314,0.8939812,0.0,0.740146,0.0014599,0.0175182,0.1229193,0.1547445,0.9927007,0.2765685,0.1055046,0.7142857,10.118639253920785
5272.0,0.5149848,0.0225721,0.1566768,0.0778256,0.8988998,0.0,0.7917903,0.0019782,0.0435213,0.0435194,0.0182987,0.9737883,0.12772,0.0648855,0.4117647,11.419724060136211
227.0,0.4449339,0.0,0.1189427,0.0793651,0.8854626,0.0,0.7142857,0.0,0.0119048,0.0769231,0.0,0.9761905,0.2857143,0.1538462,0.0,10.633472802314019
2130.0,0.4568075,0.0018779,0.2140845,0.1659464,0.8624413,0.0,0.6923937,0.0,0.0201342,0.0840164,0.0011186,0.9966443,0.2786885,0.0472103,0.6,10.154285180632154
21495.0,0.6489881,0.2621075,0.0009304,0.0021206,0.6836939,0.3148174,0.9925168,0.0,0.0004989,0.0775426,0.2771265,0.9301571,0.1988035,0.2079679,0.0,10.657282884047461
272.0,0.4595588,0.0073529,0.1066176,0.0612245,0.8897059,0.0,0.75,0.0,0.0384615,0.0714286,0.0,1.0,0.2857143,0.0555556,0.0,10.853232402669228
2706.0,0.4356984,0.0011086,0.2376201,0.2075966,0.8019217,0.0044346,0.6084829,0.0016313,0.0261011,0.0877976,0.0008157,0.9967374,0.3526786,0.0776471,0.9230769,10.21833478806055
101.0,0.5544554,0.0,0.1782178,0.2,0.7821782,0.0,0.5111111,0.0,0.0,0.2741935,0.0,1.0,0.4516129,0.125,0.5,9.841665338892785
188.0,0.4893617,0.4893617,0.143617,0.1041667,0.8404255,0.0,0.6923077,0.0153846,0.0923077,0.0151515,0.4153846,0.9538462,0.1666667,0.2,0.0,10.596659732783579
735.0,0.4761905,0.0557823,0.1564626,0.1298701,0.8557823,0.0,0.6965517,0.0034483,0.0517241,0.118541,0.0448276,0.9931034,0.2036474,0.0727273,0.25,11.203692838488003
253.0,0.5256917,0.0,0.229249,0.1083333,0.8774704,0.0,0.7196262,0.0,0.0093458,0.1832061,0.0,0.9906542,0.3282443,0.0967742,0.0,9.62911649414402
2998.0,0.4422949,0.0036691,0.2675117,0.1728469,0.7781855,0.0456971,0.638332,0.0032077,0.0537289,0.2612559,0.0008019,0.9983962,0.2594787,0.047138,0.2916667,11.766023856597407
170.0,0.4705882,0.3235294,0.2235294,0.1111111,0.8588235,0.0,0.6973684,0.0,0.0131579,0.5529412,0.2763158,0.9078947,0.4823529,0.125,0.5,10.285376924115587
1629.0,0.4604052,0.0018416,0.1411909,0.116041,0.8655617,0.0085942,0.7240829,0.0031898,0.0430622,0.0738552,0.0015949,0.9904306,0.3367799,0.0789474,0.8,10.815790343132422
1383.0,0.4953001,0.0028923,0.1135213,0.0859599,0.9096168,0.0166305,0.8009709,0.0072816,0.0339806,0.0373832,0.0024272,0.7160194,0.317757,0.3013699,0.8571429,10.568775236216993
57878.0,0.4847956,0.0307198,0.131017,0.0986284,0.6641729,0.1323992,0.5891065,0.001785,0.1068603,0.045804,0.0252316,0.9589444,0.4368642,0.0529228,0.6015038,12.017336559562407
167.0,0.5449102,0.011976,0.1916168,0.0921053,0.8502994,0.0,0.6716418,0.0,0.0447761,0.1927711,0.0,1.0,0.3493976,0.1363636,0.8571429,9.615805480084347
9341.0,0.4441709,0.0056739,0.2152874,0.172188,0.7832138,0.005781,0.5864999,0.0047203,0.0394147,0.0533959,0.0049563,0.9981119,0.3532172,0.0568918,0.4516129,10.146472946063877
181.0,0.4917127,0.1049724,0.1712707,0.1521739,0.8839779,0.0,0.7058824,0.0,0.0147059,0.0555556,0.0735294,1.0,0.0972222,0.1764706,0.0,10.664316745782925
691.0,0.4949349,0.0,0.0998553,0.0916905,0.9305355,0.0,0.8185654,0.0042194,0.0126582,0.0165975,0.0,1.0,0.1742739,0.175,0.0,10.91328684226798
1038.0,0.4402697,0.0,0.3371869,0.211704,0.7312139,0.0809249,0.5909091,0.0022727,0.0181818,0.1372549,0.0,0.9977273,0.2470588,0.03125,0.8888889,9.615805480084347
5461.0,0.4934994,0.0075078,0.0617103,0.0459147,0.9527559,0.0208753,0.9202261,0.0,0.008794,0.0472771,0.0056533,0.9817839,0.0400958,0.1785714,0.52,11.948602883419843
12482.0,0.4770069,0.0350905,0.2113443,0.1289828,0.781926,0.0051274,0.6395624,0.0061987,0.098268,0.104051,0.0308113,0.983227,0.4243711,0.0455671,0.247191,10.915106645867503
2058.0,0.4834791,0.0,0.2016521,0.1533396,0.8717201,0.0024295,0.7173913,0.0060386,0.0253623,0.0769231,0.0,1.0,0.1393534,0.089172,1.0,10.012386799492118
1550.0,0.4632258,0.0006452,0.2096774,0.1454327,0.8645161,0.0,0.6898223,0.003231,0.0242326,0.0802377,0.0016155,0.9951535,0.1604755,0.0977444,0.8571429,10.181157167204903
216.0,0.5324074,0.0,0.1064815,0.049505,0.912037,0.0,0.7948718,0.0128205,0.025641,0.0823529,0.0,1.0,0.2823529,0.1578947,1.0,10.038935856711177
10678.0,0.4901667,0.0239745,0.1058251,0.0854151,0.9136542,0.0097397,0.7929208,0.0033445,0.0136566,0.1090142,0.0248049,0.7483278,0.3267941,0.1565875,0.707483,10.16203685698089
1253.0,0.5762171,0.8834796,0.1069433,0.1167608,0.7462091,0.1787709,0.7261905,0.0,0.0059524,0.1272727,0.8779762,1.0,0.2961039,0.1511628,1.0,9.62251624577579
65.0,0.5076923,0.0,0.1230769,0.125,0.9230769,0.0,0.7727273,0.0,0.0,0.1538462,0.0,1.0,0.4230769,0.5,0.0,9.615805480084347
2170.0,0.4958525,0.0009217,0.164977,0.0722121,0.8741935,0.0,0.7534722,0.0069444,0.0543981,0.5178571,0.0,0.9652778,0.2700893,0.1132075,0.6315789,11.49782197939291
1277.0,0.5011746,0.0007831,0.1433046,0.1098901,0.8551292,0.0258418,0.7296703,0.0087912,0.0351648,0.0936255,0.0,0.9824176,0.3187251,0.0814815,0.0,10.835671318412196
67.0,0.5522388,0.0,0.0298507,0.0333333,0.9552239,0.0,0.85,0.0,0.0,0.5348837,0.0,0.65,0.6511628,0.5,1.0,9.69898173460629
1137.0,0.4881266,0.001759,0.1354442,0.0824742,0.9085312,0.0,0.772093,0.0,0.0139535,0.0851064,0.0,1.0,0.2340426,0.1538462,0.4285714,9.825580063659602
2873.0,0.4434389,0.0341107,0.2829795,0.1988743,0.7761921,0.0226244,0.6116433,0.0022108,0.0324245,0.1932224,0.0324245,0.9896831,0.4274673,0.0306346,0.7894737,10.709985739582528
334.0,0.5,0.0359281,0.0688623,0.0538922,0.8772455,0.0,0.7457627,0.0,0.0847458,0.056,0.0254237,0.7881356,0.32,0.1666667,0.0,9.87822102528824
148.0,0.4864865,0.0,0.1216216,0.1315789,0.8243243,0.0,0.6785714,0.0357143,0.0892857,0.1384615,0.0,1.0,0.2769231,0.0,0.0,9.857495968685136
2592.0,0.4494599,0.0003858,0.2283951,0.1885074,0.7986111,0.027392,0.6318102,0.0017575,0.0219684,0.0866774,0.0008787,0.9964851,0.3683788,0.0443787,0.5882353,10.36410350510914
11208.0,0.4878658,0.001606,0.120985,0.1134146,0.8534083,0.0,0.6824494,0.0029593,0.0466651,0.0237778,0.0006829,0.9772365,0.3966667,0.0424658,0.1666667,11.297266335365645
38.0,0.6578947,0.0,0.1842105,0.1538462,0.7105263,0.0,0.45,0.0,0.0,0.2592593,0.0,1.0,0.3703704,0.0,0.0,9.615805480084347
1006.0,0.4930417,0.0059642,0.1709742,0.1235294,0.7992048,0.0576541,0.6844784,0.0076336,0.043257,0.0687204,0.0050891,0.9974555,0.2393365,0.0661765,1.0,10.118639253920785
151.0,0.4701987,0.0,0.2781457,0.225,0.794702,0.0,0.5797101,0.0,0.0289855,0.1976744,0.0,0.9855072,0.3837209,0.125,0.5,10.021315031649332
4484.0,0.4683318,0.190455,0.1940232,0.164849,0.7818912,0.0182872,0.5901552,0.0053505,0.0518994,0.7018663,0.1712146,0.9539861,0.5528792,0.1030928,0.8823529,11.01206667357142
21586.0,0.5168165,0.0103308,0.0844529,0.0568552,0.7574817,0.0074122,0.5981449,0.0084638,0.136,0.3868193,0.0093913,0.8798841,0.5262335,0.1068563,0.3636364,11.394153190178114
15997.0,0.4605238,0.0036882,0.7372632,0.1622248,0.8672876,0.0047509,0.7777905,0.0,0.0121476,0.1582907,0.0035526,0.9981664,0.2018906,0.0,0.3819742,11.370220696727491
3387.0,0.4546797,0.1488043,0.2081488,0.205739,0.7174491,0.1517567,0.6639742,0.003231,0.0153473,0.0761194,0.1058158,0.996769,0.2589552,0.0680473,0.7272727,10.169728906753061
24474.0,0.50523,0.006701,0.0480101,0.0294822,0.9390373,0.0,0.8663366,0.0062199,0.0401117,0.0207582,0.0068545,0.9834983,0.092977,0.1961722,0.1578947,11.636036503798104
629.0,0.5007949,0.0158983,0.1303657,0.0732484,0.8076312,0.1033386,0.7783251,0.0147783,0.0344828,0.0645161,0.0,1.0,0.1797235,0.1034483,1.0,10.199918739620157
25894.0,0.4653974,0.0329034,0.1884993,0.1408654,0.7905306,0.0456476,0.6474005,0.0040945,0.0410398,0.063325,0.0237098,0.987431,0.3276846,0.0510259,0.4615385,10.169728906753061
10301.0,0.4821862,0.0057276,0.210465,0.1340457,0.7854577,0.0514513,0.6696215,0.004552,0.0565405,0.0444139,0.0040728,0.9635841,0.4679487,0.0717518,0.1944444,11.65789988570203
3906.0,0.4915515,0.0094726,0.1167435,0.0558912,0.8794163,0.0017921,0.760082,0.0054682,0.0656186,0.0512322,0.0068353,0.9856459,0.1725032,0.1126374,0.1818182,11.06665398721974
634.0,0.5047319,0.0,0.1214511,0.1019108,0.8927445,0.0,0.7510917,0.0043668,0.0218341,0.1358491,0.0,1.0,0.4830189,0.2027027,0.125,9.90353755128617
3867.0,0.4613395,0.0439617,0.5978795,0.2222756,0.7307991,0.0266356,0.6013579,0.0053346,0.0465567,0.2526278,0.0271581,0.9830262,0.7285248,0.0334646,0.2666667,10.789339695269716
16023.0,0.4788117,0.1379267,0.150284,0.1027422,0.8598889,0.0195968,0.7504921,0.0049213,0.0523294,0.0668912,0.1126969,0.980479,0.2032757,0.0822222,0.2368421,11.03005541721757
63891.0,0.4850448,0.0271713,0.097369,0.0709097,0.8529527,0.0042416,0.7005958,0.0041377,0.0634724,0.0354406,0.0292122,0.9721119,0.3490581,0.0589506,0.2439024,10.762170357789895
561.0,0.4171123,0.0089127,0.3707665,0.324159,0.6541889,0.1122995,0.5258964,0.0039841,0.0278884,0.4845996,0.0079681,0.9960159,0.2217659,0.0353982,0.4,12.111767460549332
1102.0,0.4682396,0.0009074,0.1352087,0.1109215,0.892922,0.0,0.7564403,0.0023419,0.030445,0.031746,0.0023419,0.9976581,0.2585034,0.0740741,0.4,11.330215832884798
1205.0,0.4705394,0.3327801,0.1618257,0.169279,0.8688797,0.0,0.7085106,0.012766,0.0276596,0.1047619,0.2680851,1.0,0.3314286,0.1176471,0.5,9.83097062169695
359.0,0.4846797,0.0,0.2061281,0.1675676,0.8857939,0.0,0.737931,0.0,0.0206897,0.0645161,0.0,1.0,0.1806452,0.0588235,0.0,9.65509029374725
2976.0,0.4485887,0.406586,0.2133737,0.1882998,0.8652554,0.0,0.6876596,0.0017021,0.0246809,0.0841777,0.3574468,0.9965957,0.3328137,0.1476684,0.6111111,10.038935856711177
251.0,0.4820717,0.0,0.1633466,0.1076923,0.9083665,0.0,0.7555556,0.0,0.0111111,0.1176471,0.0,1.0,0.0588235,0.0,0.5,10.043292972227004
1419.0,0.4954193,0.0105708,0.1183932,0.0726257,0.9429175,0.0,0.8448637,0.0,0.0146751,0.0324544,0.0062893,0.9874214,0.0872211,0.1785714,0.6,11.795853756086931
1314.0,0.4611872,0.5091324,0.1149163,0.1370056,0.9079148,0.0,0.7586207,0.0,0.0193966,0.0569106,0.4676724,0.9956897,0.2357724,0.1733333,0.3333333,10.268165387743457
268.0,0.5037313,0.0037313,0.1529851,0.1503759,0.8768657,0.0,0.7211538,0.0096154,0.0288462,0.1333333,0.0,1.0,0.2416667,0.0869565,1.0,9.615805480084347
223.0,0.4932735,0.0,0.1434978,0.1061947,0.8834081,0.0,0.7307692,0.0,0.0641026,0.0823529,0.0,1.0,0.1647059,0.1333333,0.0,10.043292972227004
9060.0,0.4779249,0.0224062,0.1559603,0.1344609,0.8359823,0.0041943,0.6518665,0.0067873,0.0483597,0.0863049,0.0200792,0.968043,0.3966408,0.0883352,0.7,11.235866764155578
256.0,0.4960938,0.9960938,0.1679688,0.1007752,0.9101562,0.0,0.7349398,0.0,0.0120482,0.1530612,1.0,1.0,0.3367347,0.25,0.0,9.615805480084347
20051.0,0.4861603,0.0035908,0.1126128,0.0943415,0.8688843,0.0005486,0.7144426,0.0067271,0.0547776,0.0636329,0.0046678,0.9887424,0.3170073,0.1160377,0.3157895,10.322230781590136
8996.0,0.506225,0.0267897,0.1026012,0.0578568,0.8817252,0.0013339,0.7790945,0.0030386,0.0698876,0.0199524,0.0255242,0.9747797,0.1054199,0.1206434,0.3,12.023357011097826
1573.0,0.4780674,0.0031786,0.2320407,0.1741778,0.7984743,0.0546726,0.6570973,0.0031898,0.0207337,0.0792952,0.0,0.9936204,0.3876652,0.1304348,1.0,10.55323128448846
12857.0,0.4830054,0.0087112,0.1186124,0.0840981,0.863654,0.0,0.7111065,0.0018545,0.0593447,0.0311439,0.0063878,0.9878426,0.0804552,0.0369565,0.4285714,11.658764556186767
510.0,0.4901961,0.0,0.1176471,0.1115385,0.8921569,0.0,0.7379679,0.0,0.026738,0.010582,0.0,0.9946524,0.2486772,0.0784314,0.0,10.725489582719506
1620.0,0.5135802,0.0030864,0.0851852,0.0482234,0.9388889,0.0,0.8513011,0.0,0.0260223,0.0659722,0.0018587,0.9776952,0.0694444,0.0273973,0.6666667,12.909667557971359
888.0,0.4718468,0.8164414,0.1024775,0.0810235,0.5202703,0.0,0.3248639,0.0018149,0.0907441,0.0723906,0.814882,1.0,0.7878788,0.008,1.0,10.860939421415225
6360.0,0.4737421,0.6721698,0.0828616,0.0866448,0.9086478,0.0,0.7673684,0.0052632,0.0494737,0.0834539,0.6494737,0.9305263,0.39315,0.2646277,0.7037037,10.465984899076615
3337.0,0.4956548,0.0071921,0.1297573,0.097445,0.9298771,0.0,0.8123862,0.0009107,0.0209472,0.1461897,0.010929,0.5628415,0.3040435,0.1569343,0.6153846,10.207325906555994
6527.0,0.4619274,0.1585721,0.1803279,0.1594533,0.8547572,0.0271181,0.6943723,0.0025974,0.0203463,0.117984,0.1584416,0.6987013,0.4020619,0.1811441,0.5588235,10.114599007626499
42647.0,0.4946421,0.0520552,0.0680001,0.0634744,0.9222689,0.0029076,0.8172577,0.0038799,0.043377,0.052078,0.056103,0.7532397,0.3847738,0.171667,0.1391753,12.138869243416009
1312.0,0.4557927,0.0,0.2987805,0.2114846,0.7881098,0.0579268,0.6445672,0.0,0.014733,0.209607,0.0,1.0,0.3755459,0.0413793,0.84,9.883335864325275
1746.0,0.4948454,0.1471936,0.1443299,0.1179138,0.8877434,0.0,0.7258065,0.0,0.0131965,0.1026316,0.1319648,0.9985337,0.3223684,0.0902778,0.6,10.199918739620157
5889.0,0.4674817,0.0183393,0.1057905,0.0905612,0.8967567,0.0028867,0.7653918,0.005597,0.0279851,0.0424297,0.0186567,0.9934701,0.3711478,0.1207076,0.3333333,10.36410350510914
13671.0,0.4587082,0.4064809,0.1471728,0.1101351,0.8493892,0.0,0.6645463,0.0044902,0.0394761,0.0494398,0.3478017,0.9758653,0.3884048,0.1004683,0.6,10.795506083434564
176.0,0.4772727,0.0,0.1647727,0.0869565,0.8977273,0.0,0.7419355,0.016129,0.016129,0.0746269,0.0,0.983871,0.358209,0.173913,0.0,10.596659732783579
1455.0,0.5072165,0.0013746,0.0783505,0.0767085,0.8824742,0.0075601,0.7405303,0.0056818,0.0359848,0.7327935,0.0018939,0.9962121,0.5268219,0.1021898,0.6875,10.27163147557801
675.0,0.4325926,0.0014815,0.3659259,0.2663185,0.7007407,0.1037037,0.584507,0.0,0.0457746,0.669383,0.0,0.9964789,0.4062864,0.0315789,0.7142857,11.167628403875849
59.0,0.440678,0.0508475,0.2881356,0.2424242,0.8983051,0.0,0.7777778,0.0,0.0,0.0,0.037037,1.0,0.2222222,0.0,0.0,10.499600568082863
222.0,0.4864865,0.0,0.2297297,0.1666667,0.8603604,0.0,0.7040816,0.0102041,0.0102041,0.0841121,0.0,1.0,0.2336449,0.0,1.0,9.746892220313054
5807.0,0.4480799,0.0170484,0.2738075,0.1572543,0.8307215,0.0623386,0.7480916,0.000449,0.0215537,0.0270861,0.0085317,0.9955097,0.1572739,0.0859729,0.2727273,11.92039522907888
82.0,0.5121951,0.0,0.2682927,0.1,0.8536585,0.0,0.7222222,0.0,0.0555556,0.1627907,0.0,1.0,0.3023256,0.0,0.0,9.615805480084347
71852.0,0.4692562,0.0364082,0.1706981,0.1312967,0.8173746,0.033736,0.6714301,0.0041181,0.0375559,0.0916038,0.0314315,0.9828236,0.3188068,0.0776279,0.5241546,10.142543822310387
31.0,0.6129032,0.0,0.2258065,0.1666667,0.8064516,0.0,0.6,0.0,0.0,0.2105263,0.0,1.0,0.5263158,0.0,0.0,9.615805480084347
2810.0,0.4572954,0.0060498,0.2135231,0.1809836,0.7779359,0.0729537,0.6609558,0.0045086,0.025248,0.1020243,0.0036069,0.9981966,0.3773279,0.0774411,0.8666667,9.873079890114703
173072.0,0.4755882,0.1674968,0.1334185,0.1040204,0.797928,0.022638,0.6299711,0.0053284,0.059632,0.0976985,0.1386531,0.9803237,0.3420289,0.0707322,0.4063745,10.392098241730961
695.0,0.5035971,0.0057554,0.1352518,0.1130435,0.8820144,0.0158273,0.7424242,0.0,0.0113636,0.0469314,0.0,1.0,0.2707581,0.1046512,0.0,10.445840912706414
5533.0,0.4971986,0.0005422,0.189409,0.1380302,0.8277607,0.0245798,0.6770038,0.0062023,0.0443702,0.0688583,0.0,0.8812023,0.4451355,0.1603376,0.2647059,10.401258331428318
911.0,0.5301866,0.0,0.1075741,0.0560748,0.9714599,0.0,0.8972332,0.0,0.0,0.0996441,0.0,0.9920949,0.1352313,0.2857143,0.8571429,10.579005242826247
326.0,0.4509202,0.1656442,0.2055215,0.1731844,0.8803681,0.0,0.7238806,0.0,0.0149254,0.0884354,0.141791,1.0,0.2585034,0.1481481,1.0,10.30229722897745
1457.0,0.4804393,0.0013727,0.1509952,0.1109643,0.9004804,0.0,0.7836364,0.0036364,0.0418182,0.0125673,0.0,0.9963636,0.1543986,0.0306122,0.0,10.887455624298198
635.0,0.4866142,0.0015748,0.1496063,0.1380368,0.8771654,0.0,0.7250996,0.0039841,0.0318725,0.0839416,0.0,1.0,0.2810219,0.0,0.3333333,10.534785924769006
275.0,0.5054545,0.0036364,0.1018182,0.1029412,0.8909091,0.0,0.728972,0.0,0.0093458,0.0183486,0.0,0.9906542,0.2201835,0.1176471,0.0,9.77571099759397
2075.0,0.4804819,0.0,0.1320482,0.0974026,0.9016867,0.0,0.7753086,0.0024691,0.0234568,0.0425532,0.0,0.9975309,0.2434988,0.0206186,0.0,10.650199196425806
919.0,0.4733406,0.0,0.1447225,0.0929752,0.8890098,0.0,0.7507418,0.0148368,0.041543,0.0260116,0.0,0.9881306,0.2138728,0.0428571,1.0,10.440010162389305
2742.0,0.4894238,0.0047411,0.1695842,0.0785714,0.8475565,0.0,0.702109,0.0061511,0.0536028,0.1157731,0.0052724,0.9912127,0.3885004,0.0840841,0.2666667,10.933124826700707
842.0,0.4714964,0.0035629,0.216152,0.1640449,0.871734,0.0,0.7233429,0.0,0.0230548,0.091623,0.0057637,1.0,0.1910995,0.0694444,1.0,9.893487720457795
8983.0,0.4892575,0.0556607,0.043304,0.0403226,0.9364355,0.0,0.8456729,0.0039487,0.0246792,0.0523854,0.0526489,0.9430734,0.2036171,0.0955357,0.3571429,10.992066340225865
2137.0,0.5011699,0.0070192,0.0893776,0.0750469,0.9457183,0.0,0.8594675,0.0044379,0.0192308,0.0217077,0.0044379,0.9970414,0.0593343,0.1698113,1.0,11.298506245754995
11622.0,0.4397694,0.0021511,0.3834108,0.2225465,0.7108071,0.0303734,0.5610385,0.0044704,0.0667125,0.0936575,0.0015475,0.9853851,0.4484962,0.0355769,0.4210526,11.119897691565697
195.0,0.4615385,0.0,0.1487179,0.1333333,0.8666667,0.0,0.6944444,0.0138889,0.0138889,0.1428571,0.0,1.0,0.4285714,0.2,1.0,9.615805480084347
22624.0,0.4772808,0.0304544,0.1578412,0.1113648,0.8919289,0.0136581,0.7825502,0.0011013,0.0342633,0.0277216,0.0277778,0.9802986,0.1426532,0.0501016,0.4367816,12.067390869565173
9587.0,0.4688641,0.072494,0.1506206,0.1031029,0.8555335,0.0036508,0.7001503,0.0007515,0.0325651,0.0553715,0.0571142,0.9646794,0.4029815,0.0623529,0.4769231,12.377505973448748
7788.0,0.4643041,0.009887,0.1674371,0.1347076,0.8157422,0.0242681,0.6512821,0.0057692,0.0403846,0.044703,0.0092949,0.9948718,0.3315983,0.0587741,0.5609756,10.505094936455558
2153.0,0.4444961,0.1370181,0.277752,0.2341137,0.788667,0.0687413,0.6547192,0.0011947,0.0167264,0.1944177,0.1266428,0.9868578,0.360924,0.130597,0.6428571,9.787009914477434
386.0,0.507772,0.3264249,0.2357513,0.2210526,0.7150259,0.111399,0.5864198,0.0,0.0,0.2097561,0.2839506,0.9938272,0.3609756,0.0625,0.8,10.016860879703811
11138.0,0.4872509,0.0921171,0.1010056,0.0856242,0.9155145,0.0,0.7992745,0.0036276,0.0210399,0.0580866,0.079081,0.9876663,0.2225513,0.0978947,0.4888889,10.61890979160975
22.0,0.4545455,0.0,0.2272727,0.0833333,0.6818182,0.0,0.5,0.0,0.0,0.9751773,0.0,1.0,0.7464539,0.0,1.0,11.091346218718432
25725.0,0.4882799,0.0920505,0.0946939,0.0827256,0.8959378,0.0003499,0.7701734,0.0033233,0.0379063,0.0645099,0.0906636,0.9883685,0.218498,0.09095,0.3619048,11.017004873924424
277.0,0.4981949,0.4151625,0.1444043,0.1654676,0.8772563,0.0,0.7281553,0.0,0.0485437,0.1557377,0.4466019,0.9902913,0.4098361,0.1290323,0.0,9.90353755128617
1343.0,0.4743112,0.0,0.1518987,0.1402266,0.8570365,0.0,0.6769826,0.0077369,0.0309478,0.0281955,0.0,0.9961315,0.3364662,0.0930233,0.0,10.640675541671662
3712.0,0.4905711,0.0005388,0.095097,0.0401904,0.954472,0.0,0.8702703,0.0018018,0.0135135,0.0314136,0.0009009,0.9828829,0.1815009,0.2137931,0.6,11.080618310893968
806.0,0.4913151,0.0,0.2109181,0.1365854,0.8734491,0.0,0.7177914,0.0030675,0.0245399,0.1092896,0.0,1.0,0.1939891,0.1555556,0.5,9.615805480084347
1322.0,0.4712557,0.0007564,0.3910741,0.1344778,0.8540091,0.0,0.7165605,0.0,0.0175159,0.2406288,0.0015924,0.9984076,0.2043531,0.0504202,0.3333333,11.407576060361786
2072.0,0.4835907,0.0072394,0.0820463,0.0429907,0.9565637,0.0,0.9036145,0.003012,0.0256024,0.0306569,0.003012,1.0,0.0145985,0.1578947,0.4285714,12.385477452742727
290.0,0.4517241,0.0,0.3586207,0.3081761,0.7241379,0.1103448,0.5948276,0.0,0.0086207,0.1532847,0.0,1.0,0.3649635,0.2105263,0.6666667,9.615805480084347
7972.0,0.463999,0.0027597,0.174862,0.1345659,0.788008,0.0227045,0.623232,0.0075233,0.0622931,0.1064802,0.0027084,0.9960879,0.4084431,0.0723982,0.6410256,10.92775337907558
11683.0,0.4751348,0.3957032,0.1772661,0.1214938,0.8750321,0.0108705,0.7414646,0.0025901,0.0426183,0.1674182,0.3317636,0.9387803,0.4438345,0.1625968,0.3977273,10.351405324899678
1585.0,0.4542587,0.0025237,0.215142,0.2034682,0.8119874,0.0170347,0.625731,0.005848,0.0160819,0.1162791,0.0,0.9912281,0.4211886,0.0502092,0.6,9.952325334619427
18097.0,0.5816434,0.0531027,0.0379621,0.028662,0.2811516,0.4962148,0.3924857,0.0012736,0.1938017,0.012369,0.0511569,0.9293144,0.7274633,0.0166191,0.6,12.878764535855812
4406.0,0.4464367,0.0342714,0.240808,0.1881919,0.7952792,0.0403995,0.6365123,0.0032698,0.0234332,0.1066212,0.0316076,0.9983651,0.3339825,0.0689103,0.6944444,9.820160289946374
939.0,0.4515442,0.0,0.3375932,0.2116505,0.7795527,0.0532481,0.6374696,0.0024331,0.0145985,0.1829026,0.0,0.9951338,0.3081511,0.0990099,0.8571429,9.729193687429403
851.0,0.4947121,0.2197415,0.0846063,0.0767442,0.8883666,0.0,0.7601476,0.0147601,0.0774908,0.0491228,0.195572,0.9520295,0.1614035,0.125,0.0,11.279744203985432
961.0,0.4193548,0.0874089,0.3777315,0.3351254,0.6847034,0.1904266,0.66,0.0,0.0028571,0.0540541,0.0371429,1.0,0.2351351,0.0490196,1.0,11.080618310893968
5987.0,0.4897277,0.0734926,0.1277768,0.0942717,0.8914314,0.005679,0.7699284,0.0042959,0.0434368,0.0954231,0.0591885,0.9704057,0.2331606,0.1089866,0.3953488,11.693587311874056
462.0,0.4848485,0.0,0.2640693,0.2016807,0.7748918,0.012987,0.5817308,0.0144231,0.0432692,0.037037,0.0,1.0,0.1944444,0.1162791,0.5,9.615805480084347
831.0,0.4933815,0.0,0.1817088,0.0926366,0.8604091,0.0132371,0.7210031,0.0094044,0.0250784,0.1862245,0.0,0.9937304,0.3826531,0.1333333,0.6363636,10.30229722897745
1039.0,0.4908566,0.0153994,0.078922,0.0756144,0.9085659,0.0,0.7758112,0.0058997,0.0442478,0.2152778,0.0147493,0.740413,0.5833333,0.1190476,0.5,9.809231816610408
58.0,0.4310345,0.0,0.2068966,0.2727273,0.7586207,0.0,0.48,0.0,0.04,0.21875,0.0,0.92,0.28125,0.375,1.0,9.615805480084347
318.0,0.5031447,0.0,0.1132075,0.0443038,0.9402516,0.0,0.7934783,0.0,0.0,0.08,0.0,1.0,0.18,0.4444444,1.0,10.75579427616868
6601.0,0.4831086,0.0004545,0.1583093,0.1075615,0.8630511,0.0042418,0.7007663,0.0038314,0.0272031,0.0803383,0.0003831,0.9628352,0.2875264,0.091629,0.5806452,10.376642461280849
528.0,0.4545455,0.375,0.1382576,0.1493056,0.8787879,0.0,0.6990291,0.0,0.0097087,0.0884956,0.3495146,0.9951456,0.1725664,0.1304348,1.0,10.315630315397533
26609.0,0.4858507,0.0108234,0.1357811,0.0872743,0.9452065,0.0031568,0.87564,0.0006827,0.019001,0.0135802,0.0076232,0.9864603,0.0248036,0.1958998,0.4042553,12.198045514142787
10.0,0.4,0.0,0.1,0.1666667,1.0,0.0,1.0,0.0,0.0,0.0,0.0,1.0,0.0,0.0,0.0,10.389026137075234
1294.0,0.4806801,0.0,0.190881,0.1369048,0.8531685,0.0224111,0.7196078,0.0,0.0313725,0.0777577,0.0,0.9960784,0.1356239,0.0757576,0.8571429,10.243560441877241
2579.0,0.4687864,0.0003877,0.1752617,0.1437956,0.8565335,0.035285,0.7255319,0.0042553,0.0170213,0.0358974,0.0,0.95,0.2071795,0.1263941,0.7777778,10.480129006333248
323.0,0.4551084,0.003096,0.3188854,0.2102273,0.8080495,0.0,0.6013072,0.0,0.0065359,0.1,0.0065359,1.0,0.2764706,0.0322581,0.6666667,9.846970109700957
946.0,0.4778013,0.0,0.0412262,0.0587045,0.9841438,0.0,0.945,0.0,0.015,0.0825688,0.0,0.995,0.3073394,0.3333333,0.0,10.451637862362272
1527.0,0.4878847,0.0013098,0.129666,0.1035806,0.9122462,0.0,0.7892791,0.0036969,0.0240296,0.0640138,0.0018484,0.9926063,0.1487889,0.1221374,0.25,11.10045084755119
341.0,0.4340176,0.0029326,0.1788856,0.1295337,0.8680352,0.0,0.7253521,0.0070423,0.0352113,0.083871,0.0070423,1.0,0.1548387,0.1111111,0.6666667,9.77571099759397
36124.0,0.4933009,0.0063946,0.0852065,0.0728802,0.9521924,0.009938,0.9011167,0.0011707,0.0169308,0.0176059,0.0051333,0.9789265,0.0656463,0.0718358,0.4375,12.085604132204319
272.0,0.5220588,0.0,0.1654412,0.0692308,0.9448529,0.0,0.8585859,0.0,0.010101,0.01,0.0,1.0,0.04,0.0,0.0,11.192733974822708
2791.0,0.455034,0.0498029,0.1759226,0.1196581,0.7882479,0.0046578,0.5945073,0.0040388,0.049273,0.051341,0.0411955,0.9927302,0.2988506,0.0567227,0.0,10.721084386282662
95362.0,0.5000419,0.0970093,0.0949015,0.0634478,0.8585286,0.0059877,0.7301382,0.0073137,0.0764355,0.0643517,0.0883095,0.9249699,0.4493613,0.1172803,0.3677249,11.157692338256169
25512.0,0.4822045,0.0275165,0.1197476,0.0947767,0.7314205,0.0742396,0.6020712,0.0049216,0.0830514,0.0912225,0.0270686,0.9412488,0.412691,0.0604297,0.5182482,10.392098241730961
386.0,0.4974093,0.0129534,0.1139896,0.1134021,0.8963731,0.0,0.7465753,0.0068493,0.0205479,0.0987654,0.0068493,0.9863014,0.4012346,0.0909091,0.2,10.382853468483827
26690.0,0.4735856,0.0048707,0.1615586,0.0958719,0.9037093,0.013151,0.7946502,0.0006173,0.0190329,0.0324507,0.0040123,0.9880658,0.1060123,0.0599415,0.4166667,12.234664961456772
75.0,0.52,0.0,0.0533333,0.0833333,0.9333333,0.0,0.7894737,0.0,0.0526316,0.173913,0.0,0.9473684,0.3913043,0.3571429,0.0,12.107913912447533
805.0,0.468323,0.0409938,0.1254658,0.1238318,0.910559,0.0,0.7878788,0.003367,0.026936,0.0747664,0.047138,1.0,0.3364486,0.1354167,0.8333333,10.165890277802454
1947.0,0.5048793,0.0010272,0.0390344,0.026971,0.9702106,0.0,0.8967742,0.0021505,0.0129032,0.07,0.0,0.9892473,0.104,0.3333333,0.5,10.764286715905591
1391.0,0.4773544,0.0165349,0.2156722,0.1403026,0.86844,0.0071891,0.7197898,0.0017513,0.0175131,0.0700326,0.0192644,1.0,0.2035831,0.09375,1.0,10.416341118636355
37.0,0.3783784,0.0,0.2972973,0.0,0.9459459,0.0,0.8666667,0.0,0.0,0.4,0.0,1.0,0.24,0.0,1.0,10.021315031649332
827.0,0.4812576,0.0,0.1777509,0.1188811,0.9032648,0.0,0.7724359,0.0064103,0.0128205,0.1309192,0.0,1.0,0.1949861,0.1666667,0.75,10.322230781590136
366.0,0.4644809,0.1147541,0.1693989,0.1428571,0.8825137,0.0081967,0.7394366,0.0,0.0211268,0.0718954,0.1126761,0.9929577,0.3137255,0.047619,1.0,10.460270761075149
1630.0,0.5042945,0.0,0.104908,0.0445545,0.9503067,0.0,0.8595745,0.006383,0.0255319,0.1376147,0.0,0.9914894,0.266055,0.2755102,0.4615385,10.874285408908944
707.0,0.5021216,0.0,0.1485149,0.0710227,0.8670438,0.0,0.7180451,0.0,0.0488722,0.0431655,0.0,0.981203,0.2374101,0.0923077,1.0,10.196194479235656
529.0,0.4801512,0.0056711,0.0888469,0.0654545,0.9168242,0.0,0.8031088,0.0,0.0259067,0.0721154,0.0051813,0.9896373,0.1201923,0.1212121,0.5555556,11.19135563385109
199.0,0.4723618,0.0,0.2110553,0.1428571,0.8643216,0.0,0.7176471,0.0,0.0352941,0.1237113,0.0,1.0,0.257732,0.0555556,1.0,9.615805480084347
29101.0,0.5033848,0.1698911,0.0609945,0.063659,0.8668431,0.0473523,0.7895271,0.0041607,0.0321697,0.0951331,0.148975,0.9817333,0.3673095,0.1233691,0.3888889,10.67130147767883
4950.0,0.4492929,0.3743434,0.2252525,0.212766,0.8070707,0.0486869,0.6483516,0.0015699,0.018315,0.1156872,0.3202512,0.9759288,0.3975012,0.1556157,0.9210526,9.985113621416073
165.0,0.4363636,0.8969697,0.1030303,0.1397849,0.9212121,0.0,0.7608696,0.0,0.0434783,0.08,0.8043478,0.9565217,0.52,0.4444444,0.0,9.615805480084347
1402.0,0.4629101,0.0064194,0.1747504,0.1301461,0.8951498,0.0,0.7618182,0.0054545,0.02,0.0566038,0.0072727,0.9981818,0.2744425,0.0694444,0.8333333,9.898525260706313
469.0,0.4797441,0.0,0.1705757,0.1352459,0.891258,0.0,0.7421053,0.0,0.0105263,0.0821256,0.0,0.9947368,0.2173913,0.1212121,0.5,9.985113621416073
20098.0,0.4664146,0.1798686,0.1074236,0.1013614,0.8439148,0.0201513,0.7023505,0.0047266,0.0431783,0.1051669,0.1571283,0.9922075,0.3568816,0.0627815,0.2848837,11.112462823634855
971.0,0.4603502,0.0,0.299691,0.2538168,0.7559217,0.0638517,0.5938303,0.0051414,0.0308483,0.0465686,0.0,1.0,0.3897059,0.0220588,1.0,10.367253014814716
1074.0,0.4711359,0.0027933,0.1806331,0.1302817,0.8817505,0.0,0.7125307,0.0,0.02457,0.0239808,0.002457,0.992629,0.2470024,0.0865385,1.0,10.933124826700707
1356.0,0.5066372,0.0029499,0.0855457,0.0478326,0.9306785,0.0,0.8321839,0.0068966,0.0321839,0.2047532,0.0022989,0.5057471,0.4808044,0.2531646,0.5,10.413342705547674
3059.0,0.4517816,0.0006538,0.2036613,0.2003578,0.8254331,0.0192873,0.651527,0.0046985,0.018011,0.0630961,0.0007831,0.9992169,0.4035216,0.0743243,0.7368421,9.97119292889014
715.0,0.5356643,0.0,0.1328671,0.0783133,0.8657343,0.0223776,0.7416974,0.0,0.0295203,0.0557491,0.0,0.9594096,0.4250871,0.127907,0.0,10.853232402669228
374.0,0.4946524,0.184492,0.1256684,0.1375661,0.9144385,0.0,0.7727273,0.0,0.0151515,0.1315789,0.1969697,1.0,0.2565789,0.1666667,0.0,10.471666571132038
2279.0,0.4519526,0.0004388,0.2154454,0.1713371,0.8244844,0.0057043,0.6298507,0.00199,0.0129353,0.1351119,0.0,0.9970149,0.3089501,0.0859951,0.516129,9.985113621416073
70218.0,0.544134,0.3434589,0.0586744,0.0679788,0.7257683,0.1334843,0.67505,0.0051492,0.0760883,0.1168446,0.3167794,0.9811907,0.5003382,0.1000749,0.5688073,10.75579427616868
2749.0,0.4652601,0.0,0.2557294,0.1809524,0.8177519,0.0400146,0.6797557,0.0008726,0.0191972,0.0728155,0.0,0.9860384,0.2427184,0.0679612,0.5,10.150386692204734
10550.0,0.4849289,0.0054976,0.1325118,0.1059993,0.8028436,0.0441706,0.6876819,0.006547,0.0531038,0.0650646,0.0046072,0.9961203,0.4089776,0.0483582,0.6326531,10.547995807489514
334.0,0.4730539,0.0,0.511976,0.1079545,0.9131737,0.0,0.8231707,0.0,0.0,0.4675325,0.0,0.9817073,0.4090909,0.0,0.3333333,11.647465099148372
240.0,0.45,0.0,0.1791667,0.1287879,0.8875,0.0,0.7291667,0.0,0.0104167,0.1428571,0.0,1.0,0.3035714,0.1666667,1.0,9.615805480084347
981.0,0.4617737,0.0010194,0.138634,0.0814394,0.9021407,0.0,0.7718833,0.0026525,0.0212202,0.0849515,0.0,0.9920424,0.276699,0.0808081,0.5714286,10.633472802314019
4236.0,0.4891407,0.4697828,0.1373938,0.1645102,0.8009915,0.0984419,0.7203514,0.0036603,0.0234261,0.1036745,0.385798,0.9926794,0.3300525,0.1842105,0.6,10.373522431293592
896.0,0.4642857,0.0145089,0.1852679,0.1,0.8828125,0.0,0.7597765,0.0,0.0391061,0.0324324,0.0111732,0.9944134,0.0513514,0.0208333,0.3333333,11.816734299348461
842.0,0.4631829,0.0,0.1615202,0.1238938,0.8586698,0.0,0.6851852,0.0092593,0.0339506,0.1797468,0.0,0.8580247,0.3620253,0.0612245,0.6363636,10.510559281627845
3407.0,0.4778397,0.0011741,0.1573232,0.1073637,0.9107719,0.0,0.7948304,0.0,0.0315024,0.0274941,0.0008078,0.9830372,0.0785546,0.0671141,0.2727273,12.286273802188468
6586.0,0.4652293,0.0832068,0.1655026,0.1433844,0.823717,0.0516247,0.6857981,0.0029326,0.0209468,0.1484124,0.0816925,0.9522413,0.3642526,0.1417582,0.7627119,9.908524844053396
84.0,0.4761905,0.0,0.0952381,0.1363636,0.8809524,0.0,0.7419355,0.0,0.0645161,0.1621622,0.0,1.0,0.2162162,0.0,1.0,9.615805480084347
147.0,0.4761905,0.0,0.2244898,0.1038961,0.9251701,0.0,0.8070175,0.0,0.0,0.1617647,0.0,0.9824561,0.0735294,0.1111111,0.8,9.615805480084347
102.0,0.5,0.0,0.0294118,0.0980392,0.8627451,0.0,0.7352941,0.0294118,0.0882353,0.1904762,0.0,0.9705882,0.2380952,0.0,0.0,11.119897691565697
9324.0,0.483269,0.0052553,0.0947018,0.0776256,0.9220292,0.0,0.8126026,0.0032819,0.0361011,0.0607275,0.0055793,0.9786675,0.0967941,0.1867008,0.4117647,11.566475710526321
11643.0,0.4372584,0.4499699,0.150992,0.1536935,0.7992785,0.0728335,0.6785798,0.0023359,0.0198552,0.0767738,0.4134548,0.9953282,0.3952987,0.1084514,0.5909091,10.354595018522993
7691.0,0.4511767,0.1401638,0.2108959,0.1691542,0.8126381,0.0048108,0.6223033,0.0030386,0.0398055,0.1047334,0.1063507,0.9930112,0.4469532,0.0804111,0.637931,10.034559673629849
3439.0,0.4510032,0.0994475,0.2154696,0.1610169,0.8325095,0.0404187,0.7032727,0.0014545,0.0174545,0.1191544,0.0945455,0.9978182,0.28123,0.0826271,0.6923077,10.165890277802454
536.0,0.505597,0.0,0.113806,0.0792453,0.8600746,0.0,0.6907216,0.0103093,0.056701,0.0805687,0.0,1.0,0.4075829,0.2238806,0.8333333,10.199918739620157
73.0,0.6027397,0.0,0.1232877,0.0,0.890411,0.0,0.7586207,0.0,0.0344828,0.1470588,0.0,1.0,0.2647059,0.0,0.0,9.661479683575521
722.0,0.5152355,0.0,0.1066482,0.0828571,0.9182825,0.0,0.7719298,0.004386,0.0307018,0.1460674,0.0,0.9912281,0.2659176,0.1304348,0.6666667,10.250652418696085
405.0,0.4962963,0.0024691,0.1851852,0.0931373,0.9012346,0.0,0.7581699,0.0,0.0196078,0.0838323,0.0065359,1.0,0.1736527,0.1818182,0.0,10.146472946063877
294.0,0.4795918,0.0,0.1122449,0.0392157,0.877551,0.0,0.7787611,0.0088496,0.0884956,0.0087719,0.0,0.9823009,0.0789474,0.0,0.0,11.1447705923684
503.0,0.499006,0.0019881,0.1630219,0.1031746,0.8528827,0.0,0.7015707,0.0157068,0.0575916,0.0728155,0.0052356,0.9842932,0.276699,0.15,0.3333333,9.980494888896912
1079.0,0.4865616,0.0,0.2140871,0.1750903,0.8303985,0.0407785,0.6930693,0.0,0.029703,0.042654,0.0,1.0,0.2440758,0.0208333,0.0,10.407318772389159
966.0,0.489648,0.057971,0.1076605,0.1054767,0.9057971,0.0,0.764526,0.0061162,0.030581,0.1394737,0.0489297,0.6880734,0.3789474,0.2134831,0.0,10.016860879703811
2691.0,0.475288,0.0074322,0.1505017,0.1104816,0.8465255,0.0148644,0.6847034,0.0031217,0.0530697,0.038038,0.0072841,0.9885536,0.2782783,0.0460993,0.3333333,11.124332223082254
51881.0,0.4576242,0.015285,0.1855593,0.1485483,0.8308437,0.0141478,0.6713885,0.0032392,0.0392574,0.0887303,0.0142622,0.9972442,0.2149529,0.0742694,0.5857143,9.928228944424575
21927.0,0.5193597,0.0908925,0.0832307,0.0626245,0.4783144,0.2835317,0.5792683,0.0026132,0.210453,0.0238095,0.0695122,0.9738676,0.2896259,0.1128228,0.2916667,11.564578194753137
2582.0,0.4500387,0.1413633,0.2672347,0.2408451,0.7652982,0.0790085,0.6484064,0.001992,0.0378486,0.0555033,0.1175299,0.9940239,0.3527752,0.0639175,0.5,10.734242182303689
1331.0,0.5041322,0.0,0.0841473,0.0545455,0.8685199,0.0,0.7313131,0.0080808,0.0646465,0.4642857,0.0,0.9939394,0.4015152,0.0597015,0.3636364,11.428467189677395
1084.0,0.4898524,0.0009225,0.1420664,0.1048825,0.8865314,0.0,0.7313433,0.0074627,0.0223881,0.0451306,0.0024876,0.9900498,0.192399,0.08,0.0,10.360944044643913
387.0,0.4883721,0.0,0.3359173,0.1969697,0.8087855,0.0,0.6149733,0.0,0.0106952,0.1220657,0.0,1.0,0.3661972,0.0625,0.875,9.615805480084347
207.0,0.5024155,0.1497585,0.2028986,0.1650485,0.8550725,0.0,0.6818182,0.0,0.0227273,0.1851852,0.1136364,1.0,0.3425926,0.0,0.0,9.69898173460629
329.0,0.4468085,0.0121581,0.1671733,0.1098901,0.887538,0.0,0.7443609,0.0075188,0.0150376,0.0074627,0.0,1.0,0.0149254,0.2,0.0,11.385103457032141
1406.0,0.502845,0.2475107,0.0846373,0.0829757,0.9174964,0.0,0.8191964,0.0089286,0.0535714,0.0066519,0.2142857,0.9888393,0.0665188,0.2,0.0,11.441440204346033
1115.0,0.4618834,0.244843,0.1946188,0.1566667,0.838565,0.0,0.6590437,0.002079,0.029106,0.0890152,0.2390852,0.987526,0.3087121,0.0930233,0.7142857,10.488520429241627
620.0,0.4758065,0.0032258,0.166129,0.1230769,0.9209677,0.0,0.7696078,0.0,0.0098039,0.1740891,0.004902,0.1078431,0.5991903,0.2244898,0.6666667,9.615805480084347
1330.0,0.4789474,0.0015038,0.0781955,0.0562771,0.8947368,0.0,0.7553648,0.0021459,0.0450644,0.0291667,0.0,0.9978541,0.15,0.1052632,0.25,10.74507628970625
616.0,0.4577922,0.0032468,0.2272727,0.1526946,0.8603896,0.0,0.7137405,0.0076336,0.0305344,0.0507246,0.0038168,1.0,0.2862319,0.0434783,1.0,9.918425424900335
20125.0,0.5003727,0.0200248,0.1685963,0.1262059,0.7809689,0.0543106,0.6488282,0.0033839,0.0533901,0.0779986,0.0088984,0.9862138,0.4458054,0.0533021,0.6144578,11.430641079947755
229.0,0.4803493,0.0,0.0829694,0.0504202,0.9257642,0.0,0.8,0.0,0.0133333,0.0740741,0.0,1.0,0.1111111,0.2222222,0.0,10.275085591132715
1612.0,0.4919355,0.0316377,0.1240695,0.0671551,0.941067,0.0,0.8498233,0.0017668,0.0159011,0.0291595,0.040636,0.9893993,0.0325901,0.09375,0.3333333,12.015523333397592
561.0,0.4777184,0.0035651,0.1604278,0.1331058,0.8520499,0.0,0.6837607,0.0,0.0299145,0.2732919,0.0,1.0,0.242236,0.1290323,0.0,10.860939421415225
3869.0,0.4781597,0.1873869,0.0692685,0.0683507,0.9539933,0.0,0.889096,0.0065238,0.0316869,0.0529568,0.1826654,0.9375582,0.0997352,0.3485714,0.5238095,11.289794413577894
4226.0,0.4950308,0.0205868,0.1299101,0.1035614,0.8786086,0.0,0.7258687,0.003861,0.042471,0.0359801,0.0276705,0.9414414,0.2822581,0.091358,0.0,10.857093336791094
512.0,0.5175781,0.0,0.1660156,0.1093117,0.9003906,0.0,0.7704082,0.0102041,0.0204082,0.0576923,0.0,1.0,0.1682692,0.1666667,0.4,10.250652418696085
3235.0,0.4680062,0.0,0.2760433,0.2039512,0.7981453,0.0340031,0.6208394,0.0007236,0.0130246,0.0687332,0.0,0.9978292,0.3153639,0.049505,0.7777778,9.980494888896912
584.0,0.484589,0.0017123,0.1284247,0.0797342,0.9143836,0.0,0.8104265,0.0047393,0.0331754,0.0622222,0.0047393,0.9383886,0.16,0.0967742,0.6666667,10.55323128448846
455.0,0.4703297,0.0,0.1758242,0.1327801,0.8615385,0.0,0.6793478,0.0054348,0.0163043,0.1153846,0.0,0.9945652,0.2740385,0.1666667,0.2,10.177362240256695
368.0,0.4836957,0.0,0.263587,0.1368421,0.8858696,0.0,0.7337662,0.0,0.0064935,0.0887574,0.0,0.9935065,0.3254438,0.037037,1.0,9.615805480084347
2454.0,0.497555,0.00652,0.0586797,0.0502839,0.9661777,0.0,0.9152971,0.0,0.0176991,0.0246609,0.0037927,0.9810367,0.0135635,0.2089552,0.6666667,11.25416768929685
645.0,0.4341085,0.0,0.3379845,0.260274,0.7736434,0.0527132,0.6153846,0.0,0.006993,0.1145511,0.0,0.9965035,0.3034056,0.0645161,0.75,9.913487387114461
180.0,0.5277778,0.0055556,0.0833333,0.0470588,0.8833333,0.0,0.6724138,0.0,0.0344828,0.1594203,0.0172414,1.0,0.9275362,0.2857143,0.0,9.615805480084347
5582.0,0.4831602,0.0589394,0.1230742,0.115078,0.7491938,0.0532067,0.6018519,0.0070547,0.0758377,0.0585305,0.0630511,0.9880952,0.4790369,0.0621963,0.4,10.077482875583607
332.0,0.4819277,0.0,0.2319277,0.1802326,0.8493976,0.0,0.6666667,0.0,0.0212766,0.0961538,0.0,0.9929078,0.2435897,0.2173913,0.5,9.615805480084347
568.0,0.4700704,0.0,0.346831,0.2524917,0.7711268,0.0792254,0.649789,0.0042194,0.0042194,0.0595238,0.0,1.0,0.1626984,0.12,0.5,10.05195066017375
106.0,0.4528302,0.0471698,0.1792453,0.0862069,0.9150943,0.0,0.7948718,0.0,0.025641,0.2777778,0.025641,1.0,0.4444444,0.0,0.0,9.615805480084347
10903.0,0.5094928,0.0017426,0.0598918,0.0484293,0.8679263,0.0299917,0.7431526,0.0067077,0.0416434,0.1888461,0.0008385,0.9575182,0.3523011,0.1198347,0.752381,10.640675541671662
3332.0,0.4693878,0.0018007,0.2202881,0.1702489,0.8685474,0.0,0.7001477,0.0036928,0.0177253,0.0538085,0.0022157,0.9955687,0.1432565,0.092437,1.0,10.229223792606835
2941.0,0.4886093,0.5181911,0.0574634,0.0585106,0.8796328,0.0,0.732435,0.0076997,0.0577478,0.0723214,0.5197305,0.8883542,0.4339286,0.0600962,0.0,11.356283350762888
804.0,0.4589552,0.0,0.1927861,0.183908,0.8781095,0.0,0.7236025,0.0031056,0.0186335,0.1178082,0.0,1.0,0.1917808,0.0875,0.4285714,9.913487387114461
658.0,0.4650456,0.2462006,0.2325228,0.21875,0.8297872,0.0,0.6464646,0.0,0.023569,0.0660377,0.2188552,0.996633,0.2578616,0.0961538,0.0,10.382853468483827
247.0,0.4777328,0.3319838,0.1497976,0.1085271,0.8704453,0.0,0.6770833,0.0,0.0104167,0.0588235,0.3541667,1.0,0.3137255,0.0526316,0.0,9.787009914477434
1814.0,0.4674752,0.0005513,0.2420066,0.2163561,0.8098126,0.0656009,0.6876877,0.0,0.027027,0.0485714,0.0,0.9984985,0.2014286,0.0352113,0.5,9.913487387114461
611.0,0.5466448,0.0016367,0.096563,0.0685921,0.7741408,0.0016367,0.6217228,0.0074906,0.1048689,0.6923963,0.0037453,0.9550562,0.6221198,0.0625,0.7142857,10.376642461280849
609.0,0.4679803,0.0,0.2939245,0.2160494,0.7192118,0.1330049,0.6666667,0.008547,0.042735,0.0487805,0.0,1.0,0.300813,0.0434783,0.0,10.428245666832275
3881.0,0.463025,0.0041226,0.1703169,0.1429942,0.8642103,0.0,0.6975703,0.0057545,0.0249361,0.0285714,0.0025575,0.9968031,0.2267081,0.0786802,0.4,10.723289410218579
25564.0,0.5042638,0.0972852,0.0463934,0.047976,0.9206306,7.82e-05,0.8105495,0.0072207,0.041733,0.0892778,0.0883613,0.8558316,0.3078466,0.1927817,0.5550847,10.55843949396453
1771.0,0.4737436,0.0,0.160926,0.0858369,0.8831169,0.0333145,0.7591241,0.0036496,0.0218978,0.1016393,0.0,0.9890511,0.3770492,0.2580645,0.6153846,10.885584751364705
511.0,0.4774951,0.0097847,0.1604697,0.1498127,0.8708415,0.0,0.7113402,0.0,0.0515464,0.044335,0.0051546,0.9948454,0.2758621,0.1489362,1.0,10.146472946063877
949.0,0.4963119,0.0,0.2750263,0.1694561,0.8208641,0.0579557,0.7181572,0.00271,0.0216802,0.0489691,0.0,1.0,0.2886598,0.0810811,0.0,10.268165387743457
3384.0,0.4636525,0.1696217,0.1684397,0.1658402,0.7656619,0.037234,0.589395,0.0006798,0.0367097,0.0846297,0.1312033,0.9986404,0.4206596,0.061599,0.6818182,10.589131655274922
3715.0,0.4584118,0.0288022,0.1921938,0.1829026,0.8086137,0.0266487,0.6540436,0.0038511,0.0346598,0.0631389,0.0327343,0.9980745,0.3920625,0.0558739,0.4117647,10.288783966353765
1870.0,0.4893048,0.1122995,0.0962567,0.0879581,0.9048128,0.0,0.7812971,0.0060332,0.0331825,0.0753138,0.0980392,0.9939668,0.3054393,0.1479592,0.4166667,10.488520429241627
551.0,0.46098,0.0,0.2341198,0.2020202,0.8166969,0.0,0.6260504,0.012605,0.0378151,0.0517928,0.0,0.9957983,0.2788845,0.109589,1.0,10.243560441877241
261.0,0.5210728,0.0,0.1532567,0.152,0.8697318,0.0,0.7281553,0.0097087,0.0485437,0.0636364,0.0,1.0,0.1636364,0.1111111,1.0,9.99884318585288
132.0,0.4848485,0.0,0.1666667,0.1764706,0.8560606,0.0,0.6666667,0.0,0.0,0.2297297,0.0,1.0,0.472973,0.2222222,0.5,9.994287576862567
1674.0,0.5101553,0.0017921,0.0878136,0.0707317,0.8996416,0.0,0.7862069,0.0155172,0.0551724,0.0429043,0.0017241,0.9948276,0.2706271,0.1805556,1.0,10.835671318412196
211.0,0.4691943,0.0,0.2369668,0.1517857,0.8720379,0.0,0.6931818,0.0,0.0,0.0736842,0.0,1.0,0.2421053,0.0,1.0,9.615805480084347
1192.0,0.510906,0.0008389,0.0662752,0.0411664,0.9488255,0.0,0.8618785,0.0,0.0248619,0.0163043,0.0,1.0,0.1222826,0.0357143,1.0,11.131679686740132
1925.0,0.4561039,0.001039,0.1688312,0.1298949,0.8306494,0.0,0.651699,0.0,0.0436893,0.0225386,0.0,1.0,0.3238434,0.0409357,0.1666667,11.015361515187424
11041.0,0.493977,0.0072457,0.0416629,0.0291749,0.8856988,0.0013586,0.7550968,0.0035678,0.0606524,0.0263027,0.0073904,0.9913354,0.237469,0.0377668,0.2040816,11.247670025080003
9412.0,0.4902252,0.1268593,0.1617085,0.1079617,0.8493413,0.0450489,0.7606762,0.0053381,0.0430012,0.1079365,0.109134,0.9893238,0.2878307,0.163227,0.5,10.774801838762809
6409.0,0.4546731,0.1550944,0.1650804,0.1456366,0.8282103,0.0196599,0.6557708,0.0028249,0.0427764,0.0556402,0.1400323,0.9850686,0.3216463,0.0780347,0.4444444,10.003378135350923
4125.0,0.4732121,0.0089697,0.2099394,0.126093,0.7721212,0.0041212,0.5808,0.0053333,0.0581333,0.0736166,0.0085333,0.9338667,0.5326087,0.0728218,0.3529412,10.308985993422082
427.0,0.4847775,0.0,0.0913349,0.0863636,0.9086651,0.0,0.76,0.0,0.02,0.0566038,0.0,0.9866667,0.2830189,0.1219512,1.0,10.471666571132038
83.0,0.5180723,0.0,0.2409639,0.35,0.7710843,0.0,0.5384615,0.0,0.025641,0.0487805,0.0,0.974359,0.2439024,0.125,0.0,9.615805480084347
9265.0,0.4572045,0.0025904,0.2233135,0.1592762,0.8309768,0.0036697,0.6550454,0.0029462,0.0243064,0.0563021,0.0022097,0.9982814,0.3222892,0.0401875,0.5714286,10.534785924769006
31477.0,0.4915017,0.0069257,0.109032,0.0792203,0.5702576,0.122248,0.5237968,0.0032977,0.2040998,0.0400411,0.0057932,0.9916221,0.4337782,0.0708647,0.4307692,10.803669227477098
376.0,0.4867021,0.0,0.1968085,0.134715,0.875,0.0,0.7027027,0.0,0.0202703,0.1823204,0.0,1.0,0.3977901,0.21875,0.8333333,9.615805480084347
3703.0,0.4723197,0.0002701,0.1755334,0.1289662,0.8557926,0.0145828,0.7014085,0.0028169,0.0274648,0.0253946,0.0007042,1.0,0.1846259,0.0748299,0.3333333,10.666650414667744
37060.0,0.4678899,0.0012682,0.1731786,0.1293103,0.8039396,0.0254722,0.6506998,0.0037369,0.0593151,0.0391696,0.0007474,0.996399,0.324716,0.0866691,0.4457831,10.614007941153417
33482.0,0.4615316,0.0110208,0.1848157,0.1301237,0.8345678,0.0221313,0.688384,0.0024918,0.0341517,0.0339139,0.0106999,0.9968487,0.2123336,0.0251852,0.4347826,11.010415172807951
2665.0,0.5031895,0.0045028,0.0521576,0.0438066,0.8532833,0.0,0.7091837,0.0081633,0.0887755,0.0354331,0.0010204,0.994898,0.3444882,0.054902,0.25,11.07753193632009
1479.0,0.4726166,0.0486815,0.1095335,0.0782051,0.7680865,0.1494253,0.7578475,0.0044843,0.0201794,0.1185771,0.0156951,0.9910314,0.3952569,0.1319797,0.75,10.122663242288953
1218.0,0.4679803,0.000821,0.1666667,0.1404321,0.8686371,0.0114943,0.7270876,0.0040733,0.0162933,0.0940959,0.0020367,1.0,0.2527675,0.0833333,0.6666667,9.76428295481558
1870.0,0.4609626,0.0224599,0.2379679,0.1865079,0.7946524,0.0454545,0.6431322,0.0038511,0.0231065,0.1382743,0.0205392,0.9935815,0.300885,0.0812183,0.7352941,9.62911649414402
3222.0,0.4829299,0.0443824,0.1486654,0.1296519,0.8739913,0.0524519,0.7794263,0.0019782,0.0108803,0.1644628,0.0504451,0.4846686,0.3677686,0.2200557,0.6511628,10.214678610538817
1296.0,0.4876543,0.0625,0.1311728,0.0888554,0.9475309,0.0,0.8655462,0.0,0.0063025,0.0225873,0.0462185,1.0,0.1190965,0.0545455,0.0,10.471666571132038
177.0,0.4745763,0.0,0.2485876,0.1827957,0.8022599,0.0,0.6022727,0.0,0.0,0.0927835,0.0,1.0,0.4123711,0.0,0.0,9.615805480084347
92.0,0.4347826,0.0,0.2065217,0.1346154,0.8043478,0.0,0.5952381,0.0,0.0238095,0.0869565,0.0,1.0,0.2173913,0.2,0.5,9.615805480084347
1555.0,0.4823151,0.0025723,0.1543408,0.0968944,0.8951768,0.0,0.7517361,0.0052083,0.0190972,0.0649351,0.0017361,0.9600694,0.3376623,0.1527094,0.6666667,10.382853468483827
1112.0,0.4919065,0.0773381,0.1690647,0.1380531,0.8642086,0.0,0.7006803,0.0022676,0.0340136,0.0536481,0.0702948,0.9977324,0.251073,0.1079137,0.0,10.254179634797001
638.0,0.4514107,0.0,0.2978056,0.1771429,0.80721,0.0,0.6172414,0.0103448,0.0310345,0.0553746,0.0,1.0,0.218241,0.0923077,0.5,9.62911649414402
8064.0,0.4610615,0.671131,0.0756448,0.0800736,0.7770337,0.0019841,0.5764953,0.0066126,0.084761,0.0691102,0.6555455,0.9678389,0.6133184,0.0710036,0.8333333,11.329014645967838
2147.0,0.5011644,0.0009315,0.1760596,0.0980392,0.8411737,0.0326036,0.7290249,0.0022676,0.031746,0.5242718,0.0,0.9206349,0.5846818,0.0672269,0.725,10.661977618146238
130.0,0.4846154,0.0,0.0769231,0.0149254,0.9,0.0,0.7560976,0.0,0.0731707,0.3492063,0.0,0.9756098,0.5079365,0.4285714,0.0,9.615805480084347
1850.0,0.4848649,0.0021622,0.1324324,0.0818468,0.9086486,0.0,0.7961877,0.0058651,0.0351906,0.0229226,0.0014663,0.9706745,0.1375358,0.1075269,0.25,10.385944565501662
1658.0,0.4372738,0.0,0.3775633,0.2722401,0.7412545,0.0820265,0.6070922,0.0042553,0.0099291,0.1970387,0.0,0.9106383,0.3610478,0.1202532,0.5333333,9.97119292889014
1570.0,0.5171975,0.0687898,0.0643312,0.0488127,0.9452229,0.0,0.860735,0.0,0.0193424,0.0372439,0.0715667,0.9980658,0.0931099,0.1136364,0.9,11.32781201446548
730.0,0.4753425,0.0109589,0.169863,0.1436031,0.8630137,0.0,0.6860068,0.003413,0.0238908,0.0757098,0.0136519,0.9897611,0.3154574,0.0851064,0.0,9.615805480084347
196278.0,0.4638319,0.3892795,0.1370505,0.1183888,0.8292728,0.0265695,0.6757111,0.0023992,0.0400705,0.0890518,0.3395854,0.990549,0.3092843,0.0922051,0.5124899,10.566201298475118
435.0,0.4850575,0.0,0.1954023,0.1071429,0.862069,0.0,0.6988636,0.0,0.0397727,0.1926606,0.0,1.0,0.2477064,0.0384615,0.6666667,9.615805480084347
791.0,0.4664981,0.0,0.2692794,0.2156398,0.7749684,0.0771176,0.6507937,0.0063492,0.0126984,0.0625,0.0,1.0,0.2738095,0.0731707,0.5,9.615805480084347
192.0,0.4895833,0.0,0.1302083,0.1428571,0.8541667,0.0,0.6619718,0.0,0.0422535,0.0405405,0.0,1.0,0.1621622,0.1428571,0.0,9.6678285081515
1243.0,0.4641995,0.0,0.6749799,0.1426426,0.8857603,0.0,0.7858243,0.0,0.0046225,0.0973574,0.0,1.0,0.0625869,0.0681818,0.5,11.598194491615347
1094.0,0.4433272,0.297989,0.1764168,0.180624,0.8235832,0.0822669,0.7365591,0.0,0.0134409,0.1428571,0.2473118,1.0,0.3041475,0.0948276,0.8,10.318935994253193
167.0,0.491018,0.011976,0.2754491,0.1058824,0.8982036,0.0,0.7605634,0.0,0.0,0.2365591,0.0140845,1.0,0.2688172,0.1111111,1.0,9.615805480084347
691.0,0.5065123,0.0,0.1968162,0.1260997,0.8596237,0.0,0.6898955,0.0,0.0278746,0.0204778,0.0,0.9965157,0.221843,0.0298507,0.0,10.505094936455558
616.0,0.4707792,0.1168831,0.1915584,0.1564417,0.8733766,0.0,0.7088608,0.0084388,0.0295359,0.1222222,0.1181435,1.0,0.3555556,0.122449,0.2857143,9.615805480084347
442.0,0.5113122,0.0,0.1968326,0.1388889,0.8778281,0.0,0.7333333,0.0111111,0.0222222,0.0673575,0.0,1.0,0.2176166,0.0869565,0.0,9.615805480084347
2094.0,0.4675263,0.7191977,0.1045845,0.103139,0.9178606,0.0038204,0.7732733,0.0,0.0165165,0.1143617,0.6696697,0.9954955,0.224734,0.2173913,0.8333333,10.370392636243981
15348.0,0.4893146,0.0019547,0.1119364,0.0623884,0.9141908,0.0007167,0.821487,0.00509,0.0423559,0.016625,0.0018179,0.988184,0.1095817,0.1013363,0.1333333,11.13751903414526
145.0,0.5241379,0.0068966,0.062069,0.057971,0.9724138,0.0,0.9111111,0.0,0.0,0.1176471,0.0,1.0,0.0392157,0.0,1.0,9.615805480084347
782.0,0.4462916,0.3516624,0.1636829,0.1431871,0.8785166,0.0,0.6938776,0.0034014,0.0136054,0.0546624,0.3129252,0.9965986,0.2250804,0.1549296,0.8,9.94755228369823
14214.0,0.4791755,0.0121711,0.2117631,0.0930704,0.8595047,0.0,0.7303864,0.0018559,0.0556774,0.1743975,0.0086047,0.9525898,0.3519989,0.0699088,0.4659091,11.307142836927456
7037.0,0.4814552,0.0007105,0.2448487,0.0961907,0.8840415,0.0008526,0.7653097,0.0042478,0.0378761,0.1171875,0.000708,0.9631858,0.325,0.1148325,0.3361345,11.042937835596494
1749.0,0.4619783,0.0274443,0.2538593,0.218916,0.7890223,0.0297313,0.6076618,0.002642,0.0171731,0.2056663,0.0264201,0.985469,0.3976915,0.097561,0.7692308,9.615805480084347
2165.0,0.4443418,0.0,0.2568129,0.2177889,0.7949192,0.0415704,0.6371681,0.0033186,0.0254425,0.077551,0.0,0.9977876,0.3969388,0.0738255,0.5263158,9.615805480084347
228.0,0.5570175,0.0,0.0175439,0.009901,0.8947368,0.0,0.75,0.0,0.05,0.2380952,0.0,0.9125,0.3142857,0.15625,0.0,10.047631185616188
1493.0,0.477562,0.0100469,0.2009377,0.1282051,0.8359009,0.0120563,0.6989796,0.0085034,0.0595238,0.062201,0.0017007,0.9761905,0.1881978,0.1382114,0.4444444,10.689692377847104
395934.0,0.4750489,0.3177979,0.0980012,0.0861744,0.8078139,0.0148939,0.6471687,0.0034216,0.0725324,0.0671185,0.2768207,0.9885654,0.368204,0.0727019,0.3584117,10.995427631436174
5523.0,0.6042006,0.2067717,0.0501539,0.0178408,0.638059,0.35325,0.9550562,0.0,0.0,0.0910638,0.1882022,0.9157303,0.4085106,0.177,0.6470588,11.630717389475995
1237.0,0.4397736,0.0121261,0.2077607,0.1847042,0.8625707,0.0,0.6811024,0.0019685,0.0137795,0.1195841,0.0098425,1.0,0.3414211,0.0902256,1.0,9.913487387114461
577.0,0.4818024,0.0,0.1941075,0.1404682,0.8509532,0.0,0.6991525,0.0084746,0.029661,0.1719298,0.0,0.940678,0.3333333,0.0588235,0.75,9.615805480084347
7420.0,0.456469,0.0114555,0.2110512,0.1728242,0.7397574,0.0908356,0.6244163,0.0016678,0.0313542,0.089584,0.0080053,0.9963309,0.2808989,0.0560345,0.8043478,10.513280297700861
4840.0,0.472314,0.0012397,0.1766529,0.1350822,0.7816116,0.0735537,0.6586433,0.0054705,0.0257112,0.1008362,0.000547,0.9704595,0.3900639,0.0729814,0.1212121,10.474495347310453
1890.0,0.4798942,0.0005291,0.2031746,0.1200407,0.8534392,0.0497354,0.7624309,0.0,0.0151934,0.0397878,0.0,0.9972376,0.1870027,0.0425532,0.3333333,10.905974329106854
13986.0,0.5096525,0.038038,0.0652796,0.0527851,0.9365794,0.0376805,0.89367,0.0007112,0.014936,0.0356653,0.0451636,0.9822191,0.2208505,0.4256055,0.625,12.10625783509458
147.0,0.4693878,0.1904762,0.1360544,0.1153846,0.8979592,0.0,0.7368421,0.0,0.0,0.173913,0.1754386,1.0,0.2028986,0.125,0.0,10.370392636243981
18519.0,0.5146066,0.0088018,0.0811599,0.0644121,0.5945785,0.1703656,0.5528839,0.0036524,0.1667935,0.02623,0.0080657,0.9828032,0.5197095,0.0404412,0.4090909,10.945547126244623
4866.0,0.4864365,0.0464447,0.0848746,0.0552221,0.9239622,0.0,0.8196721,0.003957,0.0226116,0.0349154,0.0491803,0.9971735,0.1925805,0.0826873,0.2,10.857093336791094
3433.0,0.5091756,0.0699097,0.232741,0.2403561,0.5709292,0.2959511,0.6134216,0.0037807,0.0359168,0.03379,0.0179584,0.9905482,0.3369863,0.0340909,0.1111111,11.03973275601109
43467.0,0.447926,0.4563462,0.1533577,0.1369755,0.7863897,0.057837,0.6454643,0.002214,0.0423049,0.0689694,0.3983365,0.9934179,0.369805,0.1020337,0.4967742,10.537441898283253
23219.0,0.4872734,0.0019381,0.1220983,0.0835783,0.8536974,0.0065894,0.7003546,0.0041002,0.0495346,0.0255912,0.0016622,0.9936835,0.282151,0.0606878,0.3538462,10.7706090484022
256.0,0.46875,0.0,0.171875,0.1544118,0.828125,0.0,0.647619,0.0190476,0.0380952,0.1393443,0.0,1.0,0.3606557,0.1428571,0.5,9.615805480084347
246.0,0.495935,0.0,0.2317073,0.1935484,0.7764228,0.1097561,0.6973684,0.0,0.0394737,0.1058824,0.0,0.9868421,0.2117647,0.1304348,1.0,10.373522431293592
28743.0,0.4893365,0.0534043,0.0733048,0.0619975,0.5293811,0.1761472,0.4582191,0.0042644,0.2391106,0.0983246,0.0452838,0.6979389,0.6447862,0.059522,0.5604396,10.589131655274922
2857.0,0.6660833,0.2306615,0.0014001,0.0073375,0.6079804,0.3871194,0.9722222,0.0,0.0021368,0.0084746,0.2029915,0.9487179,0.0911017,0.1991435,0.0,11.305913595583258
705.0,0.4794326,0.0312057,0.3716312,0.1307902,0.8553191,0.0085106,0.7459807,0.0064309,0.0418006,0.6083123,0.0128617,0.9389068,0.4622166,0.1515152,0.0714286,10.847412906506923
1020.0,0.4441176,0.1490196,0.2980392,0.2680776,0.7970588,0.0578431,0.6578313,0.0,0.0120482,0.1830709,0.1349398,0.9783133,0.3582677,0.0763359,0.7272727,10.134638955251866
5062.0,0.4549585,0.0009878,0.2433821,0.1399058,0.8457132,0.0,0.6897494,0.0041002,0.0355353,0.027039,0.0004556,0.9977221,0.1648936,0.0468384,0.5454545,11.075985169527042
1771.0,0.4658385,0.6250706,0.1812535,0.1701903,0.8571429,0.0496894,0.7427598,0.0034072,0.0170358,0.1529582,0.5417376,0.9948893,0.2539683,0.124031,0.4285714,10.025749432069084
1576.0,0.4251269,0.6706853,0.1719543,0.1512141,0.8699239,0.0374365,0.7384615,0.0019231,0.0173077,0.1558442,0.6365385,0.9980769,0.3409091,0.1933702,0.8076923,9.692828247710418
1459.0,0.4749829,0.0130226,0.1309116,0.1044386,0.8670322,0.0082248,0.7249071,0.0092937,0.0427509,0.1671827,0.0130112,0.9665428,0.496904,0.1910112,0.2857143,10.196194479235656
4836.0,0.4516129,0.3182382,0.2057486,0.1825038,0.7923904,0.0622415,0.6632549,0.0030706,0.0184237,0.0911628,0.2773797,0.9964176,0.3697674,0.0670659,0.5294118,10.188704088048116
268.0,0.511194,0.0,0.1119403,0.0992366,0.9216418,0.0,0.7835052,0.0,0.0,0.1637931,0.0,1.0,0.2672414,0.0909091,0.8,9.615805480084347
178.0,0.4662921,0.0,0.1966292,0.1684211,0.8483146,0.0,0.6486486,0.0,0.0135135,0.075,0.0,1.0,0.2125,0.0625,0.0,9.803722464346553
491.0,0.4602851,0.0,0.1466395,0.0754717,0.9063136,0.0,0.7712766,0.0,0.0159574,0.0358974,0.0,1.0,0.1384615,0.0857143,0.0,10.413342705547674
59.0,0.5254237,0.0,0.1186441,0.1785714,0.8983051,0.0,0.7916667,0.0,0.0416667,0.1111111,0.0,1.0,0.3333333,0.3333333,0.0,9.615805480084347
1729.0,0.5020243,0.0017351,0.1868132,0.1173055,0.8912666,0.0,0.7274143,0.0,0.0155763,0.0695652,0.0031153,0.7149533,0.3101449,0.2011834,1.0,9.746892220313054
78.0,0.4871795,0.0,0.2948718,0.15,0.8589744,0.0,0.7058824,0.0,0.0294118,0.2093023,0.0,1.0,0.3953488,0.25,1.0,9.615805480084347
2834.0,0.4696542,0.0091743,0.1785462,0.1310712,0.8817925,0.0257586,0.7696682,0.0018957,0.0170616,0.1028912,0.0085308,0.9981043,0.2653061,0.1119403,0.5263158,10.318935994253193
144.0,0.5208333,0.0,0.2638889,0.0869565,0.9236111,0.0,0.8245614,0.0,0.0175439,0.0655738,0.0,1.0,0.1147541,0.0,0.0,10.056251557087757
382.0,0.4633508,0.0,0.2696335,0.1658537,0.8324607,0.0,0.6571429,0.0,0.0228571,0.2117117,0.0,0.9885714,0.4459459,0.0,1.0,9.615805480084347
1106.0,0.4611212,0.0018083,0.301085,0.2063758,0.823689,0.0551537,0.6939252,0.0,0.0070093,0.0695652,0.0023364,0.9953271,0.226087,0.1509434,0.4285714,10.114599007626499
588.0,0.4489796,0.2534014,0.1666667,0.1759259,0.8656463,0.0,0.7081545,0.0,0.0343348,0.0862745,0.2317597,0.9957082,0.3568627,0.1126761,1.0,9.787009914477434
30772.0,0.4710451,0.6239113,0.1132848,0.1070222,0.8533082,0.0059145,0.6823498,0.0051781,0.0494599,0.0700706,0.5705741,0.990358,0.354836,0.1158076,0.6598639,10.247112717290387
52.0,0.5384615,0.0,0.0961538,0.0833333,0.9038462,0.0,0.6875,0.0,0.0,0.2727273,0.0,1.0,0.1818182,0.5,1.0,9.615805480084347
258295.0,0.5070985,0.1143228,0.1027198,0.0727021,0.8053543,0.0158811,0.6499123,0.0068983,0.0879731,0.09059,0.1034341,0.9059808,0.4551199,0.095011,0.1618341,11.177466714598282
21268.0,0.482744,0.0960598,0.1101185,0.0928097,0.8806658,0.0133534,0.7606019,0.0038304,0.051026,0.0400525,0.0798906,0.8389877,0.2337492,0.1293326,0.2454545,11.128747176317603
6030.0,0.4817579,0.0046434,0.1668325,0.08192,0.8303483,0.0134328,0.7023466,0.0008234,0.0769864,0.0252809,0.0024702,0.9777686,0.1902087,0.0404624,0.5263158,12.937962059405562
501.0,0.5249501,0.0,0.0558882,0.0378151,0.9600798,0.0,0.8661417,0.0,0.023622,0.0661765,0.0,0.984252,0.6397059,0.3076923,0.0,9.615805480084347
341.0,0.516129,0.0,0.1671554,0.0787879,0.8592375,0.0527859,0.7903226,0.0080645,0.0322581,0.1564626,0.0,0.5887097,0.3877551,0.1,0.8571429,9.62251624577579
830.0,0.4674699,0.0228916,0.0939759,0.0723982,0.8722892,0.0,0.7173913,0.0,0.0403727,0.0182927,0.0186335,0.9968944,0.2073171,0.0582524,0.0,10.988693712621323
207.0,0.47343,0.0,0.1352657,0.1376147,0.942029,0.0,0.8441558,0.0,0.0,0.1348315,0.0,1.0,0.0674157,0.1333333,1.0,10.502351525774941
124.0,0.4516129,0.0,0.1451613,0.1029412,0.8790323,0.0,0.7209302,0.0,0.0697674,0.1568627,0.0,0.9767442,0.3333333,0.3333333,0.0,10.211009016314167
4158.0,0.4723425,0.0796056,0.1539202,0.1526892,0.8783069,0.0,0.7153285,0.0018248,0.0194647,0.0932157,0.0559611,0.9939173,0.4423607,0.0872483,0.64,9.615805480084347
1815.0,0.4490358,0.0022039,0.3035813,0.214,0.7707989,0.0534435,0.613723,0.0025413,0.0152478,0.1767782,0.0012706,0.9961881,0.289749,0.0524017,0.725,9.615805480084347
6598.0,0.5074265,0.0053046,0.0547135,0.0366154,0.9152774,0.0034859,0.7966683,0.0048996,0.044096,0.1153013,0.0053895,0.9652131,0.3641092,0.1907631,0.48,11.270866642542865
484.0,0.5020661,0.0,0.3347107,0.2157676,0.8078512,0.0,0.6211454,0.0044053,0.0176211,0.2090592,0.0,0.9867841,0.2404181,0.1428571,0.8571429,9.615805480084347
1957.0,0.4486459,0.0219724,0.2462954,0.2261353,0.7199796,0.1011753,0.5982695,0.0,0.0222497,0.115847,0.013597,0.9962917,0.3901639,0.0387097,0.6,10.542732775946709
310.0,0.4677419,0.0,0.2354839,0.169697,0.8709677,0.0,0.6904762,0.0,0.0079365,0.1310345,0.0,0.9920635,0.2206897,0.1818182,0.5,9.862717639992917
1601.0,0.5309182,0.0074953,0.0137414,0.0133156,0.6427233,0.0043723,0.51263,0.0118871,0.2466568,0.5866093,0.0044577,0.986627,0.5675676,0.0511509,0.3809524,11.421917019425596
764.0,0.4725131,0.0,0.2212042,0.191067,0.8206806,0.0,0.6180124,0.0,0.0372671,0.0359281,0.0,1.0,0.3023952,0.0120482,0.6666667,10.376642461280849
1674.0,0.4886499,0.0,0.0919952,0.0735981,0.9450418,0.0,0.8214286,0.0,0.012605,0.1590106,0.0,0.1365546,0.4310954,0.3333333,0.75,9.615805480084347
305.0,0.4786885,0.0196721,0.2065574,0.1698113,0.8622951,0.0,0.6992481,0.0,0.0150376,0.1528662,0.0150376,1.0,0.2929936,0.0454545,0.5,9.918425424900335
7830.0,0.4731801,0.0257982,0.1793103,0.1452121,0.8162197,0.0223499,0.6606578,0.0060089,0.0502846,0.0490226,0.0170778,0.983871,0.2742857,0.0556038,0.4782609,11.173262142245258
1258.0,0.5055644,0.0015898,0.1645469,0.1318328,0.8958665,0.0,0.747412,0.0,0.0186335,0.1614583,0.0020704,0.9275362,0.3888889,0.1470588,0.9,10.247112717290387
62632.0,0.4978605,0.0748659,0.1138875,0.0652464,0.8685656,0.0043907,0.7502143,0.0064729,0.0710305,0.1120923,0.0664438,0.9552898,0.2511704,0.1000129,0.3756708,10.907807476583594
803.0,0.501868,0.003736,0.0996264,0.07,0.9327522,0.0,0.845614,0.0035088,0.0315789,0.0562914,0.0070175,0.9964912,0.1423841,0.0645161,0.5,10.843514342086866
4536.0,0.4817019,0.0013228,0.1097884,0.0995321,0.8701499,0.0063933,0.729714,0.007589,0.0461179,0.0488617,0.0011675,0.9970811,0.3786785,0.0685358,0.625,10.278527816830314
1630.0,0.490184,0.0,0.0472393,0.0589651,0.9294479,0.0184049,0.8292135,0.0,0.0202247,0.0824742,0.0,0.988764,0.3628866,0.2696629,0.0,10.428245666832275
18591.0,0.4925502,0.007154,0.1551826,0.0968836,0.8677855,0.0058631,0.7317342,0.0060656,0.0409429,0.0409836,0.0056521,0.9736697,0.3124008,0.1097965,0.3214286,10.61890979160975
2231.0,0.4787091,0.0022411,0.1299866,0.0988822,0.8937696,0.0,0.7469586,0.0024331,0.0255474,0.0408401,0.0012165,0.9720195,0.2088681,0.122905,1.0,10.499600568082863
1229.0,0.4515867,0.0008137,0.2327095,0.1750742,0.8421481,0.0,0.656015,0.0,0.0206767,0.2047833,0.0,0.9962406,0.4588939,0.1011236,1.0,9.615805480084347
462.0,0.465368,0.0,0.1818182,0.1700405,0.8419913,0.0,0.6377551,0.0,0.0102041,0.1403509,0.0,1.0,0.2192982,0.1162791,1.0,9.615805480084347
2748.0,0.4974527,0.0032751,0.0491266,0.0246198,0.8908297,0.0007278,0.7694611,0.006986,0.0538922,0.0705009,0.002994,0.997006,0.3107607,0.039801,0.0909091,11.07443600653965
532.0,0.4699248,0.0056391,0.2180451,0.0851064,0.9342105,0.0,0.8360656,0.0054645,0.0218579,0.0108108,0.0,0.9071038,0.2486486,0.1428571,0.0,11.026808713825016
2134.0,0.4793814,0.0014058,0.2118088,0.1548155,0.864105,0.0032802,0.6962175,0.0047281,0.0236407,0.0631229,0.001182,0.9952719,0.1362126,0.0802469,0.6,10.199918739620157
324.0,0.4845679,0.1975309,0.1759259,0.0958084,0.9506173,0.0,0.8648649,0.0,0.009009,0.1461538,0.1441441,1.0,0.2307692,0.1818182,1.0,10.150386692204734
198.0,0.4191919,0.0,0.1363636,0.1565217,0.8787879,0.0,0.7272727,0.0,0.038961,0.0253165,0.0,1.0,0.2025316,0.1,0.0,9.615805480084347
40.0,0.475,0.0,0.4,0.2857143,0.8,0.0,0.6190476,0.0,0.0,0.1923077,0.0,1.0,0.2307692,0.0,0.0,9.615805480084347
188.0,0.5,0.0,0.0904255,0.106383,0.893617,0.0,0.7903226,0.0322581,0.0483871,0.0,0.0,1.0,0.1129032,0.2222222,0.0,10.376642461280849
177.0,0.480226,0.0,0.1638418,0.1521739,0.8305085,0.0,0.6315789,0.0,0.0263158,0.0843373,0.0,1.0,0.2891566,0.0625,1.0,9.803722464346553
56.0,0.5178571,0.0,0.3035714,0.1851852,0.7857143,0.0,0.5555556,0.0,0.0,0.1290323,0.0,1.0,0.3548387,0.1666667,0.0,9.615805480084347
152.0,0.4210526,0.2171053,0.1907895,0.1704545,0.9144737,0.0,0.7894737,0.0,0.0175439,0.109375,0.1578947,1.0,0.21875,0.0625,1.0,9.933094897288786
1961.0,0.4844467,0.0010199,0.0800612,0.0682493,0.90923,0.0,0.799431,0.0056899,0.0369844,0.0651596,0.0014225,0.9871977,0.3949468,0.105,0.4285714,10.239995502805316
1884.0,0.4930998,0.0058386,0.1539278,0.1026178,0.7998938,0.0,0.6357057,0.0012063,0.0759952,0.028136,0.0048251,0.9951749,0.1137163,0.0431034,0.5,11.239816684367907
2862.0,0.4772886,0.0010482,0.1561845,0.1303476,0.8857442,0.0,0.7421603,0.0026132,0.0191638,0.1045242,0.0008711,0.9991289,0.1965679,0.0815217,0.7666667,10.43708198835482
292.0,0.510274,0.0479452,0.1506849,0.1118881,0.8972603,0.0,0.7663551,0.0093458,0.0280374,0.1157025,0.046729,0.9626168,0.2396694,0.1176471,1.0,10.203629181337648
8636.0,0.4598194,0.404817,0.093446,0.0915327,0.7678323,0.0,0.6005755,0.0043165,0.1398561,0.1009056,0.352518,0.9858993,0.43674,0.0989899,0.6428571,10.801634680173994
387.0,0.4935401,0.0,0.25323,0.1326531,0.8449612,0.0,0.6503067,0.0,0.0184049,0.0893855,0.0,1.0,0.2960894,0.1142857,0.0,10.030164255362632
835.0,0.4167665,0.0,0.3413174,0.2792608,0.7269461,0.0538922,0.5503876,0.005168,0.0129199,0.1494505,0.0,0.994832,0.3186813,0.0196078,0.4375,9.615805480084347
945.0,0.4550265,0.0042328,0.1587302,0.1203883,0.8952381,0.0,0.7622951,0.0081967,0.0163934,0.1007371,0.0,0.9972678,0.2850123,0.0982143,0.5,10.332050506334692
483.0,0.4865424,0.0,0.2567288,0.1733871,0.8302277,0.0,0.6588785,0.0046729,0.0373832,0.1832061,0.0,1.0,0.2251908,0.025641,0.5714286,9.615805480084347
42.0,0.3809524,0.0,0.0952381,0.0384615,0.8333333,0.0,0.6470588,0.0,0.0588235,0.5277778,0.0,1.0,0.6388889,0.0,0.0,9.69898173460629
103.0,0.5242718,0.038835,0.2330097,0.1836735,0.8543689,0.0,0.6511628,0.0,0.0,0.2181818,0.0697674,1.0,0.3272727,0.0,1.0,9.615805480084347
3268.0,0.4541004,0.1927785,0.2420441,0.2186099,0.8115055,0.0422277,0.6563227,0.003879,0.0209465,0.1586162,0.1854151,0.9728472,0.3276762,0.1077844,0.82,10.098272780745283
246.0,0.5365854,0.0,0.0569106,0.0263158,0.9552846,0.0,0.8214286,0.0,0.0178571,0.0344828,0.0,1.0,0.7413793,0.2857143,0.0,9.933094897288786
1033.0,0.5062924,0.0,0.0822846,0.0588235,0.8877057,0.0,0.739255,0.0028653,0.0630372,0.0305556,0.0,0.9684814,0.2611111,0.1428571,0.0,10.900454637442037
590.0,0.4830508,0.0,0.1745763,0.0983607,0.8966102,0.0,0.7446809,0.0,0.0042553,0.1423358,0.0,0.9957447,0.3248175,0.106383,0.8571429,9.615805480084347
866.0,0.4757506,0.0023095,0.1766744,0.1894273,0.7748268,0.0369515,0.5978552,0.0,0.0321716,0.0508906,0.0,0.997319,0.3842239,0.0584795,1.0,10.247112717290387
30050.0,0.4903827,0.0933777,0.0890849,0.0762701,0.8194343,0.0116805,0.6875773,0.0072451,0.1062025,0.1679165,0.0788125,0.8831949,0.5041906,0.0891637,0.2269939,10.990381448250039
76.0,0.5394737,0.0,0.2763158,0.2285714,0.8289474,0.0,0.6388889,0.0,0.0,0.1627907,0.0,1.0,0.255814,0.125,1.0,9.615805480084347
542.0,0.4760148,0.0,0.2140221,0.1690141,0.8154982,0.0,0.6190476,0.004329,0.025974,0.125,0.0,0.995671,0.219697,0.1363636,0.85,9.642187721358466
658.0,0.4908815,0.0,0.0835866,0.0507463,0.9589666,0.0,0.8618785,0.0055249,0.0055249,0.2130435,0.0,0.961326,0.2086957,0.2727273,0.6666667,10.392098241730961
148.0,0.4797297,0.0,0.277027,0.1168831,0.8716216,0.0,0.703125,0.0,0.0,0.255814,0.0,1.0,0.2093023,0.0,0.0,9.615805480084347
5659.0,0.468634,0.0065383,0.2009189,0.1582973,0.7983743,0.0443541,0.6473731,0.0044524,0.0329475,0.0614292,0.0,0.9973286,0.3351442,0.0569878,0.4736842,10.480129006333248
617.0,0.5024311,0.0016207,0.1555916,0.1042345,0.8525122,0.0,0.6897959,0.0081633,0.0408163,0.0684411,0.0,0.9959184,0.338403,0.1568627,1.0,10.379752786950895
4571.0,0.4644498,0.0013126,0.226865,0.1478758,0.83986,0.0229709,0.6809712,0.0039526,0.0271033,0.0894602,0.0005647,0.8972332,0.3804627,0.1561969,0.7142857,10.31231367277647
134.0,0.4850746,0.0149254,0.3432836,0.173913,0.8656716,0.0,0.704918,0.0,0.0,0.1029412,0.0163934,1.0,0.2058824,0.0,0.0,10.085850775128717
387.0,0.4857881,0.002584,0.126615,0.1155779,0.8914729,0.0,0.6985294,0.0,0.0073529,0.0422535,0.0073529,1.0,0.1619718,0.2631579,0.0,10.239995502805316
845.0,0.4532544,0.0047337,0.1846154,0.1601732,0.8071006,0.0142012,0.6465517,0.0172414,0.0574713,0.1278195,0.0028736,1.0,0.2581454,0.0808081,0.5,10.281958234245314
6013.0,0.4854482,0.0066523,0.0745052,0.0568843,0.8922335,0.0128056,0.7780476,0.0053424,0.0451676,0.09375,0.0063137,0.4711025,0.368838,0.103512,0.3658537,10.851296331126829
2736.0,0.4802632,0.0003655,0.1136696,0.0900141,0.877193,0.0,0.7317299,0.0027752,0.0323774,0.031362,0.0009251,0.9851989,0.2401434,0.0375,0.6666667,10.776891660007811
4335.0,0.4581315,0.0004614,0.2913495,0.2026394,0.7764706,0.0299885,0.612287,0.0036138,0.033557,0.1259025,0.0,0.9896748,0.3122744,0.0453721,0.6666667,9.615805480084347
51.0,0.5294118,0.0,0.1176471,0.0833333,0.8627451,0.0,0.6666667,0.0,0.0,0.0454545,0.0,1.0,0.2272727,0.3333333,0.0,9.873079890114703
1487.0,0.472764,0.0047075,0.0813719,0.0688776,0.9381305,0.0,0.8496241,0.0018797,0.0169173,0.0431655,0.0056391,0.9943609,0.1600719,0.047619,0.4,11.110969193687714
2519.0,0.4581183,0.0011909,0.2028583,0.156044,0.8638349,0.0063517,0.6938175,0.0009814,0.0117763,0.1715447,0.0,0.983317,0.3398374,0.1054545,0.5294118,9.883335864325275
1143.0,0.4628171,0.0,0.1994751,0.1856678,0.8328959,0.0393701,0.6872146,0.0045662,0.0159817,0.0641026,0.0,0.9954338,0.2393162,0.12,0.7142857,10.102379394048045
2818.0,0.487225,0.0014194,0.1245564,0.0865052,0.8981547,0.0110007,0.7602398,0.000999,0.013986,0.1046512,0.000999,0.999001,0.2889088,0.0666667,0.7058824,10.529452721013085
37520.0,0.4952559,0.0048774,0.0868337,0.067325,0.8714286,0.0158316,0.7521986,0.0059927,0.054012,0.0373118,0.0031909,0.936104,0.2889039,0.1528195,0.2184874,11.021918808236205
768.0,0.5026042,0.0091146,0.1106771,0.0706806,0.9075521,0.0,0.7634409,0.0035842,0.0179211,0.2696335,0.0071685,0.8243728,0.4790576,0.15,1.0,9.6678285081515
615.0,0.5056911,0.0,0.0764228,0.0690789,0.9365854,0.0,0.8322981,0.0062112,0.0434783,0.0903955,0.0,1.0,0.3276836,0.3770492,0.0,9.787009914477434
5870.0,0.4625213,0.0715503,0.1971039,0.1657686,0.7669506,0.0601363,0.624792,0.0020799,0.0370216,0.0848877,0.0599002,0.9933444,0.2999619,0.0667996,0.5526316,10.404293143019792
3069.0,0.5008146,0.008146,0.1228413,0.1018277,0.8624959,0.0355165,0.772045,0.0037523,0.0525328,0.0681818,0.0056285,0.9906191,0.1888112,0.0931677,0.9512195,11.795853756086931
22.0,0.4545455,0.0,0.2272727,0.0833333,0.6818182,0.0,0.5,0.0,0.0,0.9751773,0.0,1.0,0.7464539,0.0,1.0,11.091346218718432
103.0,0.5145631,0.0,0.2135922,0.1,0.8737864,0.0,0.7179487,0.0,0.025641,0.4657534,0.0,1.0,0.260274,0.4285714,1.0,10.214678610538817
108.0,0.3981481,0.0277778,0.1666667,0.1076923,0.8611111,0.0,0.744186,0.0232558,0.0232558,0.1568627,0.0,1.0,0.1372549,0.0,0.5,10.428245666832275
760.0,0.4578947,0.0013158,0.1144737,0.0873786,0.9013158,0.0,0.7519084,0.0038168,0.0343511,0.2036474,0.0,0.3167939,0.4832827,0.1891892,0.7777778,9.87822102528824
472.0,0.4724576,0.0,0.1271186,0.1285141,0.8262712,0.0,0.6402116,0.010582,0.042328,0.0207254,0.0,0.994709,0.2953368,0.0769231,0.0,10.188704088048116
36676.0,0.5066801,0.0373269,0.0818792,0.0635052,0.5678373,0.1519795,0.5002117,0.0024697,0.1709709,0.1013886,0.0335874,0.9839119,0.5141716,0.0356976,0.5583756,10.738589920723442
834.0,0.4940048,0.4856115,0.1282974,0.1018957,0.6270983,0.0,0.4220779,0.004329,0.0887446,0.0454545,0.4220779,0.995671,0.642562,0.0029674,0.0,11.015361515187424
1590.0,0.4710692,0.0,0.3849057,0.1141498,0.8893082,0.0,0.7782258,0.0,0.0147849,0.1378911,0.0,1.0,0.2282735,0.0275862,0.4642857,11.008760940077243
225.0,0.4755556,0.0,0.32,0.1440678,0.84,0.0,0.6504854,0.0,0.0,0.0964912,0.0,0.9902913,0.2017544,0.1538462,1.0,9.615805480084347
589.0,0.5144312,0.0,0.1086587,0.048951,0.9168081,0.0,0.7914692,0.0047393,0.014218,0.0663717,0.0,0.9952607,0.2300885,0.0869565,0.0,10.55843949396453
244.0,0.4836066,0.0,0.2254098,0.1904762,0.852459,0.0,0.6344086,0.0,0.0215054,0.1913043,0.0,0.9462366,0.3826087,0.2,1.0,9.615805480084347
4012.0,0.4603689,0.0331505,0.1739781,0.147806,0.8541874,0.0,0.6739793,0.0048751,0.0219378,0.0852843,0.0286411,0.9975625,0.3088071,0.108,0.6521739,9.99884318585288
54.0,0.4814815,0.0,0.2777778,0.1071429,0.9259259,0.0,0.8181818,0.0,0.0,0.2413793,0.0,1.0,0.0689655,0.0,0.0,9.615805480084347
7344.0,0.4812092,0.0006808,0.3581155,0.1811024,0.7844499,0.0284586,0.6607826,0.0058841,0.0535452,0.2706009,0.0008826,0.9867608,0.4356223,0.0520984,0.4341085,10.995427631436174
2769.0,0.4958469,0.0621163,0.0393644,0.0537249,0.9147707,0.0007223,0.7965909,0.0022727,0.05,0.0537634,0.0522727,0.9125,0.1989247,0.1145833,0.2,11.796607046116602
1143.0,0.4496938,0.0008749,0.2222222,0.1494436,0.8355206,0.0,0.6604555,0.0124224,0.0351967,0.0529412,0.0,0.9937888,0.2647059,0.1162791,0.6,10.047631185616188
252.0,0.4722222,0.0,0.1904762,0.112782,0.9246032,0.0,0.8131868,0.010989,0.010989,0.0215054,0.0,0.978022,0.1075269,0.0526316,0.0,10.442929787247998
467.0,0.4325482,0.0920771,0.2912206,0.2188679,0.8479657,0.0171306,0.6919192,0.0,0.0050505,0.0571429,0.0757576,1.0,0.2619048,0.0930233,1.0,9.918425424900335
5495.0,0.4771611,0.0087352,0.2185623,0.1646363,0.7148317,0.0897179,0.5944761,0.0017536,0.0539237,0.1632428,0.0048224,0.9894783,0.3587674,0.0537084,0.8289474,9.898525260706313
1252.0,0.4464856,0.0023962,0.1765176,0.1471861,0.8202875,0.0,0.6333333,0.0074074,0.037037,0.0625,0.0037037,0.9944444,0.4166667,0.0537634,0.5,10.50783084142058
2690.0,0.4758364,0.0007435,0.1379182,0.1262411,0.860223,0.0070632,0.6847619,0.0009524,0.0228571,0.0480508,0.0,0.9952381,0.3227561,0.0527859,0.0,10.55843949396453
2688.0,0.4780506,0.6056548,0.140253,0.126871,0.8809524,0.0,0.7118126,0.0040733,0.0274949,0.0629771,0.5244399,1.0,0.2795802,0.1477573,0.7222222,10.524090921620362
189.0,0.4444444,0.1111111,0.2116402,0.2095238,0.8730159,0.0,0.7073171,0.0,0.0,0.0786517,0.1097561,0.9878049,0.247191,0.0833333,0.0,10.379752786950895
488.0,0.4897541,0.0,0.2786885,0.1967871,0.8196721,0.045082,0.6881188,0.0,0.0148515,0.1788618,0.0,1.0,0.296748,0.0285714,0.8095238,9.615805480084347
945.0,0.4677249,0.005291,0.2571429,0.194831,0.805291,0.0624339,0.6666667,0.0,0.0054201,0.2280335,0.0081301,0.9701897,0.374477,0.1875,0.7142857,9.615805480084347
11391.0,0.5097006,0.0122026,0.0778685,0.0624888,0.8652445,0.0009657,0.7366601,0.0086462,0.0839921,0.0490956,0.0111166,0.9291008,0.3589382,0.167979,0.3333333,11.119897691565697
3706.0,0.4525094,0.0010793,0.2099298,0.1803844,0.8416082,0.0056665,0.6702806,0.0044643,0.0210459,0.0952106,0.0006378,0.9980867,0.3918061,0.0870712,0.7111111,9.918425424900335
106654.0,0.4865547,0.0700771,0.117839,0.096492,0.8125152,0.0628387,0.7104831,0.0038547,0.0393541,0.1359483,0.0634718,0.8860789,0.3622288,0.1032574,0.5388601,10.281958234245314
1295.0,0.4918919,0.0934363,0.2123552,0.1899696,0.7992278,0.0671815,0.6824034,0.0042918,0.0364807,0.130597,0.0987124,0.7703863,0.4085821,0.1503759,0.8571429,10.332050506334692
6196.0,0.4567463,0.3387669,0.1755972,0.1417112,0.8560362,0.0163008,0.711451,0.0041339,0.0268706,0.0997395,0.3133526,0.9937991,0.2463714,0.1163636,0.7346939,10.32551474894327
998.0,0.4488978,0.001002,0.2965932,0.2909091,0.7374749,0.0601202,0.5685393,0.0022472,0.0179775,0.1153082,0.0022472,0.9955056,0.3459245,0.0423729,0.6666667,9.615805480084347
85427.0,0.4748148,0.0078781,0.1678977,0.1244846,0.8490758,0.0131574,0.6957562,0.0024524,0.0396567,0.0484904,0.0068786,0.9924335,0.2997354,0.0403226,0.4937028,11.481445117743048
67.0,0.4925373,0.0,0.2089552,0.2058824,0.761194,0.0,0.53125,0.0,0.03125,0.1111111,0.0,1.0,0.4722222,0.0,0.0,9.615805480084347
1970.0,0.4649746,0.5152284,0.1142132,0.1072106,0.8761421,0.0106599,0.7176309,0.0,0.0206612,0.0775095,0.4559229,0.9958678,0.2973316,0.0875,0.6875,10.419330568113901
514.0,0.4824903,0.0758755,0.114786,0.1015038,0.9143969,0.0,0.7942857,0.0,0.04,0.0932642,0.0742857,1.0,0.1450777,0.137931,1.0,11.772987080375044
22911.0,0.4715639,0.255074,0.1813103,0.1582556,0.8183405,0.0487975,0.6886088,0.0028011,0.0304622,0.1095406,0.2237395,0.9388422,0.3631262,0.1218928,0.6902655,10.177362240256695
408.0,0.4436275,0.0,0.4264706,0.2511013,0.6985294,0.120098,0.5934066,0.0,0.0,0.09,0.0,1.0,0.295,0.0217391,1.0,9.615805480084347
28230.0,0.4939072,0.0043925,0.0622742,0.0583048,0.9299327,0.0113709,0.8478742,0.0029894,0.0249114,0.0436256,0.003543,0.9936891,0.1617958,0.0668605,0.1290323,11.130214506480655
204.0,0.5196078,0.0,0.2647059,0.122449,0.8529412,0.0,0.6966292,0.0,0.0337079,0.5917431,0.0,1.0,0.6009174,0.0,0.5,10.714439990727769
1262.0,0.4904913,0.0,0.1846276,0.1493002,0.8494453,0.026149,0.7078189,0.0041152,0.026749,0.1748727,0.0,0.399177,0.3904924,0.1374046,0.7333333,10.081675578048475
912.0,0.4649123,0.0142544,0.1754386,0.147541,0.8662281,0.0,0.7094241,0.0052356,0.0209424,0.1238532,0.0078534,0.9973822,0.4495413,0.047619,0.7857143,9.814710982145282
439.0,0.4692483,0.0159453,0.1617312,0.1459227,0.8542141,0.0,0.6756757,0.0,0.0216216,0.1741071,0.0162162,0.9891892,0.28125,0.0612245,0.5,9.913487387114461
372.0,0.4758065,0.0,0.1290323,0.0871795,0.8924731,0.0,0.7552448,0.013986,0.020979,0.0466667,0.0,1.0,0.22,0.0869565,0.5,10.192456296870509
121.0,0.4628099,0.0,0.1570248,0.1076923,0.9008264,0.0,0.755102,0.0,0.0,0.125,0.0,1.0,0.4285714,0.0,1.0,9.615805480084347
900.0,0.4822222,0.0011111,0.1,0.0987124,0.9055556,0.0,0.8053097,0.0058997,0.0383481,0.0423729,0.0029499,0.9970501,0.2768362,0.1395349,0.2857143,10.75579427616868
661.0,0.4493192,0.01059,0.0484115,0.0494505,0.9470499,0.0,0.8103448,0.0,0.0114943,0.3458647,0.0114943,0.9885057,0.6466165,0.2818182,0.0,9.913487387114461
257.0,0.4785992,0.0,0.2490272,0.1641791,0.8249027,0.0,0.6465517,0.0,0.0344828,0.1532847,0.0,0.9913793,0.3211679,0.0416667,1.0,9.615805480084347
417.0,0.4724221,0.0023981,0.1558753,0.1,0.9232614,0.0,0.7959184,0.0,0.0136054,0.0454545,0.0,1.0,0.1038961,0.1764706,0.0,10.431199791458543
7024.0,0.4460421,0.4423405,0.1944761,0.1760473,0.8180524,0.0491173,0.6827068,0.0007519,0.0244361,0.1534055,0.3909774,0.9725564,0.3656906,0.117126,0.5842697,10.31231367277647
265.0,0.4792453,0.0,0.2226415,0.173913,0.8792453,0.0,0.7372881,0.0,0.0084746,0.0327869,0.0,1.0,0.0409836,0.1111111,1.0,11.125806040978839
38705.0,0.4656504,0.0917969,0.1661284,0.1312252,0.7931792,0.0413642,0.6544066,0.0051351,0.043135,0.080451,0.0842801,0.9949933,0.3272341,0.0753307,0.542735,10.173552856959743
17827.0,0.4806754,0.00948,0.1613844,0.1151437,0.8160094,0.0181747,0.6546812,0.0034573,0.0521366,0.0628564,0.0076061,0.9580971,0.3961897,0.0567964,0.7529412,11.795853756086931
21260.0,0.4868768,0.0470367,0.1323142,0.1115593,0.7759643,0.0838664,0.6827474,0.0031164,0.0433807,0.0729227,0.0367739,0.9917726,0.3606842,0.0566826,0.4565217,10.616461869895815
554.0,0.4711191,0.0,0.1480144,0.0853242,0.9368231,0.0,0.8092486,0.0,0.0115607,0.0546448,0.0,0.9942197,0.2459016,0.2068966,0.0,10.851296331126829
2633.0,0.4663882,0.0007596,0.251804,0.1288256,0.8427649,0.0,0.6797153,0.0017794,0.0409253,0.5052817,0.0017794,0.9964413,0.1764965,0.076555,0.7241379,11.918397239722838
4593.0,0.4659264,0.0080557,0.1981276,0.1235222,0.8632702,0.0052253,0.7373961,0.0027701,0.0426593,0.0259039,0.0060942,0.9894737,0.2698327,0.0456522,0.25,11.595435894542709
720.0,0.4875,0.0055556,0.1097222,0.0785908,0.8819444,0.0,0.7076923,0.0076923,0.0307692,0.1585761,0.0038462,0.5846154,0.4919094,0.1325301,0.7142857,10.385944565501662
1018.0,0.5,0.0,0.1365422,0.1001965,0.8831041,0.0,0.7267905,0.0079576,0.0265252,0.0759804,0.0,1.0,0.2328431,0.1195652,0.6,10.016860879703811
3914.0,0.4568217,0.0076648,0.184466,0.1406397,0.8495146,0.0,0.6891253,0.0023641,0.0260047,0.0573816,0.0082742,0.9893617,0.3598886,0.0599002,0.5,10.499600568082863
1247.0,0.4835605,0.0176423,0.0970329,0.0621118,0.8652767,0.0128308,0.7351129,0.0020534,0.0349076,0.0543689,0.026694,1.0,0.184466,0.0140845,0.5,10.859018228147887
1556.0,0.4736504,0.0,0.1703085,0.1428571,0.8849614,0.0,0.7350565,0.0016155,0.0210016,0.071964,0.0,0.996769,0.2953523,0.0917431,1.0,9.888424674859083
125.0,0.48,0.0,0.28,0.1692308,0.848,0.0,0.6666667,0.0,0.0185185,0.1290323,0.0,1.0,0.2903226,0.0,1.0,9.615805480084347
669.0,0.4798206,0.0014948,0.1928251,0.1264368,0.8221226,0.0,0.6524823,0.0106383,0.0425532,0.0568562,0.0,0.9964539,0.2575251,0.0933333,1.0,9.913487387114461
437.0,0.4942792,0.0,0.1167048,0.0678733,0.8947368,0.0,0.7454545,0.0,0.0242424,0.195122,0.0,0.9939394,0.3121951,0.1666667,0.8888889,9.661479683575521
14789.0,0.4701467,0.0021638,0.1770911,0.131317,0.8275745,0.0159578,0.6734628,0.0054583,0.034516,0.0382893,0.0011238,0.9950233,0.3459935,0.0389541,0.4166667,10.454523783963511
422.0,0.492891,0.0,0.2061611,0.1682243,0.8317536,0.0,0.625,0.0,0.0108696,0.0612245,0.0,0.9891304,0.4642857,0.0921053,0.0,9.615805480084347
3393.0,0.4647804,0.6592986,0.1588565,0.1310573,0.8933098,0.0023578,0.7189374,0.0034276,0.0154242,0.1023077,0.5921165,0.9957155,0.3976923,0.1710526,0.3043478,9.661479683575521
1213.0,0.4699093,0.0,0.1846661,0.1384137,0.8746908,0.0,0.7197581,0.0,0.0262097,0.0623819,0.0,0.9979839,0.2759924,0.0681818,0.5,10.154285180632154
388.0,0.4742268,0.0,0.1494845,0.0588235,0.8505155,0.056701,0.7878788,0.0075758,0.0454545,0.0571429,0.0,1.0,0.15,0.1818182,0.25,9.648659816955295
1283.0,0.4762276,0.0,0.213562,0.1473214,0.8815277,0.0,0.7234043,0.0019342,0.0154739,0.0461255,0.0,0.9864603,0.2232472,0.0793651,1.0,10.332050506334692
1608.0,0.4881841,0.0,0.1442786,0.1032807,0.9471393,0.0,0.8319149,0.0,0.012766,0.2166667,0.0,0.0212766,0.5483333,0.2417582,1.0,9.615805480084347
6025.0,0.4951037,0.0048133,0.1913693,0.0950033,0.8813278,0.0058091,0.7773246,0.0032626,0.045677,0.1239728,0.0040783,0.9726754,0.1997142,0.0765027,0.4444444,11.140425970684525
219.0,0.4657534,0.0,0.1689498,0.1367521,0.8721461,0.0,0.6875,0.0,0.0375,0.0909091,0.0,0.9875,0.2159091,0.25,1.0,9.615805480084347
23042.0,0.4869369,0.0052947,0.1074126,0.0736762,0.9520875,0.0007378,0.8771953,0.0008044,0.0163561,0.0229238,0.0029495,0.9852527,0.0446686,0.1186047,0.4157303,12.130276325842603
595.0,0.4201681,0.0084034,0.1915966,0.2289855,0.7596639,0.0,0.5300353,0.0,0.0353357,0.0660066,0.0141343,1.0,0.4422442,0.0451613,0.5,10.682835364853922
3559.0,0.4442259,0.000562,0.2436078,0.1754297,0.8134307,0.0738972,0.7217589,0.0015163,0.0128886,0.0251293,0.0,0.9931766,0.2394678,0.0621118,0.4,10.55843949396453
2680.0,0.519403,0.0563433,0.0152985,0.0170807,0.8884328,0.0,0.767094,0.0053419,0.0705128,0.1085714,0.0555556,0.9764957,0.46,0.083151,0.6428571,10.513280297700861
8716.0,0.4932308,0.0100964,0.0647086,0.0647498,0.9060349,0.011129,0.8123947,0.0080835,0.0387336,0.1507437,0.0080835,0.956551,0.2717391,0.1350211,0.5428571,10.990381448250039
201.0,0.5174129,0.0,0.079602,0.0412371,0.9402985,0.0,0.8208955,0.0,0.0,0.0,0.0,1.0,0.1492537,0.25,0.0,10.360944044643913
24854.0,0.5059145,0.0065583,0.0237789,0.020684,0.9266516,0.0,0.8391288,0.0059865,0.0505668,0.0313387,0.0062412,0.9938861,0.153979,0.1052632,0.3608247,11.313266479778829
8461.0,0.4771304,0.0008273,0.1766931,0.1222875,0.8117244,0.0158374,0.6383343,0.0034227,0.0422133,0.1248128,0.0002852,0.9877353,0.3911633,0.0630631,0.7407407,10.056251557087757
10434.0,0.4976998,0.0072839,0.0501246,0.0463652,0.9364577,0.0058463,0.8502291,0.002291,0.0177549,0.0769231,0.0060137,0.9842497,0.1480307,0.1426735,0.6831683,10.645448706505872
81.0,0.4691358,0.0,0.2469136,0.2790698,0.7777778,0.0,0.5641026,0.0,0.025641,0.22,0.0,1.0,0.2,0.1818182,0.0,10.428245666832275
287.0,0.5052265,0.0278746,0.0278746,0.028169,0.8780488,0.0,0.7582418,0.032967,0.0879121,0.4550898,0.021978,0.9230769,0.4550898,0.173913,0.5,12.26670197321789
587.0,0.451448,0.0783646,0.2350937,0.1521739,0.8722317,0.0,0.6958333,0.0,0.0083333,0.0977444,0.0875,0.9958333,0.2932331,0.1607143,1.0,10.169728906753061
3197.0,0.4760713,0.0046919,0.1282452,0.0746269,0.927432,0.0,0.8174533,0.0008905,0.0160285,0.0547138,0.0026714,0.9804096,0.1153199,0.0612245,0.3636364,12.895214314729591
228.0,0.5087719,0.0482456,0.2105263,0.1517857,0.8333333,0.0,0.6914894,0.0319149,0.0531915,0.1826087,0.0319149,0.9893617,0.3043478,0.0909091,0.0,10.085850775128717
586.0,0.4744027,0.2081911,0.1399317,0.1136364,0.8890785,0.0,0.7149758,0.0,0.0241546,0.0758929,0.2125604,0.8695652,0.2678571,0.2333333,1.0,9.975854724662028
2154.0,0.4995357,0.0269266,0.0905292,0.0565863,0.9066852,0.0,0.788674,0.0041436,0.0441989,0.0585176,0.0262431,0.8674033,0.1547464,0.2567568,0.5333333,11.532737896139919
1291.0,0.4802479,0.2618125,0.112316,0.1400894,0.8706429,0.0030984,0.6985447,0.006237,0.024948,0.1902357,0.2390852,0.997921,0.4309764,0.1202186,0.7,9.99884318585288
164.0,0.4939024,0.0,0.1341463,0.060241,0.8963415,0.0,0.75,0.0,0.015625,0.0985915,0.0,0.984375,0.2253521,0.047619,0.0,9.729193687429403
3788.0,0.5039599,0.0021119,0.1979937,0.064396,0.8827878,0.0,0.7655844,0.0051948,0.0428571,0.6088392,0.0006494,0.9714286,0.2633985,0.1257669,0.4117647,11.405351390085748
5417.0,0.4616947,0.0042459,0.183681,0.1262003,0.8574857,0.038213,0.7393293,0.0025407,0.0203252,0.034821,0.0035569,0.9781504,0.2996567,0.0536082,0.25,10.934908916663861
343.0,0.4723032,0.0,0.1311953,0.1104972,0.8833819,0.0,0.7480916,0.0152672,0.0229008,0.0839161,0.0,1.0,0.2167832,0.0555556,1.0,10.404293143019792
923.0,0.4463705,0.0032503,0.1787649,0.1585127,0.8049837,0.0151679,0.5945205,0.0082192,0.0410959,0.1491841,0.0,0.9835616,0.4895105,0.1073826,0.6666667,9.615805480084347
106.0,0.5566038,0.0283019,0.1320755,0.0638298,0.9245283,0.0,0.7878788,0.0,0.030303,0.195122,0.030303,0.7575758,0.2926829,0.3333333,1.0,10.351405324899678
170.0,0.4235294,0.0058824,0.1235294,0.0612245,0.9470588,0.0,0.852459,0.0,0.0,0.0615385,0.0,1.0,0.0769231,0.1666667,0.0,10.268165387743457
200.0,0.48,0.615,0.215,0.1442308,0.925,0.0,0.8,0.0153846,0.0153846,0.1447368,0.4923077,1.0,0.2105263,0.3333333,0.75,10.150386692204734
454.0,0.4801762,0.0,0.2599119,0.1991525,0.8436123,0.0,0.6564103,0.0051282,0.0102564,0.2471042,0.0,1.0,0.2664093,0.0,1.0,9.615805480084347
2049.0,0.4831625,0.0331869,0.3836018,0.0944287,0.9189849,0.0283065,0.8872267,0.0,0.0115075,0.1266332,0.023015,0.9976985,0.0623116,0.097561,0.4545455,11.576848171532921
2115.0,0.4609929,0.0189125,0.1957447,0.1368421,0.7631206,0.1210402,0.7019608,0.0026144,0.0169935,0.1287016,0.0117647,0.9947712,0.26082,0.1043478,0.76,9.787009914477434
7258.0,0.4374483,0.0276936,0.2145219,0.1721773,0.7251309,0.0636539,0.583691,0.0039617,0.0732915,0.0823993,0.0241004,0.988445,0.4686459,0.0502043,0.4054054,11.674202123168433
10725.0,0.4659207,0.009324,0.1729604,0.1450768,0.7637296,0.0327273,0.6041242,0.0054385,0.0793111,0.0644477,0.0063449,0.9956945,0.3845665,0.0563187,0.4050633,11.094390314766315
5814.0,0.4568283,0.000172,0.2287582,0.2096263,0.8027176,0.0299278,0.6375,0.0032258,0.0258065,0.0945601,0.0,0.9967742,0.4048923,0.0657534,0.6923077,9.957075711706057
13241.0,0.4726229,0.0123102,0.1723435,0.1210082,0.8680613,0.0085341,0.7214468,0.0049145,0.0300767,0.1101977,0.0094358,0.9941026,0.2347385,0.1156863,0.7391304,10.239995502805316
5903.0,0.5082162,0.0011858,0.0587837,0.0316914,0.9149585,0.0074538,0.8210846,0.0055753,0.0369995,0.0213294,0.0,0.9929042,0.1840278,0.125,0.0588235,11.480412603789821
2619.0,0.5093547,0.0019091,0.1512027,0.0700389,0.8495609,0.0194731,0.7457795,0.0099305,0.0685204,0.2033228,0.000993,0.9682224,0.5245253,0.130719,0.1904762,10.738589920723442
12361.0,0.4972899,0.0083327,0.0453038,0.039588,0.871855,0.0,0.7339549,0.0030356,0.0665655,0.0361546,0.0073721,0.956418,0.2261233,0.0510806,0.4382022,11.322986972837104
311.0,0.4758842,0.0,0.221865,0.196319,0.8263666,0.0,0.6214286,0.0,0.0071429,0.2592593,0.0,0.9857143,0.4550265,0.0816327,1.0,10.385944565501662
765.0,0.5098039,0.0,0.1372549,0.0933333,0.9006536,0.0352941,0.7974684,0.0,0.0042194,0.228013,0.0,0.3291139,0.5537459,0.057971,0.6666667,9.615805480084347
1325.0,0.4701887,0.0007547,0.1449057,0.0982906,0.8437736,0.0203774,0.7070707,0.0040404,0.0626263,0.0983607,0.0,0.9959596,0.3497268,0.0411765,0.25,11.360950749348124
3393.0,0.4927793,0.011789,0.0642499,0.061011,0.8750368,0.0,0.7423409,0.0031422,0.0542027,0.0694444,0.0149254,0.974077,0.2178363,0.1218487,0.36,11.696920620516192
3638.0,0.4923035,0.0074217,0.1179219,0.0617217,0.8969214,0.0,0.7865762,0.005279,0.0550528,0.0810811,0.0075415,0.9977376,0.2889813,0.0636704,0.4117647,11.604601777542019
5145.0,0.4956268,0.0124393,0.0878523,0.0674374,0.9346939,0.0079689,0.8349633,0.002445,0.0116137,0.0981257,0.0140587,0.7121027,0.3632856,0.1924883,0.5555556,10.285376924115587
3005.0,0.449584,0.0,0.296173,0.2370012,0.7663894,0.0625624,0.6235654,0.0015302,0.013772,0.0967519,0.0,0.9984698,0.3261921,0.0547619,0.5,9.680406499268875
738.0,0.4823848,0.0,0.1612466,0.1125654,0.8848238,0.0,0.738676,0.0034843,0.0313589,0.0559211,0.0,0.9965157,0.1809211,0.1411765,0.6666667,10.442929787247998
433.0,0.5242494,0.0,0.182448,0.1116505,0.886836,0.0,0.7471264,0.0114943,0.0172414,0.0645161,0.0,1.0,0.2634409,0.1081081,0.75,9.966509298952284
163.0,0.4846626,0.0,0.1656442,0.1309524,0.9079755,0.0,0.75,0.0,0.0178571,0.2,0.0,1.0,0.2714286,0.1666667,1.0,10.25769445336048
177.0,0.5875706,0.0,0.0903955,0.0410959,0.8813559,0.0,0.6666667,0.0,0.0,0.0597015,0.0,1.0,0.9701493,0.0,0.0,9.862717639992917
656.0,0.4344512,0.0,0.2332317,0.212938,0.8109756,0.0,0.6185567,0.0103093,0.024055,0.090625,0.0,1.0,0.36875,0.137931,0.8,9.615805480084347
1213.0,0.4583677,0.0214345,0.1640561,0.1628615,0.8870569,0.0,0.7223382,0.0,0.0083507,0.0752896,0.0313152,0.9958246,0.3281853,0.0888889,0.0,10.27163147557801
45.0,0.5333333,0.0,0.1111111,0.047619,0.8222222,0.0,0.6470588,0.0,0.1176471,0.1904762,0.0,1.0,0.5238095,0.0,0.0,9.615805480084347
7284.0,0.4708951,0.0004119,0.144838,0.1203944,0.8550247,0.0179846,0.6981132,0.0025399,0.027939,0.1228517,0.0,0.9063861,0.4150223,0.1348315,0.6973684,10.633472802314019
886.0,0.46614,0.0,0.2539503,0.1839323,0.8352144,0.0,0.6623711,0.007732,0.0231959,0.1261261,0.0,0.9974227,0.3040541,0.0208333,0.75,9.615805480084347
150.0,0.4933333,0.0,0.16,0.2631579,0.76,0.0,0.5606061,0.030303,0.0454545,0.258427,0.0,0.9848485,0.4044944,0.0454545,1.0,9.615805480084347
2604.0,0.4819508,0.0176651,0.1232719,0.102298,0.8959293,0.0,0.7665331,0.008016,0.0250501,0.0413064,0.0160321,0.99499,0.3439001,0.1034483,0.6363636,10.351405324899678
796.0,0.4736181,0.0062814,0.1231156,0.1002387,0.9120603,0.0,0.777027,0.0,0.0135135,0.0691824,0.0033784,1.0,0.2358491,0.1891892,0.5,10.537441898283253
841.0,0.4649227,0.0023781,0.2021403,0.1088889,0.9096314,0.0,0.7699387,0.0,0.0030675,0.021021,0.0,1.0,0.2252252,0.1016949,0.0,10.477316144080852
3154.0,0.4524413,0.0003171,0.2615726,0.2107701,0.7492074,0.1185796,0.6716028,0.0034843,0.0278746,0.0566968,0.0,0.9965157,0.2703369,0.0498615,0.55,10.404293143019792
132.0,0.4090909,0.0681818,0.2272727,0.2179487,0.8030303,0.0,0.5873016,0.0,0.0,0.125,0.015873,1.0,0.1944444,0.1428571,1.0,10.288783966353765
1504.0,0.443484,0.0,0.174867,0.1600956,0.799867,0.0,0.6139053,0.0059172,0.0488166,0.3260219,0.0,0.9940828,0.4646062,0.0464396,0.64,10.188704088048116
106.0,0.4433962,0.0,0.2169811,0.2033898,0.7830189,0.0,0.6470588,0.0196078,0.0588235,0.1052632,0.0,1.0,0.3157895,0.0,1.0,9.615805480084347
1471.0,0.453433,0.0047587,0.167913,0.1206468,0.8823929,0.0,0.7384106,0.0,0.0182119,0.0635659,0.0049669,0.9983444,0.2046512,0.0437158,0.2857143,10.298935994257638
1194.0,0.4639866,0.001675,0.2303183,0.1921875,0.781407,0.0335008,0.6130952,0.0039683,0.047619,0.2340426,0.0019841,1.0,0.3069909,0.0597015,0.7142857,10.586609649448985
3117.0,0.4879692,0.0070581,0.1010587,0.0789474,0.8768046,0.0,0.7209721,0.0090009,0.0531053,0.0211454,0.0045005,0.9909991,0.2167401,0.1210654,0.1428571,11.287291314687705
26314.0,0.4888272,0.0171392,0.0850878,0.0660917,0.9040815,0.0098807,0.7983918,0.006526,0.0448666,0.0544353,0.016082,0.8338189,0.3550413,0.1832011,0.1764706,11.516927446349527
1442.0,0.4715673,0.0,0.1601942,0.1811024,0.8106796,0.0464632,0.6792453,0.0037736,0.054717,0.0701754,0.0,0.9660377,0.2175439,0.0571429,0.4545455,10.344995251991222
2520.0,0.4821429,0.0003968,0.1789683,0.1164751,0.890873,0.0246032,0.7799564,0.0010893,0.0108932,0.0254777,0.0,1.0,0.2303609,0.0889831,0.6,10.70101727068921
1592.0,0.464196,0.0,0.2694724,0.2192263,0.758794,0.0634422,0.5987934,0.0015083,0.0226244,0.1241744,0.0,0.9984917,0.4147952,0.0408163,1.0,10.211009016314167
1289.0,0.4833204,0.0,0.0938712,0.0750751,0.9340574,0.0,0.8236607,0.0066964,0.0111607,0.0548523,0.0,0.9977679,0.2489451,0.1734694,0.625,10.298935994257638
7172.0,0.8077245,0.2322922,0.0004183,0.0007252,0.1583938,0.8403514,0.9724771,0.0,0.0,0.018018,0.2171254,0.9296636,0.3243243,0.1802575,0.0,11.574029971623514
3938.0,0.4560691,0.0058405,0.2127984,0.1741363,0.7508888,0.0708481,0.6204663,0.003886,0.0550518,0.0760024,0.0012953,0.9935233,0.3728306,0.0700447,0.4615385,10.211009016314167
329.0,0.5045593,0.0,0.0820669,0.0552147,0.893617,0.0,0.7863248,0.0,0.0598291,0.0714286,0.0,0.2478632,0.3412698,0.0,0.6666667,11.299744620670225
9765.0,0.4817204,0.1158218,0.1376344,0.1165778,0.8239631,0.0,0.6440933,0.0035114,0.0611989,0.0473118,0.1136193,0.9643842,0.3390681,0.0506257,0.1578947,11.33381076072374
7875.0,0.488,0.0090159,0.0897778,0.0863095,0.8860952,0.0286984,0.7885563,0.0018947,0.0352406,0.0479798,0.0030315,0.983327,0.2362915,0.0695444,0.5555556,11.985432208809083
69.0,0.5652174,0.0,0.0289855,0.0,0.5217391,0.0,0.4242424,0.0,0.3636364,0.0571429,0.0,1.0,0.6285714,0.0,0.0,11.002116507732017
7241.0,0.4714818,0.0030383,0.1773236,0.1371832,0.7214473,0.1249827,0.6423792,0.0052045,0.0438662,0.0406562,0.0026022,0.9944238,0.2810271,0.040858,0.76,10.661977618146238
90.0,0.5222222,0.0,0.1222222,0.0930233,0.8444444,0.0,0.6486486,0.0,0.027027,0.0263158,0.0,1.0,0.2631579,0.0,0.0,9.814710982145282
366.0,0.4781421,0.0,0.1857923,0.1675393,0.863388,0.0136612,0.7034483,0.0,0.0137931,0.2487047,0.0,1.0,0.2797927,0.16,0.8888889,9.615805480084347
4087.0,0.4587717,0.0,0.1502324,0.1378843,0.8084169,0.0,0.610984,0.0062929,0.0474828,0.0881586,0.0,0.9959954,0.3875848,0.0652921,0.6428571,10.21833478806055
4715.0,0.4460233,0.7342524,0.1811241,0.1722818,0.8863203,0.0,0.6975758,0.0042424,0.0139394,0.0838423,0.6818182,0.9933333,0.2781788,0.1982759,0.7272727,9.615805480084347
2913.0,0.4895297,0.0003433,0.1774803,0.1250841,0.8101613,0.0157913,0.6497129,0.0098441,0.0459393,0.135461,0.0,0.9671862,0.429078,0.0702179,0.5833333,10.073272520325904
16656.0,0.4603146,0.0169909,0.1981268,0.1437312,0.8117795,0.0145293,0.638516,0.0049083,0.0459073,0.0880727,0.0153024,0.9943699,0.2626382,0.07584,0.6885246,10.502351525774941
1599.0,0.4646654,0.0006254,0.2514071,0.1752336,0.804878,0.0212633,0.6298422,0.0014347,0.0229555,0.1254705,0.0,0.974175,0.2797992,0.0990566,0.5789474,10.199918739620157
140.0,0.4357143,0.0,0.1214286,0.1012658,0.9285714,0.0,0.82,0.0,0.02,0.0909091,0.0,0.92,0.1454545,0.0,0.5,9.615805480084347
205.0,0.502439,0.0,0.195122,0.1568627,0.8585366,0.0,0.6777778,0.0,0.0,0.1964286,0.0,0.9888889,0.3125,0.1290323,0.75,9.615805480084347
733.0,0.4884038,0.4720327,0.1255116,0.176,0.8581173,0.0177353,0.7102473,0.0035336,0.024735,0.121118,0.4275618,1.0,0.2484472,0.1460674,0.5,10.428245666832275
2209.0,0.4721593,0.0049796,0.4658216,0.1080617,0.9053871,0.0,0.8227147,0.0018467,0.0129271,0.3084291,0.0036934,1.0,0.3058748,0.068323,0.3896104,11.252871529635922
790.0,0.5050633,0.0,0.1443038,0.1381074,0.8367089,0.0,0.6574924,0.0122324,0.0397554,0.1233244,0.0,0.9877676,0.3994638,0.1011236,0.6,10.211009016314167
3641.0,0.4822851,0.0013732,0.1518814,0.0981432,0.8843724,0.0238945,0.7936984,0.0067517,0.0345086,0.027717,0.0007502,0.9954989,0.221736,0.0909091,0.2222222,10.829748417047593
565.0,0.479646,0.1362832,0.1061947,0.0952381,0.9061947,0.0,0.7668394,0.0051813,0.0310881,0.0809524,0.1139896,1.0,0.4,0.2115385,0.5,10.571342565808699
92040.0,0.4717188,0.0388635,0.1599739,0.1008988,0.7365059,0.0121469,0.5679302,0.0048402,0.0987205,0.0565389,0.0373077,0.946758,0.4691534,0.0366504,0.2067039,11.636036503798104
298.0,0.5234899,0.0067114,0.1308725,0.1126761,0.8557047,0.0234899,0.7155963,0.0,0.0458716,0.1065574,0.0,0.9541284,0.2868852,0.1,0.0,9.615805480084347
5742.0,0.4904215,0.0020899,0.1565657,0.1155161,0.8591083,0.0148032,0.7023971,0.003166,0.0235188,0.1205251,0.0022614,0.9145183,0.3337311,0.0927357,0.6666667,10.614007941153417
427.0,0.4730679,0.0,0.175644,0.1555556,0.8571429,0.0,0.6705882,0.0,0.0294118,0.1666667,0.0,1.0,0.3039216,0.1025641,0.1666667,9.6678285081515
402.0,0.4776119,0.0248756,0.1268657,0.1142857,0.9154229,0.0,0.7933333,0.0066667,0.0066667,0.068323,0.02,1.0,0.1552795,0.0625,0.25,9.615805480084347
1367.0,0.4886613,0.1031456,0.0848574,0.0658083,0.8588149,0.0080468,0.7157464,0.00818,0.0756646,0.0523256,0.1083845,0.9263804,0.3934109,0.0434783,0.6666667,11.229248693912288
813.0,0.4526445,0.00492,0.2706027,0.1932584,0.801968,0.0,0.5896739,0.0081522,0.0217391,0.0958231,0.0027174,1.0,0.3022113,0.0918367,1.0,9.615805480084347
5881.0,0.5039959,0.0227852,0.0709063,0.0407953,0.9066485,0.0459106,0.8812709,0.0005574,0.0278707,0.0121145,0.0156076,0.9916388,0.032489,0.0971429,0.0,11.942113610091182
308.0,0.4772727,0.0,0.1103896,0.1118012,0.8961039,0.0,0.7844828,0.0086207,0.0344828,0.0413223,0.0,0.9913793,0.231405,0.0,0.0,10.30229722897745
8338.0,0.5005997,0.0005997,0.121492,0.1013449,0.9014152,0.0073159,0.7589286,0.005823,0.0310559,0.0380881,0.0007764,0.4945652,0.5123226,0.2647838,0.6666667,10.703266939811954
13268.0,0.4799518,0.0188423,0.1613657,0.1304348,0.8290624,0.0221586,0.6804083,0.0021594,0.0557519,0.0464246,0.0196309,0.6417354,0.4335455,0.0802369,0.3684211,11.344518647594766
108.0,0.5277778,0.0185185,0.2037037,0.0588235,0.9259259,0.0,0.8108108,0.0,0.027027,0.2291667,0.0,0.8918919,0.4583333,0.1428571,1.0,10.268165387743457
853.0,0.4618992,0.0046893,0.2016413,0.1546841,0.8616647,0.0,0.7020649,0.0117994,0.0353982,0.0396601,0.0029499,1.0,0.1076487,0.1304348,0.4,10.524090921620362
33.0,0.5757576,0.0,0.030303,0.0714286,0.8181818,0.0,0.5384615,0.0,0.0,0.1875,0.0,0.9230769,0.5,0.0,0.0,11.082157933374816
7478.0,0.4906392,0.0034769,0.168628,0.1236545,0.7901845,0.0009361,0.6054904,0.0058606,0.0715608,0.1470666,0.0024676,0.9830352,0.4782952,0.0489174,0.5555556,11.080618310893968
391.0,0.42711,0.4450128,0.1918159,0.1830357,0.8644501,0.0,0.6778523,0.0067114,0.0268456,0.0914634,0.3691275,0.9395973,0.1829268,0.3333333,0.75,10.21833478806055
792.0,0.4924242,0.0,0.1414141,0.119403,0.9141414,0.0,0.7840532,0.0,0.0099668,0.1068249,0.0,0.9966777,0.2195846,0.0952381,0.5,10.428245666832275
384.0,0.5703125,0.0026042,0.0703125,0.0484848,0.9192708,0.0,0.7627119,0.0084746,0.0169492,0.1259259,0.0,1.0,0.4296296,0.1521739,0.0,10.825780236605917
4756.0,0.4539529,0.0817914,0.205635,0.1771275,0.8439865,0.0222876,0.7035897,0.0041026,0.0241026,0.0620491,0.0764103,0.9974359,0.3265993,0.0966102,0.5,10.488520429241627
438.0,0.4977169,0.0,0.1141553,0.0909091,0.9223744,0.0,0.8066667,0.0066667,0.02,0.0963855,0.0,1.0,0.0963855,0.2222222,0.2,10.214678610538817
22282.0,0.4898124,0.0926308,0.0669599,0.0531316,0.9153577,0.0055202,0.8070664,0.0066769,0.03561,0.0313932,0.0955627,0.8599249,0.3744274,0.1932658,0.3181818,11.180259973491848
2386.0,0.4312657,0.078793,0.2489522,0.2380251,0.7766136,0.0607712,0.6304129,0.001007,0.0171198,0.0805556,0.0735146,0.9959718,0.3564815,0.0616967,0.6428571,10.335302435967074
3809.0,0.4520872,0.0068259,0.2223681,0.2026833,0.8044106,0.0527698,0.6759021,0.0045103,0.0199742,0.0756403,0.005799,0.998067,0.3746278,0.0517241,0.5,10.211009016314167
740.0,0.4810811,0.0,0.1054054,0.1041667,0.927027,0.0,0.8277154,0.0037453,0.0187266,0.0729167,0.0,1.0,0.2465278,0.14,0.5,10.169728906753061
1905.0,0.4698163,0.0015748,0.1984252,0.1534653,0.8052493,0.032021,0.6466837,0.005102,0.0357143,0.1009174,0.0,0.9859694,0.3922018,0.0791367,0.4285714,10.404293143019792
354.0,0.4858757,0.0,0.0988701,0.0769231,0.7853107,0.0734463,0.6589147,0.0155039,0.0310078,0.1103448,0.0,1.0,0.3931034,0.1666667,1.0,9.918425424900335
446.0,0.5,0.0022422,0.0964126,0.0403587,0.9080717,0.0,0.7826087,0.0062112,0.0310559,0.2184466,0.0062112,1.0,0.4563107,0.03125,0.5,10.53212287826962
7791.0,0.5039148,0.0034655,0.0626364,0.0429495,0.9268387,0.0001284,0.7973586,0.0033017,0.0247627,0.0655611,0.0049525,0.9706975,0.3254917,0.1058452,0.2758621,10.774801838762809
1009.0,0.468781,0.0039643,0.2200198,0.1436567,0.8325074,0.0,0.6484561,0.0071259,0.0427553,0.1118143,0.0023753,0.9738717,0.3101266,0.0824742,0.3,9.989711119284745
33694.0,0.4664629,0.0681427,0.1392533,0.1149803,0.8246572,0.0197365,0.6651467,0.004788,0.0493996,0.0618851,0.0622435,0.9732482,0.3333809,0.0918811,0.46875,10.305647203635566
3339.0,0.4645103,0.0,0.1847859,0.1487696,0.8760108,0.0,0.7114094,0.0029828,0.0134228,0.0993956,0.0,0.9970172,0.2464741,0.0887574,0.8214286,10.288783966353765
322.0,0.4565217,0.0900621,0.2453416,0.1257143,0.8819876,0.0,0.7007874,0.0,0.0,0.147651,0.0866142,1.0,0.2550336,0.1764706,0.0,10.118639253920785
2166.0,0.5018467,0.0018467,0.1255771,0.1149212,0.8744229,0.0193906,0.7273869,0.0025126,0.0113065,0.157672,0.0,0.9535176,0.2984127,0.124183,0.6956522,9.923339198238729
83.0,0.4698795,0.0,0.2048193,0.1136364,0.9156627,0.0,0.7878788,0.0,0.0,0.175,0.0,0.969697,0.15,0.6666667,0.0,9.615805480084347
3052.0,0.474443,0.9678899,0.0904325,0.1009975,0.9387287,0.0,0.8261339,0.0032397,0.0237581,0.1402043,0.9632829,0.9946004,0.2989786,0.2560386,0.7142857,10.214678610538817
3120.0,0.4592949,0.1294872,0.1692308,0.1422644,0.8746795,0.0,0.7123506,0.0023904,0.0175299,0.0819312,0.114741,0.9936255,0.3591807,0.0961098,0.7777778,10.39821428171237
11199.0,0.4687919,0.0575944,0.1518886,0.1349807,0.784445,0.0591124,0.6507901,0.0029345,0.0340858,0.0442287,0.0521445,0.9970655,0.3393743,0.0609695,0.44,10.661977618146238
115.0,0.4869565,0.0,0.1478261,0.1525424,0.8869565,0.0,0.744186,0.0,0.0232558,0.0,0.0,1.0,0.1162791,0.0,0.0,9.923339198238729
343.0,0.5043732,0.0,0.0612245,0.0352941,0.9183673,0.0,0.7411765,0.0117647,0.0470588,0.1414141,0.0,0.9882353,0.7676768,0.0555556,0.0,9.615805480084347
200.0,0.51,0.0,0.26,0.1326531,0.855,0.0,0.695122,0.0,0.0365854,0.1182796,0.0,1.0,0.1827957,0.1111111,0.6666667,9.615805480084347
769.0,0.4720416,0.5318596,0.2392718,0.2216749,0.7906372,0.1287386,0.7619048,0.0,0.0079365,0.0836364,0.5079365,1.0,0.2618182,0.1186441,0.8,10.038935856711177
715.0,0.3412587,0.0,0.3608392,0.0785563,0.6181818,0.2713287,0.6666667,0.0,0.0238095,0.0410959,0.0,1.0,0.283105,0.0322581,0.0,10.776891660007811
322.0,0.484472,0.0,0.0931677,0.0903614,0.8944099,0.0,0.7433628,0.0,0.0442478,0.0173913,0.0,0.9911504,0.4,0.1290323,0.0,10.505094936455558
319.0,0.5015674,0.0,0.1347962,0.163522,0.8526646,0.0,0.6052632,0.0,0.0175439,0.129771,0.0,1.0,0.6641221,0.2571429,0.0,9.61587214452889
994.0,0.4336016,0.0,0.2142857,0.2007105,0.8289738,0.0,0.6390805,0.0068966,0.0183908,0.1049383,0.0,0.9977011,0.3621399,0.0769231,1.0,9.803722464346553
1375.0,0.4683636,0.0043636,0.3221818,0.1928865,0.7854545,0.0,0.6096823,0.0015129,0.0499244,0.7336825,0.0015129,0.9954614,0.2703465,0.0880503,0.7948718,12.056417678159836
441.0,0.5079365,0.0,0.1156463,0.1013825,0.8412698,0.0,0.6759777,0.0055866,0.0391061,0.0578947,0.0,0.9944134,0.4263158,0.0192308,0.6666667,10.407318772389159
10588.0,0.4694938,0.1794484,0.1487533,0.1182126,0.79779,0.0007556,0.6313734,0.0036884,0.0778911,0.0964517,0.1492732,0.9963116,0.3673789,0.0665333,0.5675676,10.689692377847104
61284.0,0.4960022,0.0220286,0.120374,0.0809726,0.8792181,0.0122055,0.748179,0.0059778,0.0548551,0.0585036,0.0227558,0.6741347,0.4408343,0.2130345,0.2180851,11.643962499267984
1604.0,0.4613466,0.0024938,0.2687032,0.1747685,0.8310474,0.0,0.6435644,0.0028289,0.0212164,0.0912596,0.0028289,0.9985856,0.4215938,0.0928571,0.8333333,9.966509298952284
1315.0,0.5026616,0.0068441,0.0365019,0.0336391,0.9802281,0.0,0.9385027,0.0,0.0080214,0.0310881,0.0106952,0.9919786,0.0284974,0.2727273,0.4285714,11.455306945297822
3120.0,0.4865385,0.0035256,0.1980769,0.1317104,0.8044872,0.0282051,0.6610442,0.0048193,0.0626506,0.0757238,0.0032129,0.8963855,0.4944321,0.1096774,0.3846154,10.354595018522993
917.0,0.4601963,0.6499455,0.1472192,0.1272727,0.8898582,0.0,0.7160494,0.0061728,0.0246914,0.1049724,0.5895062,0.9969136,0.359116,0.1538462,0.5,9.615805480084347
8157.0,0.4562952,0.0015937,0.3759961,0.2031567,0.783744,0.0004904,0.6349365,0.0064789,0.0590581,0.2343064,0.0007476,0.9852978,0.3174967,0.0476788,0.6232877,10.943781931879723
19899.0,0.4726368,0.0750791,0.1217649,0.1121593,0.8453691,0.0322127,0.7217708,0.0056038,0.0474923,0.025529,0.07355,0.9824881,0.3253242,0.0705426,0.1842105,10.573903321093981
3483.0,0.4559288,0.3014643,0.1940856,0.1688654,0.8331898,0.0292851,0.6802284,0.0007138,0.0185582,0.0926166,0.2412562,0.9921485,0.4818653,0.101473,0.7037037,9.6678285081515
3802.0,0.4981589,0.0023672,0.0299842,0.0324948,0.9829037,0.0,0.9258312,0.0012788,0.0051151,0.0980392,0.0051151,0.0639386,0.6805075,0.4333333,0.0,9.615805480084347
7904.0,0.4934211,0.1485324,0.0493421,0.0412088,0.9496457,0.0012652,0.8827869,0.0012295,0.032377,0.0212595,0.1471311,0.9795082,0.0742078,0.240458,0.5,12.032320268218989
1885.0,0.4758621,0.0037135,0.5236074,0.0860324,0.9209549,0.0,0.8502155,0.0010776,0.0107759,0.4260977,0.0032328,0.9956897,0.2646877,0.0,0.0,11.624475784206961
17406.0,0.4931633,0.0934161,0.0571642,0.0579234,0.9143399,0.0067218,0.8128623,0.0076087,0.042029,0.1159513,0.0876812,0.8947464,0.3653107,0.1750768,0.5927835,10.606609816118151
4694.0,0.4556881,0.0006391,0.2283767,0.1863014,0.8672774,0.0,0.6986807,0.0026385,0.0221636,0.052026,0.0005277,0.9941953,0.1805903,0.0659794,0.875,10.513280297700861
2857.0,0.479874,0.1218061,0.0570529,0.0625841,0.9509975,0.0,0.8710033,0.0022051,0.0231533,0.0502618,0.1157663,0.9625138,0.1141361,0.1639344,0.2222222,10.983613347424248
3164.0,0.4794564,0.0018963,0.142225,0.1244687,0.8631479,0.0,0.7015044,0.0039588,0.0387965,0.0699558,0.0007918,0.9920823,0.4020619,0.0811518,0.6153846,10.43708198835482
18405.0,0.4983428,0.1778864,0.1438739,0.1304018,0.7366477,0.0721,0.5862495,0.0027446,0.0568135,0.0569432,0.142171,0.9861397,0.4228032,0.057608,0.5714286,10.645448706505872
2134.0,0.4686036,0.0955951,0.2366448,0.1578483,0.7661668,0.0004686,0.5768057,0.0040692,0.0701933,0.4347326,0.0946083,0.9867752,0.2259919,0.0424028,0.6285714,12.045909761904733
33.0,0.4545455,0.0,0.1818182,0.1666667,0.8181818,0.0,0.5714286,0.0,0.0,0.2631579,0.0,1.0,0.2631579,0.0,0.0,9.615805480084347
1507.0,0.4744526,0.0033179,0.0889184,0.094697,0.8905109,0.0,0.7531083,0.0053286,0.0337478,0.1584454,0.0071048,0.9786856,0.3856502,0.1439394,0.4,10.555838779903407
1918.0,0.4749739,0.0323253,0.1861314,0.1539225,0.8910323,0.0046924,0.7579092,0.0041265,0.0165062,0.0631443,0.0343879,0.9958735,0.2847938,0.0995671,0.5714286,10.090008612393838
56746.0,0.4799105,0.1368026,0.1184048,0.0916884,0.8627392,0.013534,0.7162396,0.0033142,0.036036,0.049725,0.1173972,0.9885637,0.297862,0.087115,0.4233577,10.685126264117057
130.0,0.4615385,0.0,0.2230769,0.1714286,0.8307692,0.0,0.7037037,0.0185185,0.0740741,0.0689655,0.0,0.9444444,0.0172414,0.0,0.0,11.350418300109132
656.0,0.4634146,0.0045732,0.2652439,0.1619318,0.820122,0.0,0.6448276,0.0,0.0310345,0.2857143,0.0034483,0.9931034,0.3399015,0.0549451,0.75,10.623787731088578
2291.0,0.48756,0.001746,0.1143605,0.0902896,0.881711,0.021388,0.7702703,0.0061425,0.0307125,0.0600462,0.0012285,0.9938575,0.3083141,0.1314741,0.6923077,10.703266939811954
927.0,0.5091694,0.0,0.1078749,0.1098901,0.8489752,0.0,0.6894737,0.0026316,0.05,0.0686275,0.0,1.0,0.3823529,0.024,0.6,10.410335274932896
6395.0,0.4967944,0.0057858,0.0620797,0.0285892,0.9566849,0.0,0.8962219,0.0028694,0.0243902,0.0512704,0.0066954,0.9713056,0.0158802,0.2054795,0.0322581,12.092909546513004
431.0,0.4965197,0.0,0.1461717,0.1290323,0.8677494,0.0,0.7251462,0.0116959,0.0409357,0.1576355,0.0,0.994152,0.1871921,0.0857143,0.8571429,9.615805480084347
310.0,0.4741935,0.0,0.2870968,0.1349693,0.8580645,0.0,0.7131783,0.0077519,0.0310078,0.0583942,0.0,1.0,0.2919708,0.1212121,1.0,9.648659816955295
2855.0,0.4903678,0.0021016,0.1908932,0.1298969,0.7625219,0.0168126,0.583398,0.0031032,0.0581846,0.0786276,0.0015516,0.9705198,0.3917084,0.0464684,0.375,11.597275804538212
11166.0,0.4866559,0.034211,0.0922443,0.0826936,0.8855454,0.0223894,0.7847062,0.0023095,0.0408006,0.047654,0.0310495,0.9689505,0.2309384,0.0377095,0.5138889,12.008846566115903
2288.0,0.4545455,0.0166084,0.7438811,0.1883013,0.8356643,0.0,0.7250996,0.0023904,0.0207171,0.191366,0.0087649,0.9928287,0.5483247,0.0217391,0.5,10.902297921958713
693.0,0.4790765,0.002886,0.3275613,0.1800554,0.8152958,0.0,0.6604938,0.0123457,0.0185185,0.082153,0.0061728,1.0,0.2492918,0.0634921,0.8,9.615805480084347
272.0,0.4595588,0.0,0.1102941,0.0884354,0.9338235,0.0,0.8152174,0.0,0.0108696,0.1929825,0.0,0.4456522,0.3245614,0.1818182,1.0,10.134638955251866
3891.0,0.6394243,0.4209715,0.1099974,0.1532431,0.4844513,0.4551529,0.72125,0.00125,0.015,0.1786448,0.18,0.995,0.4086242,0.1162791,0.6363636,10.165890277802454
1248.0,0.4391026,0.0,0.2788462,0.2057143,0.8036859,0.0400641,0.6549708,0.005848,0.0292398,0.0621572,0.0,0.9980507,0.202925,0.0310078,0.8333333,10.229223792606835
1347.0,0.4870082,0.0044543,0.1039347,0.0593343,0.9517446,0.0066815,0.8780488,0.0,0.0146341,0.0191388,0.0,0.9926829,0.0095694,0.1818182,0.3333333,13.122367377396328
48761.0,0.475585,0.1648449,0.1204036,0.1049235,0.8582064,0.0182523,0.7146441,0.0026131,0.0243546,0.0729651,0.141685,0.9937807,0.2969961,0.0734672,0.3984674,10.778977123006351
8377.0,0.5673869,0.1568581,0.0027456,0.0046909,0.8187895,0.1567387,0.9207349,0.0015748,0.0209974,0.0774818,0.1559055,0.928084,0.3433414,0.2464168,0.0,10.295563423525277
592.0,0.472973,0.0,0.1199324,0.0897436,0.8986486,0.0,0.7419355,0.0,0.0184332,0.0765957,0.0,1.0,0.2765957,0.1304348,0.8,9.961803629358965
5116.0,0.4632525,0.0009773,0.1567631,0.1234523,0.8633698,0.0,0.6987593,0.0044665,0.0347395,0.0499764,0.0009926,0.9950372,0.2541254,0.0457413,0.1764706,10.86477077032911
3208.0,0.5031172,0.0012469,0.1144015,0.097867,0.8650249,0.0,0.6952614,0.002451,0.0392157,0.1926121,0.002451,0.9738562,0.3693931,0.0631313,0.6041667,11.605513761992055
1736.0,0.4608295,0.265553,0.1791475,0.1442308,0.8571429,0.031682,0.7353846,0.0061538,0.0215385,0.0412979,0.2553846,0.9984615,0.3230088,0.091954,0.8,10.318935994253193
325.0,0.44,0.0092308,0.2215385,0.2087912,0.7384615,0.0923077,0.6315789,0.0,0.0300752,0.0291971,0.0075188,0.9924812,0.189781,0.0322581,0.0,11.470028402317833
5228.0,0.4588753,0.3557766,0.1384851,0.1117002,0.8693573,0.0040168,0.7033368,0.0026069,0.0375391,0.1028999,0.3404588,0.9452555,0.3316183,0.1283644,0.5,10.650199196425806
1262.0,0.4714739,0.0,0.2250396,0.1994003,0.8137876,0.1125198,0.8024096,0.0024096,0.0216867,0.0235294,0.0,1.0,0.1082353,0.0289855,1.0,10.49684202174171
361.0,0.4570637,0.0,0.2299169,0.1326531,0.8725762,0.0,0.7260274,0.0068493,0.0205479,0.0987654,0.0,0.9657534,0.1234568,0.1395349,0.7,9.781376414141157
1301.0,0.5088394,0.0,0.0883935,0.0735524,0.9438893,0.0,0.8477752,0.0023419,0.0140515,0.0426009,0.0,0.9976581,0.3139013,0.1694915,0.6666667,10.555838779903407
222.0,0.4864865,0.0,0.1441441,0.1315789,0.8738739,0.0,0.7356322,0.0114943,0.0574713,0.1122449,0.0,0.9885057,0.4183673,0.1666667,0.0,9.615805480084347
7106.0,0.4712919,0.0035182,0.1616943,0.0771892,0.8328173,0.0,0.6930502,0.0061133,0.0637066,0.0669469,0.002574,0.981982,0.3938757,0.0410628,0.0869565,11.381688580803818
853.0,0.4642438,0.0011723,0.3927315,0.2954048,0.6916764,0.0867526,0.5368957,0.0,0.0178117,0.0665083,0.0,1.0,0.3467933,0.0111111,0.625,9.857495968685136
14120.0,0.5327904,0.2398017,0.0415722,0.047749,0.8584278,0.0310907,0.7540761,0.0078804,0.0986413,0.1834923,0.2774457,0.4111413,0.7282006,0.2905526,0.1666667,10.351405324899678
15462.0,0.486677,0.0097012,0.1186134,0.0943681,0.841159,0.0033631,0.6886161,0.0055804,0.0591518,0.0245723,0.0089286,0.9846939,0.3209953,0.043617,0.3269231,10.70101727068921
384.0,0.4375,0.0,0.2864583,0.212963,0.7265625,0.0989583,0.5921053,0.0131579,0.0328947,0.1314286,0.0,1.0,0.4571429,0.0434783,1.0,10.12667110305036
2188.0,0.4926874,0.0050274,0.0585009,0.0459459,0.9602377,0.0,0.8858025,0.0,0.0154321,0.0567686,0.0046296,0.9953704,0.0669578,0.1041667,0.3333333,11.852969885168331
1365.0,0.4791209,0.0,0.170696,0.1040788,0.8835165,0.0,0.7435897,0.0018315,0.029304,0.0319149,0.0,1.0,0.2021277,0.0620155,0.25,10.876177521259402
9488.0,0.4681703,0.0180228,0.2051012,0.1545779,0.8095489,0.0370995,0.659857,0.0051073,0.0247702,0.1152282,0.0158325,0.971144,0.2776774,0.077551,0.671875,9.809231816610408
2895.0,0.5119171,0.0093264,0.0835924,0.0523708,0.8279793,0.0,0.6900638,0.0027347,0.0975387,0.1375786,0.0091158,0.9917958,0.3592767,0.0406977,0.5,11.532737896139919
1171.0,0.469684,0.0,0.2391119,0.2141707,0.7395389,0.0546541,0.5745098,0.0019608,0.0352941,0.25,0.0,0.9960784,0.4867647,0.0505618,1.0,10.609081944147828
379.0,0.469657,0.0,0.1978892,0.1741294,0.878628,0.0,0.721519,0.0,0.0063291,0.2292683,0.0,1.0,0.2195122,0.0689655,1.0,9.615805480084347
279.0,0.4408602,0.0071685,0.2580645,0.1282051,0.8243728,0.0,0.6525424,0.0084746,0.059322,0.0852713,0.0084746,1.0,0.2635659,0.0857143,0.0,11.791322060504474
23928.0,0.5008358,0.0160064,0.0763959,0.0534997,0.8912153,0.0203109,0.7953381,0.0042264,0.0500768,0.0427853,0.0149846,0.8283811,0.2656614,0.1869663,0.216,12.335349374897772
684.0,0.4532164,0.004386,0.1754386,0.1524064,0.8216374,0.0,0.662116,0.0136519,0.0477816,0.2818627,0.003413,0.996587,0.3161765,0.0434783,1.0,10.410335274932896
3271.0,0.3803118,0.1100581,0.1852644,0.124815,0.4918985,0.113421,0.4096821,0.0021676,0.1748555,0.0761015,0.0968208,0.9884393,0.35247,0.0578313,0.5714286,11.39302644219128
257.0,0.4747082,0.0,0.2140078,0.1333333,0.8677043,0.0,0.69,0.01,0.02,0.0990991,0.0,1.0,0.2882883,0.0454545,1.0,10.12667110305036
695.0,0.4719424,0.0014388,0.2158273,0.133515,0.876259,0.0086331,0.7262774,0.0,0.0182482,0.041958,0.0036496,0.9927007,0.2412587,0.1136364,0.4,10.16203685698089
23339.0,0.4802691,0.0141394,0.1359099,0.0907667,0.863576,0.0116115,0.7260949,0.0019491,0.0480394,0.0486475,0.0106627,0.9665214,0.3148997,0.0603892,0.328125,11.815257205114566
12069.0,0.49681,0.0278399,0.1064711,0.0844723,0.9221974,0.0120143,0.8023841,0.0007947,0.010596,0.1482401,0.0323179,0.375894,0.3950812,0.1817227,0.8333333,9.717218213494077
5872.0,0.4507834,0.0027248,0.2571526,0.1947287,0.8140327,0.0407016,0.6712662,0.0008117,0.0150162,0.1408647,0.0012175,0.987013,0.3389121,0.0981183,0.7875,9.680406499268875
1696.0,0.4988208,0.0023585,0.0454009,0.0423529,0.9663915,0.0,0.9002037,0.0,0.0162933,0.0447471,0.0020367,0.9714868,0.0544747,0.0277778,0.3333333,11.82847315946983
195.0,0.5179487,0.0,0.1076923,0.0744681,0.8820513,0.0,0.7228916,0.0,0.0,0.2782609,0.0,1.0,0.1304348,0.0666667,0.0,10.727684925086583
5423.0,0.4440347,0.0265536,0.0344828,0.0212272,0.2227549,0.5760649,0.4473976,0.0033223,0.3421927,0.0300752,0.0243632,0.986711,0.3727175,0.0787746,0.7142857,11.342149006315793
202.0,0.4851485,0.0,0.2079208,0.1057692,0.9059406,0.0,0.7790698,0.0,0.0,0.1041667,0.0,1.0,0.3541667,0.1363636,1.0,9.615805480084347
5893.0,0.4977091,0.0298659,0.1072459,0.0739865,0.9344986,0.0,0.8353175,0.000496,0.0233135,0.0175439,0.0262897,0.9930556,0.079922,0.0732601,0.3636364,11.958258512632908
5180.0,0.4694981,0.0055985,0.1637066,0.11754,0.8584942,0.0156371,0.7197088,0.0036401,0.0452418,0.079023,0.0036401,0.9973999,0.1920498,0.0502008,0.7380952,12.054092109237121
514.0,0.4435798,0.1011673,0.1692607,0.1503497,0.8579767,0.0,0.6844444,0.0,0.0088889,0.1,0.1066667,0.9911111,0.34,0.0428571,0.0,10.114599007626499
26481.0,0.4631623,0.1003739,0.1175182,0.0913056,0.6952154,0.1310373,0.6420473,0.0033909,0.0972767,0.0692376,0.0853025,0.9956554,0.4024065,0.0478661,0.3592233,10.747229096720554
276.0,0.4927536,0.0,0.1666667,0.0785714,0.8985507,0.0,0.7446809,0.0,0.0319149,0.1754386,0.0,0.8191489,0.377193,0.4,0.0,9.615805480084347
4291.0,0.4940573,0.0020974,0.1484502,0.0658683,0.8736891,0.0,0.742292,0.0058173,0.0453752,0.1887683,0.0023269,0.973822,0.4379424,0.1103896,0.1363636,11.49171204297103
591.0,0.4686971,0.465313,0.1370558,0.111465,0.9018613,0.0,0.7696078,0.004902,0.0490196,0.153527,0.3872549,1.0,0.1618257,0.0851064,1.0,10.61890979160975
108.0,0.4444444,0.0,0.212963,0.1166667,0.9074074,0.0,0.7777778,0.0,0.0,0.296875,0.0,0.9777778,0.296875,0.1428571,0.8,9.615805480084347
1728.0,0.4612269,0.0011574,0.1799769,0.1482277,0.8310185,0.009838,0.6540027,0.0027137,0.0257802,0.0551282,0.0,1.0,0.3974359,0.0488889,0.4,10.150386692204734
121.0,0.5289256,0.0,0.3140496,0.1754386,0.8264463,0.0,0.6428571,0.0,0.0178571,0.3563218,0.0,0.9821429,0.3218391,0.25,1.0,9.615805480084347
88.0,0.4545455,0.0,0.1477273,0.0625,0.8295455,0.0,0.6470588,0.0294118,0.0588235,0.0810811,0.0,1.0,0.1351351,0.0,0.0,9.615805480084347
7499.0,0.5003334,0.0461395,0.0570743,0.0507072,0.9169223,0.0032004,0.8186047,0.0065891,0.0360465,0.0818505,0.0457364,0.9918605,0.2391459,0.1104034,0.1946903,10.902297921958713
6288.0,0.4747137,0.0089059,0.0702926,0.0502573,0.5857188,0.1385178,0.5460009,0.0046232,0.2306981,0.0479754,0.0060102,0.9644013,0.4841549,0.0435154,0.4375,10.70101727068921
1175.0,0.4553191,0.0,0.3310638,0.2140625,0.7795745,0.0187234,0.6097561,0.0017422,0.0191638,0.142003,0.0,0.9982578,0.4304933,0.0408163,0.5416667,10.526775414924009
237.0,0.4683544,0.0042194,0.2320675,0.1349206,0.8734177,0.0,0.7083333,0.0,0.0208333,0.0769231,0.0104167,1.0,0.4134615,0.1785714,0.0,9.615805480084347
2059.0,0.4827586,0.0,0.2102963,0.1323944,0.8610976,0.0,0.6927503,0.0023015,0.0161105,0.0554348,0.0,0.9965478,0.3195652,0.0514286,0.4444444,10.502351525774941
423.0,0.4728132,0.0118203,0.1205674,0.0717489,0.891253,0.0,0.7757576,0.0,0.0545455,0.0782123,0.0121212,1.0,0.1620112,0.1111111,0.3333333,10.896757843893464
291.0,0.443299,0.0343643,0.1718213,0.154321,0.8487973,0.0,0.6902655,0.0088496,0.0353982,0.2565789,0.0176991,0.9911504,0.1644737,0.1428571,0.2,10.638280388314705
3101.0,0.503386,0.0012899,0.054821,0.0409091,0.8835859,0.0,0.7597043,0.0027726,0.0794824,0.0356506,0.0018484,0.9953789,0.2245989,0.0450161,0.3636364,11.147656555612986
1562.0,0.5038412,0.0019206,0.1722151,0.1058065,0.8943662,0.0,0.7822222,0.002963,0.0207407,0.1738066,0.0014815,1.0,0.2631579,0.0886076,0.8965517,9.888424674859083
5405.0,0.4845513,0.026087,0.1174838,0.1087581,0.8558742,0.0031452,0.7010763,0.0039139,0.0562622,0.0367578,0.0190802,0.9168297,0.2615457,0.1041667,0.5625,11.824087219587643
43264.0,0.4745747,0.0767151,0.1431675,0.1428823,0.7922984,0.0253791,0.6080605,0.0045615,0.0516773,0.0940524,0.0694035,0.9948034,0.4942198,0.0822287,0.4579439,10.32551474894327
28259.0,0.4641353,0.421494,0.1041792,0.103216,0.8873633,0.0102622,0.7509869,0.0038465,0.0347201,0.0595907,0.3585383,0.9948375,0.3585911,0.1341317,0.2283465,10.568775236216993
148.0,0.4932432,0.0,0.1351351,0.0933333,0.8581081,0.0,0.75,0.0178571,0.0714286,0.0508475,0.0,0.9642857,0.2542373,0.0,1.0,9.841665338892785
1282.0,0.4453978,0.0,0.2168487,0.161744,0.8471139,0.0,0.6746765,0.0036969,0.025878,0.1203252,0.0,1.0,0.2536585,0.0634921,0.9,9.615805480084347
7691.0,0.4741906,0.2188272,0.1318424,0.113996,0.8658172,0.0015603,0.6968232,0.003453,0.0393646,0.1375819,0.1868094,0.9861878,0.3403812,0.1143331,0.8333333,10.87806606028079
871.0,0.4776119,0.0,0.0390356,0.032967,0.9402985,0.0,0.8438819,0.0084388,0.0421941,0.0481928,0.0,0.978903,0.2851406,0.2850242,1.0,10.468829770273567
175.0,0.5428571,0.0,0.1142857,0.1,0.9371429,0.0,0.8225806,0.0,0.0,0.1267606,0.0,0.6451613,0.3380282,0.25,0.0,10.221977646629885
1234.0,0.4983793,0.0048622,0.0721232,0.0355412,0.923825,0.0,0.830735,0.0044543,0.0334076,0.0742268,0.0022272,1.0,0.0412371,0.1111111,0.5833333,11.282266241614355
3433.0,0.4290708,0.0605884,0.2575007,0.2306122,0.7978445,0.0128168,0.6015676,0.0052253,0.0189419,0.1369786,0.0581319,0.996081,0.2846674,0.0676417,0.5806452,10.016860879703811
18967.0,0.4907998,0.0058523,0.124743,0.0827293,0.9367849,0.0088575,0.8626382,0.0003206,0.0185927,0.0162409,0.0019234,0.9839718,0.068275,0.0710059,0.4857143,12.278397958261774
21732.0,0.4655347,0.042564,0.1993374,0.1406802,0.8517854,0.015369,0.7012915,0.003006,0.0162547,0.1364292,0.0360721,0.9802939,0.3034324,0.0953947,0.7124601,10.102379394048045
221.0,0.4479638,0.0,0.2850679,0.1557377,0.8371041,0.0,0.6989247,0.0,0.0645161,0.1982759,0.0,1.0,0.2155172,0.1333333,1.0,11.124332223082254
9302.0,0.4735541,0.0035476,0.2049022,0.1427405,0.8456246,0.0139755,0.685239,0.0029047,0.0232374,0.0422357,0.0029047,0.9878532,0.2840162,0.0676329,0.3870968,10.49684202174171
1850.0,0.4605405,0.0005405,0.1691892,0.1422846,0.8881081,0.0,0.7346369,0.0041899,0.0181564,0.1203931,0.0,0.9930168,0.1855037,0.1226994,0.6785714,10.098272780745283
3083.0,0.4703211,0.0094064,0.1628284,0.1304348,0.8040869,0.0113526,0.6205128,0.0043956,0.029304,0.0540541,0.0043956,0.992674,0.4137214,0.0303738,0.5454545,10.379752786950895
4629.0,0.4867142,0.0164182,0.1408512,0.1085859,0.8660618,0.0,0.7142052,0.0050733,0.0518602,0.0817805,0.0146561,0.9836528,0.2748447,0.0402414,0.5945946,11.834291315386718
2680.0,0.491791,0.0022388,0.0876866,0.0653451,0.9279851,0.0,0.8190091,0.0,0.0131446,0.0425944,0.0020222,0.9979778,0.2410455,0.0732984,0.6,10.623787731088578
108.0,0.537037,0.0,0.0925926,0.04,0.9074074,0.0,0.7631579,0.0,0.0263158,0.1914894,0.0,1.0,0.1276596,0.2857143,1.0,9.711176264112805
400.0,0.48,0.0,0.1175,0.1009615,0.8725,0.0,0.704698,0.0,0.0469799,0.0261438,0.0,1.0,0.2026144,0.0294118,0.0,11.112462823634855
922.0,0.4707158,0.0,0.1681128,0.125,0.8882863,0.0,0.7380282,0.0056338,0.0225352,0.1724942,0.0,0.9323944,0.3752914,0.1333333,0.5,9.83097062169695
1081.0,0.4579093,0.0,0.3052729,0.2320819,0.7890842,0.039778,0.6355748,0.0043384,0.0260304,0.0514403,0.0,1.0,0.2839506,0.0288462,1.0,10.060534035475412
36427.0,0.4904878,0.0102397,0.0554534,0.0455819,0.8918934,0.0,0.7512561,0.0015748,0.0420697,0.0382951,0.0110236,0.9850019,0.1902495,0.0351201,0.397351,11.786008995353765
60.0,0.4833333,0.0,0.2333333,0.2258065,0.85,0.0,0.6923077,0.0,0.0384615,0.2777778,0.0,1.0,0.4444444,0.0,0.3333333,9.615805480084347
7134.0,0.4599103,0.0014017,0.2380151,0.1967298,0.836277,0.0005607,0.6460206,0.001665,0.027306,0.0949367,0.000666,0.996004,0.2242315,0.0815686,0.6842105,10.207325906555994
1184.0,0.4586149,0.0126689,0.1849662,0.1123245,0.8758446,0.0,0.7268722,0.0044053,0.0374449,0.0502092,0.0066079,0.9955947,0.1757322,0.0533333,1.0,11.37940550085183
1034.0,0.4632495,0.0,0.3017408,0.209009,0.794971,0.0609284,0.6650718,0.0,0.0191388,0.0711111,0.0,0.992823,0.2088889,0.0470588,0.5,10.073272520325904
129.0,0.4728682,0.0,0.4031008,0.1764706,0.7984496,0.0,0.6451613,0.0,0.0645161,0.2790698,0.0,1.0,0.3255814,0.1428571,1.0,9.615805480084347
2736.0,0.4934211,0.0131579,0.1056287,0.0887446,0.875731,0.002924,0.7234664,0.0009737,0.0399221,0.0265403,0.0126582,0.9717624,0.3440758,0.0365535,0.5,12.65778818748478
4731.0,0.4857324,0.1105475,0.1056859,0.0846691,0.8841683,0.0124709,0.7542277,0.0022548,0.0259301,0.0687664,0.0918828,0.9926719,0.3648294,0.0907473,0.5,10.698762529141884
1164.0,0.5,0.0025773,0.088488,0.0618557,0.9390034,0.0,0.8196286,0.0,0.0079576,0.0382653,0.0026525,1.0,0.1173469,0.2142857,0.0,10.647826772357497
37121.0,0.4866518,0.0161903,0.088656,0.0780856,0.8805797,0.0299022,0.7699164,0.0014198,0.0280801,0.0411435,0.0048115,0.9818583,0.2043564,0.0368006,0.2421875,11.438212694578302
4368.0,0.4924451,0.0006868,0.1630037,0.1240415,0.7692308,0.0373168,0.6218579,0.0038251,0.0715847,0.189907,0.0016393,0.989071,0.4873838,0.0651629,0.25,10.69650269224425
4024.0,0.5077038,0.0012425,0.0810139,0.0792529,0.9177435,0.0,0.8050513,0.0071034,0.0457774,0.1614825,0.0015785,0.8547751,0.4798147,0.2037422,0.7142857,10.150386692204734
535.0,0.3869159,0.0280374,0.4168224,0.4268293,0.646729,0.2299065,0.672043,0.0053763,0.0268817,0.231405,0.0322581,1.0,0.1694215,0.0625,1.0,10.431199791458543
1679.0,0.4592019,0.0,0.2775462,0.1894273,0.8064324,0.0309708,0.6392045,0.0014205,0.0213068,0.0916129,0.0,1.0,0.2077419,0.0819672,0.7619048,9.62911649414402
617.0,0.458671,0.4538088,0.1734198,0.1556886,0.8800648,0.0,0.710084,0.0042017,0.0168067,0.2066667,0.4285714,0.9957983,0.3033333,0.1666667,0.8571429,9.615805480084347
492.0,0.4674797,0.0081301,0.245935,0.1564885,0.8841463,0.0,0.7309645,0.0050761,0.0152284,0.087963,0.0050761,1.0,0.0555556,0.0666667,0.8888889,9.933094897288786
2676.0,0.4786996,0.0026158,0.0829596,0.0666667,0.9409567,0.0,0.8423913,0.0021739,0.0119565,0.0191898,0.0032609,0.9967391,0.0938166,0.1052632,0.8571429,11.083695189061785
148.0,0.4864865,0.7027027,0.2432432,0.2105263,0.777027,0.0,0.5492958,0.0,0.0140845,0.2282609,0.6056338,1.0,0.3152174,0.0833333,0.75,9.615805480084347
1058.0,0.426276,0.4395085,0.2844991,0.2405272,0.7986767,0.0888469,0.7189873,0.0075949,0.0101266,0.1022727,0.4481013,0.9873418,0.1659091,0.0704225,0.7333333,10.21833478806055
44.0,0.4545455,0.0,0.2272727,0.2083333,0.8636364,0.0,0.6470588,0.0,0.0,0.2608696,0.0,1.0,0.2173913,0.0,0.0,9.615805480084347
805.0,0.4708075,0.1850932,0.1602484,0.1596244,0.8770186,0.0,0.7091503,0.003268,0.0261438,0.2153846,0.1895425,0.9869281,0.3948718,0.1489362,0.9,9.798182590890704
315.0,0.4412698,0.3111111,0.2444444,0.1875,0.7936508,0.0,0.5986395,0.0068027,0.0068027,0.1090909,0.2857143,0.9931973,0.3818182,0.0892857,0.0,9.69898173460629
2036.0,0.4454813,0.0004912,0.2293713,0.166519,0.8118861,0.0230845,0.6469248,0.0,0.022779,0.0910973,0.001139,0.9954442,0.4057971,0.0615836,0.3636364,10.047631185616188
874.0,0.4633867,0.1155606,0.228833,0.1769723,0.8592677,0.0,0.6826667,0.0,0.0106667,0.0530303,0.1173333,0.9973333,0.2853535,0.0727273,0.8333333,9.758519582283522
499.0,0.4869739,0.0,0.3086172,0.1054688,0.8737475,0.0,0.7455357,0.0044643,0.0178571,0.0967742,0.0,0.9955357,0.2379032,0.0961538,0.8333333,10.196194479235656
5524.0,0.4905865,0.0012672,0.1417451,0.0995025,0.8774439,0.0,0.7298165,0.003211,0.0316514,0.0546401,0.0013761,0.9954128,0.2931483,0.0301811,0.3636364,11.05723491317159
21160.0,0.4817108,0.1110113,0.1363422,0.0868971,0.9026465,0.0063327,0.794838,0.0014485,0.0364762,0.0254107,0.0969186,0.9769555,0.164271,0.0432931,0.5925926,12.035883196198768
15384.0,0.4624935,0.4559282,0.1047842,0.1094449,0.800572,0.0898986,0.7122081,0.002458,0.0442442,0.0498248,0.3918476,0.993855,0.3499416,0.1254672,0.4814815,10.488520429241627
372.0,0.4811828,0.0,0.25,0.1658031,0.8467742,0.0,0.6582278,0.0,0.0189873,0.0538922,0.0,1.0,0.2694611,0.0,0.3333333,9.615805480084347
964.0,0.4802905,0.0010373,0.1452282,0.0898204,0.8371369,0.0280083,0.716763,0.0202312,0.0549133,0.0846561,0.0,0.982659,0.3439153,0.1730769,0.0,10.736418414365376
611.0,0.4680851,0.0,0.1423895,0.1261538,0.9067103,0.0,0.7866109,0.0041841,0.0251046,0.1048689,0.0,0.9958159,0.3782772,0.1111111,0.6666667,9.923339198238729
797.0,0.4742785,0.0012547,0.1442911,0.0930788,0.9058971,0.0,0.7835052,0.0034364,0.0343643,0.03,0.0034364,1.0,0.1466667,0.0638298,0.5,10.428245666832275
33946.0,0.4766099,0.0043893,0.1710364,0.1205606,0.917192,0.0009721,0.7944477,0.0010126,0.0215172,0.0258118,0.0030377,0.9654881,0.1707357,0.0729306,0.4358974,12.00579687207606
1840.0,0.4967391,0.0369565,0.0146739,0.0107991,0.4228261,0.0,0.2805085,0.0050847,0.1694915,0.0859799,0.0389831,0.9923729,0.8164214,0.0017794,0.0,11.156264806643742
131.0,0.4732824,0.0,0.1679389,0.1304348,0.8396947,0.0,0.6363636,0.0,0.0181818,0.2142857,0.0,1.0,0.3714286,0.1428571,1.0,9.615805480084347
9759.0,0.4497387,0.4089558,0.1398709,0.1221601,0.8814428,0.0062506,0.7324294,0.0033204,0.0296071,0.0811086,0.365523,0.9919757,0.4510552,0.1351631,0.3666667,10.534785924769006
603.0,0.4759536,0.0,0.2238806,0.1234177,0.8723051,0.0,0.7078189,0.0041152,0.0205761,0.0898876,0.0,1.0,0.2696629,0.15625,0.5,9.77571099759397
151.0,0.5761589,0.0,0.0397351,0.140625,0.8807947,0.0,0.7045455,0.0227273,0.0681818,0.3125,0.0,1.0,0.890625,0.1851852,0.0,9.615805480084347
3425.0,0.480292,0.020438,0.1048175,0.0938202,0.8925547,0.0,0.7464316,0.0058774,0.0411419,0.0532591,0.0176322,0.9874055,0.1589825,0.171875,0.3076923,11.0186455364637
1416.0,0.4844633,0.0190678,0.2161017,0.1684932,0.8615819,0.0,0.6921769,0.0,0.0204082,0.0470016,0.0153061,0.9965986,0.2528363,0.0406504,0.5,10.211009016314167
8814.0,0.4615385,0.2797822,0.2072839,0.1643489,0.8191514,0.0508282,0.7036922,0.0024822,0.0440583,0.0885181,0.2330127,0.9782811,0.3438914,0.1089109,0.7021277,11.518917476956224
60.0,0.5166667,0.0,0.25,0.0344828,0.9833333,0.0,0.952381,0.0,0.0,0.4,0.0,1.0,0.5142857,0.5,1.0,9.615805480084347
1516.0,0.4848285,0.0065963,0.1088391,0.0921895,0.8674142,0.0046174,0.7280265,0.0033167,0.0464345,0.0382775,0.0016584,0.9718076,0.323764,0.0436681,0.3333333,11.259335592686217
663.0,0.4720965,0.0,0.2564103,0.18,0.826546,0.0,0.6313993,0.0,0.0136519,0.1928375,0.0,1.0,0.3002755,0.0862069,0.8888889,9.686636660844938
135.0,0.5259259,0.0,0.1481481,0.0625,0.8888889,0.0,0.7115385,0.0,0.0,0.1186441,0.0,1.0,0.2711864,0.1666667,0.5,9.615805480084347
127.0,0.519685,0.0,0.0629921,0.0819672,0.8503937,0.0,0.5952381,0.0,0.047619,0.1428571,0.0,0.9761905,0.8571429,0.1333333,0.0,10.616461869895815
492.0,0.5142276,0.0,0.0365854,0.041841,0.9308943,0.0,0.7819549,0.0,0.037594,0.16875,0.0,1.0,0.73125,0.2195122,0.0,10.736418414365376
7425.0,0.6261279,0.2012121,0.0010774,0.0028818,0.7156902,0.280404,0.9824324,0.0006757,0.0013514,0.0852905,0.1952703,0.9263514,0.2027194,0.2110799,0.0,11.119897691565697
26183.0,0.4955887,0.0036283,0.1288622,0.0856364,0.8760264,0.0059581,0.7466445,0.004548,0.0626733,0.0621099,0.0038824,0.8728785,0.244382,0.2284768,0.2363636,12.138869243416009
284.0,0.4542254,0.0,0.2077465,0.1935484,0.75,0.0,0.5365854,0.0325203,0.0569106,0.1907895,0.0,1.0,0.3289474,0.03125,1.0,9.942756341456828
14.0,0.7142857,0.0,0.1428571,0.5,0.7142857,0.0,0.6,0.0,0.2,0.2857143,0.0,1.0,0.5714286,0.0,0.0,0.0
869.0,0.452244,0.0,0.1726122,0.1470588,0.8596087,0.0,0.6791908,0.0,0.0289017,0.0894737,0.0,1.0,0.2447368,0.0916667,0.6,10.16203685698089
53884.0,0.4730718,0.0418492,0.1527355,0.1170711,0.7906985,0.0129166,0.6131563,0.0022353,0.075544,0.0558212,0.0401898,0.9792893,0.4542361,0.0544972,0.4495413,11.842955566958302
6368.0,0.4720477,0.3063756,0.174309,0.1576443,0.8702889,0.0303078,0.7444877,0.0030264,0.0146995,0.1301241,0.283182,0.9835711,0.2952238,0.149492,0.6153846,10.25769445336048
829.0,0.4764777,0.0,0.1821472,0.1474654,0.8528347,0.0868516,0.8023715,0.0,0.0,0.023166,0.0,1.0,0.0810811,0.125,0.0,10.827766295132466
98.0,0.5102041,0.0,0.2653061,0.0416667,0.8877551,0.0,0.7179487,0.0,0.0,0.2641509,0.0,1.0,0.3018868,0.1428571,0.0,9.615805480084347
215.0,0.4883721,0.0,0.1348837,0.0636364,0.8697674,0.0,0.7468354,0.0,0.0759494,0.0365854,0.0,0.9873418,0.304878,0.1176471,1.0,9.615805480084347
253.0,0.4822134,0.0316206,0.1778656,0.129771,0.9051383,0.0,0.77,0.0,0.01,0.1803279,0.04,0.98,0.2868852,0.0833333,0.6666667,10.318935994253193
31896.0,0.5085277,0.0059882,0.1004201,0.0637918,0.7930148,0.0110045,0.6533344,0.0041729,0.1146366,0.1339834,0.0055114,0.9135501,0.3201964,0.0920927,0.2671756,12.478771782289911
378.0,0.4550265,0.2936508,0.2301587,0.1650485,0.8783069,0.0,0.7169811,0.0,0.0062893,0.0862069,0.245283,0.9937107,0.2298851,0.0294118,0.75,10.12667110305036
10527.0,0.4872233,0.0028498,0.1751686,0.0879956,0.9009214,0.0,0.7675335,0.0026267,0.0302075,0.0317904,0.0026267,0.9831889,0.1932859,0.1315496,0.3571429,11.094390314766315
553.0,0.4575045,0.0,0.3725136,0.2666667,0.7432188,0.1229656,0.6711712,0.0,0.0045045,0.0788382,0.0,0.9954955,0.2821577,0.0,1.0,9.642187721358466
232.0,0.4741379,0.0258621,0.1810345,0.1803279,0.9224138,0.0,0.7906977,0.0,0.0,0.0947368,0.0116279,0.9883721,0.1368421,0.1176471,0.5,10.367253014814716
7298.0,0.4734174,0.0428885,0.1470266,0.1137132,0.8805152,0.0211017,0.7789841,0.001551,0.0449787,0.0692891,0.0426522,0.9872043,0.1562613,0.1,0.3636364,11.415323661400773
1410.0,0.4617021,0.012766,0.1631206,0.1422925,0.8765957,0.0,0.7285714,0.0107143,0.0214286,0.1654247,0.0089286,0.9964286,0.2995529,0.1193182,0.7857143,10.146472946063877
24426.0,0.4694997,0.0561287,0.1606894,0.13428,0.8075821,0.0199378,0.6298023,0.0036493,0.0449062,0.049065,0.0484541,0.9867207,0.3365144,0.0571757,0.3953488,10.601647149919609
219.0,0.4885845,0.0,0.3105023,0.1875,0.7853881,0.0,0.5809524,0.0,0.0285714,0.1666667,0.0,1.0,0.2142857,0.0769231,1.0,9.615805480084347
725.0,0.5062069,0.0,0.1324138,0.0837989,0.8868966,0.0,0.7436823,0.0036101,0.0397112,0.0827815,0.0,0.9891697,0.2152318,0.1408451,0.625,10.614007941153417
221.0,0.479638,0.0,0.2579186,0.1391304,0.8099548,0.0,0.6039604,0.0,0.009901,0.0900901,0.0,1.0,0.2072072,0.0,0.0,9.615805480084347
5721.0,0.4785877,0.0027967,0.1492746,0.0774388,0.9318301,0.0,0.833581,0.0004953,0.0198118,0.0480905,0.0029718,0.99158,0.0377181,0.057971,0.6956522,12.166817131771358
824.0,0.4769417,0.1104369,0.1407767,0.1136891,0.8956311,0.0,0.7385621,0.0,0.0196078,0.0613497,0.1143791,0.996732,0.3711656,0.0769231,0.5,10.188704088048116
2270.0,0.4810573,0.0017621,0.1621145,0.1349745,0.8185022,0.0154185,0.654013,0.0097614,0.0488069,0.0274262,0.0032538,0.9934924,0.2605485,0.0436364,0.0,10.795506083434564
18583.0,0.4912554,0.0352473,0.1410967,0.0845145,0.8619168,0.0029059,0.713488,0.0042955,0.0536942,0.0809317,0.0312142,0.8732818,0.3986051,0.1330981,0.1764706,11.662215780913316
24414.0,0.4703858,0.0058163,0.1239043,0.1094354,0.7120095,0.125297,0.6363333,0.0027846,0.0559145,0.0338965,0.0038984,0.9899755,0.363607,0.0377644,0.4375,10.916923143796645
2212.0,0.4611212,0.2988246,0.1387884,0.1409396,0.8779385,0.0307414,0.7524339,0.0041725,0.0222531,0.0944584,0.2809458,0.8539638,0.3476071,0.196,0.7777778,10.354595018522993
300.0,0.4866667,0.0,0.14,0.0714286,0.9433333,0.0,0.8247423,0.0,0.0,0.4012346,0.0,1.0,0.2407407,0.25,0.952381,9.770013301136158
6404.0,0.5103061,0.0084322,0.0743285,0.0503827,0.9387883,0.0098376,0.8695652,0.010712,0.0441084,0.042245,0.0119723,0.6118463,0.3584792,0.419426,0.7272727,12.035883196198768
1246.0,0.4735152,0.0032103,0.2279294,0.1631098,0.8699839,0.0,0.7029126,0.0019417,0.0135922,0.1226576,0.0019417,0.9961165,0.1788756,0.0588235,0.6923077,10.114599007626499
6997.0,0.4403316,0.3671574,0.2015149,0.1736466,0.8326426,0.0311562,0.6833631,0.0017889,0.0203936,0.0674007,0.329517,0.9942755,0.291625,0.081,0.5833333,10.278527816830314
37352.0,0.4829193,0.0029717,0.1298726,0.0862587,0.8672628,0.0127972,0.7361378,0.0049114,0.044843,0.0450003,0.0019218,0.9492491,0.2716335,0.0904799,0.3854167,11.031674824544641
1704.0,0.5158451,0.0017606,0.0610329,0.0412121,0.9401408,0.0088028,0.8440171,0.0042735,0.0192308,0.1552347,0.0,0.9871795,0.2400722,0.2475248,0.9655172,10.594156665220533
596.0,0.488255,0.0,0.1795302,0.1245902,0.8422819,0.0,0.664,0.004,0.036,0.1071429,0.0,0.988,0.4,0.097561,1.0,10.27163147557801
774.0,0.4870801,0.0116279,0.1950904,0.1032746,0.9134367,0.0,0.8107143,0.0,0.0464286,0.0728477,0.0071429,0.8928571,0.0430464,0.125,0.0,12.625772622110356
1722.0,0.4790941,0.004065,0.1614402,0.115942,0.8565621,0.0267131,0.7258806,0.0045942,0.0260337,0.0563584,0.0030628,0.9938744,0.3179191,0.0851064,0.5714286,10.379752786950895
493.0,0.4787018,0.0,0.1338742,0.0700389,0.9066937,0.0,0.7771739,0.0,0.0271739,0.0315789,0.0,0.9836957,0.3263158,0.0983607,0.0,10.502351525774941
710.0,0.4901408,0.0014085,0.2239437,0.1325967,0.8704225,0.0,0.7090301,0.0033445,0.0167224,0.0884146,0.0,0.993311,0.2378049,0.0655738,0.7142857,9.717218213494077
863.0,0.4716107,0.428737,0.2085747,0.1973684,0.7392816,0.161066,0.7471698,0.0113208,0.0490566,0.1770186,0.3622642,0.9849057,0.3726708,0.1038961,0.6666667,10.354595018522993
628088.0,0.4726042,0.3045035,0.1244173,0.0978805,0.7881857,0.0291886,0.6216804,0.0040617,0.0737341,0.0537521,0.2519997,0.9563524,0.3851985,0.1076488,0.410756,10.62135173563291
9952.0,0.4502613,0.0040193,0.1369574,0.0910254,0.7172428,0.1198754,0.6567774,0.0054437,0.0688623,0.0293263,0.002994,0.9931954,0.3247028,0.0459184,0.2352941,11.1154434073529
259.0,0.4362934,0.3899614,0.1930502,0.0821918,0.8301158,0.0,0.6454545,0.0,0.0454545,0.1970803,0.3181818,0.9909091,0.459854,0.1111111,0.0,10.379752786950895
1218.0,0.4942529,0.0,0.0985222,0.0779221,0.9228243,0.0,0.7981439,0.0046404,0.0116009,0.1345382,0.0,0.9883991,0.4317269,0.1081081,0.8,9.781376414141157
523.0,0.499044,0.001912,0.1797323,0.0763359,0.8814532,0.0,0.7561983,0.0,0.0123967,0.8736292,0.0,1.0,0.2605744,0.0714286,0.4090909,11.600029337681997
558.0,0.5,0.421147,0.1505376,0.1182796,0.9050179,0.0,0.7435897,0.0,0.0153846,0.2669173,0.3589744,0.9897436,0.3909774,0.1904762,0.0,9.615805480084347
345.0,0.5014493,0.0,0.1304348,0.127907,0.8666667,0.0,0.6953125,0.0,0.0546875,0.1172414,0.0,1.0,0.1931034,0.1666667,0.0,10.537441898283253
684.0,0.4839181,0.0,0.1008772,0.0679887,0.9137427,0.0,0.7966102,0.0,0.0381356,0.0852713,0.0,1.0,0.1937984,0.0338983,1.0,9.966509298952284
7976.0,0.4612588,0.0011284,0.2033601,0.1533628,0.7942578,0.0456369,0.6487985,0.0030807,0.0357363,0.039645,0.0006161,0.9969193,0.3733728,0.0333626,0.3076923,10.515993929932415
140.0,0.4357143,0.4214286,0.2214286,0.164557,0.8357143,0.0,0.6166667,0.0,0.0,0.1044776,0.3333333,1.0,0.2238806,0.0666667,0.0,9.615805480084347
32618.0,0.4758722,0.148323,0.1663805,0.1323701,0.7878165,0.0593231,0.6604428,0.0050421,0.0389191,0.0933571,0.1340897,0.9758134,0.3425714,0.0762297,0.591954,10.081675578048475
341.0,0.4750733,0.1554252,0.1935484,0.1620112,0.8387097,0.0,0.6597222,0.0,0.0347222,0.2299465,0.1736111,0.9930556,0.342246,0.1,0.8,9.615805480084347
151.0,0.5231788,0.0,0.1390728,0.1111111,0.7218543,0.0,0.5416667,0.0138889,0.1111111,0.1627907,0.0,1.0,0.5232558,0.0,1.0,9.966509298952284
361.0,0.468144,0.0,0.1551247,0.09375,0.8698061,0.0,0.7042254,0.0,0.028169,0.0897436,0.0,1.0,0.3846154,0.0714286,0.4,9.99884318585288
5494.0,0.4472151,0.0671642,0.1672734,0.1412578,0.6161267,0.2340735,0.6308263,0.001589,0.0497881,0.0588235,0.0572034,0.9952331,0.3998006,0.0522946,0.375,10.32551474894327
40552.0,0.4682137,0.1721987,0.1733577,0.1251101,0.7677303,0.0527224,0.6248537,0.0041259,0.0494489,0.092844,0.1444054,0.9741979,0.3441149,0.0809408,0.626556,10.370392636243981
1115.0,0.4834081,0.0,0.1201794,0.0954861,0.8860987,0.0,0.7274939,0.0024331,0.0316302,0.0352113,0.0,0.9975669,0.3004695,0.0957447,0.75,10.085850775128717
3243.0,0.4505088,0.0030836,0.2355843,0.1722783,0.8048104,0.0835646,0.7346251,0.0067397,0.031171,0.036526,0.0016849,0.9949452,0.2150974,0.0524017,0.3333333,10.298935994257638
2872.0,0.4745822,0.0010446,0.1761838,0.1159708,0.8753482,0.0,0.7225806,0.0036866,0.0423963,0.0364121,0.0018433,0.9474654,0.3001776,0.1690821,0.1818182,11.409795792463761
1876.0,0.4909382,0.0,0.2409382,0.1308901,0.8123667,0.0,0.6681514,0.0022272,0.0545657,0.7204234,0.0,0.9988864,0.6839975,0.0489796,0.2898551,10.67130147767883
2127.0,0.5091678,0.0018806,0.0568876,0.0373563,0.9727315,0.0,0.9008811,0.0044053,0.0198238,0.0521921,0.0022026,0.4427313,0.5093946,0.5,0.7142857,11.766023856597407
13547.0,0.4792943,0.0120322,0.1184026,0.0939892,0.4807707,0.2146601,0.4927134,0.0030072,0.2077261,0.0475876,0.011566,0.9951423,0.4421679,0.1174258,0.4615385,10.61890979160975
5759.0,0.4775135,0.0081611,0.1764195,0.1399136,0.8534468,0.0206633,0.7072072,0.0013514,0.0274775,0.0322581,0.0072072,0.9914414,0.2292938,0.02,0.1818182,12.026353699006034
3659.0,0.5326592,0.002733,0.0289697,0.0210526,0.5389451,0.0098388,0.4113095,0.0017857,0.2607143,0.7246804,0.0017857,0.9708333,0.5580138,0.0322581,0.1290323,11.968456114085114
1140.0,0.4570175,0.1105263,0.1350877,0.1211632,0.8964912,0.0,0.75,0.0046729,0.0186916,0.1247444,0.0771028,0.9883178,0.2985685,0.1339286,0.6111111,10.30229722897745
54844.0,0.4535957,0.0674641,0.1988367,0.1652151,0.7388775,0.0548829,0.5900764,0.0023058,0.0541441,0.1220289,0.0638371,0.99573,0.3408188,0.0509301,0.6881497,10.416341118636355
7232.0,0.4857577,0.0210177,0.1153208,0.0881958,0.8779038,0.0127212,0.7600324,0.0024321,0.0518849,0.0518832,0.0170247,0.95379,0.2897771,0.0928218,0.2857143,11.780667550692455
159.0,0.490566,0.0,0.1383648,0.0864198,0.8553459,0.0,0.71875,0.015625,0.046875,0.0724638,0.0,0.984375,0.1304348,0.1,1.0,9.97119292889014
6227.0,0.4917296,0.0122049,0.0183074,0.021169,0.957604,0.0,0.8840812,0.0026709,0.0219017,0.0105708,0.0128205,0.9807692,0.0724101,0.12,0.6666667,11.358619773129229
1394.0,0.4677188,0.0021521,0.3342898,0.1509434,0.8457676,0.0,0.7044728,0.0047923,0.0383387,0.1806283,0.0015974,0.9872204,0.4267016,0.1011236,0.4705882,10.55843949396453
152.0,0.5328947,0.4802632,0.1907895,0.1126761,0.8815789,0.0,0.7213115,0.0,0.0163934,0.115942,0.4262295,1.0,0.2753623,0.2222222,0.0,9.966509298952284
1547.0,0.4583064,0.0,0.2243051,0.1968974,0.782159,0.0478345,0.6163522,0.0,0.0283019,0.1042254,0.0,0.9795597,0.4760563,0.0691057,0.4615385,10.36410350510914
960.0,0.4458333,0.0,0.265625,0.2462406,0.7739583,0.05625,0.6222222,0.0049383,0.017284,0.0732265,0.0,0.9975309,0.1830664,0.0987654,0.5555556,9.980494888896912
75494.0,0.5174054,0.2089702,0.0712507,0.0696896,0.8114022,0.0913715,0.7653093,0.004127,0.0403663,0.079589,0.1925949,0.9700102,0.3334057,0.0848648,0.2631579,10.75579427616868
715.0,0.4545455,0.4461538,0.1356643,0.1358974,0.9034965,0.0,0.765873,0.0079365,0.0238095,0.0836364,0.3849206,1.0,0.3127273,0.1,0.0,10.27163147557801
1155.0,0.4848485,0.0025974,0.1584416,0.1310924,0.834632,0.0,0.6527197,0.0041841,0.041841,0.1672474,0.0,0.9309623,0.3954704,0.0846154,0.5555556,10.392098241730961
9942.0,0.4573526,0.068095,0.1909073,0.1468026,0.8239791,0.0147858,0.6507707,0.0026493,0.0293834,0.1231257,0.0626204,0.9751927,0.2690602,0.0741007,0.496124,9.961803629358965
1830.0,0.4907104,0.0010929,0.1540984,0.1309013,0.7923497,0.0163934,0.6025,0.00125,0.0375,0.1071429,0.00125,0.98125,0.34375,0.0323625,0.7,10.308985993422082
214.0,0.5,0.0,0.1308411,0.0747664,0.8551402,0.0,0.7283951,0.0123457,0.0864198,0.1290323,0.0,0.9876543,0.3010753,0.1666667,0.0,10.389026137075234
1174.0,0.4633731,0.048552,0.2555366,0.2333333,0.8168654,0.0212947,0.6583493,0.0019194,0.0191939,0.0843585,0.0556622,0.9980806,0.427065,0.0666667,0.6666667,9.99884318585288
549.0,0.4553734,0.0,0.2003643,0.1839465,0.8360656,0.0,0.6363636,0.0,0.0082645,0.093633,0.0,1.0,0.411985,0.0434783,0.6666667,9.961803629358965
1247.0,0.4963913,0.0112269,0.0713713,0.0461783,0.9278268,0.0032077,0.8380952,0.002381,0.0333333,0.1213389,0.0047619,0.9190476,0.3096234,0.1176471,0.8181818,10.742918838113225
113.0,0.5132743,0.0,0.1061947,0.0363636,0.9115044,0.0,0.825,0.0,0.075,0.047619,0.0,1.0,0.1190476,0.0,1.0,10.521399202410167
9772.0,0.4661277,0.0045027,0.1471551,0.115967,0.8034179,0.0,0.6092204,0.0026551,0.0605841,0.0411942,0.0033792,0.9946898,0.2411479,0.0295287,0.5,10.643064971973882
182.0,0.5054945,0.0,0.1703297,0.0777778,0.8901099,0.0,0.7605634,0.0,0.0422535,0.0779221,0.0,1.0,0.3246753,0.1111111,0.0,9.841665338892785
1951.0,0.4869298,0.0,0.062532,0.03996,0.9743721,0.0015377,0.9006772,0.0022573,0.006772,0.1068548,0.0,0.0293454,0.6189516,0.5,1.0,9.615805480084347
727.0,0.4855571,0.0013755,0.1292985,0.0855615,0.9160935,0.0,0.8015873,0.0079365,0.0238095,0.080292,0.0,0.984127,0.2153285,0.1190476,0.5,9.937937287265354
630.0,0.515873,0.068254,0.1047619,0.1016393,0.9,0.0,0.7465438,0.0092166,0.0322581,0.1106557,0.0691244,0.7788018,0.2581967,0.2535211,0.8333333,10.445840912706414
479.0,0.4718163,0.0,0.2254697,0.1343874,0.8726514,0.0,0.7114428,0.0,0.0149254,0.0242718,0.0,1.0,0.1359223,0.0930233,0.0,10.367253014814716
2245.0,0.4583519,0.4895323,0.1545657,0.1447368,0.8668151,0.0160356,0.6970443,0.0,0.0197044,0.1164309,0.4224138,0.9950739,0.297062,0.2016807,0.7272727,10.243560441877241
33.0,0.4242424,0.0,0.4242424,0.3684211,0.4848485,0.4545455,0.7142857,0.0,0.0,0.0,0.0,1.0,0.0,0.0,0.0,11.174665631549477
2340.0,0.4970085,0.0,0.141453,0.1002549,0.8619658,0.0128205,0.7301587,0.0034014,0.0521542,0.0189099,0.0,0.9897959,0.3581758,0.0590278,0.5,11.033291613631048
2371.0,0.4997891,0.0037959,0.0366934,0.0413153,0.9877689,0.0,0.9518519,0.0018519,0.0018519,0.1743119,0.0018519,0.0166667,0.5428135,0.4375,0.75,9.615805480084347
388.0,0.4896907,0.0335052,0.0798969,0.0656566,0.8994845,0.0,0.7862595,0.0076336,0.0458015,0.070922,0.0152672,0.9465649,0.3404255,0.1363636,1.0,10.515993929932415
2070.0,0.4850242,0.0048309,0.1570048,0.1013133,0.894686,0.0,0.7493404,0.005277,0.0290237,0.0744811,0.005277,0.9986807,0.1477411,0.1360544,0.4545455,10.146472946063877
587.0,0.4735945,0.4105622,0.1294719,0.1197411,0.8722317,0.0,0.6954545,0.0045455,0.0318182,0.12,0.3454545,0.9954545,0.328,0.1147541,1.0,10.077482875583607
102.0,0.5,0.745098,0.1470588,0.254902,0.872549,0.0,0.7027027,0.027027,0.027027,0.244898,0.6216216,1.0,0.1632653,0.1818182,0.0,10.268165387743457
2935.0,0.5001704,0.0132879,0.0947189,0.0572597,0.9332198,0.0,0.8490196,0.0,0.0362745,0.0538033,0.0137255,0.9441176,0.1437848,0.0657895,0.5,12.366493625870792
285.0,0.4561404,0.0,0.1157895,0.1225806,0.8421053,0.0350877,0.7053571,0.0,0.0178571,0.0894309,0.0,0.9821429,0.300813,0.1470588,1.0,9.615805480084347
650.0,0.46,0.0015385,0.2569231,0.2250712,0.8030769,0.0,0.5918367,0.0034014,0.0204082,0.1623932,0.0,1.0,0.3703704,0.0641026,0.9545455,9.893487720457795
1504.0,0.4906915,0.0033245,0.2692819,0.1253264,0.8071809,0.0006649,0.6415929,0.0014749,0.0530973,0.5863331,0.0014749,1.0,0.2684564,0.0769231,0.7894737,11.92504173829169
563.0,0.4795737,0.0017762,0.1136767,0.0682594,0.9058615,0.0,0.7934272,0.0046948,0.0328638,0.0533333,0.0,1.0,0.2888889,0.1066667,0.0,10.789339695269716
3245.0,0.4212635,0.7004622,0.1855162,0.201278,0.8533128,0.0348228,0.6866792,0.0028143,0.0206379,0.0379061,0.6022514,0.9962477,0.3429603,0.2032086,0.0,10.188704088048116
1115.0,0.4520179,0.0008969,0.2869955,0.2454992,0.7793722,0.0457399,0.6129707,0.0041841,0.0167364,0.1701389,0.0020921,0.9895397,0.3350694,0.0826446,0.84,9.615805480084347
56.0,0.5714286,0.0178571,0.0,0.0416667,0.875,0.0,0.7391304,0.0,0.0434783,0.3030303,0.0,0.9130435,0.8787879,0.0,0.0,9.615805480084347
1049.0,0.4957102,0.0076263,0.171592,0.0964083,0.900858,0.0,0.7719298,0.0025063,0.0300752,0.0431655,0.0100251,0.9924812,0.1055156,0.1323529,0.0,10.526775414924009
441.0,0.4920635,0.0,0.2630385,0.2008929,0.8027211,0.0,0.6071429,0.0102041,0.0408163,0.1050228,0.0,1.0,0.4063927,0.04,0.9,9.857495968685136
37960.0,0.5019231,0.0383298,0.0652792,0.0491881,0.7626976,0.0040306,0.5846978,0.008556,0.1074111,0.0708076,0.0311461,0.9718084,0.5351178,0.0532243,0.1904762,11.340962076644454
244.0,0.4713115,0.295082,0.2213115,0.2093023,0.8688525,0.0,0.6960784,0.0,0.0098039,0.1774194,0.2058824,0.9901961,0.2580645,0.0,0.75,9.918425424900335
71428.0,0.4799238,0.0291202,0.1723274,0.1225638,0.7639441,0.0689086,0.661398,0.0029338,0.0594836,0.0427578,0.0250843,0.9011295,0.2880362,0.0823928,0.4638298,11.134603622683905
362.0,0.5248619,0.0027624,0.2348066,0.1046512,0.7541436,0.0027624,0.5941176,0.0058824,0.1058824,0.15,0.0,0.9823529,0.43,0.0483871,0.0,11.602775309696066
2952.0,0.5101626,0.0298103,0.1070461,0.0899032,0.8448509,0.0030488,0.7554028,0.0039293,0.0913556,0.0116505,0.0206287,0.975442,0.0660194,0.259542,0.5,11.60733523953139
685.0,0.4656934,0.0,0.1445255,0.1612022,0.8554745,0.0,0.6792453,0.0037736,0.0377358,0.0862069,0.0,1.0,0.2344828,0.1666667,0.0,10.225607282932941
6386.0,0.4530222,0.4232697,0.2331663,0.205554,0.8103664,0.0377388,0.6403021,0.0027822,0.0194754,0.1655058,0.3744038,0.9149444,0.3598673,0.133547,0.6847826,9.781376414141157
725.0,0.4675862,0.0,0.1503448,0.1165803,0.862069,0.0,0.6766917,0.0037594,0.0300752,0.1103679,0.0,0.4285714,0.3444816,0.1647059,0.3333333,10.288783966353765
95.0,0.5684211,0.0,0.0947368,0.0487805,0.8526316,0.0,0.675,0.0,0.025,0.1836735,0.0,1.0,0.1020408,0.0,0.0,9.966509298952284
1552.0,0.4729381,0.0025773,0.3356959,0.2738386,0.7287371,0.0541237,0.5462185,0.0014006,0.0140056,0.1217712,0.0028011,0.9887955,0.3431734,0.0116959,1.0,9.615805480084347
5957.0,0.4784287,0.0057076,0.159812,0.1091085,0.856975,0.0,0.689699,0.0042391,0.0377279,0.0264135,0.004663,0.976685,0.3437887,0.0574837,0.3333333,11.480412603789821
2091.0,0.4768054,0.0028694,0.1936872,0.1343693,0.8962219,0.0033477,0.7559748,0.0012579,0.0188679,0.0340219,0.0012579,0.9974843,0.0826245,0.0983607,0.5714286,11.021918808236205
3009.0,0.4602858,0.0003323,0.1335992,0.1182266,0.8454636,0.0249252,0.704287,0.0069991,0.0341207,0.0459098,0.0,0.9650044,0.263773,0.0845921,0.3333333,10.275085591132715
5698.0,0.4454194,0.0,0.8025623,0.2322785,0.8237978,0.0,0.7064417,0.0,0.0144172,0.2327606,0.0,0.9966258,0.6773358,0.0,0.4752475,10.905974329106854
265.0,0.4528302,0.0,0.1735849,0.1448276,0.8792453,0.0,0.7142857,0.0,0.0190476,0.0948276,0.0,1.0,0.1810345,0.2352941,0.0,9.90353755128617
458.0,0.3973799,0.4672489,0.2729258,0.2318841,0.7663755,0.1310044,0.7383721,0.0,0.0116279,0.0947368,0.4244186,1.0,0.3,0.0909091,0.0,10.389026137075234
9579.0,0.465915,0.000522,0.181543,0.1376075,0.8221109,0.0371646,0.6749454,0.0008188,0.0332969,0.0304313,0.0005459,0.9967249,0.2770574,0.0499076,0.2142857,10.568775236216993
66467.0,0.4716626,0.1213835,0.1565438,0.1149016,0.824364,0.0137211,0.6631653,0.0044753,0.0481932,0.0684285,0.1024152,0.9941931,0.3447611,0.0690909,0.598338,10.236417809461043
977.0,0.482088,0.1248721,0.1095189,0.0849802,0.8444217,0.0,0.6888298,0.0132979,0.0585106,0.0456853,0.1090426,0.9787234,0.1878173,0.1145038,0.3333333,10.841559345471941
306.0,0.5098039,0.0,0.1503268,0.1133333,0.9052288,0.0,0.7787611,0.0088496,0.0265487,0.0887097,0.0,1.0,0.2822581,0.0909091,0.0,9.75272280064639
6198.0,0.5088738,0.0135528,0.1329461,0.0795007,0.8644724,0.0053243,0.7041828,0.0008624,0.0487279,0.0966108,0.0159552,0.9711082,0.3747565,0.030303,0.6,11.675902789388996
